---> Week : 0
--> Day : 0
-> Request 0
279
(1, 1, 1)
1
(15, 59)
-> Request 1
343
(3, 1, 2)
3
(30, 37)
-> Request 2
447
(4, 3, 2)
3
(42, 9)
-> Request 3
493
(1, 2, 1)
2
(25, 36)
-> Request 4
699
(2, 2, 2)
2
(66, 18)
-> Request 5
711
(3, 1, 1)
1
(77, 11)
-> Request 6
864
(1, 1, 2)
2
(27, 51)
-> Request 7
996
(2, 2, 2)
1
(19, 6)
--> Day : 1
-> Request 0
99
(4, 3, 2)
2
(9, 64)
-> Request 1
171
(4, 2, 2)
3
(7, 61)
-> Request 2
176
(1, 3, 2)
1
(14, 40)
-> Request 3
260
(3, 2, 2)
1
(50, 61)
-> Request 4
377
(2, 1, 2)
2
(27, 63)
-> Request 5
385
(2, 3, 2)
2
(35, 71)
-> Request 6
392
(1, 1, 2)
1
(51, 73)
-> Request 7
483
(3, 1, 1)
3
(28, 49)
-> Request 8
991
(3, 1, 2)
1
(22, 29)
-> Request 9
1225
(4, 3, 1)
3
(56, 23)
-> Request 10
1299
(1, 3, 2)
2
(46, 64)
-> Request 11
1325
(4, 2, 1)
3
(26, 1)
--> Day : 2
-> Request 0
305
(1, 3, 2)
1
(14, 43)
-> Request 1
718
(3, 1, 2)
1
(43, 9)
-> Request 2
1059
(1, 2, 2)
2
(51, 64)
-> Request 3
1195
(4, 1, 1)
2
(56, 74)
-> Request 4
1345
(1, 1, 2)
3
(29, 64)
-> Request 5
1388
(1, 1, 2)
2
(7, 7)
--> Day : 3
-> Request 0
126
(1, 3, 2)
2
(35, 58)
-> Request 1
225
(3, 2, 2)
3
(24, 45)
-> Request 2
241
(3, 3, 1)
3
(56, 66)
-> Request 3
453
(2, 1, 1)
3
(66, 46)
-> Request 4
498
(1, 3, 2)
3
(19, 34)
-> Request 5
938
(3, 2, 2)
1
(54, 41)
--> Day : 4
-> Request 0
633
(1, 2, 2)
2
(38, 46)
-> Request 1
667
(1, 2, 1)
3
(64, 40)
-> Request 2
747
(2, 1, 1)
3
(13, 39)
-> Request 3
1026
(4, 2, 1)
2
(76, 53)
-> Request 4
1028
(2, 2, 2)
3
(62, 28)
-> Request 5
1351
(1, 1, 1)
3
(55, 32)
-> Request 6
1432
(4, 1, 2)
3
(24, 32)
---> Week : 1
--> Day : 0
-> Request 0
43
(1, 2, 1)
1
(45, 44)
-> Request 1
50
(1, 1, 1)
2
(28, 33)
-> Request 2
164
(4, 2, 2)
1
(1, 25)
-> Request 3
201
(4, 2, 2)
2
(0, 6)
-> Request 4
1125
(4, 2, 1)
2
(4, 7)
-> Request 5
1156
(2, 3, 2)
1
(50, 21)
--> Day : 1
-> Request 0
169
(1, 2, 1)
1
(58, 34)
-> Request 1
252
(1, 3, 2)
1
(33, 43)
-> Request 2
528
(2, 1, 1)
2
(10, 37)
-> Request 3
638
(2, 2, 2)
3
(29, 30)
-> Request 4
672
(3, 2, 2)
3
(53, 73)
-> Request 5
744
(4, 2, 1)
2
(18, 48)
-> Request 6
922
(4, 3, 2)
2
(26, 61)
-> Request 7
1136
(1, 1, 2)
2
(78, 32)
-> Request 8
1208
(3, 2, 2)
2
(27, 51)
-> Request 9
1247
(4, 3, 2)
3
(52, 29)
-> Request 10
1261
(4, 3, 1)
1
(68, 46)
-> Request 11
1363
(2, 1, 2)
1
(71, 51)
--> Day : 2
-> Request 0
101
(1, 3, 2)
1
(21, 21)
-> Request 1
1024
(1, 2, 2)
1
(53, 13)
-> Request 2
1195
(1, 1, 2)
1
(4, 26)
-> Request 3
1334
(2, 3, 1)
3
(62, 7)
--> Day : 3
-> Request 0
45
(2, 2, 2)
2
(75, 44)
-> Request 1
69
(2, 1, 1)
2
(45, 5)
-> Request 2
93
(4, 2, 2)
3
(13, 65)
-> Request 3
164
(2, 3, 1)
1
(21, 76)
-> Request 4
514
(4, 2, 2)
2
(14, 61)
-> Request 5
609
(2, 3, 2)
3
(5, 20)
-> Request 6
724
(3, 2, 2)
3
(26, 1)
-> Request 7
1381
(3, 1, 1)
1
(27, 56)
--> Day : 4
-> Request 0
1120
(4, 2, 1)
1
(78, 32)
---> Week : 2
--> Day : 0
-> Request 0
84
(4, 1, 1)
1
(66, 58)
-> Request 1
227
(4, 3, 2)
3
(61, 59)
-> Request 2
477
(3, 2, 2)
2
(13, 65)
-> Request 3
624
(3, 2, 2)
1
(77, 52)
-> Request 4
715
(4, 2, 2)
2
(3, 18)
-> Request 5
879
(3, 1, 2)
1
(16, 76)
-> Request 6
898
(4, 2, 1)
1
(57, 75)
--> Day : 1
-> Request 0
335
(3, 3, 2)
2
(73, 46)
-> Request 1
394
(3, 2, 1)
1
(72, 35)
-> Request 2
603
(2, 3, 2)
3
(74, 38)
-> Request 3
649
(1, 2, 1)
3
(28, 2)
-> Request 4
1299
(1, 3, 2)
3
(70, 29)
-> Request 5
1374
(1, 1, 1)
1
(42, 11)
--> Day : 2
-> Request 0
185
(3, 3, 2)
3
(65, 46)
-> Request 1
332
(3, 3, 1)
2
(27, 5)
-> Request 2
604
(2, 2, 2)
3
(46, 36)
-> Request 3
690
(1, 1, 2)
2
(46, 28)
-> Request 4
701
(2, 3, 2)
2
(66, 18)
-> Request 5
786
(1, 1, 1)
1
(49, 19)
-> Request 6
1003
(1, 3, 2)
3
(72, 70)
-> Request 7
1155
(3, 2, 1)
2
(56, 28)
-> Request 8
1281
(4, 2, 1)
1
(26, 1)
-> Request 9
1364
(2, 2, 2)
1
(8, 11)
--> Day : 3
-> Request 0
385
(3, 3, 1)
1
(36, 3)
-> Request 1
867
(3, 2, 2)
2
(21, 79)
-> Request 2
1115
(4, 2, 1)
1
(39, 11)
--> Day : 4
-> Request 0
77
(3, 3, 2)
3
(26, 15)
-> Request 1
364
(2, 3, 2)
3
(39, 4)
-> Request 2
1037
(2, 3, 1)
2
(52, 36)
-> Request 3
1041
(2, 1, 2)
2
(14, 62)
-> Request 4
1273
(3, 3, 2)
2
(34, 64)
---> Week : 3
--> Day : 0
-> Request 0
22
(2, 3, 2)
1
(6, 77)
-> Request 1
77
(1, 1, 2)
3
(67, 37)
-> Request 2
373
(1, 3, 2)
3
(30, 26)
-> Request 3
387
(4, 1, 1)
1
(40, 13)
-> Request 4
408
(4, 2, 2)
3
(18, 61)
-> Request 5
608
(1, 2, 2)
1
(53, 36)
-> Request 6
632
(3, 2, 2)
1
(26, 66)
-> Request 7
663
(3, 2, 2)
2
(5, 19)
-> Request 8
946
(1, 1, 1)
2
(44, 29)
-> Request 9
1384
(3, 3, 2)
1
(21, 32)
--> Day : 1
-> Request 0
66
(2, 3, 1)
1
(76, 17)
-> Request 1
678
(4, 2, 1)
1
(23, 47)
-> Request 2
1270
(1, 2, 1)
1
(40, 66)
--> Day : 2
-> Request 0
104
(1, 1, 2)
2
(30, 67)
-> Request 1
167
(1, 3, 2)
3
(18, 71)
-> Request 2
548
(3, 3, 2)
1
(33, 29)
-> Request 3
1046
(3, 2, 2)
3
(67, 27)
-> Request 4
1234
(4, 2, 1)
3
(38, 35)
-> Request 5
1246
(4, 3, 2)
2
(57, 57)
-> Request 6
1272
(2, 2, 2)
2
(33, 50)
--> Day : 3
-> Request 0
117
(3, 3, 1)
3
(6, 27)
-> Request 1
403
(4, 2, 1)
1
(21, 64)
-> Request 2
446
(3, 1, 2)
3
(35, 51)
-> Request 3
484
(3, 2, 1)
3
(21, 36)
-> Request 4
841
(3, 2, 1)
3
(21, 47)
-> Request 5
916
(1, 2, 2)
1
(78, 33)
-> Request 6
1268
(3, 3, 1)
2
(5, 65)
-> Request 7
1345
(4, 3, 2)
1
(7, 60)
--> Day : 4
-> Request 0
2
(3, 1, 2)
1
(0, 40)
-> Request 1
11
(3, 3, 2)
2
(71, 12)
-> Request 2
579
(3, 3, 1)
2
(43, 44)
-> Request 3
591
(1, 1, 1)
2
(12, 72)
-> Request 4
702
(2, 2, 2)
3
(37, 10)
-> Request 5
927
(1, 1, 1)
1
(79, 72)
-> Request 6
960
(2, 2, 1)
2
(22, 59)
-> Request 7
1107
(2, 2, 2)
3
(0, 14)
-> Request 8
1195
(1, 2, 2)
3
(34, 70)
-> Request 9
1248
(1, 2, 2)
3
(36, 49)
-> Request 10
1363
(4, 1, 2)
1
(28, 24)
---> Week : 4
--> Day : 0
-> Request 0
211
(1, 2, 2)
1
(70, 19)
-> Request 1
293
(3, 2, 1)
2
(77, 1)
-> Request 2
348
(1, 2, 2)
1
(58, 10)
-> Request 3
423
(1, 3, 1)
2
(61, 54)
-> Request 4
433
(2, 1, 2)
3
(77, 55)
-> Request 5
471
(4, 1, 1)
3
(23, 25)
-> Request 6
944
(1, 1, 2)
3
(63, 45)
-> Request 7
1322
(4, 2, 2)
3
(51, 8)
--> Day : 1
-> Request 0
84
(4, 1, 1)
2
(59, 49)
-> Request 1
306
(4, 2, 1)
1
(77, 15)
-> Request 2
411
(1, 3, 1)
3
(77, 51)
-> Request 3
858
(3, 3, 1)
1
(36, 37)
--> Day : 2
-> Request 0
73
(1, 3, 1)
3
(30, 39)
-> Request 1
147
(1, 2, 1)
2
(66, 72)
-> Request 2
439
(3, 2, 2)
2
(34, 28)
-> Request 3
461
(1, 2, 2)
1
(71, 36)
-> Request 4
907
(4, 3, 2)
3
(25, 3)
--> Day : 3
-> Request 0
3
(3, 1, 1)
1
(28, 46)
-> Request 1
306
(3, 2, 2)
2
(38, 39)
-> Request 2
641
(4, 1, 1)
1
(9, 40)
-> Request 3
783
(2, 2, 1)
3
(38, 61)
-> Request 4
820
(1, 1, 2)
2
(71, 11)
-> Request 5
1157
(1, 1, 2)
3
(24, 32)
-> Request 6
1216
(1, 2, 1)
3
(76, 13)
-> Request 7
1384
(4, 2, 2)
1
(74, 25)
--> Day : 4
-> Request 0
433
(3, 1, 2)
3
(35, 75)
-> Request 1
632
(3, 1, 2)
1
(41, 37)
-> Request 2
959
(2, 3, 2)
2
(35, 22)
-> Request 3
1100
(2, 2, 1)
3
(0, 7)
-> Request 4
1353
(4, 2, 2)
1
(26, 28)
-> Request 5
1396
(4, 1, 1)
2
(65, 4)
---> Week : 5
--> Day : 0
-> Request 0
120
(2, 2, 1)
3
(13, 58)
-> Request 1
268
(3, 3, 1)
3
(28, 6)
-> Request 2
796
(3, 2, 1)
3
(64, 62)
-> Request 3
949
(3, 1, 1)
2
(6, 69)
--> Day : 1
-> Request 0
15
(3, 3, 2)
2
(25, 39)
-> Request 1
192
(4, 3, 1)
2
(44, 25)
-> Request 2
209
(2, 2, 1)
1
(4, 65)
-> Request 3
319
(2, 3, 2)
3
(70, 11)
-> Request 4
581
(2, 3, 2)
1
(50, 36)
-> Request 5
643
(1, 1, 1)
3
(31, 9)
-> Request 6
780
(4, 3, 1)
1
(0, 22)
-> Request 7
1171
(1, 2, 2)
1
(31, 45)
-> Request 8
1330
(3, 1, 2)
1
(50, 64)
-> Request 9
1357
(4, 1, 2)
3
(71, 50)
-> Request 10
1367
(2, 1, 2)
2
(61, 69)
-> Request 11
1417
(4, 3, 1)
2
(18, 39)
--> Day : 2
-> Request 0
570
(4, 2, 1)
1
(71, 8)
-> Request 1
718
(3, 3, 2)
3
(45, 30)
-> Request 2
951
(2, 1, 2)
1
(26, 32)
-> Request 3
970
(1, 3, 2)
3
(41, 70)
-> Request 4
1069
(1, 3, 1)
1
(62, 46)
-> Request 5
1152
(3, 1, 2)
3
(41, 54)
-> Request 6
1203
(4, 3, 2)
3
(0, 9)
-> Request 7
1226
(4, 2, 1)
3
(79, 22)
--> Day : 3
-> Request 0
264
(2, 1, 1)
2
(56, 6)
-> Request 1
348
(2, 3, 2)
1
(54, 60)
-> Request 2
363
(3, 2, 2)
1
(21, 48)
-> Request 3
522
(1, 3, 2)
2
(53, 20)
-> Request 4
555
(4, 3, 2)
3
(6, 58)
-> Request 5
1021
(1, 1, 1)
1
(49, 72)
-> Request 6
1240
(2, 1, 2)
2
(5, 31)
-> Request 7
1240
(4, 1, 1)
1
(40, 7)
--> Day : 4
-> Request 0
211
(2, 3, 2)
2
(36, 78)
-> Request 1
646
(1, 2, 2)
2
(12, 1)
-> Request 2
774
(2, 2, 2)
2
(76, 56)
-> Request 3
1078
(4, 2, 2)
3
(59, 11)
-> Request 4
1148
(3, 1, 1)
3
(33, 32)
---> Week : 6
--> Day : 0
-> Request 0
79
(2, 2, 2)
2
(41, 56)
-> Request 1
149
(4, 1, 1)
2
(16, 12)
-> Request 2
587
(1, 3, 1)
2
(76, 66)
-> Request 3
742
(1, 3, 1)
2
(21, 15)
-> Request 4
966
(4, 1, 1)
1
(73, 23)
-> Request 5
1231
(4, 3, 1)
3
(43, 14)
-> Request 6
1335
(3, 2, 2)
1
(12, 54)
--> Day : 1
-> Request 0
103
(2, 2, 2)
2
(79, 4)
-> Request 1
1181
(4, 1, 2)
2
(57, 29)
-> Request 2
1249
(3, 1, 1)
3
(6, 24)
-> Request 3
1337
(3, 1, 1)
1
(22, 76)
-> Request 4
1377
(4, 2, 2)
2
(32, 48)
--> Day : 2
-> Request 0
567
(1, 1, 2)
3
(60, 45)
-> Request 1
570
(3, 1, 1)
3
(22, 77)
-> Request 2
647
(3, 2, 1)
1
(27, 11)
-> Request 3
764
(3, 2, 1)
3
(46, 63)
-> Request 4
1196
(4, 1, 2)
2
(72, 61)
-> Request 5
1439
(3, 1, 1)
3
(39, 43)
--> Day : 3
-> Request 0
442
(3, 3, 2)
3
(1, 29)
-> Request 1
633
(4, 3, 2)
3
(25, 13)
-> Request 2
641
(2, 2, 2)
1
(48, 42)
-> Request 3
797
(3, 3, 1)
3
(45, 72)
-> Request 4
906
(1, 1, 1)
2
(26, 77)
-> Request 5
1148
(1, 2, 1)
3
(22, 4)
-> Request 6
1261
(2, 3, 2)
1
(53, 59)
-> Request 7
1329
(4, 1, 2)
3
(73, 77)
--> Day : 4
-> Request 0
94
(1, 2, 1)
2
(64, 51)
-> Request 1
118
(4, 3, 1)
2
(48, 74)
-> Request 2
131
(1, 3, 2)
1
(35, 76)
-> Request 3
331
(2, 1, 1)
1
(27, 12)
-> Request 4
467
(1, 2, 2)
2
(23, 0)
-> Request 5
615
(3, 1, 2)
2
(13, 10)
-> Request 6
791
(3, 1, 1)
2
(20, 39)
-> Request 7
796
(4, 2, 1)
2
(3, 30)
-> Request 8
838
(2, 1, 2)
3
(67, 1)
-> Request 9
866
(1, 1, 1)
1
(56, 22)
-> Request 10
884
(1, 1, 1)
2
(54, 22)
-> Request 11
1211
(1, 1, 1)
1
(12, 55)
-> Request 12
1314
(1, 1, 1)
1
(67, 42)
-> Request 13
1354
(3, 2, 2)
1
(33, 3)
---> Week : 7
--> Day : 0
-> Request 0
57
(3, 2, 1)
1
(8, 64)
-> Request 1
61
(1, 2, 2)
1
(78, 34)
-> Request 2
81
(1, 3, 2)
1
(30, 74)
-> Request 3
92
(3, 3, 1)
3
(67, 4)
-> Request 4
102
(1, 2, 1)
1
(14, 62)
-> Request 5
234
(4, 3, 2)
3
(16, 72)
-> Request 6
569
(4, 2, 2)
3
(48, 10)
-> Request 7
743
(4, 2, 2)
2
(37, 55)
-> Request 8
851
(4, 2, 2)
3
(18, 77)
--> Day : 1
-> Request 0
979
(2, 2, 1)
1
(18, 15)
-> Request 1
980
(3, 3, 2)
2
(75, 20)
-> Request 2
1000
(3, 1, 1)
1
(8, 12)
-> Request 3
1081
(1, 2, 2)
2
(65, 34)
-> Request 4
1219
(1, 1, 2)
1
(12, 7)
-> Request 5
1281
(3, 1, 1)
2
(24, 70)
--> Day : 2
-> Request 0
74
(1, 1, 2)
3
(9, 47)
-> Request 1
498
(3, 3, 1)
2
(53, 38)
-> Request 2
566
(1, 1, 1)
3
(74, 74)
-> Request 3
740
(1, 2, 2)
3
(59, 39)
-> Request 4
860
(3, 1, 2)
2
(33, 20)
-> Request 5
994
(2, 2, 2)
3
(23, 63)
-> Request 6
1403
(1, 2, 2)
2
(31, 45)
--> Day : 3
-> Request 0
32
(4, 3, 1)
2
(29, 7)
-> Request 1
189
(1, 2, 2)
2
(63, 5)
-> Request 2
279
(1, 3, 2)
2
(55, 55)
-> Request 3
655
(3, 2, 1)
3
(40, 25)
-> Request 4
801
(2, 2, 1)
1
(79, 12)
-> Request 5
1030
(4, 1, 2)
1
(30, 74)
-> Request 6
1083
(1, 1, 1)
3
(36, 57)
-> Request 7
1203
(1, 3, 2)
1
(46, 28)
--> Day : 4
-> Request 0
4
(2, 3, 1)
1
(48, 7)
-> Request 1
39
(3, 1, 1)
2
(45, 40)
-> Request 2
52
(4, 2, 1)
1
(6, 37)
-> Request 3
175
(2, 3, 1)
3
(16, 5)
-> Request 4
724
(4, 3, 1)
3
(48, 67)
-> Request 5
869
(1, 3, 1)
3
(6, 61)
-> Request 6
1211
(3, 2, 2)
1
(56, 73)
-> Request 7
1337
(3, 3, 2)
2
(59, 24)
---> Week : 8
--> Day : 0
-> Request 0
373
(3, 3, 1)
1
(27, 14)
-> Request 1
959
(1, 3, 2)
1
(55, 30)
--> Day : 1
-> Request 0
88
(4, 2, 1)
1
(37, 48)
-> Request 1
326
(1, 2, 1)
3
(51, 77)
-> Request 2
372
(2, 3, 2)
2
(17, 18)
-> Request 3
401
(1, 3, 2)
2
(2, 56)
-> Request 4
544
(1, 1, 2)
2
(69, 32)
-> Request 5
584
(4, 2, 2)
1
(56, 45)
-> Request 6
726
(3, 2, 2)
1
(19, 69)
-> Request 7
773
(2, 1, 2)
1
(60, 60)
-> Request 8
881
(2, 1, 2)
1
(79, 35)
-> Request 9
982
(2, 2, 1)
1
(7, 28)
--> Day : 2
-> Request 0
234
(1, 2, 1)
1
(61, 53)
-> Request 1
1001
(4, 3, 1)
1
(54, 76)
-> Request 2
1010
(4, 2, 1)
1
(8, 48)
-> Request 3
1036
(3, 2, 2)
3
(63, 74)
-> Request 4
1082
(4, 2, 1)
1
(21, 38)
-> Request 5
1220
(1, 2, 2)
1
(40, 9)
-> Request 6
1291
(4, 2, 2)
3
(65, 64)
--> Day : 3
-> Request 0
231
(3, 2, 2)
1
(6, 58)
-> Request 1
265
(2, 3, 1)
1
(23, 40)
-> Request 2
866
(1, 3, 2)
2
(28, 32)
-> Request 3
925
(3, 3, 2)
1
(56, 65)
-> Request 4
937
(1, 1, 2)
2
(20, 42)
-> Request 5
1401
(2, 1, 2)
2
(16, 18)
--> Day : 4
---> Week : 9
--> Day : 0
-> Request 0
398
(1, 3, 1)
1
(46, 18)
-> Request 1
456
(3, 1, 2)
1
(58, 9)
-> Request 2
764
(3, 1, 1)
1
(27, 42)
-> Request 3
819
(2, 3, 2)
1
(10, 56)
-> Request 4
919
(1, 2, 1)
3
(54, 38)
-> Request 5
951
(3, 3, 1)
1
(14, 46)
--> Day : 1
-> Request 0
815
(4, 2, 1)
2
(35, 56)
-> Request 1
941
(4, 3, 1)
1
(26, 13)
--> Day : 2
-> Request 0
49
(1, 3, 2)
3
(33, 78)
-> Request 1
378
(2, 1, 2)
3
(58, 49)
-> Request 2
1186
(3, 1, 2)
1
(78, 29)
-> Request 3
1187
(2, 1, 1)
3
(66, 2)
-> Request 4
1208
(2, 2, 2)
2
(29, 59)
-> Request 5
1324
(4, 3, 2)
3
(6, 2)
--> Day : 3
-> Request 0
291
(4, 2, 2)
2
(3, 27)
-> Request 1
367
(1, 1, 1)
3
(37, 30)
-> Request 2
480
(1, 2, 1)
1
(23, 51)
-> Request 3
553
(4, 3, 2)
2
(9, 22)
-> Request 4
636
(2, 1, 2)
2
(53, 73)
-> Request 5
1015
(1, 3, 2)
2
(41, 47)
-> Request 6
1128
(3, 2, 1)
3
(25, 53)
--> Day : 4
-> Request 0
366
(4, 2, 1)
2
(48, 31)
-> Request 1
528
(4, 3, 2)
2
(25, 4)
-> Request 2
612
(2, 3, 2)
1
(32, 52)
-> Request 3
703
(4, 1, 2)
1
(1, 32)
-> Request 4
1020
(1, 3, 1)
2
(44, 49)
-> Request 5
1359
(4, 2, 2)
1
(34, 6)
-> Request 6
1386
(4, 1, 1)
1
(23, 61)
---> Week : 10
--> Day : 0
-> Request 0
249
(2, 2, 2)
3
(73, 58)
-> Request 1
1180
(1, 1, 1)
1
(6, 59)
-> Request 2
1335
(3, 2, 2)
3
(0, 15)
--> Day : 1
-> Request 0
44
(3, 1, 1)
3
(77, 34)
-> Request 1
487
(4, 3, 2)
3
(1, 48)
-> Request 2
488
(2, 1, 1)
3
(41, 28)
-> Request 3
683
(3, 3, 2)
2
(41, 54)
-> Request 4
791
(3, 1, 1)
3
(55, 67)
-> Request 5
945
(2, 2, 2)
1
(67, 46)
--> Day : 2
-> Request 0
630
(3, 2, 1)
3
(39, 44)
-> Request 1
663
(4, 2, 2)
2
(45, 40)
-> Request 2
1153
(4, 3, 2)
3
(50, 79)
-> Request 3
1406
(4, 2, 2)
1
(78, 21)
--> Day : 3
-> Request 0
296
(2, 3, 2)
1
(57, 36)
-> Request 1
539
(3, 2, 2)
1
(0, 37)
-> Request 2
691
(1, 2, 2)
3
(32, 66)
-> Request 3
925
(4, 3, 1)
2
(72, 50)
-> Request 4
954
(4, 2, 1)
3
(41, 21)
-> Request 5
1243
(3, 3, 1)
2
(7, 59)
-> Request 6
1276
(2, 1, 1)
3
(60, 79)
-> Request 7
1283
(4, 2, 1)
3
(66, 38)
--> Day : 4
-> Request 0
38
(3, 2, 2)
3
(41, 31)
-> Request 1
755
(4, 1, 2)
1
(46, 51)
-> Request 2
850
(2, 1, 1)
3
(12, 6)
---> Week : 11
--> Day : 0
-> Request 0
358
(2, 3, 1)
1
(63, 65)
-> Request 1
397
(2, 1, 1)
2
(73, 77)
-> Request 2
678
(1, 2, 2)
1
(42, 44)
-> Request 3
831
(3, 1, 1)
3
(55, 77)
-> Request 4
967
(3, 3, 2)
1
(45, 53)
-> Request 5
1330
(3, 1, 2)
1
(70, 65)
--> Day : 1
-> Request 0
67
(3, 1, 1)
2
(47, 10)
-> Request 1
97
(1, 2, 2)
1
(5, 56)
-> Request 2
589
(1, 1, 2)
1
(31, 8)
-> Request 3
644
(3, 2, 1)
1
(71, 28)
-> Request 4
945
(1, 2, 2)
2
(64, 12)
-> Request 5
1232
(4, 1, 2)
2
(56, 38)
-> Request 6
1289
(4, 1, 2)
2
(59, 23)
-> Request 7
1431
(2, 3, 1)
1
(34, 68)
--> Day : 2
-> Request 0
308
(1, 2, 2)
1
(62, 36)
-> Request 1
443
(3, 3, 1)
2
(47, 57)
-> Request 2
457
(3, 2, 2)
3
(39, 60)
-> Request 3
899
(4, 3, 1)
3
(39, 16)
-> Request 4
1127
(4, 1, 2)
3
(45, 55)
-> Request 5
1389
(3, 2, 1)
3
(73, 58)
--> Day : 3
-> Request 0
998
(3, 2, 1)
2
(15, 69)
--> Day : 4
-> Request 0
8
(3, 1, 2)
2
(36, 75)
-> Request 1
265
(1, 2, 1)
1
(34, 9)
-> Request 2
398
(2, 3, 1)
1
(2, 4)
-> Request 3
694
(1, 3, 2)
1
(5, 15)
-> Request 4
740
(3, 2, 1)
2
(21, 27)
-> Request 5
818
(1, 1, 1)
2
(49, 68)
-> Request 6
1391
(3, 1, 2)
1
(67, 51)
---> Week : 12
--> Day : 0
-> Request 0
31
(3, 3, 1)
3
(28, 12)
-> Request 1
154
(2, 1, 1)
3
(34, 33)
-> Request 2
665
(1, 3, 2)
3
(35, 62)
-> Request 3
879
(4, 3, 2)
3
(59, 60)
-> Request 4
1242
(1, 1, 2)
3
(10, 51)
-> Request 5
1352
(4, 2, 1)
2
(15, 16)
--> Day : 1
-> Request 0
49
(4, 3, 2)
2
(46, 51)
-> Request 1
79
(1, 3, 2)
2
(45, 31)
--> Day : 2
-> Request 0
470
(2, 2, 1)
1
(1, 26)
-> Request 1
585
(3, 1, 1)
2
(72, 30)
-> Request 2
604
(1, 2, 1)
2
(62, 69)
-> Request 3
961
(1, 3, 2)
3
(6, 79)
-> Request 4
1194
(2, 1, 1)
3
(77, 46)
-> Request 5
1285
(1, 1, 1)
2
(24, 75)
-> Request 6
1323
(4, 3, 1)
2
(52, 3)
--> Day : 3
-> Request 0
100
(1, 3, 2)
1
(4, 63)
-> Request 1
262
(3, 2, 1)
1
(78, 6)
-> Request 2
381
(2, 3, 2)
3
(22, 1)
-> Request 3
914
(4, 1, 2)
2
(47, 10)
--> Day : 4
-> Request 0
212
(2, 2, 2)
1
(72, 66)
-> Request 1
690
(3, 1, 1)
2
(30, 40)
-> Request 2
775
(4, 3, 2)
2
(56, 63)
-> Request 3
776
(2, 3, 2)
3
(32, 16)
-> Request 4
1015
(4, 3, 2)
2
(29, 57)
---> Week : 13
--> Day : 0
-> Request 0
24
(4, 2, 2)
1
(16, 39)
-> Request 1
54
(4, 3, 2)
3
(21, 21)
-> Request 2
230
(1, 2, 1)
2
(36, 61)
-> Request 3
822
(4, 3, 1)
3
(30, 37)
-> Request 4
988
(4, 3, 1)
2
(49, 23)
-> Request 5
1163
(1, 3, 2)
3
(30, 70)
--> Day : 1
-> Request 0
82
(3, 3, 2)
2
(73, 57)
-> Request 1
188
(1, 3, 2)
3
(9, 62)
-> Request 2
363
(1, 2, 1)
2
(8, 54)
-> Request 3
404
(4, 3, 2)
2
(73, 21)
-> Request 4
448
(1, 1, 2)
3
(16, 78)
-> Request 5
754
(2, 1, 2)
2
(38, 65)
-> Request 6
905
(1, 3, 2)
3
(10, 72)
-> Request 7
964
(2, 3, 2)
3
(57, 67)
-> Request 8
1010
(2, 1, 1)
1
(76, 8)
-> Request 9
1134
(3, 2, 2)
2
(39, 23)
--> Day : 2
-> Request 0
91
(1, 1, 1)
1
(46, 43)
-> Request 1
315
(4, 1, 2)
1
(61, 55)
-> Request 2
440
(3, 3, 1)
2
(34, 38)
-> Request 3
562
(2, 3, 1)
1
(12, 70)
-> Request 4
920
(2, 1, 1)
1
(70, 13)
-> Request 5
1199
(1, 2, 1)
1
(35, 28)
--> Day : 3
-> Request 0
366
(1, 2, 1)
1
(2, 3)
-> Request 1
1065
(4, 1, 2)
2
(5, 46)
-> Request 2
1311
(4, 3, 1)
2
(45, 3)
--> Day : 4
-> Request 0
323
(1, 2, 2)
3
(24, 39)
-> Request 1
620
(4, 2, 1)
2
(51, 33)
-> Request 2
719
(4, 2, 2)
2
(21, 50)
-> Request 3
1358
(3, 1, 1)
3
(63, 41)
-> Request 4
1380
(2, 1, 1)
1
(25, 20)
---> Week : 14
--> Day : 0
-> Request 0
75
(2, 2, 2)
1
(70, 79)
-> Request 1
289
(1, 1, 2)
3
(7, 44)
-> Request 2
545
(1, 3, 1)
3
(67, 48)
-> Request 3
990
(4, 3, 1)
1
(67, 35)
-> Request 4
1190
(3, 2, 1)
2
(30, 47)
-> Request 5
1383
(4, 1, 2)
2
(45, 16)
-> Request 6
1387
(2, 3, 1)
1
(31, 63)
--> Day : 1
-> Request 0
359
(4, 2, 1)
2
(62, 72)
-> Request 1
746
(1, 2, 2)
1
(8, 16)
-> Request 2
1075
(1, 1, 2)
1
(76, 49)
-> Request 3
1108
(4, 3, 1)
1
(41, 54)
-> Request 4
1237
(1, 3, 2)
1
(62, 19)
-> Request 5
1351
(4, 3, 1)
2
(11, 4)
--> Day : 2
-> Request 0
9
(3, 2, 1)
3
(16, 13)
-> Request 1
374
(2, 2, 1)
3
(47, 40)
-> Request 2
536
(1, 2, 1)
1
(21, 61)
-> Request 3
925
(4, 3, 1)
1
(77, 12)
-> Request 4
973
(1, 2, 2)
3
(75, 67)
-> Request 5
1249
(2, 1, 2)
3
(19, 26)
-> Request 6
1373
(1, 3, 1)
3
(62, 41)
--> Day : 3
-> Request 0
120
(3, 2, 2)
1
(42, 29)
-> Request 1
371
(2, 1, 1)
2
(18, 5)
-> Request 2
477
(1, 3, 2)
2
(71, 51)
-> Request 3
677
(3, 3, 1)
1
(3, 68)
-> Request 4
838
(4, 1, 1)
3
(10, 43)
-> Request 5
942
(1, 1, 2)
2
(2, 43)
-> Request 6
1096
(2, 1, 2)
1
(62, 30)
-> Request 7
1359
(3, 1, 2)
2
(33, 37)
-> Request 8
1370
(3, 2, 2)
3
(57, 4)
--> Day : 4
-> Request 0
138
(2, 1, 1)
2
(35, 4)
-> Request 1
688
(2, 1, 1)
1
(61, 51)
-> Request 2
829
(4, 3, 2)
3
(46, 45)
-> Request 3
833
(3, 3, 2)
1
(57, 56)
-> Request 4
1072
(1, 2, 2)
1
(24, 64)
-> Request 5
1248
(3, 3, 2)
2
(61, 20)
---> Week : 15
--> Day : 0
-> Request 0
37
(3, 1, 2)
3
(57, 41)
-> Request 1
409
(3, 2, 1)
3
(17, 72)
-> Request 2
583
(2, 3, 1)
3
(14, 10)
-> Request 3
971
(4, 2, 1)
2
(73, 38)
-> Request 4
1096
(2, 1, 1)
3
(16, 48)
-> Request 5
1118
(2, 2, 1)
1
(7, 62)
-> Request 6
1351
(3, 3, 2)
1
(58, 70)
--> Day : 1
-> Request 0
131
(2, 2, 1)
1
(51, 43)
-> Request 1
1179
(2, 2, 1)
1
(54, 47)
-> Request 2
1430
(4, 1, 1)
1
(23, 66)
--> Day : 2
-> Request 0
2
(3, 2, 2)
1
(75, 57)
-> Request 1
91
(2, 2, 2)
3
(64, 74)
-> Request 2
121
(2, 2, 2)
3
(51, 5)
-> Request 3
807
(1, 2, 2)
3
(65, 65)
-> Request 4
1059
(3, 1, 1)
2
(47, 7)
-> Request 5
1172
(1, 1, 2)
3
(11, 39)
-> Request 6
1321
(1, 1, 2)
2
(72, 29)
--> Day : 3
-> Request 0
25
(3, 2, 2)
1
(75, 24)
-> Request 1
95
(4, 1, 2)
3
(58, 21)
-> Request 2
491
(1, 3, 2)
2
(30, 36)
-> Request 3
1011
(3, 1, 1)
1
(49, 62)
-> Request 4
1143
(1, 1, 1)
3
(8, 44)
-> Request 5
1187
(3, 2, 1)
2
(47, 32)
-> Request 6
1217
(1, 3, 2)
1
(45, 39)
-> Request 7
1392
(1, 1, 1)
3
(27, 23)
--> Day : 4
-> Request 0
28
(3, 2, 1)
2
(70, 10)
-> Request 1
37
(4, 1, 2)
1
(57, 23)
-> Request 2
354
(2, 3, 1)
1
(60, 40)
-> Request 3
745
(4, 2, 2)
1
(34, 20)
-> Request 4
992
(4, 3, 2)
3
(76, 39)
-> Request 5
1064
(4, 1, 2)
3
(40, 45)
-> Request 6
1352
(3, 1, 1)
2
(55, 58)
---> Week : 16
--> Day : 0
-> Request 0
275
(2, 3, 1)
2
(25, 41)
-> Request 1
343
(3, 1, 1)
1
(4, 78)
-> Request 2
423
(3, 3, 2)
2
(78, 15)
-> Request 3
621
(4, 3, 1)
2
(26, 15)
-> Request 4
801
(2, 1, 1)
2
(32, 21)
-> Request 5
854
(3, 1, 2)
1
(40, 5)
-> Request 6
858
(4, 2, 2)
1
(71, 70)
-> Request 7
1425
(3, 1, 2)
2
(55, 10)
--> Day : 1
-> Request 0
134
(3, 2, 1)
3
(3, 75)
-> Request 1
963
(4, 2, 2)
2
(57, 57)
-> Request 2
1099
(1, 2, 1)
2
(58, 52)
-> Request 3
1116
(2, 3, 1)
2
(40, 38)
-> Request 4
1177
(4, 2, 2)
2
(4, 25)
--> Day : 2
-> Request 0
178
(1, 2, 2)
2
(58, 2)
-> Request 1
315
(4, 3, 1)
1
(56, 8)
-> Request 2
394
(2, 3, 1)
2
(58, 7)
-> Request 3
415
(1, 3, 2)
2
(28, 32)
-> Request 4
507
(2, 3, 2)
1
(65, 0)
-> Request 5
552
(3, 1, 2)
3
(12, 4)
-> Request 6
770
(4, 3, 2)
1
(37, 36)
-> Request 7
917
(4, 1, 2)
1
(13, 57)
-> Request 8
1382
(3, 3, 2)
2
(46, 73)
--> Day : 3
-> Request 0
768
(4, 1, 1)
2
(69, 13)
-> Request 1
971
(1, 2, 1)
2
(12, 63)
-> Request 2
1268
(2, 2, 1)
2
(23, 49)
-> Request 3
1375
(2, 2, 1)
1
(12, 56)
--> Day : 4
-> Request 0
320
(4, 2, 1)
1
(18, 51)
-> Request 1
393
(2, 2, 2)
2
(2, 54)
-> Request 2
470
(3, 3, 2)
2
(11, 7)
-> Request 3
793
(3, 3, 1)
3
(14, 3)
-> Request 4
939
(2, 2, 1)
2
(20, 20)
-> Request 5
1153
(2, 1, 1)
2
(65, 44)
-> Request 6
1253
(4, 1, 1)
1
(50, 29)
-> Request 7
1349
(4, 2, 1)
2
(42, 79)
-> Request 8
1368
(4, 2, 1)
2
(20, 59)
---> Week : 17
--> Day : 0
-> Request 0
54
(4, 2, 2)
2
(7, 64)
-> Request 1
268
(3, 2, 1)
2
(73, 37)
-> Request 2
491
(1, 1, 1)
1
(70, 65)
-> Request 3
838
(4, 2, 2)
3
(5, 65)
-> Request 4
1056
(1, 3, 1)
3
(32, 8)
-> Request 5
1192
(2, 1, 1)
2
(46, 4)
--> Day : 1
-> Request 0
23
(3, 3, 1)
3
(70, 64)
-> Request 1
117
(1, 1, 2)
2
(57, 14)
-> Request 2
206
(1, 2, 2)
2
(13, 75)
-> Request 3
359
(2, 1, 1)
2
(30, 30)
-> Request 4
373
(3, 3, 2)
2
(58, 36)
--> Day : 2
-> Request 0
367
(4, 1, 1)
1
(35, 18)
-> Request 1
612
(3, 2, 2)
3
(49, 32)
-> Request 2
1099
(2, 1, 1)
1
(20, 73)
--> Day : 3
-> Request 0
172
(3, 2, 2)
1
(31, 36)
-> Request 1
183
(2, 1, 2)
1
(21, 26)
-> Request 2
197
(2, 1, 1)
3
(66, 48)
-> Request 3
1015
(4, 2, 2)
2
(13, 65)
--> Day : 4
-> Request 0
126
(2, 1, 2)
1
(18, 28)
-> Request 1
927
(1, 3, 2)
2
(56, 70)
-> Request 2
1424
(1, 1, 1)
2
(49, 23)
---> Week : 18
--> Day : 0
-> Request 0
151
(4, 3, 1)
1
(67, 65)
-> Request 1
398
(3, 2, 2)
1
(42, 46)
-> Request 2
605
(2, 3, 1)
1
(32, 50)
-> Request 3
762
(4, 3, 1)
1
(30, 71)
--> Day : 1
-> Request 0
351
(2, 1, 2)
3
(15, 11)
-> Request 1
1293
(4, 2, 1)
3
(1, 76)
--> Day : 2
-> Request 0
1415
(2, 2, 1)
1
(6, 1)
--> Day : 3
-> Request 0
285
(2, 1, 2)
3
(45, 4)
-> Request 1
311
(2, 1, 1)
3
(2, 47)
-> Request 2
316
(2, 1, 1)
2
(60, 38)
-> Request 3
318
(3, 2, 1)
1
(15, 15)
-> Request 4
601
(3, 1, 1)
2
(47, 31)
-> Request 5
684
(4, 1, 2)
3
(7, 64)
-> Request 6
852
(3, 3, 2)
2
(58, 57)
-> Request 7
1019
(3, 1, 2)
1
(19, 69)
-> Request 8
1183
(4, 1, 1)
1
(37, 24)
-> Request 9
1300
(2, 2, 2)
3
(31, 61)
--> Day : 4
-> Request 0
11
(4, 1, 2)
2
(35, 49)
-> Request 1
68
(3, 2, 1)
1
(59, 31)
-> Request 2
193
(3, 3, 2)
2
(48, 14)
-> Request 3
272
(4, 1, 2)
2
(75, 21)
-> Request 4
679
(3, 1, 1)
3
(69, 61)
-> Request 5
945
(3, 1, 1)
2
(69, 21)
---> Week : 19
--> Day : 0
-> Request 0
0
(2, 1, 1)
1
(4, 37)
-> Request 1
456
(2, 1, 1)
1
(22, 30)
-> Request 2
554
(4, 3, 2)
1
(29, 40)
-> Request 3
1011
(3, 3, 1)
1
(13, 37)
-> Request 4
1101
(4, 3, 1)
1
(50, 9)
--> Day : 1
-> Request 0
50
(2, 3, 1)
3
(41, 52)
-> Request 1
92
(4, 2, 1)
1
(18, 17)
-> Request 2
350
(1, 1, 2)
1
(26, 26)
-> Request 3
413
(4, 1, 1)
1
(42, 26)
-> Request 4
441
(2, 3, 2)
2
(15, 62)
-> Request 5
541
(2, 1, 2)
2
(29, 67)
-> Request 6
573
(1, 2, 1)
2
(9, 2)
-> Request 7
783
(4, 3, 1)
2
(27, 5)
-> Request 8
999
(2, 2, 1)
2
(21, 74)
-> Request 9
1398
(3, 2, 2)
3
(36, 28)
--> Day : 2
-> Request 0
1
(3, 3, 2)
2
(24, 62)
-> Request 1
72
(2, 3, 2)
1
(10, 5)
-> Request 2
143
(2, 1, 1)
2
(9, 10)
-> Request 3
154
(3, 3, 2)
2
(58, 64)
-> Request 4
720
(4, 2, 2)
3
(41, 68)
-> Request 5
876
(1, 1, 1)
3
(74, 47)
--> Day : 3
-> Request 0
74
(3, 1, 2)
1
(49, 54)
-> Request 1
100
(2, 2, 1)
1
(20, 20)
-> Request 2
209
(1, 3, 2)
2
(21, 63)
-> Request 3
797
(3, 1, 2)
1
(11, 30)
-> Request 4
1251
(3, 2, 1)
2
(47, 15)
-> Request 5
1313
(1, 2, 2)
2
(6, 66)
-> Request 6
1375
(1, 2, 2)
3
(16, 21)
--> Day : 4
-> Request 0
53
(2, 3, 1)
2
(37, 36)
-> Request 1
63
(2, 3, 2)
1
(31, 48)
-> Request 2
251
(4, 1, 1)
3
(70, 31)
-> Request 3
616
(2, 3, 1)
1
(55, 9)
-> Request 4
773
(1, 2, 2)
3
(45, 51)
-> Request 5
872
(2, 1, 2)
3
(55, 27)
-> Request 6
909
(1, 2, 1)
2
(14, 65)
-> Request 7
989
(4, 2, 1)
1
(47, 47)
-> Request 8
1028
(4, 3, 1)
1
(73, 66)
-> Request 9
1254
(2, 2, 1)
1
(2, 10)
