---> Week : 0
--> Day : 0
-> Request 0
112
(2, 2, 1)
3
(40, 11)
-> Request 1
189
(3, 2, 1)
1
(36, 51)
-> Request 2
226
(1, 1, 1)
3
(62, 19)
-> Request 3
352
(1, 1, 2)
2
(35, 41)
-> Request 4
841
(2, 2, 1)
1
(62, 4)
-> Request 5
844
(3, 2, 1)
1
(12, 52)
-> Request 6
1252
(2, 3, 1)
1
(36, 62)
--> Day : 1
-> Request 0
13
(4, 1, 1)
3
(0, 64)
-> Request 1
21
(1, 1, 2)
2
(74, 22)
-> Request 2
31
(3, 3, 1)
2
(41, 23)
-> Request 3
272
(4, 1, 1)
1
(28, 52)
-> Request 4
445
(4, 1, 1)
1
(46, 44)
-> Request 5
545
(4, 3, 2)
1
(28, 44)
-> Request 6
603
(4, 1, 1)
1
(52, 47)
-> Request 7
1060
(1, 3, 1)
2
(56, 3)
-> Request 8
1080
(4, 3, 1)
2
(74, 60)
-> Request 9
1381
(2, 3, 2)
2
(9, 4)
--> Day : 2
-> Request 0
447
(4, 3, 1)
3
(55, 17)
-> Request 1
1054
(3, 1, 1)
3
(48, 54)
--> Day : 3
-> Request 0
12
(3, 3, 2)
1
(70, 68)
-> Request 1
317
(2, 3, 2)
3
(60, 6)
-> Request 2
486
(4, 1, 1)
3
(75, 30)
-> Request 3
864
(3, 1, 2)
2
(64, 67)
-> Request 4
868
(1, 3, 2)
3
(63, 46)
-> Request 5
909
(4, 3, 1)
1
(15, 66)
-> Request 6
1354
(3, 1, 2)
3
(51, 62)
--> Day : 4
-> Request 0
541
(2, 3, 2)
1
(60, 72)
-> Request 1
793
(4, 1, 1)
1
(75, 60)
-> Request 2
1029
(1, 3, 1)
3
(35, 38)
-> Request 3
1362
(3, 3, 2)
3
(30, 41)
---> Week : 1
--> Day : 0
-> Request 0
33
(3, 1, 2)
1
(22, 18)
-> Request 1
397
(4, 2, 1)
3
(23, 60)
-> Request 2
521
(3, 2, 2)
2
(1, 2)
-> Request 3
715
(1, 3, 1)
1
(5, 39)
-> Request 4
786
(3, 3, 1)
1
(31, 12)
-> Request 5
919
(1, 1, 1)
2
(66, 11)
-> Request 6
984
(3, 1, 1)
2
(55, 34)
-> Request 7
1013
(1, 3, 2)
2
(11, 21)
-> Request 8
1149
(4, 2, 1)
2
(57, 40)
-> Request 9
1300
(2, 3, 1)
1
(60, 10)
--> Day : 1
-> Request 0
85
(3, 1, 2)
2
(51, 18)
-> Request 1
181
(4, 1, 2)
3
(24, 54)
-> Request 2
422
(4, 2, 1)
2
(20, 21)
-> Request 3
863
(2, 1, 2)
3
(58, 74)
-> Request 4
979
(1, 1, 1)
2
(10, 74)
-> Request 5
993
(2, 1, 1)
2
(72, 46)
-> Request 6
1149
(3, 3, 1)
1
(74, 49)
-> Request 7
1183
(2, 3, 2)
1
(57, 70)
-> Request 8
1347
(4, 3, 2)
1
(61, 37)
-> Request 9
1405
(2, 2, 1)
3
(49, 2)
--> Day : 2
-> Request 0
222
(3, 1, 2)
2
(34, 68)
-> Request 1
234
(2, 1, 2)
3
(58, 38)
-> Request 2
748
(1, 2, 2)
3
(29, 1)
-> Request 3
1019
(1, 3, 1)
3
(50, 54)
-> Request 4
1266
(4, 1, 2)
1
(79, 7)
-> Request 5
1277
(4, 1, 2)
2
(9, 50)
-> Request 6
1298
(3, 1, 2)
1
(23, 3)
--> Day : 3
-> Request 0
107
(4, 2, 1)
1
(12, 78)
-> Request 1
892
(1, 1, 1)
2
(57, 5)
-> Request 2
961
(4, 3, 2)
3
(0, 78)
-> Request 3
1042
(2, 3, 1)
2
(51, 65)
-> Request 4
1170
(2, 3, 1)
1
(7, 54)
-> Request 5
1192
(1, 1, 2)
1
(66, 64)
-> Request 6
1252
(1, 3, 2)
1
(44, 27)
-> Request 7
1335
(2, 3, 1)
2
(45, 19)
--> Day : 4
-> Request 0
140
(2, 3, 2)
2
(68, 32)
-> Request 1
274
(3, 2, 2)
2
(44, 57)
-> Request 2
304
(3, 3, 1)
3
(72, 14)
-> Request 3
336
(3, 1, 2)
1
(64, 70)
-> Request 4
442
(4, 1, 2)
2
(27, 13)
-> Request 5
479
(2, 3, 2)
2
(30, 42)
-> Request 6
615
(3, 1, 1)
1
(0, 54)
-> Request 7
1180
(4, 1, 2)
3
(50, 24)
-> Request 8
1221
(1, 3, 1)
1
(41, 21)
-> Request 9
1264
(2, 3, 2)
2
(19, 44)
-> Request 10
1268
(4, 1, 2)
1
(49, 15)
---> Week : 2
--> Day : 0
-> Request 0
188
(1, 3, 2)
3
(22, 68)
-> Request 1
725
(4, 3, 2)
3
(38, 74)
-> Request 2
874
(4, 3, 1)
1
(10, 48)
-> Request 3
1378
(4, 2, 2)
3
(57, 78)
--> Day : 1
-> Request 0
195
(3, 2, 2)
2
(20, 45)
-> Request 1
300
(1, 1, 2)
2
(37, 33)
-> Request 2
429
(2, 1, 2)
2
(2, 4)
-> Request 3
580
(1, 2, 1)
1
(57, 24)
-> Request 4
838
(1, 2, 2)
1
(66, 36)
-> Request 5
1147
(2, 1, 2)
2
(35, 55)
--> Day : 2
-> Request 0
365
(3, 1, 1)
3
(65, 60)
-> Request 1
506
(3, 2, 1)
2
(24, 38)
-> Request 2
603
(4, 2, 2)
3
(3, 55)
-> Request 3
711
(1, 2, 2)
2
(64, 72)
-> Request 4
716
(2, 3, 1)
2
(56, 64)
-> Request 5
1199
(1, 1, 2)
2
(36, 47)
-> Request 6
1258
(1, 2, 1)
2
(55, 46)
-> Request 7
1280
(1, 2, 2)
3
(6, 5)
-> Request 8
1377
(4, 3, 2)
2
(37, 32)
--> Day : 3
-> Request 0
58
(4, 2, 2)
1
(38, 61)
-> Request 1
131
(3, 2, 1)
3
(62, 48)
-> Request 2
284
(2, 2, 1)
3
(38, 33)
-> Request 3
340
(1, 3, 1)
2
(38, 29)
-> Request 4
383
(3, 1, 1)
1
(51, 49)
-> Request 5
483
(4, 2, 1)
3
(5, 30)
-> Request 6
604
(4, 2, 2)
3
(44, 40)
-> Request 7
648
(1, 1, 2)
2
(60, 17)
-> Request 8
706
(3, 3, 2)
2
(6, 66)
-> Request 9
871
(4, 3, 1)
1
(54, 39)
-> Request 10
1247
(3, 3, 2)
3
(78, 33)
-> Request 11
1291
(1, 1, 1)
1
(71, 20)
-> Request 12
1324
(3, 2, 2)
1
(52, 57)
-> Request 13
1383
(3, 1, 1)
1
(37, 16)
--> Day : 4
-> Request 0
370
(1, 3, 2)
1
(57, 27)
-> Request 1
498
(3, 1, 2)
1
(74, 64)
-> Request 2
1409
(1, 1, 2)
3
(57, 36)
---> Week : 3
--> Day : 0
-> Request 0
217
(2, 1, 1)
3
(17, 39)
-> Request 1
628
(2, 1, 2)
2
(72, 45)
-> Request 2
802
(4, 3, 2)
2
(29, 71)
--> Day : 1
-> Request 0
3
(3, 1, 1)
2
(24, 69)
-> Request 1
189
(1, 3, 1)
2
(13, 21)
-> Request 2
454
(3, 3, 1)
2
(36, 19)
-> Request 3
718
(1, 1, 1)
1
(19, 33)
-> Request 4
751
(3, 2, 2)
1
(50, 46)
-> Request 5
852
(3, 2, 2)
3
(52, 16)
-> Request 6
1211
(2, 3, 2)
3
(71, 1)
--> Day : 2
-> Request 0
143
(1, 3, 2)
1
(29, 1)
-> Request 1
574
(2, 3, 1)
3
(45, 55)
-> Request 2
852
(1, 3, 2)
2
(60, 9)
-> Request 3
947
(1, 2, 2)
2
(39, 38)
-> Request 4
1011
(2, 3, 1)
1
(1, 32)
--> Day : 3
-> Request 0
633
(4, 2, 1)
1
(37, 58)
-> Request 1
712
(4, 1, 1)
3
(72, 69)
-> Request 2
824
(4, 1, 2)
1
(31, 61)
-> Request 3
879
(1, 3, 2)
3
(43, 32)
-> Request 4
1347
(1, 3, 1)
3
(72, 73)
--> Day : 4
-> Request 0
692
(2, 1, 1)
3
(23, 34)
-> Request 1
771
(4, 2, 1)
1
(21, 66)
-> Request 2
851
(2, 1, 1)
1
(10, 57)
-> Request 3
1352
(1, 1, 1)
1
(75, 26)
---> Week : 4
--> Day : 0
-> Request 0
63
(4, 3, 1)
3
(52, 46)
-> Request 1
206
(1, 2, 2)
1
(22, 55)
-> Request 2
380
(1, 3, 1)
3
(11, 77)
-> Request 3
892
(4, 1, 2)
2
(0, 23)
-> Request 4
1048
(1, 2, 2)
2
(20, 58)
-> Request 5
1417
(2, 3, 1)
3
(59, 73)
--> Day : 1
-> Request 0
234
(2, 3, 1)
2
(42, 45)
-> Request 1
663
(1, 1, 1)
1
(1, 2)
-> Request 2
823
(4, 1, 1)
3
(54, 22)
--> Day : 2
-> Request 0
96
(2, 2, 1)
2
(17, 37)
-> Request 1
176
(2, 1, 2)
3
(0, 31)
-> Request 2
186
(3, 1, 1)
1
(57, 22)
-> Request 3
224
(2, 1, 2)
1
(25, 21)
-> Request 4
693
(1, 3, 2)
2
(59, 55)
-> Request 5
695
(2, 2, 1)
1
(19, 5)
-> Request 6
761
(1, 2, 2)
3
(53, 54)
-> Request 7
964
(1, 2, 1)
1
(21, 2)
--> Day : 3
-> Request 0
907
(3, 1, 1)
3
(72, 65)
-> Request 1
909
(2, 3, 1)
3
(10, 69)
-> Request 2
943
(1, 1, 2)
3
(58, 39)
-> Request 3
1154
(2, 3, 1)
2
(32, 42)
-> Request 4
1160
(3, 3, 1)
2
(38, 38)
-> Request 5
1217
(4, 3, 1)
1
(1, 47)
-> Request 6
1344
(4, 3, 2)
2
(46, 40)
--> Day : 4
-> Request 0
701
(3, 3, 2)
1
(18, 52)
-> Request 1
710
(3, 1, 1)
1
(41, 77)
-> Request 2
995
(3, 3, 2)
2
(26, 65)
---> Week : 5
--> Day : 0
-> Request 0
19
(4, 1, 2)
3
(18, 29)
-> Request 1
276
(4, 3, 2)
3
(58, 63)
-> Request 2
484
(3, 1, 1)
2
(74, 76)
-> Request 3
1048
(3, 2, 2)
3
(38, 22)
-> Request 4
1346
(1, 3, 1)
3
(78, 14)
--> Day : 1
-> Request 0
75
(2, 3, 2)
1
(4, 27)
-> Request 1
103
(4, 3, 2)
2
(68, 68)
-> Request 2
165
(3, 1, 1)
1
(57, 25)
-> Request 3
360
(2, 3, 1)
2
(77, 11)
-> Request 4
514
(3, 2, 1)
1
(21, 73)
-> Request 5
743
(1, 3, 2)
3
(27, 63)
-> Request 6
1041
(1, 2, 2)
1
(57, 36)
-> Request 7
1182
(4, 1, 2)
1
(26, 41)
--> Day : 2
-> Request 0
501
(2, 3, 2)
3
(69, 73)
-> Request 1
591
(4, 2, 1)
2
(59, 68)
-> Request 2
953
(1, 2, 1)
3
(16, 42)
-> Request 3
973
(3, 2, 1)
3
(18, 64)
-> Request 4
1081
(2, 1, 2)
1
(64, 21)
-> Request 5
1409
(3, 3, 1)
3
(44, 38)
--> Day : 3
-> Request 0
351
(1, 3, 1)
2
(10, 1)
-> Request 1
464
(2, 3, 2)
1
(3, 45)
-> Request 2
624
(2, 2, 1)
3
(31, 44)
-> Request 3
680
(1, 1, 2)
2
(20, 60)
-> Request 4
1307
(1, 1, 2)
2
(53, 51)
--> Day : 4
-> Request 0
64
(2, 2, 2)
2
(53, 72)
-> Request 1
210
(4, 2, 2)
1
(6, 59)
-> Request 2
505
(1, 2, 1)
3
(71, 42)
-> Request 3
590
(1, 1, 2)
1
(32, 8)
-> Request 4
976
(3, 3, 2)
1
(45, 66)
-> Request 5
1073
(4, 3, 2)
2
(76, 9)
-> Request 6
1174
(2, 3, 2)
2
(74, 16)
-> Request 7
1179
(2, 2, 2)
3
(69, 12)
---> Week : 6
--> Day : 0
-> Request 0
61
(4, 2, 2)
1
(54, 32)
-> Request 1
911
(2, 3, 2)
1
(20, 70)
-> Request 2
1006
(4, 2, 2)
3
(42, 10)
-> Request 3
1309
(4, 1, 1)
2
(26, 76)
--> Day : 1
-> Request 0
165
(3, 1, 2)
1
(32, 27)
-> Request 1
246
(3, 1, 2)
2
(30, 23)
-> Request 2
275
(2, 2, 2)
3
(51, 60)
-> Request 3
559
(1, 1, 2)
2
(32, 22)
-> Request 4
692
(2, 1, 2)
2
(63, 57)
-> Request 5
795
(4, 1, 1)
3
(64, 1)
-> Request 6
1168
(1, 2, 2)
2
(0, 15)
-> Request 7
1405
(4, 2, 1)
3
(11, 30)
--> Day : 2
-> Request 0
1072
(2, 3, 2)
1
(35, 52)
-> Request 1
1090
(2, 2, 2)
2
(52, 8)
--> Day : 3
-> Request 0
231
(3, 3, 1)
3
(58, 63)
-> Request 1
248
(1, 3, 2)
1
(16, 50)
-> Request 2
616
(3, 3, 1)
3
(13, 11)
-> Request 3
700
(2, 1, 2)
3
(7, 43)
-> Request 4
815
(3, 3, 2)
3
(38, 51)
-> Request 5
934
(2, 2, 1)
1
(38, 66)
-> Request 6
1140
(4, 2, 1)
2
(43, 8)
-> Request 7
1274
(2, 2, 2)
1
(36, 9)
-> Request 8
1375
(2, 1, 2)
3
(61, 9)
--> Day : 4
-> Request 0
617
(1, 3, 2)
3
(40, 33)
-> Request 1
659
(3, 3, 1)
1
(28, 37)
-> Request 2
766
(2, 3, 1)
1
(47, 64)
-> Request 3
997
(3, 1, 1)
3
(43, 40)
-> Request 4
1000
(1, 1, 2)
1
(63, 57)
---> Week : 7
--> Day : 0
-> Request 0
109
(1, 2, 1)
2
(25, 42)
-> Request 1
248
(3, 1, 2)
3
(76, 24)
-> Request 2
250
(2, 1, 2)
1
(71, 74)
-> Request 3
529
(3, 2, 2)
1
(71, 36)
-> Request 4
559
(1, 1, 1)
3
(4, 35)
-> Request 5
821
(3, 2, 1)
3
(47, 79)
-> Request 6
844
(2, 2, 1)
2
(59, 5)
-> Request 7
848
(1, 3, 1)
3
(55, 19)
-> Request 8
857
(4, 1, 1)
2
(2, 27)
-> Request 9
1304
(3, 1, 1)
2
(1, 71)
-> Request 10
1438
(2, 3, 2)
2
(28, 41)
--> Day : 1
-> Request 0
547
(2, 2, 1)
2
(20, 17)
-> Request 1
552
(4, 1, 1)
2
(5, 30)
-> Request 2
639
(4, 1, 2)
2
(1, 63)
-> Request 3
1143
(1, 3, 2)
1
(4, 32)
--> Day : 2
-> Request 0
177
(4, 3, 1)
1
(3, 44)
-> Request 1
191
(1, 3, 2)
2
(63, 7)
-> Request 2
237
(3, 1, 1)
3
(11, 39)
-> Request 3
385
(2, 1, 1)
3
(25, 30)
-> Request 4
1203
(1, 2, 1)
1
(76, 25)
-> Request 5
1259
(1, 3, 2)
3
(6, 57)
--> Day : 3
-> Request 0
50
(3, 3, 1)
1
(59, 67)
-> Request 1
643
(3, 1, 2)
1
(39, 36)
-> Request 2
703
(3, 2, 1)
2
(64, 65)
-> Request 3
775
(4, 2, 2)
1
(58, 4)
-> Request 4
986
(3, 2, 2)
2
(76, 15)
-> Request 5
1104
(3, 3, 1)
3
(70, 36)
--> Day : 4
-> Request 0
333
(3, 1, 2)
1
(38, 55)
-> Request 1
429
(1, 2, 2)
1
(29, 18)
-> Request 2
757
(4, 1, 1)
3
(36, 78)
-> Request 3
805
(2, 2, 1)
1
(79, 69)
---> Week : 8
--> Day : 0
-> Request 0
25
(2, 1, 1)
3
(39, 6)
-> Request 1
379
(2, 1, 2)
3
(46, 15)
-> Request 2
869
(2, 1, 1)
3
(35, 14)
-> Request 3
889
(2, 1, 2)
2
(38, 40)
--> Day : 1
-> Request 0
26
(1, 3, 2)
3
(2, 58)
-> Request 1
100
(3, 1, 1)
3
(11, 66)
-> Request 2
504
(2, 1, 1)
1
(44, 34)
-> Request 3
559
(2, 1, 1)
1
(35, 18)
-> Request 4
587
(1, 2, 1)
1
(31, 56)
-> Request 5
593
(1, 3, 1)
1
(9, 17)
-> Request 6
745
(1, 1, 1)
2
(35, 74)
-> Request 7
1250
(4, 2, 2)
3
(60, 3)
--> Day : 2
-> Request 0
1333
(2, 3, 1)
2
(58, 39)
--> Day : 3
-> Request 0
478
(2, 1, 1)
3
(36, 8)
-> Request 1
1261
(1, 2, 1)
3
(2, 55)
--> Day : 4
-> Request 0
91
(1, 2, 2)
3
(7, 9)
-> Request 1
553
(4, 3, 1)
3
(55, 8)
-> Request 2
709
(2, 2, 2)
1
(8, 38)
-> Request 3
714
(2, 1, 2)
1
(17, 42)
---> Week : 9
--> Day : 0
-> Request 0
500
(1, 1, 2)
2
(75, 9)
-> Request 1
556
(4, 3, 2)
3
(5, 20)
-> Request 2
705
(4, 3, 1)
1
(60, 48)
-> Request 3
730
(4, 2, 1)
3
(47, 51)
-> Request 4
774
(4, 1, 2)
1
(17, 23)
-> Request 5
1267
(4, 2, 1)
3
(29, 4)
--> Day : 1
-> Request 0
31
(3, 3, 2)
1
(0, 67)
-> Request 1
347
(2, 3, 1)
1
(36, 14)
-> Request 2
536
(1, 3, 2)
2
(22, 52)
-> Request 3
1221
(1, 1, 2)
1
(0, 9)
-> Request 4
1383
(1, 3, 2)
3
(46, 37)
-> Request 5
1383
(3, 1, 1)
1
(69, 21)
--> Day : 2
-> Request 0
71
(4, 2, 2)
2
(16, 37)
-> Request 1
163
(3, 1, 2)
1
(54, 2)
-> Request 2
706
(2, 3, 2)
1
(15, 17)
-> Request 3
1091
(2, 2, 1)
1
(33, 35)
-> Request 4
1113
(2, 1, 2)
2
(75, 30)
-> Request 5
1137
(3, 2, 2)
2
(61, 2)
-> Request 6
1217
(1, 1, 1)
2
(66, 50)
-> Request 7
1283
(3, 3, 1)
1
(50, 23)
-> Request 8
1308
(2, 1, 1)
1
(24, 74)
-> Request 9
1331
(4, 1, 2)
1
(9, 64)
-> Request 10
1357
(1, 2, 1)
3
(25, 43)
-> Request 11
1438
(2, 1, 1)
2
(52, 17)
--> Day : 3
-> Request 0
564
(4, 2, 2)
2
(69, 27)
-> Request 1
627
(4, 2, 1)
2
(3, 78)
-> Request 2
825
(1, 1, 2)
1
(52, 11)
-> Request 3
1245
(2, 3, 1)
2
(39, 69)
--> Day : 4
-> Request 0
456
(4, 3, 2)
2
(6, 27)
-> Request 1
713
(4, 2, 2)
3
(20, 42)
-> Request 2
921
(4, 2, 2)
1
(21, 38)
-> Request 3
980
(1, 2, 2)
2
(18, 36)
-> Request 4
1094
(4, 3, 1)
1
(0, 33)
-> Request 5
1179
(4, 2, 2)
1
(67, 75)
-> Request 6
1242
(3, 3, 1)
2
(25, 45)
---> Week : 10
--> Day : 0
-> Request 0
171
(3, 2, 1)
3
(63, 6)
-> Request 1
245
(1, 3, 1)
2
(12, 64)
-> Request 2
606
(1, 1, 1)
2
(47, 41)
-> Request 3
664
(4, 3, 1)
3
(17, 24)
-> Request 4
1307
(1, 2, 1)
3
(8, 20)
-> Request 5
1309
(1, 2, 1)
3
(47, 70)
--> Day : 1
-> Request 0
72
(2, 1, 2)
1
(34, 49)
-> Request 1
572
(2, 1, 2)
3
(18, 1)
-> Request 2
577
(4, 1, 2)
1
(32, 29)
-> Request 3
915
(3, 2, 1)
3
(4, 8)
-> Request 4
1123
(3, 3, 2)
2
(51, 44)
-> Request 5
1173
(2, 2, 2)
1
(62, 64)
-> Request 6
1357
(1, 1, 2)
3
(15, 9)
--> Day : 2
-> Request 0
92
(4, 3, 2)
2
(49, 58)
-> Request 1
285
(3, 3, 1)
2
(11, 27)
-> Request 2
312
(4, 1, 1)
3
(74, 59)
-> Request 3
790
(4, 2, 2)
2
(2, 7)
-> Request 4
1034
(4, 3, 2)
2
(30, 52)
-> Request 5
1093
(1, 1, 1)
1
(16, 15)
-> Request 6
1199
(1, 2, 2)
2
(7, 79)
-> Request 7
1248
(1, 1, 2)
2
(12, 46)
-> Request 8
1322
(1, 1, 2)
1
(1, 2)
-> Request 9
1336
(3, 3, 1)
1
(22, 79)
-> Request 10
1399
(1, 2, 1)
2
(73, 26)
--> Day : 3
-> Request 0
496
(2, 3, 2)
1
(33, 2)
-> Request 1
599
(4, 2, 1)
1
(2, 71)
-> Request 2
1041
(3, 2, 2)
3
(18, 48)
--> Day : 4
-> Request 0
52
(3, 1, 1)
3
(79, 31)
-> Request 1
94
(3, 3, 2)
1
(29, 5)
-> Request 2
233
(4, 3, 1)
1
(58, 17)
-> Request 3
547
(4, 3, 2)
3
(0, 38)
-> Request 4
1133
(1, 2, 2)
2
(25, 52)
-> Request 5
1436
(3, 2, 2)
1
(18, 24)
---> Week : 11
--> Day : 0
-> Request 0
246
(2, 1, 1)
1
(77, 67)
-> Request 1
1237
(4, 3, 1)
2
(47, 13)
--> Day : 1
-> Request 0
390
(4, 1, 1)
1
(36, 4)
-> Request 1
393
(2, 1, 2)
3
(19, 68)
-> Request 2
640
(4, 3, 1)
1
(16, 26)
-> Request 3
648
(2, 3, 1)
1
(68, 77)
-> Request 4
1073
(1, 3, 2)
3
(42, 41)
-> Request 5
1164
(3, 3, 1)
3
(45, 36)
--> Day : 2
-> Request 0
285
(1, 2, 1)
1
(3, 71)
-> Request 1
304
(1, 2, 1)
1
(21, 65)
-> Request 2
1053
(2, 3, 1)
1
(69, 5)
-> Request 3
1240
(3, 3, 1)
1
(25, 66)
-> Request 4
1281
(2, 2, 2)
2
(66, 71)
-> Request 5
1353
(4, 2, 1)
3
(56, 8)
--> Day : 3
-> Request 0
309
(2, 3, 1)
3
(8, 19)
-> Request 1
411
(1, 1, 1)
3
(65, 53)
-> Request 2
637
(2, 2, 1)
1
(76, 70)
-> Request 3
682
(1, 2, 2)
2
(43, 41)
-> Request 4
722
(1, 1, 1)
1
(23, 70)
-> Request 5
771
(1, 1, 2)
3
(38, 12)
-> Request 6
977
(1, 3, 1)
1
(79, 9)
-> Request 7
1357
(2, 2, 1)
1
(25, 59)
--> Day : 4
-> Request 0
35
(4, 1, 2)
2
(78, 9)
-> Request 1
108
(1, 1, 1)
3
(49, 11)
-> Request 2
126
(2, 2, 2)
1
(18, 57)
-> Request 3
374
(4, 3, 1)
1
(40, 72)
-> Request 4
466
(2, 2, 2)
1
(24, 78)
-> Request 5
874
(2, 3, 2)
2
(61, 43)
-> Request 6
1026
(3, 2, 2)
3
(3, 29)
-> Request 7
1168
(2, 1, 2)
2
(30, 47)
---> Week : 12
--> Day : 0
-> Request 0
66
(2, 2, 2)
1
(50, 61)
-> Request 1
617
(4, 1, 2)
1
(65, 39)
-> Request 2
633
(1, 3, 2)
1
(67, 50)
-> Request 3
680
(3, 1, 2)
3
(64, 0)
-> Request 4
730
(4, 3, 1)
2
(65, 28)
-> Request 5
746
(2, 3, 2)
3
(78, 2)
-> Request 6
769
(1, 2, 2)
3
(36, 33)
-> Request 7
1016
(4, 1, 2)
2
(68, 53)
-> Request 8
1076
(2, 2, 2)
3
(56, 21)
-> Request 9
1271
(4, 1, 1)
2
(61, 40)
-> Request 10
1291
(2, 3, 1)
3
(18, 39)
-> Request 11
1431
(2, 1, 1)
1
(20, 4)
--> Day : 1
-> Request 0
56
(2, 3, 2)
2
(64, 8)
-> Request 1
226
(1, 1, 1)
3
(75, 61)
-> Request 2
261
(1, 3, 2)
2
(75, 74)
-> Request 3
403
(3, 1, 2)
3
(44, 65)
-> Request 4
1058
(3, 2, 2)
3
(10, 13)
--> Day : 2
-> Request 0
123
(1, 1, 1)
2
(35, 69)
-> Request 1
1141
(1, 3, 1)
2
(23, 77)
-> Request 2
1145
(4, 1, 2)
1
(23, 58)
--> Day : 3
-> Request 0
174
(4, 2, 1)
3
(72, 55)
-> Request 1
885
(4, 1, 2)
1
(54, 6)
-> Request 2
1071
(1, 3, 2)
1
(76, 7)
--> Day : 4
-> Request 0
115
(1, 1, 2)
2
(21, 59)
-> Request 1
294
(3, 1, 1)
3
(22, 15)
-> Request 2
350
(2, 1, 1)
1
(41, 60)
-> Request 3
485
(2, 2, 1)
3
(76, 40)
-> Request 4
567
(4, 2, 1)
1
(35, 14)
-> Request 5
742
(2, 3, 1)
2
(66, 61)
-> Request 6
867
(3, 2, 1)
2
(18, 32)
-> Request 7
925
(3, 2, 1)
2
(41, 4)
-> Request 8
1191
(4, 2, 1)
2
(66, 18)
-> Request 9
1298
(2, 2, 2)
3
(9, 13)
---> Week : 13
--> Day : 0
-> Request 0
134
(1, 2, 1)
1
(57, 49)
-> Request 1
524
(1, 2, 2)
3
(63, 67)
-> Request 2
755
(4, 2, 1)
3
(7, 62)
-> Request 3
797
(3, 2, 2)
3
(59, 2)
-> Request 4
1236
(2, 2, 2)
2
(36, 44)
-> Request 5
1422
(3, 1, 1)
3
(79, 69)
--> Day : 1
-> Request 0
388
(3, 2, 2)
3
(58, 41)
-> Request 1
699
(2, 1, 1)
3
(24, 1)
-> Request 2
841
(3, 2, 1)
1
(6, 31)
-> Request 3
893
(4, 1, 1)
2
(78, 73)
-> Request 4
1193
(1, 1, 2)
3
(67, 56)
--> Day : 2
-> Request 0
170
(1, 2, 2)
2
(11, 77)
-> Request 1
385
(2, 3, 2)
1
(61, 22)
-> Request 2
482
(1, 1, 2)
2
(77, 4)
-> Request 3
637
(2, 2, 1)
1
(57, 49)
-> Request 4
1281
(1, 1, 2)
3
(55, 10)
--> Day : 3
-> Request 0
113
(2, 1, 2)
1
(4, 76)
-> Request 1
215
(2, 2, 2)
2
(8, 77)
-> Request 2
220
(2, 3, 2)
2
(26, 7)
-> Request 3
486
(2, 3, 2)
2
(14, 23)
-> Request 4
869
(1, 2, 1)
3
(28, 27)
-> Request 5
1115
(2, 2, 1)
1
(59, 28)
--> Day : 4
-> Request 0
136
(3, 1, 2)
3
(10, 73)
-> Request 1
167
(4, 1, 2)
3
(69, 74)
-> Request 2
175
(2, 2, 1)
3
(57, 23)
-> Request 3
263
(1, 3, 2)
1
(15, 16)
-> Request 4
917
(2, 1, 2)
3
(72, 45)
-> Request 5
1132
(4, 1, 2)
1
(29, 77)
-> Request 6
1264
(3, 1, 1)
2
(72, 42)
---> Week : 14
--> Day : 0
-> Request 0
3
(1, 1, 2)
2
(67, 77)
-> Request 1
337
(4, 2, 1)
1
(74, 75)
-> Request 2
788
(2, 1, 2)
1
(40, 56)
-> Request 3
791
(1, 3, 2)
3
(5, 31)
-> Request 4
886
(1, 1, 2)
3
(55, 33)
-> Request 5
945
(1, 3, 1)
1
(11, 27)
--> Day : 1
-> Request 0
96
(3, 1, 2)
3
(5, 31)
-> Request 1
98
(2, 2, 1)
3
(49, 52)
-> Request 2
247
(3, 2, 2)
2
(63, 32)
-> Request 3
312
(1, 1, 2)
2
(34, 30)
-> Request 4
355
(4, 3, 2)
2
(28, 27)
-> Request 5
615
(3, 1, 1)
2
(6, 8)
-> Request 6
926
(1, 2, 1)
2
(19, 36)
-> Request 7
1328
(4, 2, 1)
3
(16, 42)
-> Request 8
1336
(4, 2, 2)
3
(0, 11)
--> Day : 2
-> Request 0
4
(2, 3, 2)
2
(24, 35)
-> Request 1
12
(4, 3, 1)
3
(26, 13)
-> Request 2
456
(2, 3, 1)
3
(35, 6)
-> Request 3
544
(3, 1, 2)
3
(61, 1)
-> Request 4
593
(4, 3, 1)
2
(65, 11)
-> Request 5
623
(3, 1, 2)
2
(60, 68)
-> Request 6
1308
(2, 1, 2)
1
(59, 55)
--> Day : 3
-> Request 0
86
(4, 3, 2)
1
(29, 59)
-> Request 1
152
(3, 3, 1)
3
(31, 15)
-> Request 2
174
(3, 3, 1)
1
(41, 35)
-> Request 3
195
(1, 1, 2)
2
(71, 47)
-> Request 4
1111
(4, 1, 2)
3
(35, 41)
-> Request 5
1266
(1, 3, 1)
2
(77, 32)
-> Request 6
1287
(4, 3, 2)
3
(54, 47)
-> Request 7
1339
(1, 2, 1)
2
(30, 53)
--> Day : 4
-> Request 0
326
(4, 3, 1)
2
(35, 71)
-> Request 1
357
(3, 2, 1)
2
(72, 13)
-> Request 2
394
(2, 1, 1)
1
(21, 5)
-> Request 3
415
(4, 1, 1)
3
(28, 29)
-> Request 4
575
(3, 1, 1)
3
(0, 29)
-> Request 5
590
(4, 3, 1)
2
(73, 25)
-> Request 6
779
(4, 1, 1)
1
(23, 69)
-> Request 7
1238
(1, 1, 1)
1
(49, 35)
-> Request 8
1262
(2, 2, 1)
2
(72, 51)
---> Week : 15
--> Day : 0
-> Request 0
14
(3, 2, 1)
2
(59, 20)
-> Request 1
430
(1, 3, 1)
2
(11, 62)
-> Request 2
647
(3, 2, 1)
1
(15, 14)
-> Request 3
883
(3, 1, 2)
3
(52, 63)
-> Request 4
1119
(4, 1, 2)
1
(39, 7)
--> Day : 1
-> Request 0
84
(1, 3, 2)
3
(6, 48)
-> Request 1
86
(3, 1, 2)
2
(41, 59)
-> Request 2
335
(2, 1, 2)
2
(30, 0)
-> Request 3
404
(1, 3, 1)
1
(32, 71)
-> Request 4
656
(2, 2, 2)
1
(10, 23)
-> Request 5
835
(3, 1, 1)
1
(77, 29)
--> Day : 2
-> Request 0
187
(2, 1, 1)
1
(30, 53)
-> Request 1
208
(4, 1, 1)
3
(67, 75)
-> Request 2
587
(3, 3, 2)
2
(11, 33)
-> Request 3
1275
(2, 3, 1)
1
(20, 78)
-> Request 4
1296
(2, 3, 2)
1
(72, 69)
--> Day : 3
-> Request 0
118
(1, 1, 2)
2
(19, 60)
-> Request 1
549
(4, 1, 1)
3
(72, 42)
-> Request 2
710
(4, 1, 2)
2
(10, 46)
-> Request 3
840
(3, 3, 2)
3
(15, 45)
-> Request 4
1067
(2, 1, 2)
3
(40, 59)
-> Request 5
1112
(4, 3, 1)
2
(15, 60)
--> Day : 4
-> Request 0
23
(1, 2, 2)
2
(29, 47)
-> Request 1
50
(2, 1, 2)
1
(36, 56)
-> Request 2
435
(4, 1, 2)
2
(65, 49)
-> Request 3
993
(1, 2, 2)
3
(57, 37)
-> Request 4
1247
(4, 1, 2)
2
(19, 6)
-> Request 5
1254
(2, 1, 2)
1
(72, 20)
---> Week : 16
--> Day : 0
-> Request 0
168
(4, 1, 1)
1
(16, 42)
-> Request 1
374
(2, 3, 2)
1
(50, 19)
-> Request 2
378
(3, 3, 1)
1
(67, 38)
-> Request 3
1383
(1, 3, 2)
1
(71, 20)
-> Request 4
1419
(2, 1, 2)
2
(29, 38)
--> Day : 1
-> Request 0
291
(3, 1, 1)
1
(69, 31)
-> Request 1
340
(1, 2, 1)
2
(11, 40)
-> Request 2
407
(1, 2, 1)
3
(13, 36)
-> Request 3
721
(2, 2, 1)
2
(35, 41)
-> Request 4
1093
(4, 2, 1)
2
(72, 49)
-> Request 5
1212
(1, 2, 1)
1
(41, 58)
-> Request 6
1330
(4, 1, 2)
3
(44, 70)
--> Day : 2
-> Request 0
90
(4, 3, 2)
1
(46, 63)
-> Request 1
576
(2, 2, 1)
1
(44, 25)
-> Request 2
733
(3, 3, 1)
2
(32, 7)
-> Request 3
745
(2, 1, 1)
3
(79, 43)
-> Request 4
898
(3, 3, 2)
1
(39, 5)
-> Request 5
1050
(2, 1, 2)
2
(56, 38)
--> Day : 3
-> Request 0
98
(2, 1, 2)
1
(42, 21)
-> Request 1
172
(2, 3, 2)
3
(47, 21)
-> Request 2
349
(4, 3, 2)
2
(21, 22)
-> Request 3
486
(1, 3, 2)
2
(52, 76)
-> Request 4
522
(3, 2, 2)
2
(68, 58)
-> Request 5
693
(4, 3, 2)
2
(36, 60)
-> Request 6
1106
(2, 1, 2)
2
(73, 26)
-> Request 7
1299
(4, 1, 2)
2
(78, 26)
-> Request 8
1313
(4, 3, 1)
3
(65, 59)
-> Request 9
1352
(4, 2, 2)
1
(58, 69)
-> Request 10
1393
(3, 2, 2)
2
(76, 25)
--> Day : 4
-> Request 0
96
(4, 1, 1)
2
(20, 50)
-> Request 1
431
(1, 2, 1)
1
(64, 11)
-> Request 2
578
(2, 2, 2)
1
(28, 37)
-> Request 3
583
(2, 2, 2)
2
(3, 62)
-> Request 4
1026
(2, 3, 2)
3
(75, 6)
-> Request 5
1118
(3, 3, 1)
2
(45, 31)
-> Request 6
1408
(4, 1, 2)
3
(22, 78)
---> Week : 17
--> Day : 0
-> Request 0
283
(3, 1, 1)
3
(32, 67)
-> Request 1
742
(1, 1, 1)
1
(24, 33)
-> Request 2
861
(2, 3, 2)
3
(10, 19)
-> Request 3
988
(3, 3, 1)
2
(38, 11)
-> Request 4
1237
(2, 2, 1)
2
(71, 71)
-> Request 5
1247
(2, 3, 2)
2
(28, 70)
--> Day : 1
-> Request 0
400
(1, 3, 1)
1
(61, 52)
-> Request 1
459
(2, 1, 2)
2
(49, 19)
-> Request 2
463
(4, 2, 2)
1
(69, 39)
-> Request 3
481
(4, 1, 2)
3
(26, 78)
-> Request 4
640
(1, 3, 1)
2
(41, 30)
-> Request 5
1059
(1, 3, 2)
1
(47, 79)
-> Request 6
1149
(4, 3, 2)
1
(49, 10)
--> Day : 2
-> Request 0
263
(1, 1, 1)
2
(77, 40)
-> Request 1
370
(4, 3, 2)
2
(76, 56)
-> Request 2
693
(4, 3, 2)
1
(60, 28)
-> Request 3
1021
(3, 1, 1)
2
(3, 4)
-> Request 4
1172
(4, 1, 2)
3
(42, 21)
-> Request 5
1233
(4, 3, 1)
2
(37, 71)
-> Request 6
1363
(3, 2, 2)
3
(67, 55)
--> Day : 3
-> Request 0
241
(2, 2, 1)
3
(79, 43)
-> Request 1
291
(2, 1, 2)
2
(25, 29)
-> Request 2
328
(1, 2, 1)
3
(45, 38)
-> Request 3
379
(2, 1, 2)
1
(7, 16)
-> Request 4
911
(1, 2, 1)
1
(64, 36)
-> Request 5
1143
(3, 1, 2)
1
(7, 58)
-> Request 6
1283
(2, 1, 2)
1
(23, 30)
--> Day : 4
-> Request 0
37
(4, 2, 1)
1
(66, 44)
-> Request 1
225
(1, 1, 2)
3
(0, 16)
-> Request 2
828
(1, 2, 2)
3
(52, 79)
-> Request 3
1144
(1, 3, 2)
2
(52, 1)
-> Request 4
1191
(4, 2, 2)
3
(47, 71)
-> Request 5
1209
(2, 3, 1)
3
(38, 21)
-> Request 6
1277
(3, 3, 2)
2
(59, 51)
-> Request 7
1300
(1, 1, 1)
1
(28, 29)
-> Request 8
1373
(3, 3, 2)
1
(15, 61)
---> Week : 18
--> Day : 0
-> Request 0
174
(4, 2, 2)
1
(26, 63)
-> Request 1
282
(4, 2, 2)
1
(65, 22)
-> Request 2
366
(1, 1, 2)
1
(42, 74)
-> Request 3
425
(1, 3, 1)
3
(69, 41)
-> Request 4
822
(1, 3, 1)
2
(0, 42)
-> Request 5
1422
(3, 3, 2)
2
(29, 57)
--> Day : 1
-> Request 0
617
(1, 2, 2)
2
(9, 36)
-> Request 1
738
(1, 1, 2)
1
(20, 35)
-> Request 2
808
(3, 2, 2)
3
(72, 0)
-> Request 3
1217
(1, 1, 1)
2
(33, 1)
-> Request 4
1313
(1, 1, 2)
2
(55, 69)
--> Day : 2
-> Request 0
67
(2, 2, 1)
3
(18, 58)
-> Request 1
102
(1, 1, 1)
3
(36, 37)
-> Request 2
261
(1, 2, 1)
2
(58, 41)
-> Request 3
823
(4, 3, 1)
1
(16, 59)
-> Request 4
872
(2, 3, 1)
3
(67, 70)
-> Request 5
1014
(2, 2, 1)
3
(63, 5)
-> Request 6
1161
(1, 3, 2)
3
(7, 66)
-> Request 7
1267
(1, 2, 2)
3
(58, 30)
--> Day : 3
-> Request 0
127
(4, 2, 2)
3
(79, 43)
-> Request 1
781
(3, 3, 2)
2
(23, 57)
-> Request 2
1276
(4, 2, 1)
3
(58, 44)
--> Day : 4
-> Request 0
200
(2, 1, 2)
2
(41, 27)
-> Request 1
381
(2, 2, 2)
1
(76, 11)
-> Request 2
581
(3, 2, 2)
3
(45, 30)
-> Request 3
674
(3, 2, 2)
3
(31, 35)
-> Request 4
700
(1, 2, 2)
2
(33, 60)
---> Week : 19
--> Day : 0
-> Request 0
168
(2, 2, 1)
2
(57, 64)
-> Request 1
490
(3, 2, 1)
1
(23, 4)
-> Request 2
534
(3, 1, 1)
1
(3, 65)
-> Request 3
1318
(2, 2, 2)
3
(32, 49)
-> Request 4
1350
(2, 2, 2)
3
(51, 44)
-> Request 5
1363
(1, 3, 2)
1
(16, 7)
--> Day : 1
-> Request 0
216
(3, 3, 2)
3
(61, 15)
-> Request 1
329
(3, 1, 1)
3
(78, 12)
-> Request 2
744
(2, 1, 2)
2
(22, 37)
-> Request 3
1091
(1, 2, 1)
2
(20, 38)
-> Request 4
1359
(4, 2, 2)
2
(10, 79)
--> Day : 2
-> Request 0
202
(4, 2, 1)
2
(67, 44)
-> Request 1
366
(3, 3, 2)
3
(21, 8)
-> Request 2
626
(4, 2, 1)
1
(24, 11)
-> Request 3
653
(3, 1, 2)
1
(26, 45)
-> Request 4
907
(2, 2, 1)
1
(27, 19)
-> Request 5
1132
(3, 3, 1)
2
(57, 11)
-> Request 6
1318
(3, 3, 2)
3
(7, 28)
-> Request 7
1332
(4, 3, 2)
2
(62, 54)
--> Day : 3
-> Request 0
229
(3, 1, 1)
3
(56, 60)
-> Request 1
353
(4, 2, 1)
3
(37, 72)
-> Request 2
425
(3, 1, 2)
1
(28, 59)
-> Request 3
824
(2, 1, 2)
1
(43, 30)
-> Request 4
1065
(4, 2, 2)
1
(74, 37)
-> Request 5
1291
(1, 2, 1)
3
(41, 78)
-> Request 6
1356
(4, 2, 2)
1
(38, 9)
--> Day : 4
-> Request 0
165
(1, 2, 2)
3
(19, 53)
-> Request 1
488
(3, 2, 2)
3
(67, 78)
-> Request 2
588
(3, 2, 1)
3
(25, 20)
-> Request 3
609
(3, 1, 2)
1
(52, 34)
-> Request 4
727
(4, 2, 1)
3
(54, 19)
-> Request 5
987
(3, 1, 2)
3
(42, 75)
