---> Week : 0
--> Day : 0
-> Request 0
499
(3, 3, 1)
2
(1, 78)
-> Request 1
781
(1, 1, 2)
2
(58, 7)
-> Request 2
822
(4, 3, 2)
1
(78, 56)
-> Request 3
825
(1, 2, 1)
3
(68, 25)
-> Request 4
959
(1, 3, 1)
1
(65, 47)
--> Day : 1
-> Request 0
82
(1, 2, 2)
2
(49, 38)
-> Request 1
152
(4, 1, 2)
3
(22, 63)
-> Request 2
486
(2, 2, 2)
3
(30, 75)
-> Request 3
857
(2, 1, 1)
2
(25, 62)
-> Request 4
1301
(4, 1, 2)
1
(78, 42)
--> Day : 2
-> Request 0
170
(3, 1, 2)
3
(46, 23)
-> Request 1
705
(4, 2, 2)
3
(12, 58)
-> Request 2
900
(1, 2, 2)
3
(4, 49)
-> Request 3
996
(4, 1, 1)
2
(39, 51)
-> Request 4
1222
(1, 3, 2)
3
(7, 31)
--> Day : 3
-> Request 0
49
(2, 1, 2)
2
(41, 16)
-> Request 1
237
(3, 2, 1)
1
(54, 58)
-> Request 2
377
(1, 1, 1)
1
(33, 8)
-> Request 3
386
(4, 3, 1)
1
(23, 75)
-> Request 4
566
(2, 3, 1)
3
(1, 53)
-> Request 5
794
(1, 3, 1)
1
(67, 20)
-> Request 6
943
(2, 1, 2)
1
(58, 23)
-> Request 7
1079
(4, 1, 1)
3
(63, 77)
-> Request 8
1124
(4, 2, 2)
2
(61, 38)
-> Request 9
1176
(1, 2, 1)
1
(22, 36)
-> Request 10
1230
(3, 3, 2)
1
(46, 59)
-> Request 11
1363
(1, 1, 2)
3
(76, 39)
--> Day : 4
-> Request 0
86
(4, 2, 1)
1
(53, 78)
-> Request 1
208
(4, 1, 1)
3
(14, 56)
-> Request 2
312
(2, 1, 1)
3
(8, 60)
-> Request 3
320
(3, 3, 2)
2
(50, 52)
-> Request 4
470
(3, 2, 1)
1
(12, 37)
-> Request 5
693
(3, 2, 2)
1
(30, 61)
-> Request 6
743
(2, 1, 1)
3
(30, 72)
-> Request 7
1223
(3, 2, 2)
3
(49, 50)
-> Request 8
1340
(4, 3, 2)
1
(31, 26)
---> Week : 1
--> Day : 0
-> Request 0
200
(2, 2, 1)
1
(43, 35)
-> Request 1
282
(4, 2, 1)
3
(4, 33)
-> Request 2
478
(3, 2, 2)
3
(76, 20)
-> Request 3
1413
(2, 1, 1)
3
(71, 63)
--> Day : 1
-> Request 0
141
(2, 1, 1)
1
(68, 24)
-> Request 1
158
(1, 2, 1)
3
(32, 12)
-> Request 2
233
(2, 3, 2)
2
(68, 28)
-> Request 3
440
(4, 2, 1)
1
(26, 48)
-> Request 4
998
(2, 1, 1)
3
(2, 74)
-> Request 5
1027
(4, 1, 1)
2
(74, 60)
-> Request 6
1076
(2, 1, 2)
2
(46, 46)
--> Day : 2
-> Request 0
86
(4, 1, 1)
1
(74, 53)
-> Request 1
93
(2, 3, 1)
3
(21, 47)
-> Request 2
541
(3, 1, 1)
1
(32, 56)
-> Request 3
952
(4, 2, 1)
2
(45, 21)
-> Request 4
959
(1, 2, 1)
1
(59, 17)
-> Request 5
1208
(4, 3, 2)
2
(25, 76)
-> Request 6
1308
(3, 3, 1)
3
(52, 17)
-> Request 7
1346
(2, 2, 2)
2
(50, 53)
--> Day : 3
-> Request 0
156
(4, 3, 2)
1
(5, 23)
-> Request 1
226
(2, 1, 1)
1
(65, 10)
-> Request 2
585
(3, 3, 2)
3
(30, 79)
-> Request 3
706
(1, 3, 2)
3
(4, 42)
-> Request 4
1082
(2, 3, 2)
1
(37, 24)
--> Day : 4
-> Request 0
25
(4, 1, 1)
2
(70, 68)
-> Request 1
272
(3, 3, 1)
3
(49, 76)
-> Request 2
418
(1, 3, 1)
1
(63, 65)
-> Request 3
488
(3, 2, 1)
2
(74, 66)
-> Request 4
1229
(2, 1, 2)
1
(78, 62)
-> Request 5
1287
(3, 1, 2)
2
(11, 12)
---> Week : 2
--> Day : 0
-> Request 0
230
(3, 3, 1)
3
(7, 30)
-> Request 1
564
(4, 1, 1)
3
(46, 2)
-> Request 2
774
(1, 3, 1)
2
(29, 42)
-> Request 3
851
(1, 2, 2)
1
(70, 16)
-> Request 4
1080
(3, 2, 2)
2
(14, 53)
-> Request 5
1144
(4, 1, 1)
1
(47, 58)
-> Request 6
1249
(1, 3, 1)
3
(42, 54)
--> Day : 1
-> Request 0
185
(3, 3, 1)
1
(17, 13)
-> Request 1
667
(4, 2, 1)
2
(50, 56)
-> Request 2
667
(4, 2, 2)
2
(25, 58)
-> Request 3
1248
(2, 2, 2)
3
(54, 27)
-> Request 4
1407
(4, 2, 2)
2
(64, 22)
--> Day : 2
-> Request 0
172
(3, 1, 1)
1
(60, 44)
-> Request 1
498
(3, 3, 1)
1
(66, 10)
-> Request 2
559
(2, 3, 1)
3
(11, 29)
-> Request 3
593
(4, 3, 2)
3
(42, 22)
-> Request 4
704
(1, 3, 1)
2
(61, 22)
-> Request 5
722
(2, 3, 2)
2
(41, 1)
-> Request 6
770
(1, 2, 2)
1
(57, 20)
-> Request 7
1031
(2, 1, 2)
1
(13, 13)
-> Request 8
1385
(2, 3, 2)
1
(41, 76)
--> Day : 3
-> Request 0
82
(3, 3, 2)
2
(56, 42)
-> Request 1
182
(2, 1, 1)
1
(72, 50)
-> Request 2
477
(2, 3, 1)
3
(63, 18)
-> Request 3
702
(2, 2, 1)
3
(74, 22)
-> Request 4
766
(2, 2, 1)
3
(34, 21)
-> Request 5
861
(2, 3, 2)
3
(63, 49)
-> Request 6
886
(2, 2, 2)
1
(61, 34)
-> Request 7
1322
(4, 1, 1)
1
(7, 4)
-> Request 8
1427
(1, 3, 1)
2
(16, 63)
--> Day : 4
-> Request 0
131
(2, 1, 1)
3
(55, 28)
-> Request 1
298
(4, 3, 2)
1
(18, 5)
-> Request 2
327
(3, 3, 1)
1
(5, 7)
-> Request 3
890
(2, 3, 1)
1
(62, 65)
-> Request 4
1243
(4, 2, 1)
1
(66, 0)
-> Request 5
1332
(2, 2, 2)
3
(9, 56)
---> Week : 3
--> Day : 0
-> Request 0
327
(1, 3, 2)
1
(74, 14)
-> Request 1
526
(4, 1, 2)
3
(57, 66)
-> Request 2
594
(2, 3, 2)
1
(24, 51)
-> Request 3
880
(3, 1, 2)
1
(54, 10)
-> Request 4
1092
(3, 1, 2)
1
(41, 21)
-> Request 5
1200
(4, 2, 2)
3
(47, 70)
-> Request 6
1403
(4, 2, 2)
1
(57, 74)
-> Request 7
1426
(2, 2, 2)
1
(67, 22)
-> Request 8
1431
(3, 3, 1)
3
(28, 64)
--> Day : 1
-> Request 0
303
(3, 3, 1)
1
(40, 37)
-> Request 1
778
(3, 3, 2)
3
(38, 72)
-> Request 2
918
(2, 2, 1)
2
(3, 6)
-> Request 3
1155
(3, 1, 2)
1
(57, 72)
-> Request 4
1342
(1, 2, 1)
1
(8, 44)
-> Request 5
1377
(3, 1, 1)
1
(42, 16)
-> Request 6
1426
(4, 2, 2)
1
(72, 39)
--> Day : 2
-> Request 0
187
(3, 2, 2)
1
(48, 38)
-> Request 1
192
(2, 1, 2)
2
(24, 16)
-> Request 2
660
(1, 1, 2)
1
(78, 61)
-> Request 3
1209
(3, 2, 1)
2
(17, 18)
-> Request 4
1247
(3, 1, 1)
1
(45, 69)
--> Day : 3
-> Request 0
6
(3, 3, 1)
1
(53, 18)
-> Request 1
61
(4, 2, 2)
1
(77, 13)
-> Request 2
496
(2, 3, 2)
2
(28, 76)
-> Request 3
529
(4, 1, 2)
3
(69, 8)
-> Request 4
1040
(4, 3, 1)
2
(57, 65)
-> Request 5
1145
(2, 1, 1)
1
(40, 62)
-> Request 6
1203
(4, 3, 2)
1
(76, 26)
-> Request 7
1229
(3, 3, 1)
2
(18, 21)
--> Day : 4
-> Request 0
217
(3, 1, 2)
3
(49, 15)
-> Request 1
237
(2, 3, 2)
2
(66, 78)
-> Request 2
487
(3, 1, 2)
1
(67, 52)
-> Request 3
599
(1, 1, 2)
2
(43, 25)
-> Request 4
927
(3, 3, 2)
3
(54, 20)
-> Request 5
1008
(2, 1, 1)
2
(54, 44)
---> Week : 4
--> Day : 0
-> Request 0
494
(2, 3, 1)
2
(71, 72)
-> Request 1
626
(4, 2, 1)
1
(3, 74)
-> Request 2
947
(2, 3, 2)
1
(55, 42)
--> Day : 1
-> Request 0
5
(3, 1, 2)
3
(14, 17)
-> Request 1
204
(1, 1, 1)
2
(70, 13)
-> Request 2
402
(2, 3, 2)
2
(38, 35)
-> Request 3
1350
(4, 2, 1)
3
(28, 76)
--> Day : 2
-> Request 0
145
(1, 3, 1)
1
(23, 16)
-> Request 1
303
(2, 2, 2)
2
(32, 79)
-> Request 2
391
(4, 1, 1)
1
(11, 47)
-> Request 3
814
(1, 1, 2)
2
(77, 0)
-> Request 4
964
(4, 2, 1)
1
(9, 27)
-> Request 5
1028
(2, 2, 1)
2
(75, 12)
-> Request 6
1426
(2, 2, 2)
1
(77, 42)
--> Day : 3
-> Request 0
55
(1, 1, 1)
1
(65, 16)
-> Request 1
963
(4, 3, 2)
2
(42, 27)
-> Request 2
1038
(1, 3, 2)
1
(48, 68)
--> Day : 4
-> Request 0
112
(3, 3, 2)
1
(1, 45)
-> Request 1
279
(1, 1, 2)
1
(12, 55)
-> Request 2
523
(1, 1, 1)
2
(45, 42)
-> Request 3
560
(2, 1, 2)
3
(59, 78)
-> Request 4
773
(2, 2, 1)
2
(70, 67)
-> Request 5
1101
(3, 3, 1)
3
(44, 21)
---> Week : 5
--> Day : 0
-> Request 0
169
(4, 3, 2)
1
(34, 15)
-> Request 1
262
(2, 1, 1)
2
(0, 43)
-> Request 2
742
(3, 1, 1)
1
(27, 62)
-> Request 3
750
(1, 1, 2)
2
(23, 48)
-> Request 4
942
(4, 1, 2)
2
(34, 34)
--> Day : 1
-> Request 0
777
(1, 2, 1)
2
(45, 6)
--> Day : 2
-> Request 0
314
(4, 1, 2)
3
(26, 66)
-> Request 1
827
(2, 2, 2)
2
(71, 28)
-> Request 2
859
(2, 3, 2)
1
(14, 60)
-> Request 3
1044
(3, 1, 2)
2
(4, 64)
-> Request 4
1186
(4, 3, 2)
1
(44, 17)
--> Day : 3
-> Request 0
419
(4, 3, 2)
2
(58, 71)
-> Request 1
468
(1, 1, 2)
1
(74, 78)
-> Request 2
808
(3, 2, 2)
2
(79, 12)
-> Request 3
1038
(1, 1, 1)
1
(29, 9)
-> Request 4
1247
(3, 3, 1)
2
(63, 60)
--> Day : 4
-> Request 0
33
(4, 2, 2)
1
(14, 40)
-> Request 1
589
(1, 1, 2)
2
(22, 75)
-> Request 2
633
(4, 3, 2)
3
(26, 70)
-> Request 3
658
(3, 2, 1)
3
(12, 43)
-> Request 4
708
(4, 1, 1)
3
(22, 40)
-> Request 5
835
(3, 3, 1)
2
(73, 31)
-> Request 6
1022
(3, 3, 1)
1
(43, 36)
-> Request 7
1083
(3, 2, 2)
2
(63, 41)
-> Request 8
1108
(2, 1, 2)
3
(37, 27)
-> Request 9
1112
(4, 3, 1)
3
(29, 9)
-> Request 10
1159
(2, 1, 2)
2
(39, 10)
---> Week : 6
--> Day : 0
-> Request 0
273
(4, 2, 1)
3
(45, 41)
-> Request 1
353
(4, 2, 1)
2
(24, 16)
-> Request 2
442
(3, 3, 1)
2
(25, 66)
-> Request 3
753
(3, 3, 2)
2
(71, 61)
-> Request 4
837
(1, 3, 2)
3
(65, 55)
-> Request 5
978
(3, 3, 2)
1
(20, 11)
-> Request 6
1127
(3, 2, 2)
3
(33, 3)
-> Request 7
1183
(2, 3, 2)
2
(66, 3)
-> Request 8
1407
(2, 3, 2)
3
(25, 19)
-> Request 9
1433
(3, 2, 1)
1
(13, 66)
--> Day : 1
-> Request 0
773
(4, 3, 1)
2
(50, 65)
-> Request 1
850
(1, 3, 2)
3
(48, 44)
-> Request 2
919
(2, 3, 1)
2
(47, 44)
-> Request 3
1194
(4, 2, 2)
2
(63, 68)
--> Day : 2
-> Request 0
42
(1, 1, 2)
1
(18, 9)
-> Request 1
104
(2, 1, 1)
2
(40, 75)
-> Request 2
237
(2, 1, 2)
3
(70, 38)
-> Request 3
318
(3, 2, 1)
3
(16, 38)
-> Request 4
426
(1, 2, 1)
1
(35, 18)
-> Request 5
436
(4, 1, 1)
2
(43, 7)
-> Request 6
582
(3, 3, 2)
2
(0, 79)
-> Request 7
604
(4, 1, 1)
3
(19, 31)
-> Request 8
871
(2, 1, 1)
1
(18, 56)
-> Request 9
1386
(1, 1, 2)
1
(65, 61)
--> Day : 3
-> Request 0
169
(1, 3, 1)
3
(74, 74)
-> Request 1
220
(3, 3, 1)
2
(7, 23)
-> Request 2
357
(2, 2, 2)
3
(8, 49)
-> Request 3
360
(4, 1, 2)
3
(38, 60)
-> Request 4
630
(3, 1, 2)
1
(31, 40)
-> Request 5
1111
(1, 1, 2)
3
(47, 73)
-> Request 6
1220
(3, 3, 2)
3
(0, 29)
-> Request 7
1366
(1, 2, 2)
1
(52, 33)
--> Day : 4
-> Request 0
332
(4, 1, 1)
3
(77, 4)
-> Request 1
751
(2, 1, 2)
1
(62, 13)
---> Week : 7
--> Day : 0
-> Request 0
1115
(2, 3, 1)
2
(51, 19)
--> Day : 1
-> Request 0
66
(1, 3, 2)
1
(35, 18)
-> Request 1
337
(1, 1, 1)
2
(74, 2)
-> Request 2
424
(4, 3, 2)
3
(55, 34)
-> Request 3
437
(1, 2, 1)
3
(43, 65)
-> Request 4
552
(2, 3, 1)
2
(23, 5)
-> Request 5
872
(4, 1, 2)
3
(17, 54)
-> Request 6
977
(3, 1, 2)
3
(40, 27)
-> Request 7
1035
(2, 3, 2)
3
(12, 36)
-> Request 8
1247
(1, 3, 1)
3
(9, 13)
-> Request 9
1351
(3, 2, 1)
1
(50, 34)
--> Day : 2
-> Request 0
184
(3, 3, 2)
3
(40, 52)
-> Request 1
284
(3, 3, 2)
2
(22, 70)
-> Request 2
287
(4, 2, 2)
1
(68, 26)
-> Request 3
344
(3, 1, 1)
2
(62, 21)
-> Request 4
345
(4, 2, 1)
3
(29, 23)
-> Request 5
435
(3, 2, 2)
2
(3, 78)
-> Request 6
543
(1, 1, 2)
1
(65, 46)
-> Request 7
760
(4, 2, 1)
3
(72, 57)
-> Request 8
781
(3, 1, 1)
1
(9, 18)
--> Day : 3
-> Request 0
220
(2, 1, 1)
3
(48, 32)
-> Request 1
237
(1, 2, 1)
3
(36, 58)
-> Request 2
338
(2, 3, 2)
3
(28, 57)
-> Request 3
846
(1, 3, 2)
2
(76, 41)
-> Request 4
968
(2, 2, 1)
1
(35, 58)
-> Request 5
1050
(1, 1, 1)
2
(74, 42)
-> Request 6
1259
(1, 1, 1)
2
(17, 4)
--> Day : 4
-> Request 0
767
(4, 1, 2)
2
(46, 21)
-> Request 1
905
(3, 2, 1)
2
(51, 51)
-> Request 2
947
(4, 2, 2)
3
(65, 40)
-> Request 3
1133
(3, 1, 1)
1
(15, 75)
-> Request 4
1154
(4, 1, 2)
2
(47, 44)
---> Week : 8
--> Day : 0
-> Request 0
15
(3, 1, 2)
1
(8, 20)
-> Request 1
418
(3, 3, 2)
3
(20, 70)
-> Request 2
925
(1, 1, 1)
3
(33, 2)
-> Request 3
1047
(1, 1, 2)
3
(15, 30)
-> Request 4
1261
(1, 3, 1)
1
(63, 74)
--> Day : 1
-> Request 0
156
(4, 3, 2)
1
(57, 8)
-> Request 1
243
(2, 2, 2)
1
(12, 68)
-> Request 2
385
(3, 1, 2)
1
(5, 32)
-> Request 3
1064
(3, 1, 1)
3
(19, 2)
-> Request 4
1413
(4, 3, 2)
2
(73, 36)
--> Day : 2
-> Request 0
93
(3, 2, 2)
3
(9, 67)
-> Request 1
125
(2, 2, 1)
2
(69, 43)
-> Request 2
222
(1, 1, 2)
2
(25, 1)
-> Request 3
242
(1, 3, 2)
3
(36, 74)
-> Request 4
379
(3, 3, 2)
2
(24, 41)
-> Request 5
1026
(2, 3, 2)
1
(36, 59)
--> Day : 3
-> Request 0
207
(4, 2, 2)
2
(15, 20)
-> Request 1
509
(1, 2, 1)
2
(8, 56)
-> Request 2
742
(3, 1, 2)
3
(68, 55)
-> Request 3
748
(3, 3, 2)
1
(44, 30)
-> Request 4
805
(1, 2, 1)
1
(63, 17)
-> Request 5
1057
(4, 3, 1)
2
(42, 50)
-> Request 6
1107
(4, 1, 1)
1
(72, 2)
-> Request 7
1317
(2, 2, 2)
3
(30, 72)
--> Day : 4
-> Request 0
73
(2, 1, 2)
1
(34, 37)
-> Request 1
307
(1, 1, 2)
2
(40, 22)
-> Request 2
529
(3, 2, 1)
2
(21, 45)
-> Request 3
644
(2, 1, 2)
3
(25, 44)
-> Request 4
941
(4, 1, 2)
2
(79, 69)
---> Week : 9
--> Day : 0
-> Request 0
501
(3, 3, 2)
2
(69, 25)
-> Request 1
526
(4, 2, 1)
1
(7, 40)
-> Request 2
669
(4, 1, 1)
2
(70, 44)
-> Request 3
809
(4, 1, 1)
1
(57, 13)
-> Request 4
1084
(4, 1, 2)
3
(48, 49)
-> Request 5
1183
(4, 3, 2)
2
(11, 26)
-> Request 6
1241
(4, 3, 2)
3
(62, 78)
-> Request 7
1271
(2, 1, 1)
1
(23, 69)
-> Request 8
1357
(4, 1, 1)
2
(16, 4)
--> Day : 1
-> Request 0
166
(3, 2, 1)
1
(19, 18)
-> Request 1
622
(4, 1, 1)
2
(55, 0)
-> Request 2
865
(4, 3, 1)
2
(71, 57)
-> Request 3
954
(3, 3, 2)
3
(21, 6)
-> Request 4
956
(3, 3, 1)
2
(64, 31)
-> Request 5
963
(3, 2, 1)
2
(65, 30)
-> Request 6
1044
(2, 3, 2)
3
(2, 44)
--> Day : 2
-> Request 0
143
(3, 1, 2)
1
(22, 22)
-> Request 1
731
(4, 2, 1)
1
(51, 36)
-> Request 2
774
(3, 2, 2)
2
(71, 8)
--> Day : 3
-> Request 0
21
(4, 1, 2)
1
(72, 68)
-> Request 1
89
(1, 1, 1)
1
(58, 6)
-> Request 2
116
(3, 3, 1)
3
(4, 77)
-> Request 3
131
(2, 3, 2)
2
(66, 0)
-> Request 4
403
(1, 1, 1)
3
(11, 21)
-> Request 5
547
(2, 3, 1)
3
(16, 75)
-> Request 6
829
(2, 2, 1)
1
(22, 65)
--> Day : 4
-> Request 0
137
(4, 3, 2)
2
(70, 28)
-> Request 1
296
(4, 3, 2)
2
(69, 36)
-> Request 2
340
(3, 3, 2)
1
(17, 31)
-> Request 3
736
(4, 3, 2)
2
(7, 78)
-> Request 4
762
(3, 3, 1)
3
(19, 67)
-> Request 5
799
(1, 2, 2)
3
(31, 62)
-> Request 6
923
(1, 3, 2)
2
(47, 6)
-> Request 7
950
(2, 1, 1)
3
(16, 24)
-> Request 8
1180
(1, 3, 1)
3
(3, 37)
-> Request 9
1233
(3, 1, 2)
1
(54, 42)
-> Request 10
1287
(2, 3, 2)
2
(37, 48)
---> Week : 10
--> Day : 0
-> Request 0
28
(2, 2, 2)
1
(31, 62)
-> Request 1
109
(1, 2, 2)
1
(34, 22)
-> Request 2
637
(1, 2, 1)
2
(26, 70)
-> Request 3
830
(1, 2, 1)
1
(51, 65)
-> Request 4
1021
(3, 1, 1)
3
(21, 61)
-> Request 5
1303
(1, 1, 2)
3
(60, 70)
--> Day : 1
-> Request 0
525
(1, 2, 1)
1
(23, 15)
--> Day : 2
-> Request 0
116
(4, 2, 2)
2
(30, 24)
-> Request 1
287
(2, 1, 1)
3
(32, 4)
-> Request 2
407
(2, 2, 1)
1
(18, 25)
-> Request 3
623
(3, 2, 1)
3
(67, 65)
-> Request 4
777
(2, 2, 1)
1
(47, 75)
-> Request 5
820
(4, 1, 1)
1
(12, 56)
-> Request 6
913
(1, 1, 2)
3
(71, 60)
--> Day : 3
-> Request 0
581
(2, 1, 1)
2
(46, 36)
-> Request 1
834
(3, 3, 1)
2
(36, 20)
--> Day : 4
-> Request 0
166
(2, 3, 2)
3
(38, 57)
-> Request 1
912
(1, 1, 1)
1
(56, 61)
-> Request 2
1345
(4, 3, 1)
3
(26, 47)
---> Week : 11
--> Day : 0
-> Request 0
58
(1, 3, 1)
3
(32, 69)
-> Request 1
327
(2, 3, 1)
1
(55, 39)
-> Request 2
365
(1, 2, 1)
3
(55, 79)
-> Request 3
386
(4, 2, 2)
3
(47, 64)
-> Request 4
707
(1, 2, 2)
1
(55, 26)
-> Request 5
738
(3, 2, 1)
3
(16, 65)
-> Request 6
761
(1, 3, 2)
1
(48, 67)
-> Request 7
1179
(4, 2, 1)
3
(56, 38)
-> Request 8
1422
(1, 2, 1)
3
(36, 68)
--> Day : 1
-> Request 0
356
(1, 2, 1)
3
(66, 7)
-> Request 1
422
(4, 2, 1)
2
(12, 47)
-> Request 2
683
(3, 3, 1)
3
(55, 8)
-> Request 3
1434
(2, 1, 1)
1
(73, 42)
--> Day : 2
-> Request 0
277
(1, 2, 2)
3
(26, 5)
-> Request 1
363
(3, 3, 2)
3
(74, 36)
-> Request 2
453
(3, 1, 1)
3
(28, 74)
-> Request 3
636
(2, 3, 2)
2
(21, 21)
-> Request 4
660
(1, 1, 1)
3
(49, 9)
-> Request 5
660
(2, 3, 2)
2
(18, 21)
-> Request 6
723
(4, 2, 1)
3
(2, 17)
-> Request 7
1144
(1, 1, 2)
2
(28, 46)
--> Day : 3
-> Request 0
195
(3, 1, 2)
3
(37, 77)
-> Request 1
786
(4, 1, 1)
2
(50, 53)
-> Request 2
819
(3, 3, 1)
2
(14, 5)
-> Request 3
825
(1, 3, 2)
2
(46, 48)
-> Request 4
1047
(2, 2, 2)
2
(14, 19)
-> Request 5
1080
(1, 2, 2)
2
(33, 60)
-> Request 6
1142
(2, 2, 1)
1
(49, 9)
--> Day : 4
-> Request 0
75
(3, 3, 1)
3
(29, 0)
-> Request 1
97
(3, 2, 2)
1
(20, 70)
-> Request 2
156
(1, 3, 2)
1
(20, 15)
-> Request 3
373
(3, 1, 2)
3
(39, 4)
-> Request 4
844
(1, 2, 2)
3
(17, 73)
-> Request 5
939
(4, 2, 2)
3
(2, 40)
-> Request 6
939
(4, 2, 1)
3
(62, 5)
-> Request 7
1153
(1, 3, 1)
3
(35, 59)
-> Request 8
1267
(1, 1, 1)
2
(72, 56)
-> Request 9
1389
(1, 2, 1)
2
(10, 43)
---> Week : 12
--> Day : 0
-> Request 0
484
(2, 2, 2)
2
(54, 79)
-> Request 1
606
(3, 3, 2)
1
(75, 69)
-> Request 2
906
(1, 2, 1)
2
(50, 69)
-> Request 3
1303
(1, 3, 2)
3
(34, 49)
-> Request 4
1401
(3, 3, 1)
3
(69, 65)
-> Request 5
1409
(4, 2, 2)
1
(56, 78)
--> Day : 1
-> Request 0
53
(2, 1, 2)
2
(40, 1)
-> Request 1
80
(1, 1, 2)
2
(24, 69)
-> Request 2
277
(3, 2, 2)
3
(43, 14)
-> Request 3
385
(1, 2, 2)
1
(5, 1)
-> Request 4
428
(4, 1, 1)
3
(14, 42)
-> Request 5
526
(1, 3, 2)
1
(9, 49)
-> Request 6
527
(3, 3, 2)
3
(6, 18)
-> Request 7
1169
(2, 2, 2)
2
(24, 59)
--> Day : 2
-> Request 0
45
(2, 2, 1)
1
(28, 36)
-> Request 1
581
(3, 1, 1)
1
(7, 61)
-> Request 2
639
(3, 2, 1)
1
(41, 7)
-> Request 3
743
(4, 3, 2)
3
(10, 52)
-> Request 4
871
(3, 3, 1)
3
(7, 56)
-> Request 5
1331
(4, 3, 2)
3
(13, 65)
--> Day : 3
-> Request 0
41
(2, 2, 2)
3
(28, 74)
-> Request 1
132
(2, 3, 1)
1
(36, 48)
-> Request 2
162
(4, 3, 1)
1
(39, 0)
-> Request 3
191
(2, 2, 1)
1
(39, 76)
-> Request 4
567
(1, 1, 1)
1
(41, 7)
-> Request 5
643
(3, 3, 1)
1
(56, 74)
-> Request 6
801
(4, 3, 2)
3
(30, 16)
-> Request 7
1134
(3, 2, 1)
3
(76, 34)
--> Day : 4
-> Request 0
240
(3, 2, 2)
2
(2, 63)
-> Request 1
897
(1, 1, 2)
3
(33, 13)
-> Request 2
909
(4, 2, 2)
3
(56, 6)
-> Request 3
1027
(1, 2, 2)
3
(68, 7)
-> Request 4
1172
(4, 1, 1)
2
(79, 56)
-> Request 5
1338
(3, 1, 2)
3
(78, 38)
---> Week : 13
--> Day : 0
-> Request 0
475
(2, 1, 2)
3
(10, 19)
-> Request 1
656
(4, 1, 2)
3
(59, 48)
-> Request 2
713
(1, 3, 1)
3
(70, 39)
-> Request 3
731
(1, 2, 1)
2
(70, 72)
-> Request 4
854
(1, 2, 1)
3
(41, 24)
-> Request 5
1042
(3, 2, 1)
1
(47, 53)
--> Day : 1
-> Request 0
554
(1, 2, 2)
2
(62, 5)
-> Request 1
558
(4, 2, 2)
1
(0, 8)
-> Request 2
903
(2, 1, 2)
1
(70, 9)
-> Request 3
913
(3, 1, 1)
1
(18, 16)
-> Request 4
1007
(2, 3, 2)
2
(69, 70)
-> Request 5
1007
(2, 1, 1)
2
(27, 4)
-> Request 6
1066
(3, 2, 2)
3
(58, 46)
-> Request 7
1157
(1, 3, 2)
2
(37, 69)
-> Request 8
1263
(1, 2, 2)
2
(24, 2)
-> Request 9
1434
(4, 3, 1)
1
(52, 65)
--> Day : 2
-> Request 0
423
(3, 3, 2)
1
(44, 36)
-> Request 1
569
(3, 3, 2)
1
(46, 75)
-> Request 2
641
(4, 2, 1)
2
(12, 20)
-> Request 3
1132
(1, 1, 1)
1
(3, 70)
--> Day : 3
-> Request 0
155
(2, 1, 2)
1
(40, 59)
-> Request 1
411
(1, 1, 1)
1
(15, 59)
-> Request 2
451
(4, 1, 1)
2
(47, 9)
-> Request 3
794
(3, 3, 1)
3
(15, 72)
-> Request 4
1076
(4, 2, 1)
2
(53, 4)
-> Request 5
1350
(2, 3, 1)
2
(13, 46)
-> Request 6
1417
(3, 3, 2)
1
(49, 12)
-> Request 7
1425
(1, 2, 2)
3
(43, 56)
--> Day : 4
-> Request 0
29
(3, 2, 1)
3
(17, 33)
-> Request 1
95
(2, 2, 1)
1
(3, 64)
-> Request 2
178
(3, 2, 2)
1
(12, 74)
-> Request 3
300
(1, 2, 1)
1
(57, 11)
-> Request 4
530
(4, 3, 2)
2
(14, 14)
-> Request 5
1093
(3, 2, 1)
2
(33, 21)
-> Request 6
1362
(4, 3, 1)
1
(43, 24)
---> Week : 14
--> Day : 0
-> Request 0
696
(3, 2, 2)
2
(67, 3)
-> Request 1
882
(3, 3, 1)
3
(32, 22)
-> Request 2
913
(4, 3, 2)
1
(53, 59)
-> Request 3
926
(3, 2, 1)
2
(36, 51)
-> Request 4
1136
(2, 1, 2)
3
(9, 52)
-> Request 5
1253
(1, 1, 2)
2
(57, 14)
--> Day : 1
-> Request 0
886
(1, 2, 1)
1
(30, 9)
-> Request 1
1045
(3, 1, 1)
2
(40, 62)
--> Day : 2
-> Request 0
463
(3, 2, 1)
2
(60, 8)
-> Request 1
480
(3, 2, 1)
2
(8, 71)
-> Request 2
720
(2, 2, 1)
2
(57, 73)
-> Request 3
923
(4, 1, 1)
2
(41, 1)
-> Request 4
1000
(4, 3, 1)
1
(48, 43)
--> Day : 3
-> Request 0
790
(3, 1, 1)
2
(19, 8)
-> Request 1
794
(4, 2, 1)
1
(73, 22)
-> Request 2
833
(3, 2, 2)
1
(39, 37)
-> Request 3
869
(3, 2, 1)
1
(72, 55)
-> Request 4
1281
(3, 2, 1)
2
(24, 33)
--> Day : 4
-> Request 0
31
(3, 3, 1)
2
(34, 47)
-> Request 1
595
(3, 3, 1)
1
(29, 62)
-> Request 2
646
(3, 1, 1)
3
(28, 43)
-> Request 3
858
(1, 3, 1)
2
(44, 63)
-> Request 4
1297
(2, 2, 2)
2
(58, 64)
---> Week : 15
--> Day : 0
-> Request 0
114
(1, 1, 2)
2
(12, 9)
-> Request 1
425
(2, 2, 1)
1
(4, 43)
-> Request 2
991
(4, 3, 1)
1
(37, 19)
-> Request 3
1209
(3, 1, 1)
1
(35, 72)
--> Day : 1
-> Request 0
358
(2, 3, 1)
2
(13, 70)
-> Request 1
665
(4, 3, 1)
3
(69, 6)
--> Day : 2
-> Request 0
86
(2, 1, 2)
3
(76, 25)
-> Request 1
408
(4, 2, 1)
1
(0, 49)
-> Request 2
519
(4, 2, 2)
2
(38, 55)
-> Request 3
572
(3, 2, 1)
2
(58, 52)
-> Request 4
606
(2, 3, 1)
2
(64, 57)
-> Request 5
978
(4, 3, 1)
1
(63, 39)
-> Request 6
1282
(1, 2, 2)
3
(59, 32)
--> Day : 3
-> Request 0
183
(3, 2, 2)
3
(44, 16)
-> Request 1
334
(2, 3, 1)
2
(63, 57)
-> Request 2
380
(2, 2, 2)
3
(15, 14)
-> Request 3
527
(3, 1, 2)
2
(19, 35)
-> Request 4
609
(3, 2, 2)
1
(7, 7)
-> Request 5
902
(3, 3, 2)
2
(35, 54)
-> Request 6
1040
(4, 2, 1)
2
(75, 44)
-> Request 7
1111
(2, 1, 2)
2
(76, 70)
-> Request 8
1423
(2, 1, 1)
2
(25, 3)
--> Day : 4
-> Request 0
31
(4, 1, 2)
1
(43, 12)
-> Request 1
65
(2, 2, 1)
1
(30, 13)
-> Request 2
448
(3, 2, 1)
3
(66, 45)
-> Request 3
474
(3, 2, 2)
2
(60, 12)
-> Request 4
552
(1, 1, 1)
1
(31, 30)
-> Request 5
1127
(2, 2, 2)
1
(17, 12)
---> Week : 16
--> Day : 0
-> Request 0
309
(2, 3, 2)
2
(8, 19)
-> Request 1
410
(2, 1, 2)
2
(9, 63)
-> Request 2
845
(4, 3, 2)
2
(16, 48)
--> Day : 1
-> Request 0
351
(2, 2, 1)
3
(33, 34)
-> Request 1
353
(4, 1, 1)
1
(47, 36)
-> Request 2
457
(3, 1, 1)
2
(2, 43)
-> Request 3
787
(1, 2, 2)
1
(11, 22)
-> Request 4
792
(4, 3, 1)
2
(65, 79)
-> Request 5
859
(1, 2, 1)
1
(2, 34)
-> Request 6
1064
(2, 1, 1)
2
(33, 12)
--> Day : 2
-> Request 0
363
(1, 1, 2)
3
(58, 62)
-> Request 1
365
(3, 1, 2)
3
(64, 9)
-> Request 2
392
(3, 3, 2)
3
(72, 9)
-> Request 3
499
(3, 1, 2)
2
(48, 34)
-> Request 4
564
(2, 1, 2)
2
(12, 41)
-> Request 5
590
(2, 1, 1)
2
(43, 33)
-> Request 6
743
(3, 3, 1)
1
(76, 20)
-> Request 7
978
(1, 2, 2)
2
(74, 23)
-> Request 8
1009
(1, 1, 1)
1
(4, 26)
-> Request 9
1222
(3, 1, 2)
3
(9, 27)
-> Request 10
1358
(4, 1, 1)
1
(60, 3)
-> Request 11
1366
(2, 1, 2)
1
(34, 74)
--> Day : 3
-> Request 0
26
(3, 1, 2)
2
(18, 40)
-> Request 1
157
(3, 3, 1)
2
(46, 48)
-> Request 2
194
(2, 1, 1)
3
(79, 34)
-> Request 3
241
(1, 1, 2)
1
(36, 8)
-> Request 4
645
(4, 2, 2)
1
(14, 7)
-> Request 5
873
(2, 3, 2)
1
(34, 63)
-> Request 6
963
(2, 3, 2)
1
(48, 1)
-> Request 7
1021
(1, 1, 2)
1
(38, 13)
-> Request 8
1074
(4, 1, 2)
3
(24, 13)
--> Day : 4
-> Request 0
129
(1, 3, 1)
2
(21, 59)
-> Request 1
212
(2, 3, 1)
2
(29, 60)
-> Request 2
399
(2, 1, 1)
1
(46, 29)
-> Request 3
541
(4, 1, 1)
3
(28, 63)
-> Request 4
678
(1, 1, 1)
3
(14, 63)
-> Request 5
700
(3, 3, 2)
2
(64, 30)
-> Request 6
729
(3, 3, 1)
1
(12, 15)
-> Request 7
976
(4, 3, 1)
3
(40, 74)
-> Request 8
1132
(1, 1, 1)
3
(34, 20)
---> Week : 17
--> Day : 0
-> Request 0
80
(1, 1, 2)
1
(19, 3)
-> Request 1
136
(1, 1, 1)
3
(24, 1)
-> Request 2
351
(4, 2, 1)
2
(42, 67)
-> Request 3
1029
(4, 1, 2)
2
(62, 78)
-> Request 4
1085
(4, 3, 2)
3
(45, 37)
-> Request 5
1129
(1, 1, 2)
2
(49, 41)
-> Request 6
1212
(1, 1, 2)
2
(46, 2)
-> Request 7
1405
(1, 1, 2)
2
(67, 11)
--> Day : 1
-> Request 0
24
(1, 1, 1)
2
(65, 51)
-> Request 1
91
(4, 1, 2)
1
(79, 79)
-> Request 2
91
(4, 2, 1)
2
(79, 47)
-> Request 3
430
(3, 2, 2)
1
(3, 22)
-> Request 4
463
(2, 3, 2)
1
(56, 55)
-> Request 5
657
(2, 2, 1)
3
(45, 59)
-> Request 6
1301
(4, 1, 2)
1
(15, 48)
-> Request 7
1395
(2, 3, 1)
2
(24, 71)
--> Day : 2
-> Request 0
197
(4, 1, 2)
2
(51, 16)
-> Request 1
357
(4, 1, 2)
1
(40, 28)
-> Request 2
577
(2, 2, 1)
2
(55, 29)
-> Request 3
944
(3, 1, 2)
1
(14, 74)
-> Request 4
1380
(1, 3, 1)
3
(12, 78)
--> Day : 3
-> Request 0
24
(1, 1, 2)
1
(52, 11)
-> Request 1
371
(4, 2, 2)
2
(35, 30)
-> Request 2
421
(2, 2, 2)
1
(46, 62)
-> Request 3
922
(3, 1, 2)
3
(68, 78)
-> Request 4
941
(2, 3, 2)
1
(20, 54)
-> Request 5
1180
(4, 1, 2)
1
(17, 72)
--> Day : 4
-> Request 0
89
(4, 1, 2)
3
(25, 60)
-> Request 1
293
(4, 2, 2)
1
(1, 49)
-> Request 2
583
(3, 3, 1)
2
(64, 46)
-> Request 3
927
(1, 1, 1)
2
(33, 39)
-> Request 4
1021
(2, 3, 2)
2
(34, 4)
-> Request 5
1160
(3, 1, 1)
2
(68, 8)
-> Request 6
1372
(2, 3, 1)
1
(19, 72)
---> Week : 18
--> Day : 0
-> Request 0
224
(4, 3, 2)
2
(45, 34)
-> Request 1
224
(4, 2, 1)
1
(60, 76)
-> Request 2
1032
(2, 1, 1)
1
(21, 67)
-> Request 3
1214
(2, 1, 1)
2
(58, 9)
-> Request 4
1383
(2, 3, 2)
1
(57, 41)
--> Day : 1
-> Request 0
369
(4, 1, 1)
1
(75, 40)
-> Request 1
398
(1, 2, 2)
2
(54, 32)
-> Request 2
451
(3, 3, 2)
1
(57, 61)
-> Request 3
1120
(1, 1, 2)
1
(55, 14)
--> Day : 2
-> Request 0
120
(4, 1, 1)
3
(24, 1)
-> Request 1
1317
(4, 2, 2)
1
(73, 44)
--> Day : 3
-> Request 0
562
(1, 2, 1)
3
(39, 3)
-> Request 1
724
(1, 2, 1)
3
(58, 60)
-> Request 2
736
(4, 2, 1)
3
(11, 19)
-> Request 3
1221
(3, 2, 1)
2
(13, 44)
-> Request 4
1292
(1, 3, 2)
3
(42, 61)
-> Request 5
1434
(2, 3, 2)
2
(56, 34)
--> Day : 4
-> Request 0
679
(3, 1, 1)
2
(26, 45)
-> Request 1
842
(4, 3, 2)
2
(21, 43)
-> Request 2
922
(2, 1, 1)
3
(9, 42)
---> Week : 19
--> Day : 0
-> Request 0
323
(4, 2, 1)
2
(79, 14)
-> Request 1
437
(4, 1, 1)
1
(4, 40)
-> Request 2
742
(3, 3, 2)
2
(12, 22)
-> Request 3
1327
(3, 2, 2)
1
(37, 49)
--> Day : 1
-> Request 0
440
(3, 1, 2)
2
(20, 22)
-> Request 1
442
(1, 3, 1)
1
(26, 39)
-> Request 2
869
(2, 1, 1)
2
(32, 74)
-> Request 3
1219
(1, 2, 2)
2
(54, 29)
-> Request 4
1264
(1, 1, 2)
1
(15, 2)
-> Request 5
1265
(3, 1, 1)
3
(10, 26)
--> Day : 2
-> Request 0
192
(4, 1, 1)
2
(39, 20)
-> Request 1
573
(4, 3, 1)
1
(15, 38)
-> Request 2
607
(2, 2, 2)
1
(65, 78)
-> Request 3
638
(2, 2, 1)
2
(29, 78)
-> Request 4
702
(4, 3, 2)
2
(59, 8)
-> Request 5
1437
(4, 3, 2)
2
(19, 30)
--> Day : 3
-> Request 0
170
(2, 3, 2)
1
(67, 74)
-> Request 1
245
(4, 3, 1)
2
(50, 38)
-> Request 2
539
(4, 1, 2)
2
(23, 79)
-> Request 3
676
(2, 3, 1)
1
(57, 68)
-> Request 4
718
(1, 1, 2)
3
(35, 6)
-> Request 5
847
(3, 2, 1)
3
(30, 64)
-> Request 6
1121
(1, 2, 1)
3
(64, 7)
-> Request 7
1320
(1, 1, 1)
2
(70, 6)
--> Day : 4
-> Request 0
214
(1, 3, 1)
1
(77, 61)
-> Request 1
231
(2, 3, 1)
3
(15, 58)
-> Request 2
682
(3, 3, 2)
1
(30, 47)
-> Request 3
978
(3, 2, 2)
1
(72, 79)
-> Request 4
1110
(3, 1, 2)
1
(23, 46)
-> Request 5
1203
(4, 1, 1)
2
(25, 4)
