---> Week : 0
--> Day : 0
-> Request 0
109
(1, 2, 2)
2
(18, 52)
-> Request 1
204
(3, 3, 2)
1
(33, 40)
-> Request 2
919
(2, 3, 2)
1
(62, 79)
-> Request 3
1192
(4, 2, 2)
3
(41, 47)
--> Day : 1
-> Request 0
818
(3, 2, 2)
1
(57, 65)
-> Request 1
900
(1, 2, 2)
2
(10, 36)
-> Request 2
1078
(1, 3, 1)
2
(73, 32)
-> Request 3
1297
(3, 1, 1)
3
(19, 2)
--> Day : 2
-> Request 0
263
(2, 1, 1)
3
(52, 23)
-> Request 1
512
(2, 3, 2)
1
(60, 12)
-> Request 2
515
(1, 2, 1)
1
(43, 78)
-> Request 3
634
(1, 2, 1)
1
(15, 62)
-> Request 4
845
(2, 2, 2)
2
(18, 7)
-> Request 5
1245
(4, 3, 2)
1
(72, 69)
-> Request 6
1291
(2, 1, 1)
2
(51, 30)
--> Day : 3
-> Request 0
131
(4, 1, 1)
3
(16, 22)
-> Request 1
187
(4, 2, 1)
1
(67, 32)
-> Request 2
227
(4, 1, 2)
2
(5, 6)
-> Request 3
241
(4, 1, 1)
2
(24, 50)
-> Request 4
1204
(3, 3, 2)
1
(25, 46)
--> Day : 4
-> Request 0
264
(1, 3, 1)
1
(26, 58)
-> Request 1
1007
(3, 3, 1)
3
(77, 41)
-> Request 2
1236
(1, 2, 1)
1
(29, 72)
-> Request 3
1263
(2, 2, 1)
2
(12, 8)
---> Week : 1
--> Day : 0
-> Request 0
245
(1, 3, 2)
1
(52, 51)
-> Request 1
460
(1, 2, 1)
1
(56, 76)
-> Request 2
495
(3, 2, 1)
2
(46, 40)
-> Request 3
785
(4, 1, 1)
1
(51, 54)
-> Request 4
1088
(1, 1, 1)
2
(42, 31)
-> Request 5
1117
(1, 1, 2)
3
(75, 73)
-> Request 6
1335
(3, 3, 1)
1
(36, 70)
--> Day : 1
-> Request 0
419
(4, 3, 1)
1
(39, 67)
-> Request 1
425
(4, 3, 2)
3
(1, 56)
-> Request 2
523
(4, 2, 1)
2
(41, 57)
-> Request 3
600
(1, 1, 2)
3
(16, 29)
-> Request 4
679
(2, 2, 2)
1
(56, 28)
-> Request 5
1074
(3, 1, 2)
2
(60, 66)
-> Request 6
1092
(4, 2, 1)
1
(39, 28)
-> Request 7
1325
(4, 2, 1)
2
(50, 49)
-> Request 8
1376
(2, 2, 1)
2
(77, 43)
--> Day : 2
-> Request 0
50
(3, 2, 2)
2
(22, 78)
-> Request 1
386
(1, 3, 2)
3
(6, 31)
-> Request 2
788
(3, 3, 1)
1
(67, 9)
-> Request 3
1268
(1, 2, 1)
2
(37, 36)
--> Day : 3
-> Request 0
968
(1, 1, 1)
2
(1, 43)
--> Day : 4
-> Request 0
38
(2, 3, 2)
2
(23, 18)
-> Request 1
187
(3, 3, 2)
1
(36, 65)
-> Request 2
251
(1, 1, 2)
1
(29, 59)
-> Request 3
625
(4, 3, 2)
1
(60, 2)
-> Request 4
768
(1, 3, 2)
2
(41, 18)
-> Request 5
1418
(3, 2, 2)
1
(4, 28)
---> Week : 2
--> Day : 0
-> Request 0
592
(3, 3, 2)
1
(73, 9)
-> Request 1
621
(4, 3, 1)
3
(27, 69)
-> Request 2
980
(4, 3, 1)
3
(77, 68)
-> Request 3
1033
(1, 1, 1)
1
(77, 39)
-> Request 4
1046
(3, 3, 1)
1
(17, 36)
--> Day : 1
-> Request 0
557
(4, 3, 1)
1
(12, 56)
-> Request 1
1045
(1, 1, 1)
3
(67, 31)
-> Request 2
1095
(2, 1, 1)
3
(16, 24)
-> Request 3
1349
(3, 1, 1)
2
(19, 29)
--> Day : 2
-> Request 0
418
(4, 1, 2)
1
(22, 60)
-> Request 1
553
(4, 2, 1)
3
(63, 38)
-> Request 2
777
(3, 3, 2)
2
(42, 26)
-> Request 3
848
(2, 2, 1)
3
(29, 45)
-> Request 4
1187
(3, 1, 2)
3
(17, 26)
--> Day : 3
-> Request 0
136
(3, 3, 2)
2
(47, 20)
-> Request 1
238
(4, 1, 1)
1
(24, 38)
-> Request 2
416
(1, 3, 1)
3
(10, 6)
-> Request 3
627
(3, 2, 2)
1
(59, 50)
-> Request 4
676
(2, 1, 2)
2
(42, 12)
-> Request 5
691
(1, 3, 1)
1
(25, 20)
-> Request 6
777
(2, 3, 1)
3
(33, 24)
-> Request 7
837
(1, 3, 2)
3
(53, 28)
-> Request 8
1323
(4, 1, 1)
3
(9, 9)
--> Day : 4
-> Request 0
153
(4, 1, 1)
3
(61, 37)
-> Request 1
534
(3, 2, 1)
3
(72, 60)
-> Request 2
680
(4, 3, 1)
2
(9, 4)
-> Request 3
717
(3, 1, 2)
1
(61, 12)
-> Request 4
729
(1, 1, 2)
2
(74, 45)
-> Request 5
796
(3, 1, 1)
2
(8, 43)
-> Request 6
1064
(2, 1, 1)
2
(35, 39)
-> Request 7
1074
(3, 1, 2)
2
(52, 49)
-> Request 8
1095
(4, 1, 2)
1
(22, 5)
---> Week : 3
--> Day : 0
-> Request 0
433
(2, 3, 1)
2
(26, 51)
-> Request 1
686
(4, 1, 2)
2
(20, 77)
-> Request 2
695
(3, 1, 2)
3
(66, 41)
-> Request 3
728
(3, 3, 1)
2
(34, 19)
--> Day : 1
-> Request 0
210
(1, 2, 1)
2
(45, 48)
-> Request 1
542
(3, 2, 1)
3
(25, 38)
-> Request 2
544
(3, 2, 2)
1
(74, 58)
-> Request 3
1409
(1, 1, 2)
3
(19, 9)
--> Day : 2
-> Request 0
10
(2, 1, 2)
1
(7, 56)
--> Day : 3
-> Request 0
21
(3, 1, 1)
3
(39, 1)
-> Request 1
267
(4, 1, 1)
1
(76, 68)
-> Request 2
315
(4, 3, 2)
2
(77, 63)
-> Request 3
392
(4, 2, 1)
1
(21, 41)
-> Request 4
402
(1, 3, 2)
2
(17, 68)
-> Request 5
940
(3, 1, 2)
3
(52, 27)
-> Request 6
1185
(1, 2, 2)
1
(67, 63)
-> Request 7
1307
(2, 2, 2)
2
(11, 33)
--> Day : 4
-> Request 0
154
(3, 3, 1)
3
(40, 21)
-> Request 1
157
(2, 3, 1)
1
(31, 26)
-> Request 2
273
(3, 3, 2)
1
(73, 75)
-> Request 3
343
(3, 3, 2)
1
(26, 44)
-> Request 4
1011
(4, 1, 1)
3
(20, 62)
-> Request 5
1235
(2, 3, 1)
2
(46, 44)
---> Week : 4
--> Day : 0
-> Request 0
111
(1, 1, 2)
2
(72, 39)
-> Request 1
116
(1, 2, 1)
3
(63, 60)
-> Request 2
287
(3, 1, 2)
3
(50, 74)
-> Request 3
566
(2, 3, 1)
3
(59, 10)
-> Request 4
667
(4, 1, 2)
2
(69, 60)
-> Request 5
876
(3, 2, 2)
1
(77, 20)
-> Request 6
893
(3, 2, 2)
3
(64, 68)
-> Request 7
1368
(2, 2, 2)
3
(54, 59)
-> Request 8
1399
(1, 3, 2)
2
(31, 58)
--> Day : 1
-> Request 0
33
(3, 1, 2)
1
(4, 79)
-> Request 1
269
(3, 3, 2)
3
(67, 50)
-> Request 2
402
(4, 2, 1)
3
(50, 23)
-> Request 3
812
(1, 1, 1)
1
(43, 14)
-> Request 4
863
(1, 1, 2)
1
(53, 12)
-> Request 5
1418
(2, 3, 1)
1
(53, 69)
--> Day : 2
-> Request 0
413
(3, 3, 2)
2
(4, 39)
-> Request 1
723
(4, 2, 1)
3
(51, 73)
-> Request 2
947
(4, 3, 1)
2
(48, 17)
-> Request 3
1174
(2, 2, 1)
3
(45, 4)
-> Request 4
1228
(2, 3, 1)
3
(40, 2)
-> Request 5
1345
(3, 2, 2)
2
(48, 62)
--> Day : 3
-> Request 0
179
(4, 1, 1)
1
(15, 20)
-> Request 1
693
(4, 2, 2)
2
(46, 62)
-> Request 2
755
(2, 2, 1)
3
(20, 44)
-> Request 3
1104
(2, 2, 2)
1
(76, 55)
-> Request 4
1226
(3, 3, 2)
3
(23, 64)
-> Request 5
1233
(4, 2, 1)
3
(31, 61)
--> Day : 4
-> Request 0
350
(1, 1, 1)
3
(16, 5)
-> Request 1
385
(4, 3, 2)
1
(55, 35)
-> Request 2
453
(3, 2, 1)
3
(58, 65)
-> Request 3
1024
(3, 2, 2)
3
(72, 40)
-> Request 4
1087
(4, 1, 1)
2
(48, 12)
-> Request 5
1410
(4, 3, 1)
2
(77, 37)
---> Week : 5
--> Day : 0
-> Request 0
99
(1, 1, 2)
2
(66, 59)
-> Request 1
145
(2, 3, 2)
3
(9, 42)
-> Request 2
641
(2, 1, 1)
1
(36, 77)
-> Request 3
773
(3, 3, 2)
1
(1, 73)
-> Request 4
1025
(1, 2, 2)
2
(43, 52)
-> Request 5
1085
(3, 1, 1)
2
(43, 69)
-> Request 6
1139
(4, 1, 1)
1
(24, 18)
-> Request 7
1199
(2, 2, 2)
3
(64, 24)
--> Day : 1
-> Request 0
83
(3, 3, 1)
3
(50, 54)
-> Request 1
106
(4, 2, 1)
2
(40, 36)
-> Request 2
280
(3, 3, 1)
2
(42, 48)
-> Request 3
404
(2, 3, 1)
3
(74, 76)
-> Request 4
753
(2, 2, 2)
2
(65, 73)
-> Request 5
870
(3, 3, 1)
2
(36, 6)
-> Request 6
899
(2, 1, 1)
1
(45, 28)
-> Request 7
1179
(1, 3, 2)
2
(9, 21)
-> Request 8
1237
(4, 3, 1)
1
(59, 51)
--> Day : 2
-> Request 0
81
(3, 3, 2)
1
(25, 7)
-> Request 1
262
(3, 1, 1)
2
(40, 8)
-> Request 2
564
(4, 3, 2)
1
(61, 64)
-> Request 3
709
(2, 1, 2)
2
(79, 16)
-> Request 4
970
(4, 1, 2)
2
(56, 75)
--> Day : 3
-> Request 0
101
(2, 3, 2)
1
(70, 68)
-> Request 1
168
(2, 3, 1)
2
(66, 12)
-> Request 2
1115
(2, 1, 2)
2
(31, 11)
-> Request 3
1200
(1, 1, 1)
2
(63, 19)
-> Request 4
1241
(4, 2, 1)
2
(1, 3)
-> Request 5
1313
(2, 2, 1)
3
(1, 65)
--> Day : 4
-> Request 0
24
(1, 2, 2)
2
(50, 66)
-> Request 1
509
(1, 1, 2)
3
(31, 32)
-> Request 2
643
(3, 2, 1)
2
(45, 72)
-> Request 3
650
(4, 1, 2)
2
(53, 60)
-> Request 4
838
(4, 2, 2)
3
(68, 13)
-> Request 5
844
(4, 2, 2)
3
(38, 38)
-> Request 6
853
(2, 2, 2)
1
(67, 70)
-> Request 7
893
(2, 1, 1)
1
(41, 48)
-> Request 8
916
(4, 2, 1)
2
(7, 76)
-> Request 9
1117
(1, 3, 1)
1
(79, 23)
-> Request 10
1152
(2, 2, 1)
3
(57, 62)
---> Week : 6
--> Day : 0
-> Request 0
463
(1, 1, 1)
2
(38, 4)
-> Request 1
707
(2, 2, 2)
1
(5, 13)
-> Request 2
1017
(1, 1, 1)
3
(43, 16)
-> Request 3
1284
(1, 3, 1)
2
(22, 10)
-> Request 4
1397
(1, 2, 2)
3
(69, 74)
--> Day : 1
-> Request 0
45
(1, 2, 2)
2
(29, 31)
-> Request 1
106
(3, 1, 2)
1
(53, 29)
-> Request 2
150
(1, 1, 1)
1
(40, 66)
-> Request 3
692
(4, 1, 1)
1
(23, 4)
-> Request 4
716
(2, 3, 2)
3
(35, 14)
-> Request 5
778
(3, 1, 2)
3
(58, 55)
-> Request 6
1210
(3, 3, 1)
3
(22, 19)
--> Day : 2
-> Request 0
52
(3, 3, 1)
1
(69, 18)
-> Request 1
295
(3, 2, 1)
1
(60, 52)
-> Request 2
373
(4, 2, 2)
3
(67, 13)
-> Request 3
496
(4, 3, 1)
2
(22, 13)
-> Request 4
509
(3, 1, 1)
3
(68, 63)
-> Request 5
735
(2, 2, 1)
3
(32, 23)
-> Request 6
835
(1, 3, 1)
2
(10, 42)
--> Day : 3
-> Request 0
181
(3, 1, 1)
2
(50, 64)
-> Request 1
323
(3, 3, 1)
1
(79, 74)
-> Request 2
781
(2, 1, 2)
1
(7, 69)
-> Request 3
835
(1, 3, 2)
2
(40, 25)
-> Request 4
1337
(3, 1, 1)
2
(78, 18)
--> Day : 4
-> Request 0
192
(2, 2, 2)
3
(66, 29)
-> Request 1
1080
(3, 3, 2)
3
(61, 4)
-> Request 2
1210
(4, 1, 2)
3
(31, 43)
-> Request 3
1214
(2, 3, 1)
3
(38, 57)
-> Request 4
1405
(3, 1, 1)
2
(49, 13)
---> Week : 7
--> Day : 0
-> Request 0
272
(1, 2, 2)
2
(31, 1)
-> Request 1
374
(3, 1, 2)
3
(5, 29)
-> Request 2
764
(2, 2, 2)
3
(24, 48)
-> Request 3
801
(1, 1, 1)
1
(71, 2)
-> Request 4
826
(1, 2, 1)
2
(43, 43)
-> Request 5
1174
(4, 3, 1)
1
(45, 17)
-> Request 6
1375
(4, 1, 1)
2
(55, 36)
--> Day : 1
-> Request 0
115
(2, 1, 2)
3
(4, 26)
-> Request 1
247
(3, 2, 1)
2
(32, 25)
-> Request 2
445
(2, 2, 2)
1
(12, 14)
-> Request 3
445
(3, 3, 1)
2
(49, 60)
-> Request 4
785
(2, 3, 1)
3
(73, 64)
-> Request 5
800
(3, 1, 1)
3
(45, 4)
-> Request 6
900
(1, 1, 1)
1
(38, 66)
-> Request 7
950
(1, 3, 2)
1
(47, 61)
-> Request 8
1269
(1, 2, 2)
2
(19, 10)
-> Request 9
1430
(1, 2, 1)
3
(0, 0)
--> Day : 2
-> Request 0
155
(3, 2, 2)
3
(49, 35)
--> Day : 3
-> Request 0
441
(3, 3, 1)
3
(76, 68)
-> Request 1
466
(1, 3, 2)
2
(71, 42)
-> Request 2
481
(4, 1, 2)
3
(3, 1)
-> Request 3
970
(2, 1, 1)
3
(68, 5)
-> Request 4
1113
(3, 1, 1)
3
(53, 33)
-> Request 5
1230
(1, 2, 1)
3
(72, 42)
--> Day : 4
-> Request 0
972
(2, 3, 1)
3
(4, 50)
-> Request 1
996
(4, 1, 1)
1
(70, 11)
-> Request 2
1028
(2, 2, 1)
3
(70, 69)
-> Request 3
1048
(2, 2, 1)
1
(71, 34)
-> Request 4
1170
(3, 2, 1)
1
(13, 77)
-> Request 5
1220
(4, 2, 1)
1
(61, 28)
-> Request 6
1222
(1, 1, 1)
2
(56, 19)
-> Request 7
1237
(3, 3, 1)
3
(68, 41)
-> Request 8
1432
(2, 2, 2)
1
(43, 10)
---> Week : 8
--> Day : 0
-> Request 0
87
(1, 3, 1)
1
(10, 79)
-> Request 1
905
(1, 1, 2)
2
(51, 3)
-> Request 2
1144
(2, 3, 2)
3
(65, 42)
-> Request 3
1431
(2, 2, 1)
1
(49, 24)
--> Day : 1
-> Request 0
39
(4, 2, 2)
2
(67, 64)
-> Request 1
110
(2, 1, 2)
3
(21, 55)
-> Request 2
250
(4, 1, 1)
3
(2, 24)
-> Request 3
346
(3, 2, 2)
2
(4, 43)
-> Request 4
967
(2, 1, 2)
1
(36, 74)
-> Request 5
1012
(2, 1, 1)
3
(35, 67)
--> Day : 2
-> Request 0
48
(2, 2, 2)
1
(79, 7)
-> Request 1
129
(2, 1, 1)
2
(3, 50)
-> Request 2
307
(3, 3, 2)
2
(22, 28)
-> Request 3
505
(1, 2, 2)
3
(76, 16)
-> Request 4
545
(3, 2, 1)
3
(63, 54)
-> Request 5
743
(1, 3, 1)
2
(24, 62)
-> Request 6
1105
(1, 2, 1)
1
(44, 36)
-> Request 7
1220
(2, 2, 1)
1
(7, 70)
-> Request 8
1402
(1, 1, 1)
1
(13, 79)
--> Day : 3
-> Request 0
753
(1, 2, 2)
1
(66, 55)
-> Request 1
842
(2, 3, 2)
3
(5, 56)
-> Request 2
924
(4, 3, 2)
1
(59, 25)
-> Request 3
988
(3, 3, 1)
3
(39, 62)
-> Request 4
1136
(1, 2, 2)
1
(60, 71)
-> Request 5
1155
(2, 3, 1)
3
(10, 36)
--> Day : 4
-> Request 0
176
(2, 2, 1)
1
(66, 5)
-> Request 1
532
(4, 1, 2)
3
(13, 60)
-> Request 2
596
(4, 3, 2)
3
(11, 30)
-> Request 3
1194
(4, 1, 2)
2
(14, 21)
---> Week : 9
--> Day : 0
-> Request 0
691
(3, 1, 2)
2
(19, 2)
-> Request 1
998
(4, 2, 2)
3
(14, 60)
-> Request 2
1035
(3, 1, 1)
1
(75, 64)
-> Request 3
1210
(2, 2, 1)
3
(16, 2)
-> Request 4
1309
(1, 3, 2)
3
(47, 54)
--> Day : 1
-> Request 0
72
(1, 2, 2)
2
(42, 37)
-> Request 1
150
(4, 2, 2)
1
(75, 52)
-> Request 2
544
(3, 3, 2)
3
(52, 79)
-> Request 3
1130
(4, 2, 1)
3
(63, 23)
--> Day : 2
-> Request 0
140
(3, 3, 1)
3
(12, 65)
-> Request 1
207
(4, 1, 1)
2
(78, 67)
-> Request 2
747
(4, 1, 2)
3
(3, 28)
-> Request 3
775
(1, 2, 1)
1
(75, 22)
-> Request 4
1253
(2, 2, 1)
3
(43, 58)
-> Request 5
1430
(1, 1, 1)
1
(21, 6)
--> Day : 3
-> Request 0
560
(1, 1, 2)
1
(57, 71)
-> Request 1
919
(4, 3, 2)
3
(54, 17)
--> Day : 4
-> Request 0
9
(2, 2, 2)
3
(61, 26)
-> Request 1
99
(3, 3, 1)
3
(77, 72)
-> Request 2
247
(1, 2, 2)
1
(35, 15)
-> Request 3
738
(3, 1, 2)
1
(10, 66)
-> Request 4
746
(3, 1, 1)
1
(65, 10)
-> Request 5
896
(1, 3, 2)
1
(53, 58)
-> Request 6
1054
(4, 2, 1)
3
(59, 45)
-> Request 7
1118
(1, 3, 1)
2
(57, 32)
-> Request 8
1218
(4, 1, 2)
3
(32, 75)
-> Request 9
1234
(2, 3, 2)
2
(10, 54)
-> Request 10
1298
(1, 1, 2)
3
(69, 36)
-> Request 11
1366
(3, 3, 2)
3
(2, 36)
---> Week : 10
--> Day : 0
-> Request 0
98
(3, 3, 1)
2
(52, 24)
-> Request 1
539
(1, 2, 1)
3
(10, 24)
-> Request 2
788
(3, 2, 1)
1
(10, 46)
-> Request 3
937
(2, 3, 1)
1
(31, 32)
-> Request 4
1318
(2, 1, 2)
3
(46, 32)
-> Request 5
1390
(3, 2, 1)
2
(4, 35)
--> Day : 1
-> Request 0
544
(1, 3, 1)
1
(2, 55)
-> Request 1
557
(4, 3, 1)
3
(59, 47)
-> Request 2
607
(1, 3, 1)
2
(37, 52)
-> Request 3
841
(1, 2, 1)
1
(47, 33)
-> Request 4
846
(3, 3, 2)
3
(23, 18)
-> Request 5
888
(3, 1, 2)
3
(16, 61)
-> Request 6
1166
(3, 2, 2)
3
(57, 24)
-> Request 7
1209
(2, 3, 2)
1
(74, 76)
-> Request 8
1336
(1, 1, 2)
1
(17, 37)
--> Day : 2
-> Request 0
224
(4, 2, 2)
2
(24, 74)
-> Request 1
532
(2, 2, 2)
1
(19, 0)
-> Request 2
767
(4, 1, 2)
2
(34, 63)
-> Request 3
949
(3, 3, 2)
3
(59, 52)
-> Request 4
1090
(2, 1, 2)
2
(19, 47)
-> Request 5
1107
(2, 2, 2)
1
(53, 54)
-> Request 6
1140
(3, 1, 1)
2
(29, 41)
-> Request 7
1294
(2, 3, 2)
1
(60, 55)
--> Day : 3
-> Request 0
18
(1, 1, 2)
3
(40, 49)
-> Request 1
716
(2, 2, 2)
1
(5, 67)
-> Request 2
946
(1, 1, 2)
2
(22, 55)
-> Request 3
964
(4, 1, 2)
3
(68, 27)
-> Request 4
1280
(4, 2, 2)
2
(7, 49)
--> Day : 4
-> Request 0
47
(1, 1, 1)
3
(19, 15)
-> Request 1
511
(3, 2, 2)
2
(63, 55)
-> Request 2
543
(4, 1, 2)
2
(52, 53)
-> Request 3
1164
(1, 3, 2)
3
(11, 60)
-> Request 4
1379
(2, 1, 1)
3
(76, 50)
-> Request 5
1418
(1, 3, 1)
2
(16, 51)
---> Week : 11
--> Day : 0
-> Request 0
118
(3, 2, 2)
2
(46, 78)
-> Request 1
333
(4, 1, 2)
2
(66, 9)
-> Request 2
652
(1, 2, 2)
3
(64, 46)
-> Request 3
1213
(2, 2, 2)
1
(30, 19)
-> Request 4
1275
(1, 3, 1)
1
(58, 24)
-> Request 5
1279
(3, 2, 2)
2
(38, 14)
-> Request 6
1343
(3, 2, 1)
3
(18, 47)
--> Day : 1
-> Request 0
187
(2, 1, 2)
1
(11, 28)
-> Request 1
502
(3, 3, 1)
1
(21, 63)
--> Day : 2
-> Request 0
164
(4, 1, 2)
3
(39, 44)
-> Request 1
179
(2, 2, 1)
2
(41, 53)
-> Request 2
242
(2, 1, 2)
3
(50, 18)
-> Request 3
296
(4, 2, 2)
2
(45, 43)
-> Request 4
358
(1, 3, 2)
1
(74, 48)
-> Request 5
716
(2, 3, 1)
2
(59, 74)
-> Request 6
1187
(3, 1, 1)
3
(43, 74)
-> Request 7
1296
(2, 2, 1)
3
(22, 46)
--> Day : 3
-> Request 0
114
(1, 3, 2)
1
(1, 4)
-> Request 1
261
(3, 2, 2)
2
(31, 67)
-> Request 2
388
(1, 2, 2)
2
(41, 31)
-> Request 3
454
(2, 1, 1)
2
(48, 62)
-> Request 4
493
(2, 1, 2)
1
(36, 17)
-> Request 5
1120
(3, 1, 1)
2
(48, 9)
-> Request 6
1227
(1, 3, 2)
2
(78, 77)
-> Request 7
1230
(1, 1, 2)
2
(59, 45)
--> Day : 4
-> Request 0
2
(2, 1, 2)
1
(64, 79)
-> Request 1
386
(3, 2, 1)
1
(7, 8)
-> Request 2
430
(2, 1, 2)
2
(3, 27)
-> Request 3
832
(4, 3, 2)
2
(8, 57)
-> Request 4
962
(2, 2, 2)
1
(3, 43)
-> Request 5
982
(1, 1, 1)
3
(67, 10)
-> Request 6
1432
(4, 2, 1)
3
(72, 26)
---> Week : 12
--> Day : 0
-> Request 0
693
(4, 3, 1)
1
(6, 32)
-> Request 1
780
(3, 1, 1)
3
(66, 44)
-> Request 2
1194
(2, 1, 1)
1
(25, 9)
-> Request 3
1226
(2, 3, 1)
1
(29, 71)
--> Day : 1
--> Day : 2
-> Request 0
179
(2, 3, 2)
3
(8, 50)
-> Request 1
223
(3, 3, 2)
2
(58, 25)
-> Request 2
525
(3, 2, 1)
2
(73, 38)
-> Request 3
538
(3, 1, 1)
1
(7, 41)
-> Request 4
547
(4, 1, 1)
1
(16, 51)
-> Request 5
926
(2, 3, 1)
2
(10, 56)
-> Request 6
1029
(2, 2, 1)
3
(49, 24)
-> Request 7
1219
(4, 3, 2)
2
(69, 7)
-> Request 8
1280
(4, 3, 1)
2
(53, 3)
--> Day : 3
-> Request 0
486
(3, 2, 2)
3
(36, 19)
-> Request 1
754
(3, 3, 2)
1
(73, 8)
-> Request 2
837
(4, 2, 1)
2
(13, 64)
-> Request 3
994
(4, 1, 2)
2
(40, 67)
-> Request 4
1413
(2, 2, 2)
2
(51, 47)
--> Day : 4
-> Request 0
145
(2, 3, 1)
1
(53, 37)
-> Request 1
229
(4, 2, 1)
2
(71, 38)
-> Request 2
401
(4, 3, 1)
1
(35, 6)
-> Request 3
695
(1, 3, 1)
3
(65, 32)
-> Request 4
723
(3, 2, 2)
3
(28, 63)
-> Request 5
917
(3, 2, 2)
1
(6, 27)
-> Request 6
1068
(1, 1, 2)
1
(45, 59)
-> Request 7
1088
(4, 2, 1)
3
(72, 8)
---> Week : 13
--> Day : 0
-> Request 0
38
(4, 2, 2)
3
(42, 39)
-> Request 1
58
(3, 3, 2)
2
(50, 52)
-> Request 2
582
(4, 3, 2)
1
(29, 15)
-> Request 3
860
(1, 2, 1)
3
(46, 9)
-> Request 4
1168
(2, 2, 2)
2
(25, 11)
-> Request 5
1374
(4, 1, 1)
3
(65, 17)
--> Day : 1
-> Request 0
26
(1, 3, 2)
2
(15, 59)
-> Request 1
130
(2, 2, 1)
1
(58, 19)
-> Request 2
515
(2, 1, 2)
2
(54, 79)
-> Request 3
1066
(1, 3, 2)
3
(75, 42)
-> Request 4
1310
(1, 2, 2)
3
(24, 74)
--> Day : 2
-> Request 0
643
(1, 1, 1)
1
(8, 31)
-> Request 1
1299
(1, 2, 1)
1
(22, 64)
--> Day : 3
-> Request 0
791
(1, 2, 2)
2
(51, 50)
-> Request 1
996
(4, 1, 1)
1
(38, 66)
-> Request 2
1141
(4, 2, 2)
3
(72, 33)
-> Request 3
1230
(1, 2, 2)
2
(44, 67)
-> Request 4
1259
(2, 1, 2)
1
(34, 58)
-> Request 5
1372
(2, 2, 2)
2
(5, 32)
--> Day : 4
-> Request 0
197
(3, 3, 1)
3
(49, 17)
-> Request 1
270
(4, 2, 1)
3
(22, 42)
-> Request 2
323
(4, 2, 2)
2
(11, 45)
-> Request 3
469
(2, 2, 2)
1
(44, 12)
-> Request 4
499
(3, 1, 2)
2
(55, 1)
-> Request 5
730
(3, 3, 2)
1
(65, 59)
-> Request 6
979
(3, 3, 2)
2
(16, 42)
---> Week : 14
--> Day : 0
-> Request 0
137
(3, 1, 2)
2
(41, 25)
-> Request 1
433
(2, 1, 2)
2
(56, 27)
-> Request 2
763
(1, 1, 2)
3
(1, 77)
-> Request 3
938
(1, 1, 1)
3
(69, 20)
-> Request 4
1157
(4, 3, 1)
2
(75, 42)
-> Request 5
1397
(3, 2, 2)
1
(27, 33)
--> Day : 1
-> Request 0
744
(4, 2, 1)
1
(48, 39)
-> Request 1
747
(3, 1, 2)
2
(24, 56)
-> Request 2
977
(2, 2, 2)
2
(70, 31)
-> Request 3
992
(2, 1, 1)
3
(28, 63)
-> Request 4
993
(2, 2, 1)
2
(27, 27)
-> Request 5
1089
(1, 1, 2)
3
(50, 27)
--> Day : 2
-> Request 0
249
(4, 2, 1)
1
(13, 19)
-> Request 1
259
(4, 2, 2)
3
(70, 3)
-> Request 2
501
(4, 2, 2)
3
(51, 62)
-> Request 3
663
(1, 1, 1)
2
(72, 64)
--> Day : 3
-> Request 0
243
(4, 3, 2)
2
(59, 35)
-> Request 1
309
(2, 3, 2)
1
(28, 32)
-> Request 2
852
(2, 1, 1)
1
(7, 16)
-> Request 3
895
(3, 2, 1)
2
(25, 13)
-> Request 4
1210
(4, 2, 2)
2
(7, 0)
--> Day : 4
-> Request 0
123
(1, 3, 1)
2
(18, 46)
-> Request 1
186
(1, 3, 2)
1
(5, 59)
-> Request 2
469
(2, 3, 2)
3
(5, 4)
-> Request 3
654
(2, 1, 2)
2
(43, 67)
-> Request 4
785
(3, 3, 1)
3
(5, 9)
-> Request 5
896
(2, 2, 1)
1
(11, 61)
-> Request 6
1056
(1, 1, 1)
2
(22, 50)
---> Week : 15
--> Day : 0
-> Request 0
75
(4, 3, 2)
1
(29, 54)
-> Request 1
144
(2, 1, 1)
3
(74, 38)
-> Request 2
601
(4, 2, 1)
2
(32, 4)
-> Request 3
759
(3, 2, 2)
1
(25, 28)
-> Request 4
894
(3, 2, 1)
3
(67, 8)
-> Request 5
898
(1, 2, 1)
1
(72, 0)
--> Day : 1
-> Request 0
653
(3, 3, 2)
2
(50, 68)
--> Day : 2
-> Request 0
349
(2, 3, 1)
3
(29, 75)
-> Request 1
545
(4, 2, 2)
2
(41, 19)
-> Request 2
715
(1, 2, 2)
1
(67, 28)
--> Day : 3
-> Request 0
15
(4, 2, 2)
1
(27, 32)
-> Request 1
71
(3, 1, 2)
1
(48, 57)
-> Request 2
452
(1, 1, 2)
1
(30, 44)
-> Request 3
495
(4, 1, 1)
2
(37, 40)
-> Request 4
522
(1, 1, 1)
2
(58, 11)
-> Request 5
710
(2, 1, 2)
2
(70, 44)
-> Request 6
847
(2, 1, 1)
3
(66, 39)
-> Request 7
1083
(3, 2, 1)
3
(64, 61)
-> Request 8
1088
(4, 2, 2)
3
(45, 77)
-> Request 9
1220
(4, 2, 2)
2
(63, 3)
-> Request 10
1342
(3, 2, 2)
1
(72, 49)
--> Day : 4
-> Request 0
322
(2, 1, 2)
3
(59, 3)
-> Request 1
336
(1, 1, 2)
3
(61, 69)
-> Request 2
361
(4, 3, 1)
3
(75, 42)
-> Request 3
701
(2, 1, 2)
2
(64, 8)
-> Request 4
737
(2, 1, 1)
3
(32, 54)
-> Request 5
829
(1, 3, 2)
2
(16, 56)
-> Request 6
1073
(1, 2, 2)
3
(30, 56)
-> Request 7
1159
(4, 2, 2)
2
(12, 12)
-> Request 8
1250
(4, 3, 2)
2
(29, 27)
---> Week : 16
--> Day : 0
-> Request 0
164
(1, 1, 2)
1
(6, 39)
-> Request 1
696
(1, 2, 1)
3
(44, 61)
-> Request 2
735
(3, 3, 1)
1
(60, 34)
-> Request 3
821
(3, 1, 1)
1
(27, 0)
-> Request 4
1396
(1, 1, 1)
1
(7, 62)
--> Day : 1
-> Request 0
544
(3, 2, 1)
2
(37, 12)
-> Request 1
640
(3, 2, 1)
1
(71, 47)
-> Request 2
740
(4, 1, 2)
3
(5, 36)
-> Request 3
1051
(3, 2, 1)
2
(38, 36)
-> Request 4
1098
(3, 1, 1)
3
(74, 18)
-> Request 5
1208
(2, 2, 2)
1
(5, 41)
-> Request 6
1343
(4, 3, 1)
2
(15, 33)
--> Day : 2
-> Request 0
3
(4, 2, 2)
1
(22, 59)
-> Request 1
177
(2, 3, 1)
2
(9, 3)
-> Request 2
825
(1, 1, 1)
1
(70, 37)
-> Request 3
847
(1, 3, 2)
1
(23, 9)
-> Request 4
1312
(2, 3, 2)
1
(35, 37)
-> Request 5
1312
(3, 2, 2)
2
(22, 21)
--> Day : 3
-> Request 0
446
(2, 2, 2)
1
(12, 26)
-> Request 1
605
(1, 3, 1)
2
(78, 75)
-> Request 2
1016
(3, 1, 2)
2
(21, 52)
-> Request 3
1098
(1, 3, 2)
3
(65, 39)
--> Day : 4
-> Request 0
41
(2, 1, 2)
3
(18, 46)
-> Request 1
74
(2, 3, 1)
2
(31, 65)
-> Request 2
177
(2, 2, 2)
2
(58, 79)
-> Request 3
251
(1, 2, 2)
3
(18, 60)
-> Request 4
277
(2, 3, 1)
3
(16, 2)
-> Request 5
281
(1, 1, 1)
3
(6, 37)
-> Request 6
326
(1, 2, 1)
2
(23, 23)
-> Request 7
808
(4, 2, 1)
3
(49, 68)
---> Week : 17
--> Day : 0
-> Request 0
463
(4, 3, 2)
1
(35, 21)
-> Request 1
690
(2, 3, 2)
1
(28, 57)
-> Request 2
967
(4, 2, 2)
1
(38, 47)
-> Request 3
1101
(3, 1, 1)
1
(67, 72)
-> Request 4
1401
(2, 3, 1)
2
(18, 22)
--> Day : 1
-> Request 0
182
(4, 1, 2)
2
(50, 25)
-> Request 1
294
(4, 3, 1)
3
(68, 33)
-> Request 2
772
(3, 1, 1)
3
(42, 70)
-> Request 3
955
(2, 1, 2)
3
(42, 30)
-> Request 4
1025
(2, 2, 1)
1
(7, 41)
--> Day : 2
-> Request 0
103
(1, 2, 1)
1
(33, 59)
-> Request 1
111
(4, 2, 2)
1
(65, 35)
-> Request 2
346
(1, 2, 2)
2
(54, 32)
-> Request 3
379
(4, 1, 1)
2
(24, 44)
-> Request 4
531
(1, 1, 1)
3
(27, 7)
-> Request 5
898
(4, 3, 1)
3
(69, 79)
-> Request 6
1075
(1, 2, 2)
1
(45, 43)
--> Day : 3
-> Request 0
907
(2, 3, 1)
3
(67, 55)
-> Request 1
1322
(2, 1, 2)
1
(70, 50)
--> Day : 4
-> Request 0
31
(2, 3, 2)
2
(63, 45)
-> Request 1
205
(3, 3, 2)
3
(78, 50)
-> Request 2
641
(4, 1, 2)
3
(2, 72)
-> Request 3
694
(2, 2, 2)
2
(34, 39)
-> Request 4
842
(4, 3, 2)
1
(13, 64)
---> Week : 18
--> Day : 0
-> Request 0
364
(1, 2, 1)
2
(36, 79)
-> Request 1
521
(2, 1, 2)
2
(59, 14)
-> Request 2
577
(2, 2, 2)
3
(1, 51)
-> Request 3
598
(4, 3, 1)
3
(13, 72)
-> Request 4
651
(1, 1, 2)
1
(26, 19)
--> Day : 1
-> Request 0
75
(2, 2, 1)
2
(1, 53)
-> Request 1
248
(4, 2, 2)
2
(77, 14)
-> Request 2
428
(1, 2, 1)
2
(1, 26)
-> Request 3
805
(1, 2, 1)
1
(11, 41)
--> Day : 2
-> Request 0
17
(4, 3, 2)
2
(7, 61)
-> Request 1
234
(3, 3, 1)
1
(76, 51)
-> Request 2
1172
(2, 2, 1)
3
(43, 28)
-> Request 3
1419
(2, 2, 1)
1
(25, 44)
--> Day : 3
-> Request 0
218
(3, 3, 1)
3
(4, 73)
-> Request 1
448
(4, 1, 1)
1
(13, 77)
-> Request 2
602
(1, 1, 1)
1
(74, 42)
-> Request 3
619
(1, 1, 1)
2
(76, 8)
-> Request 4
655
(2, 1, 1)
2
(67, 8)
-> Request 5
913
(2, 1, 1)
2
(71, 76)
-> Request 6
1008
(2, 2, 1)
2
(8, 29)
-> Request 7
1388
(4, 3, 2)
2
(60, 41)
--> Day : 4
-> Request 0
1145
(4, 2, 2)
3
(15, 61)
-> Request 1
1357
(2, 1, 2)
1
(60, 69)
-> Request 2
1386
(2, 1, 1)
2
(67, 2)
---> Week : 19
--> Day : 0
-> Request 0
236
(1, 2, 1)
1
(64, 26)
-> Request 1
758
(4, 3, 2)
3
(16, 28)
-> Request 2
1096
(2, 3, 2)
2
(60, 1)
-> Request 3
1206
(1, 1, 1)
2
(8, 4)
-> Request 4
1382
(4, 3, 1)
2
(77, 38)
--> Day : 1
-> Request 0
38
(3, 2, 1)
3
(36, 14)
-> Request 1
393
(1, 3, 2)
1
(29, 64)
-> Request 2
433
(4, 2, 2)
2
(49, 50)
-> Request 3
478
(3, 2, 2)
3
(69, 12)
-> Request 4
768
(4, 2, 1)
1
(46, 48)
-> Request 5
833
(2, 3, 1)
3
(31, 71)
-> Request 6
957
(3, 3, 1)
2
(56, 34)
-> Request 7
1089
(2, 3, 2)
3
(32, 68)
--> Day : 2
-> Request 0
57
(1, 3, 1)
3
(45, 15)
-> Request 1
365
(2, 3, 1)
1
(48, 66)
-> Request 2
633
(2, 3, 2)
2
(77, 11)
--> Day : 3
-> Request 0
177
(4, 3, 2)
3
(16, 33)
-> Request 1
348
(4, 2, 2)
2
(28, 77)
-> Request 2
1017
(4, 3, 2)
3
(67, 32)
-> Request 3
1254
(1, 1, 1)
3
(53, 73)
-> Request 4
1292
(2, 1, 2)
1
(45, 25)
--> Day : 4
-> Request 0
265
(3, 3, 1)
3
(44, 4)
-> Request 1
592
(3, 1, 2)
3
(8, 3)
-> Request 2
762
(1, 2, 2)
1
(61, 12)
-> Request 3
1370
(2, 2, 2)
2
(2, 44)
