---> Week : 0
--> Day : 0
-> Request 0
28
(1, 3, 1)
1
(32, 35)
-> Request 1
405
(3, 1, 1)
1
(26, 5)
-> Request 2
894
(4, 1, 1)
3
(3, 36)
-> Request 3
1321
(3, 1, 1)
1
(21, 36)
-> Request 4
1364
(3, 2, 1)
2
(48, 75)
--> Day : 1
-> Request 0
329
(4, 1, 2)
3
(43, 12)
-> Request 1
1060
(3, 3, 2)
2
(59, 29)
-> Request 2
1313
(4, 1, 1)
2
(76, 67)
--> Day : 2
-> Request 0
273
(3, 3, 1)
2
(53, 54)
-> Request 1
805
(2, 1, 1)
3
(9, 23)
-> Request 2
912
(3, 3, 2)
3
(37, 71)
-> Request 3
929
(1, 2, 2)
1
(64, 41)
-> Request 4
1059
(2, 3, 1)
1
(4, 46)
-> Request 5
1264
(4, 1, 1)
1
(20, 61)
-> Request 6
1365
(4, 1, 2)
2
(56, 15)
-> Request 7
1421
(4, 1, 2)
3
(20, 71)
--> Day : 3
-> Request 0
52
(3, 2, 1)
3
(2, 65)
-> Request 1
338
(1, 3, 2)
2
(33, 71)
-> Request 2
537
(3, 3, 1)
3
(32, 62)
-> Request 3
963
(2, 2, 1)
3
(4, 3)
-> Request 4
1145
(4, 1, 1)
2
(31, 7)
-> Request 5
1235
(4, 1, 1)
2
(51, 77)
--> Day : 4
-> Request 0
93
(4, 3, 1)
3
(68, 6)
-> Request 1
159
(1, 3, 2)
2
(72, 2)
-> Request 2
168
(1, 3, 2)
2
(33, 47)
-> Request 3
755
(4, 1, 1)
2
(60, 74)
-> Request 4
784
(3, 1, 1)
1
(35, 14)
-> Request 5
1118
(3, 2, 1)
2
(35, 63)
-> Request 6
1133
(3, 1, 2)
3
(4, 14)
---> Week : 1
--> Day : 0
-> Request 0
217
(3, 2, 1)
2
(39, 73)
-> Request 1
597
(1, 1, 1)
1
(63, 41)
-> Request 2
1066
(2, 2, 2)
3
(73, 7)
--> Day : 1
-> Request 0
40
(2, 3, 1)
3
(75, 65)
-> Request 1
589
(1, 3, 1)
2
(60, 71)
-> Request 2
1225
(1, 2, 2)
1
(64, 54)
--> Day : 2
-> Request 0
402
(2, 1, 2)
1
(58, 43)
-> Request 1
458
(3, 3, 2)
3
(3, 18)
-> Request 2
580
(2, 3, 2)
3
(59, 67)
-> Request 3
706
(3, 3, 2)
1
(6, 1)
-> Request 4
1372
(2, 1, 1)
3
(37, 42)
--> Day : 3
-> Request 0
80
(1, 3, 1)
2
(30, 14)
-> Request 1
781
(2, 1, 2)
2
(11, 43)
-> Request 2
1119
(3, 1, 2)
3
(57, 31)
-> Request 3
1262
(4, 2, 2)
1
(63, 39)
-> Request 4
1357
(2, 2, 1)
3
(27, 30)
--> Day : 4
-> Request 0
178
(2, 2, 1)
1
(15, 53)
-> Request 1
247
(3, 2, 2)
2
(18, 53)
-> Request 2
1187
(2, 1, 2)
1
(42, 44)
-> Request 3
1190
(3, 1, 1)
1
(42, 59)
-> Request 4
1311
(2, 1, 2)
3
(37, 56)
-> Request 5
1369
(1, 3, 2)
2
(49, 9)
---> Week : 2
--> Day : 0
-> Request 0
233
(2, 3, 2)
1
(22, 21)
-> Request 1
438
(4, 3, 1)
1
(70, 63)
-> Request 2
829
(4, 3, 2)
3
(53, 9)
-> Request 3
941
(1, 1, 1)
2
(31, 0)
-> Request 4
1015
(2, 1, 2)
2
(36, 57)
-> Request 5
1029
(2, 3, 2)
2
(16, 7)
-> Request 6
1179
(3, 3, 1)
1
(23, 17)
-> Request 7
1349
(4, 3, 2)
3
(32, 0)
-> Request 8
1359
(4, 1, 1)
3
(11, 17)
--> Day : 1
-> Request 0
1040
(1, 2, 1)
3
(46, 72)
-> Request 1
1115
(4, 1, 1)
3
(34, 20)
-> Request 2
1197
(3, 1, 2)
2
(69, 25)
--> Day : 2
-> Request 0
120
(1, 3, 1)
3
(55, 25)
-> Request 1
120
(2, 2, 2)
3
(64, 24)
-> Request 2
138
(4, 2, 2)
3
(34, 78)
-> Request 3
222
(4, 2, 1)
2
(53, 14)
-> Request 4
225
(2, 1, 2)
1
(16, 75)
-> Request 5
458
(1, 1, 1)
1
(70, 26)
-> Request 6
731
(3, 2, 2)
2
(67, 79)
-> Request 7
964
(1, 3, 1)
2
(58, 31)
--> Day : 3
-> Request 0
288
(4, 2, 2)
2
(78, 4)
-> Request 1
993
(4, 1, 2)
2
(35, 15)
-> Request 2
1017
(2, 3, 1)
1
(24, 57)
--> Day : 4
-> Request 0
186
(4, 1, 2)
2
(14, 60)
-> Request 1
488
(4, 1, 2)
3
(5, 45)
-> Request 2
817
(1, 2, 1)
3
(30, 4)
-> Request 3
1031
(4, 1, 2)
3
(61, 0)
-> Request 4
1300
(4, 1, 1)
3
(72, 24)
---> Week : 3
--> Day : 0
-> Request 0
136
(1, 2, 2)
1
(8, 27)
-> Request 1
583
(3, 3, 2)
1
(61, 38)
-> Request 2
936
(1, 1, 1)
3
(55, 17)
-> Request 3
1350
(1, 2, 2)
2
(64, 73)
-> Request 4
1397
(4, 3, 2)
1
(36, 40)
--> Day : 1
-> Request 0
4
(4, 3, 1)
1
(37, 44)
-> Request 1
166
(2, 3, 2)
1
(12, 9)
-> Request 2
179
(4, 1, 2)
2
(41, 34)
-> Request 3
298
(2, 1, 1)
1
(40, 29)
--> Day : 2
-> Request 0
188
(4, 3, 2)
1
(43, 40)
-> Request 1
250
(3, 1, 2)
2
(29, 52)
-> Request 2
425
(2, 1, 1)
2
(8, 75)
-> Request 3
477
(2, 2, 2)
3
(73, 33)
-> Request 4
509
(1, 1, 2)
3
(52, 61)
-> Request 5
798
(1, 3, 1)
2
(38, 76)
-> Request 6
864
(1, 3, 2)
1
(17, 77)
-> Request 7
932
(4, 3, 2)
1
(7, 41)
-> Request 8
981
(4, 1, 1)
3
(74, 59)
--> Day : 3
-> Request 0
57
(4, 1, 2)
2
(44, 6)
-> Request 1
62
(3, 2, 2)
3
(35, 64)
-> Request 2
167
(2, 3, 2)
1
(44, 5)
-> Request 3
214
(4, 1, 1)
3
(17, 27)
-> Request 4
217
(4, 1, 1)
1
(47, 29)
-> Request 5
238
(4, 3, 1)
2
(43, 51)
-> Request 6
920
(1, 3, 2)
1
(52, 52)
-> Request 7
1406
(2, 1, 2)
3
(8, 62)
--> Day : 4
-> Request 0
201
(1, 2, 1)
3
(43, 12)
-> Request 1
454
(1, 1, 2)
1
(11, 78)
-> Request 2
718
(4, 3, 1)
3
(37, 39)
-> Request 3
816
(4, 3, 2)
2
(72, 69)
-> Request 4
934
(1, 3, 2)
3
(63, 45)
-> Request 5
1313
(3, 2, 1)
2
(18, 24)
---> Week : 4
--> Day : 0
-> Request 0
32
(1, 3, 1)
1
(4, 19)
-> Request 1
143
(1, 3, 1)
3
(16, 57)
-> Request 2
445
(3, 2, 1)
3
(3, 24)
-> Request 3
576
(3, 1, 2)
3
(37, 6)
-> Request 4
713
(1, 2, 1)
2
(43, 48)
-> Request 5
950
(1, 3, 2)
3
(1, 34)
-> Request 6
966
(4, 3, 1)
1
(75, 63)
-> Request 7
1075
(2, 2, 1)
2
(39, 14)
-> Request 8
1234
(3, 2, 1)
2
(30, 17)
-> Request 9
1272
(1, 1, 1)
3
(27, 42)
-> Request 10
1398
(1, 2, 1)
3
(74, 18)
-> Request 11
1436
(4, 1, 1)
1
(26, 51)
--> Day : 1
-> Request 0
212
(4, 2, 1)
3
(1, 33)
-> Request 1
453
(1, 3, 1)
2
(20, 66)
-> Request 2
571
(4, 3, 1)
2
(57, 36)
-> Request 3
1278
(2, 2, 1)
3
(62, 25)
-> Request 4
1283
(1, 2, 1)
3
(26, 61)
-> Request 5
1385
(4, 3, 1)
1
(27, 53)
-> Request 6
1389
(4, 1, 1)
1
(69, 27)
--> Day : 2
-> Request 0
216
(4, 3, 2)
1
(16, 34)
-> Request 1
540
(2, 1, 1)
1
(11, 5)
-> Request 2
731
(2, 1, 1)
1
(8, 32)
-> Request 3
1051
(3, 3, 1)
3
(28, 25)
--> Day : 3
-> Request 0
417
(1, 3, 2)
2
(45, 42)
-> Request 1
546
(1, 1, 2)
1
(75, 77)
-> Request 2
908
(1, 2, 2)
3
(10, 6)
-> Request 3
1129
(4, 1, 1)
3
(45, 44)
-> Request 4
1183
(4, 3, 1)
2
(8, 75)
--> Day : 4
-> Request 0
113
(2, 3, 1)
3
(29, 71)
-> Request 1
178
(2, 3, 1)
3
(25, 27)
-> Request 2
347
(2, 1, 1)
3
(5, 12)
-> Request 3
559
(3, 2, 2)
3
(60, 74)
-> Request 4
612
(2, 2, 2)
1
(41, 15)
-> Request 5
814
(1, 1, 1)
1
(53, 57)
-> Request 6
1065
(1, 1, 1)
3
(36, 27)
---> Week : 5
--> Day : 0
-> Request 0
107
(1, 2, 2)
3
(15, 38)
-> Request 1
237
(1, 3, 1)
2
(55, 8)
-> Request 2
305
(1, 1, 1)
3
(41, 9)
-> Request 3
387
(2, 3, 2)
2
(32, 55)
-> Request 4
559
(4, 3, 2)
2
(43, 21)
-> Request 5
764
(1, 3, 1)
1
(19, 58)
-> Request 6
929
(4, 1, 2)
1
(9, 63)
-> Request 7
1272
(2, 2, 2)
1
(39, 51)
--> Day : 1
-> Request 0
44
(4, 1, 1)
2
(22, 31)
-> Request 1
125
(4, 1, 2)
2
(59, 33)
-> Request 2
218
(3, 1, 1)
2
(69, 71)
-> Request 3
317
(1, 3, 1)
2
(74, 25)
-> Request 4
343
(3, 2, 2)
2
(65, 76)
-> Request 5
455
(2, 2, 1)
3
(34, 27)
-> Request 6
558
(2, 2, 1)
3
(63, 46)
-> Request 7
644
(4, 2, 2)
3
(24, 8)
-> Request 8
649
(1, 2, 2)
3
(46, 47)
-> Request 9
682
(2, 3, 1)
2
(45, 66)
-> Request 10
754
(1, 1, 2)
1
(75, 42)
-> Request 11
873
(3, 2, 1)
2
(61, 33)
-> Request 12
1432
(4, 3, 2)
2
(61, 17)
--> Day : 2
-> Request 0
138
(2, 3, 1)
3
(48, 56)
-> Request 1
300
(1, 2, 2)
3
(64, 3)
-> Request 2
447
(3, 2, 2)
2
(17, 47)
-> Request 3
523
(3, 3, 2)
2
(1, 70)
-> Request 4
1320
(2, 3, 2)
2
(8, 50)
--> Day : 3
-> Request 0
65
(4, 3, 2)
1
(5, 26)
-> Request 1
208
(3, 2, 2)
2
(58, 11)
-> Request 2
332
(3, 1, 2)
1
(74, 10)
-> Request 3
652
(1, 2, 2)
2
(71, 42)
-> Request 4
724
(3, 3, 1)
3
(74, 64)
-> Request 5
784
(3, 2, 1)
3
(3, 39)
-> Request 6
954
(1, 1, 2)
3
(8, 79)
-> Request 7
1289
(3, 3, 2)
3
(34, 13)
--> Day : 4
-> Request 0
119
(2, 3, 1)
2
(42, 7)
-> Request 1
662
(3, 2, 2)
2
(0, 48)
-> Request 2
1282
(4, 2, 2)
2
(75, 17)
---> Week : 6
--> Day : 0
-> Request 0
29
(1, 1, 2)
2
(43, 26)
-> Request 1
358
(1, 1, 1)
2
(34, 12)
-> Request 2
463
(3, 2, 1)
2
(17, 32)
-> Request 3
570
(3, 1, 1)
2
(5, 40)
-> Request 4
635
(4, 2, 2)
3
(54, 8)
-> Request 5
814
(3, 3, 1)
3
(35, 75)
-> Request 6
935
(1, 3, 1)
3
(33, 58)
-> Request 7
1161
(1, 1, 1)
3
(8, 41)
-> Request 8
1304
(3, 1, 2)
3
(35, 60)
--> Day : 1
-> Request 0
13
(3, 2, 1)
3
(71, 20)
-> Request 1
18
(2, 2, 2)
3
(49, 40)
-> Request 2
110
(3, 1, 1)
1
(28, 44)
-> Request 3
156
(1, 1, 2)
1
(48, 58)
-> Request 4
584
(2, 1, 2)
1
(71, 46)
-> Request 5
694
(1, 3, 2)
1
(57, 72)
-> Request 6
703
(4, 2, 2)
2
(9, 21)
--> Day : 2
-> Request 0
14
(3, 1, 2)
1
(46, 52)
-> Request 1
24
(3, 2, 1)
2
(70, 74)
-> Request 2
112
(3, 3, 1)
1
(18, 3)
-> Request 3
148
(2, 2, 1)
3
(64, 67)
-> Request 4
193
(3, 2, 2)
2
(61, 32)
-> Request 5
232
(2, 1, 1)
2
(69, 50)
-> Request 6
352
(1, 1, 2)
2
(20, 30)
-> Request 7
357
(2, 1, 1)
1
(47, 73)
-> Request 8
586
(2, 1, 1)
1
(57, 67)
-> Request 9
965
(3, 1, 2)
2
(24, 40)
-> Request 10
989
(3, 1, 1)
3
(15, 33)
-> Request 11
1345
(2, 2, 2)
1
(16, 24)
-> Request 12
1418
(4, 3, 1)
1
(68, 6)
--> Day : 3
-> Request 0
91
(2, 1, 1)
2
(35, 50)
-> Request 1
476
(1, 2, 1)
3
(52, 52)
-> Request 2
583
(2, 3, 1)
1
(60, 26)
-> Request 3
703
(1, 1, 1)
2
(22, 30)
-> Request 4
923
(1, 2, 2)
3
(2, 77)
-> Request 5
956
(4, 1, 1)
3
(6, 42)
--> Day : 4
-> Request 0
74
(2, 3, 1)
2
(46, 60)
-> Request 1
124
(2, 3, 2)
3
(40, 72)
-> Request 2
232
(4, 1, 2)
2
(58, 53)
-> Request 3
316
(4, 3, 1)
2
(75, 21)
-> Request 4
649
(1, 1, 1)
1
(18, 69)
-> Request 5
1066
(3, 3, 2)
1
(16, 76)
---> Week : 7
--> Day : 0
-> Request 0
147
(4, 3, 2)
3
(48, 45)
-> Request 1
304
(4, 1, 2)
1
(66, 51)
-> Request 2
513
(3, 3, 2)
2
(0, 19)
-> Request 3
1120
(3, 3, 2)
1
(74, 52)
-> Request 4
1365
(2, 2, 2)
1
(48, 62)
--> Day : 1
-> Request 0
100
(1, 3, 2)
1
(29, 74)
-> Request 1
374
(2, 1, 1)
3
(73, 16)
-> Request 2
612
(1, 3, 2)
3
(36, 76)
-> Request 3
628
(3, 3, 1)
3
(2, 61)
-> Request 4
1231
(3, 1, 1)
1
(73, 43)
--> Day : 2
-> Request 0
186
(4, 2, 1)
1
(36, 63)
-> Request 1
345
(4, 3, 1)
1
(38, 3)
-> Request 2
1142
(4, 2, 2)
1
(3, 18)
-> Request 3
1250
(3, 3, 1)
1
(65, 27)
-> Request 4
1399
(3, 3, 2)
1
(37, 21)
-> Request 5
1436
(1, 1, 1)
1
(11, 55)
--> Day : 3
-> Request 0
86
(1, 2, 2)
1
(2, 56)
-> Request 1
228
(3, 3, 1)
2
(40, 31)
-> Request 2
854
(2, 1, 2)
3
(53, 78)
-> Request 3
898
(1, 2, 1)
3
(78, 1)
-> Request 4
1185
(3, 2, 2)
3
(40, 72)
--> Day : 4
-> Request 0
366
(4, 1, 2)
3
(14, 25)
-> Request 1
1045
(4, 1, 2)
3
(11, 44)
-> Request 2
1073
(2, 2, 1)
3
(73, 74)
-> Request 3
1099
(1, 1, 1)
3
(39, 37)
---> Week : 8
--> Day : 0
-> Request 0
432
(3, 2, 2)
3
(6, 77)
-> Request 1
545
(3, 1, 2)
2
(67, 76)
-> Request 2
1233
(1, 3, 1)
2
(70, 54)
-> Request 3
1238
(2, 3, 1)
2
(60, 59)
-> Request 4
1314
(2, 1, 1)
3
(42, 30)
-> Request 5
1318
(1, 1, 1)
3
(24, 14)
-> Request 6
1337
(2, 3, 1)
1
(57, 40)
-> Request 7
1380
(2, 1, 1)
3
(18, 0)
--> Day : 1
-> Request 0
363
(3, 1, 1)
1
(50, 59)
-> Request 1
685
(1, 2, 1)
2
(74, 45)
-> Request 2
809
(3, 3, 1)
2
(17, 13)
-> Request 3
978
(4, 1, 2)
1
(13, 71)
-> Request 4
1047
(3, 1, 2)
1
(56, 0)
-> Request 5
1324
(4, 1, 1)
2
(9, 51)
-> Request 6
1438
(4, 1, 1)
1
(31, 19)
--> Day : 2
-> Request 0
170
(2, 1, 2)
3
(63, 42)
-> Request 1
282
(1, 3, 1)
1
(65, 23)
-> Request 2
751
(2, 2, 1)
3
(57, 43)
-> Request 3
871
(3, 1, 1)
3
(37, 18)
-> Request 4
1040
(1, 1, 2)
2
(28, 77)
-> Request 5
1238
(1, 1, 2)
3
(1, 37)
--> Day : 3
-> Request 0
133
(2, 1, 2)
2
(29, 62)
-> Request 1
307
(1, 3, 2)
1
(32, 68)
-> Request 2
804
(1, 2, 1)
1
(64, 45)
-> Request 3
856
(2, 2, 2)
1
(25, 26)
--> Day : 4
-> Request 0
21
(1, 1, 1)
1
(29, 23)
-> Request 1
26
(1, 2, 2)
3
(15, 69)
-> Request 2
830
(3, 3, 1)
2
(51, 75)
-> Request 3
861
(3, 2, 1)
3
(64, 46)
-> Request 4
1099
(1, 1, 2)
3
(29, 18)
-> Request 5
1407
(3, 1, 1)
2
(20, 29)
---> Week : 9
--> Day : 0
-> Request 0
161
(4, 3, 1)
1
(78, 26)
-> Request 1
218
(3, 1, 2)
2
(61, 5)
-> Request 2
428
(1, 3, 1)
3
(56, 28)
-> Request 3
439
(3, 3, 2)
1
(58, 48)
-> Request 4
691
(3, 2, 2)
2
(12, 20)
-> Request 5
751
(3, 2, 1)
3
(26, 58)
-> Request 6
1082
(4, 1, 1)
3
(56, 34)
-> Request 7
1112
(3, 1, 2)
2
(10, 44)
--> Day : 1
-> Request 0
250
(4, 1, 2)
1
(37, 56)
-> Request 1
370
(4, 2, 1)
1
(56, 49)
-> Request 2
513
(4, 1, 2)
1
(58, 23)
-> Request 3
1185
(1, 3, 2)
2
(27, 71)
-> Request 4
1231
(2, 3, 2)
3
(64, 67)
-> Request 5
1244
(3, 2, 1)
3
(38, 48)
-> Request 6
1435
(4, 2, 2)
3
(78, 67)
--> Day : 2
-> Request 0
273
(4, 1, 1)
2
(3, 67)
-> Request 1
592
(1, 1, 1)
2
(21, 6)
-> Request 2
755
(3, 2, 2)
1
(72, 7)
-> Request 3
874
(1, 3, 1)
1
(39, 18)
-> Request 4
975
(3, 3, 2)
2
(39, 6)
-> Request 5
1025
(2, 3, 2)
1
(51, 34)
--> Day : 3
-> Request 0
359
(4, 2, 1)
2
(53, 47)
-> Request 1
533
(2, 2, 1)
2
(16, 61)
-> Request 2
962
(4, 2, 2)
1
(52, 24)
-> Request 3
1001
(1, 1, 1)
1
(18, 59)
-> Request 4
1386
(4, 2, 2)
2
(55, 30)
-> Request 5
1397
(1, 2, 1)
1
(72, 46)
--> Day : 4
-> Request 0
139
(1, 2, 1)
3
(49, 46)
-> Request 1
288
(4, 1, 2)
2
(36, 29)
-> Request 2
323
(4, 2, 2)
3
(25, 13)
-> Request 3
480
(4, 2, 2)
2
(43, 77)
-> Request 4
757
(1, 2, 1)
3
(77, 58)
-> Request 5
904
(2, 1, 2)
1
(4, 23)
-> Request 6
1291
(1, 3, 2)
3
(73, 4)
---> Week : 10
--> Day : 0
-> Request 0
76
(4, 2, 1)
1
(79, 74)
-> Request 1
398
(4, 1, 1)
2
(30, 72)
-> Request 2
956
(1, 1, 1)
1
(70, 26)
-> Request 3
993
(3, 2, 2)
3
(24, 1)
-> Request 4
1117
(2, 2, 2)
1
(56, 75)
-> Request 5
1346
(2, 2, 1)
3
(45, 27)
--> Day : 1
-> Request 0
71
(3, 1, 1)
1
(1, 27)
-> Request 1
105
(1, 1, 2)
1
(42, 61)
-> Request 2
152
(4, 2, 2)
3
(16, 31)
-> Request 3
246
(1, 1, 1)
2
(37, 10)
-> Request 4
301
(2, 3, 2)
3
(26, 23)
-> Request 5
455
(1, 1, 2)
3
(23, 34)
-> Request 6
509
(4, 2, 1)
1
(62, 65)
-> Request 7
576
(3, 3, 1)
1
(21, 41)
-> Request 8
769
(3, 3, 1)
2
(61, 32)
-> Request 9
1185
(3, 3, 1)
1
(78, 37)
-> Request 10
1255
(1, 3, 1)
3
(29, 7)
-> Request 11
1311
(3, 2, 1)
2
(7, 29)
--> Day : 2
-> Request 0
948
(3, 2, 2)
3
(36, 52)
--> Day : 3
-> Request 0
84
(4, 3, 1)
2
(34, 17)
-> Request 1
204
(4, 3, 2)
1
(3, 75)
-> Request 2
268
(1, 2, 2)
3
(58, 65)
-> Request 3
1113
(3, 2, 2)
1
(40, 74)
--> Day : 4
-> Request 0
56
(2, 2, 2)
1
(78, 68)
-> Request 1
66
(2, 2, 1)
3
(27, 67)
-> Request 2
124
(3, 3, 1)
2
(20, 21)
-> Request 3
435
(2, 2, 1)
3
(78, 74)
-> Request 4
643
(3, 2, 1)
3
(68, 64)
-> Request 5
873
(1, 3, 2)
2
(71, 61)
-> Request 6
932
(2, 2, 1)
3
(45, 27)
-> Request 7
1017
(3, 2, 1)
1
(76, 77)
-> Request 8
1254
(3, 2, 2)
2
(73, 68)
-> Request 9
1349
(4, 3, 2)
3
(76, 30)
---> Week : 11
--> Day : 0
-> Request 0
1161
(4, 3, 2)
3
(50, 58)
-> Request 1
1303
(1, 3, 2)
2
(25, 41)
-> Request 2
1380
(2, 1, 1)
2
(53, 5)
-> Request 3
1428
(1, 2, 2)
1
(58, 8)
--> Day : 1
-> Request 0
93
(3, 1, 2)
3
(59, 4)
-> Request 1
257
(4, 2, 1)
1
(14, 52)
-> Request 2
480
(4, 2, 1)
1
(35, 66)
-> Request 3
834
(3, 1, 2)
3
(68, 22)
-> Request 4
1307
(3, 2, 2)
3
(35, 73)
--> Day : 2
-> Request 0
110
(2, 3, 1)
1
(31, 31)
-> Request 1
369
(2, 3, 2)
2
(6, 65)
-> Request 2
959
(4, 2, 1)
3
(38, 2)
-> Request 3
1029
(4, 3, 2)
2
(73, 55)
-> Request 4
1031
(1, 2, 2)
2
(59, 69)
-> Request 5
1247
(3, 3, 1)
3
(10, 46)
-> Request 6
1439
(2, 1, 1)
3
(27, 45)
--> Day : 3
-> Request 0
244
(1, 1, 1)
2
(0, 40)
-> Request 1
526
(4, 3, 2)
1
(65, 68)
-> Request 2
625
(2, 1, 2)
1
(72, 75)
-> Request 3
788
(2, 3, 2)
1
(72, 49)
-> Request 4
876
(2, 2, 2)
1
(68, 8)
-> Request 5
1061
(1, 1, 1)
3
(20, 56)
--> Day : 4
-> Request 0
216
(2, 3, 2)
2
(35, 32)
-> Request 1
344
(1, 2, 1)
2
(60, 39)
-> Request 2
514
(4, 1, 1)
3
(35, 38)
-> Request 3
608
(2, 1, 1)
2
(16, 34)
-> Request 4
714
(1, 2, 2)
1
(54, 10)
-> Request 5
1047
(3, 1, 1)
2
(43, 17)
-> Request 6
1160
(4, 2, 1)
2
(70, 3)
---> Week : 12
--> Day : 0
-> Request 0
245
(3, 3, 2)
2
(19, 33)
-> Request 1
374
(3, 2, 2)
3
(31, 50)
-> Request 2
798
(1, 2, 2)
3
(48, 45)
-> Request 3
992
(1, 1, 1)
3
(11, 40)
-> Request 4
1237
(2, 1, 1)
1
(75, 33)
--> Day : 1
-> Request 0
137
(3, 2, 2)
3
(53, 41)
-> Request 1
162
(2, 3, 1)
3
(24, 7)
-> Request 2
427
(3, 1, 1)
1
(24, 16)
-> Request 3
572
(4, 2, 1)
3
(70, 25)
-> Request 4
806
(4, 2, 1)
1
(38, 67)
-> Request 5
918
(2, 1, 1)
1
(49, 20)
-> Request 6
1015
(3, 1, 1)
3
(11, 26)
--> Day : 2
-> Request 0
316
(3, 2, 1)
3
(28, 10)
-> Request 1
539
(1, 2, 2)
1
(5, 71)
-> Request 2
621
(3, 1, 2)
2
(73, 50)
-> Request 3
1047
(4, 1, 2)
1
(16, 40)
--> Day : 3
-> Request 0
161
(1, 1, 2)
1
(37, 28)
-> Request 1
213
(1, 2, 1)
1
(25, 15)
-> Request 2
699
(4, 1, 2)
2
(17, 16)
-> Request 3
1079
(4, 1, 2)
3
(67, 75)
-> Request 4
1097
(1, 2, 2)
2
(52, 20)
-> Request 5
1168
(1, 1, 2)
2
(25, 36)
-> Request 6
1225
(1, 1, 2)
1
(6, 48)
--> Day : 4
-> Request 0
81
(1, 2, 1)
2
(50, 58)
-> Request 1
532
(2, 3, 1)
2
(41, 7)
-> Request 2
594
(1, 3, 1)
3
(50, 74)
-> Request 3
654
(3, 3, 2)
1
(3, 20)
-> Request 4
780
(4, 2, 2)
3
(20, 52)
-> Request 5
1120
(2, 1, 1)
3
(33, 34)
---> Week : 13
--> Day : 0
-> Request 0
1
(2, 3, 1)
2
(65, 1)
-> Request 1
292
(4, 3, 2)
2
(19, 38)
-> Request 2
897
(2, 1, 2)
3
(13, 74)
--> Day : 1
-> Request 0
378
(2, 1, 2)
1
(75, 56)
-> Request 1
639
(4, 1, 1)
3
(34, 61)
-> Request 2
1015
(3, 2, 2)
2
(68, 34)
-> Request 3
1147
(2, 1, 1)
3
(10, 78)
-> Request 4
1281
(4, 1, 2)
1
(54, 39)
--> Day : 2
-> Request 0
4
(4, 1, 1)
2
(6, 27)
-> Request 1
231
(3, 3, 2)
3
(1, 64)
-> Request 2
303
(1, 3, 2)
3
(59, 51)
-> Request 3
322
(4, 3, 2)
2
(6, 25)
-> Request 4
421
(1, 3, 2)
2
(41, 77)
-> Request 5
560
(1, 3, 2)
3
(7, 5)
-> Request 6
837
(1, 2, 1)
3
(1, 45)
-> Request 7
1022
(1, 3, 2)
2
(36, 30)
-> Request 8
1060
(4, 2, 1)
3
(5, 19)
--> Day : 3
-> Request 0
556
(3, 3, 2)
2
(68, 40)
-> Request 1
747
(1, 2, 2)
2
(21, 39)
-> Request 2
1248
(1, 3, 1)
3
(38, 8)
--> Day : 4
-> Request 0
139
(2, 2, 2)
3
(36, 38)
-> Request 1
163
(4, 2, 2)
3
(33, 29)
-> Request 2
550
(2, 1, 2)
2
(20, 40)
-> Request 3
740
(2, 3, 1)
3
(21, 69)
-> Request 4
898
(2, 2, 1)
1
(45, 4)
-> Request 5
986
(1, 1, 2)
3
(40, 53)
---> Week : 14
--> Day : 0
-> Request 0
36
(3, 3, 2)
3
(69, 54)
-> Request 1
718
(2, 1, 2)
1
(10, 6)
-> Request 2
1274
(1, 2, 2)
3
(21, 32)
-> Request 3
1346
(4, 2, 1)
1
(46, 53)
-> Request 4
1366
(2, 1, 1)
2
(9, 68)
--> Day : 1
-> Request 0
663
(1, 3, 1)
3
(45, 21)
-> Request 1
935
(1, 2, 1)
2
(0, 20)
-> Request 2
1420
(2, 2, 1)
2
(40, 14)
--> Day : 2
-> Request 0
1021
(2, 3, 1)
3
(4, 37)
--> Day : 3
-> Request 0
227
(4, 2, 1)
1
(0, 30)
-> Request 1
518
(3, 3, 2)
2
(51, 33)
-> Request 2
574
(3, 3, 2)
1
(10, 44)
-> Request 3
574
(3, 1, 1)
3
(28, 73)
-> Request 4
658
(4, 3, 2)
2
(24, 70)
-> Request 5
860
(4, 3, 1)
2
(55, 69)
-> Request 6
909
(1, 3, 2)
2
(13, 4)
-> Request 7
1116
(3, 3, 2)
1
(52, 11)
-> Request 8
1204
(4, 1, 1)
3
(77, 47)
-> Request 9
1260
(3, 2, 2)
1
(64, 45)
--> Day : 4
-> Request 0
168
(1, 3, 1)
2
(46, 66)
-> Request 1
205
(4, 2, 2)
2
(27, 66)
-> Request 2
510
(2, 3, 2)
3
(67, 72)
-> Request 3
648
(2, 1, 1)
3
(37, 73)
---> Week : 15
--> Day : 0
-> Request 0
222
(4, 2, 1)
3
(34, 46)
-> Request 1
228
(3, 3, 1)
2
(16, 42)
-> Request 2
543
(1, 1, 1)
3
(68, 33)
-> Request 3
603
(3, 1, 1)
3
(20, 71)
-> Request 4
677
(2, 1, 2)
3
(59, 3)
-> Request 5
766
(4, 3, 1)
3
(34, 50)
-> Request 6
1081
(3, 1, 1)
3
(47, 5)
-> Request 7
1120
(3, 1, 1)
3
(53, 6)
-> Request 8
1414
(4, 1, 1)
1
(79, 79)
--> Day : 1
-> Request 0
457
(1, 1, 2)
1
(4, 7)
-> Request 1
650
(1, 2, 2)
3
(54, 65)
-> Request 2
876
(2, 1, 2)
2
(52, 57)
-> Request 3
1192
(3, 1, 1)
3
(71, 57)
--> Day : 2
-> Request 0
95
(3, 2, 2)
3
(31, 42)
-> Request 1
127
(3, 1, 1)
3
(26, 10)
-> Request 2
394
(1, 2, 2)
3
(14, 12)
-> Request 3
456
(3, 2, 1)
3
(78, 61)
-> Request 4
554
(1, 3, 1)
2
(29, 48)
-> Request 5
765
(4, 1, 1)
3
(64, 71)
-> Request 6
901
(3, 1, 1)
1
(49, 9)
-> Request 7
1180
(4, 1, 1)
3
(58, 41)
-> Request 8
1241
(2, 3, 2)
3
(70, 2)
-> Request 9
1336
(4, 3, 1)
2
(45, 56)
--> Day : 3
-> Request 0
20
(3, 2, 1)
1
(58, 27)
-> Request 1
115
(1, 3, 2)
2
(38, 27)
-> Request 2
156
(1, 3, 2)
1
(79, 54)
-> Request 3
806
(2, 1, 1)
2
(63, 36)
-> Request 4
860
(4, 3, 1)
2
(53, 63)
-> Request 5
1299
(1, 1, 2)
2
(39, 75)
-> Request 6
1353
(2, 1, 1)
2
(56, 31)
--> Day : 4
-> Request 0
176
(2, 3, 1)
3
(26, 25)
-> Request 1
209
(2, 2, 1)
1
(3, 3)
-> Request 2
290
(1, 2, 1)
3
(55, 52)
-> Request 3
318
(3, 1, 1)
2
(13, 5)
-> Request 4
547
(3, 2, 1)
3
(52, 42)
-> Request 5
703
(2, 3, 2)
2
(28, 55)
-> Request 6
728
(3, 1, 1)
2
(2, 40)
---> Week : 16
--> Day : 0
-> Request 0
1
(2, 3, 2)
3
(34, 63)
-> Request 1
899
(4, 3, 2)
2
(20, 2)
-> Request 2
1071
(2, 2, 1)
3
(50, 37)
-> Request 3
1135
(4, 2, 1)
3
(71, 50)
-> Request 4
1230
(3, 2, 2)
1
(36, 27)
-> Request 5
1381
(4, 2, 2)
2
(28, 24)
--> Day : 1
-> Request 0
411
(2, 2, 1)
3
(23, 27)
-> Request 1
997
(2, 2, 1)
3
(26, 36)
-> Request 2
1028
(2, 3, 2)
1
(51, 7)
-> Request 3
1162
(1, 2, 2)
3
(63, 22)
-> Request 4
1395
(4, 1, 2)
1
(30, 68)
--> Day : 2
-> Request 0
157
(2, 1, 1)
1
(62, 73)
-> Request 1
238
(4, 1, 2)
3
(17, 51)
-> Request 2
359
(2, 3, 1)
2
(31, 68)
-> Request 3
439
(2, 3, 2)
1
(7, 78)
-> Request 4
531
(4, 2, 1)
1
(41, 61)
-> Request 5
904
(2, 2, 2)
3
(74, 27)
-> Request 6
1338
(1, 1, 1)
2
(0, 4)
-> Request 7
1410
(3, 1, 2)
3
(48, 10)
--> Day : 3
-> Request 0
31
(1, 1, 2)
1
(36, 10)
-> Request 1
662
(1, 3, 2)
3
(53, 77)
-> Request 2
866
(1, 1, 2)
1
(76, 66)
-> Request 3
1052
(2, 1, 1)
1
(10, 42)
-> Request 4
1295
(4, 1, 1)
3
(53, 12)
--> Day : 4
-> Request 0
634
(2, 3, 1)
2
(60, 23)
-> Request 1
679
(2, 2, 1)
3
(5, 46)
-> Request 2
679
(4, 2, 2)
3
(3, 43)
-> Request 3
977
(1, 1, 1)
1
(51, 78)
-> Request 4
1101
(1, 2, 2)
2
(4, 49)
-> Request 5
1181
(1, 2, 2)
1
(75, 77)
---> Week : 17
--> Day : 0
-> Request 0
67
(4, 3, 2)
1
(15, 15)
-> Request 1
469
(4, 2, 1)
2
(42, 43)
-> Request 2
504
(4, 3, 1)
1
(0, 0)
-> Request 3
644
(1, 1, 1)
3
(7, 76)
-> Request 4
755
(1, 2, 2)
1
(19, 42)
-> Request 5
892
(1, 1, 2)
1
(31, 68)
-> Request 6
1133
(4, 3, 2)
3
(17, 59)
--> Day : 1
-> Request 0
391
(1, 3, 1)
1
(19, 40)
-> Request 1
421
(4, 2, 1)
3
(53, 52)
-> Request 2
499
(1, 1, 1)
1
(41, 15)
-> Request 3
596
(2, 1, 1)
3
(8, 58)
-> Request 4
853
(3, 1, 2)
1
(3, 70)
-> Request 5
1193
(3, 3, 2)
2
(17, 3)
-> Request 6
1378
(3, 1, 2)
3
(59, 10)
-> Request 7
1407
(3, 2, 1)
3
(63, 59)
--> Day : 2
-> Request 0
164
(2, 3, 2)
2
(4, 35)
-> Request 1
314
(2, 2, 2)
3
(3, 20)
-> Request 2
374
(4, 1, 2)
3
(29, 24)
-> Request 3
700
(2, 3, 2)
1
(28, 19)
-> Request 4
808
(2, 2, 2)
2
(29, 59)
-> Request 5
1147
(4, 3, 1)
2
(43, 51)
--> Day : 3
-> Request 0
30
(1, 2, 1)
1
(3, 63)
-> Request 1
42
(1, 2, 2)
3
(70, 25)
-> Request 2
498
(1, 3, 2)
3
(50, 9)
-> Request 3
836
(1, 3, 1)
2
(44, 35)
-> Request 4
1051
(3, 3, 1)
1
(58, 58)
--> Day : 4
-> Request 0
29
(2, 1, 1)
3
(54, 36)
-> Request 1
264
(4, 2, 1)
3
(68, 75)
-> Request 2
537
(3, 1, 1)
2
(75, 0)
-> Request 3
732
(1, 2, 1)
1
(77, 42)
-> Request 4
940
(4, 2, 1)
1
(42, 61)
-> Request 5
1162
(4, 3, 2)
3
(59, 45)
-> Request 6
1256
(2, 2, 1)
2
(53, 30)
---> Week : 18
--> Day : 0
-> Request 0
176
(4, 2, 1)
2
(9, 18)
-> Request 1
594
(3, 1, 1)
1
(41, 44)
-> Request 2
750
(3, 1, 2)
1
(20, 1)
-> Request 3
886
(4, 3, 1)
3
(71, 62)
-> Request 4
895
(4, 3, 2)
2
(22, 20)
-> Request 5
1035
(3, 3, 2)
2
(22, 54)
-> Request 6
1058
(2, 3, 1)
3
(30, 64)
-> Request 7
1209
(1, 1, 2)
3
(11, 47)
--> Day : 1
-> Request 0
164
(2, 1, 1)
1
(78, 10)
-> Request 1
165
(2, 3, 2)
3
(36, 50)
-> Request 2
511
(3, 1, 1)
1
(70, 74)
-> Request 3
566
(2, 2, 1)
1
(31, 67)
-> Request 4
672
(1, 3, 2)
2
(28, 61)
-> Request 5
759
(2, 2, 2)
3
(43, 61)
-> Request 6
890
(4, 2, 1)
3
(54, 29)
-> Request 7
904
(1, 2, 2)
1
(3, 18)
-> Request 8
1100
(4, 1, 2)
3
(60, 70)
-> Request 9
1219
(3, 2, 2)
2
(1, 70)
-> Request 10
1250
(1, 3, 1)
2
(18, 27)
-> Request 11
1358
(4, 2, 2)
3
(65, 58)
-> Request 12
1385
(1, 3, 2)
3
(57, 34)
--> Day : 2
-> Request 0
269
(4, 3, 2)
2
(21, 10)
-> Request 1
511
(4, 2, 1)
2
(32, 48)
-> Request 2
697
(1, 2, 2)
1
(63, 25)
-> Request 3
1107
(1, 1, 2)
1
(9, 23)
-> Request 4
1266
(4, 3, 2)
3
(79, 73)
-> Request 5
1403
(1, 1, 1)
1
(56, 55)
--> Day : 3
-> Request 0
524
(4, 1, 2)
2
(35, 50)
-> Request 1
625
(2, 1, 2)
2
(12, 57)
-> Request 2
640
(1, 3, 1)
2
(12, 44)
-> Request 3
741
(1, 2, 2)
1
(18, 33)
-> Request 4
758
(3, 1, 1)
1
(63, 68)
-> Request 5
838
(3, 1, 2)
3
(21, 1)
-> Request 6
867
(2, 3, 1)
1
(0, 12)
-> Request 7
1183
(4, 3, 2)
2
(76, 78)
-> Request 8
1207
(2, 2, 1)
1
(61, 34)
--> Day : 4
-> Request 0
295
(4, 1, 1)
3
(58, 69)
-> Request 1
417
(2, 3, 1)
2
(62, 72)
-> Request 2
609
(2, 3, 2)
2
(53, 51)
-> Request 3
628
(4, 2, 1)
2
(73, 16)
-> Request 4
863
(4, 3, 2)
2
(48, 33)
-> Request 5
900
(3, 2, 1)
2
(38, 76)
-> Request 6
905
(3, 2, 2)
1
(75, 46)
-> Request 7
1070
(3, 3, 2)
3
(79, 1)
-> Request 8
1088
(4, 1, 2)
2
(34, 58)
---> Week : 19
--> Day : 0
-> Request 0
67
(3, 2, 1)
3
(78, 55)
-> Request 1
436
(3, 3, 2)
3
(73, 50)
-> Request 2
865
(4, 2, 2)
1
(31, 41)
-> Request 3
925
(2, 2, 2)
3
(70, 72)
-> Request 4
1019
(3, 1, 2)
1
(13, 62)
-> Request 5
1330
(2, 2, 2)
1
(0, 22)
-> Request 6
1355
(3, 2, 1)
1
(22, 61)
--> Day : 1
-> Request 0
106
(2, 2, 2)
2
(16, 30)
-> Request 1
875
(2, 1, 1)
2
(24, 29)
--> Day : 2
-> Request 0
43
(4, 3, 2)
2
(68, 15)
-> Request 1
99
(1, 1, 2)
2
(41, 56)
-> Request 2
706
(1, 3, 2)
3
(60, 74)
-> Request 3
727
(1, 2, 2)
2
(54, 10)
-> Request 4
1185
(2, 1, 2)
3
(73, 71)
--> Day : 3
-> Request 0
69
(2, 1, 1)
3
(67, 66)
-> Request 1
302
(2, 3, 1)
3
(20, 23)
-> Request 2
388
(4, 3, 1)
1
(3, 44)
-> Request 3
455
(3, 2, 2)
2
(47, 13)
-> Request 4
532
(4, 2, 2)
3
(19, 42)
-> Request 5
536
(4, 2, 2)
2
(65, 49)
-> Request 6
613
(3, 3, 1)
3
(44, 68)
-> Request 7
638
(1, 1, 1)
2
(35, 73)
-> Request 8
953
(4, 1, 2)
3
(32, 52)
-> Request 9
1080
(3, 2, 1)
3
(27, 73)
-> Request 10
1328
(3, 2, 2)
2
(8, 72)
-> Request 11
1380
(4, 3, 2)
1
(22, 40)
-> Request 12
1429
(3, 1, 1)
2
(44, 70)
-> Request 13
1435
(3, 2, 1)
1
(72, 67)
--> Day : 4
-> Request 0
35
(3, 1, 2)
3
(18, 16)
-> Request 1
101
(2, 2, 1)
3
(66, 14)
-> Request 2
177
(2, 1, 2)
2
(31, 61)
-> Request 3
357
(4, 1, 1)
2
(4, 62)
-> Request 4
509
(2, 1, 2)
2
(33, 22)
-> Request 5
556
(2, 3, 2)
2
(45, 2)
-> Request 6
1367
(1, 1, 2)
2
(30, 46)
-> Request 7
1384
(3, 2, 2)
3
(60, 16)
