---> Week : 0
--> Day : 0
-> Request 0
86
(2, 3, 2)
2
(47, 65)
-> Request 1
332
(4, 1, 1)
3
(4, 22)
-> Request 2
471
(3, 3, 2)
3
(21, 47)
-> Request 3
679
(3, 2, 2)
2
(3, 68)
-> Request 4
936
(2, 1, 1)
1
(26, 29)
-> Request 5
1303
(4, 2, 1)
3
(22, 44)
--> Day : 1
-> Request 0
308
(2, 2, 1)
3
(50, 70)
-> Request 1
616
(1, 1, 2)
3
(15, 50)
-> Request 2
713
(3, 1, 2)
3
(73, 78)
-> Request 3
821
(1, 2, 1)
3
(63, 18)
-> Request 4
930
(4, 1, 1)
1
(47, 27)
-> Request 5
1049
(2, 1, 1)
2
(42, 38)
-> Request 6
1336
(2, 3, 1)
1
(71, 27)
--> Day : 2
-> Request 0
398
(3, 2, 2)
2
(33, 74)
-> Request 1
676
(1, 3, 2)
2
(35, 75)
-> Request 2
790
(2, 1, 2)
1
(7, 35)
--> Day : 3
-> Request 0
532
(2, 3, 1)
3
(2, 31)
-> Request 1
555
(2, 2, 2)
3
(52, 38)
-> Request 2
603
(2, 2, 2)
3
(13, 46)
-> Request 3
757
(2, 1, 2)
2
(47, 53)
-> Request 4
1026
(3, 1, 2)
1
(28, 2)
--> Day : 4
-> Request 0
391
(1, 1, 1)
3
(79, 2)
-> Request 1
840
(3, 2, 2)
2
(26, 7)
-> Request 2
1061
(4, 2, 1)
2
(39, 19)
-> Request 3
1343
(3, 2, 1)
2
(9, 65)
---> Week : 1
--> Day : 0
-> Request 0
295
(1, 2, 2)
1
(48, 27)
-> Request 1
377
(1, 3, 2)
3
(29, 51)
-> Request 2
590
(1, 1, 2)
2
(17, 5)
-> Request 3
724
(2, 1, 2)
1
(20, 49)
-> Request 4
756
(1, 3, 1)
2
(52, 51)
-> Request 5
895
(3, 1, 1)
3
(64, 64)
-> Request 6
1004
(1, 2, 1)
3
(55, 35)
-> Request 7
1159
(3, 2, 1)
3
(43, 76)
--> Day : 1
-> Request 0
390
(4, 2, 1)
3
(57, 34)
-> Request 1
402
(1, 2, 1)
1
(63, 60)
-> Request 2
523
(1, 3, 1)
1
(43, 40)
-> Request 3
1114
(1, 1, 1)
3
(64, 35)
-> Request 4
1333
(3, 1, 1)
2
(15, 8)
--> Day : 2
-> Request 0
240
(1, 2, 1)
3
(40, 45)
-> Request 1
356
(3, 3, 2)
1
(75, 70)
-> Request 2
377
(4, 3, 1)
2
(65, 35)
-> Request 3
921
(2, 3, 2)
2
(42, 24)
-> Request 4
1093
(3, 2, 1)
2
(59, 13)
-> Request 5
1333
(1, 2, 1)
1
(18, 35)
-> Request 6
1347
(2, 1, 2)
2
(43, 40)
-> Request 7
1348
(2, 2, 2)
3
(71, 29)
--> Day : 3
-> Request 0
174
(1, 1, 1)
1
(66, 0)
-> Request 1
249
(3, 2, 2)
3
(28, 41)
-> Request 2
479
(4, 2, 2)
2
(59, 3)
-> Request 3
831
(2, 1, 2)
3
(5, 52)
-> Request 4
1019
(1, 3, 1)
2
(75, 63)
-> Request 5
1036
(4, 2, 2)
2
(68, 6)
-> Request 6
1061
(4, 3, 2)
2
(16, 50)
-> Request 7
1197
(1, 2, 2)
3
(3, 34)
-> Request 8
1235
(4, 1, 2)
3
(39, 30)
--> Day : 4
-> Request 0
380
(2, 1, 2)
1
(1, 61)
-> Request 1
413
(3, 1, 1)
2
(42, 11)
-> Request 2
492
(4, 3, 2)
3
(19, 45)
-> Request 3
860
(2, 3, 2)
2
(5, 10)
-> Request 4
1413
(3, 1, 1)
3
(38, 15)
---> Week : 2
--> Day : 0
-> Request 0
624
(1, 2, 2)
1
(54, 13)
-> Request 1
918
(1, 1, 2)
3
(75, 57)
-> Request 2
946
(4, 2, 2)
2
(48, 51)
-> Request 3
972
(2, 1, 2)
3
(3, 26)
-> Request 4
1402
(1, 2, 2)
2
(48, 21)
-> Request 5
1419
(1, 1, 1)
1
(18, 22)
-> Request 6
1430
(4, 3, 2)
1
(53, 47)
--> Day : 1
-> Request 0
53
(1, 1, 1)
2
(78, 37)
-> Request 1
70
(2, 2, 1)
1
(63, 37)
-> Request 2
141
(1, 2, 1)
2
(58, 12)
-> Request 3
878
(3, 1, 2)
3
(69, 8)
-> Request 4
1238
(3, 3, 2)
2
(4, 2)
--> Day : 2
-> Request 0
953
(2, 1, 1)
1
(63, 26)
-> Request 1
994
(1, 2, 1)
2
(77, 1)
-> Request 2
1338
(2, 2, 1)
1
(60, 10)
--> Day : 3
-> Request 0
88
(1, 1, 2)
3
(21, 16)
-> Request 1
93
(4, 3, 2)
1
(74, 66)
-> Request 2
100
(4, 2, 2)
1
(6, 24)
-> Request 3
166
(2, 1, 1)
2
(3, 41)
-> Request 4
682
(2, 2, 1)
1
(9, 48)
-> Request 5
808
(3, 2, 1)
1
(24, 13)
-> Request 6
1200
(3, 3, 1)
3
(66, 25)
--> Day : 4
-> Request 0
13
(3, 2, 2)
3
(70, 45)
-> Request 1
143
(1, 3, 2)
1
(9, 44)
-> Request 2
389
(2, 1, 2)
2
(77, 55)
-> Request 3
749
(3, 1, 1)
1
(31, 49)
-> Request 4
765
(4, 3, 2)
1
(2, 51)
-> Request 5
966
(1, 2, 2)
3
(20, 38)
-> Request 6
1289
(3, 1, 1)
1
(35, 75)
-> Request 7
1434
(4, 1, 1)
1
(34, 12)
---> Week : 3
--> Day : 0
-> Request 0
905
(2, 1, 1)
3
(74, 40)
-> Request 1
1056
(1, 3, 2)
2
(74, 36)
-> Request 2
1143
(2, 3, 1)
1
(28, 69)
-> Request 3
1227
(3, 3, 1)
1
(30, 33)
-> Request 4
1252
(3, 2, 2)
3
(66, 33)
-> Request 5
1307
(2, 2, 1)
1
(39, 18)
-> Request 6
1333
(1, 3, 1)
2
(41, 45)
--> Day : 1
-> Request 0
87
(2, 2, 2)
1
(67, 1)
-> Request 1
109
(3, 1, 2)
1
(41, 63)
-> Request 2
286
(1, 2, 1)
3
(49, 47)
-> Request 3
744
(4, 3, 1)
1
(24, 25)
-> Request 4
1039
(4, 3, 1)
2
(40, 1)
-> Request 5
1135
(4, 1, 2)
3
(31, 75)
-> Request 6
1237
(4, 2, 2)
1
(42, 34)
--> Day : 2
-> Request 0
279
(2, 3, 1)
1
(58, 24)
-> Request 1
943
(3, 1, 1)
3
(23, 65)
-> Request 2
1244
(4, 2, 1)
1
(15, 37)
--> Day : 3
-> Request 0
32
(4, 1, 2)
1
(7, 70)
-> Request 1
114
(4, 1, 1)
2
(47, 32)
-> Request 2
297
(3, 1, 2)
1
(61, 18)
-> Request 3
482
(1, 1, 2)
3
(68, 17)
-> Request 4
647
(3, 2, 2)
3
(75, 65)
-> Request 5
774
(4, 3, 2)
3
(17, 41)
-> Request 6
1438
(3, 2, 2)
2
(45, 46)
--> Day : 4
-> Request 0
243
(4, 2, 2)
3
(51, 67)
-> Request 1
425
(3, 2, 2)
1
(16, 61)
-> Request 2
594
(4, 2, 1)
2
(6, 41)
-> Request 3
876
(2, 1, 2)
1
(18, 15)
-> Request 4
1081
(3, 1, 1)
1
(33, 47)
-> Request 5
1348
(2, 3, 1)
1
(75, 47)
---> Week : 4
--> Day : 0
-> Request 0
166
(4, 3, 2)
2
(64, 24)
-> Request 1
217
(4, 1, 2)
2
(57, 59)
-> Request 2
237
(4, 3, 2)
2
(53, 12)
-> Request 3
268
(2, 1, 1)
2
(11, 39)
-> Request 4
316
(1, 3, 1)
1
(47, 70)
-> Request 5
492
(4, 1, 1)
1
(17, 54)
-> Request 6
860
(1, 1, 1)
3
(52, 44)
-> Request 7
1066
(1, 1, 2)
3
(75, 48)
--> Day : 1
-> Request 0
540
(3, 1, 2)
1
(28, 6)
-> Request 1
768
(3, 3, 1)
2
(68, 72)
-> Request 2
808
(4, 2, 1)
1
(69, 21)
-> Request 3
968
(2, 1, 1)
1
(33, 32)
-> Request 4
1159
(4, 1, 1)
3
(74, 44)
--> Day : 2
-> Request 0
104
(1, 2, 1)
3
(12, 68)
-> Request 1
632
(2, 2, 2)
3
(67, 4)
-> Request 2
820
(3, 2, 1)
3
(19, 3)
-> Request 3
910
(1, 2, 1)
2
(7, 66)
-> Request 4
968
(3, 2, 1)
2
(24, 57)
-> Request 5
1217
(1, 2, 1)
1
(20, 30)
-> Request 6
1378
(3, 2, 2)
2
(65, 63)
--> Day : 3
-> Request 0
295
(4, 1, 2)
3
(68, 71)
-> Request 1
448
(1, 3, 1)
2
(41, 8)
-> Request 2
710
(2, 2, 1)
3
(2, 78)
-> Request 3
887
(1, 1, 2)
2
(36, 48)
-> Request 4
1088
(2, 1, 2)
2
(42, 28)
-> Request 5
1278
(2, 1, 2)
1
(37, 55)
-> Request 6
1424
(3, 2, 2)
1
(40, 43)
--> Day : 4
-> Request 0
395
(4, 1, 1)
2
(2, 29)
-> Request 1
472
(4, 2, 1)
2
(52, 21)
-> Request 2
559
(2, 2, 1)
2
(23, 77)
-> Request 3
726
(3, 1, 2)
1
(1, 45)
-> Request 4
746
(1, 1, 2)
3
(10, 22)
-> Request 5
764
(2, 3, 2)
3
(28, 5)
-> Request 6
920
(3, 2, 2)
3
(74, 66)
-> Request 7
958
(3, 1, 2)
2
(67, 3)
-> Request 8
1034
(4, 3, 2)
2
(44, 5)
-> Request 9
1133
(1, 2, 2)
3
(34, 1)
-> Request 10
1264
(1, 2, 1)
3
(53, 31)
---> Week : 5
--> Day : 0
-> Request 0
31
(3, 1, 2)
3
(28, 41)
-> Request 1
224
(2, 3, 2)
1
(77, 59)
-> Request 2
294
(1, 2, 2)
3
(52, 6)
-> Request 3
915
(2, 3, 2)
3
(11, 36)
-> Request 4
1168
(3, 3, 2)
1
(62, 65)
-> Request 5
1348
(2, 2, 1)
3
(25, 11)
-> Request 6
1382
(4, 1, 2)
1
(77, 36)
-> Request 7
1439
(2, 1, 2)
3
(11, 45)
--> Day : 1
-> Request 0
3
(4, 3, 1)
1
(67, 44)
-> Request 1
300
(1, 2, 2)
3
(64, 48)
-> Request 2
1182
(2, 1, 1)
1
(74, 68)
-> Request 3
1387
(1, 3, 1)
3
(56, 59)
--> Day : 2
-> Request 0
68
(3, 2, 2)
3
(39, 50)
-> Request 1
401
(1, 3, 1)
3
(42, 20)
-> Request 2
525
(1, 1, 2)
3
(51, 77)
-> Request 3
944
(2, 1, 2)
1
(9, 74)
-> Request 4
1202
(4, 2, 1)
3
(32, 38)
--> Day : 3
-> Request 0
27
(3, 1, 2)
3
(57, 76)
-> Request 1
504
(4, 1, 2)
1
(29, 25)
-> Request 2
1009
(1, 2, 1)
1
(0, 61)
-> Request 3
1167
(4, 2, 2)
3
(57, 36)
--> Day : 4
-> Request 0
29
(2, 1, 1)
2
(34, 10)
-> Request 1
136
(4, 2, 2)
2
(19, 58)
-> Request 2
166
(2, 2, 1)
2
(18, 4)
-> Request 3
485
(1, 3, 2)
2
(1, 72)
-> Request 4
527
(3, 2, 1)
2
(63, 63)
-> Request 5
588
(4, 2, 1)
2
(19, 32)
-> Request 6
664
(4, 2, 2)
1
(72, 46)
-> Request 7
805
(4, 1, 2)
3
(6, 79)
---> Week : 6
--> Day : 0
-> Request 0
32
(3, 2, 2)
2
(55, 8)
-> Request 1
444
(4, 2, 1)
1
(65, 19)
-> Request 2
463
(4, 2, 2)
2
(56, 22)
-> Request 3
698
(1, 1, 2)
2
(47, 43)
-> Request 4
728
(1, 3, 1)
3
(77, 12)
-> Request 5
1012
(2, 2, 1)
1
(20, 47)
--> Day : 1
-> Request 0
1085
(2, 2, 1)
3
(6, 70)
-> Request 1
1348
(3, 2, 1)
1
(3, 74)
-> Request 2
1427
(1, 3, 1)
3
(77, 48)
--> Day : 2
-> Request 0
122
(1, 1, 2)
2
(65, 38)
-> Request 1
147
(1, 1, 1)
3
(65, 23)
-> Request 2
348
(4, 3, 2)
2
(53, 30)
-> Request 3
645
(2, 2, 1)
3
(77, 35)
-> Request 4
900
(3, 1, 1)
3
(23, 75)
--> Day : 3
-> Request 0
194
(2, 1, 2)
2
(62, 31)
-> Request 1
233
(1, 2, 2)
1
(70, 1)
-> Request 2
272
(3, 2, 2)
1
(37, 79)
-> Request 3
609
(4, 3, 1)
1
(13, 61)
-> Request 4
628
(3, 1, 1)
3
(64, 23)
-> Request 5
676
(2, 1, 1)
2
(71, 24)
-> Request 6
712
(4, 3, 1)
1
(66, 9)
-> Request 7
728
(1, 3, 1)
3
(68, 54)
--> Day : 4
-> Request 0
45
(2, 3, 1)
3
(69, 23)
-> Request 1
376
(2, 1, 1)
3
(60, 63)
-> Request 2
1411
(1, 1, 1)
1
(25, 43)
-> Request 3
1421
(4, 1, 2)
3
(23, 47)
---> Week : 7
--> Day : 0
-> Request 0
12
(4, 3, 1)
3
(41, 38)
-> Request 1
239
(4, 1, 1)
2
(21, 52)
-> Request 2
475
(1, 1, 2)
3
(9, 41)
-> Request 3
759
(3, 2, 1)
2
(23, 37)
-> Request 4
811
(4, 2, 2)
2
(39, 4)
-> Request 5
1073
(4, 2, 2)
2
(1, 44)
-> Request 6
1330
(2, 2, 2)
1
(15, 69)
-> Request 7
1399
(3, 3, 2)
1
(46, 48)
-> Request 8
1415
(1, 1, 2)
1
(35, 11)
-> Request 9
1436
(3, 3, 1)
3
(49, 0)
--> Day : 1
-> Request 0
303
(1, 3, 1)
3
(60, 54)
-> Request 1
573
(1, 3, 1)
1
(24, 75)
-> Request 2
1003
(1, 2, 1)
1
(5, 12)
-> Request 3
1114
(2, 3, 1)
3
(15, 25)
-> Request 4
1115
(4, 1, 2)
1
(9, 9)
-> Request 5
1115
(4, 2, 2)
2
(1, 73)
-> Request 6
1168
(3, 3, 1)
2
(74, 17)
-> Request 7
1328
(2, 3, 1)
2
(19, 32)
-> Request 8
1430
(4, 3, 2)
3
(56, 62)
--> Day : 2
-> Request 0
54
(4, 2, 1)
3
(28, 44)
-> Request 1
698
(2, 1, 2)
1
(70, 70)
-> Request 2
882
(3, 2, 1)
3
(50, 51)
--> Day : 3
-> Request 0
130
(3, 2, 1)
1
(59, 76)
-> Request 1
332
(2, 3, 2)
2
(44, 76)
-> Request 2
1350
(4, 2, 1)
1
(74, 9)
--> Day : 4
-> Request 0
75
(3, 1, 1)
3
(62, 25)
-> Request 1
97
(1, 2, 1)
1
(28, 59)
-> Request 2
298
(2, 1, 2)
2
(51, 56)
-> Request 3
640
(3, 3, 1)
3
(47, 0)
-> Request 4
891
(2, 3, 1)
2
(54, 23)
---> Week : 8
--> Day : 0
-> Request 0
77
(2, 2, 1)
3
(78, 52)
-> Request 1
1432
(2, 2, 2)
1
(55, 72)
--> Day : 1
-> Request 0
41
(3, 3, 2)
2
(64, 35)
-> Request 1
174
(4, 2, 2)
1
(21, 48)
-> Request 2
609
(4, 3, 1)
2
(70, 51)
-> Request 3
812
(3, 1, 1)
1
(59, 66)
-> Request 4
1119
(3, 1, 2)
1
(71, 65)
-> Request 5
1331
(4, 1, 2)
3
(72, 76)
-> Request 6
1336
(2, 1, 2)
1
(11, 30)
-> Request 7
1400
(4, 1, 2)
3
(46, 70)
-> Request 8
1421
(4, 3, 2)
2
(70, 47)
--> Day : 2
-> Request 0
98
(4, 1, 1)
2
(23, 43)
-> Request 1
125
(3, 2, 2)
2
(39, 3)
-> Request 2
644
(3, 1, 1)
3
(6, 75)
-> Request 3
873
(3, 1, 1)
3
(47, 19)
-> Request 4
1228
(3, 3, 1)
2
(0, 46)
-> Request 5
1305
(4, 1, 1)
2
(57, 21)
-> Request 6
1413
(2, 2, 2)
2
(56, 72)
--> Day : 3
-> Request 0
1
(3, 1, 2)
3
(75, 52)
-> Request 1
641
(1, 2, 2)
1
(37, 19)
-> Request 2
713
(2, 1, 1)
3
(77, 62)
-> Request 3
845
(2, 3, 1)
1
(33, 2)
-> Request 4
1245
(4, 3, 2)
3
(55, 37)
-> Request 5
1363
(3, 2, 2)
3
(79, 48)
-> Request 6
1436
(4, 1, 1)
3
(64, 64)
--> Day : 4
-> Request 0
63
(1, 2, 2)
2
(60, 47)
-> Request 1
157
(4, 3, 1)
1
(60, 13)
-> Request 2
201
(4, 1, 1)
3
(24, 67)
-> Request 3
245
(3, 3, 1)
2
(34, 56)
-> Request 4
1280
(1, 3, 2)
3
(1, 41)
---> Week : 9
--> Day : 0
-> Request 0
349
(1, 2, 2)
1
(77, 57)
-> Request 1
453
(3, 3, 2)
1
(47, 24)
-> Request 2
919
(1, 1, 1)
3
(62, 26)
-> Request 3
1016
(2, 2, 1)
1
(75, 66)
-> Request 4
1023
(2, 3, 1)
3
(0, 64)
-> Request 5
1165
(3, 3, 1)
2
(41, 15)
--> Day : 1
-> Request 0
381
(1, 1, 1)
2
(39, 44)
-> Request 1
587
(1, 1, 1)
3
(42, 17)
-> Request 2
761
(3, 1, 1)
2
(68, 75)
-> Request 3
878
(4, 2, 2)
3
(49, 8)
-> Request 4
1304
(3, 1, 1)
2
(33, 27)
-> Request 5
1333
(1, 3, 2)
2
(46, 34)
-> Request 6
1413
(2, 3, 2)
2
(57, 42)
--> Day : 2
-> Request 0
1000
(3, 2, 2)
2
(6, 34)
-> Request 1
1171
(2, 2, 1)
3
(15, 4)
-> Request 2
1176
(3, 2, 2)
3
(39, 38)
--> Day : 3
-> Request 0
106
(1, 3, 2)
2
(58, 52)
-> Request 1
216
(2, 3, 2)
1
(19, 3)
-> Request 2
658
(2, 3, 2)
3
(30, 26)
-> Request 3
835
(4, 2, 1)
1
(64, 19)
-> Request 4
1033
(2, 1, 2)
3
(43, 31)
-> Request 5
1219
(4, 3, 1)
1
(57, 15)
-> Request 6
1294
(2, 2, 2)
1
(17, 24)
-> Request 7
1309
(2, 3, 1)
2
(44, 50)
-> Request 8
1369
(1, 2, 2)
3
(7, 19)
--> Day : 4
-> Request 0
313
(1, 1, 2)
2
(19, 1)
-> Request 1
515
(1, 1, 2)
1
(22, 70)
-> Request 2
793
(1, 2, 1)
2
(16, 13)
-> Request 3
920
(4, 2, 2)
3
(47, 61)
-> Request 4
1041
(4, 1, 1)
3
(21, 76)
---> Week : 10
--> Day : 0
-> Request 0
579
(1, 1, 2)
3
(26, 57)
-> Request 1
698
(4, 1, 1)
1
(43, 53)
-> Request 2
765
(1, 2, 2)
3
(17, 10)
-> Request 3
1333
(3, 1, 1)
3
(39, 15)
--> Day : 1
-> Request 0
464
(3, 3, 1)
3
(71, 18)
-> Request 1
701
(1, 1, 1)
2
(9, 15)
-> Request 2
1344
(1, 3, 1)
3
(55, 11)
--> Day : 2
-> Request 0
37
(4, 1, 2)
2
(45, 0)
-> Request 1
647
(1, 3, 1)
1
(75, 14)
-> Request 2
880
(4, 3, 2)
2
(12, 30)
-> Request 3
1208
(3, 3, 2)
2
(5, 26)
--> Day : 3
-> Request 0
279
(4, 3, 2)
1
(59, 39)
-> Request 1
648
(1, 3, 1)
3
(31, 4)
-> Request 2
1029
(1, 3, 1)
3
(66, 35)
-> Request 3
1323
(2, 1, 1)
3
(12, 68)
-> Request 4
1367
(3, 2, 2)
2
(31, 60)
--> Day : 4
-> Request 0
541
(1, 2, 1)
1
(16, 10)
-> Request 1
1018
(3, 3, 1)
2
(56, 34)
-> Request 2
1043
(4, 2, 2)
1
(44, 46)
-> Request 3
1360
(4, 1, 1)
1
(11, 43)
---> Week : 11
--> Day : 0
-> Request 0
121
(2, 2, 1)
3
(11, 49)
-> Request 1
551
(3, 1, 1)
1
(58, 49)
-> Request 2
606
(3, 2, 2)
1
(43, 6)
-> Request 3
691
(1, 2, 2)
2
(53, 39)
-> Request 4
951
(3, 1, 1)
3
(53, 28)
--> Day : 1
-> Request 0
1063
(2, 1, 1)
1
(33, 72)
-> Request 1
1143
(3, 2, 2)
3
(39, 2)
-> Request 2
1212
(3, 2, 1)
3
(19, 69)
--> Day : 2
-> Request 0
34
(4, 1, 1)
3
(31, 66)
-> Request 1
158
(2, 3, 1)
1
(7, 40)
-> Request 2
162
(2, 3, 2)
3
(53, 55)
-> Request 3
732
(3, 3, 2)
3
(17, 35)
--> Day : 3
-> Request 0
207
(2, 1, 2)
3
(12, 61)
-> Request 1
288
(2, 2, 2)
1
(10, 46)
-> Request 2
356
(4, 2, 1)
2
(23, 71)
-> Request 3
1245
(3, 1, 2)
3
(69, 71)
-> Request 4
1253
(1, 3, 2)
1
(0, 69)
--> Day : 4
-> Request 0
22
(1, 2, 1)
3
(75, 47)
-> Request 1
567
(4, 2, 2)
3
(57, 33)
-> Request 2
872
(3, 2, 1)
2
(62, 56)
-> Request 3
879
(1, 2, 1)
1
(76, 63)
-> Request 4
1035
(1, 3, 2)
2
(68, 61)
-> Request 5
1038
(4, 2, 1)
3
(42, 76)
-> Request 6
1283
(4, 1, 2)
2
(54, 72)
-> Request 7
1379
(2, 2, 1)
3
(65, 7)
---> Week : 12
--> Day : 0
-> Request 0
76
(4, 3, 1)
1
(51, 30)
-> Request 1
201
(3, 3, 2)
2
(45, 45)
-> Request 2
290
(4, 3, 1)
1
(9, 77)
-> Request 3
340
(1, 1, 2)
2
(3, 49)
-> Request 4
477
(3, 1, 2)
1
(8, 19)
-> Request 5
765
(2, 3, 2)
1
(22, 14)
-> Request 6
873
(4, 2, 2)
1
(12, 28)
-> Request 7
880
(2, 1, 2)
2
(10, 25)
-> Request 8
978
(3, 2, 1)
2
(44, 9)
-> Request 9
1018
(1, 3, 1)
3
(64, 1)
-> Request 10
1035
(2, 1, 2)
2
(9, 45)
-> Request 11
1101
(3, 1, 2)
1
(68, 55)
-> Request 12
1329
(2, 1, 1)
2
(47, 56)
--> Day : 1
-> Request 0
455
(2, 3, 2)
3
(49, 53)
-> Request 1
576
(1, 3, 2)
3
(2, 15)
-> Request 2
585
(2, 1, 1)
2
(48, 12)
--> Day : 2
-> Request 0
324
(2, 1, 2)
2
(43, 56)
-> Request 1
736
(4, 1, 2)
3
(57, 44)
-> Request 2
750
(1, 2, 1)
3
(16, 12)
-> Request 3
759
(3, 2, 1)
3
(55, 9)
-> Request 4
923
(4, 1, 2)
1
(20, 15)
-> Request 5
935
(2, 2, 2)
3
(52, 24)
-> Request 6
1145
(2, 1, 1)
3
(39, 29)
--> Day : 3
-> Request 0
18
(3, 1, 2)
1
(70, 57)
-> Request 1
249
(3, 1, 1)
2
(42, 31)
-> Request 2
410
(4, 1, 1)
2
(46, 39)
-> Request 3
695
(2, 1, 2)
3
(60, 26)
-> Request 4
896
(2, 3, 1)
1
(25, 71)
-> Request 5
1207
(2, 1, 1)
1
(45, 3)
-> Request 6
1434
(1, 1, 1)
1
(79, 64)
--> Day : 4
-> Request 0
123
(2, 1, 1)
3
(76, 34)
-> Request 1
614
(1, 1, 1)
3
(59, 47)
-> Request 2
664
(4, 2, 1)
3
(28, 41)
-> Request 3
781
(4, 1, 1)
2
(36, 39)
-> Request 4
1062
(3, 3, 1)
1
(66, 40)
-> Request 5
1183
(3, 2, 1)
3
(62, 76)
-> Request 6
1185
(2, 2, 2)
2
(40, 68)
---> Week : 13
--> Day : 0
-> Request 0
78
(1, 3, 2)
3
(19, 26)
-> Request 1
264
(3, 3, 2)
1
(60, 71)
-> Request 2
703
(3, 3, 1)
1
(11, 30)
-> Request 3
1051
(1, 3, 1)
1
(75, 59)
--> Day : 1
-> Request 0
358
(3, 1, 2)
1
(78, 49)
-> Request 1
1048
(1, 1, 1)
3
(7, 24)
-> Request 2
1054
(4, 1, 2)
2
(75, 43)
-> Request 3
1430
(4, 3, 1)
3
(63, 78)
--> Day : 2
-> Request 0
119
(1, 3, 2)
1
(51, 32)
-> Request 1
142
(2, 1, 2)
2
(7, 44)
-> Request 2
526
(3, 1, 1)
3
(23, 64)
-> Request 3
1179
(1, 3, 2)
3
(6, 27)
--> Day : 3
-> Request 0
263
(3, 1, 1)
3
(70, 19)
-> Request 1
513
(2, 2, 2)
1
(75, 47)
-> Request 2
732
(4, 2, 1)
3
(10, 70)
-> Request 3
1082
(1, 1, 2)
1
(74, 2)
-> Request 4
1401
(2, 1, 1)
2
(43, 20)
--> Day : 4
-> Request 0
292
(2, 1, 1)
3
(34, 1)
-> Request 1
429
(2, 3, 1)
1
(34, 67)
-> Request 2
957
(4, 3, 1)
3
(62, 10)
---> Week : 14
--> Day : 0
-> Request 0
154
(3, 3, 2)
2
(56, 49)
-> Request 1
266
(4, 3, 1)
2
(16, 79)
-> Request 2
321
(2, 3, 1)
2
(72, 3)
-> Request 3
685
(3, 3, 2)
3
(62, 21)
-> Request 4
712
(2, 3, 1)
3
(18, 70)
-> Request 5
795
(2, 2, 1)
3
(18, 6)
-> Request 6
909
(2, 2, 2)
1
(54, 28)
-> Request 7
1047
(4, 3, 2)
2
(37, 44)
-> Request 8
1426
(2, 1, 1)
3
(28, 59)
--> Day : 1
-> Request 0
65
(4, 3, 1)
1
(22, 43)
-> Request 1
591
(1, 2, 1)
2
(59, 31)
-> Request 2
749
(2, 3, 1)
1
(72, 71)
-> Request 3
759
(2, 1, 2)
1
(5, 14)
-> Request 4
889
(1, 2, 1)
3
(48, 29)
--> Day : 2
-> Request 0
95
(3, 2, 1)
2
(28, 73)
-> Request 1
294
(2, 1, 1)
3
(24, 47)
-> Request 2
388
(2, 2, 2)
3
(45, 65)
-> Request 3
822
(1, 2, 2)
3
(50, 47)
-> Request 4
875
(1, 2, 2)
2
(23, 20)
--> Day : 3
-> Request 0
28
(4, 2, 2)
3
(61, 67)
-> Request 1
339
(4, 3, 1)
1
(77, 3)
-> Request 2
371
(1, 1, 2)
2
(70, 74)
-> Request 3
439
(1, 3, 1)
2
(2, 38)
-> Request 4
1067
(4, 2, 1)
2
(36, 9)
--> Day : 4
-> Request 0
77
(3, 1, 2)
2
(7, 40)
-> Request 1
328
(3, 1, 1)
3
(77, 24)
-> Request 2
384
(4, 1, 2)
2
(32, 74)
-> Request 3
415
(1, 1, 1)
2
(18, 73)
-> Request 4
740
(1, 1, 2)
3
(15, 25)
-> Request 5
756
(1, 3, 2)
1
(67, 28)
---> Week : 15
--> Day : 0
-> Request 0
487
(2, 3, 1)
3
(25, 28)
-> Request 1
548
(2, 1, 2)
3
(47, 77)
-> Request 2
618
(1, 1, 1)
1
(70, 43)
-> Request 3
982
(4, 2, 1)
2
(79, 33)
-> Request 4
1179
(1, 2, 2)
1
(61, 37)
-> Request 5
1426
(2, 1, 1)
3
(54, 30)
--> Day : 1
-> Request 0
638
(4, 1, 1)
2
(55, 61)
-> Request 1
953
(4, 1, 1)
2
(58, 29)
-> Request 2
1012
(2, 2, 1)
1
(22, 31)
-> Request 3
1095
(1, 3, 2)
1
(44, 59)
-> Request 4
1114
(4, 1, 2)
2
(59, 67)
-> Request 5
1313
(1, 2, 1)
2
(58, 78)
--> Day : 2
-> Request 0
33
(2, 2, 2)
2
(50, 52)
-> Request 1
268
(1, 2, 2)
3
(62, 72)
-> Request 2
304
(4, 1, 1)
3
(25, 11)
-> Request 3
457
(4, 2, 1)
1
(79, 51)
-> Request 4
489
(4, 2, 1)
3
(38, 19)
-> Request 5
628
(2, 1, 1)
1
(42, 49)
-> Request 6
1046
(3, 3, 1)
2
(24, 57)
-> Request 7
1293
(1, 1, 1)
3
(5, 72)
--> Day : 3
-> Request 0
51
(1, 2, 1)
1
(25, 41)
-> Request 1
353
(3, 3, 2)
1
(20, 14)
-> Request 2
1058
(1, 2, 2)
1
(51, 78)
-> Request 3
1154
(4, 1, 2)
1
(15, 12)
--> Day : 4
-> Request 0
1016
(4, 1, 1)
1
(59, 63)
---> Week : 16
--> Day : 0
-> Request 0
520
(4, 3, 1)
2
(60, 5)
-> Request 1
643
(2, 2, 1)
1
(69, 33)
-> Request 2
690
(3, 1, 1)
1
(33, 61)
-> Request 3
1002
(2, 2, 2)
1
(46, 79)
-> Request 4
1132
(1, 1, 1)
1
(56, 15)
--> Day : 1
-> Request 0
58
(1, 2, 2)
1
(78, 68)
-> Request 1
83
(4, 1, 1)
1
(53, 59)
-> Request 2
351
(1, 1, 1)
1
(50, 19)
-> Request 3
538
(3, 3, 2)
2
(37, 50)
-> Request 4
1146
(4, 1, 1)
2
(37, 52)
-> Request 5
1160
(2, 1, 2)
1
(74, 7)
-> Request 6
1249
(1, 2, 2)
3
(18, 70)
--> Day : 2
-> Request 0
7
(1, 1, 1)
3
(10, 74)
-> Request 1
769
(4, 1, 1)
3
(20, 75)
-> Request 2
912
(2, 1, 2)
2
(73, 18)
-> Request 3
1430
(4, 2, 1)
3
(42, 64)
--> Day : 3
-> Request 0
100
(2, 1, 2)
3
(36, 38)
-> Request 1
244
(4, 2, 2)
2
(20, 60)
-> Request 2
579
(1, 2, 1)
2
(21, 58)
--> Day : 4
-> Request 0
93
(2, 3, 2)
1
(60, 68)
-> Request 1
126
(3, 1, 1)
1
(38, 78)
-> Request 2
138
(2, 2, 1)
2
(46, 31)
-> Request 3
180
(3, 2, 1)
1
(44, 4)
-> Request 4
545
(3, 1, 2)
2
(23, 49)
-> Request 5
987
(4, 3, 2)
2
(71, 0)
-> Request 6
1177
(4, 3, 2)
1
(30, 25)
-> Request 7
1357
(4, 1, 2)
1
(13, 3)
---> Week : 17
--> Day : 0
-> Request 0
389
(2, 2, 2)
1
(78, 12)
-> Request 1
538
(3, 2, 1)
3
(28, 1)
-> Request 2
707
(3, 2, 1)
2
(43, 12)
-> Request 3
734
(1, 2, 2)
1
(19, 37)
-> Request 4
820
(3, 1, 2)
3
(20, 3)
-> Request 5
1129
(2, 2, 1)
2
(32, 37)
-> Request 6
1153
(2, 3, 1)
2
(37, 9)
--> Day : 1
-> Request 0
187
(1, 3, 2)
2
(34, 18)
-> Request 1
267
(2, 2, 2)
1
(50, 34)
-> Request 2
406
(1, 2, 1)
3
(74, 61)
-> Request 3
515
(2, 2, 1)
2
(18, 77)
-> Request 4
525
(4, 2, 2)
3
(4, 60)
-> Request 5
762
(2, 2, 1)
1
(29, 8)
-> Request 6
949
(1, 3, 2)
2
(61, 26)
--> Day : 2
-> Request 0
25
(1, 1, 1)
3
(66, 46)
-> Request 1
979
(2, 2, 1)
3
(36, 58)
-> Request 2
1008
(3, 1, 1)
2
(36, 77)
-> Request 3
1238
(1, 1, 1)
2
(20, 79)
--> Day : 3
-> Request 0
25
(3, 2, 2)
3
(0, 0)
-> Request 1
562
(3, 2, 2)
3
(55, 1)
-> Request 2
675
(1, 2, 1)
1
(4, 34)
-> Request 3
746
(3, 3, 2)
3
(8, 74)
-> Request 4
815
(4, 1, 2)
2
(11, 30)
-> Request 5
980
(2, 1, 1)
1
(2, 51)
-> Request 6
1059
(1, 1, 1)
1
(54, 68)
-> Request 7
1075
(1, 3, 1)
1
(40, 72)
-> Request 8
1244
(4, 1, 1)
1
(31, 45)
--> Day : 4
-> Request 0
420
(1, 3, 1)
3
(37, 65)
-> Request 1
439
(3, 1, 1)
3
(25, 12)
-> Request 2
580
(3, 1, 2)
2
(13, 12)
-> Request 3
690
(3, 1, 1)
2
(75, 75)
-> Request 4
705
(2, 3, 2)
3
(66, 13)
-> Request 5
768
(1, 2, 2)
2
(72, 18)
-> Request 6
813
(3, 1, 1)
3
(34, 6)
-> Request 7
1221
(2, 1, 2)
2
(69, 11)
---> Week : 18
--> Day : 0
-> Request 0
90
(4, 1, 2)
1
(12, 0)
-> Request 1
400
(3, 1, 2)
3
(75, 18)
-> Request 2
635
(4, 2, 2)
2
(19, 36)
-> Request 3
927
(3, 1, 1)
3
(23, 68)
--> Day : 1
-> Request 0
120
(1, 2, 2)
1
(37, 43)
-> Request 1
198
(2, 2, 1)
2
(10, 30)
-> Request 2
325
(2, 1, 1)
2
(13, 55)
-> Request 3
476
(2, 1, 2)
1
(58, 63)
-> Request 4
973
(3, 3, 1)
1
(4, 19)
-> Request 5
1011
(4, 1, 2)
1
(13, 63)
-> Request 6
1242
(4, 2, 1)
1
(11, 54)
-> Request 7
1418
(2, 1, 2)
2
(27, 79)
-> Request 8
1435
(3, 1, 1)
1
(74, 35)
--> Day : 2
-> Request 0
266
(4, 1, 2)
2
(32, 75)
-> Request 1
414
(2, 2, 1)
2
(39, 68)
-> Request 2
731
(1, 1, 2)
2
(47, 51)
--> Day : 3
-> Request 0
176
(1, 2, 1)
2
(5, 79)
-> Request 1
186
(1, 1, 2)
2
(50, 35)
-> Request 2
212
(2, 1, 2)
2
(47, 75)
-> Request 3
478
(3, 1, 2)
1
(10, 4)
-> Request 4
702
(1, 1, 1)
1
(15, 30)
-> Request 5
723
(2, 2, 2)
1
(43, 66)
-> Request 6
753
(4, 2, 1)
3
(0, 19)
-> Request 7
820
(1, 1, 2)
2
(56, 48)
-> Request 8
835
(3, 2, 1)
3
(72, 23)
-> Request 9
856
(1, 3, 2)
1
(20, 79)
--> Day : 4
-> Request 0
251
(1, 1, 1)
2
(16, 12)
-> Request 1
281
(4, 1, 2)
2
(36, 16)
-> Request 2
552
(4, 2, 1)
3
(38, 35)
-> Request 3
751
(4, 1, 2)
1
(70, 66)
---> Week : 19
--> Day : 0
-> Request 0
109
(4, 2, 1)
3
(41, 44)
-> Request 1
122
(2, 3, 1)
3
(1, 20)
-> Request 2
387
(4, 2, 1)
3
(69, 58)
-> Request 3
1286
(3, 2, 1)
1
(10, 1)
-> Request 4
1373
(2, 3, 2)
2
(8, 3)
--> Day : 1
-> Request 0
63
(1, 2, 1)
1
(38, 9)
-> Request 1
464
(1, 3, 1)
2
(39, 29)
-> Request 2
980
(3, 2, 2)
1
(29, 78)
-> Request 3
1298
(1, 1, 1)
1
(47, 40)
--> Day : 2
-> Request 0
648
(3, 1, 1)
3
(74, 62)
-> Request 1
694
(1, 1, 2)
2
(67, 57)
-> Request 2
927
(1, 3, 1)
3
(40, 2)
-> Request 3
994
(3, 2, 1)
2
(70, 79)
-> Request 4
1091
(2, 3, 2)
2
(74, 36)
-> Request 5
1247
(3, 1, 1)
3
(21, 36)
-> Request 6
1316
(4, 1, 2)
3
(31, 40)
--> Day : 3
-> Request 0
111
(3, 2, 2)
1
(73, 28)
-> Request 1
403
(3, 2, 1)
1
(22, 37)
-> Request 2
561
(4, 2, 1)
3
(70, 54)
-> Request 3
650
(4, 2, 2)
1
(71, 54)
-> Request 4
793
(1, 1, 2)
1
(46, 26)
--> Day : 4
-> Request 0
33
(3, 3, 1)
1
(12, 64)
-> Request 1
404
(4, 2, 2)
1
(43, 72)
-> Request 2
572
(3, 3, 1)
1
(13, 1)
-> Request 3
663
(1, 3, 2)
2
(21, 57)
-> Request 4
1247
(1, 1, 1)
1
(3, 39)
