---> Week : 0
--> Day : 0
-> Request 0
128
(3, 2, 1)
2
(22, 14)
-> Request 1
185
(3, 2, 1)
2
(29, 52)
-> Request 2
239
(3, 1, 1)
2
(17, 39)
-> Request 3
461
(4, 3, 1)
2
(79, 67)
-> Request 4
979
(2, 2, 2)
1
(22, 11)
--> Day : 1
-> Request 0
19
(2, 3, 2)
3
(53, 63)
-> Request 1
112
(3, 1, 2)
2
(19, 66)
-> Request 2
316
(4, 1, 1)
1
(63, 68)
-> Request 3
348
(2, 3, 2)
1
(45, 19)
-> Request 4
521
(4, 2, 2)
3
(71, 44)
-> Request 5
749
(3, 2, 2)
3
(64, 13)
-> Request 6
1434
(1, 2, 2)
3
(71, 54)
--> Day : 2
-> Request 0
626
(2, 2, 2)
1
(6, 48)
-> Request 1
680
(2, 2, 2)
3
(13, 14)
-> Request 2
774
(3, 3, 2)
1
(79, 4)
-> Request 3
830
(2, 2, 2)
3
(15, 57)
--> Day : 3
-> Request 0
690
(3, 3, 1)
2
(10, 35)
-> Request 1
961
(1, 1, 2)
2
(77, 36)
-> Request 2
1090
(4, 1, 2)
2
(27, 34)
-> Request 3
1427
(1, 2, 2)
3
(60, 11)
-> Request 4
1438
(4, 3, 2)
3
(30, 50)
--> Day : 4
-> Request 0
367
(1, 3, 1)
2
(28, 16)
-> Request 1
672
(4, 3, 2)
1
(42, 22)
-> Request 2
1113
(3, 3, 1)
2
(14, 32)
-> Request 3
1439
(3, 3, 1)
3
(41, 73)
---> Week : 1
--> Day : 0
-> Request 0
8
(2, 1, 2)
3
(21, 1)
-> Request 1
763
(3, 1, 1)
1
(44, 41)
-> Request 2
945
(3, 3, 2)
2
(66, 43)
-> Request 3
1150
(2, 2, 2)
3
(64, 11)
-> Request 4
1373
(1, 2, 1)
1
(67, 0)
--> Day : 1
-> Request 0
28
(3, 2, 1)
3
(19, 73)
-> Request 1
344
(3, 1, 2)
2
(0, 38)
-> Request 2
373
(3, 1, 2)
2
(37, 23)
-> Request 3
518
(1, 2, 1)
3
(74, 58)
-> Request 4
844
(4, 1, 2)
3
(47, 36)
-> Request 5
1015
(2, 2, 1)
1
(28, 58)
-> Request 6
1144
(2, 1, 1)
1
(61, 35)
-> Request 7
1184
(1, 3, 2)
2
(54, 34)
--> Day : 2
-> Request 0
411
(4, 1, 1)
2
(31, 1)
-> Request 1
850
(1, 2, 2)
1
(7, 61)
-> Request 2
889
(2, 1, 1)
2
(22, 55)
-> Request 3
916
(3, 1, 2)
3
(48, 10)
-> Request 4
1322
(3, 2, 1)
3
(19, 62)
--> Day : 3
-> Request 0
66
(1, 1, 1)
2
(16, 23)
-> Request 1
74
(1, 1, 2)
3
(54, 15)
-> Request 2
527
(3, 2, 2)
2
(7, 27)
-> Request 3
559
(1, 2, 2)
2
(21, 64)
-> Request 4
837
(4, 1, 1)
1
(50, 42)
-> Request 5
1288
(3, 1, 2)
3
(23, 44)
-> Request 6
1386
(1, 2, 2)
1
(64, 17)
-> Request 7
1409
(3, 1, 2)
2
(56, 77)
--> Day : 4
-> Request 0
725
(4, 2, 2)
2
(46, 38)
-> Request 1
853
(2, 2, 1)
3
(16, 38)
-> Request 2
933
(4, 3, 2)
1
(38, 36)
-> Request 3
1425
(1, 3, 1)
1
(9, 73)
---> Week : 2
--> Day : 0
-> Request 0
121
(3, 2, 1)
3
(35, 36)
-> Request 1
230
(3, 3, 2)
3
(71, 66)
-> Request 2
500
(4, 2, 2)
2
(48, 67)
-> Request 3
535
(3, 2, 2)
1
(1, 57)
-> Request 4
738
(2, 2, 2)
3
(15, 38)
-> Request 5
873
(3, 2, 1)
3
(43, 10)
-> Request 6
1366
(1, 1, 2)
2
(22, 37)
--> Day : 1
-> Request 0
483
(1, 3, 2)
1
(69, 11)
-> Request 1
952
(2, 3, 1)
1
(8, 22)
-> Request 2
1132
(2, 1, 1)
2
(78, 21)
-> Request 3
1181
(3, 3, 2)
3
(67, 42)
-> Request 4
1211
(1, 2, 1)
2
(34, 79)
-> Request 5
1431
(3, 2, 2)
1
(79, 15)
--> Day : 2
-> Request 0
445
(3, 2, 2)
1
(60, 78)
-> Request 1
500
(2, 3, 2)
1
(59, 10)
-> Request 2
973
(4, 2, 1)
1
(1, 74)
-> Request 3
980
(3, 3, 1)
3
(9, 34)
-> Request 4
1210
(2, 2, 1)
1
(12, 46)
-> Request 5
1308
(1, 3, 2)
3
(2, 45)
--> Day : 3
-> Request 0
575
(2, 1, 2)
2
(61, 20)
-> Request 1
858
(2, 1, 2)
2
(4, 27)
-> Request 2
1105
(4, 2, 1)
2
(62, 8)
-> Request 3
1106
(4, 1, 1)
1
(26, 12)
-> Request 4
1206
(3, 3, 2)
2
(2, 28)
-> Request 5
1356
(1, 1, 2)
1
(42, 44)
-> Request 6
1435
(2, 2, 2)
2
(66, 78)
--> Day : 4
-> Request 0
39
(1, 1, 2)
2
(64, 47)
-> Request 1
286
(1, 1, 1)
3
(43, 9)
-> Request 2
1127
(3, 1, 1)
3
(47, 48)
-> Request 3
1182
(1, 1, 2)
2
(51, 75)
-> Request 4
1338
(4, 3, 2)
1
(16, 37)
---> Week : 3
--> Day : 0
-> Request 0
75
(3, 3, 2)
1
(11, 43)
-> Request 1
880
(2, 3, 1)
3
(79, 74)
-> Request 2
1119
(2, 2, 1)
3
(47, 42)
-> Request 3
1145
(4, 1, 2)
3
(66, 73)
--> Day : 1
-> Request 0
361
(3, 2, 1)
2
(13, 8)
-> Request 1
464
(3, 1, 2)
1
(9, 70)
-> Request 2
626
(4, 2, 1)
1
(56, 4)
-> Request 3
1036
(4, 2, 1)
1
(61, 6)
--> Day : 2
-> Request 0
230
(1, 2, 2)
3
(71, 29)
-> Request 1
339
(4, 1, 2)
1
(71, 68)
-> Request 2
355
(4, 1, 2)
1
(10, 43)
-> Request 3
430
(4, 1, 2)
1
(73, 57)
-> Request 4
513
(2, 3, 2)
2
(43, 40)
-> Request 5
668
(2, 1, 1)
2
(64, 56)
-> Request 6
684
(2, 1, 1)
3
(42, 15)
-> Request 7
918
(3, 1, 2)
2
(52, 26)
--> Day : 3
-> Request 0
309
(4, 1, 1)
1
(8, 45)
-> Request 1
824
(3, 1, 1)
2
(64, 42)
-> Request 2
893
(4, 3, 1)
2
(41, 79)
-> Request 3
1384
(4, 3, 2)
3
(38, 61)
-> Request 4
1393
(3, 1, 2)
2
(45, 75)
--> Day : 4
-> Request 0
200
(1, 2, 1)
1
(78, 32)
-> Request 1
247
(3, 2, 2)
3
(35, 26)
-> Request 2
269
(1, 2, 2)
1
(78, 30)
-> Request 3
307
(1, 2, 2)
3
(71, 62)
-> Request 4
401
(2, 3, 2)
1
(47, 47)
-> Request 5
701
(4, 3, 1)
3
(67, 60)
-> Request 6
967
(4, 2, 2)
3
(16, 39)
-> Request 7
1174
(2, 1, 1)
3
(49, 22)
-> Request 8
1212
(4, 1, 2)
3
(54, 6)
-> Request 9
1234
(1, 2, 2)
2
(15, 72)
-> Request 10
1311
(3, 1, 2)
3
(75, 74)
-> Request 11
1368
(1, 3, 2)
1
(4, 59)
---> Week : 4
--> Day : 0
-> Request 0
50
(3, 1, 2)
1
(64, 27)
-> Request 1
133
(4, 1, 2)
2
(66, 13)
-> Request 2
212
(1, 2, 2)
2
(62, 44)
-> Request 3
452
(1, 3, 2)
3
(11, 30)
-> Request 4
623
(3, 2, 2)
1
(7, 27)
-> Request 5
824
(3, 2, 1)
2
(53, 52)
-> Request 6
1359
(4, 2, 1)
2
(25, 26)
-> Request 7
1397
(3, 3, 2)
1
(18, 41)
--> Day : 1
-> Request 0
311
(2, 1, 2)
2
(53, 63)
-> Request 1
466
(3, 3, 2)
2
(78, 30)
-> Request 2
654
(3, 2, 1)
1
(54, 42)
-> Request 3
686
(3, 1, 2)
3
(47, 42)
-> Request 4
747
(1, 3, 1)
2
(25, 45)
-> Request 5
804
(2, 2, 2)
1
(30, 4)
-> Request 6
1003
(2, 1, 2)
3
(42, 42)
-> Request 7
1376
(1, 3, 2)
3
(17, 62)
--> Day : 2
-> Request 0
79
(3, 1, 1)
2
(31, 33)
-> Request 1
825
(3, 3, 2)
1
(53, 53)
-> Request 2
1162
(1, 3, 1)
3
(55, 52)
-> Request 3
1218
(1, 2, 2)
3
(16, 2)
--> Day : 3
-> Request 0
476
(4, 3, 1)
1
(30, 57)
-> Request 1
504
(3, 1, 1)
3
(62, 64)
-> Request 2
817
(3, 1, 2)
2
(26, 9)
-> Request 3
990
(1, 1, 2)
1
(6, 66)
--> Day : 4
-> Request 0
171
(3, 3, 2)
2
(13, 2)
-> Request 1
481
(1, 3, 2)
2
(75, 32)
-> Request 2
648
(3, 2, 1)
3
(55, 32)
-> Request 3
1127
(2, 3, 1)
1
(79, 4)
-> Request 4
1298
(2, 1, 2)
3
(48, 24)
-> Request 5
1331
(4, 1, 1)
1
(1, 62)
---> Week : 5
--> Day : 0
-> Request 0
442
(2, 1, 2)
2
(27, 72)
-> Request 1
535
(2, 1, 2)
2
(76, 65)
-> Request 2
555
(3, 1, 1)
2
(30, 1)
-> Request 3
1039
(3, 3, 1)
1
(12, 53)
-> Request 4
1147
(2, 2, 1)
1
(41, 63)
-> Request 5
1255
(3, 2, 1)
2
(4, 0)
-> Request 6
1355
(4, 3, 2)
2
(4, 43)
--> Day : 1
-> Request 0
104
(4, 3, 1)
1
(62, 64)
-> Request 1
165
(2, 3, 1)
3
(69, 75)
-> Request 2
401
(1, 1, 1)
3
(10, 74)
-> Request 3
617
(1, 1, 2)
2
(50, 57)
-> Request 4
751
(1, 1, 1)
2
(47, 71)
-> Request 5
922
(1, 2, 1)
2
(37, 26)
-> Request 6
924
(3, 3, 1)
2
(43, 55)
--> Day : 2
-> Request 0
440
(2, 3, 1)
2
(2, 32)
-> Request 1
728
(2, 3, 1)
1
(63, 18)
-> Request 2
851
(2, 1, 1)
2
(33, 78)
-> Request 3
973
(4, 1, 2)
2
(21, 39)
-> Request 4
1023
(2, 3, 1)
1
(16, 16)
-> Request 5
1158
(2, 1, 2)
2
(41, 35)
-> Request 6
1233
(3, 3, 1)
3
(79, 71)
--> Day : 3
-> Request 0
250
(4, 3, 2)
1
(6, 1)
-> Request 1
571
(2, 1, 2)
2
(60, 4)
-> Request 2
846
(2, 1, 1)
1
(9, 79)
-> Request 3
896
(1, 3, 1)
3
(66, 6)
-> Request 4
1186
(1, 1, 1)
2
(58, 5)
-> Request 5
1416
(4, 2, 1)
3
(1, 67)
-> Request 6
1418
(3, 1, 1)
1
(65, 37)
--> Day : 4
-> Request 0
40
(1, 1, 1)
2
(62, 55)
-> Request 1
48
(2, 2, 1)
2
(38, 11)
-> Request 2
187
(3, 2, 1)
2
(68, 10)
-> Request 3
284
(4, 1, 2)
1
(49, 40)
-> Request 4
314
(3, 1, 2)
2
(28, 8)
-> Request 5
433
(3, 3, 2)
1
(26, 73)
-> Request 6
564
(4, 1, 2)
2
(50, 12)
-> Request 7
1027
(4, 1, 2)
1
(60, 42)
-> Request 8
1392
(4, 1, 2)
1
(41, 59)
---> Week : 6
--> Day : 0
-> Request 0
387
(4, 3, 2)
1
(21, 17)
-> Request 1
767
(3, 2, 2)
1
(23, 37)
-> Request 2
932
(2, 3, 1)
3
(65, 11)
-> Request 3
1212
(4, 1, 1)
1
(75, 17)
--> Day : 1
-> Request 0
198
(1, 3, 1)
2
(9, 29)
-> Request 1
598
(2, 3, 2)
1
(37, 11)
-> Request 2
1098
(3, 2, 2)
3
(49, 78)
-> Request 3
1099
(4, 3, 1)
1
(77, 55)
-> Request 4
1239
(1, 1, 1)
2
(0, 23)
--> Day : 2
-> Request 0
200
(4, 3, 1)
1
(5, 73)
-> Request 1
354
(1, 2, 2)
1
(69, 48)
-> Request 2
559
(3, 2, 2)
3
(43, 29)
-> Request 3
616
(2, 3, 1)
2
(35, 26)
-> Request 4
1397
(2, 3, 1)
1
(61, 63)
--> Day : 3
-> Request 0
68
(4, 3, 2)
3
(15, 66)
-> Request 1
204
(2, 3, 2)
3
(67, 22)
-> Request 2
632
(3, 2, 1)
2
(36, 15)
-> Request 3
1277
(2, 3, 2)
1
(64, 37)
--> Day : 4
-> Request 0
89
(3, 3, 1)
1
(78, 54)
-> Request 1
110
(2, 3, 2)
3
(12, 5)
-> Request 2
330
(2, 2, 2)
1
(34, 23)
-> Request 3
755
(3, 2, 1)
1
(67, 39)
-> Request 4
883
(4, 1, 2)
1
(2, 35)
-> Request 5
1037
(3, 1, 1)
3
(17, 67)
-> Request 6
1112
(1, 2, 2)
1
(66, 69)
---> Week : 7
--> Day : 0
-> Request 0
61
(1, 2, 2)
3
(49, 18)
-> Request 1
91
(4, 2, 2)
2
(23, 67)
-> Request 2
229
(4, 1, 2)
3
(0, 14)
-> Request 3
536
(4, 3, 2)
2
(17, 8)
-> Request 4
889
(2, 2, 1)
1
(29, 33)
--> Day : 1
-> Request 0
294
(4, 2, 2)
1
(31, 44)
-> Request 1
306
(1, 3, 1)
3
(27, 67)
-> Request 2
801
(4, 2, 2)
3
(64, 30)
-> Request 3
841
(1, 3, 1)
1
(19, 60)
-> Request 4
854
(2, 3, 1)
1
(29, 55)
-> Request 5
1078
(1, 2, 1)
1
(7, 2)
-> Request 6
1154
(2, 1, 2)
1
(59, 21)
-> Request 7
1247
(2, 3, 1)
1
(29, 13)
-> Request 8
1346
(3, 1, 2)
1
(62, 63)
--> Day : 2
-> Request 0
102
(1, 2, 1)
3
(35, 28)
-> Request 1
340
(1, 3, 1)
2
(4, 32)
-> Request 2
391
(4, 3, 2)
3
(12, 1)
-> Request 3
434
(2, 2, 1)
1
(59, 16)
-> Request 4
569
(1, 3, 2)
3
(34, 15)
-> Request 5
679
(3, 2, 2)
2
(77, 22)
-> Request 6
722
(3, 2, 1)
3
(13, 46)
-> Request 7
754
(2, 2, 1)
2
(3, 76)
-> Request 8
768
(1, 2, 2)
1
(37, 43)
-> Request 9
1049
(4, 2, 2)
3
(66, 7)
-> Request 10
1350
(1, 3, 1)
2
(39, 27)
--> Day : 3
-> Request 0
167
(1, 3, 2)
1
(61, 29)
-> Request 1
353
(4, 3, 1)
3
(57, 52)
-> Request 2
628
(1, 1, 2)
1
(47, 16)
-> Request 3
659
(4, 3, 1)
1
(42, 57)
-> Request 4
791
(1, 2, 2)
3
(37, 68)
-> Request 5
1368
(1, 3, 2)
3
(0, 71)
--> Day : 4
-> Request 0
263
(1, 2, 2)
2
(34, 2)
-> Request 1
646
(1, 2, 2)
1
(6, 25)
-> Request 2
1197
(4, 3, 2)
2
(32, 36)
-> Request 3
1324
(4, 1, 2)
3
(23, 36)
-> Request 4
1386
(1, 1, 2)
3
(52, 11)
-> Request 5
1400
(4, 3, 2)
2
(14, 31)
---> Week : 8
--> Day : 0
-> Request 0
397
(1, 1, 1)
1
(18, 1)
-> Request 1
544
(2, 3, 1)
3
(54, 60)
-> Request 2
1360
(2, 1, 1)
1
(7, 46)
--> Day : 1
-> Request 0
70
(4, 3, 1)
1
(39, 27)
-> Request 1
183
(3, 1, 2)
3
(42, 2)
-> Request 2
353
(2, 1, 2)
1
(8, 54)
-> Request 3
409
(2, 2, 2)
1
(54, 49)
-> Request 4
425
(4, 1, 1)
3
(18, 66)
-> Request 5
486
(2, 3, 1)
1
(43, 48)
-> Request 6
833
(4, 1, 1)
1
(10, 34)
-> Request 7
1083
(1, 2, 2)
2
(19, 68)
--> Day : 2
-> Request 0
190
(3, 1, 2)
1
(3, 31)
-> Request 1
264
(4, 3, 2)
1
(24, 46)
-> Request 2
380
(2, 3, 1)
2
(58, 70)
-> Request 3
547
(2, 3, 1)
1
(30, 67)
-> Request 4
1390
(3, 1, 2)
1
(42, 60)
--> Day : 3
-> Request 0
219
(2, 1, 1)
3
(78, 31)
-> Request 1
443
(3, 1, 1)
3
(46, 79)
-> Request 2
743
(2, 3, 2)
2
(5, 28)
-> Request 3
1432
(1, 1, 2)
1
(79, 75)
--> Day : 4
-> Request 0
32
(3, 3, 1)
3
(66, 71)
-> Request 1
179
(1, 1, 1)
2
(9, 6)
-> Request 2
514
(4, 1, 1)
1
(69, 26)
-> Request 3
563
(4, 3, 1)
3
(32, 47)
-> Request 4
664
(2, 3, 2)
3
(4, 49)
-> Request 5
782
(2, 2, 1)
1
(76, 37)
-> Request 6
887
(1, 3, 2)
1
(30, 73)
-> Request 7
887
(3, 1, 1)
3
(4, 44)
-> Request 8
941
(2, 2, 2)
1
(68, 64)
-> Request 9
1262
(3, 2, 1)
2
(30, 3)
---> Week : 9
--> Day : 0
-> Request 0
144
(2, 3, 1)
1
(45, 39)
-> Request 1
474
(2, 1, 1)
3
(45, 75)
-> Request 2
888
(1, 1, 1)
1
(2, 44)
-> Request 3
1241
(4, 2, 1)
2
(43, 61)
--> Day : 1
-> Request 0
93
(4, 1, 1)
1
(72, 71)
-> Request 1
170
(3, 3, 1)
1
(28, 44)
-> Request 2
209
(1, 1, 1)
1
(72, 73)
-> Request 3
255
(3, 3, 1)
3
(6, 47)
-> Request 4
341
(4, 3, 1)
2
(5, 14)
-> Request 5
455
(2, 2, 1)
2
(13, 31)
-> Request 6
668
(1, 1, 1)
1
(35, 32)
-> Request 7
728
(3, 1, 2)
3
(17, 35)
-> Request 8
1146
(2, 2, 2)
1
(22, 31)
--> Day : 2
-> Request 0
154
(4, 2, 2)
3
(15, 26)
-> Request 1
180
(4, 2, 2)
1
(67, 14)
-> Request 2
475
(1, 3, 2)
1
(39, 56)
-> Request 3
930
(4, 2, 2)
1
(15, 41)
--> Day : 3
-> Request 0
475
(3, 3, 2)
2
(24, 33)
-> Request 1
522
(1, 3, 2)
1
(63, 21)
-> Request 2
558
(3, 1, 2)
1
(13, 61)
-> Request 3
1048
(4, 2, 1)
3
(74, 23)
--> Day : 4
-> Request 0
58
(1, 3, 1)
3
(36, 41)
-> Request 1
89
(4, 3, 2)
3
(17, 10)
-> Request 2
638
(4, 3, 2)
3
(5, 16)
-> Request 3
974
(3, 1, 1)
1
(2, 3)
-> Request 4
1024
(2, 1, 2)
3
(27, 33)
-> Request 5
1054
(4, 1, 1)
3
(18, 51)
-> Request 6
1212
(2, 2, 1)
3
(18, 28)
-> Request 7
1431
(4, 2, 2)
3
(19, 23)
---> Week : 10
--> Day : 0
-> Request 0
994
(3, 1, 2)
3
(34, 45)
-> Request 1
1397
(2, 3, 2)
1
(11, 49)
--> Day : 1
-> Request 0
615
(2, 1, 1)
1
(9, 55)
-> Request 1
752
(2, 2, 2)
2
(36, 18)
-> Request 2
1083
(1, 2, 1)
1
(55, 46)
-> Request 3
1091
(3, 1, 2)
2
(61, 23)
-> Request 4
1210
(4, 1, 2)
3
(76, 14)
-> Request 5
1221
(4, 3, 1)
3
(11, 74)
-> Request 6
1270
(1, 3, 1)
3
(7, 30)
-> Request 7
1298
(3, 1, 1)
1
(75, 55)
--> Day : 2
-> Request 0
262
(3, 3, 2)
3
(50, 48)
-> Request 1
347
(4, 2, 1)
2
(39, 46)
-> Request 2
912
(2, 1, 1)
1
(39, 36)
-> Request 3
953
(4, 2, 1)
2
(37, 23)
-> Request 4
1269
(4, 3, 1)
3
(40, 76)
-> Request 5
1354
(2, 3, 1)
2
(5, 14)
-> Request 6
1390
(3, 3, 1)
3
(36, 30)
-> Request 7
1414
(3, 1, 1)
3
(74, 7)
--> Day : 3
-> Request 0
452
(3, 1, 1)
1
(8, 66)
-> Request 1
558
(3, 1, 2)
1
(37, 45)
-> Request 2
816
(2, 2, 2)
1
(0, 45)
-> Request 3
857
(4, 3, 2)
3
(78, 5)
-> Request 4
1271
(2, 3, 1)
3
(1, 6)
-> Request 5
1353
(4, 2, 1)
2
(25, 25)
--> Day : 4
-> Request 0
78
(1, 2, 1)
2
(45, 5)
-> Request 1
179
(4, 3, 2)
3
(63, 62)
-> Request 2
962
(4, 3, 2)
3
(0, 19)
-> Request 3
1265
(1, 2, 2)
2
(62, 9)
-> Request 4
1347
(4, 2, 1)
2
(0, 75)
-> Request 5
1404
(4, 2, 2)
2
(31, 39)
---> Week : 11
--> Day : 0
-> Request 0
154
(3, 2, 1)
1
(62, 63)
-> Request 1
271
(2, 2, 1)
3
(46, 28)
-> Request 2
299
(4, 3, 1)
3
(71, 6)
-> Request 3
372
(1, 1, 2)
1
(10, 69)
-> Request 4
507
(3, 1, 1)
2
(40, 60)
-> Request 5
694
(3, 1, 2)
1
(6, 54)
-> Request 6
823
(3, 2, 2)
3
(37, 24)
-> Request 7
1145
(1, 3, 1)
3
(59, 42)
--> Day : 1
-> Request 0
886
(1, 1, 2)
2
(18, 22)
-> Request 1
973
(4, 2, 1)
1
(51, 54)
-> Request 2
1091
(3, 2, 1)
1
(57, 22)
-> Request 3
1313
(1, 2, 2)
2
(40, 68)
--> Day : 2
-> Request 0
31
(3, 2, 1)
3
(79, 29)
-> Request 1
329
(1, 3, 1)
2
(52, 67)
-> Request 2
684
(2, 2, 2)
1
(33, 46)
-> Request 3
728
(4, 1, 2)
1
(69, 14)
-> Request 4
917
(2, 3, 1)
1
(47, 62)
-> Request 5
930
(2, 1, 1)
3
(13, 47)
-> Request 6
1032
(3, 2, 1)
1
(48, 43)
--> Day : 3
-> Request 0
192
(2, 2, 2)
1
(19, 26)
-> Request 1
669
(2, 1, 1)
3
(74, 77)
--> Day : 4
-> Request 0
59
(1, 1, 1)
2
(59, 67)
-> Request 1
548
(2, 1, 1)
3
(32, 7)
-> Request 2
636
(2, 2, 2)
3
(5, 26)
-> Request 3
850
(3, 2, 1)
3
(58, 63)
---> Week : 12
--> Day : 0
-> Request 0
57
(3, 2, 1)
2
(79, 73)
-> Request 1
200
(4, 2, 1)
2
(25, 73)
-> Request 2
262
(4, 1, 2)
3
(45, 69)
-> Request 3
333
(4, 1, 1)
2
(9, 45)
-> Request 4
333
(3, 3, 2)
1
(9, 53)
-> Request 5
377
(2, 3, 2)
1
(22, 40)
-> Request 6
785
(1, 1, 1)
1
(38, 42)
-> Request 7
857
(1, 2, 2)
1
(21, 41)
-> Request 8
1043
(3, 1, 2)
2
(24, 73)
--> Day : 1
-> Request 0
28
(4, 1, 2)
1
(18, 5)
-> Request 1
70
(3, 2, 1)
2
(5, 71)
-> Request 2
108
(3, 1, 1)
2
(72, 8)
-> Request 3
353
(3, 1, 1)
1
(29, 22)
-> Request 4
483
(2, 1, 2)
3
(53, 29)
-> Request 5
744
(1, 1, 1)
3
(36, 1)
-> Request 6
963
(2, 1, 2)
2
(72, 19)
-> Request 7
1040
(3, 1, 2)
2
(26, 32)
-> Request 8
1095
(3, 3, 1)
3
(52, 45)
--> Day : 2
-> Request 0
80
(4, 3, 1)
1
(14, 46)
-> Request 1
209
(2, 2, 1)
3
(35, 59)
-> Request 2
229
(1, 3, 2)
2
(77, 32)
-> Request 3
232
(2, 2, 1)
2
(1, 34)
-> Request 4
363
(2, 2, 1)
2
(51, 1)
-> Request 5
454
(3, 2, 1)
2
(60, 70)
-> Request 6
563
(4, 1, 2)
3
(6, 71)
-> Request 7
681
(4, 3, 2)
1
(53, 21)
-> Request 8
829
(4, 1, 2)
1
(60, 76)
-> Request 9
1040
(2, 1, 2)
2
(7, 16)
-> Request 10
1353
(2, 1, 2)
3
(17, 41)
--> Day : 3
-> Request 0
345
(2, 2, 2)
3
(66, 69)
-> Request 1
588
(3, 1, 2)
1
(45, 62)
-> Request 2
691
(1, 2, 2)
2
(59, 23)
--> Day : 4
-> Request 0
561
(3, 2, 2)
3
(48, 49)
---> Week : 13
--> Day : 0
-> Request 0
810
(1, 1, 1)
1
(64, 3)
-> Request 1
928
(4, 2, 1)
2
(33, 76)
-> Request 2
1164
(1, 1, 2)
3
(23, 12)
-> Request 3
1316
(4, 3, 2)
3
(76, 75)
--> Day : 1
-> Request 0
309
(3, 2, 2)
2
(23, 78)
-> Request 1
459
(3, 3, 2)
1
(0, 5)
-> Request 2
462
(2, 1, 2)
2
(52, 54)
-> Request 3
1202
(3, 3, 1)
2
(23, 36)
--> Day : 2
-> Request 0
186
(4, 2, 1)
2
(38, 51)
-> Request 1
1118
(1, 2, 1)
3
(20, 72)
-> Request 2
1216
(3, 1, 2)
1
(54, 64)
--> Day : 3
-> Request 0
710
(1, 2, 1)
3
(48, 56)
-> Request 1
774
(2, 3, 2)
2
(49, 70)
-> Request 2
1082
(3, 3, 1)
2
(13, 70)
-> Request 3
1388
(4, 2, 2)
2
(46, 8)
-> Request 4
1397
(1, 2, 2)
2
(54, 36)
--> Day : 4
-> Request 0
1174
(1, 2, 1)
1
(0, 29)
---> Week : 14
--> Day : 0
-> Request 0
335
(2, 1, 2)
1
(24, 2)
-> Request 1
703
(3, 2, 2)
2
(74, 55)
-> Request 2
865
(1, 3, 2)
1
(17, 68)
-> Request 3
914
(2, 3, 2)
2
(32, 65)
-> Request 4
940
(4, 2, 2)
1
(44, 58)
-> Request 5
1188
(2, 2, 1)
1
(7, 67)
-> Request 6
1317
(3, 1, 1)
3
(30, 44)
-> Request 7
1325
(3, 3, 2)
1
(38, 2)
-> Request 8
1368
(4, 1, 1)
1
(53, 59)
--> Day : 1
-> Request 0
198
(3, 1, 2)
2
(15, 42)
-> Request 1
274
(2, 3, 1)
2
(34, 16)
-> Request 2
842
(4, 3, 1)
2
(52, 9)
-> Request 3
1047
(2, 2, 2)
3
(36, 15)
--> Day : 2
-> Request 0
53
(2, 2, 2)
2
(21, 21)
-> Request 1
797
(3, 3, 1)
1
(7, 65)
-> Request 2
824
(3, 3, 1)
2
(17, 72)
-> Request 3
836
(3, 2, 1)
3
(57, 28)
-> Request 4
849
(4, 3, 1)
2
(15, 31)
-> Request 5
1206
(3, 1, 1)
2
(35, 30)
-> Request 6
1285
(2, 3, 2)
3
(55, 72)
--> Day : 3
-> Request 0
278
(4, 2, 1)
1
(43, 7)
-> Request 1
332
(2, 2, 2)
2
(17, 47)
-> Request 2
519
(1, 2, 2)
3
(34, 54)
-> Request 3
546
(2, 3, 2)
3
(57, 67)
-> Request 4
981
(2, 3, 2)
1
(66, 43)
-> Request 5
1010
(2, 3, 2)
2
(78, 14)
-> Request 6
1181
(1, 1, 2)
3
(42, 29)
-> Request 7
1253
(4, 1, 1)
2
(64, 8)
-> Request 8
1350
(3, 2, 1)
1
(53, 53)
-> Request 9
1425
(1, 3, 1)
2
(23, 39)
--> Day : 4
-> Request 0
259
(1, 3, 2)
3
(28, 60)
-> Request 1
375
(3, 2, 1)
3
(65, 69)
-> Request 2
419
(3, 3, 2)
3
(50, 68)
-> Request 3
432
(1, 1, 2)
3
(42, 57)
-> Request 4
933
(1, 1, 1)
1
(48, 44)
-> Request 5
1143
(1, 1, 2)
3
(70, 35)
---> Week : 15
--> Day : 0
-> Request 0
427
(3, 1, 2)
3
(66, 59)
-> Request 1
442
(4, 1, 2)
2
(39, 38)
-> Request 2
570
(2, 1, 1)
1
(5, 47)
-> Request 3
778
(2, 1, 2)
1
(18, 16)
-> Request 4
800
(4, 2, 2)
1
(69, 59)
--> Day : 1
-> Request 0
80
(3, 1, 2)
3
(75, 56)
-> Request 1
575
(3, 1, 2)
3
(21, 62)
-> Request 2
644
(2, 3, 1)
2
(15, 9)
-> Request 3
893
(3, 1, 2)
1
(73, 69)
-> Request 4
943
(2, 2, 1)
1
(64, 4)
--> Day : 2
-> Request 0
697
(2, 3, 2)
1
(36, 5)
-> Request 1
1145
(2, 2, 1)
1
(9, 30)
-> Request 2
1354
(3, 3, 2)
1
(18, 27)
-> Request 3
1437
(4, 1, 1)
3
(15, 4)
--> Day : 3
-> Request 0
4
(4, 1, 1)
2
(8, 60)
-> Request 1
234
(1, 2, 2)
1
(55, 48)
-> Request 2
414
(2, 3, 2)
1
(61, 73)
--> Day : 4
-> Request 0
696
(1, 1, 2)
3
(30, 0)
-> Request 1
1159
(2, 1, 1)
3
(39, 44)
-> Request 2
1376
(4, 3, 2)
3
(10, 29)
---> Week : 16
--> Day : 0
-> Request 0
360
(2, 1, 2)
3
(4, 44)
-> Request 1
1052
(2, 2, 2)
3
(15, 62)
--> Day : 1
-> Request 0
175
(3, 2, 1)
1
(63, 73)
-> Request 1
486
(3, 1, 1)
3
(43, 20)
-> Request 2
514
(1, 1, 1)
1
(65, 4)
-> Request 3
766
(1, 1, 2)
3
(79, 26)
-> Request 4
1235
(2, 1, 2)
2
(57, 66)
-> Request 5
1352
(3, 3, 1)
3
(9, 0)
--> Day : 2
-> Request 0
132
(1, 3, 1)
3
(46, 52)
-> Request 1
268
(1, 2, 1)
1
(72, 13)
-> Request 2
671
(3, 3, 1)
2
(14, 12)
-> Request 3
950
(3, 1, 2)
1
(23, 69)
-> Request 4
1296
(4, 3, 2)
3
(59, 72)
--> Day : 3
-> Request 0
35
(1, 3, 1)
1
(77, 74)
-> Request 1
174
(4, 3, 1)
2
(29, 45)
-> Request 2
618
(1, 1, 1)
2
(56, 0)
-> Request 3
750
(2, 3, 1)
2
(43, 15)
-> Request 4
898
(4, 2, 1)
2
(60, 53)
-> Request 5
1053
(4, 2, 2)
2
(60, 10)
--> Day : 4
-> Request 0
221
(3, 1, 1)
3
(5, 70)
-> Request 1
334
(1, 1, 2)
3
(52, 42)
-> Request 2
536
(4, 3, 2)
3
(10, 57)
-> Request 3
764
(4, 3, 1)
2
(72, 65)
-> Request 4
827
(3, 3, 2)
1
(49, 74)
-> Request 5
835
(4, 3, 1)
3
(11, 78)
-> Request 6
1154
(4, 3, 2)
3
(33, 79)
---> Week : 17
--> Day : 0
-> Request 0
260
(4, 2, 1)
2
(55, 8)
-> Request 1
267
(1, 2, 2)
1
(65, 3)
-> Request 2
304
(4, 3, 1)
2
(51, 77)
-> Request 3
740
(1, 2, 2)
2
(72, 56)
-> Request 4
916
(2, 2, 2)
3
(61, 61)
--> Day : 1
-> Request 0
150
(4, 3, 1)
1
(31, 26)
-> Request 1
786
(2, 1, 1)
3
(6, 3)
-> Request 2
1132
(4, 1, 1)
3
(69, 41)
-> Request 3
1136
(2, 1, 2)
1
(40, 13)
-> Request 4
1180
(1, 1, 1)
1
(63, 73)
--> Day : 2
-> Request 0
771
(3, 1, 2)
3
(68, 6)
-> Request 1
867
(1, 1, 2)
2
(39, 60)
-> Request 2
1259
(2, 3, 1)
1
(74, 32)
--> Day : 3
-> Request 0
168
(4, 1, 1)
1
(62, 72)
-> Request 1
1273
(1, 3, 1)
3
(70, 50)
-> Request 2
1275
(4, 3, 1)
2
(21, 69)
-> Request 3
1438
(2, 3, 2)
1
(49, 66)
--> Day : 4
-> Request 0
5
(1, 2, 2)
3
(49, 54)
-> Request 1
269
(4, 1, 1)
2
(36, 79)
-> Request 2
345
(2, 1, 1)
3
(29, 42)
-> Request 3
641
(2, 1, 1)
3
(41, 55)
-> Request 4
1213
(4, 2, 1)
2
(64, 21)
---> Week : 18
--> Day : 0
-> Request 0
108
(1, 2, 2)
2
(10, 19)
-> Request 1
676
(1, 1, 2)
3
(78, 11)
-> Request 2
820
(2, 3, 1)
1
(68, 20)
-> Request 3
839
(4, 2, 1)
2
(47, 13)
-> Request 4
979
(4, 2, 1)
3
(63, 18)
-> Request 5
1021
(4, 3, 2)
1
(52, 52)
-> Request 6
1179
(1, 1, 2)
3
(4, 22)
-> Request 7
1179
(1, 1, 2)
3
(79, 71)
-> Request 8
1269
(4, 1, 1)
1
(21, 57)
-> Request 9
1274
(1, 1, 1)
3
(12, 72)
-> Request 10
1363
(2, 2, 2)
1
(2, 71)
--> Day : 1
-> Request 0
25
(2, 1, 2)
3
(5, 7)
-> Request 1
148
(3, 2, 2)
1
(69, 44)
-> Request 2
200
(4, 1, 2)
3
(60, 53)
-> Request 3
302
(3, 3, 2)
2
(63, 49)
-> Request 4
329
(1, 2, 2)
2
(44, 3)
-> Request 5
674
(4, 1, 2)
1
(65, 18)
--> Day : 2
-> Request 0
182
(4, 3, 1)
1
(2, 49)
-> Request 1
335
(2, 3, 2)
2
(55, 13)
-> Request 2
603
(2, 1, 1)
1
(73, 65)
-> Request 3
1048
(4, 2, 2)
3
(49, 9)
-> Request 4
1414
(3, 1, 2)
3
(53, 9)
--> Day : 3
-> Request 0
128
(3, 3, 2)
2
(21, 63)
-> Request 1
503
(2, 1, 2)
2
(35, 5)
-> Request 2
668
(1, 2, 2)
1
(36, 49)
-> Request 3
818
(4, 2, 2)
2
(59, 11)
-> Request 4
1082
(2, 2, 1)
2
(19, 3)
-> Request 5
1169
(4, 2, 1)
3
(71, 44)
-> Request 6
1271
(3, 1, 1)
1
(16, 35)
-> Request 7
1422
(3, 1, 1)
1
(15, 72)
--> Day : 4
-> Request 0
125
(4, 3, 2)
1
(61, 17)
-> Request 1
449
(3, 2, 1)
1
(75, 43)
-> Request 2
741
(4, 3, 1)
2
(1, 5)
-> Request 3
749
(2, 1, 1)
1
(58, 21)
-> Request 4
898
(3, 2, 1)
2
(13, 28)
-> Request 5
1057
(2, 2, 2)
1
(33, 69)
-> Request 6
1364
(1, 1, 2)
2
(51, 27)
---> Week : 19
--> Day : 0
-> Request 0
149
(2, 2, 1)
3
(77, 65)
-> Request 1
277
(3, 2, 1)
2
(74, 36)
-> Request 2
458
(4, 1, 1)
3
(34, 77)
-> Request 3
872
(4, 3, 1)
1
(66, 47)
-> Request 4
970
(2, 2, 1)
2
(13, 16)
--> Day : 1
-> Request 0
87
(4, 2, 2)
1
(66, 55)
-> Request 1
113
(3, 1, 1)
2
(43, 11)
-> Request 2
274
(2, 2, 1)
2
(42, 22)
-> Request 3
340
(4, 2, 2)
3
(0, 53)
-> Request 4
392
(1, 1, 2)
3
(7, 15)
-> Request 5
971
(1, 1, 1)
1
(74, 2)
--> Day : 2
-> Request 0
435
(3, 2, 2)
2
(39, 76)
-> Request 1
1220
(1, 3, 1)
2
(42, 57)
-> Request 2
1232
(2, 2, 1)
2
(12, 49)
-> Request 3
1260
(3, 1, 2)
3
(57, 67)
-> Request 4
1283
(3, 1, 1)
2
(16, 64)
-> Request 5
1313
(1, 1, 1)
3
(66, 22)
--> Day : 3
-> Request 0
204
(1, 1, 2)
3
(51, 0)
-> Request 1
255
(1, 3, 2)
1
(64, 8)
-> Request 2
806
(2, 2, 2)
2
(47, 59)
-> Request 3
1121
(4, 1, 1)
1
(20, 56)
-> Request 4
1248
(4, 2, 1)
2
(45, 31)
-> Request 5
1329
(3, 1, 1)
3
(69, 35)
-> Request 6
1359
(1, 3, 1)
2
(6, 1)
--> Day : 4
-> Request 0
288
(4, 1, 1)
2
(30, 16)
-> Request 1
318
(1, 2, 1)
2
(25, 15)
-> Request 2
484
(3, 3, 1)
1
(51, 29)
-> Request 3
550
(4, 3, 2)
2
(38, 70)
-> Request 4
755
(1, 3, 2)
3
(41, 4)
-> Request 5
1205
(1, 1, 2)
2
(74, 3)
-> Request 6
1334
(3, 2, 2)
1
(5, 1)
-> Request 7
1341
(1, 3, 2)
2
(55, 48)
-> Request 8
1341
(4, 1, 1)
1
(7, 25)
