---> Week : 0
--> Day : 0
-> Request 0
43
(1, 2, 1)
1
(39, 69)
-> Request 1
82
(4, 2, 1)
3
(34, 44)
-> Request 2
93
(1, 1, 1)
2
(34, 78)
-> Request 3
665
(2, 2, 2)
1
(23, 35)
-> Request 4
1171
(4, 2, 2)
1
(9, 35)
-> Request 5
1175
(1, 2, 1)
2
(60, 51)
--> Day : 1
-> Request 0
214
(2, 2, 2)
2
(36, 57)
-> Request 1
327
(2, 3, 2)
1
(17, 32)
-> Request 2
350
(2, 1, 1)
3
(65, 47)
-> Request 3
762
(3, 2, 1)
3
(48, 52)
-> Request 4
1178
(4, 2, 1)
1
(78, 62)
-> Request 5
1306
(1, 3, 1)
2
(17, 14)
--> Day : 2
-> Request 0
19
(2, 3, 1)
1
(43, 6)
-> Request 1
167
(2, 1, 1)
2
(49, 62)
-> Request 2
331
(1, 3, 2)
2
(63, 28)
-> Request 3
675
(3, 1, 2)
1
(68, 23)
-> Request 4
739
(3, 3, 2)
2
(67, 2)
--> Day : 3
-> Request 0
136
(2, 2, 1)
2
(18, 14)
-> Request 1
664
(3, 1, 2)
2
(15, 29)
-> Request 2
1033
(4, 2, 1)
1
(5, 69)
-> Request 3
1280
(2, 1, 1)
3
(41, 70)
-> Request 4
1305
(1, 3, 1)
2
(26, 40)
--> Day : 4
-> Request 0
535
(3, 2, 2)
2
(46, 20)
-> Request 1
548
(1, 2, 1)
3
(28, 62)
-> Request 2
1343
(2, 3, 2)
3
(12, 67)
-> Request 3
1381
(4, 2, 1)
1
(17, 0)
-> Request 4
1418
(2, 1, 1)
1
(65, 63)
---> Week : 1
--> Day : 0
-> Request 0
416
(2, 2, 1)
2
(77, 4)
-> Request 1
940
(2, 2, 1)
3
(19, 12)
-> Request 2
1366
(3, 1, 1)
3
(24, 44)
--> Day : 1
-> Request 0
39
(2, 1, 1)
2
(74, 13)
-> Request 1
389
(2, 2, 2)
1
(72, 50)
-> Request 2
729
(1, 2, 1)
3
(47, 63)
-> Request 3
863
(1, 1, 2)
2
(51, 10)
-> Request 4
1064
(2, 3, 1)
2
(5, 7)
-> Request 5
1324
(2, 1, 2)
1
(51, 76)
--> Day : 2
-> Request 0
371
(2, 1, 1)
1
(27, 69)
-> Request 1
582
(1, 1, 2)
1
(57, 62)
-> Request 2
1032
(4, 3, 2)
2
(56, 23)
--> Day : 3
-> Request 0
199
(2, 3, 1)
1
(43, 17)
-> Request 1
591
(1, 2, 2)
1
(10, 54)
-> Request 2
1333
(4, 2, 1)
3
(67, 52)
--> Day : 4
-> Request 0
83
(3, 1, 2)
3
(55, 24)
-> Request 1
85
(2, 2, 1)
3
(5, 74)
-> Request 2
919
(4, 3, 2)
3
(28, 32)
-> Request 3
1226
(4, 2, 2)
1
(76, 35)
---> Week : 2
--> Day : 0
-> Request 0
507
(4, 1, 1)
2
(41, 1)
-> Request 1
527
(2, 1, 2)
2
(42, 47)
-> Request 2
835
(3, 2, 1)
3
(33, 62)
-> Request 3
1162
(1, 1, 2)
1
(10, 40)
-> Request 4
1369
(3, 3, 2)
1
(13, 17)
--> Day : 1
-> Request 0
57
(4, 1, 1)
3
(34, 55)
-> Request 1
124
(3, 3, 2)
1
(68, 35)
-> Request 2
673
(1, 1, 1)
2
(6, 72)
-> Request 3
740
(4, 3, 1)
3
(64, 42)
-> Request 4
770
(1, 2, 2)
3
(16, 40)
-> Request 5
772
(1, 1, 2)
2
(16, 62)
-> Request 6
1004
(1, 3, 2)
2
(72, 35)
-> Request 7
1022
(2, 3, 2)
3
(36, 0)
-> Request 8
1121
(1, 1, 1)
2
(51, 5)
-> Request 9
1143
(1, 2, 1)
3
(17, 67)
-> Request 10
1243
(4, 1, 1)
2
(23, 57)
--> Day : 2
-> Request 0
131
(3, 2, 2)
3
(28, 7)
-> Request 1
410
(1, 2, 1)
2
(11, 45)
-> Request 2
642
(4, 3, 1)
3
(74, 49)
-> Request 3
1276
(3, 2, 1)
1
(77, 42)
-> Request 4
1418
(1, 1, 2)
1
(7, 59)
--> Day : 3
-> Request 0
14
(3, 3, 1)
3
(30, 42)
-> Request 1
392
(2, 1, 2)
3
(22, 33)
-> Request 2
413
(1, 2, 2)
1
(2, 15)
-> Request 3
422
(3, 3, 1)
1
(75, 53)
-> Request 4
492
(3, 3, 1)
2
(69, 28)
-> Request 5
687
(2, 1, 2)
2
(68, 50)
-> Request 6
1121
(2, 3, 1)
2
(43, 59)
-> Request 7
1255
(2, 1, 2)
2
(53, 16)
-> Request 8
1262
(1, 1, 1)
3
(30, 38)
-> Request 9
1306
(3, 2, 1)
1
(2, 59)
--> Day : 4
-> Request 0
117
(3, 1, 1)
3
(63, 73)
-> Request 1
119
(4, 3, 1)
2
(19, 52)
-> Request 2
171
(3, 2, 2)
2
(40, 25)
-> Request 3
389
(4, 3, 1)
3
(30, 7)
-> Request 4
427
(3, 1, 2)
1
(15, 74)
-> Request 5
718
(3, 3, 2)
1
(36, 19)
-> Request 6
1386
(3, 3, 1)
1
(6, 47)
---> Week : 3
--> Day : 0
-> Request 0
216
(2, 3, 2)
1
(7, 45)
-> Request 1
262
(2, 1, 1)
3
(7, 30)
-> Request 2
307
(4, 3, 1)
3
(33, 48)
-> Request 3
524
(2, 1, 1)
2
(9, 74)
-> Request 4
742
(1, 3, 1)
1
(65, 33)
-> Request 5
775
(4, 2, 1)
1
(75, 77)
-> Request 6
923
(4, 3, 2)
1
(38, 9)
-> Request 7
1406
(3, 2, 1)
2
(21, 61)
--> Day : 1
-> Request 0
195
(3, 2, 2)
1
(20, 17)
-> Request 1
240
(2, 1, 2)
1
(21, 0)
-> Request 2
432
(4, 2, 2)
2
(44, 18)
-> Request 3
732
(4, 1, 1)
3
(8, 23)
-> Request 4
763
(1, 1, 1)
3
(23, 17)
-> Request 5
808
(3, 3, 2)
3
(1, 65)
-> Request 6
1105
(2, 3, 1)
1
(17, 5)
-> Request 7
1392
(4, 2, 2)
2
(9, 72)
--> Day : 2
-> Request 0
118
(1, 2, 2)
1
(27, 64)
-> Request 1
735
(2, 2, 1)
1
(79, 37)
-> Request 2
948
(3, 2, 2)
3
(16, 14)
-> Request 3
1003
(4, 1, 1)
1
(21, 8)
-> Request 4
1081
(1, 1, 1)
3
(37, 56)
-> Request 5
1129
(3, 3, 2)
3
(67, 40)
--> Day : 3
-> Request 0
210
(3, 2, 2)
2
(13, 40)
-> Request 1
472
(3, 1, 2)
1
(59, 25)
-> Request 2
515
(3, 2, 1)
3
(23, 65)
--> Day : 4
-> Request 0
20
(2, 1, 2)
3
(11, 57)
-> Request 1
411
(1, 3, 2)
3
(77, 45)
-> Request 2
484
(4, 1, 1)
1
(5, 12)
-> Request 3
551
(1, 1, 1)
3
(39, 8)
-> Request 4
750
(4, 1, 2)
3
(54, 55)
-> Request 5
778
(3, 3, 1)
3
(8, 61)
-> Request 6
833
(4, 2, 2)
2
(6, 58)
-> Request 7
888
(3, 2, 1)
3
(26, 1)
-> Request 8
1015
(1, 3, 1)
3
(73, 15)
-> Request 9
1089
(4, 2, 2)
2
(55, 70)
---> Week : 4
--> Day : 0
-> Request 0
95
(4, 3, 1)
2
(58, 33)
-> Request 1
1278
(1, 2, 1)
1
(30, 10)
--> Day : 1
-> Request 0
302
(3, 1, 2)
2
(45, 20)
-> Request 1
491
(1, 1, 2)
2
(50, 12)
-> Request 2
524
(3, 2, 2)
3
(44, 75)
-> Request 3
672
(1, 2, 1)
1
(49, 4)
-> Request 4
748
(1, 1, 1)
3
(39, 57)
-> Request 5
1048
(2, 2, 2)
2
(40, 27)
--> Day : 2
-> Request 0
394
(4, 2, 1)
1
(36, 61)
-> Request 1
432
(3, 3, 2)
3
(9, 66)
-> Request 2
720
(1, 2, 1)
2
(72, 64)
-> Request 3
744
(4, 1, 2)
2
(1, 67)
-> Request 4
788
(3, 2, 2)
3
(16, 8)
-> Request 5
1292
(4, 1, 2)
2
(79, 49)
--> Day : 3
-> Request 0
8
(2, 1, 2)
3
(7, 64)
-> Request 1
298
(2, 3, 1)
1
(51, 30)
-> Request 2
488
(2, 1, 2)
2
(79, 74)
-> Request 3
508
(2, 1, 2)
2
(68, 3)
-> Request 4
546
(3, 2, 2)
3
(66, 3)
-> Request 5
1070
(4, 2, 1)
1
(16, 4)
-> Request 6
1178
(1, 2, 1)
2
(50, 50)
--> Day : 4
-> Request 0
975
(3, 2, 2)
3
(67, 3)
-> Request 1
1056
(3, 3, 1)
2
(22, 57)
---> Week : 5
--> Day : 0
-> Request 0
58
(2, 3, 2)
1
(11, 11)
-> Request 1
164
(3, 1, 2)
3
(5, 72)
-> Request 2
247
(3, 1, 1)
1
(38, 12)
-> Request 3
419
(4, 1, 2)
2
(66, 73)
-> Request 4
1303
(1, 3, 2)
3
(10, 50)
--> Day : 1
-> Request 0
873
(2, 3, 2)
1
(69, 41)
-> Request 1
1096
(4, 2, 2)
2
(63, 11)
--> Day : 2
-> Request 0
71
(3, 1, 1)
1
(74, 27)
-> Request 1
122
(1, 2, 2)
1
(56, 26)
-> Request 2
135
(1, 1, 1)
1
(26, 65)
-> Request 3
369
(1, 1, 2)
2
(50, 36)
-> Request 4
481
(2, 3, 1)
1
(72, 0)
-> Request 5
650
(4, 1, 1)
1
(19, 40)
-> Request 6
674
(1, 2, 2)
1
(63, 43)
-> Request 7
710
(1, 2, 1)
1
(63, 72)
-> Request 8
738
(3, 3, 2)
3
(30, 53)
-> Request 9
1013
(4, 1, 1)
2
(43, 21)
-> Request 10
1286
(1, 1, 1)
2
(35, 62)
--> Day : 3
-> Request 0
473
(3, 1, 1)
2
(16, 70)
-> Request 1
643
(1, 3, 1)
2
(49, 36)
-> Request 2
682
(3, 3, 1)
1
(30, 48)
-> Request 3
747
(4, 1, 2)
3
(20, 32)
-> Request 4
986
(2, 1, 1)
1
(11, 72)
-> Request 5
1088
(2, 1, 2)
1
(16, 44)
-> Request 6
1370
(2, 1, 2)
3
(73, 10)
--> Day : 4
-> Request 0
388
(4, 2, 1)
3
(6, 3)
-> Request 1
443
(4, 1, 2)
2
(41, 76)
-> Request 2
951
(4, 1, 2)
2
(13, 18)
---> Week : 6
--> Day : 0
-> Request 0
242
(3, 3, 1)
2
(8, 28)
-> Request 1
376
(3, 2, 2)
1
(16, 31)
-> Request 2
525
(3, 1, 1)
2
(20, 17)
-> Request 3
796
(1, 1, 2)
1
(11, 58)
-> Request 4
957
(2, 2, 1)
3
(44, 23)
-> Request 5
1007
(3, 3, 1)
3
(30, 1)
-> Request 6
1098
(1, 2, 2)
2
(34, 71)
-> Request 7
1146
(2, 2, 1)
3
(20, 71)
--> Day : 1
-> Request 0
38
(2, 3, 1)
1
(50, 18)
-> Request 1
154
(3, 1, 1)
3
(35, 55)
-> Request 2
263
(2, 1, 1)
1
(56, 5)
-> Request 3
401
(1, 1, 1)
2
(46, 39)
-> Request 4
551
(2, 3, 1)
2
(5, 34)
-> Request 5
579
(2, 1, 1)
1
(57, 25)
-> Request 6
669
(2, 3, 2)
3
(41, 68)
-> Request 7
980
(1, 2, 2)
1
(45, 13)
-> Request 8
1024
(1, 1, 1)
1
(34, 47)
-> Request 9
1041
(3, 3, 2)
2
(12, 1)
-> Request 10
1076
(2, 1, 2)
2
(16, 65)
-> Request 11
1101
(2, 3, 1)
1
(57, 61)
--> Day : 2
-> Request 0
80
(3, 2, 1)
3
(42, 76)
-> Request 1
353
(4, 1, 2)
1
(75, 56)
-> Request 2
857
(3, 2, 1)
2
(65, 25)
-> Request 3
955
(2, 2, 2)
3
(29, 43)
-> Request 4
1391
(2, 2, 2)
3
(2, 10)
--> Day : 3
-> Request 0
103
(4, 2, 2)
2
(37, 11)
-> Request 1
387
(2, 1, 1)
1
(30, 31)
-> Request 2
409
(2, 2, 1)
2
(5, 22)
-> Request 3
684
(4, 2, 1)
3
(58, 6)
-> Request 4
727
(4, 2, 2)
2
(40, 7)
-> Request 5
1345
(4, 1, 2)
3
(9, 64)
--> Day : 4
-> Request 0
137
(1, 3, 2)
2
(48, 45)
-> Request 1
328
(3, 1, 1)
2
(32, 41)
-> Request 2
820
(4, 2, 2)
1
(53, 44)
-> Request 3
852
(2, 3, 1)
2
(38, 47)
-> Request 4
1014
(1, 1, 1)
1
(39, 18)
-> Request 5
1252
(4, 2, 1)
1
(59, 27)
---> Week : 7
--> Day : 0
-> Request 0
312
(4, 2, 2)
1
(17, 50)
-> Request 1
509
(2, 2, 1)
2
(15, 78)
-> Request 2
538
(1, 1, 1)
1
(11, 19)
-> Request 3
635
(4, 1, 2)
2
(1, 29)
-> Request 4
767
(2, 3, 1)
1
(45, 55)
-> Request 5
794
(1, 1, 2)
2
(35, 57)
-> Request 6
907
(2, 3, 2)
1
(62, 38)
-> Request 7
1318
(1, 3, 2)
2
(62, 18)
--> Day : 1
-> Request 0
805
(3, 1, 2)
3
(67, 58)
-> Request 1
957
(2, 1, 2)
2
(50, 64)
-> Request 2
1088
(1, 1, 1)
3
(40, 59)
-> Request 3
1351
(2, 3, 1)
1
(59, 26)
--> Day : 2
-> Request 0
40
(4, 1, 2)
3
(20, 46)
-> Request 1
177
(4, 2, 2)
1
(12, 74)
-> Request 2
454
(4, 2, 2)
1
(10, 13)
-> Request 3
764
(3, 2, 2)
2
(72, 41)
-> Request 4
933
(2, 1, 2)
1
(59, 4)
-> Request 5
1253
(3, 1, 1)
1
(78, 31)
--> Day : 3
-> Request 0
184
(3, 1, 2)
2
(34, 39)
-> Request 1
296
(3, 2, 2)
1
(75, 44)
-> Request 2
762
(3, 1, 1)
3
(4, 10)
-> Request 3
1171
(4, 1, 1)
3
(11, 22)
--> Day : 4
-> Request 0
495
(4, 3, 1)
1
(50, 76)
-> Request 1
1029
(3, 3, 2)
3
(79, 63)
-> Request 2
1296
(1, 3, 1)
1
(46, 21)
---> Week : 8
--> Day : 0
-> Request 0
640
(2, 3, 2)
3
(50, 59)
-> Request 1
706
(4, 2, 1)
3
(79, 60)
-> Request 2
788
(3, 2, 2)
3
(35, 21)
-> Request 3
944
(1, 3, 1)
2
(70, 44)
-> Request 4
1000
(4, 2, 1)
1
(46, 15)
--> Day : 1
-> Request 0
743
(2, 1, 2)
1
(39, 34)
-> Request 1
881
(3, 2, 1)
2
(1, 68)
-> Request 2
1220
(1, 2, 2)
1
(2, 31)
-> Request 3
1398
(2, 3, 2)
1
(3, 38)
--> Day : 2
-> Request 0
347
(1, 1, 2)
1
(53, 63)
-> Request 1
368
(2, 3, 1)
3
(56, 9)
-> Request 2
443
(2, 1, 2)
1
(50, 74)
-> Request 3
572
(1, 3, 1)
1
(35, 28)
-> Request 4
721
(3, 1, 1)
3
(79, 63)
-> Request 5
1217
(3, 2, 2)
3
(56, 7)
-> Request 6
1422
(3, 2, 2)
2
(49, 45)
--> Day : 3
-> Request 0
1146
(2, 2, 2)
1
(75, 37)
--> Day : 4
-> Request 0
51
(1, 3, 2)
3
(16, 58)
-> Request 1
157
(4, 1, 2)
2
(52, 16)
-> Request 2
184
(1, 1, 1)
2
(32, 51)
-> Request 3
683
(2, 3, 1)
3
(59, 50)
-> Request 4
730
(3, 2, 2)
1
(23, 5)
-> Request 5
874
(4, 3, 2)
1
(22, 43)
-> Request 6
1034
(1, 2, 2)
3
(30, 73)
-> Request 7
1218
(1, 3, 2)
2
(67, 74)
-> Request 8
1237
(1, 2, 1)
3
(3, 52)
-> Request 9
1432
(2, 2, 1)
3
(2, 59)
---> Week : 9
--> Day : 0
-> Request 0
28
(1, 2, 2)
3
(35, 33)
-> Request 1
367
(3, 3, 1)
1
(78, 32)
-> Request 2
720
(1, 3, 1)
3
(37, 45)
-> Request 3
1217
(1, 3, 2)
2
(5, 30)
-> Request 4
1295
(3, 3, 2)
3
(57, 5)
--> Day : 1
-> Request 0
1300
(2, 2, 1)
2
(23, 22)
--> Day : 2
-> Request 0
67
(2, 3, 1)
3
(69, 71)
-> Request 1
295
(1, 1, 2)
2
(65, 52)
-> Request 2
329
(4, 3, 2)
2
(3, 66)
-> Request 3
420
(4, 2, 2)
1
(62, 50)
-> Request 4
478
(3, 3, 2)
1
(78, 79)
-> Request 5
968
(1, 3, 2)
2
(19, 24)
-> Request 6
978
(3, 1, 1)
1
(39, 67)
-> Request 7
1260
(2, 3, 1)
3
(30, 76)
--> Day : 3
-> Request 0
294
(1, 3, 1)
2
(37, 14)
-> Request 1
1082
(1, 3, 2)
1
(34, 57)
-> Request 2
1159
(3, 1, 1)
2
(31, 53)
-> Request 3
1214
(3, 3, 2)
1
(13, 37)
-> Request 4
1339
(4, 2, 1)
2
(0, 54)
-> Request 5
1350
(3, 2, 2)
1
(73, 18)
-> Request 6
1405
(1, 3, 1)
1
(43, 45)
--> Day : 4
-> Request 0
233
(3, 2, 1)
2
(79, 24)
-> Request 1
1057
(3, 3, 1)
3
(66, 5)
---> Week : 10
--> Day : 0
-> Request 0
13
(4, 1, 2)
2
(33, 54)
-> Request 1
1003
(3, 3, 2)
3
(70, 54)
--> Day : 1
-> Request 0
252
(2, 2, 1)
1
(67, 73)
-> Request 1
343
(1, 2, 1)
3
(13, 30)
-> Request 2
427
(1, 3, 1)
1
(21, 71)
-> Request 3
935
(3, 3, 1)
1
(50, 50)
-> Request 4
1247
(1, 3, 1)
1
(45, 13)
-> Request 5
1378
(2, 3, 2)
2
(36, 68)
-> Request 6
1381
(2, 3, 1)
2
(69, 9)
--> Day : 2
-> Request 0
87
(1, 2, 1)
2
(2, 29)
-> Request 1
468
(3, 2, 1)
3
(45, 35)
-> Request 2
597
(1, 3, 2)
2
(6, 25)
-> Request 3
775
(2, 3, 2)
2
(69, 5)
-> Request 4
878
(2, 1, 1)
2
(55, 58)
-> Request 5
1059
(3, 3, 2)
3
(67, 62)
-> Request 6
1093
(3, 2, 2)
3
(37, 57)
-> Request 7
1433
(4, 2, 2)
3
(42, 15)
--> Day : 3
-> Request 0
559
(4, 2, 1)
1
(55, 13)
-> Request 1
594
(2, 3, 1)
2
(68, 78)
-> Request 2
1175
(3, 1, 1)
3
(20, 26)
--> Day : 4
-> Request 0
674
(2, 2, 1)
1
(8, 73)
-> Request 1
1031
(2, 2, 1)
3
(55, 77)
-> Request 2
1135
(2, 2, 1)
1
(68, 72)
-> Request 3
1297
(2, 3, 1)
2
(15, 16)
-> Request 4
1351
(3, 3, 1)
2
(12, 17)
-> Request 5
1389
(3, 1, 1)
1
(61, 61)
---> Week : 11
--> Day : 0
-> Request 0
30
(3, 2, 1)
1
(51, 13)
-> Request 1
89
(3, 2, 1)
1
(24, 40)
-> Request 2
159
(1, 1, 2)
3
(43, 64)
-> Request 3
272
(2, 1, 1)
2
(12, 31)
-> Request 4
413
(3, 2, 1)
2
(7, 24)
-> Request 5
564
(2, 1, 1)
1
(31, 6)
-> Request 6
1043
(4, 1, 1)
1
(17, 12)
-> Request 7
1294
(3, 3, 2)
2
(46, 20)
-> Request 8
1371
(2, 2, 1)
2
(53, 28)
--> Day : 1
-> Request 0
215
(2, 3, 1)
3
(67, 78)
-> Request 1
262
(4, 3, 1)
1
(17, 15)
-> Request 2
339
(1, 2, 2)
1
(32, 65)
-> Request 3
433
(4, 3, 2)
3
(53, 72)
-> Request 4
799
(1, 1, 1)
2
(43, 55)
-> Request 5
1024
(3, 3, 2)
1
(69, 68)
-> Request 6
1078
(1, 2, 2)
2
(57, 5)
-> Request 7
1143
(2, 3, 2)
3
(2, 45)
-> Request 8
1179
(2, 3, 2)
3
(34, 26)
-> Request 9
1264
(3, 2, 1)
3
(70, 39)
-> Request 10
1354
(1, 2, 1)
3
(66, 63)
-> Request 11
1356
(1, 3, 1)
2
(41, 53)
-> Request 12
1395
(1, 2, 1)
1
(27, 40)
--> Day : 2
-> Request 0
319
(4, 2, 1)
2
(42, 45)
-> Request 1
503
(3, 3, 1)
1
(35, 13)
-> Request 2
789
(1, 3, 1)
3
(40, 0)
-> Request 3
860
(3, 3, 2)
1
(12, 69)
-> Request 4
1044
(1, 3, 2)
3
(35, 26)
-> Request 5
1067
(1, 2, 1)
1
(4, 37)
--> Day : 3
-> Request 0
216
(2, 1, 2)
2
(73, 1)
-> Request 1
347
(3, 1, 2)
2
(78, 41)
-> Request 2
422
(3, 3, 1)
2
(23, 12)
-> Request 3
1058
(3, 1, 1)
2
(73, 12)
-> Request 4
1105
(1, 1, 2)
3
(63, 41)
-> Request 5
1118
(3, 3, 1)
1
(73, 4)
-> Request 6
1275
(1, 2, 1)
2
(31, 43)
-> Request 7
1283
(1, 2, 1)
1
(42, 4)
-> Request 8
1438
(2, 1, 1)
1
(36, 74)
--> Day : 4
-> Request 0
146
(3, 3, 2)
1
(38, 61)
-> Request 1
975
(1, 2, 2)
2
(23, 69)
-> Request 2
980
(3, 2, 1)
3
(31, 16)
-> Request 3
992
(1, 2, 2)
2
(36, 23)
-> Request 4
1307
(3, 1, 1)
2
(65, 5)
---> Week : 12
--> Day : 0
-> Request 0
142
(4, 1, 2)
2
(76, 75)
-> Request 1
573
(3, 1, 1)
3
(67, 26)
-> Request 2
958
(3, 1, 2)
1
(11, 79)
-> Request 3
1251
(2, 3, 1)
3
(47, 65)
-> Request 4
1337
(3, 1, 2)
3
(15, 60)
-> Request 5
1438
(1, 3, 1)
2
(78, 23)
--> Day : 1
-> Request 0
121
(4, 3, 2)
3
(12, 71)
-> Request 1
393
(2, 1, 1)
2
(5, 3)
-> Request 2
606
(1, 1, 2)
3
(77, 67)
-> Request 3
622
(1, 2, 1)
1
(8, 31)
-> Request 4
661
(1, 3, 1)
3
(66, 77)
-> Request 5
1014
(3, 3, 1)
2
(77, 55)
-> Request 6
1078
(3, 2, 2)
3
(46, 49)
--> Day : 2
-> Request 0
154
(4, 1, 1)
2
(19, 30)
-> Request 1
699
(1, 2, 2)
2
(25, 3)
-> Request 2
904
(1, 2, 2)
3
(57, 11)
-> Request 3
1231
(4, 1, 1)
2
(10, 65)
-> Request 4
1428
(4, 1, 2)
2
(52, 39)
--> Day : 3
-> Request 0
36
(4, 1, 2)
1
(61, 67)
-> Request 1
335
(4, 3, 1)
3
(65, 16)
-> Request 2
422
(2, 3, 2)
3
(46, 5)
-> Request 3
531
(2, 2, 2)
2
(12, 76)
-> Request 4
1086
(1, 2, 2)
1
(28, 57)
-> Request 5
1180
(2, 1, 2)
3
(68, 29)
-> Request 6
1213
(3, 2, 2)
1
(48, 64)
-> Request 7
1304
(4, 2, 1)
1
(18, 2)
--> Day : 4
-> Request 0
593
(4, 1, 2)
1
(56, 35)
-> Request 1
810
(4, 3, 1)
2
(73, 27)
-> Request 2
881
(3, 3, 2)
2
(30, 25)
---> Week : 13
--> Day : 0
-> Request 0
0
(4, 2, 1)
2
(79, 77)
-> Request 1
11
(1, 2, 2)
1
(28, 60)
-> Request 2
432
(4, 2, 2)
1
(38, 35)
-> Request 3
659
(2, 1, 2)
2
(7, 68)
-> Request 4
743
(2, 1, 1)
2
(70, 5)
-> Request 5
776
(1, 2, 2)
3
(47, 57)
-> Request 6
781
(3, 3, 2)
2
(3, 74)
-> Request 7
1322
(4, 1, 2)
3
(54, 13)
--> Day : 1
-> Request 0
167
(1, 3, 2)
2
(9, 52)
-> Request 1
609
(3, 1, 2)
3
(32, 22)
-> Request 2
694
(4, 3, 2)
2
(44, 5)
-> Request 3
837
(4, 1, 1)
3
(20, 29)
-> Request 4
959
(3, 1, 1)
2
(18, 31)
-> Request 5
1069
(4, 2, 1)
1
(16, 42)
-> Request 6
1396
(1, 3, 1)
2
(79, 26)
--> Day : 2
-> Request 0
165
(3, 1, 2)
1
(42, 43)
-> Request 1
677
(3, 3, 2)
3
(2, 3)
-> Request 2
907
(2, 2, 2)
1
(63, 18)
-> Request 3
1080
(4, 3, 2)
1
(12, 46)
-> Request 4
1091
(3, 3, 2)
3
(17, 63)
-> Request 5
1285
(4, 2, 2)
1
(19, 22)
--> Day : 3
-> Request 0
70
(4, 3, 2)
3
(15, 63)
-> Request 1
366
(2, 1, 1)
3
(30, 53)
-> Request 2
842
(4, 1, 2)
3
(40, 31)
-> Request 3
1008
(3, 1, 2)
3
(14, 67)
--> Day : 4
-> Request 0
130
(2, 3, 1)
2
(55, 28)
-> Request 1
328
(2, 2, 2)
1
(47, 18)
-> Request 2
464
(2, 1, 2)
1
(32, 41)
-> Request 3
558
(3, 3, 1)
3
(9, 52)
-> Request 4
610
(1, 3, 1)
1
(24, 24)
-> Request 5
1035
(2, 2, 1)
3
(52, 47)
-> Request 6
1198
(3, 1, 1)
1
(22, 76)
-> Request 7
1327
(3, 2, 1)
1
(66, 31)
---> Week : 14
--> Day : 0
-> Request 0
5
(1, 2, 2)
1
(20, 57)
-> Request 1
188
(2, 1, 1)
2
(3, 33)
-> Request 2
208
(1, 3, 1)
3
(26, 22)
-> Request 3
233
(4, 2, 2)
2
(13, 36)
-> Request 4
756
(1, 1, 2)
3
(73, 2)
-> Request 5
986
(2, 3, 1)
3
(3, 19)
-> Request 6
1046
(4, 2, 2)
3
(51, 26)
--> Day : 1
-> Request 0
116
(2, 2, 1)
1
(41, 9)
-> Request 1
445
(1, 3, 2)
2
(6, 71)
-> Request 2
676
(4, 2, 2)
3
(30, 6)
-> Request 3
764
(4, 3, 1)
3
(76, 66)
-> Request 4
1225
(2, 3, 2)
3
(47, 40)
-> Request 5
1240
(1, 2, 2)
3
(9, 54)
--> Day : 2
-> Request 0
86
(3, 2, 1)
1
(17, 4)
-> Request 1
437
(2, 1, 1)
2
(23, 17)
-> Request 2
530
(3, 1, 2)
3
(77, 62)
-> Request 3
830
(2, 3, 2)
3
(23, 32)
-> Request 4
1017
(2, 2, 2)
1
(30, 40)
-> Request 5
1047
(2, 1, 2)
2
(22, 60)
-> Request 6
1226
(2, 3, 2)
2
(73, 37)
-> Request 7
1276
(2, 1, 2)
2
(60, 16)
--> Day : 3
-> Request 0
14
(2, 3, 2)
3
(15, 24)
-> Request 1
133
(4, 3, 1)
1
(63, 13)
-> Request 2
209
(4, 2, 1)
3
(2, 1)
-> Request 3
272
(1, 3, 2)
2
(25, 71)
-> Request 4
480
(1, 2, 2)
3
(45, 36)
-> Request 5
690
(2, 2, 1)
1
(43, 71)
-> Request 6
797
(1, 2, 2)
2
(21, 11)
-> Request 7
841
(3, 3, 1)
1
(34, 26)
-> Request 8
916
(2, 2, 1)
2
(40, 17)
-> Request 9
958
(2, 1, 1)
2
(29, 19)
-> Request 10
1042
(3, 3, 2)
1
(21, 69)
-> Request 11
1122
(1, 3, 1)
2
(62, 27)
-> Request 12
1283
(2, 1, 2)
3
(19, 14)
--> Day : 4
-> Request 0
89
(1, 3, 2)
2
(77, 60)
-> Request 1
533
(3, 2, 2)
2
(0, 64)
-> Request 2
770
(3, 2, 2)
1
(21, 22)
-> Request 3
771
(2, 1, 2)
2
(12, 69)
---> Week : 15
--> Day : 0
-> Request 0
65
(4, 1, 2)
3
(5, 72)
-> Request 1
354
(3, 3, 2)
2
(21, 68)
-> Request 2
757
(2, 3, 2)
3
(75, 73)
-> Request 3
1334
(1, 2, 1)
3
(54, 53)
--> Day : 1
-> Request 0
52
(4, 2, 1)
2
(39, 76)
-> Request 1
93
(2, 2, 1)
2
(22, 15)
-> Request 2
114
(1, 3, 2)
2
(29, 43)
-> Request 3
480
(4, 3, 1)
1
(43, 74)
-> Request 4
795
(2, 2, 2)
1
(66, 33)
-> Request 5
1016
(3, 1, 2)
2
(61, 26)
-> Request 6
1094
(1, 3, 2)
2
(32, 3)
--> Day : 2
-> Request 0
136
(2, 2, 1)
2
(32, 65)
-> Request 1
366
(1, 2, 1)
2
(27, 63)
-> Request 2
739
(4, 2, 2)
3
(66, 77)
-> Request 3
778
(2, 3, 2)
1
(45, 24)
--> Day : 3
-> Request 0
472
(4, 3, 1)
2
(55, 45)
-> Request 1
555
(1, 2, 2)
3
(29, 37)
-> Request 2
1095
(1, 2, 2)
1
(47, 23)
-> Request 3
1144
(3, 1, 2)
2
(19, 58)
-> Request 4
1360
(2, 1, 2)
2
(44, 19)
--> Day : 4
-> Request 0
489
(3, 3, 2)
1
(24, 77)
-> Request 1
665
(1, 1, 2)
3
(12, 29)
-> Request 2
859
(3, 2, 2)
2
(12, 49)
-> Request 3
892
(3, 2, 1)
3
(16, 25)
-> Request 4
1046
(4, 1, 1)
3
(14, 42)
-> Request 5
1097
(3, 1, 1)
1
(8, 56)
---> Week : 16
--> Day : 0
-> Request 0
520
(4, 3, 2)
3
(23, 70)
-> Request 1
605
(4, 1, 2)
1
(47, 55)
-> Request 2
888
(1, 2, 1)
2
(1, 23)
-> Request 3
1045
(2, 1, 1)
3
(26, 20)
--> Day : 1
-> Request 0
59
(2, 3, 1)
1
(23, 71)
-> Request 1
514
(2, 1, 1)
3
(44, 75)
-> Request 2
954
(2, 2, 2)
3
(23, 24)
-> Request 3
1015
(1, 2, 2)
1
(69, 78)
-> Request 4
1325
(1, 2, 2)
2
(22, 18)
--> Day : 2
-> Request 0
272
(4, 2, 1)
1
(57, 13)
--> Day : 3
-> Request 0
143
(4, 1, 2)
1
(52, 28)
-> Request 1
147
(4, 3, 1)
1
(41, 24)
-> Request 2
174
(2, 2, 2)
3
(41, 33)
-> Request 3
208
(1, 2, 2)
2
(77, 28)
-> Request 4
318
(2, 3, 1)
1
(77, 22)
-> Request 5
432
(2, 2, 2)
2
(70, 59)
-> Request 6
569
(1, 1, 1)
2
(32, 14)
-> Request 7
770
(1, 1, 2)
2
(15, 70)
-> Request 8
835
(3, 2, 2)
2
(16, 53)
-> Request 9
886
(3, 2, 1)
1
(45, 40)
-> Request 10
926
(2, 3, 1)
3
(2, 65)
-> Request 11
956
(4, 1, 2)
1
(42, 31)
--> Day : 4
-> Request 0
1
(2, 2, 1)
2
(52, 49)
-> Request 1
237
(2, 3, 1)
3
(21, 23)
-> Request 2
462
(3, 1, 1)
2
(37, 26)
-> Request 3
559
(4, 1, 1)
2
(7, 22)
-> Request 4
908
(3, 3, 2)
1
(26, 14)
-> Request 5
1335
(3, 1, 1)
1
(28, 30)
---> Week : 17
--> Day : 0
-> Request 0
224
(1, 3, 2)
2
(39, 78)
-> Request 1
542
(1, 2, 2)
2
(26, 61)
-> Request 2
778
(2, 3, 2)
1
(58, 6)
-> Request 3
940
(1, 1, 2)
3
(53, 12)
-> Request 4
986
(3, 1, 1)
3
(32, 25)
-> Request 5
1137
(3, 2, 2)
3
(39, 46)
-> Request 6
1343
(3, 2, 2)
2
(57, 74)
--> Day : 1
-> Request 0
339
(1, 3, 1)
2
(46, 77)
-> Request 1
341
(2, 3, 1)
1
(17, 78)
-> Request 2
357
(4, 1, 2)
2
(74, 6)
-> Request 3
400
(2, 1, 1)
3
(39, 50)
-> Request 4
437
(2, 1, 2)
3
(55, 30)
-> Request 5
612
(2, 1, 1)
3
(11, 15)
-> Request 6
1008
(2, 1, 1)
3
(9, 0)
-> Request 7
1244
(2, 1, 2)
2
(17, 58)
--> Day : 2
-> Request 0
39
(4, 2, 1)
3
(76, 76)
-> Request 1
68
(4, 1, 1)
3
(7, 40)
-> Request 2
388
(1, 2, 2)
3
(63, 9)
-> Request 3
459
(4, 3, 2)
1
(36, 60)
-> Request 4
1201
(3, 2, 1)
1
(15, 5)
--> Day : 3
-> Request 0
103
(4, 3, 2)
2
(10, 53)
-> Request 1
308
(2, 2, 2)
1
(64, 13)
-> Request 2
415
(3, 3, 2)
3
(27, 52)
-> Request 3
531
(4, 1, 2)
2
(67, 49)
-> Request 4
615
(2, 3, 2)
3
(17, 11)
-> Request 5
875
(4, 2, 2)
3
(74, 76)
-> Request 6
922
(3, 3, 1)
2
(57, 78)
-> Request 7
1096
(4, 3, 1)
2
(17, 48)
-> Request 8
1204
(3, 3, 1)
3
(45, 25)
--> Day : 4
-> Request 0
92
(4, 3, 1)
3
(72, 71)
-> Request 1
911
(3, 1, 2)
1
(77, 51)
-> Request 2
991
(4, 3, 2)
3
(54, 10)
-> Request 3
1270
(1, 3, 1)
1
(2, 46)
-> Request 4
1358
(4, 1, 2)
3
(52, 3)
---> Week : 18
--> Day : 0
-> Request 0
13
(1, 3, 2)
3
(72, 24)
-> Request 1
218
(1, 3, 1)
3
(41, 8)
-> Request 2
235
(2, 2, 1)
3
(31, 75)
-> Request 3
245
(3, 2, 1)
1
(60, 29)
-> Request 4
830
(4, 3, 1)
3
(59, 38)
-> Request 5
998
(4, 2, 1)
1
(20, 34)
--> Day : 1
-> Request 0
703
(4, 2, 2)
2
(25, 26)
-> Request 1
905
(3, 3, 1)
2
(62, 50)
-> Request 2
1054
(3, 2, 1)
1
(75, 77)
-> Request 3
1088
(4, 2, 1)
3
(9, 15)
-> Request 4
1413
(4, 1, 2)
2
(62, 19)
--> Day : 2
-> Request 0
178
(3, 2, 1)
2
(18, 13)
-> Request 1
556
(2, 2, 1)
2
(50, 69)
-> Request 2
785
(2, 3, 1)
3
(36, 74)
-> Request 3
916
(1, 3, 2)
1
(73, 34)
-> Request 4
1070
(1, 1, 1)
3
(15, 34)
--> Day : 3
-> Request 0
127
(1, 1, 2)
1
(62, 70)
-> Request 1
183
(2, 2, 2)
2
(5, 65)
-> Request 2
489
(1, 1, 2)
1
(37, 20)
-> Request 3
785
(3, 1, 1)
1
(79, 23)
-> Request 4
923
(3, 2, 2)
3
(19, 46)
-> Request 5
1166
(3, 1, 1)
3
(35, 1)
-> Request 6
1169
(3, 2, 2)
1
(56, 56)
--> Day : 4
-> Request 0
133
(1, 3, 1)
2
(19, 34)
-> Request 1
294
(2, 2, 1)
1
(4, 2)
-> Request 2
460
(4, 1, 2)
3
(44, 65)
-> Request 3
477
(2, 2, 2)
2
(60, 27)
-> Request 4
1036
(4, 3, 1)
3
(26, 39)
-> Request 5
1404
(3, 2, 1)
3
(58, 56)
---> Week : 19
--> Day : 0
-> Request 0
108
(1, 1, 1)
2
(41, 65)
-> Request 1
120
(3, 2, 1)
3
(27, 12)
-> Request 2
205
(4, 1, 1)
2
(6, 8)
-> Request 3
371
(3, 2, 1)
1
(68, 16)
-> Request 4
701
(2, 3, 1)
2
(23, 79)
-> Request 5
775
(2, 1, 2)
1
(28, 38)
-> Request 6
885
(4, 3, 1)
1
(73, 25)
-> Request 7
1340
(3, 2, 1)
3
(32, 25)
--> Day : 1
-> Request 0
70
(4, 3, 2)
1
(4, 55)
-> Request 1
388
(2, 3, 2)
3
(60, 15)
-> Request 2
482
(2, 2, 2)
1
(24, 28)
-> Request 3
665
(1, 3, 2)
1
(41, 72)
-> Request 4
705
(4, 2, 2)
2
(60, 49)
-> Request 5
731
(1, 2, 2)
2
(42, 45)
-> Request 6
882
(2, 2, 2)
1
(74, 79)
-> Request 7
1010
(3, 2, 2)
1
(62, 59)
-> Request 8
1149
(4, 1, 1)
2
(76, 19)
--> Day : 2
-> Request 0
168
(2, 3, 2)
2
(49, 3)
-> Request 1
169
(4, 2, 2)
3
(37, 37)
-> Request 2
1025
(4, 1, 2)
2
(69, 18)
-> Request 3
1348
(3, 1, 2)
3
(62, 6)
--> Day : 3
-> Request 0
74
(4, 3, 2)
3
(24, 57)
-> Request 1
600
(4, 2, 1)
2
(60, 76)
-> Request 2
817
(1, 1, 2)
2
(45, 23)
-> Request 3
1067
(2, 2, 2)
1
(59, 52)
-> Request 4
1176
(4, 2, 1)
2
(6, 29)
-> Request 5
1313
(4, 3, 1)
2
(25, 65)
-> Request 6
1417
(2, 2, 2)
3
(79, 18)
--> Day : 4
-> Request 0
447
(1, 2, 2)
1
(38, 79)
-> Request 1
984
(2, 1, 1)
2
(19, 20)
-> Request 2
1280
(4, 2, 2)
3
(47, 12)
-> Request 3
1401
(4, 2, 1)
2
(1, 18)
