---> Week : 0
--> Day : 0
-> Request 0
87
(3, 2, 2)
2
(47, 40)
-> Request 1
633
(3, 2, 2)
1
(5, 31)
-> Request 2
785
(3, 1, 2)
1
(7, 78)
-> Request 3
840
(1, 2, 2)
2
(72, 5)
-> Request 4
950
(2, 3, 1)
3
(49, 46)
-> Request 5
1438
(1, 2, 2)
3
(74, 17)
--> Day : 1
-> Request 0
604
(1, 2, 2)
3
(15, 26)
-> Request 1
726
(1, 2, 1)
2
(1, 66)
-> Request 2
851
(1, 1, 2)
3
(78, 70)
-> Request 3
1101
(4, 3, 2)
1
(3, 34)
-> Request 4
1398
(2, 2, 2)
3
(41, 57)
--> Day : 2
-> Request 0
622
(2, 3, 2)
1
(52, 59)
-> Request 1
1073
(4, 1, 1)
2
(0, 29)
-> Request 2
1177
(1, 1, 2)
3
(32, 31)
-> Request 3
1187
(4, 1, 1)
2
(7, 33)
--> Day : 3
-> Request 0
288
(4, 1, 1)
3
(49, 39)
-> Request 1
464
(1, 2, 1)
3
(46, 11)
-> Request 2
811
(3, 2, 2)
3
(77, 59)
-> Request 3
1162
(1, 3, 2)
3
(9, 63)
--> Day : 4
-> Request 0
26
(1, 1, 1)
2
(58, 54)
-> Request 1
47
(3, 1, 2)
2
(0, 63)
-> Request 2
325
(3, 2, 1)
1
(22, 46)
-> Request 3
518
(4, 1, 2)
3
(31, 61)
-> Request 4
592
(3, 1, 2)
1
(44, 41)
-> Request 5
690
(1, 3, 2)
2
(14, 39)
-> Request 6
1106
(4, 3, 1)
1
(29, 66)
-> Request 7
1313
(3, 2, 1)
2
(31, 33)
---> Week : 1
--> Day : 0
-> Request 0
705
(1, 3, 2)
2
(50, 36)
-> Request 1
933
(1, 3, 1)
1
(24, 34)
-> Request 2
1030
(3, 2, 2)
3
(55, 42)
-> Request 3
1045
(4, 2, 2)
1
(58, 6)
-> Request 4
1290
(3, 1, 1)
2
(16, 78)
-> Request 5
1387
(2, 1, 2)
1
(13, 40)
--> Day : 1
-> Request 0
295
(4, 3, 1)
2
(56, 77)
-> Request 1
312
(3, 1, 2)
3
(34, 77)
-> Request 2
655
(2, 2, 2)
1
(25, 72)
-> Request 3
909
(1, 3, 1)
3
(79, 39)
-> Request 4
965
(2, 3, 1)
3
(72, 5)
-> Request 5
1133
(3, 3, 1)
2
(48, 78)
-> Request 6
1203
(1, 1, 1)
3
(46, 73)
-> Request 7
1271
(1, 1, 1)
1
(21, 77)
-> Request 8
1302
(1, 1, 1)
3
(8, 45)
--> Day : 2
-> Request 0
30
(4, 3, 1)
3
(9, 74)
-> Request 1
338
(4, 3, 2)
2
(64, 39)
-> Request 2
430
(1, 1, 1)
2
(11, 5)
-> Request 3
454
(1, 2, 2)
1
(43, 65)
-> Request 4
837
(3, 2, 1)
3
(79, 35)
-> Request 5
972
(4, 2, 1)
2
(16, 25)
-> Request 6
982
(1, 2, 1)
1
(70, 15)
-> Request 7
996
(3, 3, 2)
2
(74, 67)
-> Request 8
1112
(3, 3, 2)
2
(27, 2)
-> Request 9
1404
(3, 2, 1)
3
(33, 7)
-> Request 10
1419
(4, 2, 2)
3
(76, 77)
--> Day : 3
-> Request 0
322
(2, 1, 1)
3
(65, 39)
-> Request 1
323
(4, 1, 2)
2
(17, 3)
-> Request 2
482
(1, 1, 1)
3
(6, 79)
-> Request 3
709
(1, 3, 1)
2
(25, 73)
-> Request 4
1011
(4, 3, 2)
1
(32, 54)
-> Request 5
1078
(1, 2, 2)
3
(52, 0)
-> Request 6
1135
(2, 2, 2)
1
(75, 1)
--> Day : 4
-> Request 0
180
(1, 3, 2)
1
(76, 13)
-> Request 1
240
(4, 1, 2)
3
(42, 39)
-> Request 2
554
(4, 2, 2)
3
(25, 52)
-> Request 3
1005
(4, 3, 1)
3
(64, 3)
-> Request 4
1153
(2, 2, 2)
2
(40, 48)
---> Week : 2
--> Day : 0
-> Request 0
46
(1, 3, 2)
2
(78, 46)
-> Request 1
176
(3, 2, 2)
3
(28, 53)
-> Request 2
190
(2, 3, 2)
1
(45, 46)
-> Request 3
337
(3, 1, 2)
2
(26, 11)
-> Request 4
469
(2, 2, 1)
1
(19, 75)
-> Request 5
640
(1, 1, 2)
1
(78, 17)
-> Request 6
709
(4, 3, 2)
1
(3, 55)
-> Request 7
732
(4, 3, 2)
3
(41, 21)
-> Request 8
804
(1, 2, 1)
3
(37, 45)
-> Request 9
1221
(1, 3, 2)
1
(29, 54)
--> Day : 1
-> Request 0
82
(1, 3, 1)
2
(43, 29)
-> Request 1
142
(1, 3, 2)
3
(74, 78)
-> Request 2
350
(4, 2, 1)
1
(72, 60)
-> Request 3
449
(1, 2, 2)
1
(68, 58)
-> Request 4
704
(4, 1, 2)
2
(23, 16)
-> Request 5
717
(1, 3, 1)
2
(23, 50)
--> Day : 2
-> Request 0
13
(1, 2, 1)
3
(21, 43)
-> Request 1
452
(1, 3, 2)
2
(40, 79)
-> Request 2
568
(3, 3, 1)
3
(61, 8)
-> Request 3
630
(4, 3, 1)
1
(77, 30)
-> Request 4
1399
(4, 1, 2)
2
(12, 46)
--> Day : 3
-> Request 0
208
(2, 2, 1)
2
(74, 46)
-> Request 1
899
(3, 3, 1)
1
(0, 1)
--> Day : 4
-> Request 0
84
(1, 3, 1)
1
(17, 44)
-> Request 1
174
(2, 1, 1)
1
(43, 61)
-> Request 2
260
(3, 3, 2)
3
(13, 42)
-> Request 3
298
(3, 1, 2)
1
(4, 21)
-> Request 4
361
(2, 3, 1)
1
(45, 27)
-> Request 5
459
(2, 1, 2)
2
(16, 35)
-> Request 6
536
(4, 1, 1)
1
(49, 65)
-> Request 7
901
(4, 3, 1)
2
(11, 22)
-> Request 8
1018
(1, 1, 1)
1
(35, 54)
-> Request 9
1213
(3, 2, 1)
3
(79, 9)
---> Week : 3
--> Day : 0
-> Request 0
114
(2, 2, 2)
1
(61, 26)
-> Request 1
870
(4, 2, 1)
3
(65, 52)
-> Request 2
1022
(3, 3, 2)
2
(71, 20)
-> Request 3
1194
(3, 3, 2)
3
(78, 78)
-> Request 4
1403
(1, 1, 1)
1
(0, 3)
--> Day : 1
-> Request 0
354
(1, 2, 2)
1
(3, 35)
-> Request 1
399
(3, 1, 1)
3
(51, 62)
-> Request 2
523
(2, 1, 1)
1
(31, 75)
-> Request 3
639
(1, 2, 2)
1
(71, 38)
-> Request 4
1364
(4, 3, 2)
1
(57, 8)
--> Day : 2
-> Request 0
373
(4, 3, 1)
1
(51, 33)
-> Request 1
531
(2, 1, 2)
2
(68, 51)
-> Request 2
991
(3, 2, 1)
1
(54, 25)
-> Request 3
1108
(2, 2, 1)
3
(9, 60)
-> Request 4
1144
(1, 1, 2)
3
(62, 13)
-> Request 5
1194
(4, 1, 1)
2
(48, 32)
--> Day : 3
-> Request 0
469
(3, 1, 1)
1
(33, 21)
-> Request 1
574
(1, 3, 2)
3
(48, 38)
-> Request 2
622
(4, 2, 1)
1
(43, 11)
-> Request 3
663
(4, 2, 1)
3
(78, 38)
-> Request 4
905
(3, 3, 1)
2
(66, 55)
-> Request 5
1152
(4, 1, 1)
1
(48, 65)
-> Request 6
1199
(3, 3, 1)
2
(26, 10)
-> Request 7
1386
(3, 3, 2)
1
(58, 76)
--> Day : 4
-> Request 0
484
(1, 3, 2)
3
(46, 68)
-> Request 1
655
(4, 2, 1)
2
(78, 66)
-> Request 2
704
(2, 3, 2)
2
(34, 41)
-> Request 3
716
(3, 1, 2)
2
(55, 63)
-> Request 4
920
(2, 1, 1)
2
(21, 44)
-> Request 5
938
(3, 3, 2)
1
(68, 31)
-> Request 6
1051
(3, 2, 2)
1
(55, 62)
---> Week : 4
--> Day : 0
-> Request 0
441
(3, 2, 1)
1
(8, 39)
-> Request 1
775
(1, 1, 2)
2
(24, 19)
-> Request 2
1361
(3, 1, 1)
3
(58, 33)
--> Day : 1
-> Request 0
226
(4, 3, 1)
3
(60, 78)
-> Request 1
597
(1, 1, 2)
3
(1, 39)
-> Request 2
908
(1, 3, 1)
3
(47, 27)
--> Day : 2
-> Request 0
62
(1, 3, 1)
1
(42, 57)
-> Request 1
871
(1, 3, 1)
1
(40, 20)
-> Request 2
1122
(3, 3, 1)
1
(13, 59)
-> Request 3
1315
(2, 3, 2)
2
(14, 76)
--> Day : 3
-> Request 0
462
(4, 3, 2)
3
(70, 50)
-> Request 1
712
(4, 1, 2)
1
(43, 27)
-> Request 2
986
(4, 2, 2)
1
(19, 1)
-> Request 3
1427
(1, 1, 1)
2
(43, 56)
--> Day : 4
-> Request 0
165
(2, 2, 1)
1
(14, 51)
-> Request 1
190
(4, 3, 1)
3
(28, 63)
-> Request 2
356
(4, 1, 1)
1
(38, 63)
-> Request 3
492
(1, 3, 1)
2
(9, 74)
-> Request 4
594
(1, 3, 1)
3
(43, 73)
-> Request 5
896
(2, 2, 2)
2
(20, 37)
-> Request 6
968
(2, 3, 1)
3
(74, 40)
-> Request 7
1148
(3, 2, 2)
2
(32, 77)
---> Week : 5
--> Day : 0
-> Request 0
11
(1, 1, 2)
3
(54, 49)
-> Request 1
298
(2, 3, 2)
3
(19, 72)
-> Request 2
457
(4, 2, 2)
3
(16, 24)
-> Request 3
660
(3, 1, 1)
2
(48, 25)
-> Request 4
779
(1, 3, 1)
3
(69, 27)
-> Request 5
1004
(2, 1, 1)
1
(61, 63)
-> Request 6
1054
(3, 3, 1)
1
(72, 43)
-> Request 7
1192
(2, 3, 1)
2
(32, 79)
--> Day : 1
-> Request 0
73
(3, 1, 2)
1
(62, 39)
-> Request 1
542
(4, 1, 1)
2
(70, 53)
-> Request 2
648
(3, 1, 2)
3
(74, 36)
-> Request 3
781
(1, 3, 2)
3
(61, 70)
-> Request 4
971
(3, 1, 2)
2
(67, 66)
-> Request 5
984
(2, 1, 1)
3
(69, 18)
--> Day : 2
-> Request 0
813
(4, 3, 2)
2
(66, 31)
-> Request 1
843
(2, 2, 2)
2
(65, 19)
-> Request 2
891
(3, 2, 2)
2
(54, 21)
-> Request 3
1054
(1, 3, 1)
3
(74, 7)
-> Request 4
1365
(1, 1, 1)
2
(68, 56)
--> Day : 3
-> Request 0
792
(4, 1, 2)
3
(1, 43)
-> Request 1
1289
(4, 2, 1)
3
(29, 51)
-> Request 2
1401
(3, 1, 2)
3
(7, 23)
--> Day : 4
-> Request 0
193
(3, 1, 1)
3
(64, 53)
-> Request 1
624
(1, 1, 2)
1
(27, 8)
-> Request 2
669
(4, 3, 1)
3
(64, 32)
-> Request 3
1142
(2, 3, 2)
1
(6, 48)
-> Request 4
1284
(1, 3, 2)
2
(24, 71)
---> Week : 6
--> Day : 0
-> Request 0
396
(2, 3, 2)
2
(34, 14)
-> Request 1
537
(4, 3, 2)
3
(9, 27)
-> Request 2
1067
(2, 1, 2)
2
(53, 47)
-> Request 3
1164
(2, 3, 1)
2
(40, 7)
--> Day : 1
-> Request 0
541
(3, 3, 2)
3
(46, 41)
-> Request 1
777
(1, 1, 2)
2
(75, 64)
-> Request 2
862
(3, 3, 1)
1
(36, 23)
-> Request 3
1385
(2, 2, 1)
3
(35, 56)
--> Day : 2
-> Request 0
27
(2, 1, 2)
1
(47, 34)
-> Request 1
120
(2, 1, 2)
3
(28, 68)
-> Request 2
509
(3, 1, 1)
2
(64, 68)
-> Request 3
557
(1, 1, 2)
2
(67, 46)
-> Request 4
985
(4, 1, 2)
3
(5, 3)
-> Request 5
1281
(1, 1, 1)
2
(44, 46)
--> Day : 3
-> Request 0
1
(3, 3, 1)
3
(46, 40)
-> Request 1
366
(4, 1, 2)
2
(2, 47)
-> Request 2
619
(4, 2, 1)
2
(6, 30)
-> Request 3
1392
(2, 2, 1)
1
(5, 7)
--> Day : 4
-> Request 0
94
(2, 2, 2)
2
(63, 70)
-> Request 1
315
(2, 2, 2)
3
(43, 75)
-> Request 2
456
(1, 2, 1)
3
(17, 37)
-> Request 3
1036
(4, 1, 2)
1
(1, 76)
-> Request 4
1118
(4, 3, 1)
1
(71, 8)
-> Request 5
1123
(2, 2, 1)
1
(11, 15)
-> Request 6
1131
(3, 3, 1)
2
(79, 53)
-> Request 7
1166
(4, 1, 1)
2
(32, 35)
-> Request 8
1242
(3, 1, 2)
3
(16, 56)
---> Week : 7
--> Day : 0
-> Request 0
2
(4, 3, 1)
1
(42, 47)
-> Request 1
124
(3, 2, 1)
3
(44, 60)
-> Request 2
241
(3, 2, 1)
3
(45, 1)
-> Request 3
310
(4, 2, 2)
2
(67, 32)
-> Request 4
355
(1, 1, 1)
1
(49, 33)
-> Request 5
581
(1, 2, 2)
1
(24, 12)
-> Request 6
713
(3, 2, 1)
3
(22, 8)
-> Request 7
832
(1, 1, 1)
3
(21, 56)
-> Request 8
981
(3, 3, 2)
1
(58, 21)
-> Request 9
1074
(4, 2, 1)
1
(76, 31)
-> Request 10
1242
(1, 3, 1)
1
(11, 18)
--> Day : 1
-> Request 0
10
(4, 3, 1)
1
(33, 51)
-> Request 1
556
(1, 3, 1)
3
(56, 3)
-> Request 2
742
(4, 1, 1)
3
(10, 63)
-> Request 3
1396
(4, 2, 2)
1
(16, 16)
--> Day : 2
-> Request 0
32
(1, 2, 2)
1
(13, 53)
-> Request 1
233
(2, 1, 1)
2
(25, 23)
-> Request 2
364
(1, 3, 2)
3
(47, 22)
-> Request 3
1056
(1, 1, 1)
3
(56, 75)
-> Request 4
1189
(3, 3, 2)
3
(70, 38)
--> Day : 3
-> Request 0
528
(2, 3, 1)
1
(78, 68)
-> Request 1
1231
(1, 3, 2)
1
(23, 35)
-> Request 2
1287
(2, 2, 1)
1
(55, 73)
--> Day : 4
-> Request 0
5
(1, 2, 1)
2
(28, 45)
-> Request 1
41
(4, 2, 2)
1
(46, 38)
-> Request 2
349
(3, 1, 1)
2
(45, 3)
-> Request 3
409
(3, 3, 1)
2
(56, 32)
-> Request 4
540
(3, 1, 2)
3
(58, 69)
-> Request 5
1361
(3, 2, 2)
1
(42, 57)
---> Week : 8
--> Day : 0
-> Request 0
196
(1, 1, 2)
1
(75, 75)
-> Request 1
477
(2, 3, 1)
2
(19, 25)
-> Request 2
686
(3, 3, 2)
2
(9, 63)
-> Request 3
1062
(4, 3, 2)
2
(63, 50)
--> Day : 1
-> Request 0
53
(4, 2, 2)
2
(36, 45)
-> Request 1
83
(2, 1, 2)
3
(67, 51)
-> Request 2
882
(4, 3, 2)
2
(78, 0)
-> Request 3
1144
(2, 2, 1)
2
(23, 15)
-> Request 4
1386
(2, 2, 1)
3
(35, 53)
--> Day : 2
-> Request 0
81
(3, 2, 1)
2
(69, 2)
-> Request 1
155
(2, 3, 2)
3
(28, 21)
-> Request 2
369
(3, 2, 2)
3
(31, 75)
-> Request 3
381
(1, 1, 2)
2
(52, 79)
-> Request 4
810
(3, 1, 2)
1
(74, 8)
-> Request 5
1211
(2, 1, 1)
1
(39, 11)
-> Request 6
1263
(3, 2, 1)
1
(66, 58)
--> Day : 3
-> Request 0
29
(4, 2, 1)
2
(15, 9)
-> Request 1
96
(2, 2, 2)
2
(12, 16)
-> Request 2
236
(1, 1, 1)
3
(63, 35)
-> Request 3
386
(1, 2, 1)
2
(6, 77)
-> Request 4
474
(1, 2, 1)
2
(53, 13)
-> Request 5
641
(4, 2, 1)
1
(36, 7)
-> Request 6
776
(2, 2, 1)
2
(2, 59)
-> Request 7
982
(2, 2, 1)
1
(45, 1)
-> Request 8
1286
(1, 1, 1)
2
(64, 58)
--> Day : 4
-> Request 0
81
(2, 2, 1)
2
(27, 74)
-> Request 1
132
(1, 3, 1)
3
(68, 15)
-> Request 2
413
(4, 2, 1)
2
(7, 15)
-> Request 3
663
(2, 1, 2)
1
(27, 49)
-> Request 4
786
(3, 2, 2)
2
(79, 42)
---> Week : 9
--> Day : 0
-> Request 0
150
(1, 3, 1)
1
(60, 79)
-> Request 1
733
(4, 2, 2)
2
(58, 52)
-> Request 2
788
(3, 3, 2)
1
(44, 45)
-> Request 3
902
(2, 3, 1)
1
(55, 40)
-> Request 4
953
(3, 2, 2)
1
(25, 46)
-> Request 5
1292
(1, 2, 1)
3
(69, 11)
-> Request 6
1396
(3, 2, 1)
1
(68, 10)
--> Day : 1
-> Request 0
1111
(1, 2, 2)
3
(20, 34)
-> Request 1
1354
(3, 1, 1)
1
(38, 32)
--> Day : 2
-> Request 0
102
(3, 1, 2)
2
(31, 1)
-> Request 1
330
(4, 2, 2)
2
(59, 63)
-> Request 2
483
(4, 2, 2)
3
(50, 24)
-> Request 3
739
(3, 2, 2)
1
(16, 34)
-> Request 4
750
(1, 1, 1)
2
(12, 78)
-> Request 5
942
(4, 2, 2)
3
(42, 57)
-> Request 6
1304
(3, 1, 1)
3
(34, 41)
-> Request 7
1411
(4, 1, 1)
1
(59, 41)
--> Day : 3
-> Request 0
48
(4, 3, 2)
1
(68, 10)
-> Request 1
230
(1, 3, 2)
3
(9, 41)
-> Request 2
498
(2, 3, 1)
2
(73, 75)
-> Request 3
520
(4, 1, 1)
2
(2, 17)
-> Request 4
579
(2, 2, 2)
2
(74, 2)
-> Request 5
626
(2, 3, 2)
3
(47, 46)
-> Request 6
667
(1, 1, 1)
3
(22, 18)
-> Request 7
1216
(2, 3, 2)
1
(35, 26)
--> Day : 4
-> Request 0
102
(4, 2, 2)
2
(18, 16)
-> Request 1
353
(2, 2, 1)
1
(52, 4)
-> Request 2
584
(1, 1, 2)
2
(44, 17)
-> Request 3
649
(1, 3, 2)
1
(43, 41)
-> Request 4
905
(1, 2, 2)
1
(46, 6)
-> Request 5
1004
(4, 3, 2)
1
(54, 9)
---> Week : 10
--> Day : 0
-> Request 0
290
(2, 2, 2)
1
(20, 13)
-> Request 1
470
(4, 2, 1)
1
(6, 63)
-> Request 2
485
(4, 1, 2)
2
(34, 47)
-> Request 3
1189
(1, 1, 1)
3
(35, 70)
-> Request 4
1288
(2, 1, 1)
2
(64, 70)
--> Day : 1
-> Request 0
447
(4, 2, 2)
3
(48, 60)
-> Request 1
484
(2, 1, 1)
1
(0, 20)
-> Request 2
624
(4, 1, 1)
3
(48, 47)
-> Request 3
792
(4, 1, 2)
3
(48, 51)
-> Request 4
839
(4, 3, 1)
2
(44, 79)
-> Request 5
1130
(2, 3, 1)
3
(22, 72)
--> Day : 2
-> Request 0
3
(2, 2, 2)
1
(19, 49)
-> Request 1
225
(4, 3, 2)
1
(10, 26)
-> Request 2
899
(4, 3, 1)
3
(2, 58)
-> Request 3
1055
(3, 2, 2)
2
(0, 42)
-> Request 4
1215
(2, 3, 2)
1
(19, 38)
--> Day : 3
-> Request 0
573
(2, 1, 2)
2
(21, 39)
-> Request 1
603
(2, 3, 1)
2
(43, 35)
-> Request 2
931
(4, 1, 2)
3
(71, 14)
-> Request 3
1016
(3, 2, 2)
1
(60, 16)
-> Request 4
1307
(4, 2, 1)
1
(2, 1)
--> Day : 4
-> Request 0
67
(3, 2, 1)
1
(61, 52)
-> Request 1
89
(2, 2, 2)
1
(66, 70)
-> Request 2
813
(3, 1, 1)
1
(17, 36)
-> Request 3
956
(3, 2, 2)
1
(28, 43)
-> Request 4
971
(3, 1, 2)
1
(50, 43)
-> Request 5
1041
(3, 3, 1)
2
(47, 12)
-> Request 6
1041
(2, 3, 2)
1
(9, 13)
-> Request 7
1324
(3, 3, 1)
3
(33, 36)
-> Request 8
1390
(2, 2, 2)
2
(28, 15)
---> Week : 11
--> Day : 0
-> Request 0
30
(2, 3, 2)
3
(41, 70)
-> Request 1
79
(4, 1, 1)
1
(73, 75)
-> Request 2
203
(3, 3, 2)
1
(33, 1)
-> Request 3
278
(1, 2, 2)
2
(28, 38)
-> Request 4
688
(1, 3, 2)
1
(52, 5)
-> Request 5
825
(4, 2, 1)
3
(16, 5)
-> Request 6
1261
(3, 3, 1)
2
(2, 19)
-> Request 7
1348
(2, 3, 2)
3
(28, 69)
--> Day : 1
-> Request 0
1352
(4, 1, 2)
3
(23, 73)
--> Day : 2
-> Request 0
121
(2, 3, 1)
3
(3, 5)
-> Request 1
646
(3, 3, 2)
3
(25, 40)
-> Request 2
1200
(1, 2, 2)
3
(13, 28)
--> Day : 3
-> Request 0
329
(4, 1, 1)
1
(61, 2)
-> Request 1
527
(4, 1, 2)
3
(14, 22)
-> Request 2
626
(4, 2, 2)
3
(23, 52)
-> Request 3
1067
(4, 2, 2)
3
(21, 42)
-> Request 4
1308
(3, 1, 2)
1
(74, 6)
-> Request 5
1436
(3, 2, 1)
2
(51, 57)
--> Day : 4
-> Request 0
262
(4, 1, 2)
3
(4, 24)
-> Request 1
412
(1, 2, 1)
2
(28, 63)
-> Request 2
549
(3, 2, 2)
2
(6, 8)
-> Request 3
608
(1, 3, 2)
2
(23, 76)
-> Request 4
677
(4, 1, 1)
2
(36, 5)
-> Request 5
1405
(4, 3, 1)
3
(11, 56)
-> Request 6
1420
(2, 3, 2)
3
(40, 20)
---> Week : 12
--> Day : 0
-> Request 0
273
(4, 3, 1)
1
(65, 46)
-> Request 1
450
(2, 1, 1)
3
(71, 24)
-> Request 2
655
(2, 3, 1)
3
(34, 21)
-> Request 3
867
(2, 2, 2)
3
(9, 73)
-> Request 4
957
(4, 1, 1)
1
(70, 15)
-> Request 5
991
(4, 3, 1)
1
(27, 77)
-> Request 6
1027
(4, 2, 1)
2
(20, 58)
--> Day : 1
-> Request 0
647
(2, 3, 1)
2
(18, 54)
-> Request 1
1209
(2, 3, 2)
3
(55, 6)
-> Request 2
1361
(1, 3, 1)
3
(79, 58)
--> Day : 2
-> Request 0
118
(2, 1, 1)
2
(6, 71)
-> Request 1
126
(2, 3, 2)
3
(2, 5)
-> Request 2
269
(3, 3, 1)
2
(9, 19)
-> Request 3
379
(1, 1, 2)
3
(5, 36)
-> Request 4
436
(3, 2, 1)
2
(4, 9)
-> Request 5
451
(2, 1, 1)
2
(41, 42)
-> Request 6
887
(4, 3, 1)
3
(36, 66)
-> Request 7
908
(4, 3, 1)
1
(32, 6)
-> Request 8
984
(3, 1, 2)
1
(62, 33)
-> Request 9
1022
(3, 2, 2)
3
(40, 77)
-> Request 10
1204
(3, 3, 2)
3
(69, 75)
--> Day : 3
-> Request 0
405
(3, 3, 1)
2
(34, 37)
-> Request 1
413
(3, 2, 1)
2
(43, 63)
-> Request 2
517
(3, 3, 2)
2
(53, 50)
-> Request 3
527
(3, 1, 2)
2
(32, 71)
-> Request 4
609
(2, 2, 2)
1
(39, 31)
-> Request 5
764
(3, 1, 1)
1
(16, 31)
-> Request 6
830
(2, 2, 2)
2
(28, 76)
-> Request 7
900
(2, 3, 1)
1
(52, 3)
-> Request 8
1092
(2, 3, 1)
2
(1, 23)
-> Request 9
1262
(1, 1, 2)
2
(21, 68)
--> Day : 4
-> Request 0
107
(1, 2, 1)
2
(15, 28)
-> Request 1
257
(3, 3, 2)
2
(74, 28)
-> Request 2
418
(1, 2, 1)
2
(69, 19)
-> Request 3
1201
(1, 3, 1)
2
(9, 4)
-> Request 4
1272
(2, 1, 2)
3
(52, 27)
-> Request 5
1313
(4, 1, 2)
3
(25, 48)
---> Week : 13
--> Day : 0
-> Request 0
89
(3, 2, 1)
1
(7, 71)
-> Request 1
194
(1, 2, 2)
3
(75, 13)
-> Request 2
363
(3, 2, 2)
2
(17, 63)
-> Request 3
539
(4, 2, 1)
1
(48, 63)
-> Request 4
827
(3, 2, 1)
3
(66, 1)
-> Request 5
972
(3, 3, 2)
2
(68, 66)
-> Request 6
1028
(3, 2, 1)
3
(46, 52)
-> Request 7
1375
(3, 2, 2)
2
(17, 48)
--> Day : 1
-> Request 0
87
(4, 3, 1)
2
(45, 37)
-> Request 1
128
(2, 2, 2)
1
(78, 75)
-> Request 2
309
(4, 2, 1)
3
(73, 55)
-> Request 3
494
(3, 3, 2)
2
(60, 31)
-> Request 4
549
(3, 1, 2)
1
(17, 66)
-> Request 5
724
(1, 2, 2)
2
(5, 18)
-> Request 6
891
(4, 3, 2)
2
(32, 78)
-> Request 7
1200
(3, 1, 1)
1
(56, 5)
-> Request 8
1207
(3, 3, 2)
1
(51, 2)
-> Request 9
1370
(4, 1, 2)
3
(22, 66)
--> Day : 2
-> Request 0
436
(4, 1, 1)
1
(19, 10)
-> Request 1
616
(1, 2, 2)
1
(7, 77)
-> Request 2
1107
(4, 1, 2)
1
(36, 43)
-> Request 3
1193
(3, 1, 1)
3
(20, 41)
-> Request 4
1269
(1, 1, 1)
3
(10, 42)
-> Request 5
1370
(4, 1, 2)
1
(11, 25)
--> Day : 3
-> Request 0
372
(2, 1, 1)
2
(3, 26)
-> Request 1
864
(1, 3, 2)
2
(9, 43)
-> Request 2
959
(2, 3, 2)
1
(71, 10)
-> Request 3
1104
(2, 2, 1)
3
(51, 15)
-> Request 4
1254
(4, 2, 2)
2
(21, 54)
--> Day : 4
-> Request 0
279
(3, 2, 2)
2
(30, 45)
-> Request 1
304
(2, 3, 1)
1
(22, 61)
-> Request 2
844
(3, 1, 1)
1
(64, 47)
-> Request 3
919
(1, 3, 2)
2
(62, 75)
-> Request 4
936
(3, 2, 1)
2
(7, 64)
-> Request 5
1128
(3, 3, 2)
3
(21, 79)
-> Request 6
1252
(1, 1, 2)
3
(37, 33)
-> Request 7
1346
(2, 2, 1)
1
(18, 78)
---> Week : 14
--> Day : 0
-> Request 0
204
(4, 3, 1)
3
(27, 47)
-> Request 1
215
(3, 1, 2)
3
(55, 12)
-> Request 2
455
(2, 2, 1)
1
(19, 63)
-> Request 3
523
(1, 3, 2)
2
(32, 67)
-> Request 4
571
(3, 2, 1)
2
(36, 29)
-> Request 5
951
(2, 3, 1)
2
(65, 33)
-> Request 6
1284
(4, 1, 1)
3
(17, 11)
-> Request 7
1368
(1, 3, 2)
1
(49, 24)
--> Day : 1
-> Request 0
886
(2, 3, 2)
3
(48, 61)
-> Request 1
889
(3, 1, 1)
2
(20, 23)
-> Request 2
1395
(1, 2, 2)
2
(32, 71)
--> Day : 2
-> Request 0
152
(3, 1, 1)
3
(46, 56)
-> Request 1
507
(3, 2, 1)
1
(43, 25)
-> Request 2
574
(3, 1, 2)
2
(77, 36)
-> Request 3
675
(3, 1, 2)
3
(12, 25)
-> Request 4
1195
(4, 1, 2)
1
(76, 59)
-> Request 5
1207
(2, 2, 2)
2
(76, 2)
--> Day : 3
-> Request 0
400
(1, 1, 2)
1
(12, 7)
-> Request 1
1023
(1, 3, 1)
1
(18, 16)
-> Request 2
1088
(3, 2, 2)
2
(66, 15)
-> Request 3
1120
(3, 1, 1)
3
(61, 58)
-> Request 4
1131
(1, 2, 2)
3
(23, 55)
--> Day : 4
-> Request 0
364
(1, 3, 1)
2
(6, 61)
-> Request 1
530
(4, 1, 1)
2
(72, 67)
-> Request 2
533
(1, 1, 2)
3
(42, 61)
-> Request 3
783
(1, 3, 2)
2
(77, 61)
-> Request 4
857
(2, 1, 1)
3
(55, 77)
-> Request 5
1119
(3, 2, 2)
1
(19, 37)
-> Request 6
1158
(2, 2, 2)
3
(43, 42)
-> Request 7
1344
(4, 3, 2)
2
(11, 72)
---> Week : 15
--> Day : 0
-> Request 0
87
(1, 2, 1)
2
(69, 79)
-> Request 1
298
(2, 1, 2)
1
(27, 46)
-> Request 2
340
(1, 1, 1)
2
(38, 71)
-> Request 3
451
(3, 1, 1)
3
(67, 60)
-> Request 4
681
(4, 2, 2)
1
(32, 20)
-> Request 5
1136
(3, 1, 1)
1
(62, 55)
-> Request 6
1243
(2, 3, 1)
3
(75, 20)
-> Request 7
1283
(3, 2, 1)
3
(3, 17)
--> Day : 1
-> Request 0
52
(1, 3, 1)
3
(77, 45)
-> Request 1
443
(3, 3, 1)
1
(69, 75)
-> Request 2
567
(4, 3, 2)
1
(53, 54)
-> Request 3
687
(3, 2, 2)
2
(54, 2)
-> Request 4
809
(1, 1, 2)
3
(26, 48)
-> Request 5
828
(1, 2, 2)
3
(14, 37)
-> Request 6
1325
(1, 3, 1)
3
(74, 19)
-> Request 7
1383
(2, 2, 2)
2
(42, 58)
--> Day : 2
-> Request 0
150
(3, 2, 1)
2
(59, 21)
-> Request 1
469
(3, 1, 1)
1
(47, 28)
-> Request 2
959
(4, 1, 1)
3
(5, 78)
-> Request 3
1266
(2, 3, 2)
1
(65, 26)
--> Day : 3
-> Request 0
341
(1, 3, 2)
3
(19, 45)
-> Request 1
460
(3, 2, 1)
2
(35, 21)
-> Request 2
572
(1, 1, 1)
1
(58, 59)
-> Request 3
961
(1, 1, 2)
3
(63, 52)
-> Request 4
1168
(4, 2, 2)
2
(68, 75)
--> Day : 4
-> Request 0
305
(3, 2, 2)
2
(68, 11)
-> Request 1
441
(4, 2, 2)
3
(1, 26)
-> Request 2
798
(2, 1, 2)
2
(4, 50)
-> Request 3
1000
(2, 1, 1)
3
(3, 61)
---> Week : 16
--> Day : 0
-> Request 0
141
(3, 3, 2)
2
(12, 12)
-> Request 1
413
(1, 2, 2)
1
(22, 70)
-> Request 2
1378
(4, 3, 1)
2
(72, 56)
-> Request 3
1378
(1, 2, 2)
3
(53, 55)
--> Day : 1
-> Request 0
437
(3, 2, 2)
1
(22, 47)
-> Request 1
939
(2, 2, 1)
3
(6, 78)
-> Request 2
1214
(1, 2, 2)
1
(40, 29)
-> Request 3
1300
(1, 1, 2)
3
(12, 32)
--> Day : 2
-> Request 0
28
(2, 1, 1)
2
(58, 9)
-> Request 1
623
(4, 3, 2)
3
(53, 20)
-> Request 2
1117
(1, 3, 2)
2
(0, 10)
-> Request 3
1158
(1, 1, 2)
3
(16, 53)
-> Request 4
1285
(1, 3, 1)
3
(27, 76)
-> Request 5
1356
(2, 3, 1)
3
(62, 42)
-> Request 6
1387
(4, 2, 2)
2
(3, 6)
--> Day : 3
-> Request 0
264
(4, 3, 1)
2
(20, 68)
-> Request 1
269
(2, 2, 2)
2
(10, 62)
-> Request 2
381
(4, 1, 2)
2
(60, 71)
-> Request 3
680
(2, 1, 1)
2
(18, 59)
-> Request 4
1108
(3, 1, 1)
3
(7, 59)
--> Day : 4
-> Request 0
242
(1, 1, 2)
1
(55, 9)
-> Request 1
1221
(2, 1, 2)
2
(19, 3)
---> Week : 17
--> Day : 0
-> Request 0
90
(4, 1, 1)
3
(13, 0)
-> Request 1
252
(2, 1, 1)
2
(15, 4)
-> Request 2
315
(4, 1, 1)
3
(52, 1)
-> Request 3
929
(2, 3, 1)
2
(59, 7)
-> Request 4
1100
(3, 1, 2)
1
(16, 36)
-> Request 5
1156
(2, 1, 2)
2
(52, 1)
-> Request 6
1224
(4, 3, 1)
3
(9, 40)
-> Request 7
1386
(3, 1, 2)
1
(19, 77)
--> Day : 1
-> Request 0
162
(2, 3, 2)
3
(56, 65)
-> Request 1
710
(4, 1, 2)
3
(0, 68)
-> Request 2
903
(3, 1, 1)
3
(66, 76)
-> Request 3
971
(3, 3, 2)
1
(20, 9)
-> Request 4
1156
(2, 1, 1)
2
(59, 14)
--> Day : 2
-> Request 0
119
(4, 1, 2)
2
(13, 72)
-> Request 1
246
(4, 1, 2)
2
(59, 9)
-> Request 2
389
(1, 1, 1)
2
(49, 28)
-> Request 3
1258
(3, 1, 2)
3
(28, 41)
--> Day : 3
-> Request 0
64
(1, 1, 1)
3
(29, 28)
-> Request 1
630
(4, 3, 1)
1
(49, 52)
-> Request 2
820
(1, 2, 1)
1
(64, 46)
-> Request 3
863
(4, 2, 2)
2
(3, 68)
--> Day : 4
-> Request 0
64
(1, 3, 1)
2
(1, 13)
-> Request 1
363
(3, 2, 1)
1
(15, 65)
-> Request 2
504
(3, 3, 1)
2
(25, 29)
-> Request 3
968
(1, 2, 2)
2
(20, 68)
-> Request 4
1295
(1, 2, 2)
2
(1, 57)
---> Week : 18
--> Day : 0
-> Request 0
11
(3, 3, 2)
2
(40, 11)
-> Request 1
183
(2, 2, 2)
1
(3, 33)
-> Request 2
340
(4, 3, 2)
2
(76, 2)
-> Request 3
463
(4, 3, 1)
2
(24, 19)
-> Request 4
536
(3, 3, 2)
2
(9, 26)
-> Request 5
675
(3, 1, 2)
1
(49, 69)
-> Request 6
764
(1, 1, 1)
3
(66, 63)
-> Request 7
808
(2, 3, 1)
1
(74, 3)
-> Request 8
834
(3, 1, 1)
1
(6, 66)
-> Request 9
897
(4, 3, 2)
1
(39, 52)
-> Request 10
934
(4, 3, 1)
3
(52, 2)
-> Request 11
1015
(3, 3, 2)
2
(3, 38)
--> Day : 1
-> Request 0
80
(4, 1, 2)
1
(32, 78)
-> Request 1
447
(4, 2, 2)
2
(67, 39)
-> Request 2
587
(1, 2, 1)
2
(58, 51)
-> Request 3
1151
(1, 1, 1)
3
(37, 47)
-> Request 4
1173
(3, 1, 1)
1
(40, 33)
-> Request 5
1241
(2, 2, 2)
2
(63, 71)
-> Request 6
1400
(4, 2, 2)
3
(38, 64)
--> Day : 2
-> Request 0
210
(3, 2, 2)
2
(11, 6)
-> Request 1
462
(3, 2, 1)
2
(32, 60)
-> Request 2
768
(2, 1, 1)
2
(23, 38)
-> Request 3
777
(4, 2, 2)
3
(26, 20)
-> Request 4
1303
(2, 2, 2)
3
(22, 20)
--> Day : 3
-> Request 0
563
(2, 3, 2)
2
(42, 65)
-> Request 1
722
(1, 1, 1)
3
(67, 3)
-> Request 2
1404
(3, 1, 2)
3
(11, 56)
--> Day : 4
-> Request 0
36
(4, 1, 2)
1
(56, 76)
-> Request 1
39
(4, 1, 2)
1
(76, 26)
-> Request 2
369
(3, 1, 2)
3
(14, 15)
-> Request 3
882
(4, 3, 2)
1
(21, 21)
-> Request 4
1111
(4, 2, 2)
1
(47, 19)
-> Request 5
1151
(2, 2, 2)
2
(51, 29)
-> Request 6
1285
(4, 3, 1)
3
(42, 44)
-> Request 7
1351
(4, 2, 1)
1
(41, 56)
-> Request 8
1431
(4, 1, 2)
3
(70, 6)
---> Week : 19
--> Day : 0
-> Request 0
18
(4, 2, 1)
2
(32, 4)
-> Request 1
249
(4, 3, 2)
1
(30, 39)
-> Request 2
284
(4, 3, 1)
3
(44, 46)
-> Request 3
316
(2, 1, 2)
3
(54, 57)
-> Request 4
385
(1, 3, 1)
2
(29, 57)
-> Request 5
579
(1, 1, 1)
3
(53, 33)
-> Request 6
821
(3, 3, 1)
2
(41, 45)
-> Request 7
1106
(4, 3, 2)
2
(71, 39)
--> Day : 1
-> Request 0
85
(3, 1, 2)
1
(23, 23)
-> Request 1
921
(3, 1, 2)
2
(62, 62)
-> Request 2
1083
(2, 1, 2)
1
(13, 29)
-> Request 3
1352
(4, 1, 2)
3
(12, 9)
-> Request 4
1364
(4, 1, 2)
2
(48, 37)
--> Day : 2
-> Request 0
193
(1, 3, 2)
3
(22, 55)
-> Request 1
238
(1, 2, 1)
3
(71, 51)
-> Request 2
345
(4, 3, 2)
2
(71, 70)
-> Request 3
671
(3, 1, 1)
3
(51, 48)
-> Request 4
1031
(4, 1, 2)
1
(62, 44)
-> Request 5
1191
(4, 2, 2)
2
(70, 79)
-> Request 6
1388
(1, 1, 1)
2
(7, 46)
-> Request 7
1389
(4, 2, 1)
1
(36, 4)
--> Day : 3
-> Request 0
473
(4, 1, 2)
1
(77, 70)
-> Request 1
490
(1, 2, 2)
1
(24, 36)
-> Request 2
621
(2, 1, 1)
1
(48, 41)
-> Request 3
952
(2, 3, 2)
1
(7, 57)
-> Request 4
1083
(1, 1, 1)
1
(32, 69)
--> Day : 4
-> Request 0
14
(4, 1, 2)
2
(10, 73)
-> Request 1
426
(1, 1, 1)
1
(73, 71)
-> Request 2
582
(1, 2, 2)
3
(77, 21)
-> Request 3
702
(1, 3, 2)
3
(29, 59)
-> Request 4
900
(2, 2, 1)
3
(23, 66)
-> Request 5
971
(1, 2, 2)
1
(74, 47)
-> Request 6
1040
(3, 2, 1)
2
(53, 15)
-> Request 7
1077
(1, 1, 2)
3
(59, 40)
-> Request 8
1368
(1, 3, 1)
2
(54, 68)
