---> Week : 0
--> Day : 0
-> Request 0
1075
(4, 3, 2)
3
(78, 69)
--> Day : 1
-> Request 0
621
(4, 3, 1)
3
(36, 41)
-> Request 1
855
(1, 1, 1)
3
(17, 24)
-> Request 2
863
(1, 2, 2)
3
(58, 33)
-> Request 3
1047
(3, 3, 2)
3
(24, 62)
--> Day : 2
-> Request 0
41
(3, 3, 1)
1
(42, 26)
-> Request 1
598
(1, 1, 1)
1
(53, 14)
-> Request 2
1018
(2, 3, 2)
1
(6, 49)
-> Request 3
1162
(4, 3, 2)
3
(16, 69)
--> Day : 3
-> Request 0
161
(1, 1, 2)
2
(5, 41)
-> Request 1
201
(4, 1, 1)
2
(65, 11)
-> Request 2
231
(3, 2, 2)
3
(31, 11)
-> Request 3
311
(3, 2, 2)
2
(43, 70)
-> Request 4
942
(1, 1, 1)
3
(45, 56)
--> Day : 4
-> Request 0
126
(1, 2, 2)
2
(44, 0)
-> Request 1
207
(2, 3, 2)
2
(21, 38)
-> Request 2
310
(4, 1, 2)
3
(53, 47)
-> Request 3
565
(1, 3, 1)
1
(27, 26)
-> Request 4
704
(2, 2, 1)
3
(62, 56)
-> Request 5
834
(3, 2, 1)
1
(46, 23)
-> Request 6
1206
(3, 1, 1)
1
(78, 52)
-> Request 7
1275
(4, 1, 2)
1
(72, 32)
-> Request 8
1402
(3, 1, 2)
3
(79, 74)
---> Week : 1
--> Day : 0
-> Request 0
125
(4, 3, 1)
3
(54, 49)
-> Request 1
172
(2, 2, 2)
2
(44, 61)
-> Request 2
476
(2, 3, 1)
1
(32, 64)
-> Request 3
569
(3, 1, 2)
3
(30, 55)
-> Request 4
638
(3, 2, 2)
2
(46, 3)
-> Request 5
849
(4, 2, 2)
2
(71, 77)
--> Day : 1
-> Request 0
383
(2, 2, 1)
1
(29, 72)
-> Request 1
582
(4, 2, 1)
1
(11, 44)
-> Request 2
654
(1, 2, 2)
3
(31, 6)
-> Request 3
1126
(2, 3, 2)
3
(73, 78)
-> Request 4
1247
(2, 1, 1)
1
(16, 45)
-> Request 5
1272
(2, 3, 1)
1
(18, 35)
-> Request 6
1339
(3, 2, 1)
3
(3, 64)
--> Day : 2
-> Request 0
123
(4, 1, 2)
1
(44, 73)
-> Request 1
202
(1, 1, 1)
2
(6, 51)
-> Request 2
583
(1, 2, 1)
1
(36, 70)
-> Request 3
704
(3, 1, 1)
3
(4, 33)
-> Request 4
966
(4, 3, 1)
2
(16, 37)
-> Request 5
1151
(4, 3, 2)
3
(20, 10)
--> Day : 3
-> Request 0
132
(4, 2, 1)
1
(72, 16)
-> Request 1
355
(1, 3, 1)
1
(30, 69)
-> Request 2
891
(2, 3, 2)
1
(42, 37)
-> Request 3
1139
(2, 1, 1)
3
(5, 69)
-> Request 4
1436
(3, 2, 2)
2
(79, 0)
--> Day : 4
-> Request 0
149
(1, 1, 1)
2
(76, 21)
-> Request 1
256
(1, 3, 1)
2
(40, 78)
-> Request 2
422
(3, 3, 2)
2
(19, 53)
-> Request 3
856
(1, 1, 1)
1
(33, 37)
-> Request 4
866
(1, 3, 2)
1
(50, 40)
---> Week : 2
--> Day : 0
-> Request 0
44
(2, 2, 2)
3
(7, 71)
-> Request 1
145
(4, 3, 2)
1
(64, 23)
-> Request 2
292
(4, 3, 2)
1
(62, 47)
-> Request 3
310
(4, 2, 1)
1
(17, 36)
-> Request 4
361
(3, 1, 2)
3
(63, 50)
-> Request 5
413
(4, 3, 2)
3
(16, 30)
-> Request 6
549
(1, 2, 1)
2
(65, 49)
-> Request 7
601
(4, 2, 1)
1
(19, 24)
-> Request 8
848
(3, 1, 2)
1
(30, 42)
-> Request 9
854
(3, 3, 2)
1
(61, 35)
-> Request 10
902
(4, 3, 1)
3
(36, 32)
-> Request 11
988
(4, 3, 1)
2
(64, 6)
-> Request 12
1089
(2, 3, 2)
1
(48, 69)
-> Request 13
1150
(1, 1, 1)
1
(21, 44)
-> Request 14
1397
(1, 3, 2)
3
(11, 70)
-> Request 15
1397
(4, 3, 1)
3
(36, 3)
-> Request 16
1411
(3, 3, 1)
3
(0, 11)
--> Day : 1
-> Request 0
335
(3, 2, 2)
3
(54, 9)
-> Request 1
394
(1, 1, 1)
2
(22, 60)
-> Request 2
768
(1, 2, 1)
3
(75, 11)
-> Request 3
1004
(4, 2, 2)
1
(13, 62)
-> Request 4
1219
(2, 2, 2)
3
(53, 7)
--> Day : 2
-> Request 0
14
(1, 3, 2)
3
(38, 29)
-> Request 1
95
(2, 3, 1)
1
(30, 21)
-> Request 2
315
(4, 3, 1)
2
(74, 15)
-> Request 3
587
(2, 2, 1)
1
(27, 26)
-> Request 4
1204
(3, 2, 1)
2
(28, 12)
-> Request 5
1348
(4, 2, 1)
1
(17, 66)
--> Day : 3
-> Request 0
101
(4, 3, 1)
1
(43, 23)
-> Request 1
687
(4, 3, 2)
1
(28, 69)
-> Request 2
750
(2, 3, 2)
1
(15, 18)
-> Request 3
878
(4, 3, 1)
1
(74, 68)
-> Request 4
1338
(1, 2, 2)
1
(24, 78)
--> Day : 4
-> Request 0
32
(3, 3, 2)
2
(52, 31)
-> Request 1
221
(3, 3, 2)
2
(34, 71)
-> Request 2
565
(1, 2, 1)
1
(17, 21)
-> Request 3
834
(3, 3, 2)
3
(39, 32)
-> Request 4
939
(4, 2, 1)
1
(28, 11)
-> Request 5
1020
(2, 3, 2)
2
(21, 22)
-> Request 6
1079
(3, 2, 2)
3
(30, 20)
-> Request 7
1247
(1, 1, 1)
3
(78, 47)
---> Week : 3
--> Day : 0
-> Request 0
745
(2, 3, 2)
3
(30, 26)
--> Day : 1
-> Request 0
356
(3, 2, 1)
1
(49, 57)
-> Request 1
792
(2, 2, 1)
3
(50, 19)
-> Request 2
803
(3, 3, 1)
2
(36, 60)
-> Request 3
849
(4, 2, 1)
3
(54, 0)
-> Request 4
956
(3, 3, 1)
2
(45, 7)
-> Request 5
1049
(1, 1, 2)
3
(76, 44)
-> Request 6
1350
(1, 2, 2)
1
(21, 75)
--> Day : 2
-> Request 0
70
(2, 1, 1)
3
(76, 2)
-> Request 1
264
(2, 3, 1)
2
(36, 26)
-> Request 2
948
(2, 3, 1)
2
(1, 5)
-> Request 3
1140
(3, 2, 2)
2
(24, 69)
-> Request 4
1229
(3, 1, 1)
1
(32, 39)
-> Request 5
1326
(2, 1, 2)
3
(21, 14)
-> Request 6
1337
(1, 2, 1)
1
(52, 49)
--> Day : 3
-> Request 0
282
(4, 2, 1)
3
(5, 48)
-> Request 1
553
(4, 2, 1)
2
(8, 25)
-> Request 2
581
(3, 3, 1)
2
(58, 69)
-> Request 3
856
(2, 3, 2)
3
(49, 36)
-> Request 4
1391
(1, 2, 1)
2
(75, 12)
--> Day : 4
-> Request 0
237
(2, 2, 2)
2
(27, 10)
-> Request 1
354
(2, 2, 1)
3
(11, 32)
-> Request 2
641
(1, 3, 1)
2
(49, 47)
-> Request 3
1285
(4, 3, 2)
1
(74, 57)
---> Week : 4
--> Day : 0
-> Request 0
22
(4, 2, 1)
1
(0, 10)
-> Request 1
99
(2, 3, 1)
1
(67, 21)
-> Request 2
157
(4, 2, 1)
2
(66, 48)
-> Request 3
319
(3, 2, 2)
2
(64, 77)
-> Request 4
439
(4, 3, 2)
3
(7, 61)
-> Request 5
542
(3, 3, 1)
2
(38, 71)
-> Request 6
844
(3, 1, 1)
1
(8, 54)
-> Request 7
1328
(4, 2, 1)
1
(33, 55)
-> Request 8
1412
(4, 1, 1)
3
(16, 62)
-> Request 9
1417
(4, 2, 2)
1
(8, 51)
--> Day : 1
-> Request 0
163
(2, 2, 1)
1
(39, 78)
-> Request 1
212
(1, 2, 2)
3
(32, 64)
-> Request 2
746
(3, 3, 1)
3
(48, 50)
-> Request 3
1112
(3, 2, 1)
1
(73, 6)
--> Day : 2
-> Request 0
78
(1, 1, 2)
3
(5, 12)
-> Request 1
651
(2, 1, 1)
1
(74, 56)
-> Request 2
914
(3, 2, 1)
3
(40, 42)
-> Request 3
1215
(4, 1, 2)
1
(20, 57)
--> Day : 3
-> Request 0
58
(1, 2, 2)
1
(73, 79)
-> Request 1
240
(4, 3, 1)
3
(64, 14)
-> Request 2
567
(3, 2, 1)
1
(14, 12)
-> Request 3
1366
(4, 3, 1)
1
(62, 56)
--> Day : 4
-> Request 0
332
(1, 2, 1)
2
(70, 55)
-> Request 1
332
(3, 2, 2)
3
(73, 76)
-> Request 2
776
(3, 2, 1)
2
(49, 18)
-> Request 3
1157
(3, 1, 1)
1
(32, 16)
-> Request 4
1163
(1, 3, 1)
1
(25, 36)
---> Week : 5
--> Day : 0
-> Request 0
613
(1, 2, 1)
1
(38, 15)
-> Request 1
835
(2, 2, 2)
3
(52, 36)
--> Day : 1
-> Request 0
191
(3, 1, 2)
2
(70, 16)
-> Request 1
415
(4, 3, 1)
1
(71, 40)
--> Day : 2
-> Request 0
52
(2, 2, 1)
2
(10, 47)
-> Request 1
139
(3, 2, 2)
3
(55, 17)
-> Request 2
292
(4, 3, 2)
2
(10, 66)
-> Request 3
405
(1, 1, 2)
1
(61, 11)
--> Day : 3
-> Request 0
103
(4, 1, 1)
1
(46, 16)
-> Request 1
159
(2, 3, 1)
1
(13, 65)
-> Request 2
821
(1, 3, 2)
3
(1, 17)
-> Request 3
1349
(2, 1, 1)
2
(32, 22)
--> Day : 4
-> Request 0
46
(2, 2, 1)
3
(40, 56)
-> Request 1
162
(4, 2, 2)
2
(7, 17)
-> Request 2
394
(4, 3, 1)
3
(58, 70)
-> Request 3
623
(1, 2, 1)
1
(20, 55)
-> Request 4
650
(3, 3, 2)
3
(66, 16)
-> Request 5
882
(4, 1, 2)
3
(15, 42)
-> Request 6
1064
(4, 1, 2)
2
(40, 51)
-> Request 7
1121
(2, 1, 1)
1
(1, 13)
-> Request 8
1136
(4, 3, 1)
1
(68, 51)
-> Request 9
1208
(4, 2, 1)
2
(46, 69)
-> Request 10
1212
(1, 3, 1)
2
(50, 32)
-> Request 11
1384
(4, 3, 2)
1
(68, 7)
-> Request 12
1388
(3, 2, 1)
2
(31, 52)
-> Request 13
1426
(2, 2, 1)
2
(55, 27)
---> Week : 6
--> Day : 0
-> Request 0
283
(2, 1, 1)
1
(73, 62)
-> Request 1
586
(4, 3, 1)
3
(72, 76)
-> Request 2
633
(3, 3, 1)
3
(46, 74)
-> Request 3
692
(4, 2, 1)
1
(38, 42)
-> Request 4
888
(3, 3, 2)
3
(29, 64)
-> Request 5
910
(1, 1, 2)
1
(44, 70)
-> Request 6
1063
(2, 3, 1)
3
(14, 57)
-> Request 7
1163
(2, 3, 2)
1
(20, 7)
-> Request 8
1269
(1, 2, 1)
1
(70, 31)
--> Day : 1
-> Request 0
160
(3, 2, 1)
3
(41, 5)
-> Request 1
447
(4, 2, 1)
1
(29, 52)
-> Request 2
899
(2, 2, 1)
3
(14, 19)
-> Request 3
1018
(4, 2, 2)
3
(28, 4)
--> Day : 2
-> Request 0
145
(3, 2, 2)
2
(26, 50)
-> Request 1
434
(2, 3, 2)
3
(16, 5)
-> Request 2
950
(4, 1, 1)
3
(41, 15)
--> Day : 3
-> Request 0
518
(2, 2, 2)
2
(47, 33)
-> Request 1
622
(2, 2, 2)
2
(19, 6)
-> Request 2
700
(2, 2, 1)
1
(1, 78)
-> Request 3
934
(4, 1, 1)
2
(7, 20)
-> Request 4
1067
(3, 1, 2)
3
(40, 7)
-> Request 5
1086
(2, 1, 1)
2
(45, 52)
-> Request 6
1191
(2, 1, 1)
2
(29, 10)
--> Day : 4
-> Request 0
285
(4, 3, 2)
1
(22, 40)
-> Request 1
554
(1, 3, 1)
1
(51, 54)
-> Request 2
684
(4, 1, 2)
1
(57, 57)
-> Request 3
838
(1, 3, 2)
3
(22, 47)
-> Request 4
928
(4, 2, 2)
3
(6, 60)
-> Request 5
1247
(4, 2, 1)
1
(49, 36)
-> Request 6
1406
(3, 1, 2)
1
(70, 76)
---> Week : 7
--> Day : 0
-> Request 0
311
(3, 2, 2)
2
(33, 19)
-> Request 1
867
(1, 3, 1)
1
(75, 53)
--> Day : 1
-> Request 0
292
(4, 1, 1)
2
(46, 39)
-> Request 1
388
(3, 2, 1)
1
(50, 61)
-> Request 2
544
(1, 3, 2)
1
(49, 37)
-> Request 3
851
(4, 1, 1)
3
(29, 16)
-> Request 4
1176
(4, 3, 2)
1
(30, 3)
--> Day : 2
-> Request 0
681
(1, 1, 1)
3
(69, 53)
-> Request 1
1125
(4, 3, 1)
3
(13, 46)
-> Request 2
1324
(3, 2, 2)
2
(75, 17)
-> Request 3
1372
(2, 1, 1)
2
(12, 63)
-> Request 4
1376
(2, 2, 2)
3
(68, 65)
--> Day : 3
-> Request 0
19
(2, 1, 2)
3
(58, 52)
-> Request 1
65
(1, 1, 1)
3
(53, 10)
-> Request 2
116
(4, 3, 1)
2
(14, 30)
-> Request 3
170
(3, 1, 2)
2
(52, 45)
-> Request 4
209
(3, 3, 1)
3
(77, 23)
-> Request 5
989
(1, 1, 2)
2
(4, 32)
-> Request 6
1025
(3, 2, 1)
1
(79, 51)
-> Request 7
1036
(4, 2, 1)
2
(17, 15)
-> Request 8
1137
(1, 1, 2)
3
(52, 12)
-> Request 9
1392
(4, 1, 2)
1
(22, 64)
--> Day : 4
-> Request 0
116
(1, 1, 1)
3
(53, 67)
-> Request 1
184
(1, 2, 1)
3
(32, 5)
-> Request 2
737
(3, 1, 2)
1
(25, 14)
-> Request 3
919
(3, 3, 1)
2
(1, 11)
-> Request 4
920
(1, 1, 1)
2
(31, 43)
-> Request 5
1213
(1, 1, 1)
3
(47, 62)
---> Week : 8
--> Day : 0
-> Request 0
867
(4, 3, 1)
3
(73, 40)
--> Day : 1
-> Request 0
62
(4, 2, 1)
3
(18, 62)
-> Request 1
303
(2, 3, 2)
3
(29, 75)
-> Request 2
937
(1, 1, 1)
2
(71, 46)
-> Request 3
1172
(3, 3, 2)
1
(47, 53)
-> Request 4
1244
(2, 1, 2)
3
(71, 22)
-> Request 5
1325
(2, 3, 2)
1
(75, 65)
-> Request 6
1331
(4, 1, 1)
1
(7, 40)
--> Day : 2
-> Request 0
17
(2, 2, 1)
1
(71, 12)
-> Request 1
195
(1, 1, 1)
2
(74, 44)
-> Request 2
232
(1, 1, 1)
2
(50, 3)
-> Request 3
247
(1, 2, 1)
1
(47, 8)
-> Request 4
254
(3, 3, 2)
1
(34, 28)
-> Request 5
302
(3, 2, 1)
3
(18, 25)
-> Request 6
314
(1, 1, 2)
3
(8, 50)
-> Request 7
379
(3, 2, 1)
2
(50, 7)
-> Request 8
579
(4, 3, 2)
3
(21, 61)
-> Request 9
735
(4, 2, 1)
3
(14, 48)
-> Request 10
897
(1, 3, 1)
1
(41, 3)
-> Request 11
962
(2, 1, 1)
3
(1, 63)
-> Request 12
1006
(2, 1, 2)
1
(24, 25)
-> Request 13
1046
(1, 1, 2)
2
(34, 31)
-> Request 14
1139
(2, 1, 2)
3
(51, 13)
-> Request 15
1140
(2, 1, 1)
3
(17, 29)
-> Request 16
1142
(4, 1, 2)
3
(65, 6)
--> Day : 3
-> Request 0
328
(3, 1, 1)
2
(47, 65)
-> Request 1
530
(1, 3, 1)
1
(40, 4)
-> Request 2
568
(4, 3, 1)
1
(14, 18)
-> Request 3
997
(3, 3, 2)
3
(65, 31)
-> Request 4
1297
(1, 1, 2)
1
(29, 77)
-> Request 5
1349
(4, 1, 1)
2
(20, 74)
--> Day : 4
-> Request 0
382
(2, 2, 1)
2
(1, 54)
-> Request 1
1301
(1, 3, 1)
2
(49, 20)
---> Week : 9
--> Day : 0
-> Request 0
110
(2, 3, 2)
2
(18, 40)
-> Request 1
679
(4, 2, 1)
1
(54, 79)
-> Request 2
722
(1, 1, 1)
1
(43, 55)
-> Request 3
901
(1, 1, 1)
3
(12, 23)
-> Request 4
1093
(1, 3, 1)
2
(65, 79)
-> Request 5
1265
(3, 3, 2)
1
(48, 77)
-> Request 6
1399
(2, 2, 2)
3
(57, 68)
--> Day : 1
-> Request 0
418
(2, 1, 2)
1
(72, 47)
-> Request 1
663
(4, 3, 2)
2
(3, 24)
-> Request 2
751
(4, 2, 2)
2
(27, 9)
-> Request 3
842
(2, 1, 2)
2
(29, 32)
-> Request 4
956
(4, 2, 1)
2
(65, 32)
-> Request 5
1208
(4, 1, 1)
2
(66, 31)
--> Day : 2
-> Request 0
241
(3, 2, 2)
1
(73, 65)
-> Request 1
415
(1, 3, 1)
1
(59, 60)
-> Request 2
986
(2, 1, 1)
3
(10, 15)
-> Request 3
1244
(4, 3, 1)
2
(0, 73)
-> Request 4
1333
(2, 3, 1)
1
(52, 44)
-> Request 5
1388
(4, 2, 1)
1
(60, 53)
--> Day : 3
-> Request 0
194
(2, 3, 2)
3
(69, 44)
-> Request 1
1082
(4, 1, 1)
3
(33, 72)
--> Day : 4
-> Request 0
730
(4, 1, 2)
3
(15, 33)
-> Request 1
738
(3, 1, 2)
2
(46, 33)
---> Week : 10
--> Day : 0
-> Request 0
65
(1, 3, 2)
1
(19, 69)
-> Request 1
81
(3, 2, 2)
1
(38, 68)
-> Request 2
102
(2, 3, 2)
3
(24, 50)
-> Request 3
623
(1, 1, 2)
2
(7, 4)
-> Request 4
830
(2, 2, 2)
3
(37, 36)
-> Request 5
1225
(1, 2, 2)
1
(47, 67)
-> Request 6
1242
(4, 2, 2)
3
(74, 18)
--> Day : 1
-> Request 0
101
(4, 1, 2)
2
(77, 73)
-> Request 1
702
(4, 1, 2)
2
(39, 33)
-> Request 2
898
(1, 3, 1)
2
(54, 77)
--> Day : 2
-> Request 0
871
(4, 1, 1)
1
(19, 50)
-> Request 1
925
(1, 1, 2)
3
(49, 55)
-> Request 2
1049
(3, 1, 1)
1
(64, 52)
-> Request 3
1376
(3, 1, 1)
3
(30, 38)
--> Day : 3
-> Request 0
142
(2, 3, 1)
2
(60, 73)
-> Request 1
784
(3, 2, 1)
2
(34, 6)
-> Request 2
1332
(4, 3, 1)
2
(72, 37)
--> Day : 4
-> Request 0
159
(4, 2, 2)
1
(56, 21)
-> Request 1
291
(3, 3, 2)
3
(68, 22)
-> Request 2
433
(3, 3, 2)
2
(29, 51)
-> Request 3
718
(2, 3, 2)
1
(39, 20)
-> Request 4
1180
(1, 2, 2)
2
(54, 65)
---> Week : 11
--> Day : 0
-> Request 0
562
(3, 1, 2)
3
(66, 60)
-> Request 1
697
(4, 2, 1)
2
(60, 48)
-> Request 2
810
(2, 3, 2)
1
(1, 44)
-> Request 3
943
(4, 1, 2)
1
(6, 5)
-> Request 4
1024
(4, 2, 2)
2
(32, 48)
-> Request 5
1264
(4, 1, 2)
1
(37, 0)
-> Request 6
1341
(4, 1, 1)
1
(77, 12)
--> Day : 1
-> Request 0
156
(3, 1, 1)
2
(36, 54)
-> Request 1
236
(3, 3, 1)
2
(37, 2)
-> Request 2
336
(4, 3, 2)
3
(46, 73)
-> Request 3
447
(2, 2, 2)
2
(60, 8)
-> Request 4
692
(1, 1, 2)
3
(28, 72)
-> Request 5
697
(4, 1, 1)
3
(30, 23)
-> Request 6
871
(4, 3, 2)
3
(67, 43)
--> Day : 2
-> Request 0
45
(1, 2, 2)
1
(67, 53)
-> Request 1
324
(3, 1, 1)
3
(14, 67)
-> Request 2
1059
(4, 3, 1)
2
(46, 5)
-> Request 3
1204
(3, 3, 2)
1
(72, 73)
-> Request 4
1393
(4, 2, 1)
1
(76, 17)
--> Day : 3
-> Request 0
681
(4, 2, 1)
1
(68, 44)
-> Request 1
719
(2, 2, 1)
3
(29, 58)
-> Request 2
819
(3, 2, 1)
1
(55, 70)
-> Request 3
876
(2, 3, 1)
2
(47, 75)
-> Request 4
1204
(4, 1, 2)
1
(58, 57)
--> Day : 4
-> Request 0
270
(2, 2, 1)
1
(38, 69)
-> Request 1
1009
(1, 2, 2)
3
(30, 15)
-> Request 2
1137
(3, 2, 2)
2
(52, 30)
-> Request 3
1147
(2, 2, 1)
3
(67, 16)
-> Request 4
1263
(2, 2, 2)
3
(75, 33)
-> Request 5
1353
(3, 1, 1)
2
(73, 65)
---> Week : 12
--> Day : 0
-> Request 0
15
(3, 1, 2)
3
(55, 50)
-> Request 1
50
(2, 3, 2)
3
(54, 42)
-> Request 2
530
(2, 1, 1)
3
(58, 38)
-> Request 3
979
(2, 1, 2)
2
(10, 47)
-> Request 4
1135
(1, 1, 2)
1
(27, 0)
-> Request 5
1168
(3, 3, 2)
1
(16, 16)
--> Day : 1
-> Request 0
259
(2, 3, 1)
2
(65, 23)
-> Request 1
449
(3, 2, 2)
2
(26, 76)
-> Request 2
512
(2, 3, 1)
2
(26, 55)
-> Request 3
590
(2, 3, 1)
3
(79, 3)
-> Request 4
748
(4, 3, 2)
1
(33, 41)
-> Request 5
791
(4, 3, 1)
3
(33, 33)
-> Request 6
802
(2, 3, 2)
3
(16, 47)
-> Request 7
962
(2, 1, 2)
1
(52, 35)
-> Request 8
1253
(3, 1, 1)
1
(21, 35)
-> Request 9
1293
(2, 3, 1)
3
(53, 6)
-> Request 10
1362
(1, 2, 2)
3
(58, 48)
--> Day : 2
-> Request 0
162
(4, 2, 1)
3
(14, 36)
-> Request 1
635
(1, 3, 1)
3
(33, 2)
-> Request 2
1406
(2, 1, 1)
3
(36, 69)
--> Day : 3
-> Request 0
143
(4, 2, 2)
1
(3, 18)
-> Request 1
340
(1, 3, 1)
2
(27, 28)
-> Request 2
389
(3, 2, 1)
1
(34, 42)
-> Request 3
406
(2, 2, 1)
3
(22, 7)
-> Request 4
768
(3, 1, 1)
3
(36, 11)
-> Request 5
953
(3, 2, 2)
2
(78, 1)
-> Request 6
1182
(3, 3, 2)
1
(55, 38)
-> Request 7
1227
(4, 3, 2)
3
(52, 16)
--> Day : 4
-> Request 0
918
(2, 1, 1)
2
(47, 38)
-> Request 1
973
(2, 3, 2)
2
(48, 68)
-> Request 2
999
(3, 1, 2)
2
(77, 56)
-> Request 3
1108
(4, 1, 1)
2
(79, 4)
---> Week : 13
--> Day : 0
-> Request 0
65
(2, 1, 1)
3
(10, 67)
-> Request 1
176
(1, 3, 2)
1
(75, 47)
-> Request 2
685
(1, 3, 2)
1
(15, 4)
-> Request 3
722
(3, 3, 2)
3
(56, 66)
-> Request 4
1203
(2, 2, 1)
1
(15, 4)
--> Day : 1
-> Request 0
216
(2, 1, 1)
3
(60, 6)
-> Request 1
429
(1, 1, 1)
1
(8, 17)
-> Request 2
1043
(2, 3, 2)
2
(14, 54)
-> Request 3
1417
(2, 1, 1)
3
(39, 69)
--> Day : 2
-> Request 0
4
(4, 3, 1)
1
(27, 43)
-> Request 1
10
(4, 2, 2)
1
(51, 47)
-> Request 2
1225
(1, 1, 1)
3
(24, 6)
--> Day : 3
-> Request 0
255
(2, 2, 1)
2
(49, 60)
-> Request 1
450
(2, 1, 1)
3
(50, 18)
-> Request 2
544
(3, 2, 2)
1
(72, 32)
-> Request 3
577
(1, 2, 1)
1
(48, 11)
-> Request 4
601
(1, 1, 1)
2
(72, 76)
-> Request 5
822
(1, 1, 1)
1
(65, 43)
-> Request 6
872
(4, 2, 1)
1
(75, 7)
-> Request 7
897
(3, 3, 1)
3
(64, 50)
-> Request 8
926
(2, 3, 1)
2
(62, 35)
-> Request 9
1067
(1, 3, 2)
1
(53, 71)
-> Request 10
1094
(3, 2, 2)
3
(16, 57)
--> Day : 4
-> Request 0
307
(1, 1, 1)
1
(72, 7)
-> Request 1
463
(1, 1, 1)
1
(34, 1)
-> Request 2
596
(4, 3, 1)
2
(54, 60)
-> Request 3
608
(4, 3, 1)
2
(61, 66)
-> Request 4
949
(1, 1, 1)
2
(34, 33)
-> Request 5
1266
(4, 1, 1)
2
(56, 50)
-> Request 6
1318
(2, 1, 1)
2
(33, 44)
-> Request 7
1378
(3, 2, 1)
1
(0, 34)
---> Week : 14
--> Day : 0
-> Request 0
474
(3, 1, 1)
2
(49, 51)
-> Request 1
571
(3, 2, 2)
3
(0, 78)
-> Request 2
828
(4, 2, 1)
3
(42, 49)
-> Request 3
1065
(2, 1, 1)
2
(70, 43)
-> Request 4
1147
(3, 2, 1)
1
(31, 15)
-> Request 5
1171
(1, 2, 2)
2
(58, 39)
-> Request 6
1347
(2, 1, 1)
3
(69, 74)
--> Day : 1
-> Request 0
167
(3, 2, 1)
3
(78, 14)
-> Request 1
750
(3, 2, 1)
3
(9, 29)
-> Request 2
1135
(1, 1, 1)
3
(49, 6)
--> Day : 2
-> Request 0
619
(1, 2, 1)
2
(34, 58)
-> Request 1
711
(1, 2, 1)
2
(36, 79)
-> Request 2
1023
(2, 1, 2)
1
(17, 71)
-> Request 3
1352
(1, 2, 1)
2
(78, 6)
-> Request 4
1405
(4, 3, 1)
2
(73, 49)
--> Day : 3
-> Request 0
0
(2, 3, 2)
1
(33, 30)
-> Request 1
512
(3, 1, 1)
1
(56, 63)
-> Request 2
639
(4, 2, 1)
1
(7, 45)
-> Request 3
737
(2, 2, 1)
1
(25, 20)
-> Request 4
757
(4, 2, 2)
3
(62, 34)
-> Request 5
1166
(2, 3, 2)
2
(48, 79)
-> Request 6
1239
(3, 1, 2)
2
(70, 12)
-> Request 7
1435
(1, 3, 1)
3
(32, 45)
--> Day : 4
-> Request 0
255
(2, 3, 1)
2
(47, 34)
-> Request 1
851
(1, 2, 2)
1
(77, 49)
---> Week : 15
--> Day : 0
-> Request 0
13
(4, 3, 2)
1
(14, 53)
-> Request 1
156
(3, 2, 1)
2
(42, 71)
-> Request 2
470
(4, 1, 1)
1
(31, 29)
-> Request 3
935
(2, 1, 1)
3
(60, 33)
-> Request 4
1002
(1, 2, 2)
3
(45, 40)
--> Day : 1
-> Request 0
222
(4, 2, 2)
3
(79, 0)
-> Request 1
357
(1, 3, 1)
3
(43, 30)
-> Request 2
472
(1, 2, 1)
2
(20, 55)
-> Request 3
874
(4, 2, 2)
1
(36, 4)
-> Request 4
933
(3, 2, 2)
3
(13, 42)
-> Request 5
1016
(1, 2, 2)
1
(12, 36)
-> Request 6
1050
(2, 1, 1)
3
(34, 3)
-> Request 7
1107
(2, 3, 2)
2
(63, 59)
-> Request 8
1421
(2, 2, 1)
3
(32, 78)
--> Day : 2
-> Request 0
1126
(2, 3, 1)
2
(59, 23)
--> Day : 3
-> Request 0
396
(1, 2, 2)
1
(56, 79)
-> Request 1
462
(3, 1, 1)
2
(70, 25)
-> Request 2
504
(2, 2, 1)
3
(79, 75)
-> Request 3
525
(1, 2, 2)
1
(54, 53)
-> Request 4
590
(3, 3, 1)
2
(10, 73)
-> Request 5
675
(4, 1, 2)
1
(48, 21)
-> Request 6
915
(2, 2, 1)
2
(66, 5)
--> Day : 4
-> Request 0
135
(4, 2, 2)
1
(60, 79)
-> Request 1
389
(1, 2, 1)
1
(13, 51)
-> Request 2
819
(1, 3, 1)
3
(33, 26)
-> Request 3
968
(2, 1, 2)
3
(61, 13)
-> Request 4
1159
(4, 3, 2)
1
(42, 12)
-> Request 5
1327
(3, 1, 1)
1
(43, 56)
---> Week : 16
--> Day : 0
-> Request 0
432
(2, 3, 1)
3
(22, 40)
-> Request 1
657
(1, 3, 1)
2
(25, 22)
--> Day : 1
-> Request 0
320
(4, 1, 1)
3
(72, 38)
-> Request 1
363
(3, 1, 2)
1
(36, 21)
-> Request 2
619
(2, 1, 2)
1
(47, 6)
-> Request 3
768
(4, 1, 2)
3
(25, 69)
-> Request 4
798
(1, 3, 2)
1
(68, 61)
-> Request 5
1147
(2, 3, 2)
3
(4, 31)
--> Day : 2
-> Request 0
119
(1, 1, 1)
3
(67, 27)
-> Request 1
258
(1, 3, 1)
1
(37, 38)
-> Request 2
310
(1, 2, 2)
1
(10, 69)
-> Request 3
582
(1, 1, 1)
1
(59, 40)
-> Request 4
692
(3, 1, 1)
1
(67, 58)
-> Request 5
788
(4, 2, 2)
3
(5, 43)
-> Request 6
989
(4, 2, 1)
1
(79, 76)
-> Request 7
1017
(2, 2, 1)
2
(73, 75)
-> Request 8
1225
(4, 1, 1)
2
(32, 26)
-> Request 9
1367
(1, 3, 1)
1
(56, 25)
--> Day : 3
-> Request 0
39
(3, 2, 2)
2
(20, 13)
-> Request 1
344
(2, 3, 1)
3
(53, 43)
-> Request 2
435
(4, 1, 1)
1
(63, 36)
-> Request 3
462
(1, 1, 2)
3
(29, 20)
-> Request 4
483
(2, 1, 2)
3
(16, 58)
-> Request 5
605
(1, 2, 1)
3
(2, 63)
-> Request 6
616
(1, 3, 2)
3
(28, 64)
-> Request 7
676
(3, 1, 2)
3
(63, 15)
-> Request 8
1176
(4, 3, 1)
3
(5, 29)
-> Request 9
1285
(2, 1, 2)
2
(45, 28)
--> Day : 4
-> Request 0
254
(4, 3, 1)
3
(54, 48)
-> Request 1
552
(4, 1, 2)
1
(25, 64)
-> Request 2
1111
(1, 3, 2)
2
(26, 44)
-> Request 3
1150
(1, 3, 1)
1
(36, 30)
---> Week : 17
--> Day : 0
-> Request 0
101
(2, 3, 1)
2
(29, 24)
-> Request 1
151
(4, 1, 2)
2
(49, 36)
-> Request 2
248
(3, 2, 2)
3
(13, 53)
-> Request 3
331
(1, 3, 1)
3
(69, 68)
-> Request 4
358
(1, 3, 2)
1
(71, 23)
-> Request 5
621
(4, 3, 1)
2
(59, 30)
-> Request 6
673
(4, 1, 2)
2
(45, 30)
-> Request 7
719
(1, 2, 2)
3
(26, 69)
-> Request 8
789
(4, 1, 2)
2
(19, 55)
-> Request 9
1217
(1, 2, 1)
3
(9, 48)
--> Day : 1
-> Request 0
320
(3, 3, 1)
1
(62, 63)
-> Request 1
330
(2, 2, 1)
3
(77, 49)
-> Request 2
804
(4, 2, 1)
1
(67, 12)
-> Request 3
1009
(2, 1, 2)
1
(75, 61)
--> Day : 2
-> Request 0
396
(2, 2, 2)
1
(44, 16)
-> Request 1
673
(3, 3, 2)
3
(16, 65)
-> Request 2
992
(1, 3, 2)
3
(16, 70)
-> Request 3
999
(3, 2, 1)
1
(63, 71)
-> Request 4
1053
(3, 1, 2)
3
(71, 63)
-> Request 5
1101
(1, 2, 1)
2
(6, 36)
-> Request 6
1210
(1, 1, 1)
2
(28, 45)
-> Request 7
1383
(4, 1, 1)
3
(30, 44)
--> Day : 3
-> Request 0
1259
(1, 3, 2)
3
(40, 13)
--> Day : 4
-> Request 0
205
(1, 2, 1)
3
(73, 74)
-> Request 1
217
(1, 2, 1)
2
(62, 54)
-> Request 2
292
(4, 2, 2)
3
(40, 65)
-> Request 3
748
(4, 1, 1)
2
(31, 60)
-> Request 4
1241
(3, 3, 2)
1
(30, 56)
-> Request 5
1339
(4, 1, 2)
1
(61, 29)
---> Week : 18
--> Day : 0
-> Request 0
317
(1, 2, 1)
1
(21, 36)
-> Request 1
410
(2, 2, 2)
1
(15, 13)
-> Request 2
596
(2, 3, 1)
3
(6, 74)
-> Request 3
1228
(2, 1, 2)
3
(13, 32)
--> Day : 1
-> Request 0
226
(2, 2, 2)
3
(76, 57)
-> Request 1
296
(1, 1, 1)
1
(40, 15)
-> Request 2
660
(1, 1, 1)
2
(37, 18)
-> Request 3
963
(3, 3, 1)
2
(57, 9)
-> Request 4
1265
(1, 2, 2)
1
(12, 61)
--> Day : 2
-> Request 0
495
(4, 2, 1)
3
(45, 79)
-> Request 1
631
(4, 2, 1)
3
(38, 7)
-> Request 2
664
(3, 3, 1)
1
(73, 44)
-> Request 3
1085
(3, 1, 2)
3
(17, 50)
-> Request 4
1254
(4, 1, 1)
3
(29, 34)
--> Day : 3
-> Request 0
71
(4, 1, 1)
2
(68, 21)
-> Request 1
109
(1, 3, 1)
2
(69, 35)
-> Request 2
469
(3, 1, 1)
2
(21, 15)
-> Request 3
616
(3, 1, 2)
1
(71, 53)
-> Request 4
624
(2, 3, 2)
2
(36, 57)
-> Request 5
644
(1, 1, 2)
1
(31, 64)
-> Request 6
821
(2, 3, 1)
1
(70, 31)
-> Request 7
977
(2, 2, 2)
1
(22, 74)
-> Request 8
1040
(3, 1, 2)
1
(18, 72)
-> Request 9
1099
(2, 3, 1)
1
(50, 22)
-> Request 10
1434
(1, 2, 1)
3
(21, 67)
--> Day : 4
-> Request 0
222
(3, 2, 2)
1
(69, 28)
-> Request 1
357
(2, 1, 1)
2
(8, 16)
-> Request 2
473
(2, 3, 1)
3
(12, 9)
-> Request 3
783
(1, 1, 1)
2
(9, 27)
-> Request 4
1278
(4, 3, 2)
1
(23, 75)
-> Request 5
1375
(2, 3, 1)
3
(31, 6)
---> Week : 19
--> Day : 0
-> Request 0
55
(1, 2, 1)
1
(74, 75)
-> Request 1
104
(1, 2, 1)
1
(50, 23)
-> Request 2
301
(3, 2, 2)
3
(22, 1)
-> Request 3
1050
(3, 3, 1)
1
(74, 47)
--> Day : 1
-> Request 0
50
(4, 1, 1)
1
(59, 21)
-> Request 1
716
(1, 2, 1)
3
(5, 11)
-> Request 2
970
(1, 3, 1)
3
(49, 8)
-> Request 3
1236
(1, 1, 2)
2
(57, 1)
-> Request 4
1290
(4, 3, 1)
1
(21, 76)
-> Request 5
1326
(4, 3, 1)
3
(24, 25)
--> Day : 2
-> Request 0
51
(1, 2, 1)
1
(36, 27)
-> Request 1
102
(3, 2, 2)
2
(66, 69)
-> Request 2
134
(3, 3, 2)
1
(21, 6)
-> Request 3
170
(3, 1, 2)
1
(57, 74)
-> Request 4
316
(3, 3, 1)
2
(19, 1)
-> Request 5
818
(1, 2, 1)
1
(78, 8)
-> Request 6
907
(3, 3, 2)
3
(46, 19)
-> Request 7
1402
(4, 3, 2)
1
(23, 17)
--> Day : 3
-> Request 0
618
(2, 2, 2)
1
(10, 43)
-> Request 1
925
(4, 3, 1)
3
(38, 39)
-> Request 2
980
(4, 3, 2)
2
(72, 79)
-> Request 3
993
(2, 2, 2)
2
(0, 3)
-> Request 4
1374
(2, 3, 1)
2
(55, 3)
-> Request 5
1396
(1, 2, 2)
1
(13, 7)
--> Day : 4
-> Request 0
143
(2, 2, 1)
2
(6, 63)
-> Request 1
619
(2, 1, 2)
1
(74, 78)
-> Request 2
1069
(4, 2, 1)
3
(44, 7)
-> Request 3
1417
(2, 2, 2)
3
(61, 78)
