---> Week : 0
--> Day : 0
-> Request 0
685
(3, 3, 1)
1
(18, 9)
-> Request 1
940
(3, 2, 2)
3
(66, 59)
-> Request 2
959
(1, 3, 1)
2
(14, 61)
-> Request 3
1356
(2, 3, 1)
3
(20, 9)
--> Day : 1
-> Request 0
183
(3, 1, 1)
3
(21, 59)
-> Request 1
223
(2, 1, 1)
2
(53, 4)
-> Request 2
234
(4, 3, 1)
3
(16, 29)
-> Request 3
421
(1, 3, 1)
1
(76, 57)
-> Request 4
543
(3, 1, 2)
3
(17, 20)
--> Day : 2
-> Request 0
273
(2, 3, 2)
2
(51, 45)
-> Request 1
834
(3, 2, 1)
1
(5, 18)
-> Request 2
904
(1, 1, 1)
3
(75, 24)
--> Day : 3
-> Request 0
129
(3, 1, 2)
3
(44, 57)
-> Request 1
540
(3, 1, 2)
2
(78, 17)
-> Request 2
661
(4, 3, 1)
2
(62, 2)
-> Request 3
852
(1, 2, 1)
3
(35, 53)
-> Request 4
1085
(3, 2, 1)
2
(37, 64)
-> Request 5
1421
(2, 2, 2)
2
(6, 69)
--> Day : 4
-> Request 0
502
(1, 1, 1)
3
(68, 53)
---> Week : 1
--> Day : 0
-> Request 0
326
(2, 3, 2)
2
(37, 21)
-> Request 1
368
(1, 2, 1)
1
(50, 50)
-> Request 2
991
(3, 2, 2)
2
(9, 17)
-> Request 3
1004
(1, 3, 1)
3
(74, 68)
--> Day : 1
-> Request 0
358
(1, 1, 2)
3
(50, 14)
-> Request 1
529
(1, 1, 2)
3
(72, 73)
-> Request 2
598
(2, 2, 2)
2
(72, 71)
-> Request 3
608
(3, 1, 1)
1
(46, 75)
-> Request 4
879
(2, 3, 1)
2
(5, 52)
--> Day : 2
-> Request 0
314
(4, 3, 2)
2
(22, 76)
-> Request 1
669
(1, 1, 1)
1
(42, 75)
-> Request 2
834
(3, 1, 2)
3
(77, 28)
-> Request 3
870
(3, 1, 1)
3
(29, 48)
--> Day : 3
-> Request 0
60
(1, 1, 2)
3
(66, 28)
-> Request 1
81
(1, 3, 1)
2
(14, 17)
-> Request 2
178
(4, 2, 1)
2
(16, 59)
-> Request 3
896
(4, 3, 2)
3
(16, 0)
-> Request 4
1393
(2, 3, 1)
1
(44, 1)
--> Day : 4
-> Request 0
276
(3, 1, 2)
1
(58, 13)
-> Request 1
300
(2, 2, 1)
1
(75, 46)
-> Request 2
467
(3, 2, 1)
3
(72, 22)
-> Request 3
666
(4, 3, 1)
3
(19, 63)
-> Request 4
775
(2, 3, 2)
3
(27, 70)
-> Request 5
1029
(3, 2, 2)
1
(13, 20)
-> Request 6
1035
(2, 1, 2)
2
(0, 61)
-> Request 7
1036
(1, 1, 1)
2
(63, 70)
-> Request 8
1361
(2, 3, 1)
3
(49, 21)
---> Week : 2
--> Day : 0
-> Request 0
45
(1, 3, 1)
3
(65, 29)
-> Request 1
150
(4, 3, 2)
3
(0, 21)
-> Request 2
267
(1, 3, 2)
1
(63, 67)
-> Request 3
311
(2, 1, 2)
2
(36, 32)
-> Request 4
591
(1, 1, 2)
1
(62, 65)
-> Request 5
839
(4, 3, 2)
1
(28, 21)
-> Request 6
861
(1, 3, 1)
2
(36, 58)
-> Request 7
1121
(3, 1, 2)
3
(3, 62)
-> Request 8
1204
(2, 3, 2)
1
(27, 39)
-> Request 9
1359
(2, 2, 1)
1
(66, 53)
--> Day : 1
-> Request 0
313
(2, 2, 2)
3
(21, 11)
-> Request 1
660
(2, 3, 1)
2
(35, 60)
-> Request 2
751
(2, 2, 1)
1
(72, 45)
-> Request 3
775
(3, 2, 2)
1
(34, 50)
-> Request 4
900
(1, 2, 1)
1
(12, 21)
-> Request 5
982
(3, 1, 1)
1
(68, 63)
-> Request 6
1102
(1, 3, 1)
2
(76, 5)
-> Request 7
1363
(3, 3, 1)
3
(6, 21)
--> Day : 2
-> Request 0
105
(1, 1, 2)
1
(3, 75)
-> Request 1
333
(3, 2, 2)
2
(13, 72)
-> Request 2
696
(2, 2, 1)
3
(21, 24)
-> Request 3
796
(2, 1, 2)
1
(79, 54)
-> Request 4
1181
(2, 2, 2)
1
(1, 18)
--> Day : 3
-> Request 0
43
(3, 3, 1)
1
(29, 34)
-> Request 1
403
(2, 3, 2)
1
(53, 7)
-> Request 2
715
(4, 3, 2)
2
(61, 19)
-> Request 3
784
(2, 2, 1)
3
(58, 48)
-> Request 4
833
(3, 2, 1)
2
(46, 18)
-> Request 5
1013
(4, 3, 1)
3
(46, 0)
-> Request 6
1042
(3, 1, 1)
1
(4, 46)
-> Request 7
1130
(3, 2, 1)
2
(18, 57)
-> Request 8
1219
(2, 2, 2)
2
(27, 7)
-> Request 9
1302
(3, 3, 1)
1
(23, 40)
-> Request 10
1394
(2, 1, 1)
1
(1, 58)
--> Day : 4
-> Request 0
516
(2, 2, 1)
3
(20, 65)
-> Request 1
587
(1, 2, 2)
2
(27, 60)
-> Request 2
1011
(2, 1, 2)
1
(74, 79)
-> Request 3
1036
(3, 3, 1)
2
(35, 4)
-> Request 4
1421
(2, 3, 1)
2
(30, 51)
---> Week : 3
--> Day : 0
-> Request 0
486
(3, 2, 2)
2
(12, 66)
-> Request 1
784
(3, 1, 2)
3
(11, 35)
-> Request 2
958
(2, 2, 1)
2
(30, 34)
-> Request 3
1110
(2, 1, 2)
2
(37, 13)
-> Request 4
1121
(4, 2, 1)
3
(31, 37)
-> Request 5
1127
(2, 2, 1)
3
(31, 67)
-> Request 6
1351
(2, 2, 1)
1
(26, 51)
-> Request 7
1353
(4, 3, 2)
3
(37, 42)
-> Request 8
1436
(3, 3, 2)
1
(5, 57)
--> Day : 1
-> Request 0
184
(3, 3, 1)
2
(24, 44)
-> Request 1
376
(2, 3, 1)
1
(46, 34)
-> Request 2
660
(1, 3, 1)
3
(79, 52)
-> Request 3
1060
(1, 1, 2)
2
(45, 74)
-> Request 4
1318
(4, 1, 1)
2
(27, 62)
--> Day : 2
-> Request 0
183
(2, 3, 1)
1
(75, 44)
-> Request 1
186
(3, 2, 2)
1
(45, 9)
-> Request 2
506
(4, 1, 2)
2
(23, 11)
-> Request 3
630
(4, 3, 2)
3
(20, 15)
-> Request 4
671
(2, 1, 2)
1
(78, 33)
-> Request 5
769
(3, 2, 2)
2
(47, 12)
-> Request 6
1088
(1, 2, 2)
1
(62, 47)
-> Request 7
1121
(3, 1, 2)
3
(17, 61)
-> Request 8
1218
(3, 2, 2)
2
(4, 62)
-> Request 9
1396
(3, 3, 2)
2
(36, 12)
--> Day : 3
-> Request 0
171
(3, 1, 2)
1
(27, 74)
-> Request 1
327
(4, 2, 1)
3
(30, 74)
-> Request 2
484
(1, 3, 1)
3
(58, 47)
-> Request 3
739
(3, 3, 2)
1
(12, 15)
-> Request 4
910
(2, 1, 1)
1
(44, 11)
-> Request 5
1105
(1, 3, 1)
1
(4, 57)
-> Request 6
1414
(1, 1, 1)
3
(46, 29)
--> Day : 4
-> Request 0
241
(3, 3, 2)
3
(43, 55)
-> Request 1
517
(4, 1, 2)
1
(0, 70)
-> Request 2
656
(1, 1, 2)
2
(40, 57)
-> Request 3
1331
(1, 3, 2)
3
(49, 41)
-> Request 4
1417
(2, 2, 2)
3
(39, 31)
---> Week : 4
--> Day : 0
-> Request 0
75
(3, 3, 2)
1
(9, 35)
-> Request 1
1290
(1, 1, 2)
1
(55, 40)
--> Day : 1
-> Request 0
74
(3, 2, 1)
1
(64, 65)
-> Request 1
1005
(3, 2, 1)
2
(3, 39)
-> Request 2
1099
(1, 1, 2)
1
(39, 3)
-> Request 3
1194
(2, 1, 1)
3
(1, 21)
-> Request 4
1246
(2, 2, 1)
3
(41, 43)
-> Request 5
1260
(3, 2, 2)
2
(59, 2)
-> Request 6
1412
(1, 3, 1)
3
(67, 55)
--> Day : 2
-> Request 0
33
(2, 1, 2)
3
(29, 3)
-> Request 1
50
(2, 2, 1)
1
(26, 22)
-> Request 2
572
(2, 1, 1)
1
(4, 68)
-> Request 3
732
(1, 1, 1)
3
(30, 14)
-> Request 4
1195
(3, 2, 2)
1
(5, 35)
-> Request 5
1371
(3, 3, 2)
2
(1, 62)
--> Day : 3
-> Request 0
169
(3, 3, 2)
3
(14, 40)
-> Request 1
179
(1, 3, 2)
2
(75, 36)
-> Request 2
208
(4, 1, 2)
1
(70, 41)
-> Request 3
231
(4, 2, 2)
1
(0, 37)
-> Request 4
302
(1, 3, 2)
2
(47, 41)
-> Request 5
460
(3, 1, 1)
1
(18, 19)
-> Request 6
534
(2, 2, 1)
2
(33, 24)
-> Request 7
607
(3, 1, 2)
2
(55, 50)
-> Request 8
629
(4, 1, 1)
1
(48, 78)
--> Day : 4
-> Request 0
359
(2, 2, 2)
1
(56, 8)
-> Request 1
464
(4, 1, 2)
3
(67, 54)
-> Request 2
840
(1, 3, 2)
1
(29, 79)
-> Request 3
986
(2, 3, 2)
2
(55, 64)
-> Request 4
1418
(4, 3, 2)
1
(18, 59)
---> Week : 5
--> Day : 0
-> Request 0
126
(4, 2, 1)
1
(11, 14)
-> Request 1
150
(2, 2, 1)
3
(72, 34)
-> Request 2
439
(2, 1, 1)
2
(52, 71)
-> Request 3
454
(1, 1, 1)
3
(60, 43)
-> Request 4
587
(1, 3, 1)
2
(50, 63)
-> Request 5
782
(2, 2, 1)
3
(75, 45)
-> Request 6
948
(3, 1, 2)
3
(65, 51)
-> Request 7
1138
(4, 3, 1)
3
(42, 74)
--> Day : 1
-> Request 0
1034
(4, 1, 1)
3
(20, 48)
-> Request 1
1068
(4, 2, 2)
3
(60, 52)
-> Request 2
1122
(3, 1, 1)
3
(66, 66)
-> Request 3
1246
(1, 3, 2)
1
(75, 70)
--> Day : 2
-> Request 0
18
(4, 2, 2)
1
(45, 68)
-> Request 1
230
(4, 3, 2)
3
(78, 79)
-> Request 2
231
(2, 3, 1)
2
(63, 45)
-> Request 3
517
(1, 2, 1)
1
(74, 62)
-> Request 4
541
(3, 3, 2)
3
(71, 22)
-> Request 5
752
(3, 3, 1)
2
(60, 9)
-> Request 6
1007
(2, 1, 1)
1
(48, 15)
-> Request 7
1385
(3, 1, 2)
3
(56, 44)
--> Day : 3
-> Request 0
478
(2, 1, 2)
2
(45, 30)
-> Request 1
684
(2, 2, 2)
1
(47, 61)
-> Request 2
1283
(2, 2, 1)
1
(64, 48)
--> Day : 4
-> Request 0
160
(2, 1, 1)
1
(14, 43)
-> Request 1
361
(3, 2, 1)
3
(42, 5)
-> Request 2
361
(2, 3, 1)
1
(70, 46)
-> Request 3
369
(1, 2, 1)
1
(5, 79)
-> Request 4
432
(3, 2, 2)
3
(61, 30)
-> Request 5
1100
(1, 1, 1)
3
(28, 68)
-> Request 6
1283
(4, 1, 1)
3
(34, 0)
---> Week : 6
--> Day : 0
-> Request 0
189
(1, 2, 2)
3
(9, 73)
-> Request 1
279
(3, 3, 2)
2
(5, 19)
-> Request 2
1077
(2, 2, 2)
3
(60, 35)
-> Request 3
1275
(4, 2, 1)
1
(79, 67)
--> Day : 1
-> Request 0
56
(3, 3, 1)
1
(69, 74)
-> Request 1
108
(2, 2, 2)
2
(22, 25)
-> Request 2
454
(4, 2, 1)
2
(21, 52)
-> Request 3
489
(4, 1, 2)
1
(35, 9)
-> Request 4
765
(1, 1, 1)
2
(56, 36)
-> Request 5
1017
(4, 3, 2)
3
(77, 15)
-> Request 6
1436
(3, 2, 1)
3
(41, 68)
--> Day : 2
-> Request 0
580
(1, 2, 1)
2
(71, 30)
-> Request 1
802
(1, 3, 2)
3
(15, 63)
-> Request 2
1067
(4, 1, 2)
3
(45, 63)
-> Request 3
1105
(4, 3, 2)
3
(27, 11)
--> Day : 3
-> Request 0
576
(4, 1, 1)
3
(31, 7)
-> Request 1
734
(3, 2, 1)
1
(5, 36)
-> Request 2
964
(3, 2, 1)
3
(5, 49)
-> Request 3
1119
(1, 1, 2)
1
(6, 54)
-> Request 4
1151
(3, 2, 1)
3
(42, 70)
-> Request 5
1165
(4, 1, 2)
1
(41, 45)
-> Request 6
1253
(3, 1, 2)
3
(71, 40)
--> Day : 4
-> Request 0
217
(4, 1, 1)
3
(39, 37)
-> Request 1
318
(1, 1, 1)
3
(49, 41)
-> Request 2
431
(4, 1, 1)
3
(12, 79)
-> Request 3
560
(1, 1, 2)
1
(40, 36)
-> Request 4
645
(4, 3, 2)
3
(48, 60)
-> Request 5
725
(1, 3, 1)
3
(33, 33)
-> Request 6
804
(3, 3, 2)
2
(24, 67)
-> Request 7
950
(1, 3, 2)
3
(32, 1)
-> Request 8
1182
(3, 1, 2)
2
(65, 31)
-> Request 9
1188
(3, 2, 2)
1
(5, 70)
-> Request 10
1428
(2, 3, 1)
1
(13, 44)
---> Week : 7
--> Day : 0
-> Request 0
337
(3, 3, 1)
3
(21, 39)
-> Request 1
362
(3, 1, 1)
2
(47, 10)
-> Request 2
1017
(2, 2, 1)
2
(31, 35)
-> Request 3
1310
(4, 3, 1)
3
(68, 33)
--> Day : 1
-> Request 0
242
(4, 3, 2)
1
(61, 66)
-> Request 1
349
(4, 1, 1)
1
(29, 14)
-> Request 2
1418
(1, 3, 2)
1
(27, 9)
--> Day : 2
-> Request 0
298
(3, 3, 1)
1
(18, 18)
-> Request 1
549
(3, 1, 2)
3
(17, 40)
-> Request 2
932
(3, 2, 2)
3
(30, 23)
-> Request 3
1279
(1, 2, 2)
1
(68, 53)
-> Request 4
1329
(1, 3, 1)
3
(14, 45)
--> Day : 3
-> Request 0
18
(2, 2, 1)
1
(77, 4)
-> Request 1
134
(2, 3, 1)
1
(42, 43)
-> Request 2
430
(3, 3, 2)
3
(18, 2)
-> Request 3
466
(4, 3, 1)
3
(46, 27)
-> Request 4
951
(3, 3, 2)
3
(13, 25)
-> Request 5
1042
(3, 3, 1)
2
(24, 78)
-> Request 6
1105
(3, 2, 2)
2
(61, 14)
-> Request 7
1139
(3, 1, 2)
3
(53, 38)
--> Day : 4
-> Request 0
191
(2, 1, 2)
3
(12, 14)
-> Request 1
350
(1, 2, 2)
2
(19, 36)
-> Request 2
596
(4, 1, 2)
2
(47, 16)
-> Request 3
604
(2, 1, 1)
3
(39, 46)
-> Request 4
1116
(4, 3, 2)
2
(39, 30)
---> Week : 8
--> Day : 0
-> Request 0
873
(1, 1, 1)
3
(47, 72)
-> Request 1
932
(2, 3, 1)
1
(60, 76)
-> Request 2
997
(1, 2, 2)
3
(78, 61)
-> Request 3
1137
(3, 2, 1)
1
(16, 4)
-> Request 4
1282
(3, 2, 2)
1
(52, 34)
--> Day : 1
-> Request 0
944
(3, 2, 1)
2
(33, 43)
-> Request 1
988
(4, 2, 1)
1
(29, 71)
-> Request 2
1267
(3, 2, 1)
1
(32, 64)
-> Request 3
1387
(4, 1, 1)
3
(0, 44)
--> Day : 2
-> Request 0
30
(3, 1, 2)
2
(55, 63)
-> Request 1
105
(1, 2, 2)
3
(68, 35)
-> Request 2
363
(4, 1, 1)
2
(41, 32)
-> Request 3
423
(1, 2, 1)
3
(33, 73)
-> Request 4
447
(2, 1, 2)
1
(0, 77)
-> Request 5
567
(3, 2, 2)
2
(10, 11)
-> Request 6
799
(3, 2, 2)
3
(40, 71)
-> Request 7
825
(3, 2, 1)
3
(39, 77)
-> Request 8
935
(2, 3, 2)
3
(64, 21)
-> Request 9
1087
(1, 3, 2)
2
(55, 43)
-> Request 10
1244
(1, 2, 2)
2
(67, 44)
-> Request 11
1339
(1, 1, 2)
1
(55, 7)
-> Request 12
1407
(2, 1, 1)
1
(72, 78)
--> Day : 3
-> Request 0
379
(3, 2, 2)
2
(58, 32)
-> Request 1
393
(3, 2, 1)
2
(41, 48)
-> Request 2
569
(3, 2, 1)
2
(39, 55)
-> Request 3
606
(4, 2, 1)
3
(43, 47)
-> Request 4
650
(2, 3, 2)
1
(52, 76)
-> Request 5
901
(2, 2, 1)
3
(73, 52)
-> Request 6
969
(4, 1, 1)
3
(47, 7)
--> Day : 4
-> Request 0
174
(3, 2, 1)
3
(46, 11)
-> Request 1
442
(3, 1, 2)
3
(66, 72)
-> Request 2
543
(4, 2, 1)
3
(66, 37)
-> Request 3
1087
(4, 3, 1)
1
(45, 71)
-> Request 4
1254
(2, 2, 2)
1
(59, 15)
---> Week : 9
--> Day : 0
-> Request 0
48
(3, 3, 2)
1
(74, 14)
-> Request 1
296
(1, 1, 2)
1
(14, 50)
-> Request 2
761
(4, 3, 2)
1
(65, 34)
-> Request 3
863
(3, 3, 1)
3
(31, 41)
-> Request 4
1037
(2, 3, 1)
2
(51, 62)
-> Request 5
1079
(3, 2, 2)
3
(51, 27)
-> Request 6
1264
(3, 3, 2)
1
(19, 5)
--> Day : 1
-> Request 0
130
(4, 2, 1)
3
(69, 24)
-> Request 1
157
(4, 2, 1)
1
(42, 53)
-> Request 2
505
(3, 2, 2)
3
(60, 17)
-> Request 3
750
(3, 2, 2)
1
(34, 29)
-> Request 4
941
(4, 2, 1)
3
(74, 79)
-> Request 5
1041
(3, 1, 1)
1
(50, 63)
-> Request 6
1330
(3, 1, 2)
3
(11, 45)
-> Request 7
1415
(3, 3, 2)
2
(63, 29)
--> Day : 2
-> Request 0
207
(2, 2, 1)
1
(46, 49)
-> Request 1
513
(4, 1, 2)
3
(8, 46)
-> Request 2
616
(1, 3, 2)
3
(12, 22)
-> Request 3
633
(1, 3, 2)
1
(38, 53)
-> Request 4
961
(2, 1, 2)
2
(31, 78)
-> Request 5
1104
(3, 1, 1)
1
(8, 18)
-> Request 6
1176
(4, 3, 1)
2
(40, 43)
--> Day : 3
-> Request 0
8
(3, 1, 1)
2
(79, 32)
-> Request 1
94
(4, 3, 1)
1
(65, 64)
-> Request 2
224
(2, 2, 2)
3
(55, 30)
-> Request 3
233
(3, 1, 1)
2
(45, 54)
-> Request 4
784
(4, 1, 1)
1
(72, 40)
-> Request 5
846
(4, 1, 1)
2
(24, 60)
-> Request 6
893
(3, 1, 2)
3
(62, 51)
-> Request 7
1185
(2, 3, 2)
1
(67, 68)
-> Request 8
1202
(2, 3, 1)
2
(1, 5)
-> Request 9
1227
(2, 1, 2)
3
(52, 21)
--> Day : 4
-> Request 0
64
(2, 1, 2)
3
(27, 31)
-> Request 1
788
(4, 2, 1)
1
(24, 70)
-> Request 2
846
(3, 1, 1)
1
(66, 35)
-> Request 3
875
(1, 2, 1)
3
(68, 61)
-> Request 4
1306
(2, 1, 1)
3
(53, 20)
-> Request 5
1324
(4, 2, 1)
2
(61, 37)
-> Request 6
1377
(2, 1, 1)
1
(16, 13)
---> Week : 10
--> Day : 0
-> Request 0
7
(4, 3, 1)
3
(49, 5)
-> Request 1
314
(3, 1, 2)
2
(37, 22)
-> Request 2
363
(3, 1, 2)
1
(79, 13)
-> Request 3
674
(3, 2, 1)
3
(56, 37)
--> Day : 1
-> Request 0
19
(2, 2, 2)
1
(71, 45)
-> Request 1
42
(2, 2, 2)
3
(26, 65)
-> Request 2
73
(1, 2, 2)
2
(54, 57)
-> Request 3
354
(2, 2, 1)
2
(71, 41)
-> Request 4
367
(1, 2, 1)
3
(24, 22)
-> Request 5
555
(1, 2, 2)
2
(13, 79)
-> Request 6
587
(3, 1, 2)
1
(60, 67)
-> Request 7
831
(2, 2, 2)
1
(29, 65)
-> Request 8
1053
(3, 3, 2)
3
(23, 38)
-> Request 9
1182
(2, 3, 1)
2
(59, 37)
-> Request 10
1225
(2, 2, 1)
2
(33, 34)
-> Request 11
1299
(2, 2, 1)
1
(79, 19)
-> Request 12
1323
(4, 1, 1)
1
(23, 26)
--> Day : 2
-> Request 0
546
(2, 3, 1)
1
(57, 16)
-> Request 1
672
(1, 2, 2)
2
(4, 54)
-> Request 2
727
(1, 3, 2)
3
(1, 25)
-> Request 3
1192
(1, 1, 2)
1
(24, 50)
-> Request 4
1284
(3, 1, 1)
2
(70, 9)
-> Request 5
1360
(1, 2, 2)
2
(8, 52)
--> Day : 3
-> Request 0
131
(4, 1, 1)
1
(71, 72)
-> Request 1
371
(3, 3, 1)
2
(24, 23)
-> Request 2
696
(3, 2, 1)
1
(10, 35)
-> Request 3
1042
(2, 2, 2)
3
(55, 7)
--> Day : 4
-> Request 0
147
(3, 3, 1)
2
(29, 74)
-> Request 1
352
(1, 2, 1)
2
(32, 46)
-> Request 2
801
(4, 1, 2)
2
(54, 63)
-> Request 3
869
(4, 3, 1)
3
(65, 79)
-> Request 4
883
(2, 2, 1)
2
(29, 3)
-> Request 5
1233
(1, 3, 1)
3
(43, 30)
---> Week : 11
--> Day : 0
-> Request 0
158
(4, 3, 1)
1
(71, 78)
-> Request 1
344
(4, 2, 1)
2
(1, 8)
-> Request 2
399
(3, 3, 1)
3
(40, 1)
-> Request 3
619
(2, 3, 2)
3
(10, 4)
-> Request 4
1206
(4, 1, 2)
2
(35, 1)
--> Day : 1
-> Request 0
214
(1, 3, 2)
1
(59, 6)
-> Request 1
372
(3, 3, 1)
1
(43, 41)
-> Request 2
445
(1, 1, 2)
3
(76, 41)
-> Request 3
1168
(4, 1, 2)
3
(74, 4)
-> Request 4
1370
(3, 3, 2)
3
(30, 12)
-> Request 5
1416
(1, 1, 2)
2
(74, 23)
--> Day : 2
-> Request 0
115
(3, 3, 1)
2
(48, 13)
-> Request 1
970
(2, 1, 1)
1
(32, 18)
-> Request 2
1210
(4, 2, 2)
1
(43, 14)
-> Request 3
1400
(1, 3, 2)
1
(37, 63)
--> Day : 3
-> Request 0
160
(2, 3, 2)
2
(1, 28)
-> Request 1
687
(3, 1, 1)
2
(43, 10)
-> Request 2
958
(4, 3, 2)
3
(58, 61)
--> Day : 4
-> Request 0
319
(1, 3, 1)
2
(57, 36)
-> Request 1
516
(2, 1, 1)
2
(60, 55)
-> Request 2
1298
(2, 2, 2)
3
(55, 44)
---> Week : 12
--> Day : 0
-> Request 0
132
(3, 3, 1)
3
(57, 41)
-> Request 1
224
(1, 3, 1)
1
(71, 14)
-> Request 2
333
(1, 1, 1)
2
(42, 22)
-> Request 3
654
(3, 3, 2)
3
(49, 66)
-> Request 4
666
(4, 3, 1)
3
(48, 47)
-> Request 5
1069
(1, 1, 2)
3
(26, 25)
-> Request 6
1128
(2, 3, 2)
2
(43, 39)
--> Day : 1
-> Request 0
185
(3, 2, 2)
3
(15, 16)
-> Request 1
504
(1, 2, 1)
2
(36, 42)
-> Request 2
536
(4, 1, 2)
1
(72, 41)
-> Request 3
602
(4, 1, 1)
1
(48, 53)
-> Request 4
834
(1, 1, 2)
1
(28, 21)
-> Request 5
986
(1, 2, 2)
1
(53, 71)
-> Request 6
1022
(3, 1, 2)
3
(23, 9)
-> Request 7
1062
(1, 1, 2)
3
(51, 43)
--> Day : 2
-> Request 0
298
(2, 3, 2)
2
(50, 57)
-> Request 1
615
(4, 2, 2)
1
(51, 61)
-> Request 2
737
(1, 1, 2)
3
(76, 75)
-> Request 3
963
(2, 3, 2)
1
(59, 0)
-> Request 4
976
(2, 2, 1)
1
(53, 30)
-> Request 5
998
(2, 3, 1)
2
(57, 54)
-> Request 6
1167
(3, 1, 2)
3
(71, 77)
--> Day : 3
-> Request 0
7
(1, 2, 2)
3
(27, 71)
-> Request 1
286
(2, 1, 2)
3
(59, 24)
-> Request 2
862
(3, 3, 1)
3
(61, 56)
-> Request 3
1097
(2, 2, 1)
2
(65, 51)
-> Request 4
1308
(1, 3, 2)
3
(62, 64)
-> Request 5
1383
(3, 2, 2)
2
(73, 50)
--> Day : 4
-> Request 0
94
(2, 1, 2)
2
(46, 11)
-> Request 1
449
(1, 2, 1)
1
(58, 49)
-> Request 2
479
(2, 3, 1)
3
(60, 14)
-> Request 3
519
(1, 1, 2)
2
(10, 43)
-> Request 4
780
(2, 3, 2)
3
(12, 72)
-> Request 5
1402
(4, 1, 1)
2
(62, 43)
---> Week : 13
--> Day : 0
-> Request 0
20
(2, 1, 2)
3
(28, 59)
-> Request 1
610
(3, 2, 2)
2
(58, 41)
-> Request 2
766
(3, 1, 1)
1
(53, 30)
-> Request 3
826
(2, 2, 2)
1
(9, 32)
-> Request 4
1110
(2, 1, 1)
1
(15, 17)
-> Request 5
1307
(4, 1, 1)
2
(14, 65)
-> Request 6
1329
(3, 1, 2)
1
(0, 47)
--> Day : 1
-> Request 0
107
(3, 2, 2)
2
(74, 23)
-> Request 1
469
(4, 3, 2)
2
(67, 20)
-> Request 2
561
(2, 2, 2)
3
(70, 13)
--> Day : 2
-> Request 0
620
(3, 2, 1)
2
(69, 60)
-> Request 1
806
(4, 2, 2)
2
(72, 9)
-> Request 2
1093
(1, 3, 1)
1
(55, 46)
-> Request 3
1100
(4, 2, 2)
1
(40, 27)
--> Day : 3
-> Request 0
6
(1, 3, 2)
2
(14, 26)
-> Request 1
999
(2, 3, 2)
3
(53, 67)
-> Request 2
1047
(4, 3, 2)
1
(74, 26)
--> Day : 4
-> Request 0
316
(4, 1, 2)
1
(73, 67)
-> Request 1
330
(4, 2, 1)
2
(78, 43)
-> Request 2
518
(2, 1, 2)
3
(42, 77)
-> Request 3
730
(3, 3, 2)
2
(65, 6)
-> Request 4
928
(2, 2, 2)
2
(9, 79)
-> Request 5
1029
(2, 2, 2)
3
(32, 37)
-> Request 6
1107
(4, 2, 2)
2
(21, 47)
-> Request 7
1214
(3, 2, 1)
2
(16, 38)
---> Week : 14
--> Day : 0
-> Request 0
259
(1, 3, 1)
2
(23, 43)
-> Request 1
267
(2, 3, 1)
1
(71, 19)
-> Request 2
530
(4, 3, 1)
2
(32, 41)
-> Request 3
856
(2, 1, 2)
3
(3, 51)
-> Request 4
889
(4, 3, 1)
3
(9, 77)
-> Request 5
1046
(4, 2, 2)
1
(4, 5)
-> Request 6
1422
(2, 2, 2)
3
(31, 20)
--> Day : 1
-> Request 0
365
(4, 2, 2)
2
(16, 8)
-> Request 1
493
(1, 3, 1)
2
(52, 10)
-> Request 2
540
(2, 2, 1)
2
(1, 69)
-> Request 3
745
(2, 3, 1)
2
(78, 77)
-> Request 4
749
(1, 3, 1)
2
(0, 61)
-> Request 5
1128
(4, 3, 1)
1
(46, 59)
-> Request 6
1337
(1, 2, 1)
1
(79, 40)
-> Request 7
1398
(1, 2, 2)
3
(45, 25)
--> Day : 2
-> Request 0
231
(1, 1, 2)
1
(29, 17)
-> Request 1
336
(2, 2, 1)
3
(68, 53)
-> Request 2
676
(2, 1, 2)
2
(56, 11)
-> Request 3
1009
(3, 2, 2)
3
(12, 1)
-> Request 4
1121
(3, 1, 1)
2
(34, 32)
-> Request 5
1303
(2, 1, 2)
2
(18, 7)
--> Day : 3
-> Request 0
51
(2, 3, 1)
2
(6, 66)
-> Request 1
451
(3, 2, 1)
2
(2, 1)
-> Request 2
456
(1, 1, 1)
3
(8, 44)
-> Request 3
562
(4, 1, 2)
1
(26, 48)
--> Day : 4
-> Request 0
584
(4, 2, 1)
3
(2, 23)
-> Request 1
1382
(2, 3, 2)
2
(76, 12)
-> Request 2
1404
(3, 2, 1)
2
(13, 75)
---> Week : 15
--> Day : 0
-> Request 0
52
(3, 2, 2)
1
(24, 39)
-> Request 1
185
(4, 1, 2)
3
(15, 22)
-> Request 2
215
(3, 1, 2)
1
(69, 74)
-> Request 3
633
(2, 3, 2)
2
(32, 23)
--> Day : 1
-> Request 0
337
(1, 2, 2)
2
(14, 12)
-> Request 1
565
(3, 2, 2)
3
(63, 47)
-> Request 2
681
(4, 2, 2)
2
(37, 25)
-> Request 3
1292
(3, 2, 1)
1
(68, 5)
--> Day : 2
-> Request 0
15
(1, 1, 1)
3
(19, 33)
-> Request 1
119
(2, 1, 2)
2
(70, 68)
-> Request 2
522
(1, 3, 2)
1
(75, 18)
-> Request 3
655
(4, 3, 2)
2
(37, 51)
-> Request 4
721
(3, 1, 2)
2
(28, 32)
-> Request 5
821
(1, 2, 1)
3
(67, 41)
-> Request 6
858
(3, 1, 2)
1
(50, 16)
-> Request 7
1054
(2, 1, 2)
3
(6, 68)
-> Request 8
1281
(1, 3, 2)
2
(46, 25)
--> Day : 3
-> Request 0
346
(1, 3, 2)
2
(21, 26)
-> Request 1
491
(4, 3, 1)
1
(76, 10)
-> Request 2
751
(2, 3, 2)
2
(71, 8)
-> Request 3
905
(2, 1, 2)
3
(6, 13)
-> Request 4
972
(2, 3, 1)
2
(47, 64)
-> Request 5
998
(2, 1, 1)
1
(45, 41)
-> Request 6
1070
(4, 2, 1)
2
(69, 28)
--> Day : 4
-> Request 0
249
(2, 3, 2)
3
(68, 29)
-> Request 1
551
(4, 1, 2)
2
(3, 67)
-> Request 2
625
(3, 1, 2)
2
(24, 23)
-> Request 3
740
(3, 2, 1)
3
(60, 6)
-> Request 4
917
(4, 1, 1)
1
(42, 16)
-> Request 5
951
(3, 2, 2)
2
(50, 70)
-> Request 6
1139
(2, 3, 1)
3
(73, 16)
-> Request 7
1382
(1, 2, 2)
3
(5, 53)
-> Request 8
1398
(4, 3, 1)
2
(62, 30)
---> Week : 16
--> Day : 0
-> Request 0
28
(4, 1, 1)
2
(13, 10)
-> Request 1
184
(2, 2, 1)
3
(33, 3)
-> Request 2
359
(1, 1, 1)
3
(12, 73)
-> Request 3
526
(1, 3, 1)
2
(21, 45)
-> Request 4
744
(1, 2, 2)
1
(30, 4)
-> Request 5
837
(3, 2, 2)
2
(56, 64)
-> Request 6
912
(1, 3, 2)
2
(74, 28)
--> Day : 1
-> Request 0
1367
(2, 3, 2)
1
(56, 78)
--> Day : 2
-> Request 0
282
(3, 2, 1)
1
(56, 5)
-> Request 1
608
(1, 1, 2)
2
(39, 53)
-> Request 2
653
(2, 2, 2)
3
(1, 12)
-> Request 3
920
(2, 3, 1)
1
(9, 19)
-> Request 4
1323
(3, 1, 2)
3
(12, 47)
--> Day : 3
-> Request 0
160
(4, 1, 2)
2
(47, 43)
-> Request 1
324
(3, 3, 2)
3
(47, 6)
-> Request 2
407
(1, 3, 2)
2
(18, 12)
-> Request 3
900
(3, 2, 2)
2
(38, 29)
-> Request 4
1086
(3, 3, 2)
3
(21, 71)
-> Request 5
1192
(2, 1, 1)
2
(64, 6)
-> Request 6
1238
(4, 1, 1)
2
(64, 79)
-> Request 7
1307
(3, 1, 2)
1
(24, 1)
--> Day : 4
-> Request 0
103
(2, 3, 1)
3
(59, 32)
-> Request 1
265
(2, 2, 1)
3
(51, 8)
-> Request 2
275
(4, 1, 1)
2
(36, 68)
-> Request 3
749
(1, 3, 1)
3
(53, 61)
---> Week : 17
--> Day : 0
-> Request 0
780
(4, 3, 2)
3
(7, 20)
--> Day : 1
-> Request 0
290
(1, 3, 2)
1
(48, 69)
-> Request 1
408
(1, 1, 1)
3
(68, 30)
-> Request 2
803
(2, 2, 2)
2
(78, 41)
-> Request 3
1338
(4, 1, 1)
2
(2, 79)
--> Day : 2
-> Request 0
447
(3, 2, 1)
2
(9, 65)
-> Request 1
622
(4, 3, 1)
3
(40, 21)
-> Request 2
793
(3, 1, 1)
2
(65, 54)
-> Request 3
1076
(2, 1, 1)
1
(70, 34)
-> Request 4
1200
(1, 1, 2)
1
(39, 19)
--> Day : 3
-> Request 0
120
(3, 3, 1)
2
(58, 54)
-> Request 1
447
(2, 1, 2)
2
(9, 78)
-> Request 2
526
(4, 1, 2)
2
(29, 14)
-> Request 3
553
(2, 1, 2)
3
(48, 4)
-> Request 4
683
(4, 2, 1)
1
(65, 75)
-> Request 5
972
(3, 2, 1)
2
(79, 76)
-> Request 6
1104
(4, 2, 2)
3
(65, 27)
--> Day : 4
-> Request 0
634
(4, 3, 2)
3
(73, 24)
---> Week : 18
--> Day : 0
-> Request 0
270
(2, 2, 2)
2
(18, 38)
-> Request 1
331
(1, 1, 1)
2
(0, 70)
-> Request 2
1053
(2, 1, 2)
2
(25, 11)
-> Request 3
1056
(2, 3, 1)
2
(63, 40)
-> Request 4
1206
(1, 1, 1)
2
(35, 1)
-> Request 5
1365
(2, 2, 2)
1
(55, 56)
--> Day : 1
-> Request 0
714
(3, 1, 1)
1
(58, 43)
-> Request 1
841
(2, 3, 1)
3
(12, 10)
-> Request 2
1328
(4, 2, 1)
1
(5, 75)
--> Day : 2
-> Request 0
576
(3, 3, 1)
2
(65, 19)
-> Request 1
761
(4, 1, 1)
3
(64, 50)
-> Request 2
911
(3, 3, 2)
3
(35, 6)
-> Request 3
956
(2, 2, 1)
3
(22, 38)
-> Request 4
1012
(1, 1, 1)
1
(4, 62)
--> Day : 3
-> Request 0
59
(4, 3, 2)
2
(74, 79)
-> Request 1
1213
(2, 2, 2)
1
(60, 70)
-> Request 2
1225
(4, 2, 1)
2
(19, 77)
--> Day : 4
-> Request 0
213
(4, 2, 1)
1
(36, 8)
-> Request 1
335
(3, 3, 1)
2
(73, 0)
-> Request 2
398
(3, 3, 2)
1
(1, 79)
-> Request 3
469
(4, 1, 1)
1
(44, 8)
-> Request 4
802
(3, 1, 2)
1
(51, 34)
-> Request 5
1024
(4, 2, 2)
3
(56, 74)
---> Week : 19
--> Day : 0
-> Request 0
94
(1, 1, 1)
3
(26, 38)
-> Request 1
120
(4, 1, 2)
1
(78, 9)
-> Request 2
324
(1, 3, 1)
1
(7, 72)
-> Request 3
635
(3, 3, 1)
1
(48, 10)
-> Request 4
862
(4, 3, 2)
3
(69, 29)
-> Request 5
983
(2, 3, 1)
3
(43, 14)
-> Request 6
990
(4, 3, 1)
2
(77, 62)
-> Request 7
993
(3, 2, 1)
2
(60, 18)
-> Request 8
1232
(1, 2, 2)
1
(78, 20)
--> Day : 1
-> Request 0
155
(4, 1, 2)
3
(7, 7)
-> Request 1
180
(3, 2, 2)
1
(48, 61)
-> Request 2
255
(2, 2, 1)
2
(6, 11)
-> Request 3
1008
(4, 3, 2)
3
(49, 6)
-> Request 4
1052
(1, 1, 1)
3
(76, 40)
--> Day : 2
-> Request 0
23
(1, 1, 2)
2
(28, 13)
-> Request 1
585
(3, 3, 2)
1
(15, 78)
-> Request 2
1245
(3, 3, 1)
1
(45, 41)
-> Request 3
1355
(3, 3, 2)
3
(14, 28)
--> Day : 3
-> Request 0
480
(4, 1, 2)
2
(5, 30)
-> Request 1
951
(2, 2, 2)
3
(48, 11)
-> Request 2
982
(2, 1, 1)
3
(48, 22)
-> Request 3
1134
(3, 1, 2)
3
(36, 0)
-> Request 4
1140
(1, 2, 1)
3
(11, 41)
--> Day : 4
-> Request 0
44
(1, 2, 2)
3
(27, 50)
-> Request 1
518
(3, 2, 2)
1
(47, 1)
-> Request 2
586
(1, 3, 1)
2
(55, 70)
-> Request 3
841
(3, 3, 1)
2
(75, 62)
-> Request 4
887
(1, 2, 2)
1
(73, 32)
-> Request 5
965
(2, 2, 1)
2
(11, 37)
-> Request 6
1136
(2, 1, 2)
3
(17, 10)
-> Request 7
1265
(1, 1, 1)
2
(11, 10)
