---> Week : 0
--> Day : 0
-> Request 0
193
(3, 2, 1)
1
(37, 7)
-> Request 1
194
(4, 3, 1)
3
(1, 69)
-> Request 2
207
(4, 2, 2)
3
(63, 32)
-> Request 3
389
(1, 3, 1)
2
(16, 54)
-> Request 4
634
(2, 2, 1)
3
(40, 21)
-> Request 5
748
(1, 2, 1)
1
(34, 0)
-> Request 6
1171
(1, 3, 2)
1
(21, 53)
-> Request 7
1281
(1, 3, 2)
2
(12, 35)
--> Day : 1
-> Request 0
662
(4, 1, 2)
2
(17, 72)
-> Request 1
802
(2, 1, 2)
3
(47, 16)
-> Request 2
935
(3, 1, 2)
1
(68, 7)
-> Request 3
1316
(3, 1, 1)
2
(18, 63)
-> Request 4
1385
(3, 2, 1)
1
(75, 77)
--> Day : 2
-> Request 0
17
(3, 2, 1)
1
(19, 79)
-> Request 1
39
(2, 3, 2)
2
(4, 23)
-> Request 2
109
(3, 2, 1)
2
(35, 50)
-> Request 3
483
(3, 3, 2)
3
(12, 47)
-> Request 4
786
(4, 3, 1)
3
(18, 1)
-> Request 5
1260
(2, 3, 1)
3
(13, 59)
-> Request 6
1416
(2, 1, 1)
3
(7, 2)
--> Day : 3
-> Request 0
76
(2, 2, 2)
2
(56, 62)
-> Request 1
102
(3, 1, 2)
2
(11, 30)
-> Request 2
293
(3, 1, 2)
1
(7, 76)
-> Request 3
822
(3, 2, 1)
2
(65, 41)
-> Request 4
1151
(3, 2, 1)
3
(18, 50)
-> Request 5
1429
(3, 1, 2)
2
(20, 45)
--> Day : 4
-> Request 0
405
(3, 2, 1)
1
(38, 52)
-> Request 1
710
(2, 2, 2)
3
(55, 24)
-> Request 2
764
(3, 3, 2)
1
(10, 78)
-> Request 3
827
(1, 1, 1)
2
(20, 22)
-> Request 4
890
(3, 1, 1)
1
(38, 11)
-> Request 5
1110
(4, 2, 1)
3
(4, 79)
-> Request 6
1170
(4, 3, 1)
1
(68, 55)
-> Request 7
1375
(3, 2, 1)
3
(49, 2)
-> Request 8
1402
(3, 3, 2)
2
(40, 35)
---> Week : 1
--> Day : 0
-> Request 0
72
(1, 3, 2)
3
(56, 56)
-> Request 1
267
(2, 2, 1)
2
(29, 40)
-> Request 2
577
(3, 2, 2)
1
(6, 69)
-> Request 3
738
(4, 2, 2)
3
(25, 16)
-> Request 4
964
(2, 2, 1)
2
(69, 38)
-> Request 5
1425
(2, 1, 1)
3
(74, 70)
--> Day : 1
-> Request 0
107
(3, 2, 2)
3
(19, 21)
-> Request 1
189
(1, 2, 1)
3
(55, 13)
-> Request 2
314
(3, 3, 2)
1
(70, 55)
-> Request 3
356
(2, 1, 1)
3
(37, 72)
-> Request 4
480
(4, 1, 1)
3
(14, 17)
-> Request 5
577
(2, 3, 1)
1
(28, 5)
-> Request 6
710
(2, 2, 2)
2
(1, 42)
-> Request 7
887
(2, 2, 2)
3
(59, 78)
-> Request 8
948
(1, 1, 2)
1
(11, 74)
-> Request 9
1063
(3, 3, 2)
3
(7, 5)
-> Request 10
1437
(3, 1, 1)
1
(53, 2)
--> Day : 2
-> Request 0
357
(2, 1, 2)
3
(17, 79)
-> Request 1
508
(4, 1, 1)
3
(74, 33)
-> Request 2
660
(1, 3, 2)
3
(53, 59)
-> Request 3
834
(4, 3, 2)
2
(56, 63)
-> Request 4
1058
(4, 1, 1)
1
(8, 36)
--> Day : 3
-> Request 0
607
(2, 2, 1)
2
(10, 20)
-> Request 1
754
(4, 3, 2)
2
(36, 13)
--> Day : 4
-> Request 0
134
(3, 1, 1)
1
(69, 48)
-> Request 1
511
(4, 2, 1)
3
(5, 23)
-> Request 2
1234
(3, 1, 2)
3
(18, 15)
-> Request 3
1258
(4, 3, 1)
1
(53, 60)
---> Week : 2
--> Day : 0
-> Request 0
181
(3, 2, 2)
2
(54, 76)
-> Request 1
223
(1, 2, 1)
3
(65, 3)
-> Request 2
244
(1, 1, 2)
2
(3, 21)
-> Request 3
282
(2, 3, 1)
3
(62, 50)
-> Request 4
324
(3, 3, 1)
2
(6, 35)
-> Request 5
537
(1, 2, 2)
2
(65, 36)
--> Day : 1
-> Request 0
450
(3, 2, 2)
2
(13, 67)
-> Request 1
513
(2, 3, 2)
1
(52, 14)
-> Request 2
563
(4, 1, 1)
1
(18, 58)
-> Request 3
586
(2, 1, 2)
3
(58, 70)
-> Request 4
777
(1, 3, 1)
3
(39, 36)
-> Request 5
798
(1, 2, 2)
3
(51, 46)
-> Request 6
1122
(1, 1, 1)
2
(31, 60)
-> Request 7
1183
(2, 3, 1)
2
(43, 56)
--> Day : 2
-> Request 0
3
(3, 1, 2)
1
(72, 22)
-> Request 1
4
(4, 2, 1)
3
(48, 58)
-> Request 2
154
(3, 2, 1)
3
(40, 53)
-> Request 3
226
(3, 1, 1)
2
(53, 62)
-> Request 4
874
(2, 2, 2)
3
(16, 19)
--> Day : 3
-> Request 0
158
(1, 1, 1)
2
(51, 14)
-> Request 1
202
(4, 3, 2)
1
(59, 52)
-> Request 2
890
(4, 2, 1)
2
(33, 40)
-> Request 3
1103
(3, 3, 1)
1
(28, 40)
-> Request 4
1212
(4, 2, 1)
2
(77, 70)
--> Day : 4
-> Request 0
15
(3, 2, 2)
2
(59, 76)
-> Request 1
21
(1, 3, 1)
3
(57, 59)
-> Request 2
471
(3, 2, 2)
3
(62, 30)
-> Request 3
494
(1, 1, 1)
2
(68, 5)
-> Request 4
667
(2, 3, 2)
3
(28, 0)
-> Request 5
874
(1, 2, 2)
3
(37, 26)
---> Week : 3
--> Day : 0
-> Request 0
191
(4, 2, 2)
2
(20, 11)
-> Request 1
416
(2, 1, 2)
3
(67, 20)
-> Request 2
495
(3, 3, 1)
1
(1, 77)
-> Request 3
679
(2, 3, 1)
2
(60, 25)
-> Request 4
761
(1, 1, 2)
3
(52, 77)
-> Request 5
911
(4, 3, 1)
2
(49, 7)
-> Request 6
951
(2, 2, 1)
2
(2, 0)
-> Request 7
1267
(2, 1, 1)
1
(60, 41)
-> Request 8
1424
(1, 1, 1)
3
(41, 71)
--> Day : 1
-> Request 0
123
(3, 1, 2)
1
(24, 69)
-> Request 1
370
(1, 1, 1)
1
(37, 44)
-> Request 2
716
(2, 1, 2)
2
(52, 52)
-> Request 3
958
(2, 2, 2)
1
(15, 13)
-> Request 4
1020
(1, 3, 2)
1
(69, 55)
-> Request 5
1229
(4, 2, 2)
3
(12, 65)
-> Request 6
1280
(1, 1, 1)
1
(53, 78)
-> Request 7
1293
(1, 2, 1)
3
(55, 35)
-> Request 8
1357
(4, 2, 1)
2
(14, 55)
-> Request 9
1402
(1, 3, 1)
3
(56, 13)
--> Day : 2
-> Request 0
63
(1, 1, 2)
3
(60, 37)
-> Request 1
396
(4, 2, 1)
1
(41, 29)
-> Request 2
711
(4, 1, 1)
2
(31, 7)
-> Request 3
741
(2, 2, 1)
1
(50, 54)
-> Request 4
924
(4, 1, 1)
2
(70, 64)
-> Request 5
930
(4, 1, 2)
3
(74, 48)
-> Request 6
1277
(1, 3, 2)
1
(35, 32)
-> Request 7
1353
(3, 2, 2)
1
(76, 78)
--> Day : 3
-> Request 0
130
(2, 2, 2)
1
(75, 79)
-> Request 1
249
(1, 2, 2)
1
(9, 69)
-> Request 2
277
(3, 2, 1)
3
(75, 47)
--> Day : 4
-> Request 0
19
(1, 3, 1)
1
(0, 31)
-> Request 1
97
(3, 2, 1)
1
(9, 76)
-> Request 2
276
(3, 1, 2)
2
(75, 62)
-> Request 3
429
(4, 2, 2)
1
(25, 50)
-> Request 4
761
(1, 3, 1)
3
(24, 20)
-> Request 5
959
(1, 2, 1)
3
(10, 49)
-> Request 6
976
(4, 2, 1)
2
(12, 54)
-> Request 7
1210
(2, 3, 1)
2
(32, 48)
---> Week : 4
--> Day : 0
-> Request 0
95
(4, 2, 2)
1
(1, 25)
-> Request 1
191
(3, 3, 1)
2
(16, 15)
-> Request 2
306
(4, 1, 2)
2
(77, 32)
-> Request 3
617
(4, 1, 2)
1
(67, 36)
-> Request 4
1035
(3, 1, 2)
1
(19, 45)
--> Day : 1
-> Request 0
110
(3, 1, 1)
2
(69, 0)
-> Request 1
264
(2, 1, 2)
1
(51, 34)
-> Request 2
342
(1, 2, 1)
1
(46, 32)
-> Request 3
410
(1, 1, 1)
2
(38, 14)
-> Request 4
1055
(4, 1, 1)
2
(11, 70)
--> Day : 2
-> Request 0
367
(3, 2, 2)
2
(59, 45)
-> Request 1
533
(3, 1, 1)
2
(30, 13)
-> Request 2
849
(2, 2, 2)
3
(30, 39)
-> Request 3
995
(3, 1, 1)
1
(34, 48)
-> Request 4
1128
(4, 2, 1)
3
(6, 61)
--> Day : 3
-> Request 0
121
(1, 3, 2)
3
(12, 45)
-> Request 1
195
(4, 3, 1)
3
(61, 25)
-> Request 2
235
(2, 1, 1)
2
(70, 78)
-> Request 3
348
(2, 2, 1)
1
(72, 69)
-> Request 4
825
(3, 1, 2)
2
(8, 1)
-> Request 5
1035
(4, 3, 1)
2
(14, 54)
-> Request 6
1189
(1, 2, 2)
1
(16, 46)
--> Day : 4
-> Request 0
70
(4, 3, 2)
2
(28, 11)
-> Request 1
86
(3, 3, 1)
2
(2, 20)
-> Request 2
267
(4, 1, 1)
1
(62, 29)
-> Request 3
309
(2, 1, 2)
2
(49, 37)
-> Request 4
351
(2, 3, 2)
3
(46, 11)
-> Request 5
699
(2, 3, 1)
2
(6, 39)
-> Request 6
1012
(4, 2, 1)
3
(13, 18)
---> Week : 5
--> Day : 0
-> Request 0
465
(1, 2, 2)
1
(38, 65)
-> Request 1
791
(2, 1, 1)
1
(67, 77)
-> Request 2
819
(4, 2, 2)
2
(52, 12)
-> Request 3
847
(2, 2, 2)
2
(1, 9)
-> Request 4
941
(4, 1, 2)
2
(19, 16)
-> Request 5
1011
(1, 2, 1)
1
(32, 0)
-> Request 6
1068
(3, 3, 1)
3
(17, 73)
-> Request 7
1336
(1, 3, 2)
1
(31, 40)
--> Day : 1
-> Request 0
47
(2, 2, 1)
1
(27, 2)
-> Request 1
217
(4, 1, 2)
3
(8, 15)
-> Request 2
588
(4, 2, 2)
2
(35, 60)
-> Request 3
671
(3, 3, 1)
3
(78, 42)
-> Request 4
695
(2, 1, 1)
2
(73, 71)
-> Request 5
824
(4, 2, 1)
1
(41, 26)
-> Request 6
854
(2, 3, 2)
3
(62, 17)
-> Request 7
1272
(1, 2, 1)
1
(33, 75)
-> Request 8
1315
(2, 2, 2)
1
(37, 8)
--> Day : 2
-> Request 0
277
(1, 1, 2)
3
(24, 1)
-> Request 1
366
(2, 2, 1)
1
(40, 53)
-> Request 2
558
(4, 1, 1)
3
(48, 1)
-> Request 3
669
(3, 3, 1)
3
(60, 67)
-> Request 4
909
(1, 1, 2)
2
(13, 6)
-> Request 5
989
(1, 1, 1)
1
(0, 74)
-> Request 6
1293
(4, 1, 2)
2
(40, 36)
--> Day : 3
-> Request 0
347
(1, 2, 2)
1
(22, 16)
-> Request 1
1235
(1, 2, 1)
1
(68, 44)
--> Day : 4
-> Request 0
291
(4, 1, 1)
1
(18, 43)
-> Request 1
434
(1, 3, 1)
2
(8, 56)
-> Request 2
864
(3, 1, 2)
1
(47, 32)
-> Request 3
1135
(4, 2, 2)
1
(33, 33)
-> Request 4
1425
(1, 2, 2)
1
(44, 6)
---> Week : 6
--> Day : 0
-> Request 0
74
(3, 1, 2)
1
(34, 64)
-> Request 1
992
(1, 2, 1)
2
(9, 74)
-> Request 2
1011
(2, 1, 1)
2
(30, 38)
-> Request 3
1221
(2, 2, 2)
2
(8, 37)
--> Day : 1
-> Request 0
162
(3, 3, 1)
2
(28, 51)
-> Request 1
822
(3, 3, 2)
1
(6, 49)
-> Request 2
881
(3, 3, 1)
1
(14, 68)
-> Request 3
1207
(3, 3, 1)
1
(11, 16)
-> Request 4
1218
(3, 2, 2)
1
(54, 75)
--> Day : 2
-> Request 0
248
(4, 1, 2)
3
(0, 0)
-> Request 1
309
(4, 2, 1)
1
(16, 44)
-> Request 2
329
(1, 2, 2)
3
(63, 0)
-> Request 3
570
(3, 2, 1)
1
(3, 49)
-> Request 4
1150
(3, 1, 1)
2
(2, 49)
--> Day : 3
-> Request 0
252
(1, 2, 1)
3
(24, 29)
-> Request 1
436
(4, 1, 1)
3
(72, 27)
-> Request 2
456
(2, 3, 1)
3
(14, 53)
-> Request 3
1017
(2, 1, 1)
2
(52, 32)
-> Request 4
1159
(3, 2, 2)
2
(41, 56)
-> Request 5
1242
(2, 2, 2)
2
(9, 33)
--> Day : 4
-> Request 0
54
(2, 3, 1)
2
(37, 1)
-> Request 1
746
(1, 2, 2)
2
(13, 8)
-> Request 2
838
(4, 1, 1)
2
(68, 13)
-> Request 3
999
(2, 1, 1)
3
(28, 16)
-> Request 4
1363
(4, 1, 2)
2
(57, 30)
---> Week : 7
--> Day : 0
-> Request 0
1211
(3, 2, 2)
3
(60, 13)
--> Day : 1
-> Request 0
347
(2, 2, 2)
1
(24, 51)
-> Request 1
503
(2, 3, 1)
1
(64, 45)
-> Request 2
538
(4, 1, 2)
3
(38, 79)
-> Request 3
546
(4, 2, 2)
2
(2, 12)
-> Request 4
924
(4, 3, 2)
2
(28, 48)
-> Request 5
1341
(2, 2, 2)
2
(23, 3)
-> Request 6
1437
(2, 1, 2)
1
(55, 48)
--> Day : 2
-> Request 0
44
(1, 1, 2)
2
(24, 67)
-> Request 1
68
(3, 3, 2)
2
(53, 46)
-> Request 2
115
(4, 2, 2)
3
(79, 66)
-> Request 3
227
(2, 1, 2)
1
(26, 57)
-> Request 4
423
(3, 2, 2)
1
(59, 69)
-> Request 5
987
(1, 2, 2)
2
(27, 51)
-> Request 6
1061
(1, 2, 1)
2
(70, 14)
-> Request 7
1203
(3, 1, 2)
1
(58, 43)
-> Request 8
1308
(2, 2, 2)
2
(36, 64)
-> Request 9
1362
(3, 3, 2)
2
(14, 47)
-> Request 10
1365
(2, 2, 1)
2
(18, 22)
--> Day : 3
-> Request 0
190
(1, 1, 1)
2
(57, 26)
-> Request 1
964
(1, 3, 1)
3
(33, 58)
--> Day : 4
-> Request 0
622
(4, 1, 1)
2
(29, 57)
-> Request 1
956
(3, 3, 2)
1
(15, 46)
-> Request 2
961
(3, 1, 1)
2
(6, 8)
-> Request 3
1111
(1, 2, 2)
1
(23, 29)
---> Week : 8
--> Day : 0
-> Request 0
63
(4, 2, 2)
3
(15, 39)
-> Request 1
674
(4, 3, 1)
2
(24, 50)
-> Request 2
924
(1, 1, 2)
1
(68, 5)
-> Request 3
1225
(2, 3, 2)
1
(66, 4)
-> Request 4
1301
(4, 1, 1)
2
(74, 46)
--> Day : 1
-> Request 0
145
(1, 1, 2)
2
(14, 7)
-> Request 1
891
(2, 1, 2)
3
(57, 63)
-> Request 2
970
(3, 2, 1)
1
(63, 44)
--> Day : 2
-> Request 0
224
(3, 1, 1)
1
(55, 43)
--> Day : 3
-> Request 0
60
(1, 1, 1)
2
(73, 9)
-> Request 1
78
(1, 3, 2)
3
(79, 2)
-> Request 2
225
(2, 2, 2)
3
(67, 39)
-> Request 3
281
(3, 3, 2)
2
(34, 26)
-> Request 4
388
(3, 2, 1)
3
(78, 16)
-> Request 5
397
(3, 3, 2)
3
(76, 75)
-> Request 6
549
(3, 3, 2)
2
(48, 27)
-> Request 7
1267
(3, 1, 2)
1
(76, 71)
-> Request 8
1388
(1, 2, 1)
2
(76, 35)
-> Request 9
1412
(3, 2, 2)
3
(56, 19)
--> Day : 4
-> Request 0
185
(3, 2, 1)
1
(56, 20)
-> Request 1
228
(3, 2, 1)
3
(67, 68)
-> Request 2
401
(4, 3, 1)
2
(55, 1)
-> Request 3
765
(2, 2, 1)
2
(54, 31)
-> Request 4
1169
(3, 3, 1)
3
(41, 56)
---> Week : 9
--> Day : 0
-> Request 0
310
(2, 1, 1)
2
(69, 50)
-> Request 1
345
(1, 1, 2)
1
(63, 5)
-> Request 2
534
(4, 2, 2)
3
(64, 63)
-> Request 3
609
(4, 3, 1)
2
(32, 63)
-> Request 4
841
(3, 2, 2)
2
(56, 62)
-> Request 5
922
(1, 3, 2)
2
(16, 40)
-> Request 6
1058
(3, 3, 1)
2
(70, 67)
-> Request 7
1122
(4, 2, 1)
1
(30, 39)
-> Request 8
1178
(2, 3, 2)
2
(44, 13)
-> Request 9
1181
(1, 2, 2)
2
(75, 34)
--> Day : 1
-> Request 0
273
(4, 3, 2)
1
(51, 18)
-> Request 1
494
(3, 1, 2)
1
(16, 62)
-> Request 2
550
(4, 2, 2)
3
(52, 65)
-> Request 3
836
(4, 2, 1)
3
(60, 55)
--> Day : 2
-> Request 0
110
(2, 3, 1)
1
(33, 79)
-> Request 1
309
(3, 1, 2)
1
(25, 77)
-> Request 2
834
(4, 2, 2)
3
(22, 62)
-> Request 3
977
(2, 3, 2)
3
(72, 46)
-> Request 4
1106
(2, 1, 1)
2
(75, 17)
-> Request 5
1427
(1, 2, 1)
1
(24, 28)
--> Day : 3
-> Request 0
222
(1, 1, 2)
1
(49, 38)
-> Request 1
796
(1, 1, 2)
1
(47, 6)
-> Request 2
1001
(1, 2, 2)
1
(34, 61)
-> Request 3
1212
(4, 1, 1)
3
(51, 38)
-> Request 4
1430
(1, 1, 1)
3
(48, 10)
--> Day : 4
-> Request 0
188
(2, 3, 1)
3
(24, 74)
-> Request 1
355
(1, 2, 2)
2
(69, 39)
-> Request 2
458
(4, 2, 1)
3
(23, 61)
-> Request 3
550
(3, 3, 1)
3
(12, 77)
-> Request 4
751
(2, 2, 1)
1
(15, 24)
-> Request 5
800
(1, 3, 1)
2
(67, 76)
-> Request 6
858
(1, 2, 1)
1
(60, 42)
-> Request 7
1276
(3, 3, 1)
3
(76, 71)
-> Request 8
1427
(1, 1, 1)
1
(70, 18)
---> Week : 10
--> Day : 0
-> Request 0
2
(4, 2, 1)
3
(11, 15)
-> Request 1
752
(4, 3, 1)
1
(67, 32)
-> Request 2
808
(4, 1, 1)
3
(47, 53)
-> Request 3
1282
(1, 3, 2)
2
(16, 7)
-> Request 4
1322
(4, 3, 2)
2
(68, 42)
-> Request 5
1409
(1, 1, 2)
2
(27, 68)
--> Day : 1
-> Request 0
9
(4, 2, 2)
3
(75, 32)
-> Request 1
105
(4, 1, 2)
3
(31, 17)
-> Request 2
667
(1, 3, 1)
2
(61, 70)
-> Request 3
1344
(1, 1, 1)
3
(66, 58)
--> Day : 2
-> Request 0
143
(4, 2, 2)
3
(21, 53)
-> Request 1
241
(3, 3, 1)
2
(48, 75)
-> Request 2
603
(4, 2, 1)
3
(53, 79)
-> Request 3
1045
(2, 3, 1)
2
(16, 2)
-> Request 4
1317
(2, 1, 2)
2
(79, 78)
--> Day : 3
-> Request 0
369
(4, 2, 2)
1
(65, 41)
-> Request 1
539
(2, 1, 2)
1
(47, 44)
-> Request 2
874
(3, 3, 2)
3
(36, 39)
--> Day : 4
-> Request 0
458
(3, 3, 1)
1
(74, 23)
-> Request 1
535
(4, 1, 1)
1
(9, 6)
-> Request 2
1066
(2, 2, 1)
3
(28, 9)
-> Request 3
1161
(2, 1, 2)
1
(44, 13)
-> Request 4
1241
(1, 2, 1)
1
(53, 46)
-> Request 5
1321
(1, 2, 1)
2
(0, 76)
---> Week : 11
--> Day : 0
-> Request 0
324
(2, 1, 2)
1
(14, 57)
-> Request 1
690
(1, 3, 2)
2
(45, 29)
-> Request 2
700
(3, 1, 2)
2
(40, 70)
-> Request 3
755
(3, 2, 1)
2
(31, 14)
-> Request 4
843
(2, 1, 2)
2
(67, 43)
-> Request 5
1188
(2, 1, 1)
1
(63, 33)
-> Request 6
1193
(2, 3, 1)
3
(49, 6)
-> Request 7
1278
(3, 3, 1)
2
(15, 28)
--> Day : 1
-> Request 0
26
(1, 1, 1)
3
(74, 4)
-> Request 1
599
(3, 1, 1)
3
(57, 22)
-> Request 2
638
(3, 2, 1)
3
(56, 21)
-> Request 3
1050
(4, 3, 2)
1
(57, 43)
--> Day : 2
-> Request 0
15
(3, 3, 2)
1
(22, 25)
-> Request 1
118
(1, 1, 1)
3
(58, 61)
-> Request 2
263
(2, 1, 1)
1
(30, 39)
-> Request 3
269
(3, 2, 1)
1
(9, 42)
-> Request 4
469
(1, 2, 2)
2
(50, 44)
-> Request 5
495
(1, 2, 2)
3
(39, 61)
-> Request 6
1201
(2, 2, 2)
3
(79, 71)
-> Request 7
1388
(4, 1, 2)
1
(61, 18)
--> Day : 3
-> Request 0
881
(3, 3, 1)
1
(0, 53)
-> Request 1
914
(1, 2, 1)
2
(12, 21)
--> Day : 4
-> Request 0
15
(1, 1, 1)
3
(71, 67)
-> Request 1
79
(4, 3, 1)
2
(18, 72)
-> Request 2
276
(1, 3, 1)
3
(57, 32)
-> Request 3
344
(1, 2, 1)
2
(77, 74)
-> Request 4
940
(1, 2, 1)
3
(24, 67)
-> Request 5
981
(4, 2, 1)
1
(53, 62)
-> Request 6
1353
(2, 2, 1)
2
(2, 70)
---> Week : 12
--> Day : 0
-> Request 0
218
(4, 2, 2)
2
(56, 23)
-> Request 1
420
(1, 3, 2)
3
(37, 72)
-> Request 2
517
(4, 1, 2)
3
(1, 77)
-> Request 3
778
(2, 2, 2)
1
(62, 52)
-> Request 4
1047
(3, 2, 2)
1
(56, 16)
-> Request 5
1153
(4, 2, 2)
1
(43, 43)
-> Request 6
1419
(2, 2, 1)
2
(63, 32)
--> Day : 1
-> Request 0
536
(3, 3, 1)
2
(11, 19)
-> Request 1
796
(2, 1, 2)
2
(71, 22)
--> Day : 2
-> Request 0
190
(1, 1, 2)
3
(75, 36)
-> Request 1
258
(1, 1, 2)
3
(67, 55)
-> Request 2
283
(4, 1, 2)
1
(22, 11)
-> Request 3
710
(1, 1, 1)
3
(36, 33)
-> Request 4
1056
(2, 3, 2)
3
(77, 12)
--> Day : 3
-> Request 0
457
(3, 2, 1)
3
(48, 73)
-> Request 1
472
(2, 3, 2)
2
(24, 64)
-> Request 2
560
(4, 2, 1)
1
(55, 20)
-> Request 3
566
(1, 3, 2)
3
(63, 17)
-> Request 4
668
(3, 1, 2)
3
(68, 23)
-> Request 5
771
(3, 1, 2)
1
(59, 3)
-> Request 6
785
(3, 3, 1)
1
(43, 59)
-> Request 7
1081
(3, 2, 1)
3
(25, 31)
-> Request 8
1290
(3, 2, 1)
2
(36, 21)
-> Request 9
1328
(4, 1, 2)
3
(52, 31)
-> Request 10
1418
(3, 1, 2)
2
(12, 18)
--> Day : 4
-> Request 0
58
(3, 3, 2)
3
(32, 44)
-> Request 1
506
(3, 3, 1)
2
(56, 52)
-> Request 2
564
(2, 3, 2)
1
(76, 38)
-> Request 3
726
(2, 2, 2)
1
(41, 5)
-> Request 4
765
(2, 1, 2)
1
(49, 69)
-> Request 5
1053
(4, 1, 2)
2
(27, 49)
-> Request 6
1104
(2, 1, 1)
3
(41, 79)
-> Request 7
1385
(1, 2, 1)
2
(58, 16)
---> Week : 13
--> Day : 0
-> Request 0
141
(4, 3, 2)
3
(29, 18)
-> Request 1
573
(1, 2, 1)
1
(28, 35)
-> Request 2
744
(3, 1, 2)
3
(15, 2)
-> Request 3
906
(2, 1, 2)
3
(17, 21)
-> Request 4
1070
(2, 2, 1)
3
(75, 27)
--> Day : 1
-> Request 0
121
(4, 2, 2)
2
(71, 24)
-> Request 1
636
(1, 3, 2)
1
(43, 21)
-> Request 2
850
(4, 3, 1)
1
(28, 13)
-> Request 3
1099
(2, 3, 2)
2
(1, 75)
-> Request 4
1179
(4, 3, 1)
3
(14, 39)
--> Day : 2
-> Request 0
124
(1, 2, 1)
3
(10, 40)
-> Request 1
155
(2, 2, 2)
2
(26, 63)
-> Request 2
156
(4, 2, 1)
2
(51, 61)
-> Request 3
198
(2, 1, 2)
2
(0, 73)
-> Request 4
466
(4, 1, 2)
1
(55, 57)
-> Request 5
477
(2, 3, 1)
2
(45, 76)
-> Request 6
648
(2, 2, 1)
2
(5, 12)
-> Request 7
688
(2, 1, 1)
2
(39, 22)
-> Request 8
747
(3, 1, 2)
2
(44, 27)
--> Day : 3
-> Request 0
1080
(2, 3, 1)
1
(46, 63)
-> Request 1
1289
(3, 1, 1)
2
(61, 59)
--> Day : 4
-> Request 0
399
(1, 3, 2)
1
(45, 26)
-> Request 1
504
(1, 1, 2)
1
(71, 20)
-> Request 2
580
(2, 3, 1)
2
(28, 58)
-> Request 3
1196
(1, 2, 2)
1
(12, 62)
---> Week : 14
--> Day : 0
-> Request 0
96
(1, 1, 1)
2
(48, 5)
-> Request 1
126
(2, 2, 1)
1
(52, 20)
-> Request 2
588
(3, 2, 1)
2
(52, 55)
-> Request 3
617
(3, 3, 2)
3
(31, 33)
-> Request 4
742
(1, 3, 2)
2
(36, 63)
-> Request 5
873
(4, 1, 2)
1
(19, 58)
-> Request 6
1021
(3, 2, 2)
2
(30, 75)
-> Request 7
1072
(4, 3, 2)
3
(3, 56)
-> Request 8
1282
(4, 3, 2)
3
(1, 50)
--> Day : 1
-> Request 0
92
(3, 3, 2)
3
(6, 23)
-> Request 1
103
(1, 2, 2)
1
(57, 56)
-> Request 2
115
(1, 3, 2)
2
(53, 67)
-> Request 3
127
(1, 3, 2)
3
(26, 76)
-> Request 4
513
(3, 2, 1)
3
(36, 21)
-> Request 5
1079
(4, 1, 1)
2
(27, 27)
-> Request 6
1255
(1, 1, 2)
1
(61, 62)
--> Day : 2
-> Request 0
238
(3, 1, 2)
1
(64, 1)
-> Request 1
373
(1, 3, 2)
1
(74, 16)
-> Request 2
562
(3, 2, 1)
2
(7, 15)
-> Request 3
898
(2, 3, 2)
3
(14, 68)
-> Request 4
998
(3, 3, 1)
2
(55, 53)
--> Day : 3
-> Request 0
603
(3, 1, 1)
3
(69, 34)
-> Request 1
788
(1, 3, 1)
2
(56, 38)
-> Request 2
832
(3, 2, 1)
1
(17, 64)
-> Request 3
873
(1, 2, 2)
3
(31, 54)
-> Request 4
902
(1, 2, 1)
2
(5, 45)
-> Request 5
959
(4, 1, 2)
1
(71, 7)
-> Request 6
1051
(1, 1, 2)
3
(1, 29)
-> Request 7
1381
(4, 3, 1)
3
(28, 51)
--> Day : 4
-> Request 0
233
(3, 2, 1)
3
(1, 11)
-> Request 1
1059
(3, 2, 2)
3
(78, 12)
-> Request 2
1192
(3, 3, 1)
1
(44, 15)
---> Week : 15
--> Day : 0
-> Request 0
127
(4, 2, 1)
1
(78, 8)
-> Request 1
492
(1, 1, 1)
1
(60, 29)
-> Request 2
546
(1, 2, 2)
3
(76, 55)
-> Request 3
559
(1, 3, 1)
2
(57, 44)
-> Request 4
841
(1, 1, 1)
2
(55, 56)
-> Request 5
950
(3, 2, 1)
3
(45, 60)
-> Request 6
1069
(1, 1, 1)
1
(75, 29)
-> Request 7
1428
(4, 2, 2)
2
(16, 4)
--> Day : 1
-> Request 0
181
(3, 1, 2)
3
(17, 4)
-> Request 1
613
(1, 2, 2)
1
(21, 31)
-> Request 2
1257
(2, 2, 1)
1
(32, 53)
--> Day : 2
-> Request 0
218
(1, 2, 2)
2
(21, 29)
-> Request 1
277
(4, 1, 2)
1
(56, 6)
-> Request 2
287
(2, 3, 2)
1
(20, 18)
-> Request 3
389
(1, 3, 2)
3
(1, 67)
-> Request 4
477
(4, 1, 2)
2
(68, 52)
-> Request 5
655
(2, 3, 2)
3
(66, 67)
-> Request 6
849
(3, 1, 2)
2
(1, 43)
-> Request 7
1185
(1, 2, 2)
3
(50, 26)
-> Request 8
1326
(2, 3, 2)
1
(79, 52)
-> Request 9
1337
(1, 1, 1)
3
(68, 44)
--> Day : 3
-> Request 0
195
(3, 1, 2)
1
(66, 5)
-> Request 1
210
(2, 3, 1)
2
(35, 9)
-> Request 2
1155
(3, 3, 1)
1
(48, 5)
-> Request 3
1343
(2, 1, 1)
1
(45, 77)
-> Request 4
1378
(4, 3, 2)
3
(53, 29)
--> Day : 4
-> Request 0
126
(3, 1, 2)
2
(9, 42)
-> Request 1
352
(2, 3, 1)
1
(12, 13)
-> Request 2
663
(1, 3, 2)
2
(51, 65)
-> Request 3
761
(4, 1, 2)
2
(20, 67)
-> Request 4
763
(2, 3, 2)
2
(24, 77)
-> Request 5
795
(2, 2, 1)
3
(44, 40)
---> Week : 16
--> Day : 0
-> Request 0
198
(4, 3, 2)
2
(73, 15)
-> Request 1
307
(4, 3, 2)
1
(69, 74)
-> Request 2
712
(4, 3, 1)
2
(12, 33)
-> Request 3
746
(4, 3, 1)
3
(28, 73)
-> Request 4
1194
(3, 2, 1)
2
(51, 32)
-> Request 5
1223
(1, 3, 1)
1
(3, 32)
--> Day : 1
-> Request 0
60
(3, 2, 1)
2
(69, 75)
-> Request 1
155
(4, 1, 2)
1
(23, 40)
-> Request 2
267
(1, 2, 1)
1
(20, 1)
-> Request 3
491
(1, 3, 2)
1
(39, 62)
-> Request 4
597
(3, 3, 2)
2
(14, 60)
-> Request 5
699
(1, 2, 2)
3
(60, 79)
-> Request 6
807
(3, 2, 2)
2
(43, 36)
-> Request 7
1161
(3, 2, 2)
3
(58, 33)
--> Day : 2
-> Request 0
54
(2, 2, 2)
2
(60, 46)
-> Request 1
741
(4, 3, 1)
3
(10, 29)
-> Request 2
766
(1, 3, 1)
1
(27, 45)
-> Request 3
947
(2, 1, 2)
2
(45, 63)
--> Day : 3
-> Request 0
197
(1, 2, 1)
2
(20, 34)
-> Request 1
760
(4, 2, 2)
1
(48, 77)
-> Request 2
811
(4, 3, 1)
1
(23, 61)
-> Request 3
1190
(3, 1, 2)
1
(55, 21)
-> Request 4
1251
(2, 1, 2)
2
(5, 18)
-> Request 5
1274
(1, 3, 2)
1
(29, 15)
--> Day : 4
-> Request 0
336
(3, 2, 1)
2
(3, 63)
-> Request 1
409
(3, 2, 2)
2
(21, 22)
-> Request 2
418
(3, 2, 2)
2
(57, 31)
-> Request 3
463
(1, 3, 2)
2
(23, 45)
-> Request 4
505
(3, 1, 2)
2
(47, 46)
-> Request 5
587
(3, 3, 1)
1
(29, 17)
-> Request 6
787
(1, 1, 2)
1
(0, 63)
-> Request 7
878
(1, 3, 1)
2
(57, 53)
-> Request 8
888
(1, 2, 2)
3
(71, 76)
---> Week : 17
--> Day : 0
-> Request 0
7
(3, 2, 2)
1
(35, 22)
-> Request 1
231
(1, 1, 2)
3
(18, 59)
-> Request 2
300
(4, 1, 1)
3
(2, 2)
-> Request 3
303
(1, 3, 1)
1
(47, 77)
-> Request 4
315
(1, 1, 2)
2
(28, 39)
-> Request 5
555
(3, 2, 1)
3
(37, 35)
-> Request 6
596
(2, 3, 2)
2
(68, 31)
-> Request 7
610
(2, 3, 2)
3
(37, 27)
-> Request 8
1205
(2, 2, 2)
2
(36, 23)
-> Request 9
1269
(2, 1, 1)
3
(68, 71)
--> Day : 1
-> Request 0
474
(4, 1, 1)
1
(34, 11)
-> Request 1
935
(4, 1, 2)
3
(60, 33)
-> Request 2
1045
(2, 2, 1)
3
(9, 43)
-> Request 3
1128
(4, 1, 2)
1
(35, 52)
-> Request 4
1137
(1, 2, 2)
3
(52, 44)
-> Request 5
1167
(2, 1, 1)
3
(78, 13)
--> Day : 2
-> Request 0
199
(2, 1, 2)
3
(6, 13)
-> Request 1
328
(1, 1, 2)
3
(6, 8)
-> Request 2
330
(2, 3, 2)
3
(59, 59)
-> Request 3
1196
(2, 2, 2)
3
(20, 75)
--> Day : 3
-> Request 0
31
(4, 2, 2)
2
(58, 41)
-> Request 1
98
(2, 3, 2)
3
(35, 32)
-> Request 2
102
(4, 3, 2)
2
(71, 12)
-> Request 3
327
(4, 1, 1)
2
(2, 79)
-> Request 4
373
(2, 1, 1)
3
(29, 78)
-> Request 5
473
(4, 1, 1)
3
(31, 13)
-> Request 6
620
(3, 2, 2)
3
(56, 3)
-> Request 7
770
(1, 1, 2)
1
(15, 37)
-> Request 8
827
(2, 3, 2)
2
(67, 31)
-> Request 9
1050
(3, 2, 1)
1
(17, 29)
-> Request 10
1077
(4, 1, 2)
1
(16, 11)
--> Day : 4
-> Request 0
3
(3, 1, 2)
3
(3, 57)
-> Request 1
271
(3, 2, 2)
1
(55, 41)
-> Request 2
823
(4, 3, 1)
1
(34, 49)
-> Request 3
1181
(1, 2, 2)
3
(70, 44)
-> Request 4
1408
(2, 3, 2)
3
(79, 32)
---> Week : 18
--> Day : 0
-> Request 0
44
(2, 1, 2)
3
(56, 75)
-> Request 1
47
(3, 1, 2)
1
(40, 19)
-> Request 2
336
(1, 2, 2)
1
(69, 0)
-> Request 3
447
(2, 2, 1)
1
(37, 22)
-> Request 4
493
(4, 2, 2)
2
(71, 19)
-> Request 5
740
(2, 3, 1)
2
(12, 44)
-> Request 6
1078
(4, 1, 1)
2
(18, 41)
-> Request 7
1290
(3, 1, 1)
3
(55, 72)
--> Day : 1
-> Request 0
269
(3, 1, 2)
2
(66, 3)
-> Request 1
632
(4, 1, 2)
2
(71, 39)
-> Request 2
717
(2, 1, 1)
2
(4, 10)
-> Request 3
896
(4, 1, 1)
1
(76, 0)
--> Day : 2
-> Request 0
167
(1, 1, 1)
2
(61, 71)
-> Request 1
842
(3, 2, 1)
2
(41, 26)
-> Request 2
963
(4, 3, 2)
1
(8, 30)
-> Request 3
1128
(1, 2, 1)
1
(53, 25)
-> Request 4
1159
(2, 1, 2)
1
(29, 8)
-> Request 5
1319
(2, 2, 2)
2
(79, 34)
-> Request 6
1321
(4, 3, 1)
1
(53, 23)
-> Request 7
1421
(4, 1, 2)
2
(57, 0)
--> Day : 3
-> Request 0
16
(4, 1, 2)
2
(30, 31)
-> Request 1
34
(4, 1, 1)
1
(53, 68)
-> Request 2
417
(1, 3, 1)
2
(8, 9)
-> Request 3
451
(1, 2, 2)
1
(37, 11)
-> Request 4
549
(1, 1, 2)
2
(36, 5)
-> Request 5
971
(2, 3, 2)
3
(38, 71)
--> Day : 4
-> Request 0
69
(3, 2, 1)
3
(3, 3)
-> Request 1
478
(2, 1, 2)
3
(6, 41)
-> Request 2
604
(3, 1, 2)
1
(52, 62)
-> Request 3
1160
(4, 2, 1)
1
(30, 47)
-> Request 4
1259
(2, 3, 2)
2
(15, 30)
---> Week : 19
--> Day : 0
-> Request 0
203
(1, 2, 2)
1
(19, 58)
-> Request 1
223
(3, 2, 1)
2
(3, 49)
-> Request 2
276
(2, 1, 2)
1
(7, 9)
-> Request 3
496
(2, 1, 2)
2
(0, 12)
-> Request 4
861
(2, 1, 2)
1
(38, 21)
-> Request 5
906
(1, 1, 1)
3
(5, 0)
-> Request 6
1032
(3, 3, 1)
3
(31, 37)
-> Request 7
1409
(4, 2, 2)
3
(40, 49)
--> Day : 1
-> Request 0
111
(1, 2, 1)
1
(47, 22)
-> Request 1
677
(1, 2, 2)
2
(77, 57)
-> Request 2
866
(4, 2, 2)
1
(70, 13)
-> Request 3
1012
(3, 2, 2)
2
(45, 1)
-> Request 4
1148
(1, 2, 1)
2
(53, 10)
-> Request 5
1205
(1, 3, 2)
1
(7, 37)
-> Request 6
1246
(4, 3, 1)
2
(75, 10)
-> Request 7
1288
(4, 3, 2)
2
(41, 60)
-> Request 8
1383
(2, 3, 2)
1
(56, 29)
--> Day : 2
-> Request 0
410
(3, 3, 2)
1
(56, 3)
-> Request 1
718
(2, 3, 1)
3
(4, 63)
-> Request 2
777
(3, 3, 1)
1
(14, 56)
-> Request 3
1032
(4, 1, 1)
3
(55, 55)
-> Request 4
1032
(2, 1, 1)
1
(66, 53)
-> Request 5
1132
(4, 3, 2)
3
(15, 10)
-> Request 6
1167
(3, 1, 1)
1
(31, 61)
--> Day : 3
-> Request 0
15
(4, 3, 1)
2
(62, 1)
-> Request 1
365
(3, 1, 1)
2
(64, 6)
-> Request 2
481
(2, 3, 1)
3
(6, 20)
-> Request 3
1391
(2, 2, 2)
1
(12, 0)
--> Day : 4
-> Request 0
236
(3, 2, 1)
1
(34, 29)
-> Request 1
374
(1, 3, 2)
2
(11, 73)
-> Request 2
477
(3, 1, 2)
3
(73, 71)
-> Request 3
500
(3, 1, 1)
3
(46, 33)
-> Request 4
555
(3, 3, 1)
3
(57, 34)
-> Request 5
796
(4, 2, 2)
3
(14, 67)
-> Request 6
1252
(4, 2, 1)
1
(70, 68)
-> Request 7
1385
(2, 2, 1)
1
(19, 2)
