---> Week : 0
--> Day : 0
-> Request 0
89
(4, 3, 2)
1
(25, 39)
-> Request 1
129
(4, 3, 2)
3
(61, 4)
-> Request 2
540
(4, 1, 2)
1
(50, 65)
-> Request 3
754
(4, 1, 1)
2
(77, 41)
-> Request 4
844
(3, 2, 2)
2
(28, 26)
-> Request 5
977
(3, 2, 1)
1
(62, 45)
-> Request 6
1012
(1, 2, 1)
2
(30, 31)
-> Request 7
1263
(1, 3, 2)
2
(36, 10)
--> Day : 1
-> Request 0
45
(4, 2, 1)
2
(69, 3)
-> Request 1
115
(3, 2, 2)
3
(3, 25)
-> Request 2
138
(4, 3, 1)
2
(28, 78)
-> Request 3
174
(3, 1, 2)
1
(58, 35)
-> Request 4
466
(1, 3, 2)
3
(71, 54)
-> Request 5
784
(1, 1, 1)
3
(18, 46)
-> Request 6
886
(1, 1, 1)
1
(68, 50)
-> Request 7
1182
(4, 3, 1)
1
(37, 40)
--> Day : 2
-> Request 0
567
(3, 3, 1)
1
(73, 46)
--> Day : 3
-> Request 0
253
(2, 3, 2)
2
(28, 33)
-> Request 1
639
(4, 2, 2)
1
(53, 38)
-> Request 2
700
(1, 3, 1)
2
(43, 23)
-> Request 3
760
(4, 2, 1)
1
(3, 27)
-> Request 4
954
(4, 3, 2)
3
(64, 9)
-> Request 5
1064
(4, 3, 1)
2
(41, 2)
-> Request 6
1216
(1, 3, 2)
1
(14, 52)
--> Day : 4
-> Request 0
88
(1, 3, 1)
2
(2, 55)
-> Request 1
163
(3, 2, 2)
2
(69, 14)
-> Request 2
923
(3, 1, 1)
1
(55, 36)
-> Request 3
978
(4, 2, 1)
3
(49, 3)
-> Request 4
1274
(1, 1, 1)
2
(4, 28)
-> Request 5
1406
(4, 1, 1)
1
(2, 6)
-> Request 6
1418
(3, 3, 2)
3
(78, 65)
---> Week : 1
--> Day : 0
-> Request 0
46
(2, 2, 1)
1
(20, 45)
-> Request 1
47
(4, 1, 1)
3
(35, 45)
-> Request 2
156
(2, 1, 1)
2
(20, 68)
-> Request 3
926
(1, 1, 1)
1
(43, 33)
-> Request 4
931
(2, 1, 1)
1
(5, 63)
-> Request 5
968
(2, 2, 1)
2
(25, 42)
-> Request 6
1091
(2, 1, 1)
3
(33, 62)
-> Request 7
1264
(3, 3, 2)
3
(14, 31)
--> Day : 1
-> Request 0
350
(2, 1, 1)
3
(21, 42)
--> Day : 2
-> Request 0
129
(1, 2, 1)
2
(17, 53)
-> Request 1
467
(4, 2, 2)
1
(70, 57)
-> Request 2
639
(2, 3, 1)
2
(65, 38)
-> Request 3
766
(2, 1, 1)
1
(46, 48)
-> Request 4
882
(4, 3, 1)
1
(36, 14)
-> Request 5
891
(4, 2, 2)
3
(39, 60)
-> Request 6
914
(1, 1, 1)
2
(74, 33)
-> Request 7
1039
(4, 3, 1)
3
(45, 8)
-> Request 8
1167
(4, 3, 2)
1
(22, 66)
-> Request 9
1323
(1, 3, 1)
2
(29, 79)
--> Day : 3
-> Request 0
83
(4, 2, 1)
1
(22, 13)
-> Request 1
430
(2, 1, 2)
2
(38, 22)
-> Request 2
704
(1, 1, 2)
3
(31, 38)
-> Request 3
716
(1, 2, 2)
3
(14, 62)
-> Request 4
1350
(2, 1, 1)
1
(45, 60)
-> Request 5
1439
(3, 3, 1)
1
(18, 55)
--> Day : 4
-> Request 0
3
(4, 2, 2)
3
(69, 37)
-> Request 1
39
(3, 3, 1)
2
(60, 7)
-> Request 2
150
(4, 3, 1)
2
(43, 13)
-> Request 3
1412
(4, 1, 2)
2
(8, 79)
---> Week : 2
--> Day : 0
-> Request 0
133
(2, 3, 2)
1
(20, 24)
-> Request 1
133
(4, 3, 1)
2
(77, 22)
-> Request 2
144
(3, 3, 2)
3
(28, 11)
-> Request 3
158
(2, 3, 1)
3
(68, 24)
-> Request 4
895
(1, 2, 2)
2
(29, 38)
-> Request 5
964
(4, 2, 1)
3
(48, 40)
-> Request 6
1074
(2, 2, 1)
1
(55, 72)
-> Request 7
1384
(3, 3, 1)
1
(76, 57)
--> Day : 1
-> Request 0
310
(4, 2, 2)
2
(60, 53)
-> Request 1
544
(2, 2, 2)
1
(71, 42)
-> Request 2
1077
(3, 3, 2)
2
(15, 10)
-> Request 3
1247
(1, 3, 1)
3
(34, 15)
-> Request 4
1364
(1, 3, 2)
3
(56, 49)
-> Request 5
1391
(2, 1, 1)
3
(34, 9)
--> Day : 2
-> Request 0
43
(3, 1, 2)
2
(52, 43)
-> Request 1
53
(2, 3, 1)
3
(66, 78)
-> Request 2
74
(4, 2, 2)
2
(11, 45)
-> Request 3
198
(1, 3, 1)
2
(52, 20)
-> Request 4
294
(3, 3, 2)
1
(71, 47)
-> Request 5
337
(4, 3, 1)
2
(68, 54)
--> Day : 3
-> Request 0
200
(2, 2, 2)
2
(45, 15)
-> Request 1
561
(2, 3, 2)
2
(68, 71)
-> Request 2
602
(4, 3, 1)
2
(77, 65)
-> Request 3
1004
(3, 3, 2)
1
(39, 14)
-> Request 4
1268
(2, 1, 1)
3
(16, 60)
-> Request 5
1338
(1, 1, 2)
1
(13, 68)
--> Day : 4
-> Request 0
193
(3, 1, 2)
3
(53, 42)
-> Request 1
342
(3, 3, 2)
2
(78, 62)
-> Request 2
353
(2, 2, 2)
2
(43, 32)
-> Request 3
947
(2, 2, 1)
2
(2, 45)
-> Request 4
959
(1, 3, 2)
1
(9, 63)
-> Request 5
1050
(4, 3, 2)
3
(17, 54)
-> Request 6
1145
(1, 1, 1)
3
(9, 77)
-> Request 7
1357
(2, 3, 1)
1
(75, 16)
-> Request 8
1436
(4, 3, 1)
1
(79, 38)
---> Week : 3
--> Day : 0
-> Request 0
19
(4, 3, 1)
1
(20, 49)
-> Request 1
71
(2, 1, 1)
2
(66, 38)
-> Request 2
199
(2, 3, 1)
3
(38, 40)
-> Request 3
471
(1, 2, 2)
3
(12, 8)
-> Request 4
773
(3, 3, 1)
2
(13, 30)
-> Request 5
777
(2, 3, 1)
3
(15, 69)
-> Request 6
1188
(1, 3, 2)
3
(45, 55)
--> Day : 1
-> Request 0
1370
(1, 2, 2)
2
(57, 32)
--> Day : 2
-> Request 0
312
(3, 1, 2)
1
(39, 58)
-> Request 1
1025
(3, 3, 1)
1
(58, 40)
-> Request 2
1229
(1, 2, 1)
3
(28, 29)
-> Request 3
1270
(4, 1, 2)
3
(18, 34)
-> Request 4
1303
(4, 1, 1)
3
(50, 75)
-> Request 5
1408
(1, 3, 1)
3
(60, 56)
--> Day : 3
-> Request 0
401
(3, 3, 2)
2
(35, 55)
-> Request 1
721
(1, 1, 2)
3
(45, 34)
-> Request 2
885
(2, 2, 2)
1
(24, 73)
-> Request 3
1158
(4, 1, 2)
1
(45, 5)
--> Day : 4
-> Request 0
66
(4, 2, 2)
1
(59, 16)
-> Request 1
527
(1, 1, 1)
3
(42, 12)
-> Request 2
622
(4, 3, 2)
1
(32, 25)
-> Request 3
753
(2, 1, 1)
1
(8, 36)
-> Request 4
862
(3, 2, 1)
3
(20, 23)
-> Request 5
1184
(1, 2, 1)
2
(5, 35)
---> Week : 4
--> Day : 0
-> Request 0
409
(1, 2, 2)
2
(73, 16)
-> Request 1
661
(4, 2, 2)
2
(56, 51)
-> Request 2
1012
(1, 2, 2)
2
(54, 17)
-> Request 3
1040
(4, 2, 2)
3
(19, 62)
-> Request 4
1098
(1, 2, 1)
3
(16, 77)
--> Day : 1
-> Request 0
181
(1, 1, 1)
2
(10, 15)
-> Request 1
858
(4, 2, 2)
1
(20, 30)
-> Request 2
1049
(2, 1, 1)
2
(26, 20)
-> Request 3
1237
(4, 1, 2)
2
(27, 43)
-> Request 4
1294
(3, 3, 2)
3
(76, 51)
-> Request 5
1374
(4, 1, 2)
2
(29, 56)
--> Day : 2
-> Request 0
134
(2, 1, 1)
1
(36, 66)
-> Request 1
1222
(4, 1, 1)
1
(71, 76)
--> Day : 3
-> Request 0
67
(2, 3, 2)
1
(79, 44)
-> Request 1
256
(3, 2, 2)
2
(43, 33)
-> Request 2
855
(2, 2, 2)
3
(42, 25)
-> Request 3
1020
(3, 3, 2)
2
(76, 76)
-> Request 4
1087
(1, 3, 1)
3
(11, 68)
-> Request 5
1133
(2, 2, 1)
2
(25, 58)
--> Day : 4
-> Request 0
119
(4, 2, 1)
2
(29, 24)
-> Request 1
502
(4, 3, 1)
1
(50, 72)
-> Request 2
531
(3, 2, 2)
1
(41, 3)
-> Request 3
646
(2, 2, 2)
1
(8, 4)
-> Request 4
944
(2, 2, 2)
1
(18, 67)
-> Request 5
983
(4, 3, 2)
1
(16, 3)
-> Request 6
1384
(3, 3, 2)
3
(78, 65)
---> Week : 5
--> Day : 0
-> Request 0
408
(3, 1, 1)
2
(79, 6)
-> Request 1
792
(4, 2, 2)
3
(63, 9)
-> Request 2
870
(1, 3, 2)
1
(8, 4)
-> Request 3
995
(1, 3, 1)
2
(55, 54)
-> Request 4
1213
(3, 3, 1)
3
(5, 3)
--> Day : 1
-> Request 0
672
(4, 1, 2)
3
(5, 48)
-> Request 1
1048
(1, 3, 2)
2
(29, 61)
-> Request 2
1286
(1, 1, 2)
3
(60, 16)
-> Request 3
1342
(1, 3, 2)
1
(79, 7)
--> Day : 2
-> Request 0
131
(3, 2, 1)
3
(1, 38)
-> Request 1
328
(4, 3, 1)
1
(62, 39)
-> Request 2
419
(3, 2, 1)
1
(16, 19)
-> Request 3
709
(2, 3, 1)
2
(8, 47)
-> Request 4
1187
(4, 1, 2)
3
(43, 77)
-> Request 5
1215
(4, 1, 1)
1
(47, 16)
--> Day : 3
-> Request 0
139
(2, 2, 1)
3
(34, 70)
-> Request 1
774
(2, 1, 2)
1
(30, 1)
-> Request 2
786
(3, 3, 1)
3
(17, 45)
-> Request 3
843
(3, 1, 2)
1
(46, 72)
-> Request 4
930
(4, 2, 2)
2
(58, 33)
-> Request 5
933
(3, 2, 1)
2
(8, 14)
-> Request 6
995
(1, 2, 1)
1
(48, 44)
-> Request 7
1219
(1, 2, 2)
1
(55, 2)
--> Day : 4
-> Request 0
192
(3, 3, 1)
3
(29, 33)
-> Request 1
335
(2, 3, 1)
2
(9, 35)
-> Request 2
402
(1, 3, 1)
2
(65, 66)
-> Request 3
537
(2, 1, 2)
3
(59, 9)
-> Request 4
906
(2, 3, 1)
1
(73, 78)
-> Request 5
1025
(2, 2, 1)
1
(70, 77)
-> Request 6
1346
(2, 1, 1)
3
(65, 10)
---> Week : 6
--> Day : 0
-> Request 0
308
(1, 3, 1)
2
(61, 61)
-> Request 1
1384
(3, 3, 1)
1
(34, 49)
--> Day : 1
-> Request 0
213
(4, 2, 1)
1
(78, 38)
-> Request 1
560
(3, 1, 1)
3
(51, 9)
-> Request 2
720
(2, 2, 2)
2
(42, 73)
-> Request 3
912
(3, 2, 2)
2
(10, 52)
-> Request 4
1046
(1, 1, 1)
3
(21, 56)
--> Day : 2
-> Request 0
45
(3, 1, 1)
1
(12, 37)
-> Request 1
223
(3, 3, 2)
1
(5, 57)
-> Request 2
411
(3, 2, 1)
3
(1, 25)
-> Request 3
448
(4, 1, 1)
1
(25, 20)
-> Request 4
904
(3, 1, 1)
2
(16, 23)
-> Request 5
937
(2, 1, 2)
2
(61, 37)
-> Request 6
1036
(3, 1, 1)
1
(27, 4)
-> Request 7
1044
(2, 1, 1)
1
(43, 45)
-> Request 8
1050
(2, 2, 2)
1
(44, 11)
-> Request 9
1094
(1, 2, 2)
1
(44, 31)
-> Request 10
1102
(2, 2, 2)
1
(41, 46)
-> Request 11
1345
(4, 1, 2)
1
(17, 31)
--> Day : 3
-> Request 0
7
(1, 3, 1)
3
(15, 47)
-> Request 1
195
(3, 1, 1)
2
(64, 53)
-> Request 2
526
(4, 1, 1)
2
(0, 30)
-> Request 3
711
(2, 3, 1)
2
(19, 68)
-> Request 4
848
(3, 2, 1)
1
(40, 55)
-> Request 5
1262
(4, 2, 2)
1
(11, 64)
-> Request 6
1399
(1, 3, 1)
1
(72, 67)
-> Request 7
1405
(2, 2, 1)
2
(64, 52)
--> Day : 4
-> Request 0
88
(4, 3, 1)
3
(24, 45)
-> Request 1
120
(1, 3, 2)
3
(48, 21)
-> Request 2
172
(2, 3, 1)
1
(42, 44)
-> Request 3
262
(2, 3, 2)
3
(4, 28)
-> Request 4
456
(4, 3, 1)
2
(37, 20)
-> Request 5
587
(2, 1, 1)
3
(50, 74)
-> Request 6
801
(2, 1, 1)
2
(59, 7)
-> Request 7
819
(3, 2, 2)
3
(48, 57)
-> Request 8
949
(3, 2, 1)
1
(76, 15)
-> Request 9
1223
(3, 1, 1)
3
(29, 5)
---> Week : 7
--> Day : 0
-> Request 0
63
(2, 2, 2)
3
(51, 9)
-> Request 1
91
(2, 3, 1)
2
(49, 47)
-> Request 2
378
(4, 1, 2)
1
(62, 63)
-> Request 3
517
(1, 1, 1)
1
(62, 72)
-> Request 4
599
(4, 3, 1)
2
(57, 6)
-> Request 5
1257
(1, 3, 1)
2
(69, 23)
--> Day : 1
-> Request 0
339
(3, 2, 2)
1
(13, 19)
-> Request 1
790
(4, 3, 2)
3
(34, 39)
-> Request 2
1182
(3, 3, 2)
3
(11, 22)
-> Request 3
1252
(3, 2, 1)
1
(35, 21)
--> Day : 2
-> Request 0
51
(4, 1, 2)
2
(14, 26)
-> Request 1
57
(3, 2, 1)
1
(56, 56)
-> Request 2
680
(3, 1, 1)
1
(15, 22)
-> Request 3
875
(3, 1, 2)
3
(62, 38)
-> Request 4
890
(3, 3, 1)
1
(35, 38)
-> Request 5
1330
(3, 1, 1)
3
(55, 24)
--> Day : 3
-> Request 0
54
(2, 2, 1)
2
(45, 78)
-> Request 1
458
(2, 2, 1)
2
(39, 68)
-> Request 2
1262
(3, 1, 1)
1
(42, 72)
-> Request 3
1346
(2, 3, 1)
2
(48, 35)
--> Day : 4
-> Request 0
135
(3, 3, 1)
3
(25, 41)
-> Request 1
351
(3, 2, 2)
3
(47, 56)
-> Request 2
388
(3, 2, 2)
1
(48, 74)
-> Request 3
562
(3, 2, 2)
3
(21, 35)
-> Request 4
980
(2, 1, 1)
3
(22, 50)
-> Request 5
1146
(4, 3, 2)
3
(44, 1)
-> Request 6
1381
(4, 2, 2)
2
(60, 61)
-> Request 7
1385
(2, 1, 1)
2
(55, 5)
---> Week : 8
--> Day : 0
-> Request 0
115
(3, 2, 1)
1
(34, 16)
-> Request 1
147
(3, 1, 2)
3
(40, 71)
-> Request 2
451
(2, 1, 1)
3
(77, 50)
-> Request 3
481
(4, 1, 2)
1
(0, 12)
-> Request 4
517
(2, 1, 1)
1
(57, 39)
-> Request 5
684
(1, 1, 1)
2
(65, 2)
-> Request 6
918
(3, 1, 2)
2
(66, 76)
-> Request 7
1193
(1, 3, 2)
2
(56, 28)
-> Request 8
1197
(1, 1, 2)
2
(5, 7)
-> Request 9
1233
(1, 3, 1)
3
(52, 51)
-> Request 10
1343
(2, 1, 1)
1
(30, 14)
--> Day : 1
-> Request 0
191
(2, 3, 2)
2
(74, 32)
-> Request 1
1213
(3, 3, 2)
2
(8, 46)
-> Request 2
1391
(1, 3, 1)
1
(51, 55)
--> Day : 2
-> Request 0
493
(1, 3, 1)
3
(52, 9)
-> Request 1
1091
(2, 1, 1)
2
(52, 65)
-> Request 2
1144
(2, 2, 1)
3
(53, 7)
--> Day : 3
-> Request 0
1096
(1, 1, 2)
1
(17, 19)
-> Request 1
1254
(3, 2, 1)
1
(79, 53)
--> Day : 4
-> Request 0
262
(2, 2, 1)
3
(39, 48)
-> Request 1
438
(1, 3, 2)
3
(4, 79)
-> Request 2
537
(3, 2, 1)
1
(30, 41)
-> Request 3
1125
(4, 2, 1)
1
(15, 0)
-> Request 4
1177
(4, 1, 2)
2
(51, 2)
-> Request 5
1298
(2, 3, 2)
3
(29, 28)
---> Week : 9
--> Day : 0
-> Request 0
73
(1, 3, 2)
1
(24, 61)
-> Request 1
97
(4, 2, 1)
3
(1, 40)
-> Request 2
546
(4, 3, 2)
2
(67, 5)
-> Request 3
597
(4, 1, 1)
2
(70, 31)
-> Request 4
637
(3, 3, 1)
1
(7, 18)
-> Request 5
666
(3, 1, 1)
3
(67, 14)
-> Request 6
730
(1, 2, 2)
3
(70, 76)
-> Request 7
741
(1, 1, 1)
1
(59, 27)
-> Request 8
801
(2, 3, 1)
2
(51, 12)
-> Request 9
883
(3, 2, 2)
2
(66, 10)
--> Day : 1
-> Request 0
400
(3, 1, 2)
2
(28, 60)
-> Request 1
417
(1, 1, 1)
1
(51, 33)
-> Request 2
853
(4, 1, 1)
2
(24, 29)
-> Request 3
996
(3, 2, 1)
2
(10, 36)
--> Day : 2
-> Request 0
28
(2, 2, 2)
3
(70, 42)
-> Request 1
276
(4, 2, 1)
2
(76, 35)
-> Request 2
1047
(2, 1, 2)
3
(33, 64)
-> Request 3
1059
(4, 1, 2)
1
(27, 38)
--> Day : 3
-> Request 0
428
(3, 1, 2)
1
(41, 76)
-> Request 1
1035
(3, 1, 1)
1
(33, 49)
--> Day : 4
-> Request 0
153
(2, 2, 1)
2
(2, 35)
-> Request 1
203
(4, 1, 2)
3
(70, 56)
-> Request 2
369
(1, 1, 2)
3
(58, 44)
-> Request 3
414
(2, 3, 2)
2
(51, 65)
-> Request 4
459
(1, 2, 2)
3
(12, 26)
-> Request 5
504
(4, 3, 1)
1
(4, 64)
-> Request 6
1121
(1, 3, 1)
2
(57, 35)
-> Request 7
1358
(2, 2, 2)
2
(56, 48)
---> Week : 10
--> Day : 0
-> Request 0
37
(1, 3, 1)
1
(46, 33)
-> Request 1
161
(2, 1, 2)
1
(2, 43)
-> Request 2
1136
(2, 3, 2)
2
(56, 58)
-> Request 3
1334
(3, 3, 1)
2
(71, 36)
--> Day : 1
-> Request 0
355
(1, 2, 2)
1
(37, 40)
-> Request 1
616
(4, 1, 2)
1
(60, 16)
-> Request 2
808
(1, 2, 1)
1
(74, 52)
-> Request 3
926
(3, 3, 1)
3
(45, 30)
-> Request 4
981
(2, 1, 2)
1
(1, 30)
-> Request 5
982
(2, 2, 2)
2
(53, 9)
-> Request 6
1199
(1, 3, 2)
1
(72, 25)
--> Day : 2
-> Request 0
72
(2, 3, 2)
3
(32, 22)
-> Request 1
260
(2, 1, 1)
2
(20, 33)
-> Request 2
716
(2, 3, 2)
1
(46, 68)
-> Request 3
716
(1, 2, 2)
3
(15, 17)
-> Request 4
752
(3, 2, 2)
3
(12, 18)
-> Request 5
789
(2, 3, 2)
2
(58, 1)
-> Request 6
842
(4, 3, 1)
1
(63, 64)
-> Request 7
998
(3, 3, 1)
1
(33, 52)
--> Day : 3
-> Request 0
27
(2, 1, 2)
3
(52, 53)
-> Request 1
162
(4, 3, 1)
1
(4, 10)
-> Request 2
222
(2, 1, 2)
1
(10, 54)
-> Request 3
360
(3, 3, 1)
2
(69, 9)
-> Request 4
410
(1, 3, 1)
1
(6, 65)
-> Request 5
491
(2, 2, 1)
3
(75, 57)
-> Request 6
973
(4, 2, 2)
3
(44, 71)
-> Request 7
1147
(1, 2, 1)
3
(2, 56)
-> Request 8
1272
(1, 1, 2)
1
(68, 43)
-> Request 9
1328
(2, 3, 2)
3
(47, 49)
-> Request 10
1384
(2, 3, 2)
2
(48, 19)
--> Day : 4
-> Request 0
155
(2, 3, 1)
2
(43, 32)
-> Request 1
494
(3, 1, 2)
2
(53, 3)
---> Week : 11
--> Day : 0
-> Request 0
212
(3, 3, 2)
3
(14, 11)
-> Request 1
285
(1, 1, 1)
2
(31, 32)
-> Request 2
361
(3, 2, 1)
1
(59, 42)
-> Request 3
421
(2, 2, 2)
2
(52, 37)
-> Request 4
614
(4, 3, 1)
3
(69, 58)
-> Request 5
855
(1, 2, 2)
3
(74, 22)
-> Request 6
1159
(2, 2, 2)
1
(22, 13)
-> Request 7
1195
(4, 3, 2)
2
(56, 77)
-> Request 8
1209
(3, 2, 1)
2
(66, 63)
-> Request 9
1361
(4, 3, 2)
1
(6, 75)
--> Day : 1
-> Request 0
480
(2, 3, 1)
1
(0, 40)
-> Request 1
530
(1, 2, 2)
2
(0, 41)
-> Request 2
759
(1, 2, 1)
1
(56, 18)
--> Day : 2
-> Request 0
696
(4, 1, 1)
1
(43, 52)
-> Request 1
819
(3, 2, 2)
1
(13, 64)
-> Request 2
847
(4, 3, 2)
3
(37, 67)
-> Request 3
953
(4, 3, 1)
3
(70, 48)
-> Request 4
1271
(1, 3, 1)
2
(26, 50)
-> Request 5
1294
(4, 1, 1)
1
(69, 26)
-> Request 6
1397
(3, 1, 1)
2
(11, 8)
--> Day : 3
-> Request 0
279
(4, 3, 2)
2
(72, 51)
-> Request 1
415
(2, 2, 1)
2
(44, 48)
-> Request 2
498
(4, 3, 2)
3
(69, 7)
-> Request 3
893
(4, 1, 1)
2
(67, 59)
--> Day : 4
-> Request 0
418
(3, 2, 1)
3
(54, 26)
-> Request 1
616
(2, 1, 1)
2
(51, 0)
-> Request 2
730
(1, 2, 2)
2
(36, 18)
---> Week : 12
--> Day : 0
-> Request 0
41
(2, 1, 2)
2
(5, 39)
-> Request 1
131
(1, 2, 1)
1
(40, 30)
-> Request 2
303
(1, 1, 2)
3
(33, 77)
-> Request 3
500
(4, 1, 2)
1
(70, 51)
-> Request 4
780
(2, 1, 2)
3
(30, 6)
-> Request 5
799
(3, 1, 2)
1
(6, 39)
-> Request 6
987
(3, 1, 1)
3
(42, 21)
-> Request 7
1356
(3, 1, 2)
3
(39, 0)
--> Day : 1
-> Request 0
200
(2, 2, 1)
3
(18, 29)
-> Request 1
406
(4, 2, 1)
3
(66, 51)
-> Request 2
858
(3, 2, 2)
2
(59, 55)
-> Request 3
1223
(1, 1, 1)
1
(25, 25)
-> Request 4
1323
(3, 1, 2)
2
(77, 14)
--> Day : 2
-> Request 0
412
(4, 3, 1)
3
(56, 28)
-> Request 1
1060
(4, 3, 2)
2
(50, 59)
--> Day : 3
-> Request 0
32
(3, 1, 1)
1
(21, 6)
-> Request 1
126
(4, 1, 1)
3
(58, 35)
-> Request 2
170
(4, 3, 1)
1
(23, 4)
-> Request 3
672
(4, 1, 1)
3
(38, 51)
--> Day : 4
-> Request 0
2
(4, 3, 1)
3
(30, 2)
-> Request 1
414
(3, 2, 2)
2
(35, 52)
-> Request 2
596
(1, 1, 2)
1
(34, 4)
-> Request 3
1021
(4, 2, 1)
2
(62, 69)
-> Request 4
1144
(4, 1, 1)
3
(2, 0)
-> Request 5
1166
(4, 2, 2)
3
(6, 72)
---> Week : 13
--> Day : 0
-> Request 0
291
(2, 2, 2)
2
(79, 51)
-> Request 1
1092
(3, 2, 1)
2
(0, 45)
-> Request 2
1183
(4, 1, 1)
1
(67, 45)
--> Day : 1
-> Request 0
348
(1, 1, 2)
3
(44, 8)
-> Request 1
411
(4, 3, 1)
2
(71, 48)
-> Request 2
518
(3, 2, 1)
2
(70, 4)
-> Request 3
653
(4, 1, 1)
2
(19, 46)
-> Request 4
780
(1, 3, 1)
1
(2, 18)
-> Request 5
974
(4, 1, 2)
1
(79, 22)
-> Request 6
1182
(4, 1, 2)
2
(2, 15)
-> Request 7
1364
(3, 3, 2)
2
(38, 15)
--> Day : 2
-> Request 0
956
(1, 3, 1)
3
(2, 60)
-> Request 1
1221
(1, 3, 1)
1
(67, 4)
-> Request 2
1255
(2, 3, 2)
3
(31, 46)
-> Request 3
1317
(3, 2, 1)
2
(72, 0)
--> Day : 3
-> Request 0
262
(1, 2, 1)
3
(72, 11)
-> Request 1
376
(1, 2, 2)
2
(2, 69)
-> Request 2
795
(3, 1, 2)
1
(42, 13)
-> Request 3
866
(4, 2, 2)
2
(28, 78)
-> Request 4
913
(4, 1, 2)
1
(40, 30)
-> Request 5
1082
(2, 1, 1)
2
(78, 30)
--> Day : 4
-> Request 0
80
(1, 3, 2)
1
(48, 9)
-> Request 1
129
(4, 1, 2)
2
(6, 72)
-> Request 2
380
(4, 1, 2)
1
(63, 74)
-> Request 3
636
(2, 2, 1)
2
(28, 52)
-> Request 4
903
(1, 2, 1)
1
(20, 46)
---> Week : 14
--> Day : 0
-> Request 0
302
(4, 3, 2)
3
(8, 75)
-> Request 1
403
(1, 2, 2)
2
(12, 76)
-> Request 2
432
(1, 1, 2)
1
(20, 30)
-> Request 3
538
(3, 2, 2)
3
(7, 46)
-> Request 4
665
(1, 3, 2)
1
(67, 36)
-> Request 5
851
(2, 1, 1)
2
(5, 68)
-> Request 6
1091
(4, 3, 2)
2
(15, 15)
--> Day : 1
-> Request 0
953
(2, 3, 1)
1
(15, 29)
--> Day : 2
-> Request 0
900
(3, 1, 1)
2
(5, 8)
-> Request 1
1154
(3, 1, 1)
1
(7, 5)
-> Request 2
1312
(3, 1, 1)
1
(19, 71)
--> Day : 3
-> Request 0
256
(4, 2, 1)
2
(71, 48)
-> Request 1
680
(4, 1, 2)
1
(14, 40)
-> Request 2
1302
(3, 3, 1)
3
(0, 47)
--> Day : 4
-> Request 0
7
(1, 1, 1)
1
(50, 53)
-> Request 1
971
(4, 2, 2)
2
(46, 4)
-> Request 2
1162
(4, 1, 1)
1
(31, 79)
-> Request 3
1186
(1, 1, 1)
3
(35, 21)
---> Week : 15
--> Day : 0
-> Request 0
171
(2, 1, 2)
1
(22, 38)
-> Request 1
212
(3, 1, 2)
3
(7, 10)
-> Request 2
916
(3, 3, 1)
2
(59, 76)
-> Request 3
1381
(2, 1, 2)
2
(28, 62)
--> Day : 1
-> Request 0
209
(1, 2, 2)
1
(54, 73)
-> Request 1
250
(4, 2, 2)
3
(8, 21)
--> Day : 2
-> Request 0
72
(3, 2, 2)
3
(38, 77)
-> Request 1
571
(2, 1, 2)
1
(64, 23)
-> Request 2
1051
(4, 2, 2)
1
(22, 76)
-> Request 3
1124
(1, 1, 2)
2
(10, 74)
-> Request 4
1153
(1, 2, 2)
2
(16, 9)
-> Request 5
1154
(1, 1, 1)
1
(73, 33)
-> Request 6
1194
(3, 2, 2)
3
(56, 63)
-> Request 7
1244
(3, 3, 2)
1
(47, 78)
-> Request 8
1344
(3, 2, 2)
2
(61, 23)
-> Request 9
1359
(3, 1, 2)
1
(0, 19)
--> Day : 3
-> Request 0
400
(1, 3, 2)
1
(36, 72)
-> Request 1
444
(1, 2, 1)
1
(15, 46)
-> Request 2
743
(4, 1, 2)
1
(44, 34)
-> Request 3
815
(3, 3, 1)
1
(44, 5)
-> Request 4
869
(3, 1, 1)
1
(69, 55)
-> Request 5
956
(2, 3, 1)
1
(50, 42)
-> Request 6
1024
(1, 2, 1)
3
(60, 42)
-> Request 7
1042
(4, 1, 2)
3
(0, 46)
-> Request 8
1381
(4, 3, 1)
2
(75, 42)
--> Day : 4
-> Request 0
17
(4, 1, 1)
3
(46, 27)
-> Request 1
1195
(3, 3, 2)
3
(37, 30)
-> Request 2
1244
(4, 2, 2)
3
(61, 45)
---> Week : 16
--> Day : 0
-> Request 0
539
(2, 2, 1)
1
(79, 31)
-> Request 1
935
(4, 2, 1)
1
(30, 71)
-> Request 2
1096
(1, 2, 1)
1
(13, 57)
-> Request 3
1303
(3, 3, 2)
2
(76, 16)
--> Day : 1
-> Request 0
342
(3, 2, 2)
1
(34, 67)
-> Request 1
371
(4, 2, 1)
3
(28, 58)
-> Request 2
446
(2, 2, 1)
2
(24, 44)
-> Request 3
685
(3, 2, 1)
3
(11, 20)
-> Request 4
693
(2, 3, 1)
3
(53, 36)
-> Request 5
858
(4, 1, 2)
1
(34, 59)
-> Request 6
1150
(1, 2, 1)
3
(74, 76)
-> Request 7
1243
(3, 1, 2)
1
(61, 65)
--> Day : 2
-> Request 0
86
(2, 3, 2)
3
(67, 50)
-> Request 1
111
(3, 1, 1)
2
(49, 62)
-> Request 2
162
(3, 1, 2)
3
(61, 61)
-> Request 3
266
(3, 1, 2)
1
(48, 57)
-> Request 4
725
(3, 2, 2)
1
(18, 8)
-> Request 5
932
(2, 2, 2)
2
(33, 79)
--> Day : 3
-> Request 0
123
(2, 2, 1)
1
(24, 71)
-> Request 1
160
(4, 1, 2)
2
(25, 68)
-> Request 2
983
(1, 2, 2)
3
(67, 9)
-> Request 3
1210
(4, 1, 1)
3
(13, 37)
-> Request 4
1270
(1, 3, 2)
1
(0, 77)
-> Request 5
1404
(3, 2, 2)
2
(22, 77)
--> Day : 4
-> Request 0
559
(2, 2, 1)
1
(53, 73)
-> Request 1
710
(2, 2, 1)
2
(60, 33)
-> Request 2
719
(2, 3, 1)
1
(27, 71)
-> Request 3
1114
(1, 2, 2)
3
(32, 75)
-> Request 4
1124
(2, 2, 1)
2
(16, 20)
-> Request 5
1162
(2, 2, 1)
1
(26, 60)
---> Week : 17
--> Day : 0
-> Request 0
308
(1, 3, 1)
2
(20, 72)
-> Request 1
332
(4, 1, 2)
3
(49, 72)
-> Request 2
579
(4, 2, 2)
3
(62, 34)
-> Request 3
639
(4, 3, 2)
1
(24, 2)
-> Request 4
658
(3, 1, 1)
3
(50, 21)
-> Request 5
742
(3, 1, 2)
2
(23, 29)
-> Request 6
876
(1, 2, 1)
2
(21, 42)
--> Day : 1
-> Request 0
176
(1, 2, 2)
3
(3, 8)
-> Request 1
763
(1, 3, 2)
3
(50, 0)
--> Day : 2
-> Request 0
813
(1, 2, 2)
3
(19, 68)
-> Request 1
818
(1, 2, 2)
3
(47, 58)
-> Request 2
1420
(3, 1, 2)
3
(16, 72)
--> Day : 3
-> Request 0
76
(2, 1, 1)
2
(0, 18)
-> Request 1
285
(4, 2, 1)
2
(72, 79)
-> Request 2
357
(4, 1, 2)
1
(36, 46)
-> Request 3
508
(1, 1, 2)
3
(13, 44)
-> Request 4
1108
(4, 1, 1)
1
(5, 44)
-> Request 5
1119
(1, 3, 1)
3
(22, 76)
-> Request 6
1326
(1, 3, 2)
1
(8, 66)
--> Day : 4
-> Request 0
152
(4, 2, 2)
3
(28, 39)
-> Request 1
257
(4, 3, 1)
2
(72, 64)
-> Request 2
309
(2, 1, 2)
1
(10, 57)
-> Request 3
633
(4, 1, 1)
2
(46, 16)
-> Request 4
721
(2, 2, 2)
1
(63, 14)
---> Week : 18
--> Day : 0
-> Request 0
77
(2, 1, 1)
1
(41, 76)
-> Request 1
135
(4, 2, 2)
3
(78, 78)
-> Request 2
204
(1, 1, 1)
1
(57, 56)
-> Request 3
331
(2, 3, 1)
2
(12, 24)
-> Request 4
956
(2, 3, 1)
1
(48, 51)
-> Request 5
1015
(3, 2, 2)
3
(45, 48)
-> Request 6
1055
(4, 1, 2)
2
(64, 42)
-> Request 7
1264
(2, 2, 2)
1
(29, 52)
-> Request 8
1266
(4, 2, 1)
1
(79, 75)
-> Request 9
1318
(1, 2, 2)
1
(29, 74)
--> Day : 1
-> Request 0
239
(4, 3, 2)
3
(5, 45)
-> Request 1
241
(1, 2, 1)
1
(62, 29)
-> Request 2
1065
(3, 2, 1)
3
(53, 73)
--> Day : 2
-> Request 0
62
(3, 2, 2)
3
(51, 56)
-> Request 1
464
(3, 2, 1)
3
(40, 19)
-> Request 2
532
(2, 1, 2)
2
(75, 52)
-> Request 3
1256
(1, 3, 1)
2
(28, 45)
-> Request 4
1311
(3, 2, 2)
3
(59, 28)
--> Day : 3
-> Request 0
113
(1, 3, 1)
1
(11, 63)
-> Request 1
285
(4, 3, 1)
3
(23, 20)
-> Request 2
307
(3, 1, 1)
2
(58, 59)
-> Request 3
323
(4, 2, 1)
1
(34, 26)
-> Request 4
399
(1, 3, 1)
1
(23, 33)
-> Request 5
492
(4, 2, 1)
1
(2, 44)
-> Request 6
1342
(2, 3, 1)
3
(61, 50)
--> Day : 4
-> Request 0
157
(1, 2, 2)
3
(46, 9)
-> Request 1
322
(3, 3, 2)
2
(60, 36)
-> Request 2
448
(2, 3, 1)
3
(67, 0)
-> Request 3
837
(3, 3, 2)
2
(56, 56)
-> Request 4
1045
(2, 1, 1)
1
(74, 18)
-> Request 5
1318
(4, 3, 1)
1
(20, 0)
---> Week : 19
--> Day : 0
-> Request 0
848
(2, 1, 1)
3
(73, 7)
-> Request 1
913
(3, 2, 2)
2
(7, 58)
-> Request 2
1017
(2, 2, 2)
1
(47, 1)
-> Request 3
1314
(1, 2, 1)
1
(52, 31)
-> Request 4
1406
(2, 2, 1)
3
(53, 37)
--> Day : 1
-> Request 0
37
(3, 2, 2)
2
(72, 5)
-> Request 1
83
(1, 2, 1)
1
(36, 66)
-> Request 2
206
(3, 2, 1)
1
(5, 3)
-> Request 3
470
(4, 1, 1)
2
(67, 70)
-> Request 4
591
(4, 1, 2)
1
(4, 54)
-> Request 5
979
(1, 1, 1)
3
(4, 8)
-> Request 6
1036
(1, 3, 2)
1
(33, 3)
--> Day : 2
-> Request 0
96
(1, 1, 2)
2
(61, 43)
-> Request 1
377
(4, 1, 2)
3
(15, 19)
-> Request 2
503
(3, 2, 1)
3
(59, 68)
-> Request 3
662
(1, 1, 2)
1
(1, 71)
-> Request 4
867
(3, 3, 1)
3
(12, 31)
-> Request 5
1328
(3, 2, 1)
2
(8, 71)
--> Day : 3
-> Request 0
107
(4, 2, 2)
1
(72, 4)
-> Request 1
108
(4, 2, 2)
2
(58, 28)
-> Request 2
357
(1, 3, 2)
2
(8, 49)
-> Request 3
468
(4, 1, 1)
3
(3, 34)
-> Request 4
777
(1, 1, 1)
2
(2, 77)
-> Request 5
811
(3, 2, 1)
2
(29, 73)
--> Day : 4
-> Request 0
36
(1, 3, 1)
2
(29, 40)
-> Request 1
105
(3, 1, 1)
1
(27, 29)
-> Request 2
176
(1, 2, 1)
2
(11, 63)
-> Request 3
302
(4, 3, 1)
2
(64, 9)
-> Request 4
367
(1, 3, 1)
1
(47, 23)
-> Request 5
475
(3, 1, 2)
1
(19, 68)
-> Request 6
871
(1, 2, 2)
2
(20, 9)
-> Request 7
1020
(4, 3, 1)
2
(41, 17)
-> Request 8
1129
(1, 3, 1)
3
(6, 51)
