---> Week : 0
--> Day : 0
-> Request 0
102
(3, 2, 2)
3
(7, 46)
-> Request 1
312
(2, 3, 2)
1
(24, 15)
-> Request 2
385
(2, 1, 2)
3
(22, 78)
-> Request 3
387
(1, 2, 2)
1
(22, 39)
-> Request 4
518
(4, 2, 1)
2
(49, 9)
-> Request 5
842
(2, 3, 1)
1
(47, 20)
-> Request 6
1296
(4, 1, 2)
3
(64, 44)
-> Request 7
1324
(3, 2, 1)
3
(57, 13)
-> Request 8
1436
(2, 3, 1)
1
(61, 22)
--> Day : 1
-> Request 0
174
(3, 3, 1)
1
(42, 46)
-> Request 1
795
(2, 2, 2)
2
(19, 66)
-> Request 2
1019
(2, 1, 2)
1
(13, 40)
-> Request 3
1081
(3, 1, 2)
3
(5, 5)
--> Day : 2
-> Request 0
191
(3, 2, 1)
1
(54, 9)
-> Request 1
457
(3, 3, 1)
2
(47, 44)
-> Request 2
543
(1, 2, 1)
3
(63, 7)
-> Request 3
654
(3, 2, 2)
1
(5, 63)
-> Request 4
656
(1, 1, 2)
1
(0, 52)
-> Request 5
744
(1, 2, 1)
1
(70, 46)
-> Request 6
1246
(2, 3, 1)
3
(76, 69)
--> Day : 3
-> Request 0
28
(4, 1, 2)
1
(39, 45)
-> Request 1
253
(1, 3, 1)
3
(29, 31)
-> Request 2
280
(3, 1, 2)
3
(35, 65)
-> Request 3
563
(1, 1, 2)
1
(24, 11)
-> Request 4
1383
(4, 2, 2)
2
(36, 59)
-> Request 5
1437
(4, 3, 2)
2
(46, 61)
--> Day : 4
-> Request 0
288
(4, 1, 1)
3
(71, 59)
-> Request 1
532
(2, 3, 1)
2
(47, 13)
-> Request 2
592
(1, 3, 1)
2
(54, 17)
-> Request 3
900
(4, 1, 1)
3
(42, 40)
-> Request 4
1207
(1, 3, 1)
2
(56, 36)
-> Request 5
1240
(1, 1, 1)
3
(67, 72)
---> Week : 1
--> Day : 0
-> Request 0
349
(3, 2, 1)
1
(78, 14)
-> Request 1
366
(2, 1, 2)
2
(51, 36)
-> Request 2
426
(2, 1, 1)
3
(5, 0)
-> Request 3
426
(4, 1, 2)
1
(5, 73)
-> Request 4
492
(4, 3, 1)
3
(64, 56)
-> Request 5
687
(1, 2, 1)
1
(61, 16)
-> Request 6
1388
(2, 2, 2)
2
(71, 14)
-> Request 7
1434
(2, 3, 1)
3
(79, 38)
--> Day : 1
-> Request 0
171
(2, 1, 1)
2
(13, 14)
-> Request 1
392
(1, 2, 1)
1
(56, 75)
-> Request 2
555
(4, 1, 1)
2
(37, 29)
-> Request 3
701
(3, 1, 1)
2
(27, 4)
-> Request 4
746
(2, 2, 2)
2
(59, 39)
-> Request 5
978
(4, 2, 2)
3
(49, 74)
-> Request 6
1115
(2, 2, 1)
3
(38, 5)
-> Request 7
1179
(4, 3, 2)
3
(1, 31)
-> Request 8
1301
(4, 1, 1)
1
(48, 3)
--> Day : 2
-> Request 0
875
(1, 3, 2)
3
(19, 1)
-> Request 1
941
(4, 2, 2)
3
(47, 69)
-> Request 2
954
(2, 1, 2)
2
(77, 73)
--> Day : 3
-> Request 0
72
(3, 3, 1)
1
(73, 6)
-> Request 1
384
(3, 3, 2)
3
(27, 52)
-> Request 2
442
(4, 2, 2)
2
(10, 45)
-> Request 3
635
(3, 1, 2)
3
(10, 70)
-> Request 4
1098
(1, 3, 1)
1
(45, 58)
-> Request 5
1116
(3, 2, 2)
2
(26, 31)
-> Request 6
1211
(4, 3, 2)
1
(44, 14)
-> Request 7
1368
(1, 1, 2)
1
(31, 58)
--> Day : 4
-> Request 0
694
(1, 2, 2)
2
(12, 22)
-> Request 1
1032
(3, 3, 2)
2
(23, 67)
---> Week : 2
--> Day : 0
-> Request 0
320
(4, 3, 1)
1
(15, 79)
-> Request 1
465
(2, 1, 2)
3
(2, 10)
-> Request 2
772
(3, 2, 1)
2
(46, 32)
-> Request 3
800
(3, 2, 2)
1
(51, 65)
-> Request 4
1251
(4, 3, 2)
2
(36, 57)
-> Request 5
1297
(3, 1, 1)
1
(57, 20)
--> Day : 1
-> Request 0
40
(4, 2, 1)
2
(7, 0)
-> Request 1
104
(4, 2, 1)
2
(26, 74)
-> Request 2
164
(1, 2, 2)
3
(69, 22)
-> Request 3
400
(3, 3, 2)
3
(1, 35)
-> Request 4
906
(2, 1, 1)
1
(37, 1)
-> Request 5
991
(3, 2, 2)
3
(55, 10)
-> Request 6
1378
(4, 1, 1)
3
(66, 42)
--> Day : 2
-> Request 0
285
(4, 1, 2)
2
(25, 38)
-> Request 1
425
(1, 2, 1)
1
(48, 2)
-> Request 2
485
(2, 2, 2)
2
(67, 11)
-> Request 3
524
(3, 3, 2)
3
(9, 38)
-> Request 4
579
(2, 2, 2)
1
(52, 75)
-> Request 5
865
(3, 2, 2)
3
(24, 9)
-> Request 6
1035
(3, 3, 2)
1
(4, 61)
-> Request 7
1264
(3, 2, 1)
2
(58, 6)
--> Day : 3
-> Request 0
229
(1, 2, 1)
1
(73, 12)
-> Request 1
230
(2, 3, 1)
3
(79, 52)
-> Request 2
443
(2, 1, 1)
1
(11, 14)
-> Request 3
571
(2, 1, 2)
1
(30, 53)
-> Request 4
1117
(3, 1, 2)
3
(8, 9)
--> Day : 4
-> Request 0
7
(4, 2, 2)
3
(15, 68)
-> Request 1
1152
(1, 3, 2)
1
(54, 24)
-> Request 2
1177
(2, 2, 2)
3
(24, 50)
---> Week : 3
--> Day : 0
-> Request 0
326
(1, 2, 1)
1
(75, 11)
-> Request 1
799
(1, 2, 2)
3
(49, 7)
-> Request 2
951
(1, 2, 2)
2
(15, 27)
-> Request 3
1287
(1, 3, 2)
2
(11, 69)
--> Day : 1
-> Request 0
172
(4, 2, 1)
3
(50, 76)
-> Request 1
251
(2, 2, 2)
3
(38, 37)
-> Request 2
426
(2, 2, 1)
3
(54, 30)
-> Request 3
926
(4, 1, 1)
2
(4, 43)
-> Request 4
945
(2, 3, 2)
2
(22, 66)
-> Request 5
1082
(3, 1, 1)
3
(19, 75)
-> Request 6
1132
(2, 1, 1)
1
(30, 59)
--> Day : 2
--> Day : 3
-> Request 0
205
(3, 3, 2)
1
(36, 67)
-> Request 1
253
(1, 2, 2)
3
(47, 29)
-> Request 2
311
(2, 3, 1)
2
(15, 69)
-> Request 3
851
(4, 2, 2)
2
(19, 30)
-> Request 4
948
(2, 3, 2)
2
(37, 78)
-> Request 5
984
(4, 1, 1)
1
(25, 12)
-> Request 6
1108
(4, 2, 1)
3
(34, 9)
-> Request 7
1154
(2, 1, 2)
3
(30, 55)
-> Request 8
1385
(1, 1, 2)
1
(62, 17)
--> Day : 4
-> Request 0
8
(4, 1, 2)
2
(51, 7)
-> Request 1
182
(4, 3, 2)
1
(77, 26)
-> Request 2
668
(4, 3, 2)
3
(4, 22)
-> Request 3
1128
(4, 3, 1)
1
(62, 3)
-> Request 4
1191
(4, 1, 1)
3
(62, 74)
---> Week : 4
--> Day : 0
-> Request 0
406
(1, 2, 2)
2
(24, 24)
-> Request 1
628
(3, 3, 1)
2
(73, 38)
-> Request 2
758
(1, 3, 1)
2
(66, 47)
--> Day : 1
-> Request 0
5
(3, 2, 2)
1
(70, 67)
-> Request 1
376
(1, 1, 2)
3
(62, 25)
-> Request 2
471
(2, 1, 2)
1
(23, 45)
-> Request 3
498
(3, 2, 2)
3
(21, 39)
-> Request 4
552
(2, 2, 2)
3
(10, 9)
-> Request 5
554
(4, 2, 1)
2
(3, 74)
-> Request 6
570
(1, 3, 2)
1
(63, 26)
-> Request 7
800
(2, 3, 1)
2
(59, 56)
-> Request 8
1024
(3, 2, 2)
3
(41, 70)
--> Day : 2
-> Request 0
92
(4, 3, 2)
1
(19, 12)
-> Request 1
111
(2, 3, 2)
3
(52, 44)
-> Request 2
119
(1, 3, 2)
1
(0, 40)
-> Request 3
289
(3, 3, 1)
1
(70, 17)
-> Request 4
316
(3, 1, 1)
1
(5, 32)
-> Request 5
583
(4, 2, 1)
1
(9, 61)
-> Request 6
1123
(2, 3, 2)
2
(52, 19)
-> Request 7
1159
(1, 2, 1)
1
(70, 47)
-> Request 8
1171
(2, 1, 2)
3
(38, 18)
-> Request 9
1193
(3, 2, 2)
1
(13, 50)
--> Day : 3
-> Request 0
23
(3, 1, 2)
3
(43, 66)
-> Request 1
266
(3, 3, 2)
1
(67, 6)
-> Request 2
459
(1, 1, 2)
3
(10, 1)
-> Request 3
626
(4, 1, 2)
2
(45, 69)
--> Day : 4
-> Request 0
23
(3, 2, 2)
1
(38, 11)
-> Request 1
49
(3, 1, 2)
3
(54, 7)
-> Request 2
195
(3, 1, 1)
2
(62, 26)
-> Request 3
638
(2, 2, 2)
2
(64, 3)
-> Request 4
776
(4, 3, 1)
2
(2, 17)
-> Request 5
1121
(1, 1, 2)
1
(78, 32)
---> Week : 5
--> Day : 0
-> Request 0
1240
(3, 1, 2)
3
(78, 44)
--> Day : 1
-> Request 0
308
(2, 1, 1)
1
(48, 11)
-> Request 1
432
(4, 1, 1)
3
(31, 65)
-> Request 2
666
(3, 1, 1)
3
(33, 4)
-> Request 3
761
(1, 1, 2)
3
(28, 9)
--> Day : 2
-> Request 0
639
(1, 3, 2)
3
(48, 26)
-> Request 1
837
(2, 3, 1)
2
(6, 4)
-> Request 2
994
(2, 1, 2)
1
(45, 70)
-> Request 3
999
(4, 3, 2)
1
(66, 75)
--> Day : 3
-> Request 0
380
(2, 1, 1)
1
(14, 52)
-> Request 1
443
(4, 2, 1)
1
(70, 49)
-> Request 2
676
(4, 2, 2)
1
(33, 67)
-> Request 3
677
(4, 3, 2)
1
(20, 56)
-> Request 4
792
(1, 2, 1)
3
(7, 17)
-> Request 5
1094
(4, 2, 1)
2
(4, 71)
-> Request 6
1177
(1, 3, 1)
1
(26, 76)
--> Day : 4
-> Request 0
273
(4, 3, 1)
3
(39, 22)
-> Request 1
318
(3, 3, 2)
2
(54, 61)
-> Request 2
457
(1, 2, 2)
3
(56, 55)
-> Request 3
588
(2, 3, 1)
1
(15, 32)
-> Request 4
797
(2, 3, 2)
2
(42, 45)
-> Request 5
1042
(3, 1, 2)
2
(38, 0)
-> Request 6
1099
(3, 3, 1)
3
(5, 24)
-> Request 7
1187
(3, 1, 2)
1
(43, 7)
-> Request 8
1376
(2, 3, 1)
3
(23, 29)
---> Week : 6
--> Day : 0
-> Request 0
33
(3, 1, 1)
1
(10, 36)
-> Request 1
368
(2, 2, 2)
3
(65, 54)
-> Request 2
411
(1, 2, 2)
1
(31, 58)
-> Request 3
1042
(3, 2, 2)
1
(42, 79)
-> Request 4
1144
(2, 1, 1)
2
(77, 24)
-> Request 5
1386
(2, 2, 2)
3
(45, 76)
--> Day : 1
-> Request 0
154
(4, 2, 1)
2
(65, 46)
-> Request 1
314
(1, 2, 1)
2
(58, 7)
-> Request 2
1172
(4, 1, 2)
3
(50, 7)
-> Request 3
1185
(1, 1, 1)
3
(50, 56)
--> Day : 2
-> Request 0
81
(4, 1, 1)
1
(54, 17)
-> Request 1
432
(1, 2, 1)
3
(31, 55)
-> Request 2
587
(3, 2, 2)
2
(67, 16)
-> Request 3
1010
(2, 3, 2)
2
(22, 18)
-> Request 4
1096
(1, 1, 2)
1
(46, 4)
-> Request 5
1171
(4, 2, 2)
2
(48, 1)
--> Day : 3
-> Request 0
379
(3, 3, 2)
2
(13, 57)
-> Request 1
422
(3, 3, 2)
3
(45, 68)
-> Request 2
474
(4, 1, 2)
2
(37, 67)
-> Request 3
583
(1, 2, 2)
2
(37, 59)
-> Request 4
887
(1, 1, 2)
3
(58, 51)
-> Request 5
1238
(1, 3, 1)
2
(10, 1)
-> Request 6
1336
(2, 2, 2)
2
(58, 43)
--> Day : 4
-> Request 0
184
(2, 1, 2)
1
(41, 35)
-> Request 1
391
(2, 1, 2)
2
(72, 69)
-> Request 2
494
(1, 1, 2)
2
(20, 14)
-> Request 3
633
(4, 3, 2)
2
(17, 15)
-> Request 4
972
(3, 3, 1)
2
(9, 37)
-> Request 5
1101
(1, 3, 1)
1
(69, 24)
-> Request 6
1136
(2, 1, 1)
2
(14, 52)
-> Request 7
1318
(4, 1, 2)
1
(15, 22)
---> Week : 7
--> Day : 0
-> Request 0
592
(2, 3, 2)
3
(5, 51)
-> Request 1
895
(2, 3, 2)
1
(16, 1)
-> Request 2
1288
(3, 3, 1)
2
(22, 29)
-> Request 3
1368
(1, 3, 1)
3
(60, 48)
-> Request 4
1410
(2, 2, 1)
3
(52, 38)
--> Day : 1
-> Request 0
82
(2, 3, 2)
3
(10, 11)
-> Request 1
152
(2, 2, 1)
1
(39, 15)
-> Request 2
508
(2, 3, 2)
1
(18, 46)
-> Request 3
662
(2, 2, 1)
1
(16, 34)
-> Request 4
749
(4, 2, 1)
3
(44, 4)
--> Day : 2
-> Request 0
168
(2, 3, 2)
3
(0, 73)
-> Request 1
316
(1, 3, 2)
3
(68, 60)
-> Request 2
429
(4, 3, 1)
3
(35, 52)
-> Request 3
564
(1, 1, 1)
3
(19, 10)
-> Request 4
704
(2, 3, 1)
1
(32, 45)
-> Request 5
814
(3, 2, 1)
3
(10, 12)
-> Request 6
1294
(1, 2, 1)
1
(28, 79)
-> Request 7
1375
(2, 3, 2)
3
(35, 30)
--> Day : 3
-> Request 0
171
(3, 1, 2)
3
(35, 39)
-> Request 1
264
(4, 1, 1)
3
(20, 3)
-> Request 2
331
(4, 1, 1)
3
(6, 20)
-> Request 3
368
(4, 3, 2)
1
(48, 52)
-> Request 4
459
(2, 1, 2)
3
(4, 74)
-> Request 5
561
(1, 2, 1)
1
(64, 8)
-> Request 6
1234
(3, 2, 1)
2
(69, 1)
-> Request 7
1241
(2, 3, 2)
2
(78, 11)
-> Request 8
1327
(1, 2, 2)
3
(12, 58)
--> Day : 4
-> Request 0
111
(1, 3, 1)
1
(69, 61)
-> Request 1
143
(2, 2, 1)
2
(69, 75)
-> Request 2
339
(3, 2, 2)
2
(13, 38)
-> Request 3
352
(2, 2, 1)
1
(77, 34)
-> Request 4
743
(1, 1, 2)
3
(54, 77)
-> Request 5
1015
(2, 1, 2)
3
(74, 22)
-> Request 6
1152
(4, 1, 1)
3
(21, 65)
-> Request 7
1322
(3, 3, 1)
2
(63, 18)
---> Week : 8
--> Day : 0
-> Request 0
161
(2, 1, 1)
3
(55, 30)
-> Request 1
1184
(3, 1, 2)
2
(24, 55)
--> Day : 1
-> Request 0
29
(4, 3, 2)
3
(30, 59)
-> Request 1
116
(2, 3, 1)
1
(57, 45)
-> Request 2
477
(3, 2, 1)
2
(38, 13)
-> Request 3
509
(4, 1, 2)
1
(60, 15)
--> Day : 2
-> Request 0
90
(2, 2, 1)
1
(32, 18)
-> Request 1
267
(3, 1, 2)
2
(78, 56)
-> Request 2
446
(2, 1, 2)
3
(11, 11)
-> Request 3
666
(3, 2, 2)
3
(38, 71)
-> Request 4
791
(4, 2, 2)
2
(39, 58)
-> Request 5
987
(4, 2, 2)
2
(39, 43)
-> Request 6
1259
(1, 3, 2)
2
(63, 68)
--> Day : 3
-> Request 0
111
(3, 3, 2)
1
(36, 47)
-> Request 1
174
(1, 1, 2)
3
(78, 69)
-> Request 2
540
(1, 2, 2)
1
(51, 44)
-> Request 3
645
(2, 2, 2)
1
(69, 11)
-> Request 4
674
(4, 3, 2)
1
(58, 14)
-> Request 5
897
(1, 1, 2)
1
(1, 7)
-> Request 6
1004
(1, 3, 1)
2
(1, 49)
-> Request 7
1230
(1, 2, 1)
2
(23, 35)
-> Request 8
1245
(4, 3, 2)
1
(7, 33)
-> Request 9
1321
(2, 3, 2)
3
(55, 71)
--> Day : 4
-> Request 0
128
(3, 3, 1)
1
(43, 10)
-> Request 1
659
(3, 3, 1)
2
(50, 23)
-> Request 2
967
(2, 2, 2)
1
(18, 36)
-> Request 3
1274
(4, 3, 1)
1
(64, 7)
-> Request 4
1304
(2, 3, 1)
1
(4, 28)
-> Request 5
1340
(1, 2, 1)
1
(73, 39)
---> Week : 9
--> Day : 0
-> Request 0
200
(4, 3, 2)
1
(37, 4)
-> Request 1
269
(4, 2, 2)
2
(54, 78)
-> Request 2
857
(1, 2, 2)
1
(47, 56)
-> Request 3
1020
(4, 2, 1)
3
(31, 26)
-> Request 4
1186
(1, 1, 2)
1
(36, 67)
-> Request 5
1227
(3, 3, 1)
3
(2, 25)
-> Request 6
1290
(1, 3, 1)
1
(11, 7)
-> Request 7
1435
(1, 1, 2)
3
(22, 12)
--> Day : 1
-> Request 0
17
(4, 3, 2)
2
(29, 43)
-> Request 1
59
(4, 1, 2)
2
(42, 33)
-> Request 2
437
(3, 2, 2)
2
(16, 40)
-> Request 3
481
(1, 2, 1)
1
(3, 21)
-> Request 4
531
(4, 3, 2)
2
(6, 75)
-> Request 5
715
(3, 3, 1)
2
(55, 38)
-> Request 6
769
(1, 3, 2)
1
(38, 33)
-> Request 7
1148
(2, 3, 1)
1
(46, 38)
-> Request 8
1199
(2, 1, 1)
3
(9, 9)
-> Request 9
1207
(3, 2, 1)
3
(55, 13)
-> Request 10
1327
(3, 3, 2)
1
(33, 66)
--> Day : 2
-> Request 0
67
(3, 3, 2)
1
(75, 79)
-> Request 1
275
(3, 1, 1)
1
(23, 73)
-> Request 2
578
(3, 3, 1)
1
(10, 21)
-> Request 3
947
(4, 2, 1)
1
(54, 71)
-> Request 4
1193
(1, 2, 1)
2
(34, 51)
--> Day : 3
-> Request 0
107
(4, 1, 1)
3
(3, 60)
-> Request 1
132
(1, 1, 1)
2
(22, 35)
-> Request 2
264
(1, 3, 2)
3
(70, 68)
-> Request 3
492
(2, 1, 1)
3
(49, 69)
-> Request 4
586
(1, 1, 1)
2
(37, 77)
-> Request 5
1074
(3, 3, 1)
1
(65, 11)
--> Day : 4
-> Request 0
71
(1, 2, 2)
2
(25, 18)
-> Request 1
465
(1, 3, 2)
1
(14, 66)
-> Request 2
766
(4, 2, 2)
2
(15, 5)
-> Request 3
818
(1, 3, 2)
1
(78, 54)
-> Request 4
1342
(2, 1, 2)
2
(69, 3)
---> Week : 10
--> Day : 0
-> Request 0
324
(1, 1, 2)
2
(59, 28)
-> Request 1
829
(2, 3, 2)
2
(60, 11)
--> Day : 1
-> Request 0
907
(4, 1, 2)
2
(16, 12)
-> Request 1
1087
(4, 1, 1)
1
(0, 5)
-> Request 2
1423
(1, 3, 2)
3
(10, 36)
--> Day : 2
-> Request 0
140
(3, 1, 1)
2
(45, 21)
-> Request 1
408
(3, 3, 2)
2
(44, 29)
-> Request 2
430
(2, 1, 1)
1
(22, 9)
-> Request 3
440
(1, 1, 2)
3
(50, 33)
-> Request 4
478
(1, 3, 2)
2
(71, 5)
-> Request 5
950
(4, 1, 2)
3
(62, 0)
-> Request 6
1034
(3, 2, 2)
2
(79, 60)
--> Day : 3
-> Request 0
20
(2, 3, 1)
1
(57, 75)
-> Request 1
183
(1, 3, 1)
3
(18, 7)
-> Request 2
365
(2, 3, 2)
1
(46, 18)
-> Request 3
378
(1, 2, 1)
3
(55, 45)
-> Request 4
604
(1, 1, 1)
1
(57, 67)
-> Request 5
1231
(1, 2, 2)
2
(54, 10)
-> Request 6
1346
(3, 3, 2)
2
(11, 44)
-> Request 7
1364
(3, 2, 2)
2
(62, 39)
--> Day : 4
-> Request 0
185
(2, 2, 1)
1
(20, 79)
-> Request 1
311
(3, 3, 2)
1
(73, 38)
-> Request 2
476
(3, 1, 1)
1
(26, 0)
---> Week : 11
--> Day : 0
-> Request 0
63
(1, 2, 2)
1
(61, 2)
-> Request 1
112
(1, 1, 2)
3
(41, 56)
-> Request 2
252
(1, 3, 1)
3
(17, 53)
-> Request 3
337
(1, 3, 1)
1
(71, 79)
-> Request 4
657
(3, 3, 1)
1
(17, 56)
-> Request 5
1043
(3, 2, 1)
3
(30, 18)
-> Request 6
1101
(1, 2, 1)
2
(14, 29)
-> Request 7
1147
(2, 2, 2)
3
(15, 34)
-> Request 8
1250
(2, 2, 1)
1
(32, 20)
--> Day : 1
-> Request 0
400
(2, 1, 1)
1
(73, 71)
-> Request 1
522
(1, 1, 1)
2
(78, 55)
-> Request 2
843
(1, 3, 1)
1
(50, 65)
-> Request 3
972
(3, 3, 2)
2
(16, 70)
-> Request 4
1307
(1, 3, 2)
3
(28, 34)
-> Request 5
1334
(3, 2, 1)
1
(60, 65)
--> Day : 2
-> Request 0
754
(4, 1, 2)
1
(9, 40)
-> Request 1
813
(3, 3, 2)
2
(11, 78)
-> Request 2
835
(4, 1, 1)
3
(74, 68)
-> Request 3
1023
(3, 2, 1)
2
(31, 70)
-> Request 4
1069
(3, 2, 2)
1
(58, 48)
-> Request 5
1217
(4, 1, 1)
2
(54, 44)
-> Request 6
1294
(3, 2, 1)
2
(0, 51)
--> Day : 3
-> Request 0
61
(4, 3, 1)
1
(31, 59)
-> Request 1
139
(4, 3, 2)
1
(54, 58)
-> Request 2
355
(2, 2, 2)
3
(65, 13)
-> Request 3
564
(2, 3, 2)
3
(19, 27)
-> Request 4
703
(1, 3, 1)
3
(70, 63)
-> Request 5
708
(2, 3, 1)
3
(4, 9)
--> Day : 4
-> Request 0
490
(4, 2, 2)
1
(79, 2)
-> Request 1
548
(3, 1, 1)
1
(32, 55)
-> Request 2
974
(3, 2, 2)
3
(29, 37)
-> Request 3
1389
(2, 1, 2)
3
(62, 13)
-> Request 4
1397
(2, 3, 1)
1
(30, 43)
-> Request 5
1401
(1, 3, 2)
3
(49, 17)
---> Week : 12
--> Day : 0
-> Request 0
420
(3, 3, 2)
2
(58, 77)
-> Request 1
777
(1, 1, 2)
2
(30, 23)
-> Request 2
1255
(2, 1, 2)
2
(15, 9)
--> Day : 1
-> Request 0
208
(1, 1, 1)
2
(30, 6)
-> Request 1
341
(1, 1, 2)
3
(68, 36)
-> Request 2
345
(4, 1, 1)
3
(25, 26)
-> Request 3
532
(2, 3, 1)
2
(54, 2)
-> Request 4
931
(4, 1, 1)
2
(25, 19)
-> Request 5
1080
(4, 1, 2)
3
(41, 9)
-> Request 6
1320
(2, 1, 2)
3
(60, 31)
-> Request 7
1362
(1, 3, 2)
3
(27, 0)
--> Day : 2
-> Request 0
191
(2, 1, 1)
3
(24, 55)
-> Request 1
260
(2, 3, 1)
1
(40, 77)
-> Request 2
538
(4, 2, 1)
3
(17, 5)
-> Request 3
562
(4, 2, 2)
3
(25, 45)
-> Request 4
1092
(3, 3, 1)
1
(62, 27)
-> Request 5
1107
(4, 1, 2)
1
(66, 61)
-> Request 6
1416
(3, 1, 2)
1
(17, 75)
--> Day : 3
-> Request 0
125
(2, 2, 2)
2
(78, 5)
-> Request 1
230
(2, 1, 2)
1
(46, 40)
-> Request 2
620
(1, 3, 2)
1
(11, 18)
-> Request 3
715
(1, 2, 1)
3
(9, 9)
-> Request 4
742
(4, 3, 1)
3
(54, 8)
-> Request 5
1131
(2, 2, 1)
3
(6, 41)
-> Request 6
1258
(2, 1, 2)
1
(68, 12)
--> Day : 4
-> Request 0
118
(2, 3, 1)
1
(63, 18)
-> Request 1
652
(3, 2, 2)
2
(71, 74)
-> Request 2
870
(2, 1, 1)
1
(18, 31)
---> Week : 13
--> Day : 0
-> Request 0
178
(1, 2, 2)
1
(77, 78)
-> Request 1
324
(1, 2, 2)
1
(31, 78)
-> Request 2
421
(2, 1, 2)
3
(3, 19)
-> Request 3
959
(1, 2, 1)
1
(49, 14)
-> Request 4
1183
(4, 3, 2)
3
(35, 15)
-> Request 5
1434
(2, 2, 2)
2
(5, 21)
--> Day : 1
-> Request 0
45
(1, 1, 2)
1
(38, 79)
-> Request 1
460
(4, 2, 2)
1
(25, 50)
-> Request 2
600
(1, 2, 2)
3
(61, 66)
-> Request 3
1042
(2, 2, 1)
3
(10, 40)
-> Request 4
1332
(3, 3, 2)
1
(77, 26)
-> Request 5
1351
(3, 1, 2)
1
(77, 75)
-> Request 6
1408
(1, 1, 2)
3
(1, 41)
--> Day : 2
-> Request 0
70
(2, 3, 1)
1
(53, 29)
-> Request 1
116
(4, 2, 1)
3
(56, 30)
-> Request 2
576
(4, 2, 2)
1
(56, 36)
-> Request 3
794
(4, 1, 2)
3
(69, 52)
-> Request 4
1101
(4, 1, 1)
2
(69, 29)
-> Request 5
1211
(4, 3, 1)
2
(46, 7)
-> Request 6
1270
(1, 2, 2)
3
(1, 61)
-> Request 7
1377
(2, 3, 1)
3
(75, 70)
--> Day : 3
-> Request 0
219
(3, 3, 2)
2
(5, 69)
-> Request 1
492
(2, 1, 1)
2
(63, 60)
-> Request 2
568
(4, 3, 2)
3
(55, 56)
-> Request 3
895
(4, 3, 1)
1
(56, 61)
-> Request 4
980
(3, 3, 2)
1
(70, 19)
-> Request 5
1278
(2, 1, 2)
3
(68, 35)
--> Day : 4
-> Request 0
182
(4, 2, 2)
2
(62, 72)
-> Request 1
186
(4, 3, 2)
1
(58, 36)
-> Request 2
266
(2, 1, 2)
3
(69, 55)
-> Request 3
546
(4, 3, 2)
1
(5, 47)
-> Request 4
689
(3, 1, 1)
2
(31, 30)
-> Request 5
825
(4, 3, 2)
1
(54, 51)
-> Request 6
1292
(1, 1, 1)
2
(25, 13)
-> Request 7
1348
(1, 3, 1)
3
(18, 45)
---> Week : 14
--> Day : 0
-> Request 0
55
(4, 1, 1)
1
(28, 15)
-> Request 1
203
(2, 2, 1)
1
(32, 26)
-> Request 2
267
(2, 3, 1)
2
(63, 77)
-> Request 3
512
(2, 1, 1)
3
(12, 33)
-> Request 4
669
(4, 3, 1)
2
(61, 67)
--> Day : 1
-> Request 0
166
(3, 3, 2)
2
(35, 55)
-> Request 1
789
(3, 3, 1)
1
(34, 31)
-> Request 2
850
(4, 1, 1)
3
(22, 62)
-> Request 3
1197
(3, 2, 2)
2
(69, 62)
-> Request 4
1312
(2, 3, 2)
1
(29, 20)
--> Day : 2
-> Request 0
385
(3, 2, 2)
2
(72, 12)
-> Request 1
1202
(1, 2, 1)
2
(54, 28)
--> Day : 3
-> Request 0
366
(2, 3, 1)
3
(44, 75)
-> Request 1
473
(2, 1, 1)
1
(56, 29)
-> Request 2
505
(4, 3, 2)
2
(26, 43)
-> Request 3
525
(1, 3, 2)
3
(6, 13)
-> Request 4
1420
(4, 2, 2)
3
(4, 62)
--> Day : 4
-> Request 0
20
(1, 2, 2)
2
(44, 11)
-> Request 1
326
(1, 3, 2)
2
(2, 60)
-> Request 2
331
(2, 1, 2)
2
(56, 70)
-> Request 3
381
(4, 1, 2)
3
(44, 36)
-> Request 4
604
(4, 2, 1)
2
(72, 65)
-> Request 5
705
(2, 1, 2)
2
(55, 61)
---> Week : 15
--> Day : 0
-> Request 0
294
(1, 2, 1)
2
(18, 51)
-> Request 1
863
(4, 3, 2)
3
(49, 79)
-> Request 2
1023
(1, 3, 2)
2
(17, 34)
-> Request 3
1293
(3, 2, 2)
1
(44, 0)
-> Request 4
1410
(4, 1, 1)
3
(38, 48)
--> Day : 1
-> Request 0
219
(4, 1, 1)
1
(63, 75)
-> Request 1
310
(4, 2, 1)
1
(43, 26)
-> Request 2
344
(1, 1, 2)
2
(28, 35)
-> Request 3
589
(1, 1, 2)
3
(36, 56)
-> Request 4
594
(2, 3, 2)
2
(63, 66)
--> Day : 2
-> Request 0
148
(1, 3, 1)
1
(43, 39)
-> Request 1
238
(3, 1, 2)
2
(3, 49)
-> Request 2
304
(1, 3, 1)
3
(32, 39)
-> Request 3
500
(3, 3, 1)
3
(12, 8)
-> Request 4
627
(4, 2, 2)
2
(33, 48)
-> Request 5
774
(3, 1, 1)
3
(0, 62)
-> Request 6
845
(4, 2, 1)
3
(77, 30)
-> Request 7
1004
(1, 1, 1)
1
(55, 75)
-> Request 8
1412
(4, 1, 2)
1
(40, 23)
--> Day : 3
-> Request 0
7
(2, 3, 2)
3
(9, 28)
-> Request 1
64
(2, 2, 1)
3
(65, 2)
-> Request 2
566
(4, 2, 1)
3
(75, 63)
-> Request 3
710
(4, 3, 2)
3
(53, 69)
-> Request 4
780
(3, 3, 2)
1
(1, 39)
-> Request 5
1101
(2, 1, 2)
2
(75, 63)
-> Request 6
1331
(1, 1, 2)
2
(7, 0)
--> Day : 4
-> Request 0
341
(3, 2, 1)
3
(70, 54)
-> Request 1
412
(2, 1, 2)
2
(40, 44)
-> Request 2
463
(1, 3, 2)
1
(30, 69)
-> Request 3
571
(1, 2, 2)
1
(50, 55)
-> Request 4
644
(1, 3, 1)
1
(48, 75)
-> Request 5
646
(2, 3, 2)
1
(23, 53)
-> Request 6
710
(2, 2, 2)
3
(27, 35)
-> Request 7
710
(2, 2, 1)
2
(73, 5)
-> Request 8
978
(4, 1, 1)
3
(71, 7)
-> Request 9
1191
(4, 1, 2)
3
(67, 11)
-> Request 10
1221
(4, 1, 1)
2
(60, 2)
-> Request 11
1237
(3, 1, 2)
2
(45, 15)
---> Week : 16
--> Day : 0
-> Request 0
36
(4, 1, 2)
1
(28, 48)
-> Request 1
930
(1, 3, 1)
1
(31, 21)
-> Request 2
1131
(2, 3, 1)
1
(6, 47)
--> Day : 1
-> Request 0
689
(1, 2, 1)
1
(51, 56)
-> Request 1
987
(3, 2, 2)
1
(29, 38)
-> Request 2
1161
(2, 2, 2)
2
(31, 37)
-> Request 3
1163
(1, 1, 1)
1
(70, 4)
-> Request 4
1194
(3, 3, 1)
1
(13, 44)
-> Request 5
1245
(2, 2, 2)
3
(72, 25)
--> Day : 2
-> Request 0
20
(1, 2, 2)
2
(56, 39)
-> Request 1
326
(1, 2, 1)
1
(42, 3)
-> Request 2
668
(2, 1, 1)
3
(40, 28)
--> Day : 3
-> Request 0
391
(2, 3, 1)
3
(40, 30)
-> Request 1
902
(1, 3, 1)
3
(9, 7)
-> Request 2
1225
(3, 2, 2)
3
(34, 35)
-> Request 3
1328
(3, 3, 2)
3
(1, 24)
--> Day : 4
-> Request 0
51
(4, 1, 2)
3
(3, 7)
-> Request 1
247
(3, 1, 1)
3
(48, 76)
-> Request 2
760
(1, 2, 1)
1
(0, 7)
-> Request 3
1254
(2, 3, 1)
2
(9, 70)
-> Request 4
1343
(2, 3, 2)
3
(72, 50)
---> Week : 17
--> Day : 0
-> Request 0
704
(3, 2, 2)
3
(1, 26)
-> Request 1
968
(3, 2, 2)
1
(23, 38)
-> Request 2
975
(3, 3, 2)
3
(70, 42)
-> Request 3
1084
(4, 1, 2)
2
(30, 60)
-> Request 4
1393
(4, 3, 2)
1
(10, 16)
--> Day : 1
-> Request 0
85
(1, 2, 1)
1
(53, 52)
-> Request 1
152
(3, 1, 1)
2
(78, 29)
-> Request 2
246
(2, 3, 1)
2
(56, 24)
-> Request 3
449
(4, 3, 1)
2
(44, 45)
-> Request 4
461
(1, 1, 2)
2
(63, 43)
-> Request 5
879
(2, 2, 2)
3
(39, 16)
-> Request 6
885
(3, 3, 1)
3
(61, 73)
-> Request 7
906
(4, 1, 2)
3
(78, 36)
-> Request 8
983
(3, 2, 2)
2
(74, 7)
-> Request 9
1010
(4, 2, 1)
3
(57, 43)
-> Request 10
1423
(2, 3, 1)
2
(66, 63)
--> Day : 2
-> Request 0
84
(1, 1, 2)
3
(65, 10)
-> Request 1
525
(4, 3, 2)
3
(44, 3)
-> Request 2
726
(2, 2, 1)
3
(8, 32)
-> Request 3
888
(3, 2, 1)
2
(48, 75)
-> Request 4
1002
(2, 1, 2)
3
(63, 21)
-> Request 5
1003
(4, 1, 1)
1
(43, 48)
--> Day : 3
-> Request 0
260
(2, 1, 1)
2
(10, 26)
-> Request 1
368
(3, 1, 1)
1
(15, 36)
-> Request 2
416
(4, 3, 2)
1
(45, 37)
-> Request 3
985
(2, 1, 2)
1
(64, 64)
-> Request 4
1290
(1, 2, 2)
1
(64, 35)
-> Request 5
1302
(3, 1, 2)
2
(65, 66)
--> Day : 4
-> Request 0
301
(2, 2, 1)
3
(65, 5)
-> Request 1
554
(4, 1, 2)
1
(55, 17)
-> Request 2
620
(1, 3, 2)
2
(47, 0)
-> Request 3
893
(1, 2, 2)
2
(46, 54)
-> Request 4
1179
(3, 3, 2)
1
(5, 49)
-> Request 5
1397
(4, 1, 2)
2
(57, 51)
---> Week : 18
--> Day : 0
-> Request 0
52
(4, 3, 2)
1
(18, 45)
-> Request 1
388
(3, 2, 2)
1
(23, 70)
-> Request 2
839
(4, 2, 1)
2
(16, 60)
--> Day : 1
-> Request 0
155
(3, 3, 1)
1
(32, 68)
-> Request 1
435
(1, 1, 1)
2
(1, 36)
-> Request 2
654
(3, 2, 2)
2
(76, 43)
-> Request 3
1040
(1, 3, 1)
2
(74, 41)
-> Request 4
1256
(3, 1, 1)
1
(66, 67)
--> Day : 2
-> Request 0
139
(2, 3, 1)
3
(48, 55)
-> Request 1
398
(4, 1, 1)
2
(56, 46)
-> Request 2
418
(4, 1, 1)
2
(13, 2)
-> Request 3
816
(4, 2, 2)
3
(41, 39)
-> Request 4
1424
(1, 1, 2)
1
(17, 74)
--> Day : 3
-> Request 0
272
(1, 2, 1)
2
(66, 28)
-> Request 1
567
(2, 2, 2)
3
(45, 45)
-> Request 2
1047
(4, 2, 2)
2
(20, 5)
--> Day : 4
-> Request 0
913
(4, 1, 1)
1
(37, 21)
-> Request 1
1403
(1, 1, 1)
1
(22, 23)
---> Week : 19
--> Day : 0
-> Request 0
77
(1, 2, 1)
3
(61, 22)
-> Request 1
136
(4, 3, 2)
2
(77, 33)
-> Request 2
182
(2, 3, 2)
2
(60, 18)
-> Request 3
299
(4, 1, 1)
1
(53, 13)
-> Request 4
1155
(3, 1, 2)
3
(14, 31)
--> Day : 1
-> Request 0
75
(2, 1, 1)
2
(41, 8)
-> Request 1
729
(1, 3, 1)
1
(25, 56)
--> Day : 2
-> Request 0
1348
(1, 1, 2)
2
(3, 48)
--> Day : 3
-> Request 0
208
(2, 3, 2)
1
(44, 68)
-> Request 1
294
(3, 1, 2)
3
(17, 76)
-> Request 2
671
(3, 2, 1)
1
(19, 33)
-> Request 3
697
(1, 1, 2)
2
(47, 63)
-> Request 4
989
(1, 2, 1)
1
(24, 62)
-> Request 5
1437
(2, 2, 1)
2
(51, 31)
--> Day : 4
-> Request 0
482
(1, 3, 2)
2
(65, 55)
-> Request 1
1119
(1, 3, 2)
2
(65, 74)
-> Request 2
1412
(1, 2, 1)
3
(57, 48)
