---> Week : 0
--> Day : 0
-> Request 0
279
(2, 1, 1)
3
(67, 58)
-> Request 1
332
(4, 1, 1)
1
(57, 20)
-> Request 2
424
(2, 2, 1)
1
(7, 32)
-> Request 3
502
(4, 2, 2)
3
(36, 71)
-> Request 4
1053
(1, 2, 1)
3
(7, 15)
-> Request 5
1185
(4, 1, 1)
2
(15, 61)
--> Day : 1
-> Request 0
216
(1, 1, 2)
1
(20, 76)
-> Request 1
336
(2, 1, 2)
2
(3, 11)
-> Request 2
827
(1, 2, 1)
3
(12, 35)
-> Request 3
1187
(1, 1, 2)
2
(62, 23)
-> Request 4
1218
(3, 1, 1)
2
(20, 44)
-> Request 5
1431
(1, 2, 2)
2
(66, 56)
--> Day : 2
-> Request 0
239
(1, 1, 2)
2
(70, 8)
--> Day : 3
-> Request 0
229
(2, 2, 1)
2
(11, 66)
-> Request 1
700
(3, 2, 2)
3
(43, 15)
-> Request 2
941
(3, 2, 1)
2
(6, 9)
-> Request 3
1279
(4, 1, 1)
1
(68, 79)
-> Request 4
1431
(3, 1, 1)
1
(27, 76)
--> Day : 4
-> Request 0
91
(4, 3, 2)
2
(10, 68)
-> Request 1
287
(3, 1, 2)
2
(13, 41)
-> Request 2
298
(2, 1, 2)
1
(66, 14)
-> Request 3
407
(2, 2, 2)
3
(75, 40)
-> Request 4
631
(3, 3, 2)
1
(7, 68)
-> Request 5
1038
(4, 1, 1)
3
(46, 11)
-> Request 6
1142
(3, 1, 2)
3
(26, 73)
-> Request 7
1145
(2, 1, 2)
1
(17, 56)
-> Request 8
1171
(2, 3, 2)
2
(23, 27)
-> Request 9
1377
(2, 2, 1)
3
(64, 36)
-> Request 10
1438
(3, 1, 2)
3
(54, 71)
---> Week : 1
--> Day : 0
-> Request 0
534
(3, 2, 2)
2
(61, 53)
-> Request 1
617
(3, 3, 1)
2
(70, 42)
-> Request 2
618
(1, 3, 1)
3
(47, 78)
-> Request 3
938
(2, 1, 2)
1
(55, 12)
-> Request 4
1024
(1, 1, 1)
3
(44, 3)
-> Request 5
1117
(3, 2, 1)
3
(74, 15)
--> Day : 1
-> Request 0
47
(2, 1, 2)
2
(52, 69)
-> Request 1
248
(4, 2, 2)
3
(29, 22)
-> Request 2
305
(1, 2, 2)
3
(75, 8)
-> Request 3
805
(1, 2, 2)
3
(39, 64)
-> Request 4
1164
(2, 3, 1)
3
(54, 10)
-> Request 5
1354
(3, 1, 2)
3
(30, 3)
--> Day : 2
-> Request 0
82
(3, 1, 1)
3
(63, 79)
-> Request 1
601
(1, 3, 2)
3
(35, 11)
-> Request 2
798
(3, 3, 2)
3
(1, 59)
-> Request 3
976
(4, 1, 1)
3
(26, 49)
-> Request 4
1111
(1, 1, 2)
1
(2, 1)
-> Request 5
1289
(3, 1, 1)
3
(62, 62)
-> Request 6
1321
(2, 3, 2)
2
(68, 0)
--> Day : 3
-> Request 0
79
(2, 2, 1)
2
(43, 62)
-> Request 1
152
(2, 3, 1)
1
(38, 74)
-> Request 2
238
(4, 1, 2)
1
(0, 11)
-> Request 3
637
(2, 3, 1)
2
(10, 8)
-> Request 4
1434
(3, 1, 2)
1
(47, 62)
-> Request 5
1434
(4, 1, 2)
1
(59, 54)
--> Day : 4
-> Request 0
44
(2, 2, 1)
3
(16, 22)
-> Request 1
71
(3, 1, 1)
3
(22, 60)
-> Request 2
418
(1, 3, 1)
3
(78, 14)
-> Request 3
509
(4, 2, 2)
2
(18, 3)
-> Request 4
517
(2, 2, 1)
1
(34, 63)
-> Request 5
613
(2, 2, 2)
3
(79, 49)
-> Request 6
636
(1, 1, 1)
3
(17, 49)
-> Request 7
654
(4, 1, 1)
3
(14, 0)
-> Request 8
728
(1, 1, 1)
3
(26, 65)
-> Request 9
871
(4, 1, 2)
3
(41, 61)
-> Request 10
873
(1, 1, 1)
3
(39, 79)
-> Request 11
1328
(1, 2, 1)
2
(78, 79)
---> Week : 2
--> Day : 0
-> Request 0
51
(2, 3, 2)
1
(17, 64)
-> Request 1
69
(3, 1, 2)
3
(64, 69)
-> Request 2
232
(4, 2, 1)
2
(73, 46)
-> Request 3
380
(4, 2, 1)
2
(46, 72)
-> Request 4
561
(4, 1, 1)
1
(48, 12)
-> Request 5
613
(3, 3, 1)
2
(30, 62)
-> Request 6
634
(2, 2, 2)
2
(15, 65)
-> Request 7
657
(4, 1, 1)
3
(76, 34)
-> Request 8
1137
(3, 2, 2)
2
(45, 37)
-> Request 9
1434
(2, 2, 2)
1
(79, 7)
--> Day : 1
-> Request 0
188
(4, 2, 1)
2
(21, 54)
-> Request 1
190
(4, 3, 2)
3
(0, 24)
-> Request 2
629
(3, 1, 2)
3
(5, 17)
-> Request 3
765
(1, 3, 1)
1
(34, 53)
-> Request 4
817
(2, 1, 2)
2
(4, 53)
-> Request 5
884
(3, 2, 1)
2
(5, 68)
-> Request 6
952
(1, 3, 1)
3
(17, 55)
-> Request 7
964
(4, 2, 2)
2
(76, 20)
--> Day : 2
-> Request 0
112
(1, 2, 1)
1
(19, 75)
-> Request 1
869
(1, 2, 2)
1
(69, 72)
-> Request 2
876
(2, 3, 2)
2
(26, 76)
--> Day : 3
-> Request 0
198
(4, 1, 2)
1
(63, 2)
-> Request 1
581
(3, 3, 1)
3
(48, 32)
-> Request 2
781
(2, 3, 1)
3
(38, 8)
-> Request 3
1174
(4, 2, 1)
3
(59, 37)
-> Request 4
1341
(2, 1, 2)
2
(62, 51)
--> Day : 4
-> Request 0
252
(1, 3, 2)
1
(38, 13)
-> Request 1
329
(4, 3, 1)
2
(65, 42)
-> Request 2
412
(2, 2, 1)
3
(25, 61)
-> Request 3
419
(2, 2, 2)
2
(25, 34)
-> Request 4
553
(1, 3, 1)
2
(9, 45)
-> Request 5
568
(3, 2, 2)
1
(17, 0)
-> Request 6
658
(3, 2, 2)
3
(17, 41)
-> Request 7
1152
(4, 1, 2)
2
(42, 58)
-> Request 8
1358
(3, 3, 1)
1
(13, 0)
---> Week : 3
--> Day : 0
-> Request 0
42
(1, 3, 1)
1
(70, 57)
-> Request 1
97
(1, 2, 1)
2
(46, 57)
-> Request 2
108
(4, 2, 2)
1
(23, 41)
-> Request 3
391
(4, 2, 1)
3
(14, 22)
-> Request 4
1098
(2, 3, 1)
2
(15, 62)
-> Request 5
1289
(2, 3, 2)
3
(65, 20)
--> Day : 1
-> Request 0
583
(1, 1, 1)
2
(67, 31)
-> Request 1
686
(1, 2, 1)
2
(29, 49)
-> Request 2
747
(3, 2, 1)
1
(61, 31)
-> Request 3
862
(1, 2, 2)
3
(17, 64)
--> Day : 2
-> Request 0
208
(3, 1, 1)
3
(8, 54)
-> Request 1
712
(2, 1, 2)
2
(46, 31)
-> Request 2
1115
(4, 1, 1)
1
(58, 17)
-> Request 3
1227
(2, 1, 2)
1
(76, 61)
-> Request 4
1242
(1, 2, 2)
2
(41, 74)
-> Request 5
1298
(1, 3, 1)
2
(76, 34)
-> Request 6
1307
(1, 3, 1)
1
(2, 71)
--> Day : 3
-> Request 0
658
(1, 2, 2)
2
(32, 13)
-> Request 1
863
(1, 3, 2)
1
(37, 53)
-> Request 2
874
(3, 2, 1)
1
(18, 57)
--> Day : 4
-> Request 0
334
(3, 2, 1)
2
(22, 76)
-> Request 1
500
(1, 1, 2)
2
(45, 20)
-> Request 2
849
(4, 3, 2)
1
(48, 0)
-> Request 3
1064
(3, 1, 1)
2
(31, 44)
-> Request 4
1178
(4, 3, 1)
3
(11, 54)
---> Week : 4
--> Day : 0
-> Request 0
694
(3, 2, 1)
2
(20, 62)
-> Request 1
710
(3, 1, 1)
2
(27, 20)
-> Request 2
792
(2, 1, 2)
3
(35, 72)
-> Request 3
985
(3, 2, 2)
2
(2, 5)
-> Request 4
1309
(3, 2, 1)
2
(11, 39)
-> Request 5
1358
(2, 1, 2)
2
(9, 3)
-> Request 6
1371
(4, 2, 2)
1
(15, 31)
--> Day : 1
-> Request 0
64
(3, 2, 2)
3
(31, 76)
-> Request 1
180
(1, 3, 2)
2
(5, 27)
-> Request 2
218
(1, 1, 2)
1
(10, 51)
-> Request 3
287
(1, 1, 2)
1
(73, 18)
-> Request 4
417
(2, 2, 1)
2
(39, 28)
-> Request 5
702
(1, 3, 2)
2
(15, 10)
-> Request 6
728
(4, 2, 2)
2
(4, 51)
-> Request 7
753
(4, 3, 1)
2
(61, 22)
-> Request 8
957
(2, 2, 2)
1
(35, 44)
-> Request 9
1169
(3, 2, 1)
2
(78, 42)
--> Day : 2
-> Request 0
92
(4, 2, 2)
2
(31, 53)
-> Request 1
152
(1, 1, 2)
3
(31, 56)
-> Request 2
655
(4, 1, 1)
3
(77, 67)
-> Request 3
762
(4, 3, 1)
1
(50, 32)
-> Request 4
983
(3, 2, 2)
3
(10, 79)
-> Request 5
1027
(4, 1, 2)
2
(35, 17)
--> Day : 3
-> Request 0
790
(2, 3, 1)
3
(22, 73)
-> Request 1
887
(1, 2, 2)
1
(48, 10)
-> Request 2
1057
(1, 3, 1)
2
(43, 55)
-> Request 3
1201
(1, 1, 2)
1
(75, 6)
-> Request 4
1369
(2, 1, 2)
2
(74, 61)
--> Day : 4
-> Request 0
166
(2, 2, 1)
1
(70, 65)
-> Request 1
1016
(4, 3, 1)
2
(35, 3)
-> Request 2
1150
(3, 3, 1)
2
(29, 22)
-> Request 3
1169
(4, 3, 1)
2
(27, 62)
-> Request 4
1253
(4, 3, 1)
3
(6, 17)
-> Request 5
1331
(1, 1, 2)
1
(55, 53)
---> Week : 5
--> Day : 0
-> Request 0
166
(4, 2, 1)
1
(0, 48)
-> Request 1
191
(2, 2, 2)
2
(29, 14)
-> Request 2
627
(3, 2, 1)
3
(44, 35)
-> Request 3
932
(1, 3, 2)
1
(19, 73)
-> Request 4
1302
(3, 3, 2)
2
(13, 64)
--> Day : 1
-> Request 0
156
(3, 3, 2)
1
(61, 56)
-> Request 1
164
(2, 3, 1)
2
(7, 66)
-> Request 2
269
(1, 1, 2)
2
(43, 65)
-> Request 3
548
(1, 1, 1)
1
(78, 55)
-> Request 4
770
(1, 1, 1)
2
(58, 39)
-> Request 5
1204
(2, 3, 1)
2
(63, 11)
-> Request 6
1349
(1, 3, 1)
3
(66, 42)
--> Day : 2
-> Request 0
383
(3, 2, 2)
3
(13, 72)
-> Request 1
427
(1, 3, 1)
2
(41, 3)
-> Request 2
897
(1, 2, 2)
1
(72, 13)
-> Request 3
1094
(2, 3, 2)
3
(1, 43)
-> Request 4
1103
(2, 3, 2)
1
(8, 76)
-> Request 5
1113
(3, 1, 2)
3
(5, 10)
-> Request 6
1115
(4, 1, 1)
2
(60, 13)
--> Day : 3
-> Request 0
438
(2, 3, 2)
1
(43, 18)
-> Request 1
489
(3, 3, 1)
1
(72, 11)
-> Request 2
915
(4, 2, 1)
3
(31, 79)
-> Request 3
1293
(3, 3, 2)
3
(78, 21)
--> Day : 4
-> Request 0
175
(3, 1, 2)
2
(45, 11)
-> Request 1
374
(4, 3, 2)
3
(71, 2)
-> Request 2
693
(2, 2, 1)
1
(19, 48)
---> Week : 6
--> Day : 0
-> Request 0
113
(1, 1, 1)
2
(69, 40)
-> Request 1
286
(2, 1, 2)
3
(17, 46)
-> Request 2
579
(1, 2, 1)
1
(37, 52)
-> Request 3
937
(1, 2, 2)
2
(44, 30)
-> Request 4
1329
(3, 1, 2)
3
(8, 29)
-> Request 5
1411
(4, 1, 2)
3
(39, 36)
--> Day : 1
-> Request 0
19
(4, 1, 1)
3
(51, 56)
-> Request 1
37
(4, 2, 1)
2
(10, 22)
-> Request 2
441
(3, 2, 1)
1
(13, 30)
-> Request 3
614
(3, 1, 1)
3
(2, 70)
-> Request 4
744
(3, 2, 2)
2
(24, 50)
-> Request 5
849
(3, 1, 2)
1
(33, 70)
-> Request 6
1062
(2, 3, 2)
3
(16, 62)
-> Request 7
1399
(4, 2, 1)
2
(69, 8)
--> Day : 2
-> Request 0
122
(2, 2, 1)
1
(67, 34)
-> Request 1
491
(2, 2, 2)
3
(25, 4)
-> Request 2
727
(4, 2, 1)
3
(56, 35)
-> Request 3
850
(2, 1, 2)
2
(66, 42)
-> Request 4
909
(3, 3, 2)
1
(34, 77)
-> Request 5
1326
(1, 1, 2)
2
(6, 62)
--> Day : 3
-> Request 0
118
(4, 1, 1)
3
(30, 6)
-> Request 1
500
(1, 1, 2)
3
(14, 46)
-> Request 2
640
(4, 1, 1)
3
(31, 46)
-> Request 3
780
(4, 1, 2)
3
(78, 22)
-> Request 4
891
(2, 3, 1)
1
(11, 13)
-> Request 5
912
(3, 2, 2)
2
(24, 3)
-> Request 6
1242
(3, 1, 2)
1
(72, 59)
--> Day : 4
-> Request 0
208
(1, 2, 2)
3
(36, 20)
-> Request 1
984
(2, 3, 1)
2
(30, 37)
-> Request 2
1054
(3, 2, 2)
1
(58, 44)
-> Request 3
1400
(1, 1, 1)
2
(74, 22)
---> Week : 7
--> Day : 0
-> Request 0
41
(1, 2, 1)
3
(57, 65)
-> Request 1
114
(1, 2, 2)
1
(53, 65)
-> Request 2
285
(4, 1, 2)
1
(67, 16)
-> Request 3
297
(1, 3, 1)
2
(3, 25)
-> Request 4
318
(3, 2, 1)
2
(24, 77)
-> Request 5
405
(2, 3, 1)
1
(72, 32)
-> Request 6
470
(3, 3, 1)
2
(40, 46)
-> Request 7
475
(2, 2, 1)
1
(35, 4)
-> Request 8
653
(2, 3, 2)
1
(31, 53)
-> Request 9
676
(2, 2, 1)
2
(10, 47)
-> Request 10
1117
(2, 3, 1)
2
(4, 35)
-> Request 11
1258
(4, 2, 2)
2
(56, 47)
-> Request 12
1421
(3, 3, 1)
2
(58, 45)
-> Request 13
1435
(3, 1, 2)
3
(29, 79)
--> Day : 1
-> Request 0
354
(3, 2, 1)
2
(30, 38)
-> Request 1
446
(1, 3, 1)
2
(56, 9)
-> Request 2
537
(2, 1, 2)
2
(26, 43)
-> Request 3
561
(3, 1, 2)
3
(70, 11)
-> Request 4
700
(1, 1, 1)
2
(74, 51)
-> Request 5
715
(1, 3, 1)
1
(72, 24)
-> Request 6
794
(1, 3, 1)
1
(47, 79)
-> Request 7
877
(1, 2, 1)
1
(44, 33)
-> Request 8
984
(1, 3, 2)
2
(3, 42)
-> Request 9
1099
(3, 2, 1)
3
(39, 33)
-> Request 10
1404
(4, 2, 1)
1
(21, 26)
--> Day : 2
-> Request 0
421
(1, 1, 1)
2
(38, 45)
-> Request 1
1184
(4, 1, 2)
3
(64, 3)
-> Request 2
1287
(3, 1, 1)
2
(61, 13)
--> Day : 3
-> Request 0
210
(3, 2, 1)
3
(30, 13)
-> Request 1
236
(3, 2, 1)
2
(9, 10)
-> Request 2
540
(1, 3, 2)
2
(13, 35)
-> Request 3
545
(3, 3, 2)
3
(41, 5)
-> Request 4
684
(3, 2, 1)
2
(39, 22)
-> Request 5
879
(3, 2, 1)
2
(69, 65)
-> Request 6
1270
(2, 2, 2)
3
(75, 46)
-> Request 7
1355
(2, 2, 2)
3
(18, 59)
--> Day : 4
-> Request 0
83
(4, 1, 1)
3
(71, 43)
-> Request 1
615
(3, 3, 2)
1
(72, 21)
-> Request 2
636
(2, 3, 1)
3
(7, 18)
-> Request 3
945
(2, 3, 1)
1
(14, 48)
-> Request 4
1323
(1, 1, 1)
1
(44, 41)
---> Week : 8
--> Day : 0
-> Request 0
91
(3, 3, 2)
1
(12, 4)
-> Request 1
456
(4, 2, 1)
1
(57, 63)
-> Request 2
738
(2, 2, 2)
1
(14, 27)
-> Request 3
936
(2, 2, 2)
2
(63, 45)
-> Request 4
1205
(3, 2, 2)
1
(78, 36)
--> Day : 1
-> Request 0
144
(1, 1, 2)
3
(72, 69)
-> Request 1
291
(3, 1, 2)
3
(68, 79)
-> Request 2
421
(4, 3, 2)
1
(72, 15)
-> Request 3
1321
(4, 1, 1)
2
(25, 50)
-> Request 4
1345
(3, 2, 1)
2
(3, 29)
--> Day : 2
-> Request 0
159
(1, 2, 2)
1
(75, 59)
-> Request 1
836
(3, 2, 2)
3
(67, 52)
-> Request 2
863
(3, 3, 2)
2
(72, 6)
-> Request 3
1040
(3, 3, 2)
1
(65, 3)
--> Day : 3
-> Request 0
434
(3, 2, 2)
2
(44, 8)
-> Request 1
786
(4, 1, 1)
3
(57, 53)
-> Request 2
968
(2, 3, 1)
3
(63, 21)
-> Request 3
1104
(2, 1, 1)
2
(76, 47)
--> Day : 4
-> Request 0
74
(4, 2, 1)
1
(8, 59)
-> Request 1
512
(4, 3, 1)
3
(35, 31)
-> Request 2
606
(4, 2, 1)
1
(13, 34)
-> Request 3
810
(2, 3, 2)
2
(13, 15)
-> Request 4
1389
(2, 1, 2)
1
(29, 3)
---> Week : 9
--> Day : 0
-> Request 0
159
(3, 2, 1)
1
(51, 3)
-> Request 1
532
(4, 2, 2)
3
(14, 41)
-> Request 2
599
(1, 1, 1)
2
(6, 77)
-> Request 3
1415
(4, 3, 1)
3
(2, 10)
--> Day : 1
-> Request 0
88
(2, 2, 2)
3
(41, 47)
-> Request 1
104
(3, 3, 1)
3
(29, 28)
-> Request 2
583
(4, 2, 2)
3
(15, 32)
-> Request 3
657
(3, 3, 2)
2
(59, 51)
-> Request 4
912
(1, 2, 1)
3
(66, 53)
-> Request 5
1242
(4, 3, 2)
3
(42, 46)
-> Request 6
1264
(3, 2, 1)
2
(21, 33)
--> Day : 2
-> Request 0
349
(2, 1, 1)
3
(20, 21)
-> Request 1
450
(4, 1, 2)
1
(14, 20)
-> Request 2
871
(1, 2, 2)
3
(76, 43)
-> Request 3
1139
(2, 3, 1)
1
(37, 44)
-> Request 4
1149
(1, 3, 2)
1
(72, 68)
--> Day : 3
-> Request 0
120
(3, 1, 1)
1
(50, 61)
-> Request 1
275
(1, 3, 1)
3
(16, 27)
-> Request 2
531
(2, 1, 2)
3
(48, 21)
-> Request 3
716
(2, 1, 2)
2
(25, 12)
-> Request 4
1035
(4, 1, 2)
1
(36, 76)
-> Request 5
1098
(2, 2, 1)
2
(55, 45)
-> Request 6
1116
(3, 2, 1)
1
(60, 72)
-> Request 7
1327
(2, 2, 1)
2
(38, 69)
--> Day : 4
-> Request 0
49
(2, 2, 2)
2
(19, 2)
-> Request 1
181
(4, 3, 2)
1
(22, 3)
-> Request 2
425
(2, 3, 1)
3
(78, 74)
-> Request 3
663
(1, 2, 1)
3
(68, 5)
-> Request 4
665
(2, 1, 1)
3
(36, 15)
-> Request 5
1019
(1, 3, 1)
3
(52, 2)
---> Week : 10
--> Day : 0
-> Request 0
51
(3, 1, 1)
1
(73, 35)
-> Request 1
550
(2, 2, 1)
1
(1, 8)
-> Request 2
620
(3, 3, 1)
3
(71, 70)
-> Request 3
849
(3, 3, 1)
2
(27, 0)
-> Request 4
989
(3, 3, 1)
2
(61, 20)
--> Day : 1
-> Request 0
28
(1, 3, 2)
2
(64, 21)
-> Request 1
394
(1, 2, 1)
2
(58, 62)
-> Request 2
457
(2, 3, 1)
3
(79, 71)
-> Request 3
1152
(3, 2, 1)
1
(9, 74)
-> Request 4
1376
(4, 2, 1)
1
(51, 51)
--> Day : 2
-> Request 0
161
(2, 2, 2)
1
(30, 39)
-> Request 1
601
(4, 3, 1)
3
(12, 72)
-> Request 2
868
(4, 2, 1)
1
(24, 2)
-> Request 3
1143
(3, 1, 1)
3
(32, 14)
-> Request 4
1328
(1, 3, 1)
1
(16, 28)
--> Day : 3
-> Request 0
176
(3, 2, 1)
2
(4, 77)
-> Request 1
990
(1, 3, 1)
2
(71, 42)
--> Day : 4
-> Request 0
420
(4, 1, 1)
1
(62, 76)
-> Request 1
683
(2, 2, 1)
1
(18, 24)
-> Request 2
705
(3, 2, 1)
3
(36, 73)
-> Request 3
781
(3, 2, 1)
2
(17, 40)
-> Request 4
1168
(1, 3, 2)
3
(48, 67)
-> Request 5
1316
(2, 3, 1)
2
(35, 33)
---> Week : 11
--> Day : 0
-> Request 0
32
(2, 3, 2)
3
(4, 45)
-> Request 1
61
(4, 1, 1)
3
(71, 24)
-> Request 2
157
(4, 3, 2)
2
(48, 26)
-> Request 3
179
(4, 2, 2)
1
(19, 18)
-> Request 4
205
(4, 1, 1)
3
(19, 58)
-> Request 5
350
(4, 2, 2)
3
(29, 77)
-> Request 6
398
(1, 2, 1)
3
(21, 52)
-> Request 7
552
(4, 1, 1)
3
(1, 71)
-> Request 8
676
(2, 3, 2)
2
(61, 67)
-> Request 9
727
(2, 3, 2)
1
(29, 49)
-> Request 10
1029
(2, 3, 2)
2
(41, 34)
-> Request 11
1062
(2, 2, 2)
3
(37, 6)
-> Request 12
1120
(3, 2, 2)
3
(13, 73)
-> Request 13
1422
(4, 1, 2)
3
(77, 69)
--> Day : 1
-> Request 0
3
(1, 2, 2)
1
(34, 1)
-> Request 1
7
(2, 1, 2)
3
(49, 59)
-> Request 2
354
(2, 3, 1)
3
(61, 51)
-> Request 3
829
(3, 3, 2)
1
(55, 21)
-> Request 4
1170
(4, 1, 2)
2
(39, 37)
--> Day : 2
-> Request 0
324
(4, 2, 1)
3
(22, 70)
-> Request 1
544
(1, 1, 2)
3
(12, 26)
-> Request 2
717
(2, 1, 1)
1
(47, 34)
--> Day : 3
-> Request 0
207
(4, 1, 1)
2
(18, 20)
-> Request 1
393
(1, 2, 1)
2
(51, 27)
-> Request 2
462
(3, 3, 1)
3
(57, 47)
-> Request 3
661
(2, 2, 1)
2
(26, 33)
-> Request 4
904
(1, 1, 2)
1
(74, 54)
-> Request 5
966
(4, 1, 2)
3
(8, 74)
--> Day : 4
-> Request 0
694
(3, 3, 1)
2
(36, 24)
-> Request 1
718
(4, 1, 1)
3
(69, 32)
-> Request 2
762
(2, 2, 2)
3
(56, 77)
-> Request 3
1008
(1, 2, 2)
1
(43, 75)
-> Request 4
1250
(4, 2, 2)
3
(40, 53)
-> Request 5
1325
(4, 2, 1)
3
(10, 79)
-> Request 6
1365
(3, 3, 2)
1
(29, 53)
-> Request 7
1438
(1, 3, 2)
1
(10, 61)
---> Week : 12
--> Day : 0
-> Request 0
316
(1, 2, 2)
1
(63, 47)
-> Request 1
452
(2, 2, 2)
3
(1, 22)
-> Request 2
522
(4, 1, 1)
1
(67, 32)
-> Request 3
563
(4, 1, 1)
1
(28, 40)
-> Request 4
589
(1, 3, 2)
2
(5, 35)
-> Request 5
693
(1, 2, 1)
3
(44, 71)
-> Request 6
969
(3, 2, 1)
2
(20, 21)
-> Request 7
1045
(3, 2, 2)
1
(74, 78)
-> Request 8
1067
(2, 2, 2)
2
(78, 13)
-> Request 9
1088
(1, 3, 2)
1
(63, 36)
-> Request 10
1088
(1, 3, 1)
2
(3, 75)
-> Request 11
1219
(4, 3, 1)
1
(75, 9)
--> Day : 1
-> Request 0
63
(3, 1, 2)
1
(19, 52)
-> Request 1
895
(2, 3, 1)
2
(44, 10)
-> Request 2
1067
(4, 1, 1)
3
(49, 45)
-> Request 3
1098
(4, 3, 1)
1
(4, 5)
-> Request 4
1261
(1, 3, 1)
1
(55, 12)
-> Request 5
1333
(2, 1, 2)
3
(42, 76)
--> Day : 2
-> Request 0
278
(3, 3, 2)
2
(11, 32)
-> Request 1
739
(3, 3, 2)
1
(14, 30)
-> Request 2
1114
(4, 1, 2)
3
(47, 50)
-> Request 3
1429
(3, 3, 2)
1
(28, 48)
--> Day : 3
-> Request 0
0
(2, 3, 2)
2
(38, 64)
-> Request 1
243
(4, 2, 1)
1
(35, 46)
-> Request 2
247
(2, 3, 1)
3
(67, 70)
-> Request 3
331
(4, 2, 1)
1
(20, 47)
-> Request 4
845
(4, 1, 1)
3
(48, 72)
-> Request 5
984
(2, 2, 2)
1
(25, 10)
-> Request 6
1365
(2, 2, 2)
1
(30, 40)
--> Day : 4
-> Request 0
443
(2, 1, 1)
1
(11, 25)
-> Request 1
690
(4, 2, 1)
2
(52, 59)
-> Request 2
782
(2, 3, 2)
1
(27, 75)
-> Request 3
999
(4, 2, 2)
3
(58, 21)
-> Request 4
1167
(2, 1, 2)
3
(66, 25)
-> Request 5
1314
(3, 3, 2)
2
(67, 51)
-> Request 6
1367
(3, 1, 2)
3
(53, 56)
-> Request 7
1406
(4, 1, 1)
3
(66, 45)
-> Request 8
1408
(2, 2, 1)
2
(24, 33)
---> Week : 13
--> Day : 0
-> Request 0
18
(4, 1, 2)
2
(79, 4)
-> Request 1
290
(1, 2, 2)
2
(29, 29)
--> Day : 1
-> Request 0
81
(1, 2, 2)
1
(0, 30)
-> Request 1
131
(4, 3, 2)
3
(32, 46)
-> Request 2
143
(2, 2, 2)
3
(78, 69)
-> Request 3
227
(3, 2, 1)
3
(25, 4)
-> Request 4
239
(1, 1, 1)
2
(29, 58)
-> Request 5
301
(3, 3, 1)
1
(47, 5)
-> Request 6
368
(1, 3, 2)
3
(76, 3)
-> Request 7
434
(4, 2, 2)
2
(58, 18)
-> Request 8
677
(4, 3, 1)
2
(37, 69)
-> Request 9
1036
(3, 1, 1)
2
(47, 34)
-> Request 10
1144
(2, 3, 1)
2
(50, 61)
-> Request 11
1383
(3, 2, 1)
3
(33, 3)
--> Day : 2
-> Request 0
37
(3, 1, 2)
2
(16, 28)
-> Request 1
78
(2, 3, 1)
1
(12, 26)
-> Request 2
247
(4, 2, 2)
2
(37, 69)
-> Request 3
509
(3, 2, 1)
2
(44, 52)
-> Request 4
666
(3, 2, 1)
1
(28, 50)
-> Request 5
852
(4, 2, 2)
3
(51, 76)
-> Request 6
1346
(4, 1, 1)
2
(73, 55)
--> Day : 3
-> Request 0
272
(2, 3, 1)
3
(77, 3)
-> Request 1
548
(1, 3, 2)
1
(9, 41)
-> Request 2
810
(4, 3, 1)
2
(42, 44)
--> Day : 4
-> Request 0
58
(1, 3, 1)
3
(37, 27)
-> Request 1
713
(4, 2, 2)
2
(34, 24)
-> Request 2
784
(2, 3, 2)
2
(40, 47)
-> Request 3
1160
(2, 3, 1)
1
(64, 29)
-> Request 4
1165
(4, 3, 1)
3
(21, 14)
-> Request 5
1345
(3, 2, 1)
2
(63, 53)
---> Week : 14
--> Day : 0
-> Request 0
500
(3, 3, 1)
2
(10, 4)
-> Request 1
708
(2, 1, 2)
1
(2, 28)
-> Request 2
741
(1, 3, 1)
1
(76, 22)
-> Request 3
791
(1, 2, 2)
2
(62, 5)
-> Request 4
1378
(3, 3, 2)
2
(46, 67)
--> Day : 1
-> Request 0
10
(4, 3, 1)
2
(44, 8)
-> Request 1
142
(1, 3, 2)
3
(59, 63)
-> Request 2
217
(4, 2, 2)
2
(2, 1)
-> Request 3
823
(3, 2, 2)
3
(27, 44)
-> Request 4
888
(2, 3, 2)
1
(27, 65)
-> Request 5
988
(1, 2, 1)
2
(9, 69)
-> Request 6
1068
(1, 3, 2)
3
(52, 10)
-> Request 7
1167
(1, 1, 1)
1
(22, 25)
--> Day : 2
-> Request 0
164
(1, 3, 2)
2
(74, 38)
-> Request 1
233
(4, 2, 1)
3
(1, 31)
-> Request 2
677
(4, 1, 1)
2
(58, 1)
-> Request 3
681
(2, 1, 1)
1
(14, 50)
-> Request 4
968
(2, 1, 1)
1
(58, 18)
--> Day : 3
-> Request 0
169
(4, 3, 1)
1
(64, 42)
-> Request 1
582
(1, 2, 2)
1
(63, 24)
-> Request 2
789
(3, 2, 1)
2
(23, 34)
-> Request 3
969
(4, 2, 1)
2
(8, 70)
-> Request 4
1105
(3, 1, 2)
2
(51, 3)
-> Request 5
1152
(3, 3, 1)
2
(26, 47)
-> Request 6
1396
(3, 1, 2)
1
(36, 17)
--> Day : 4
-> Request 0
96
(4, 3, 1)
2
(40, 71)
-> Request 1
146
(1, 2, 1)
2
(34, 24)
-> Request 2
242
(4, 2, 2)
3
(30, 72)
-> Request 3
570
(1, 2, 2)
1
(50, 13)
-> Request 4
573
(1, 2, 2)
3
(50, 47)
-> Request 5
980
(4, 3, 1)
3
(24, 77)
-> Request 6
1130
(2, 1, 2)
1
(47, 12)
-> Request 7
1296
(2, 1, 1)
3
(44, 64)
---> Week : 15
--> Day : 0
-> Request 0
192
(1, 2, 1)
1
(60, 21)
-> Request 1
470
(2, 2, 1)
2
(41, 19)
-> Request 2
751
(4, 3, 2)
2
(47, 1)
-> Request 3
1280
(4, 2, 2)
2
(49, 76)
--> Day : 1
-> Request 0
919
(4, 2, 1)
2
(51, 74)
-> Request 1
926
(3, 1, 2)
2
(40, 29)
-> Request 2
946
(2, 1, 2)
1
(78, 44)
-> Request 3
1276
(4, 3, 2)
2
(44, 63)
-> Request 4
1387
(1, 1, 2)
3
(33, 1)
--> Day : 2
-> Request 0
338
(3, 1, 2)
3
(6, 52)
-> Request 1
638
(3, 1, 2)
1
(38, 42)
-> Request 2
1007
(1, 3, 2)
2
(44, 51)
-> Request 3
1111
(2, 3, 2)
2
(17, 60)
--> Day : 3
-> Request 0
160
(1, 1, 1)
1
(74, 45)
-> Request 1
451
(2, 3, 1)
1
(30, 54)
-> Request 2
763
(4, 3, 1)
2
(60, 59)
-> Request 3
1294
(4, 3, 2)
2
(32, 50)
-> Request 4
1295
(1, 1, 1)
1
(58, 8)
-> Request 5
1344
(3, 3, 1)
1
(48, 57)
--> Day : 4
-> Request 0
66
(2, 2, 1)
2
(70, 35)
-> Request 1
134
(2, 1, 1)
3
(3, 25)
-> Request 2
144
(4, 3, 1)
3
(59, 60)
-> Request 3
222
(4, 2, 1)
1
(32, 33)
-> Request 4
483
(2, 3, 2)
2
(39, 25)
-> Request 5
632
(4, 1, 1)
1
(60, 78)
-> Request 6
656
(3, 1, 1)
1
(66, 4)
-> Request 7
960
(3, 1, 1)
3
(53, 16)
-> Request 8
1403
(3, 1, 2)
1
(4, 26)
---> Week : 16
--> Day : 0
-> Request 0
262
(2, 1, 2)
1
(35, 51)
-> Request 1
527
(1, 3, 2)
3
(39, 43)
-> Request 2
694
(1, 2, 1)
1
(5, 49)
-> Request 3
899
(2, 2, 2)
2
(1, 23)
-> Request 4
947
(4, 3, 2)
3
(8, 0)
-> Request 5
1050
(2, 1, 2)
2
(37, 63)
--> Day : 1
-> Request 0
327
(1, 1, 1)
1
(15, 12)
-> Request 1
833
(3, 2, 2)
2
(36, 0)
-> Request 2
1218
(3, 1, 2)
1
(9, 45)
--> Day : 2
-> Request 0
124
(3, 2, 1)
3
(36, 77)
-> Request 1
492
(2, 2, 1)
3
(30, 39)
-> Request 2
526
(1, 3, 2)
1
(33, 26)
-> Request 3
855
(3, 3, 2)
2
(15, 21)
-> Request 4
1015
(1, 1, 1)
1
(23, 74)
--> Day : 3
-> Request 0
138
(1, 2, 2)
1
(25, 69)
-> Request 1
611
(3, 2, 2)
3
(64, 73)
-> Request 2
713
(3, 1, 1)
2
(36, 1)
-> Request 3
811
(1, 1, 2)
2
(36, 43)
--> Day : 4
-> Request 0
277
(4, 2, 2)
3
(55, 26)
-> Request 1
491
(1, 1, 1)
2
(37, 70)
-> Request 2
534
(3, 2, 1)
3
(14, 12)
-> Request 3
541
(4, 2, 1)
3
(14, 26)
-> Request 4
623
(4, 3, 2)
2
(69, 19)
-> Request 5
735
(4, 3, 2)
1
(41, 40)
-> Request 6
816
(3, 1, 2)
3
(65, 48)
-> Request 7
881
(2, 2, 1)
2
(48, 18)
-> Request 8
884
(2, 3, 1)
3
(7, 30)
-> Request 9
1126
(1, 3, 1)
1
(0, 40)
-> Request 10
1384
(1, 3, 2)
3
(33, 65)
---> Week : 17
--> Day : 0
-> Request 0
735
(2, 1, 1)
1
(6, 5)
-> Request 1
996
(1, 3, 1)
3
(16, 2)
-> Request 2
1020
(3, 3, 1)
3
(69, 15)
-> Request 3
1063
(3, 2, 1)
3
(31, 54)
-> Request 4
1213
(1, 3, 2)
2
(65, 2)
-> Request 5
1378
(3, 1, 1)
1
(39, 38)
-> Request 6
1391
(3, 1, 1)
1
(12, 16)
--> Day : 1
-> Request 0
59
(4, 3, 2)
3
(32, 78)
-> Request 1
328
(4, 3, 1)
1
(11, 66)
-> Request 2
567
(1, 3, 2)
1
(23, 29)
-> Request 3
576
(4, 1, 2)
2
(13, 41)
-> Request 4
805
(2, 3, 2)
2
(33, 69)
-> Request 5
824
(2, 3, 1)
1
(67, 22)
-> Request 6
948
(2, 2, 1)
1
(74, 41)
-> Request 7
1040
(4, 3, 2)
2
(39, 16)
-> Request 8
1144
(4, 3, 2)
3
(24, 24)
-> Request 9
1231
(1, 3, 2)
1
(58, 30)
-> Request 10
1260
(1, 2, 1)
1
(66, 67)
--> Day : 2
-> Request 0
1050
(4, 1, 1)
2
(50, 57)
--> Day : 3
-> Request 0
40
(4, 3, 2)
2
(34, 33)
-> Request 1
605
(4, 1, 1)
1
(61, 53)
-> Request 2
619
(4, 2, 2)
3
(68, 4)
-> Request 3
794
(4, 1, 2)
3
(49, 37)
-> Request 4
895
(3, 2, 2)
1
(29, 46)
-> Request 5
1432
(2, 3, 1)
1
(76, 48)
--> Day : 4
-> Request 0
164
(1, 3, 2)
2
(56, 40)
-> Request 1
614
(4, 1, 1)
2
(27, 7)
-> Request 2
1276
(1, 1, 2)
1
(41, 79)
---> Week : 18
--> Day : 0
-> Request 0
349
(2, 2, 2)
3
(44, 42)
-> Request 1
1279
(2, 3, 1)
2
(73, 29)
--> Day : 1
-> Request 0
213
(2, 2, 2)
1
(39, 11)
-> Request 1
230
(2, 2, 1)
3
(48, 58)
-> Request 2
744
(1, 1, 2)
2
(56, 26)
-> Request 3
930
(1, 2, 1)
2
(23, 68)
-> Request 4
1035
(4, 3, 2)
2
(63, 33)
-> Request 5
1387
(4, 3, 2)
1
(71, 4)
--> Day : 2
-> Request 0
128
(1, 1, 1)
2
(55, 16)
-> Request 1
416
(1, 1, 1)
2
(14, 45)
-> Request 2
590
(4, 2, 1)
3
(35, 22)
-> Request 3
763
(1, 2, 2)
3
(34, 74)
-> Request 4
1221
(4, 1, 1)
3
(59, 50)
-> Request 5
1257
(2, 1, 1)
1
(4, 68)
--> Day : 3
-> Request 0
509
(1, 1, 1)
1
(62, 0)
-> Request 1
900
(1, 3, 2)
3
(40, 12)
--> Day : 4
-> Request 0
44
(4, 3, 1)
3
(35, 63)
-> Request 1
628
(1, 1, 1)
2
(16, 48)
-> Request 2
796
(1, 3, 1)
2
(34, 57)
-> Request 3
855
(2, 1, 1)
2
(67, 39)
-> Request 4
1256
(4, 2, 1)
2
(76, 38)
-> Request 5
1421
(2, 3, 2)
1
(60, 41)
---> Week : 19
--> Day : 0
-> Request 0
161
(2, 3, 1)
1
(7, 29)
-> Request 1
761
(3, 2, 1)
3
(65, 48)
-> Request 2
858
(2, 1, 1)
1
(15, 48)
-> Request 3
907
(1, 3, 1)
1
(72, 55)
--> Day : 1
-> Request 0
193
(1, 2, 2)
3
(62, 78)
-> Request 1
276
(1, 3, 2)
2
(35, 68)
-> Request 2
628
(4, 2, 2)
3
(2, 62)
-> Request 3
646
(1, 2, 1)
3
(22, 64)
-> Request 4
1364
(3, 1, 2)
1
(5, 31)
--> Day : 2
-> Request 0
296
(2, 3, 1)
1
(51, 48)
-> Request 1
562
(2, 2, 2)
3
(35, 32)
-> Request 2
684
(1, 3, 1)
2
(23, 37)
-> Request 3
844
(1, 1, 1)
2
(50, 38)
-> Request 4
1019
(2, 2, 1)
2
(27, 36)
-> Request 5
1179
(4, 1, 2)
3
(73, 26)
-> Request 6
1286
(4, 3, 1)
2
(52, 68)
--> Day : 3
-> Request 0
130
(1, 1, 2)
1
(13, 3)
-> Request 1
244
(4, 1, 2)
2
(76, 61)
-> Request 2
277
(1, 2, 1)
2
(13, 22)
--> Day : 4
-> Request 0
372
(2, 1, 1)
1
(31, 62)
-> Request 1
720
(2, 3, 2)
2
(23, 22)
-> Request 2
1114
(3, 1, 1)
2
(45, 73)
-> Request 3
1330
(4, 1, 2)
3
(20, 35)
