---> Week : 0
--> Day : 0
-> Request 0
246
(2, 2, 2)
3
(22, 57)
-> Request 1
508
(3, 3, 2)
2
(19, 58)
-> Request 2
609
(3, 2, 2)
2
(65, 31)
-> Request 3
738
(2, 1, 1)
3
(22, 49)
-> Request 4
1073
(4, 3, 1)
2
(59, 10)
-> Request 5
1332
(3, 3, 2)
3
(25, 0)
-> Request 6
1405
(4, 2, 2)
3
(33, 69)
--> Day : 1
-> Request 0
251
(3, 1, 2)
2
(36, 27)
-> Request 1
849
(4, 3, 1)
1
(22, 73)
--> Day : 2
-> Request 0
287
(4, 1, 1)
3
(65, 45)
-> Request 1
407
(2, 1, 2)
3
(5, 42)
-> Request 2
523
(1, 3, 1)
1
(8, 35)
-> Request 3
942
(1, 1, 2)
3
(62, 26)
-> Request 4
1018
(2, 1, 1)
3
(9, 29)
-> Request 5
1117
(4, 2, 1)
3
(43, 77)
-> Request 6
1283
(4, 1, 1)
2
(73, 19)
--> Day : 3
-> Request 0
181
(2, 1, 1)
3
(69, 79)
-> Request 1
354
(1, 2, 1)
3
(18, 6)
-> Request 2
615
(3, 3, 1)
3
(44, 13)
-> Request 3
866
(4, 1, 1)
2
(55, 50)
--> Day : 4
-> Request 0
219
(2, 1, 1)
2
(28, 33)
-> Request 1
1058
(1, 3, 1)
1
(69, 71)
-> Request 2
1218
(3, 1, 2)
2
(39, 22)
-> Request 3
1247
(1, 2, 1)
2
(53, 68)
-> Request 4
1299
(2, 2, 1)
1
(74, 50)
-> Request 5
1337
(1, 3, 1)
2
(1, 77)
-> Request 6
1360
(2, 2, 2)
3
(25, 42)
---> Week : 1
--> Day : 0
-> Request 0
437
(3, 3, 2)
3
(71, 41)
-> Request 1
497
(1, 3, 2)
2
(59, 6)
-> Request 2
571
(4, 3, 2)
3
(66, 74)
-> Request 3
739
(4, 1, 2)
3
(0, 29)
-> Request 4
955
(4, 1, 2)
2
(42, 36)
-> Request 5
1125
(2, 1, 1)
1
(8, 6)
-> Request 6
1406
(2, 2, 2)
1
(0, 70)
--> Day : 1
-> Request 0
70
(3, 3, 2)
2
(30, 47)
-> Request 1
526
(2, 3, 2)
3
(7, 69)
-> Request 2
690
(4, 2, 1)
1
(26, 23)
-> Request 3
747
(4, 3, 1)
1
(43, 78)
-> Request 4
983
(2, 3, 1)
1
(71, 35)
-> Request 5
1007
(1, 2, 2)
2
(62, 12)
--> Day : 2
-> Request 0
352
(4, 1, 2)
2
(18, 68)
-> Request 1
469
(1, 3, 1)
2
(6, 63)
-> Request 2
758
(1, 1, 2)
2
(28, 69)
-> Request 3
766
(3, 3, 2)
2
(21, 70)
-> Request 4
803
(3, 3, 1)
1
(17, 65)
-> Request 5
916
(1, 2, 1)
3
(13, 21)
-> Request 6
1112
(4, 3, 1)
3
(64, 19)
-> Request 7
1201
(4, 3, 1)
2
(61, 75)
--> Day : 3
-> Request 0
939
(4, 2, 2)
3
(50, 50)
--> Day : 4
-> Request 0
876
(1, 2, 1)
3
(68, 27)
-> Request 1
952
(2, 2, 1)
2
(70, 59)
---> Week : 2
--> Day : 0
-> Request 0
682
(4, 2, 1)
2
(72, 59)
-> Request 1
907
(1, 2, 1)
3
(25, 1)
-> Request 2
1438
(2, 1, 1)
2
(77, 56)
--> Day : 1
-> Request 0
208
(2, 3, 1)
1
(42, 35)
-> Request 1
601
(1, 1, 2)
3
(70, 22)
-> Request 2
695
(2, 1, 1)
1
(24, 31)
-> Request 3
951
(1, 2, 1)
1
(43, 76)
-> Request 4
1043
(2, 2, 1)
3
(49, 24)
-> Request 5
1051
(2, 2, 2)
1
(61, 42)
-> Request 6
1323
(2, 1, 2)
2
(66, 0)
--> Day : 2
--> Day : 3
-> Request 0
210
(1, 3, 2)
1
(50, 12)
-> Request 1
349
(2, 2, 1)
1
(13, 29)
-> Request 2
349
(4, 1, 1)
3
(66, 17)
-> Request 3
491
(3, 3, 2)
1
(75, 23)
-> Request 4
627
(1, 1, 2)
1
(63, 25)
-> Request 5
1351
(3, 1, 2)
1
(55, 75)
--> Day : 4
-> Request 0
125
(2, 1, 1)
1
(8, 77)
-> Request 1
223
(2, 2, 1)
3
(19, 33)
-> Request 2
619
(1, 2, 1)
3
(70, 59)
-> Request 3
968
(3, 1, 1)
2
(41, 36)
-> Request 4
997
(1, 1, 1)
1
(22, 4)
-> Request 5
1078
(2, 3, 1)
3
(42, 54)
-> Request 6
1363
(1, 1, 2)
3
(77, 19)
---> Week : 3
--> Day : 0
-> Request 0
119
(3, 1, 1)
1
(47, 67)
-> Request 1
228
(4, 2, 1)
1
(26, 27)
-> Request 2
518
(4, 1, 2)
3
(74, 56)
-> Request 3
600
(4, 3, 1)
2
(10, 64)
-> Request 4
845
(2, 2, 1)
2
(67, 43)
-> Request 5
941
(3, 1, 2)
3
(24, 16)
-> Request 6
967
(3, 1, 1)
1
(46, 60)
--> Day : 1
-> Request 0
420
(2, 1, 1)
2
(79, 55)
-> Request 1
472
(3, 3, 2)
1
(50, 76)
-> Request 2
586
(4, 1, 2)
2
(77, 62)
-> Request 3
634
(2, 2, 1)
3
(13, 27)
-> Request 4
732
(3, 3, 2)
3
(71, 58)
-> Request 5
1130
(3, 3, 2)
1
(68, 77)
--> Day : 2
-> Request 0
573
(2, 2, 1)
2
(24, 16)
-> Request 1
944
(2, 2, 1)
1
(5, 21)
-> Request 2
958
(1, 3, 1)
3
(64, 63)
-> Request 3
1145
(1, 3, 1)
1
(11, 45)
--> Day : 3
-> Request 0
56
(1, 1, 1)
1
(33, 42)
-> Request 1
58
(1, 1, 2)
1
(8, 20)
-> Request 2
168
(1, 2, 2)
3
(48, 7)
-> Request 3
192
(3, 1, 2)
3
(1, 38)
-> Request 4
248
(3, 3, 2)
1
(79, 75)
-> Request 5
685
(3, 3, 2)
3
(43, 70)
-> Request 6
918
(1, 1, 2)
2
(19, 27)
-> Request 7
952
(3, 3, 2)
2
(14, 0)
-> Request 8
1065
(4, 1, 2)
2
(11, 25)
-> Request 9
1428
(2, 1, 1)
1
(31, 49)
--> Day : 4
-> Request 0
316
(2, 2, 2)
1
(14, 24)
-> Request 1
380
(3, 1, 2)
3
(29, 55)
-> Request 2
429
(4, 1, 1)
3
(64, 55)
-> Request 3
458
(3, 2, 2)
1
(79, 18)
-> Request 4
784
(2, 2, 2)
1
(42, 32)
-> Request 5
968
(3, 1, 1)
2
(13, 44)
-> Request 6
1156
(4, 3, 1)
1
(23, 1)
-> Request 7
1387
(3, 3, 1)
1
(27, 29)
---> Week : 4
--> Day : 0
-> Request 0
136
(3, 1, 1)
2
(6, 37)
-> Request 1
243
(1, 2, 1)
2
(53, 18)
-> Request 2
675
(1, 1, 2)
2
(40, 47)
-> Request 3
758
(4, 1, 2)
3
(23, 57)
-> Request 4
840
(1, 3, 1)
3
(12, 38)
-> Request 5
1093
(1, 3, 1)
3
(52, 33)
-> Request 6
1209
(4, 1, 1)
2
(38, 1)
--> Day : 1
-> Request 0
123
(3, 1, 1)
2
(76, 50)
-> Request 1
407
(4, 1, 1)
2
(3, 8)
-> Request 2
613
(3, 2, 1)
2
(18, 65)
-> Request 3
636
(4, 3, 2)
3
(11, 58)
-> Request 4
639
(3, 3, 2)
2
(27, 62)
-> Request 5
673
(2, 2, 1)
3
(18, 72)
-> Request 6
771
(3, 3, 2)
2
(73, 34)
-> Request 7
1147
(4, 1, 1)
1
(39, 3)
--> Day : 2
-> Request 0
78
(2, 2, 1)
1
(21, 50)
-> Request 1
472
(4, 3, 1)
3
(36, 63)
-> Request 2
579
(2, 1, 2)
3
(33, 28)
-> Request 3
586
(2, 3, 1)
1
(32, 71)
-> Request 4
954
(4, 1, 2)
1
(36, 65)
-> Request 5
1050
(3, 1, 2)
1
(77, 72)
-> Request 6
1180
(2, 3, 1)
2
(55, 53)
--> Day : 3
-> Request 0
365
(4, 2, 2)
1
(45, 67)
-> Request 1
460
(1, 2, 1)
3
(57, 27)
-> Request 2
503
(2, 3, 1)
3
(31, 20)
-> Request 3
560
(2, 1, 2)
3
(65, 13)
-> Request 4
589
(4, 3, 2)
1
(32, 6)
-> Request 5
749
(1, 2, 2)
3
(35, 48)
-> Request 6
792
(3, 1, 1)
1
(43, 4)
-> Request 7
914
(2, 1, 1)
3
(49, 3)
-> Request 8
1318
(4, 1, 2)
3
(51, 76)
--> Day : 4
-> Request 0
120
(4, 1, 2)
2
(77, 51)
-> Request 1
162
(1, 2, 1)
1
(41, 7)
-> Request 2
210
(3, 2, 2)
2
(27, 65)
-> Request 3
799
(3, 1, 1)
3
(9, 41)
-> Request 4
853
(1, 3, 1)
1
(73, 54)
-> Request 5
1437
(4, 2, 2)
2
(6, 59)
---> Week : 5
--> Day : 0
-> Request 0
727
(2, 2, 2)
1
(55, 7)
-> Request 1
740
(2, 1, 1)
1
(24, 27)
--> Day : 1
-> Request 0
149
(2, 3, 2)
2
(78, 53)
-> Request 1
266
(2, 3, 1)
2
(27, 66)
-> Request 2
378
(1, 1, 2)
2
(20, 3)
-> Request 3
685
(2, 3, 2)
2
(70, 50)
-> Request 4
978
(1, 2, 2)
3
(72, 61)
-> Request 5
1339
(4, 3, 2)
3
(66, 68)
--> Day : 2
-> Request 0
532
(1, 3, 2)
3
(24, 55)
-> Request 1
532
(1, 3, 1)
2
(44, 44)
-> Request 2
754
(3, 1, 1)
2
(6, 16)
--> Day : 3
-> Request 0
188
(1, 3, 1)
2
(58, 44)
-> Request 1
433
(3, 1, 1)
2
(50, 12)
-> Request 2
630
(4, 1, 1)
1
(24, 1)
--> Day : 4
-> Request 0
248
(2, 3, 1)
1
(23, 45)
-> Request 1
860
(4, 1, 1)
3
(44, 24)
---> Week : 6
--> Day : 0
-> Request 0
173
(3, 1, 2)
1
(48, 35)
-> Request 1
465
(3, 3, 2)
1
(20, 64)
-> Request 2
644
(1, 2, 2)
3
(54, 31)
-> Request 3
749
(3, 3, 1)
1
(70, 49)
-> Request 4
1130
(3, 1, 1)
1
(22, 72)
-> Request 5
1277
(1, 3, 1)
1
(23, 79)
-> Request 6
1393
(2, 3, 2)
1
(4, 77)
-> Request 7
1435
(1, 2, 1)
2
(8, 51)
--> Day : 1
-> Request 0
179
(3, 2, 1)
2
(75, 55)
-> Request 1
1042
(4, 2, 1)
3
(79, 46)
-> Request 2
1324
(2, 2, 2)
3
(43, 13)
--> Day : 2
-> Request 0
233
(1, 2, 2)
3
(67, 7)
-> Request 1
683
(4, 3, 2)
1
(6, 71)
-> Request 2
722
(3, 2, 2)
2
(2, 14)
-> Request 3
756
(4, 2, 2)
2
(20, 13)
-> Request 4
1032
(2, 3, 1)
3
(4, 46)
-> Request 5
1045
(1, 2, 2)
1
(15, 60)
-> Request 6
1289
(1, 2, 2)
1
(44, 50)
-> Request 7
1326
(1, 1, 2)
3
(30, 79)
--> Day : 3
-> Request 0
90
(4, 3, 2)
1
(73, 57)
-> Request 1
1118
(3, 2, 2)
2
(51, 53)
-> Request 2
1166
(2, 2, 2)
3
(35, 19)
--> Day : 4
-> Request 0
26
(3, 3, 1)
1
(58, 72)
-> Request 1
222
(1, 2, 1)
1
(40, 48)
-> Request 2
412
(2, 3, 1)
2
(4, 28)
-> Request 3
1410
(1, 2, 1)
1
(74, 39)
---> Week : 7
--> Day : 0
-> Request 0
344
(3, 2, 2)
3
(50, 34)
-> Request 1
358
(1, 3, 2)
3
(57, 24)
-> Request 2
924
(3, 1, 1)
3
(0, 0)
-> Request 3
1344
(2, 2, 1)
3
(74, 33)
--> Day : 1
-> Request 0
92
(3, 3, 2)
1
(14, 18)
-> Request 1
96
(4, 2, 2)
3
(49, 49)
-> Request 2
431
(3, 1, 2)
1
(68, 17)
-> Request 3
532
(2, 2, 1)
3
(78, 52)
-> Request 4
583
(3, 2, 2)
2
(4, 35)
-> Request 5
794
(3, 2, 2)
2
(20, 12)
-> Request 6
1020
(4, 1, 1)
3
(53, 33)
-> Request 7
1211
(2, 2, 1)
3
(22, 9)
--> Day : 2
-> Request 0
274
(1, 1, 1)
1
(30, 24)
-> Request 1
533
(4, 2, 2)
1
(59, 9)
-> Request 2
557
(2, 2, 2)
2
(34, 42)
-> Request 3
752
(4, 3, 2)
1
(43, 28)
-> Request 4
826
(2, 2, 1)
2
(69, 73)
-> Request 5
1203
(1, 1, 1)
3
(52, 7)
-> Request 6
1415
(3, 1, 1)
2
(39, 9)
--> Day : 3
-> Request 0
582
(3, 3, 2)
1
(2, 79)
-> Request 1
777
(3, 2, 1)
1
(64, 49)
-> Request 2
814
(2, 1, 1)
2
(2, 7)
-> Request 3
888
(2, 1, 1)
2
(72, 67)
-> Request 4
1059
(3, 3, 2)
1
(46, 26)
-> Request 5
1138
(1, 1, 2)
1
(50, 56)
-> Request 6
1386
(2, 3, 1)
1
(38, 41)
--> Day : 4
-> Request 0
77
(2, 3, 2)
1
(12, 30)
-> Request 1
139
(2, 3, 1)
1
(75, 75)
-> Request 2
663
(2, 1, 1)
3
(42, 2)
-> Request 3
716
(3, 3, 1)
2
(23, 35)
-> Request 4
730
(4, 1, 2)
1
(49, 68)
-> Request 5
1014
(4, 1, 1)
1
(74, 5)
---> Week : 8
--> Day : 0
-> Request 0
193
(2, 2, 1)
1
(41, 43)
-> Request 1
418
(3, 3, 2)
2
(24, 13)
-> Request 2
701
(3, 2, 1)
3
(27, 34)
-> Request 3
829
(3, 3, 2)
3
(13, 18)
-> Request 4
1314
(4, 1, 1)
1
(59, 72)
-> Request 5
1362
(2, 2, 1)
2
(54, 16)
--> Day : 1
-> Request 0
346
(1, 2, 1)
2
(35, 56)
-> Request 1
780
(4, 2, 1)
3
(74, 79)
-> Request 2
1080
(3, 3, 2)
3
(61, 19)
--> Day : 2
-> Request 0
208
(3, 3, 1)
1
(35, 53)
-> Request 1
669
(1, 2, 1)
2
(15, 49)
-> Request 2
682
(4, 1, 1)
1
(26, 61)
-> Request 3
934
(4, 1, 1)
2
(9, 77)
-> Request 4
970
(3, 1, 2)
1
(67, 11)
-> Request 5
1206
(2, 2, 1)
3
(70, 29)
-> Request 6
1367
(1, 1, 1)
1
(79, 51)
--> Day : 3
-> Request 0
81
(3, 3, 1)
1
(78, 24)
-> Request 1
244
(2, 1, 1)
2
(22, 3)
-> Request 2
302
(1, 2, 1)
3
(51, 10)
-> Request 3
641
(2, 2, 2)
3
(6, 67)
-> Request 4
692
(4, 1, 2)
2
(20, 4)
-> Request 5
701
(3, 3, 2)
3
(44, 1)
-> Request 6
797
(4, 3, 1)
1
(19, 35)
-> Request 7
1165
(4, 3, 1)
3
(18, 16)
--> Day : 4
-> Request 0
0
(3, 2, 1)
1
(37, 5)
-> Request 1
74
(4, 2, 1)
3
(15, 3)
-> Request 2
270
(4, 3, 2)
2
(39, 59)
-> Request 3
482
(1, 1, 2)
2
(56, 43)
-> Request 4
563
(1, 1, 2)
2
(23, 69)
-> Request 5
996
(4, 2, 2)
3
(39, 36)
-> Request 6
998
(4, 1, 1)
2
(3, 56)
---> Week : 9
--> Day : 0
-> Request 0
149
(4, 2, 1)
1
(24, 10)
-> Request 1
369
(3, 2, 2)
1
(7, 24)
-> Request 2
473
(3, 1, 1)
3
(44, 64)
-> Request 3
1011
(3, 3, 2)
2
(18, 30)
-> Request 4
1229
(2, 1, 1)
1
(39, 15)
-> Request 5
1286
(3, 1, 1)
2
(36, 30)
-> Request 6
1316
(1, 3, 1)
2
(76, 40)
--> Day : 1
-> Request 0
36
(2, 2, 2)
3
(38, 75)
-> Request 1
130
(3, 1, 1)
1
(60, 77)
-> Request 2
147
(3, 3, 2)
1
(1, 40)
-> Request 3
874
(1, 2, 2)
1
(60, 54)
-> Request 4
960
(2, 3, 2)
3
(22, 42)
-> Request 5
1008
(3, 3, 1)
1
(73, 6)
-> Request 6
1322
(4, 1, 2)
3
(76, 1)
--> Day : 2
-> Request 0
44
(4, 2, 1)
1
(52, 64)
-> Request 1
382
(2, 1, 1)
1
(32, 23)
-> Request 2
482
(2, 2, 1)
1
(64, 66)
-> Request 3
770
(2, 1, 1)
3
(70, 28)
-> Request 4
792
(4, 1, 2)
2
(53, 45)
--> Day : 3
-> Request 0
148
(1, 1, 1)
3
(60, 57)
-> Request 1
291
(2, 1, 1)
1
(60, 38)
-> Request 2
430
(3, 3, 2)
2
(3, 32)
-> Request 3
430
(2, 3, 2)
2
(67, 8)
-> Request 4
488
(1, 2, 1)
2
(6, 27)
-> Request 5
560
(3, 3, 1)
1
(20, 28)
-> Request 6
1420
(1, 3, 2)
1
(24, 10)
--> Day : 4
-> Request 0
0
(4, 3, 2)
3
(78, 38)
-> Request 1
38
(4, 1, 1)
3
(59, 9)
-> Request 2
473
(2, 2, 1)
3
(5, 41)
-> Request 3
480
(2, 1, 1)
3
(40, 56)
-> Request 4
831
(2, 1, 2)
1
(29, 9)
-> Request 5
858
(3, 3, 2)
2
(55, 61)
-> Request 6
870
(3, 2, 1)
2
(74, 15)
-> Request 7
922
(3, 3, 2)
1
(62, 59)
-> Request 8
1166
(1, 1, 1)
2
(13, 61)
---> Week : 10
--> Day : 0
-> Request 0
31
(2, 1, 2)
2
(56, 74)
-> Request 1
56
(1, 2, 1)
1
(35, 74)
-> Request 2
281
(3, 1, 1)
2
(53, 41)
-> Request 3
506
(2, 3, 1)
2
(57, 79)
-> Request 4
669
(1, 1, 2)
2
(59, 44)
-> Request 5
1034
(3, 3, 1)
2
(57, 58)
-> Request 6
1120
(4, 2, 2)
1
(33, 79)
--> Day : 1
-> Request 0
1427
(4, 2, 2)
1
(15, 53)
--> Day : 2
-> Request 0
657
(1, 1, 1)
3
(4, 33)
-> Request 1
1079
(1, 3, 1)
2
(65, 21)
-> Request 2
1126
(1, 3, 1)
1
(76, 27)
--> Day : 3
-> Request 0
156
(2, 2, 2)
3
(0, 3)
-> Request 1
395
(2, 1, 2)
1
(65, 38)
-> Request 2
724
(4, 2, 1)
3
(72, 44)
-> Request 3
837
(1, 1, 1)
1
(3, 33)
-> Request 4
950
(1, 3, 2)
1
(7, 20)
-> Request 5
1090
(1, 1, 2)
2
(61, 70)
--> Day : 4
-> Request 0
78
(2, 3, 2)
2
(1, 25)
-> Request 1
436
(3, 3, 2)
2
(16, 45)
-> Request 2
882
(2, 2, 1)
1
(2, 19)
-> Request 3
953
(1, 2, 2)
1
(70, 79)
-> Request 4
975
(3, 3, 2)
3
(78, 4)
-> Request 5
1207
(4, 1, 1)
1
(24, 39)
-> Request 6
1236
(1, 1, 2)
2
(17, 15)
---> Week : 11
--> Day : 0
-> Request 0
519
(4, 1, 2)
1
(77, 32)
-> Request 1
1102
(1, 3, 2)
3
(45, 73)
--> Day : 1
-> Request 0
65
(4, 3, 2)
1
(19, 52)
-> Request 1
365
(1, 1, 1)
2
(44, 51)
-> Request 2
980
(1, 2, 2)
3
(77, 7)
-> Request 3
1150
(4, 2, 1)
2
(73, 48)
-> Request 4
1371
(4, 1, 2)
3
(38, 58)
-> Request 5
1372
(1, 2, 2)
1
(42, 12)
--> Day : 2
-> Request 0
48
(1, 1, 2)
2
(73, 70)
-> Request 1
144
(4, 1, 1)
2
(25, 35)
-> Request 2
217
(3, 3, 1)
2
(26, 17)
-> Request 3
278
(2, 3, 1)
2
(68, 63)
-> Request 4
291
(2, 3, 2)
3
(42, 50)
-> Request 5
491
(1, 1, 2)
1
(67, 64)
-> Request 6
559
(1, 2, 2)
3
(40, 3)
-> Request 7
648
(4, 2, 2)
1
(38, 2)
-> Request 8
861
(1, 1, 2)
2
(62, 74)
-> Request 9
933
(4, 1, 2)
2
(53, 71)
-> Request 10
1025
(1, 2, 1)
2
(37, 15)
-> Request 11
1190
(1, 3, 1)
2
(11, 11)
--> Day : 3
-> Request 0
432
(4, 3, 1)
2
(44, 67)
-> Request 1
1068
(1, 1, 2)
1
(43, 31)
-> Request 2
1168
(2, 3, 2)
3
(61, 74)
--> Day : 4
-> Request 0
422
(3, 3, 1)
2
(49, 53)
-> Request 1
651
(2, 1, 2)
3
(34, 65)
-> Request 2
997
(1, 1, 1)
1
(54, 53)
-> Request 3
997
(2, 2, 2)
3
(15, 12)
---> Week : 12
--> Day : 0
-> Request 0
127
(4, 3, 2)
1
(73, 52)
-> Request 1
160
(4, 3, 1)
1
(32, 22)
-> Request 2
366
(2, 1, 1)
1
(35, 44)
-> Request 3
1168
(4, 2, 2)
1
(42, 66)
--> Day : 1
-> Request 0
203
(1, 2, 1)
3
(33, 68)
-> Request 1
211
(1, 2, 2)
3
(46, 35)
-> Request 2
223
(1, 3, 2)
2
(28, 13)
-> Request 3
527
(3, 3, 2)
1
(14, 59)
-> Request 4
536
(1, 2, 2)
3
(15, 49)
-> Request 5
749
(4, 1, 2)
1
(13, 24)
-> Request 6
815
(3, 1, 1)
2
(24, 78)
-> Request 7
1185
(1, 3, 1)
3
(32, 24)
--> Day : 2
-> Request 0
9
(1, 3, 2)
1
(67, 39)
-> Request 1
181
(4, 3, 1)
1
(28, 2)
-> Request 2
301
(1, 3, 1)
2
(24, 67)
-> Request 3
426
(3, 2, 2)
1
(62, 2)
-> Request 4
573
(1, 3, 2)
2
(67, 54)
-> Request 5
587
(2, 3, 1)
2
(19, 10)
-> Request 6
803
(1, 2, 1)
1
(58, 61)
-> Request 7
941
(1, 3, 1)
3
(38, 9)
--> Day : 3
-> Request 0
202
(2, 2, 1)
3
(78, 40)
-> Request 1
585
(2, 2, 2)
3
(16, 21)
-> Request 2
611
(2, 3, 1)
3
(67, 43)
-> Request 3
1242
(2, 3, 2)
3
(72, 77)
-> Request 4
1286
(4, 2, 1)
3
(11, 21)
-> Request 5
1351
(1, 1, 1)
3
(13, 66)
--> Day : 4
-> Request 0
14
(4, 3, 2)
3
(25, 46)
-> Request 1
45
(1, 3, 2)
2
(3, 28)
-> Request 2
190
(3, 2, 1)
2
(23, 42)
-> Request 3
220
(3, 1, 2)
3
(33, 63)
-> Request 4
848
(3, 3, 2)
1
(72, 8)
-> Request 5
918
(2, 2, 1)
2
(34, 11)
-> Request 6
948
(2, 1, 2)
1
(69, 78)
-> Request 7
1194
(1, 1, 1)
1
(64, 72)
-> Request 8
1277
(1, 2, 2)
2
(74, 74)
---> Week : 13
--> Day : 0
-> Request 0
36
(2, 2, 2)
3
(38, 70)
-> Request 1
120
(4, 1, 1)
3
(69, 19)
-> Request 2
467
(2, 3, 1)
3
(53, 17)
-> Request 3
555
(1, 2, 1)
1
(11, 23)
-> Request 4
583
(2, 3, 2)
1
(33, 69)
-> Request 5
1090
(4, 3, 2)
3
(0, 18)
--> Day : 1
-> Request 0
108
(1, 3, 1)
3
(6, 11)
-> Request 1
358
(2, 1, 1)
2
(70, 24)
-> Request 2
367
(4, 2, 2)
3
(56, 66)
-> Request 3
465
(3, 2, 2)
1
(22, 60)
-> Request 4
645
(1, 3, 2)
3
(71, 77)
-> Request 5
889
(3, 3, 2)
1
(11, 49)
-> Request 6
1120
(4, 3, 1)
1
(69, 51)
-> Request 7
1128
(2, 3, 2)
3
(29, 58)
-> Request 8
1180
(4, 3, 1)
1
(39, 1)
-> Request 9
1191
(2, 3, 2)
1
(71, 27)
-> Request 10
1354
(2, 3, 1)
2
(25, 52)
-> Request 11
1364
(3, 3, 2)
1
(64, 42)
--> Day : 2
-> Request 0
307
(1, 1, 2)
1
(5, 77)
-> Request 1
649
(4, 3, 1)
1
(57, 11)
-> Request 2
734
(2, 1, 2)
3
(6, 18)
-> Request 3
900
(3, 1, 2)
2
(14, 11)
--> Day : 3
-> Request 0
103
(4, 3, 2)
3
(52, 74)
-> Request 1
732
(3, 2, 1)
1
(57, 70)
-> Request 2
845
(4, 1, 1)
3
(42, 0)
-> Request 3
1079
(1, 2, 2)
2
(57, 27)
-> Request 4
1149
(4, 3, 1)
2
(11, 74)
-> Request 5
1213
(3, 1, 1)
3
(61, 59)
--> Day : 4
-> Request 0
44
(4, 1, 1)
3
(27, 77)
-> Request 1
872
(4, 1, 2)
2
(28, 72)
-> Request 2
950
(1, 1, 1)
1
(36, 4)
---> Week : 14
--> Day : 0
-> Request 0
294
(3, 3, 2)
1
(40, 41)
-> Request 1
808
(3, 3, 2)
1
(6, 74)
-> Request 2
826
(4, 1, 2)
1
(60, 22)
-> Request 3
899
(2, 2, 2)
2
(2, 60)
-> Request 4
1113
(3, 3, 1)
2
(34, 41)
--> Day : 1
-> Request 0
46
(2, 2, 2)
3
(61, 64)
-> Request 1
214
(3, 2, 2)
1
(64, 24)
-> Request 2
620
(2, 2, 2)
1
(65, 73)
-> Request 3
707
(4, 3, 2)
2
(58, 79)
-> Request 4
1090
(2, 2, 1)
1
(38, 4)
-> Request 5
1254
(1, 1, 2)
2
(69, 12)
--> Day : 2
-> Request 0
141
(3, 1, 1)
1
(48, 32)
-> Request 1
142
(1, 2, 2)
1
(65, 50)
-> Request 2
226
(2, 1, 2)
2
(53, 51)
-> Request 3
591
(4, 3, 1)
3
(27, 2)
-> Request 4
1194
(2, 3, 1)
2
(65, 3)
-> Request 5
1368
(2, 2, 2)
1
(71, 67)
-> Request 6
1407
(2, 3, 1)
1
(20, 11)
--> Day : 3
-> Request 0
515
(3, 1, 1)
2
(8, 60)
-> Request 1
748
(3, 3, 1)
1
(18, 62)
-> Request 2
752
(2, 2, 1)
1
(45, 7)
-> Request 3
794
(3, 1, 1)
2
(54, 23)
-> Request 4
910
(1, 1, 1)
1
(12, 38)
-> Request 5
1310
(2, 3, 2)
3
(34, 12)
-> Request 6
1319
(2, 3, 2)
2
(4, 6)
--> Day : 4
-> Request 0
393
(4, 1, 1)
3
(32, 5)
-> Request 1
490
(1, 2, 2)
1
(62, 34)
-> Request 2
908
(2, 1, 2)
2
(46, 59)
-> Request 3
1200
(3, 2, 2)
2
(58, 48)
-> Request 4
1369
(4, 1, 1)
3
(0, 67)
-> Request 5
1398
(4, 1, 2)
2
(48, 70)
-> Request 6
1404
(4, 3, 1)
1
(16, 56)
---> Week : 15
--> Day : 0
-> Request 0
287
(3, 3, 1)
3
(77, 49)
-> Request 1
442
(4, 3, 1)
1
(9, 54)
-> Request 2
540
(2, 2, 2)
2
(35, 49)
-> Request 3
767
(3, 2, 1)
3
(75, 16)
-> Request 4
1098
(4, 1, 2)
1
(12, 70)
-> Request 5
1224
(2, 1, 1)
3
(49, 70)
-> Request 6
1436
(1, 2, 2)
2
(41, 29)
--> Day : 1
-> Request 0
392
(1, 3, 1)
3
(14, 17)
-> Request 1
504
(2, 2, 1)
3
(46, 14)
-> Request 2
713
(3, 1, 1)
2
(28, 75)
-> Request 3
715
(4, 3, 1)
2
(7, 55)
-> Request 4
1102
(4, 1, 1)
3
(34, 35)
-> Request 5
1276
(1, 3, 1)
1
(47, 26)
--> Day : 2
-> Request 0
17
(3, 3, 1)
1
(3, 45)
-> Request 1
173
(1, 3, 1)
2
(48, 59)
-> Request 2
650
(3, 2, 1)
2
(33, 35)
-> Request 3
676
(1, 2, 1)
2
(29, 60)
-> Request 4
687
(2, 2, 2)
2
(13, 15)
-> Request 5
746
(1, 1, 2)
3
(18, 57)
-> Request 6
746
(4, 2, 2)
3
(25, 79)
-> Request 7
865
(1, 3, 2)
1
(28, 44)
-> Request 8
885
(4, 1, 1)
3
(34, 71)
-> Request 9
1263
(1, 3, 1)
1
(33, 68)
--> Day : 3
-> Request 0
119
(2, 1, 1)
3
(24, 49)
-> Request 1
479
(4, 3, 1)
2
(61, 64)
-> Request 2
559
(3, 2, 1)
3
(15, 69)
-> Request 3
692
(4, 3, 2)
2
(62, 22)
-> Request 4
807
(4, 1, 2)
1
(60, 10)
-> Request 5
978
(2, 2, 2)
2
(44, 31)
-> Request 6
1105
(3, 1, 1)
1
(32, 38)
-> Request 7
1204
(4, 2, 1)
1
(19, 52)
-> Request 8
1241
(4, 2, 1)
2
(46, 58)
-> Request 9
1332
(4, 2, 2)
1
(58, 32)
--> Day : 4
-> Request 0
170
(4, 1, 1)
2
(14, 51)
-> Request 1
228
(2, 3, 2)
3
(57, 65)
-> Request 2
251
(4, 3, 2)
3
(9, 71)
-> Request 3
456
(1, 3, 2)
2
(58, 38)
-> Request 4
805
(3, 1, 1)
1
(26, 77)
-> Request 5
972
(1, 2, 1)
1
(29, 7)
-> Request 6
1032
(4, 3, 1)
2
(7, 79)
---> Week : 16
--> Day : 0
-> Request 0
246
(4, 1, 1)
2
(61, 10)
-> Request 1
598
(2, 1, 2)
1
(48, 50)
-> Request 2
826
(4, 2, 2)
1
(44, 23)
-> Request 3
905
(4, 3, 2)
3
(32, 77)
-> Request 4
982
(2, 1, 1)
2
(31, 1)
-> Request 5
1297
(2, 1, 1)
2
(59, 42)
-> Request 6
1426
(1, 1, 2)
1
(14, 7)
--> Day : 1
-> Request 0
78
(3, 2, 1)
3
(39, 31)
-> Request 1
287
(4, 1, 2)
1
(48, 13)
-> Request 2
640
(1, 3, 1)
2
(56, 57)
-> Request 3
825
(1, 3, 2)
3
(78, 68)
-> Request 4
941
(2, 3, 2)
3
(42, 70)
-> Request 5
1236
(3, 3, 1)
2
(35, 4)
--> Day : 2
--> Day : 3
-> Request 0
54
(3, 2, 1)
2
(46, 10)
-> Request 1
280
(4, 1, 2)
3
(57, 70)
-> Request 2
494
(4, 2, 1)
3
(70, 15)
-> Request 3
591
(1, 3, 2)
2
(1, 23)
-> Request 4
656
(4, 2, 1)
2
(42, 51)
-> Request 5
751
(3, 2, 2)
2
(4, 73)
-> Request 6
1163
(4, 2, 2)
1
(59, 31)
-> Request 7
1197
(2, 1, 2)
1
(62, 70)
-> Request 8
1380
(1, 3, 1)
2
(35, 57)
--> Day : 4
-> Request 0
4
(4, 1, 1)
3
(75, 34)
-> Request 1
81
(4, 3, 2)
3
(23, 17)
-> Request 2
311
(2, 2, 2)
3
(0, 62)
-> Request 3
312
(3, 2, 2)
2
(2, 8)
-> Request 4
337
(3, 3, 1)
3
(10, 74)
-> Request 5
388
(3, 3, 1)
1
(21, 23)
-> Request 6
391
(4, 3, 2)
3
(39, 26)
-> Request 7
408
(1, 1, 2)
2
(44, 14)
-> Request 8
475
(1, 1, 1)
3
(43, 66)
-> Request 9
913
(4, 2, 2)
2
(12, 66)
-> Request 10
1118
(1, 1, 1)
3
(48, 1)
-> Request 11
1131
(2, 2, 1)
2
(14, 27)
-> Request 12
1429
(3, 1, 1)
1
(40, 11)
---> Week : 17
--> Day : 0
-> Request 0
285
(1, 2, 1)
2
(41, 44)
-> Request 1
392
(4, 3, 1)
2
(71, 74)
-> Request 2
520
(2, 1, 2)
2
(35, 79)
-> Request 3
720
(2, 3, 2)
1
(41, 30)
-> Request 4
820
(3, 1, 1)
3
(77, 69)
-> Request 5
871
(3, 3, 2)
1
(52, 31)
-> Request 6
932
(1, 1, 1)
1
(48, 31)
-> Request 7
1005
(4, 1, 1)
2
(42, 34)
-> Request 8
1012
(3, 3, 2)
2
(5, 59)
-> Request 9
1147
(1, 1, 1)
2
(25, 62)
--> Day : 1
-> Request 0
101
(1, 2, 1)
3
(42, 0)
-> Request 1
279
(3, 3, 2)
3
(76, 35)
-> Request 2
498
(3, 1, 1)
3
(20, 76)
-> Request 3
742
(3, 1, 2)
3
(60, 34)
-> Request 4
1167
(1, 2, 1)
3
(3, 78)
--> Day : 2
-> Request 0
679
(3, 1, 1)
1
(52, 6)
-> Request 1
730
(1, 2, 1)
3
(43, 45)
-> Request 2
906
(3, 3, 2)
2
(11, 21)
-> Request 3
989
(4, 3, 1)
3
(44, 26)
-> Request 4
1102
(1, 1, 1)
2
(25, 21)
-> Request 5
1423
(4, 3, 2)
3
(58, 16)
--> Day : 3
-> Request 0
46
(4, 2, 1)
2
(76, 47)
-> Request 1
1031
(2, 3, 2)
3
(54, 38)
-> Request 2
1121
(4, 2, 1)
1
(18, 11)
--> Day : 4
-> Request 0
84
(2, 2, 2)
2
(62, 10)
-> Request 1
177
(3, 3, 1)
3
(68, 79)
-> Request 2
194
(2, 1, 2)
3
(53, 44)
-> Request 3
535
(2, 2, 2)
1
(22, 54)
-> Request 4
624
(3, 2, 1)
1
(13, 72)
-> Request 5
901
(3, 2, 2)
1
(37, 66)
-> Request 6
916
(1, 2, 1)
3
(32, 22)
-> Request 7
981
(4, 1, 1)
3
(35, 0)
-> Request 8
1180
(4, 1, 1)
3
(33, 18)
---> Week : 18
--> Day : 0
-> Request 0
76
(2, 3, 1)
2
(67, 44)
-> Request 1
132
(4, 1, 2)
3
(24, 52)
-> Request 2
270
(1, 1, 1)
1
(54, 69)
-> Request 3
1016
(1, 2, 1)
1
(0, 56)
-> Request 4
1104
(1, 3, 2)
1
(74, 45)
-> Request 5
1362
(1, 3, 1)
1
(53, 72)
--> Day : 1
-> Request 0
201
(1, 1, 1)
2
(32, 70)
-> Request 1
304
(3, 1, 2)
1
(39, 36)
-> Request 2
783
(4, 1, 1)
1
(48, 52)
-> Request 3
1026
(2, 2, 2)
3
(64, 75)
-> Request 4
1140
(1, 1, 1)
3
(66, 65)
--> Day : 2
-> Request 0
603
(1, 3, 1)
2
(56, 11)
-> Request 1
888
(3, 2, 1)
3
(15, 78)
-> Request 2
1036
(1, 2, 1)
3
(8, 3)
-> Request 3
1384
(3, 2, 2)
3
(29, 79)
--> Day : 3
-> Request 0
15
(4, 3, 2)
1
(10, 65)
-> Request 1
656
(3, 1, 2)
1
(59, 19)
--> Day : 4
-> Request 0
201
(4, 1, 2)
2
(29, 34)
-> Request 1
364
(2, 3, 2)
2
(46, 38)
-> Request 2
555
(2, 2, 1)
1
(6, 5)
-> Request 3
620
(1, 2, 2)
2
(11, 10)
-> Request 4
622
(2, 3, 1)
3
(43, 15)
-> Request 5
747
(3, 2, 2)
1
(29, 52)
-> Request 6
799
(3, 3, 2)
1
(26, 57)
-> Request 7
997
(3, 1, 1)
2
(38, 7)
-> Request 8
1016
(4, 2, 1)
3
(50, 64)
---> Week : 19
--> Day : 0
-> Request 0
76
(2, 3, 1)
3
(2, 71)
-> Request 1
691
(2, 2, 1)
2
(53, 54)
-> Request 2
803
(3, 2, 1)
2
(5, 39)
--> Day : 1
-> Request 0
144
(1, 3, 1)
2
(55, 74)
-> Request 1
232
(4, 1, 1)
2
(3, 12)
-> Request 2
299
(4, 1, 1)
2
(51, 33)
-> Request 3
379
(4, 3, 2)
2
(77, 16)
-> Request 4
497
(4, 2, 2)
3
(34, 71)
-> Request 5
736
(2, 3, 1)
3
(50, 4)
-> Request 6
1072
(2, 1, 2)
3
(34, 75)
-> Request 7
1272
(2, 3, 2)
3
(62, 1)
-> Request 8
1298
(2, 3, 2)
2
(50, 47)
--> Day : 2
-> Request 0
357
(2, 2, 1)
2
(66, 75)
-> Request 1
431
(4, 3, 1)
3
(61, 73)
-> Request 2
818
(3, 3, 1)
1
(5, 60)
-> Request 3
947
(4, 3, 2)
3
(26, 27)
-> Request 4
1000
(4, 3, 2)
2
(62, 53)
-> Request 5
1054
(1, 2, 1)
1
(39, 37)
-> Request 6
1356
(2, 3, 1)
3
(58, 63)
-> Request 7
1413
(3, 3, 1)
1
(30, 77)
--> Day : 3
-> Request 0
390
(2, 2, 1)
1
(73, 17)
-> Request 1
463
(3, 1, 2)
3
(6, 65)
-> Request 2
831
(1, 3, 2)
3
(17, 21)
-> Request 3
1154
(3, 2, 2)
3
(3, 47)
-> Request 4
1219
(3, 1, 1)
2
(1, 14)
-> Request 5
1298
(1, 1, 2)
1
(13, 10)
-> Request 6
1336
(2, 3, 2)
2
(33, 67)
--> Day : 4
-> Request 0
65
(3, 3, 2)
2
(76, 79)
-> Request 1
687
(3, 3, 2)
3
(47, 38)
-> Request 2
798
(4, 1, 2)
1
(24, 16)
-> Request 3
812
(3, 2, 1)
3
(71, 60)
