---> Week : 0
--> Day : 0
-> Request 0
67
(3, 1, 1)
1
(24, 43)
-> Request 1
393
(1, 3, 2)
3
(19, 22)
-> Request 2
458
(4, 3, 2)
3
(64, 29)
-> Request 3
513
(4, 3, 2)
1
(64, 33)
-> Request 4
518
(1, 2, 1)
1
(54, 47)
-> Request 5
527
(4, 3, 2)
2
(55, 43)
-> Request 6
606
(1, 3, 2)
1
(13, 4)
-> Request 7
992
(1, 3, 1)
2
(62, 50)
-> Request 8
1273
(4, 1, 2)
2
(2, 4)
-> Request 9
1360
(4, 1, 1)
1
(1, 49)
--> Day : 1
-> Request 0
24
(4, 2, 2)
2
(63, 32)
-> Request 1
33
(3, 1, 2)
1
(50, 44)
-> Request 2
381
(2, 1, 2)
1
(30, 56)
-> Request 3
628
(3, 3, 2)
2
(37, 6)
-> Request 4
656
(3, 1, 1)
1
(70, 21)
-> Request 5
943
(4, 3, 2)
1
(63, 25)
-> Request 6
948
(3, 1, 1)
2
(70, 49)
-> Request 7
1334
(2, 2, 1)
2
(63, 25)
--> Day : 2
-> Request 0
86
(2, 1, 1)
2
(21, 46)
-> Request 1
268
(4, 1, 2)
1
(7, 65)
-> Request 2
688
(4, 1, 2)
1
(59, 23)
-> Request 3
737
(2, 3, 2)
2
(63, 26)
-> Request 4
758
(4, 2, 1)
1
(24, 29)
-> Request 5
792
(2, 3, 1)
2
(49, 60)
-> Request 6
1081
(4, 1, 2)
2
(36, 12)
-> Request 7
1134
(4, 3, 2)
3
(74, 31)
-> Request 8
1249
(4, 3, 2)
1
(68, 8)
-> Request 9
1381
(2, 1, 1)
3
(45, 68)
-> Request 10
1419
(3, 2, 2)
3
(58, 46)
--> Day : 3
-> Request 0
413
(2, 2, 2)
1
(9, 23)
-> Request 1
603
(4, 3, 2)
3
(79, 69)
-> Request 2
787
(3, 3, 2)
2
(46, 26)
-> Request 3
1219
(4, 3, 1)
3
(57, 34)
--> Day : 4
-> Request 0
340
(2, 2, 2)
3
(10, 29)
-> Request 1
781
(2, 2, 2)
3
(67, 57)
-> Request 2
905
(3, 3, 1)
2
(3, 49)
-> Request 3
976
(1, 3, 2)
3
(14, 17)
-> Request 4
1029
(4, 3, 1)
2
(5, 36)
-> Request 5
1064
(2, 3, 2)
2
(69, 6)
-> Request 6
1229
(3, 2, 2)
2
(41, 3)
-> Request 7
1245
(2, 2, 1)
2
(59, 43)
-> Request 8
1435
(4, 3, 1)
2
(2, 41)
---> Week : 1
--> Day : 0
-> Request 0
8
(1, 3, 2)
1
(31, 47)
-> Request 1
80
(2, 3, 2)
1
(32, 14)
-> Request 2
140
(4, 3, 2)
2
(34, 30)
-> Request 3
206
(4, 2, 1)
3
(1, 56)
-> Request 4
349
(3, 3, 2)
1
(15, 63)
-> Request 5
660
(3, 1, 2)
3
(66, 10)
-> Request 6
842
(2, 2, 2)
1
(6, 27)
-> Request 7
847
(4, 3, 1)
2
(50, 10)
-> Request 8
1187
(4, 1, 1)
2
(12, 16)
--> Day : 1
-> Request 0
295
(3, 1, 1)
1
(41, 79)
-> Request 1
737
(2, 1, 2)
3
(3, 3)
-> Request 2
758
(3, 2, 1)
3
(15, 59)
-> Request 3
1022
(2, 2, 1)
1
(54, 25)
-> Request 4
1146
(1, 3, 2)
3
(62, 5)
-> Request 5
1170
(1, 3, 2)
3
(46, 76)
-> Request 6
1393
(4, 3, 2)
3
(63, 55)
--> Day : 2
-> Request 0
226
(2, 3, 1)
2
(77, 55)
-> Request 1
336
(4, 2, 2)
2
(72, 1)
-> Request 2
413
(2, 1, 1)
2
(79, 62)
-> Request 3
600
(4, 2, 2)
1
(18, 60)
-> Request 4
823
(4, 2, 2)
1
(15, 23)
-> Request 5
1208
(3, 2, 1)
3
(26, 40)
--> Day : 3
-> Request 0
69
(3, 2, 1)
1
(18, 76)
-> Request 1
79
(3, 3, 1)
1
(55, 20)
-> Request 2
899
(1, 3, 1)
2
(1, 14)
-> Request 3
972
(4, 2, 1)
2
(3, 46)
-> Request 4
1037
(4, 1, 2)
3
(27, 27)
-> Request 5
1058
(4, 2, 1)
2
(64, 32)
--> Day : 4
-> Request 0
23
(4, 1, 1)
3
(49, 79)
-> Request 1
351
(2, 2, 2)
3
(5, 62)
---> Week : 2
--> Day : 0
-> Request 0
187
(3, 3, 2)
3
(3, 72)
-> Request 1
328
(2, 1, 1)
1
(77, 41)
-> Request 2
449
(2, 2, 1)
3
(36, 57)
-> Request 3
722
(2, 3, 2)
1
(71, 65)
-> Request 4
1029
(2, 1, 1)
3
(74, 37)
-> Request 5
1241
(1, 3, 1)
2
(55, 40)
-> Request 6
1358
(1, 1, 1)
2
(31, 11)
--> Day : 1
-> Request 0
417
(2, 1, 2)
1
(67, 37)
-> Request 1
522
(1, 1, 2)
1
(58, 4)
-> Request 2
675
(2, 2, 1)
2
(40, 40)
-> Request 3
702
(2, 1, 1)
1
(15, 2)
-> Request 4
745
(1, 1, 2)
2
(48, 18)
-> Request 5
1017
(4, 2, 2)
1
(60, 55)
-> Request 6
1393
(2, 2, 2)
1
(72, 47)
--> Day : 2
-> Request 0
173
(3, 2, 2)
2
(44, 6)
-> Request 1
328
(4, 1, 2)
3
(7, 44)
-> Request 2
709
(3, 3, 1)
3
(49, 35)
-> Request 3
878
(4, 1, 1)
3
(50, 11)
-> Request 4
907
(1, 1, 2)
2
(23, 17)
-> Request 5
1106
(4, 1, 1)
2
(5, 2)
-> Request 6
1135
(2, 1, 1)
1
(62, 64)
-> Request 7
1158
(3, 1, 1)
3
(58, 1)
-> Request 8
1286
(3, 1, 1)
3
(67, 55)
-> Request 9
1344
(1, 3, 2)
2
(9, 11)
-> Request 10
1369
(1, 2, 1)
1
(31, 48)
-> Request 11
1411
(3, 1, 1)
2
(78, 73)
--> Day : 3
-> Request 0
474
(1, 3, 1)
1
(37, 11)
-> Request 1
485
(4, 2, 2)
2
(27, 74)
-> Request 2
668
(1, 2, 1)
3
(23, 29)
--> Day : 4
-> Request 0
100
(4, 1, 1)
1
(16, 50)
-> Request 1
159
(4, 2, 1)
1
(75, 63)
-> Request 2
398
(1, 3, 1)
2
(44, 0)
-> Request 3
547
(1, 3, 2)
1
(24, 70)
-> Request 4
700
(1, 1, 1)
2
(26, 7)
-> Request 5
903
(3, 1, 1)
2
(12, 7)
-> Request 6
1004
(4, 1, 1)
3
(65, 24)
-> Request 7
1124
(1, 1, 2)
1
(24, 51)
-> Request 8
1336
(1, 1, 2)
1
(13, 14)
-> Request 9
1344
(2, 2, 2)
1
(61, 10)
---> Week : 3
--> Day : 0
-> Request 0
55
(1, 2, 2)
2
(38, 28)
-> Request 1
626
(4, 2, 1)
2
(43, 66)
-> Request 2
674
(3, 1, 1)
3
(41, 56)
-> Request 3
1083
(4, 3, 1)
1
(69, 52)
--> Day : 1
-> Request 0
349
(1, 2, 1)
2
(12, 34)
-> Request 1
373
(1, 3, 1)
1
(40, 63)
-> Request 2
860
(3, 2, 2)
1
(29, 56)
-> Request 3
1110
(3, 1, 2)
3
(77, 60)
-> Request 4
1413
(4, 1, 2)
2
(17, 70)
-> Request 5
1423
(4, 3, 2)
1
(19, 11)
--> Day : 2
-> Request 0
405
(2, 2, 2)
2
(69, 23)
-> Request 1
815
(1, 1, 1)
2
(7, 38)
-> Request 2
837
(2, 1, 2)
1
(1, 49)
-> Request 3
861
(2, 1, 2)
1
(52, 33)
-> Request 4
1315
(4, 1, 1)
1
(12, 78)
-> Request 5
1383
(2, 3, 1)
1
(34, 23)
--> Day : 3
-> Request 0
283
(1, 1, 2)
1
(51, 26)
-> Request 1
425
(4, 2, 2)
3
(48, 10)
-> Request 2
456
(1, 2, 2)
2
(7, 55)
-> Request 3
653
(1, 1, 1)
1
(72, 40)
-> Request 4
791
(3, 3, 2)
2
(45, 35)
-> Request 5
831
(1, 1, 1)
3
(23, 57)
-> Request 6
931
(1, 1, 1)
1
(56, 43)
-> Request 7
935
(2, 3, 1)
1
(31, 15)
-> Request 8
992
(3, 2, 2)
2
(22, 20)
-> Request 9
1071
(2, 2, 1)
1
(7, 1)
--> Day : 4
-> Request 0
188
(4, 3, 2)
1
(50, 0)
-> Request 1
284
(2, 1, 2)
1
(69, 26)
-> Request 2
435
(4, 1, 2)
1
(8, 8)
-> Request 3
902
(3, 1, 1)
3
(34, 47)
-> Request 4
1081
(4, 3, 2)
3
(54, 15)
-> Request 5
1136
(3, 3, 1)
3
(54, 3)
---> Week : 4
--> Day : 0
-> Request 0
89
(3, 2, 1)
3
(16, 47)
-> Request 1
208
(2, 1, 1)
3
(5, 63)
-> Request 2
436
(1, 3, 2)
3
(10, 43)
-> Request 3
772
(1, 2, 1)
3
(69, 1)
-> Request 4
957
(4, 2, 2)
2
(56, 26)
-> Request 5
959
(1, 1, 2)
1
(67, 54)
-> Request 6
1308
(2, 1, 1)
2
(38, 5)
--> Day : 1
-> Request 0
107
(1, 3, 1)
1
(79, 54)
-> Request 1
146
(4, 1, 2)
2
(71, 49)
-> Request 2
530
(1, 3, 2)
3
(0, 38)
-> Request 3
562
(1, 3, 2)
2
(1, 22)
-> Request 4
989
(2, 2, 1)
1
(60, 25)
--> Day : 2
-> Request 0
136
(2, 1, 2)
1
(28, 54)
-> Request 1
874
(4, 1, 1)
1
(11, 32)
-> Request 2
1210
(4, 2, 2)
2
(10, 0)
-> Request 3
1289
(4, 1, 1)
2
(44, 22)
-> Request 4
1299
(3, 1, 2)
3
(61, 75)
-> Request 5
1351
(2, 2, 2)
1
(0, 47)
-> Request 6
1413
(4, 1, 2)
2
(25, 57)
--> Day : 3
-> Request 0
298
(1, 1, 2)
2
(4, 14)
-> Request 1
538
(1, 2, 2)
3
(79, 60)
-> Request 2
647
(2, 1, 1)
3
(72, 46)
-> Request 3
650
(4, 2, 2)
2
(54, 42)
-> Request 4
855
(4, 2, 2)
1
(40, 55)
-> Request 5
911
(1, 1, 2)
3
(25, 2)
-> Request 6
979
(2, 3, 2)
2
(65, 55)
-> Request 7
984
(4, 1, 2)
2
(75, 62)
-> Request 8
1053
(4, 1, 1)
3
(44, 41)
-> Request 9
1083
(2, 2, 1)
1
(60, 13)
-> Request 10
1212
(3, 1, 2)
2
(19, 37)
--> Day : 4
-> Request 0
210
(4, 3, 1)
3
(25, 73)
-> Request 1
462
(4, 2, 1)
3
(17, 45)
-> Request 2
631
(3, 1, 2)
3
(45, 13)
-> Request 3
663
(2, 2, 2)
2
(16, 62)
-> Request 4
867
(2, 2, 1)
1
(24, 11)
-> Request 5
889
(3, 1, 1)
1
(70, 23)
-> Request 6
906
(2, 1, 1)
1
(16, 2)
-> Request 7
1298
(3, 2, 1)
2
(35, 11)
-> Request 8
1310
(2, 3, 1)
3
(36, 20)
---> Week : 5
--> Day : 0
-> Request 0
177
(4, 3, 1)
1
(45, 65)
-> Request 1
332
(2, 2, 1)
2
(61, 45)
-> Request 2
411
(3, 1, 2)
2
(70, 6)
-> Request 3
445
(3, 3, 1)
2
(58, 31)
-> Request 4
452
(4, 3, 2)
3
(62, 56)
-> Request 5
658
(1, 1, 2)
1
(70, 61)
-> Request 6
684
(4, 1, 1)
1
(11, 33)
-> Request 7
777
(3, 1, 2)
2
(50, 60)
-> Request 8
1121
(4, 2, 1)
2
(71, 33)
-> Request 9
1197
(3, 1, 2)
2
(3, 2)
-> Request 10
1268
(3, 2, 1)
3
(60, 38)
-> Request 11
1306
(3, 1, 1)
1
(10, 75)
-> Request 12
1323
(4, 1, 1)
2
(77, 53)
-> Request 13
1401
(3, 2, 2)
2
(23, 65)
--> Day : 1
-> Request 0
112
(1, 3, 1)
3
(77, 34)
-> Request 1
217
(4, 3, 1)
1
(28, 51)
-> Request 2
532
(1, 2, 1)
1
(53, 23)
-> Request 3
1084
(4, 1, 2)
2
(73, 11)
-> Request 4
1238
(2, 2, 2)
1
(11, 32)
--> Day : 2
-> Request 0
481
(3, 2, 2)
1
(7, 1)
-> Request 1
652
(2, 3, 2)
1
(74, 10)
-> Request 2
736
(1, 2, 1)
2
(46, 73)
-> Request 3
841
(4, 2, 1)
2
(20, 4)
--> Day : 3
-> Request 0
148
(2, 3, 2)
3
(48, 14)
-> Request 1
410
(4, 2, 1)
3
(64, 44)
-> Request 2
617
(4, 3, 1)
3
(56, 50)
-> Request 3
1081
(3, 1, 2)
3
(11, 43)
-> Request 4
1232
(2, 2, 1)
2
(56, 78)
-> Request 5
1281
(2, 1, 2)
2
(45, 79)
-> Request 6
1416
(4, 3, 2)
3
(11, 69)
--> Day : 4
-> Request 0
140
(1, 3, 2)
2
(4, 28)
-> Request 1
1381
(2, 2, 1)
3
(23, 6)
---> Week : 6
--> Day : 0
-> Request 0
56
(2, 3, 2)
1
(28, 15)
-> Request 1
1163
(2, 3, 2)
1
(42, 12)
--> Day : 1
-> Request 0
68
(2, 1, 2)
2
(75, 79)
-> Request 1
162
(4, 2, 1)
2
(38, 75)
-> Request 2
327
(2, 2, 1)
2
(27, 21)
-> Request 3
377
(4, 2, 2)
3
(10, 34)
-> Request 4
422
(3, 1, 2)
3
(16, 63)
-> Request 5
456
(2, 1, 1)
1
(21, 47)
-> Request 6
619
(1, 3, 1)
2
(21, 45)
-> Request 7
810
(4, 3, 2)
2
(57, 23)
-> Request 8
836
(1, 1, 1)
1
(25, 72)
-> Request 9
1429
(1, 2, 2)
3
(34, 60)
--> Day : 2
-> Request 0
35
(4, 2, 2)
3
(44, 36)
-> Request 1
198
(4, 1, 2)
3
(57, 44)
-> Request 2
1242
(3, 3, 1)
3
(4, 9)
--> Day : 3
-> Request 0
51
(4, 1, 1)
1
(70, 78)
-> Request 1
152
(3, 2, 2)
1
(55, 41)
-> Request 2
168
(2, 1, 2)
1
(74, 25)
-> Request 3
209
(3, 1, 1)
1
(39, 40)
-> Request 4
316
(1, 1, 1)
3
(63, 50)
-> Request 5
506
(1, 1, 1)
1
(2, 19)
-> Request 6
527
(4, 2, 1)
2
(76, 35)
-> Request 7
728
(2, 2, 2)
2
(72, 60)
-> Request 8
983
(1, 1, 2)
3
(4, 54)
-> Request 9
1165
(3, 3, 1)
3
(52, 19)
-> Request 10
1276
(4, 3, 1)
3
(27, 70)
--> Day : 4
-> Request 0
381
(1, 1, 2)
2
(49, 42)
-> Request 1
599
(1, 3, 2)
2
(7, 15)
-> Request 2
709
(3, 1, 2)
2
(31, 41)
-> Request 3
733
(3, 2, 1)
1
(69, 44)
-> Request 4
824
(4, 2, 1)
1
(39, 18)
---> Week : 7
--> Day : 0
-> Request 0
354
(4, 3, 2)
3
(22, 21)
-> Request 1
375
(4, 3, 1)
3
(31, 51)
-> Request 2
547
(4, 3, 1)
1
(2, 52)
-> Request 3
642
(1, 1, 2)
3
(52, 68)
-> Request 4
1373
(2, 1, 2)
2
(34, 11)
-> Request 5
1390
(2, 2, 1)
1
(9, 71)
-> Request 6
1403
(4, 1, 1)
3
(53, 76)
-> Request 7
1426
(1, 3, 1)
2
(6, 42)
--> Day : 1
-> Request 0
213
(4, 1, 1)
2
(35, 19)
-> Request 1
239
(4, 3, 2)
2
(9, 21)
-> Request 2
618
(4, 2, 1)
1
(54, 31)
-> Request 3
618
(4, 3, 2)
2
(32, 52)
-> Request 4
724
(2, 2, 2)
3
(22, 14)
-> Request 5
739
(1, 2, 2)
3
(69, 63)
-> Request 6
765
(4, 3, 1)
2
(2, 13)
-> Request 7
1397
(2, 1, 2)
1
(43, 59)
--> Day : 2
-> Request 0
17
(2, 1, 1)
1
(37, 65)
-> Request 1
27
(1, 1, 1)
2
(48, 23)
-> Request 2
66
(2, 1, 2)
1
(4, 68)
-> Request 3
161
(4, 1, 1)
3
(32, 16)
-> Request 4
203
(3, 3, 2)
1
(43, 59)
-> Request 5
239
(2, 1, 1)
1
(34, 71)
-> Request 6
375
(2, 1, 1)
3
(45, 71)
-> Request 7
761
(3, 3, 1)
1
(79, 16)
-> Request 8
866
(2, 2, 2)
2
(0, 43)
-> Request 9
924
(4, 1, 1)
2
(49, 70)
-> Request 10
1013
(3, 1, 2)
2
(14, 41)
--> Day : 3
-> Request 0
138
(1, 1, 1)
2
(22, 46)
-> Request 1
602
(4, 1, 1)
2
(40, 46)
-> Request 2
623
(3, 3, 1)
1
(31, 0)
-> Request 3
788
(1, 3, 1)
3
(33, 19)
-> Request 4
1068
(1, 2, 1)
1
(52, 54)
--> Day : 4
-> Request 0
141
(4, 2, 1)
3
(78, 33)
-> Request 1
334
(2, 3, 1)
3
(60, 46)
-> Request 2
1205
(1, 2, 1)
3
(38, 60)
-> Request 3
1270
(4, 3, 1)
1
(59, 8)
-> Request 4
1319
(1, 3, 1)
3
(26, 56)
---> Week : 8
--> Day : 0
-> Request 0
297
(2, 2, 2)
2
(11, 64)
-> Request 1
354
(3, 1, 2)
3
(21, 16)
-> Request 2
451
(3, 1, 2)
2
(77, 77)
-> Request 3
597
(3, 3, 2)
1
(63, 25)
-> Request 4
908
(4, 1, 1)
1
(14, 22)
-> Request 5
1003
(1, 3, 1)
1
(0, 63)
-> Request 6
1161
(4, 1, 2)
3
(57, 47)
-> Request 7
1250
(4, 2, 2)
2
(48, 64)
--> Day : 1
-> Request 0
462
(4, 3, 2)
2
(10, 13)
-> Request 1
687
(4, 2, 1)
3
(8, 58)
-> Request 2
1072
(2, 1, 1)
1
(36, 8)
-> Request 3
1077
(2, 1, 1)
1
(74, 65)
-> Request 4
1155
(1, 1, 1)
1
(51, 44)
-> Request 5
1339
(2, 2, 2)
2
(66, 4)
--> Day : 2
-> Request 0
826
(4, 2, 1)
3
(78, 56)
-> Request 1
1035
(3, 2, 2)
1
(17, 40)
-> Request 2
1395
(2, 3, 1)
1
(55, 47)
--> Day : 3
-> Request 0
327
(1, 3, 1)
1
(61, 34)
-> Request 1
539
(3, 2, 2)
2
(29, 64)
-> Request 2
748
(2, 1, 2)
2
(38, 7)
-> Request 3
820
(3, 1, 2)
3
(47, 14)
-> Request 4
935
(3, 3, 2)
2
(25, 53)
-> Request 5
1253
(3, 3, 2)
2
(62, 2)
-> Request 6
1269
(2, 3, 2)
3
(31, 34)
-> Request 7
1338
(4, 1, 1)
2
(50, 28)
--> Day : 4
-> Request 0
75
(1, 3, 2)
2
(26, 68)
-> Request 1
292
(4, 2, 1)
1
(8, 51)
-> Request 2
348
(2, 1, 1)
1
(75, 42)
-> Request 3
1076
(3, 3, 1)
1
(21, 9)
-> Request 4
1367
(1, 1, 1)
1
(43, 24)
---> Week : 9
--> Day : 0
-> Request 0
512
(1, 1, 1)
1
(77, 66)
-> Request 1
1166
(2, 2, 1)
2
(10, 14)
-> Request 2
1247
(4, 1, 2)
2
(61, 77)
--> Day : 1
-> Request 0
190
(1, 3, 2)
3
(31, 17)
-> Request 1
191
(4, 1, 1)
2
(40, 25)
-> Request 2
265
(2, 2, 1)
3
(20, 13)
-> Request 3
880
(1, 3, 1)
1
(10, 4)
-> Request 4
980
(4, 1, 2)
2
(63, 11)
-> Request 5
1098
(2, 3, 1)
2
(13, 9)
-> Request 6
1224
(3, 3, 1)
2
(76, 50)
-> Request 7
1316
(1, 1, 2)
2
(76, 47)
--> Day : 2
-> Request 0
18
(1, 3, 2)
3
(62, 63)
-> Request 1
277
(1, 1, 2)
3
(13, 9)
-> Request 2
287
(3, 2, 1)
1
(25, 10)
-> Request 3
332
(3, 3, 1)
3
(14, 70)
-> Request 4
1051
(4, 2, 1)
1
(58, 31)
-> Request 5
1314
(2, 2, 1)
2
(3, 3)
--> Day : 3
-> Request 0
63
(2, 3, 1)
3
(34, 21)
-> Request 1
142
(2, 3, 2)
2
(55, 45)
-> Request 2
757
(1, 3, 2)
2
(50, 9)
-> Request 3
913
(2, 2, 1)
1
(56, 6)
-> Request 4
1007
(1, 2, 2)
3
(56, 1)
-> Request 5
1364
(1, 2, 1)
2
(0, 55)
--> Day : 4
-> Request 0
80
(3, 1, 2)
2
(46, 5)
-> Request 1
246
(2, 3, 2)
3
(11, 27)
-> Request 2
313
(3, 2, 2)
1
(43, 36)
-> Request 3
493
(1, 3, 2)
3
(65, 6)
-> Request 4
537
(4, 3, 1)
2
(56, 60)
-> Request 5
567
(4, 3, 1)
2
(4, 47)
-> Request 6
576
(4, 2, 1)
3
(49, 21)
-> Request 7
579
(3, 3, 2)
3
(17, 20)
-> Request 8
1153
(1, 3, 1)
2
(59, 43)
-> Request 9
1227
(3, 3, 1)
2
(77, 38)
-> Request 10
1402
(1, 3, 1)
1
(2, 62)
---> Week : 10
--> Day : 0
-> Request 0
158
(4, 2, 2)
3
(77, 26)
-> Request 1
442
(4, 1, 1)
3
(39, 29)
-> Request 2
686
(4, 2, 2)
2
(27, 63)
-> Request 3
1041
(2, 2, 1)
2
(47, 48)
-> Request 4
1158
(2, 1, 2)
3
(36, 68)
--> Day : 1
-> Request 0
286
(4, 2, 2)
1
(17, 4)
-> Request 1
489
(3, 2, 1)
3
(11, 21)
-> Request 2
617
(4, 1, 2)
2
(19, 72)
-> Request 3
1063
(3, 2, 1)
2
(19, 5)
--> Day : 2
-> Request 0
573
(3, 1, 2)
1
(24, 51)
-> Request 1
644
(3, 2, 1)
2
(5, 66)
-> Request 2
804
(1, 1, 2)
1
(20, 77)
--> Day : 3
-> Request 0
605
(2, 1, 1)
1
(11, 24)
-> Request 1
996
(1, 1, 1)
2
(26, 61)
-> Request 2
1167
(3, 3, 2)
3
(26, 12)
-> Request 3
1283
(1, 1, 1)
2
(14, 26)
-> Request 4
1429
(3, 3, 1)
2
(20, 62)
--> Day : 4
-> Request 0
117
(2, 2, 2)
2
(78, 61)
-> Request 1
369
(3, 1, 1)
1
(26, 10)
-> Request 2
407
(3, 3, 2)
1
(72, 66)
-> Request 3
698
(3, 1, 1)
1
(16, 48)
-> Request 4
882
(1, 3, 2)
2
(42, 2)
-> Request 5
945
(4, 3, 2)
1
(33, 47)
-> Request 6
995
(3, 3, 1)
3
(46, 32)
-> Request 7
1174
(3, 3, 2)
2
(24, 61)
-> Request 8
1264
(2, 3, 2)
3
(37, 23)
---> Week : 11
--> Day : 0
-> Request 0
208
(2, 3, 2)
1
(2, 4)
-> Request 1
563
(2, 1, 1)
1
(20, 18)
-> Request 2
623
(1, 1, 2)
2
(24, 1)
-> Request 3
678
(1, 3, 2)
2
(59, 0)
-> Request 4
771
(1, 2, 1)
3
(28, 76)
-> Request 5
802
(4, 3, 2)
2
(53, 49)
-> Request 6
894
(4, 2, 1)
1
(75, 68)
-> Request 7
900
(3, 3, 2)
3
(55, 0)
-> Request 8
1255
(3, 3, 2)
2
(6, 70)
-> Request 9
1348
(3, 1, 2)
1
(9, 35)
--> Day : 1
-> Request 0
284
(3, 3, 2)
2
(70, 74)
-> Request 1
500
(1, 2, 1)
2
(13, 7)
-> Request 2
546
(2, 1, 1)
1
(32, 59)
-> Request 3
1002
(4, 1, 1)
2
(53, 49)
-> Request 4
1018
(1, 3, 1)
1
(38, 60)
-> Request 5
1058
(3, 1, 1)
3
(24, 42)
-> Request 6
1068
(2, 2, 1)
3
(49, 78)
-> Request 7
1117
(2, 2, 2)
1
(18, 55)
-> Request 8
1346
(2, 2, 2)
1
(53, 48)
--> Day : 2
-> Request 0
41
(3, 2, 1)
3
(16, 70)
-> Request 1
405
(4, 1, 2)
2
(53, 66)
-> Request 2
815
(4, 1, 1)
3
(12, 31)
-> Request 3
876
(4, 3, 2)
1
(12, 14)
-> Request 4
1055
(1, 1, 2)
1
(46, 48)
-> Request 5
1099
(2, 2, 1)
2
(14, 7)
-> Request 6
1315
(3, 2, 2)
3
(49, 4)
--> Day : 3
-> Request 0
191
(2, 1, 2)
3
(12, 6)
-> Request 1
244
(3, 3, 2)
1
(59, 38)
-> Request 2
558
(3, 2, 2)
3
(50, 34)
-> Request 3
738
(1, 1, 1)
2
(8, 70)
-> Request 4
774
(3, 1, 2)
1
(32, 52)
-> Request 5
996
(4, 3, 1)
2
(1, 5)
-> Request 6
1074
(2, 1, 1)
3
(40, 1)
-> Request 7
1182
(2, 3, 1)
2
(16, 45)
-> Request 8
1266
(3, 2, 2)
1
(71, 63)
--> Day : 4
-> Request 0
249
(3, 2, 1)
3
(25, 69)
-> Request 1
627
(2, 1, 2)
3
(32, 53)
-> Request 2
1325
(4, 2, 1)
2
(74, 30)
---> Week : 12
--> Day : 0
-> Request 0
445
(1, 2, 2)
1
(57, 30)
-> Request 1
552
(3, 3, 1)
3
(42, 75)
-> Request 2
591
(3, 3, 1)
2
(13, 45)
-> Request 3
609
(2, 2, 2)
2
(65, 68)
-> Request 4
640
(2, 3, 1)
3
(75, 2)
-> Request 5
864
(1, 3, 1)
1
(16, 33)
-> Request 6
895
(1, 3, 1)
2
(1, 3)
-> Request 7
1314
(1, 1, 1)
2
(42, 66)
--> Day : 1
-> Request 0
322
(2, 1, 1)
3
(0, 64)
-> Request 1
941
(2, 1, 2)
1
(13, 36)
-> Request 2
984
(1, 2, 2)
2
(75, 10)
-> Request 3
1154
(4, 3, 2)
3
(27, 2)
-> Request 4
1219
(2, 1, 1)
3
(65, 7)
--> Day : 2
-> Request 0
501
(2, 1, 2)
3
(42, 18)
-> Request 1
709
(1, 3, 2)
1
(73, 78)
-> Request 2
796
(1, 2, 1)
1
(74, 42)
-> Request 3
1218
(4, 2, 2)
1
(12, 13)
--> Day : 3
-> Request 0
19
(4, 2, 2)
3
(16, 10)
-> Request 1
703
(1, 1, 2)
1
(46, 31)
-> Request 2
732
(2, 3, 1)
1
(55, 45)
-> Request 3
853
(2, 2, 2)
3
(9, 45)
--> Day : 4
-> Request 0
65
(1, 2, 1)
2
(35, 22)
-> Request 1
107
(1, 1, 2)
3
(14, 14)
-> Request 2
446
(2, 3, 1)
2
(48, 35)
-> Request 3
608
(2, 3, 2)
2
(48, 34)
-> Request 4
996
(1, 2, 2)
3
(75, 5)
-> Request 5
1303
(2, 2, 2)
1
(16, 62)
---> Week : 13
--> Day : 0
-> Request 0
114
(2, 1, 2)
2
(75, 9)
-> Request 1
377
(2, 3, 2)
3
(38, 77)
-> Request 2
888
(4, 3, 1)
2
(53, 12)
-> Request 3
970
(3, 3, 2)
2
(79, 60)
--> Day : 1
-> Request 0
31
(4, 2, 1)
1
(57, 74)
-> Request 1
290
(2, 2, 1)
3
(52, 62)
-> Request 2
359
(1, 3, 2)
2
(38, 74)
-> Request 3
474
(1, 3, 2)
3
(63, 77)
-> Request 4
744
(2, 2, 1)
3
(26, 19)
-> Request 5
911
(3, 3, 1)
1
(32, 60)
-> Request 6
1048
(3, 2, 2)
1
(28, 31)
--> Day : 2
-> Request 0
107
(3, 2, 2)
3
(48, 18)
-> Request 1
640
(1, 3, 1)
3
(10, 72)
-> Request 2
1387
(4, 1, 1)
2
(41, 64)
--> Day : 3
-> Request 0
141
(4, 1, 1)
2
(41, 2)
-> Request 1
803
(3, 1, 2)
2
(46, 19)
-> Request 2
976
(1, 1, 1)
1
(10, 60)
--> Day : 4
-> Request 0
144
(3, 3, 1)
2
(48, 1)
-> Request 1
247
(4, 1, 1)
3
(50, 71)
-> Request 2
777
(4, 3, 2)
2
(55, 60)
-> Request 3
921
(2, 2, 1)
3
(32, 37)
-> Request 4
1020
(4, 1, 1)
3
(43, 74)
---> Week : 14
--> Day : 0
-> Request 0
33
(3, 2, 2)
1
(37, 30)
-> Request 1
147
(1, 1, 1)
1
(35, 12)
-> Request 2
393
(1, 1, 2)
1
(14, 36)
-> Request 3
742
(3, 3, 2)
3
(59, 56)
-> Request 4
832
(3, 2, 1)
2
(70, 34)
-> Request 5
1010
(4, 2, 2)
1
(3, 79)
-> Request 6
1035
(4, 3, 2)
3
(51, 44)
-> Request 7
1132
(4, 1, 2)
1
(66, 4)
-> Request 8
1171
(2, 3, 1)
2
(13, 57)
-> Request 9
1375
(4, 1, 1)
3
(22, 8)
--> Day : 1
-> Request 0
168
(3, 3, 1)
2
(39, 75)
-> Request 1
311
(4, 1, 1)
1
(43, 16)
-> Request 2
346
(3, 3, 1)
3
(23, 24)
-> Request 3
392
(3, 1, 1)
3
(73, 15)
-> Request 4
442
(1, 2, 2)
3
(1, 41)
-> Request 5
458
(2, 3, 2)
1
(40, 18)
-> Request 6
903
(2, 3, 1)
2
(64, 30)
-> Request 7
953
(1, 2, 1)
3
(34, 42)
-> Request 8
1039
(3, 2, 2)
3
(3, 65)
-> Request 9
1223
(3, 2, 1)
1
(45, 55)
-> Request 10
1265
(2, 3, 2)
3
(60, 72)
--> Day : 2
-> Request 0
84
(1, 3, 1)
3
(30, 52)
-> Request 1
162
(3, 3, 1)
3
(9, 22)
-> Request 2
813
(3, 3, 2)
1
(20, 75)
-> Request 3
821
(1, 1, 2)
2
(1, 31)
-> Request 4
1125
(3, 2, 2)
2
(53, 49)
-> Request 5
1287
(2, 3, 1)
1
(48, 11)
-> Request 6
1313
(4, 1, 2)
1
(51, 1)
--> Day : 3
-> Request 0
0
(4, 1, 1)
1
(55, 57)
-> Request 1
41
(4, 2, 1)
2
(4, 42)
-> Request 2
106
(3, 3, 2)
2
(23, 5)
-> Request 3
184
(4, 2, 1)
1
(55, 55)
-> Request 4
365
(4, 1, 2)
3
(67, 27)
-> Request 5
438
(3, 3, 1)
2
(12, 57)
-> Request 6
457
(1, 2, 1)
3
(78, 21)
-> Request 7
459
(1, 1, 2)
3
(64, 56)
-> Request 8
1171
(3, 3, 2)
1
(47, 40)
--> Day : 4
-> Request 0
47
(3, 2, 1)
2
(9, 16)
-> Request 1
88
(4, 1, 2)
3
(24, 75)
-> Request 2
256
(1, 3, 1)
2
(45, 79)
-> Request 3
945
(1, 2, 1)
2
(13, 36)
-> Request 4
1070
(3, 2, 2)
3
(0, 71)
-> Request 5
1230
(1, 2, 1)
3
(8, 6)
-> Request 6
1319
(3, 2, 2)
3
(65, 43)
---> Week : 15
--> Day : 0
-> Request 0
524
(4, 1, 2)
1
(0, 16)
-> Request 1
835
(2, 1, 2)
1
(32, 39)
-> Request 2
839
(1, 1, 2)
1
(42, 6)
-> Request 3
938
(3, 1, 2)
1
(66, 28)
--> Day : 1
-> Request 0
147
(1, 2, 1)
3
(77, 52)
-> Request 1
188
(4, 1, 1)
1
(17, 27)
-> Request 2
220
(3, 1, 2)
2
(29, 38)
-> Request 3
254
(1, 2, 1)
1
(79, 58)
-> Request 4
610
(1, 3, 2)
3
(19, 3)
-> Request 5
1306
(3, 2, 2)
1
(0, 67)
--> Day : 2
-> Request 0
280
(2, 3, 2)
3
(58, 18)
-> Request 1
281
(1, 3, 2)
1
(30, 74)
-> Request 2
731
(3, 1, 2)
3
(69, 67)
-> Request 3
935
(2, 1, 1)
3
(51, 63)
--> Day : 3
-> Request 0
282
(2, 3, 2)
3
(79, 71)
-> Request 1
575
(1, 1, 2)
3
(73, 16)
-> Request 2
1414
(1, 1, 1)
3
(73, 1)
-> Request 3
1414
(3, 3, 2)
3
(50, 59)
--> Day : 4
-> Request 0
360
(1, 1, 1)
2
(38, 27)
-> Request 1
1194
(1, 1, 2)
1
(51, 1)
---> Week : 16
--> Day : 0
-> Request 0
137
(3, 3, 1)
1
(10, 76)
-> Request 1
149
(1, 2, 1)
3
(35, 5)
-> Request 2
265
(2, 3, 2)
1
(63, 5)
-> Request 3
367
(1, 1, 1)
2
(33, 23)
-> Request 4
477
(3, 1, 2)
1
(9, 9)
-> Request 5
692
(2, 3, 2)
2
(66, 4)
-> Request 6
789
(1, 1, 1)
3
(19, 32)
-> Request 7
1203
(3, 1, 1)
1
(8, 51)
-> Request 8
1352
(3, 1, 1)
3
(2, 21)
--> Day : 1
-> Request 0
332
(2, 1, 2)
1
(71, 75)
-> Request 1
614
(2, 2, 2)
1
(76, 69)
-> Request 2
928
(1, 3, 1)
1
(45, 32)
-> Request 3
1046
(4, 3, 1)
2
(32, 50)
--> Day : 2
-> Request 0
571
(4, 3, 2)
2
(72, 43)
-> Request 1
832
(2, 3, 1)
1
(59, 0)
-> Request 2
1346
(2, 2, 2)
1
(72, 19)
--> Day : 3
-> Request 0
241
(2, 2, 1)
1
(39, 38)
-> Request 1
315
(1, 2, 1)
2
(32, 41)
-> Request 2
365
(2, 2, 1)
2
(41, 36)
-> Request 3
706
(3, 3, 2)
3
(7, 52)
-> Request 4
945
(2, 2, 2)
2
(40, 6)
-> Request 5
1094
(1, 3, 2)
2
(73, 72)
-> Request 6
1277
(3, 1, 2)
1
(14, 75)
-> Request 7
1277
(2, 1, 2)
3
(0, 67)
-> Request 8
1419
(2, 1, 1)
2
(55, 59)
--> Day : 4
-> Request 0
465
(2, 3, 2)
1
(24, 57)
-> Request 1
881
(4, 1, 2)
1
(24, 71)
-> Request 2
908
(4, 2, 1)
2
(75, 5)
-> Request 3
939
(3, 3, 2)
1
(32, 6)
-> Request 4
1167
(3, 3, 1)
1
(0, 61)
-> Request 5
1336
(1, 1, 2)
3
(1, 5)
---> Week : 17
--> Day : 0
-> Request 0
4
(4, 1, 2)
2
(37, 43)
-> Request 1
5
(3, 3, 1)
3
(79, 4)
-> Request 2
47
(1, 3, 2)
2
(27, 56)
-> Request 3
93
(2, 2, 2)
3
(56, 59)
-> Request 4
173
(2, 1, 2)
3
(66, 32)
-> Request 5
179
(4, 3, 2)
3
(55, 66)
-> Request 6
252
(4, 2, 2)
2
(73, 24)
-> Request 7
390
(2, 3, 1)
2
(52, 57)
-> Request 8
795
(3, 1, 2)
1
(63, 18)
-> Request 9
805
(1, 3, 2)
1
(73, 64)
-> Request 10
1147
(1, 3, 2)
2
(38, 73)
--> Day : 1
-> Request 0
12
(1, 3, 2)
3
(14, 44)
-> Request 1
444
(4, 3, 2)
2
(52, 68)
-> Request 2
490
(4, 3, 1)
2
(39, 31)
-> Request 3
552
(3, 1, 1)
2
(63, 70)
-> Request 4
623
(1, 1, 1)
1
(62, 6)
-> Request 5
669
(1, 1, 1)
2
(34, 57)
-> Request 6
964
(4, 1, 1)
2
(61, 65)
-> Request 7
1256
(3, 3, 2)
1
(15, 5)
--> Day : 2
-> Request 0
16
(1, 3, 2)
1
(76, 9)
-> Request 1
178
(2, 3, 1)
2
(51, 19)
-> Request 2
199
(1, 1, 2)
3
(63, 67)
-> Request 3
505
(4, 1, 2)
2
(64, 51)
-> Request 4
680
(4, 1, 2)
2
(28, 62)
-> Request 5
796
(1, 3, 1)
2
(7, 33)
-> Request 6
852
(2, 1, 2)
2
(2, 59)
-> Request 7
962
(1, 3, 1)
3
(48, 46)
-> Request 8
1287
(2, 2, 1)
2
(11, 4)
--> Day : 3
-> Request 0
130
(1, 3, 2)
3
(76, 69)
-> Request 1
192
(4, 1, 1)
2
(47, 67)
-> Request 2
222
(4, 3, 1)
3
(56, 25)
-> Request 3
358
(3, 1, 2)
3
(59, 40)
-> Request 4
365
(4, 2, 2)
1
(68, 58)
-> Request 5
1082
(2, 2, 1)
1
(6, 67)
--> Day : 4
-> Request 0
187
(1, 3, 2)
2
(40, 20)
-> Request 1
677
(3, 3, 2)
2
(21, 15)
-> Request 2
732
(2, 2, 1)
2
(62, 5)
-> Request 3
751
(1, 3, 2)
3
(67, 57)
-> Request 4
1018
(1, 2, 1)
1
(64, 70)
-> Request 5
1394
(3, 1, 2)
2
(31, 23)
---> Week : 18
--> Day : 0
-> Request 0
600
(3, 1, 1)
2
(60, 64)
-> Request 1
707
(1, 1, 2)
1
(27, 15)
-> Request 2
815
(3, 2, 2)
1
(3, 65)
-> Request 3
1093
(2, 1, 2)
1
(71, 8)
-> Request 4
1266
(4, 2, 1)
3
(79, 8)
--> Day : 1
-> Request 0
102
(2, 2, 2)
1
(37, 32)
-> Request 1
135
(3, 1, 2)
2
(73, 7)
-> Request 2
760
(4, 1, 2)
2
(65, 79)
-> Request 3
995
(1, 2, 1)
1
(73, 9)
-> Request 4
1040
(3, 2, 1)
2
(45, 61)
-> Request 5
1213
(2, 2, 2)
3
(77, 23)
-> Request 6
1231
(4, 2, 1)
2
(70, 15)
-> Request 7
1235
(4, 3, 2)
2
(23, 49)
-> Request 8
1415
(1, 1, 1)
3
(57, 67)
--> Day : 2
-> Request 0
63
(1, 3, 1)
2
(24, 74)
-> Request 1
224
(3, 1, 2)
2
(58, 59)
-> Request 2
650
(4, 3, 1)
3
(66, 69)
-> Request 3
650
(1, 1, 2)
1
(53, 76)
-> Request 4
890
(2, 1, 2)
2
(14, 67)
-> Request 5
1008
(4, 2, 2)
1
(64, 60)
-> Request 6
1141
(4, 2, 1)
1
(19, 71)
--> Day : 3
-> Request 0
80
(1, 3, 2)
1
(17, 12)
-> Request 1
169
(4, 3, 1)
1
(48, 15)
-> Request 2
1271
(4, 3, 2)
2
(53, 27)
-> Request 3
1434
(4, 3, 2)
2
(76, 54)
--> Day : 4
-> Request 0
77
(2, 2, 1)
2
(24, 77)
-> Request 1
290
(1, 1, 2)
1
(45, 70)
-> Request 2
539
(1, 2, 1)
3
(63, 63)
-> Request 3
815
(4, 2, 1)
2
(44, 11)
-> Request 4
1073
(2, 2, 1)
1
(20, 28)
-> Request 5
1304
(4, 3, 2)
2
(32, 11)
-> Request 6
1322
(3, 3, 1)
2
(7, 34)
---> Week : 19
--> Day : 0
-> Request 0
99
(3, 2, 2)
1
(75, 5)
-> Request 1
139
(3, 3, 2)
1
(67, 20)
--> Day : 1
-> Request 0
21
(1, 1, 1)
3
(28, 27)
-> Request 1
314
(1, 1, 1)
1
(38, 23)
-> Request 2
373
(1, 2, 2)
1
(69, 10)
-> Request 3
431
(1, 3, 1)
1
(76, 12)
-> Request 4
935
(4, 3, 1)
1
(71, 60)
-> Request 5
1310
(4, 2, 1)
3
(39, 67)
-> Request 6
1342
(2, 2, 1)
1
(57, 38)
-> Request 7
1391
(1, 1, 1)
2
(63, 32)
-> Request 8
1401
(1, 3, 2)
3
(49, 58)
--> Day : 2
-> Request 0
106
(2, 1, 1)
1
(56, 27)
-> Request 1
191
(2, 2, 1)
3
(15, 62)
-> Request 2
277
(1, 2, 1)
3
(67, 0)
-> Request 3
787
(4, 1, 1)
2
(69, 8)
-> Request 4
833
(3, 1, 1)
2
(79, 29)
-> Request 5
858
(4, 2, 1)
3
(58, 61)
-> Request 6
913
(2, 3, 1)
3
(24, 73)
-> Request 7
1104
(1, 2, 2)
3
(61, 18)
-> Request 8
1146
(3, 2, 1)
3
(55, 22)
-> Request 9
1278
(2, 3, 2)
2
(60, 2)
-> Request 10
1312
(1, 1, 1)
1
(55, 45)
--> Day : 3
-> Request 0
90
(4, 3, 1)
3
(62, 27)
-> Request 1
309
(2, 3, 1)
2
(71, 49)
-> Request 2
437
(4, 2, 2)
2
(60, 23)
-> Request 3
580
(3, 1, 2)
2
(12, 14)
-> Request 4
723
(1, 1, 1)
3
(45, 76)
-> Request 5
1219
(1, 2, 1)
2
(33, 77)
-> Request 6
1225
(4, 2, 2)
2
(17, 59)
-> Request 7
1402
(1, 2, 1)
3
(15, 65)
--> Day : 4
-> Request 0
143
(1, 2, 1)
1
(29, 41)
-> Request 1
261
(4, 3, 2)
1
(59, 30)
-> Request 2
598
(3, 2, 2)
2
(39, 76)
-> Request 3
770
(3, 3, 2)
1
(27, 10)
