---> Week : 0
--> Day : 0
-> Request 0
25
(1, 1, 2)
1
(7, 26)
-> Request 1
92
(4, 3, 2)
1
(0, 28)
-> Request 2
301
(1, 1, 2)
3
(64, 47)
-> Request 3
461
(3, 3, 2)
2
(37, 48)
-> Request 4
498
(4, 2, 2)
2
(58, 68)
-> Request 5
687
(2, 3, 2)
2
(29, 10)
-> Request 6
1339
(1, 2, 1)
1
(35, 79)
--> Day : 1
-> Request 0
46
(3, 1, 2)
3
(62, 68)
-> Request 1
102
(3, 1, 2)
2
(59, 63)
-> Request 2
122
(4, 2, 1)
3
(2, 43)
-> Request 3
139
(3, 2, 1)
1
(72, 36)
-> Request 4
387
(2, 2, 1)
2
(16, 36)
-> Request 5
736
(4, 2, 2)
1
(25, 58)
-> Request 6
1429
(3, 3, 1)
1
(71, 76)
--> Day : 2
-> Request 0
58
(2, 1, 1)
1
(10, 1)
-> Request 1
427
(4, 2, 2)
3
(77, 23)
-> Request 2
958
(1, 1, 2)
3
(5, 53)
-> Request 3
1127
(1, 2, 2)
1
(12, 29)
--> Day : 3
-> Request 0
444
(3, 1, 1)
3
(26, 9)
-> Request 1
775
(2, 1, 2)
3
(5, 76)
-> Request 2
905
(1, 2, 2)
1
(62, 53)
-> Request 3
1248
(4, 3, 1)
3
(47, 72)
--> Day : 4
-> Request 0
293
(3, 1, 2)
2
(61, 68)
-> Request 1
500
(2, 2, 1)
2
(26, 35)
-> Request 2
860
(4, 1, 1)
2
(54, 28)
-> Request 3
915
(1, 1, 2)
1
(6, 17)
-> Request 4
1331
(2, 1, 2)
2
(25, 62)
---> Week : 1
--> Day : 0
-> Request 0
446
(4, 3, 2)
1
(78, 59)
-> Request 1
506
(3, 3, 2)
3
(57, 13)
-> Request 2
1054
(3, 2, 2)
3
(57, 61)
--> Day : 1
-> Request 0
281
(3, 2, 1)
3
(13, 60)
-> Request 1
352
(4, 3, 2)
1
(45, 65)
-> Request 2
689
(1, 3, 1)
1
(19, 33)
-> Request 3
802
(1, 2, 1)
3
(24, 43)
-> Request 4
820
(4, 1, 2)
2
(1, 63)
-> Request 5
986
(3, 1, 2)
3
(28, 23)
-> Request 6
1374
(3, 2, 1)
3
(64, 28)
--> Day : 2
-> Request 0
81
(2, 2, 2)
1
(58, 50)
-> Request 1
410
(3, 1, 1)
3
(43, 68)
-> Request 2
726
(1, 3, 1)
1
(8, 34)
-> Request 3
1311
(2, 2, 2)
1
(1, 27)
-> Request 4
1364
(3, 3, 2)
2
(25, 9)
--> Day : 3
-> Request 0
26
(3, 2, 1)
2
(32, 33)
-> Request 1
317
(1, 1, 1)
3
(13, 34)
-> Request 2
410
(2, 2, 1)
1
(0, 18)
-> Request 3
896
(2, 3, 2)
2
(0, 48)
-> Request 4
963
(3, 3, 1)
2
(14, 28)
-> Request 5
1362
(4, 3, 1)
1
(73, 38)
--> Day : 4
-> Request 0
55
(4, 3, 1)
1
(20, 7)
-> Request 1
219
(2, 1, 2)
1
(15, 52)
-> Request 2
396
(2, 1, 1)
1
(36, 64)
-> Request 3
587
(2, 2, 2)
3
(61, 21)
-> Request 4
634
(1, 3, 1)
1
(18, 43)
-> Request 5
841
(4, 3, 1)
3
(13, 3)
-> Request 6
1346
(3, 2, 1)
1
(55, 58)
---> Week : 2
--> Day : 0
-> Request 0
127
(4, 2, 2)
3
(48, 12)
-> Request 1
335
(1, 2, 2)
1
(4, 34)
-> Request 2
813
(2, 2, 1)
1
(33, 31)
-> Request 3
1194
(2, 1, 2)
1
(61, 7)
-> Request 4
1341
(3, 2, 2)
2
(65, 49)
--> Day : 1
-> Request 0
33
(1, 1, 1)
3
(29, 0)
-> Request 1
403
(4, 2, 2)
2
(71, 27)
-> Request 2
616
(2, 3, 2)
2
(66, 57)
-> Request 3
1129
(4, 3, 2)
3
(47, 11)
-> Request 4
1211
(4, 2, 1)
2
(29, 73)
--> Day : 2
-> Request 0
92
(1, 2, 1)
3
(65, 25)
-> Request 1
236
(2, 2, 2)
2
(12, 71)
-> Request 2
238
(4, 1, 2)
1
(63, 41)
-> Request 3
1283
(2, 2, 2)
3
(45, 38)
-> Request 4
1329
(2, 3, 1)
2
(79, 72)
-> Request 5
1339
(3, 3, 2)
3
(21, 28)
--> Day : 3
-> Request 0
285
(4, 2, 1)
3
(58, 50)
-> Request 1
411
(3, 1, 1)
2
(47, 41)
-> Request 2
842
(1, 2, 2)
3
(9, 9)
-> Request 3
1045
(4, 1, 2)
1
(70, 64)
-> Request 4
1284
(2, 2, 2)
1
(1, 14)
--> Day : 4
-> Request 0
354
(1, 3, 1)
2
(35, 66)
-> Request 1
574
(1, 3, 1)
2
(4, 15)
-> Request 2
867
(2, 2, 1)
3
(7, 20)
-> Request 3
956
(4, 3, 2)
1
(58, 43)
-> Request 4
1057
(3, 3, 1)
3
(70, 69)
-> Request 5
1374
(4, 1, 2)
2
(63, 37)
---> Week : 3
--> Day : 0
-> Request 0
413
(3, 2, 1)
1
(61, 34)
-> Request 1
662
(2, 2, 2)
2
(39, 47)
-> Request 2
765
(3, 2, 1)
3
(39, 23)
-> Request 3
834
(4, 2, 2)
2
(53, 58)
-> Request 4
878
(4, 3, 1)
3
(41, 3)
-> Request 5
1097
(1, 2, 2)
2
(60, 65)
--> Day : 1
-> Request 0
22
(3, 3, 2)
3
(8, 53)
-> Request 1
67
(2, 2, 1)
3
(35, 75)
-> Request 2
623
(4, 3, 1)
3
(72, 26)
-> Request 3
855
(4, 2, 1)
2
(9, 40)
-> Request 4
1062
(1, 2, 2)
2
(20, 20)
--> Day : 2
-> Request 0
175
(1, 3, 1)
3
(1, 74)
-> Request 1
583
(1, 2, 1)
2
(39, 39)
-> Request 2
1147
(1, 1, 1)
3
(9, 1)
-> Request 3
1167
(3, 3, 1)
1
(36, 62)
-> Request 4
1211
(2, 3, 2)
1
(0, 62)
--> Day : 3
-> Request 0
105
(4, 1, 1)
1
(28, 20)
-> Request 1
198
(2, 1, 2)
3
(76, 19)
-> Request 2
290
(4, 1, 2)
1
(66, 79)
-> Request 3
642
(2, 2, 2)
1
(38, 17)
-> Request 4
725
(2, 1, 2)
2
(30, 11)
--> Day : 4
-> Request 0
141
(3, 3, 2)
3
(74, 13)
-> Request 1
143
(3, 3, 2)
2
(22, 15)
-> Request 2
303
(1, 2, 2)
1
(77, 62)
-> Request 3
373
(4, 3, 1)
1
(53, 21)
-> Request 4
381
(4, 2, 2)
1
(1, 21)
-> Request 5
633
(3, 3, 2)
1
(50, 47)
-> Request 6
663
(3, 1, 2)
3
(18, 68)
-> Request 7
892
(2, 3, 1)
3
(60, 32)
-> Request 8
1151
(1, 1, 1)
1
(38, 19)
-> Request 9
1371
(1, 1, 1)
2
(19, 39)
-> Request 10
1409
(2, 2, 1)
2
(40, 78)
---> Week : 4
--> Day : 0
-> Request 0
145
(1, 3, 1)
3
(27, 37)
-> Request 1
219
(4, 1, 2)
1
(70, 4)
-> Request 2
443
(2, 1, 2)
2
(65, 77)
-> Request 3
617
(4, 3, 2)
1
(63, 53)
-> Request 4
749
(1, 3, 1)
3
(62, 52)
-> Request 5
917
(2, 2, 2)
1
(50, 68)
-> Request 6
971
(1, 1, 1)
2
(60, 18)
-> Request 7
1024
(2, 3, 1)
2
(36, 0)
-> Request 8
1348
(2, 3, 2)
3
(31, 2)
-> Request 9
1369
(2, 1, 2)
1
(75, 65)
--> Day : 1
-> Request 0
124
(2, 3, 1)
2
(68, 59)
-> Request 1
251
(3, 2, 2)
2
(28, 20)
-> Request 2
428
(4, 1, 1)
2
(70, 60)
-> Request 3
827
(2, 3, 2)
3
(38, 16)
-> Request 4
921
(2, 2, 1)
1
(0, 10)
-> Request 5
1016
(2, 3, 2)
1
(40, 22)
-> Request 6
1140
(3, 3, 2)
2
(24, 26)
-> Request 7
1255
(2, 3, 2)
2
(46, 69)
-> Request 8
1368
(2, 2, 2)
2
(37, 52)
--> Day : 2
-> Request 0
334
(1, 3, 2)
2
(27, 9)
-> Request 1
528
(1, 3, 2)
1
(0, 0)
-> Request 2
651
(2, 2, 1)
3
(31, 4)
-> Request 3
747
(1, 2, 1)
2
(60, 52)
-> Request 4
995
(3, 1, 1)
2
(11, 35)
-> Request 5
1177
(4, 1, 2)
2
(31, 29)
-> Request 6
1273
(1, 1, 2)
2
(58, 35)
--> Day : 3
-> Request 0
617
(1, 2, 1)
2
(79, 66)
-> Request 1
1353
(4, 1, 2)
2
(36, 9)
--> Day : 4
-> Request 0
2
(3, 2, 1)
2
(37, 41)
-> Request 1
189
(4, 3, 2)
2
(52, 73)
-> Request 2
389
(3, 3, 1)
1
(36, 13)
-> Request 3
1414
(4, 2, 2)
1
(18, 68)
---> Week : 5
--> Day : 0
-> Request 0
94
(1, 1, 2)
3
(63, 15)
-> Request 1
242
(2, 3, 1)
3
(79, 69)
-> Request 2
262
(4, 1, 2)
2
(68, 34)
-> Request 3
507
(3, 3, 2)
2
(20, 0)
--> Day : 1
-> Request 0
141
(2, 3, 2)
1
(3, 22)
-> Request 1
143
(3, 1, 2)
2
(77, 59)
-> Request 2
318
(3, 3, 2)
1
(24, 53)
-> Request 3
345
(4, 1, 1)
3
(30, 16)
-> Request 4
1039
(1, 3, 2)
1
(70, 69)
-> Request 5
1080
(3, 2, 2)
1
(54, 19)
-> Request 6
1381
(2, 3, 1)
1
(9, 22)
--> Day : 2
-> Request 0
369
(4, 3, 1)
1
(5, 4)
-> Request 1
711
(4, 2, 1)
2
(70, 40)
-> Request 2
1022
(2, 2, 1)
2
(20, 35)
-> Request 3
1042
(1, 2, 1)
2
(68, 27)
-> Request 4
1328
(1, 1, 1)
1
(15, 67)
--> Day : 3
-> Request 0
175
(3, 1, 2)
3
(63, 0)
-> Request 1
307
(4, 1, 2)
3
(48, 20)
-> Request 2
341
(3, 2, 2)
2
(7, 1)
-> Request 3
420
(3, 2, 2)
1
(31, 5)
-> Request 4
478
(4, 3, 2)
2
(13, 79)
-> Request 5
629
(4, 3, 1)
1
(44, 29)
-> Request 6
769
(2, 2, 1)
3
(55, 79)
-> Request 7
877
(1, 1, 1)
1
(38, 75)
--> Day : 4
-> Request 0
170
(2, 3, 2)
3
(71, 48)
-> Request 1
256
(1, 3, 1)
3
(39, 5)
-> Request 2
348
(1, 2, 1)
2
(49, 46)
-> Request 3
804
(1, 1, 1)
1
(40, 33)
-> Request 4
916
(3, 1, 1)
1
(40, 29)
-> Request 5
930
(4, 1, 2)
3
(8, 21)
-> Request 6
1205
(1, 1, 2)
1
(39, 41)
-> Request 7
1239
(2, 3, 1)
2
(63, 75)
-> Request 8
1299
(3, 3, 2)
1
(9, 22)
-> Request 9
1382
(2, 2, 2)
3
(68, 45)
---> Week : 6
--> Day : 0
-> Request 0
290
(2, 2, 1)
1
(36, 15)
-> Request 1
345
(4, 3, 2)
3
(39, 56)
-> Request 2
364
(2, 1, 2)
1
(12, 63)
-> Request 3
401
(4, 1, 1)
3
(67, 72)
-> Request 4
854
(2, 3, 2)
3
(49, 62)
-> Request 5
1253
(1, 2, 2)
2
(71, 64)
-> Request 6
1351
(4, 3, 2)
1
(3, 44)
--> Day : 1
-> Request 0
63
(4, 1, 1)
3
(7, 8)
-> Request 1
491
(1, 2, 1)
1
(73, 60)
-> Request 2
965
(4, 2, 2)
2
(33, 40)
-> Request 3
1167
(3, 3, 2)
1
(54, 41)
--> Day : 2
-> Request 0
151
(2, 3, 2)
3
(15, 35)
-> Request 1
494
(2, 2, 2)
2
(7, 40)
-> Request 2
753
(3, 2, 1)
2
(32, 68)
-> Request 3
813
(3, 2, 2)
3
(10, 40)
-> Request 4
988
(2, 3, 1)
3
(34, 76)
-> Request 5
1002
(2, 3, 2)
1
(10, 69)
-> Request 6
1181
(1, 1, 1)
1
(61, 20)
-> Request 7
1401
(1, 2, 2)
1
(20, 30)
--> Day : 3
-> Request 0
294
(1, 1, 2)
1
(23, 14)
-> Request 1
373
(2, 1, 2)
2
(0, 74)
-> Request 2
1086
(1, 3, 1)
3
(16, 17)
-> Request 3
1173
(3, 1, 2)
2
(44, 55)
-> Request 4
1410
(1, 1, 1)
3
(65, 4)
--> Day : 4
-> Request 0
22
(2, 1, 1)
3
(32, 31)
-> Request 1
175
(1, 3, 1)
3
(71, 23)
-> Request 2
571
(1, 1, 2)
1
(35, 8)
-> Request 3
581
(1, 3, 1)
2
(47, 58)
-> Request 4
616
(3, 3, 1)
2
(55, 38)
-> Request 5
717
(1, 2, 2)
3
(4, 6)
-> Request 6
1148
(3, 3, 2)
2
(75, 74)
---> Week : 7
--> Day : 0
-> Request 0
157
(1, 1, 2)
3
(75, 51)
-> Request 1
298
(4, 3, 2)
2
(8, 43)
-> Request 2
649
(1, 2, 1)
1
(23, 38)
-> Request 3
704
(1, 3, 1)
1
(17, 76)
-> Request 4
835
(2, 2, 2)
2
(24, 41)
-> Request 5
1117
(2, 2, 2)
1
(42, 56)
-> Request 6
1189
(4, 2, 2)
2
(76, 57)
-> Request 7
1193
(4, 3, 1)
3
(23, 52)
-> Request 8
1431
(4, 3, 1)
1
(70, 5)
--> Day : 1
-> Request 0
681
(1, 2, 2)
1
(56, 30)
-> Request 1
1178
(1, 1, 1)
1
(62, 3)
-> Request 2
1324
(3, 1, 2)
3
(40, 8)
--> Day : 2
-> Request 0
617
(3, 1, 1)
1
(19, 35)
-> Request 1
889
(2, 2, 1)
1
(31, 48)
-> Request 2
1009
(3, 1, 2)
1
(64, 74)
-> Request 3
1391
(2, 3, 2)
1
(40, 47)
-> Request 4
1424
(4, 1, 2)
1
(8, 5)
--> Day : 3
-> Request 0
398
(3, 3, 1)
1
(68, 33)
-> Request 1
535
(2, 1, 2)
2
(38, 75)
-> Request 2
1001
(3, 1, 1)
3
(27, 52)
-> Request 3
1176
(3, 1, 2)
2
(11, 57)
-> Request 4
1184
(1, 1, 1)
2
(53, 79)
-> Request 5
1240
(3, 3, 1)
1
(11, 17)
--> Day : 4
-> Request 0
75
(3, 1, 1)
3
(36, 28)
-> Request 1
1179
(3, 3, 2)
1
(78, 67)
---> Week : 8
--> Day : 0
-> Request 0
21
(2, 2, 1)
2
(76, 73)
-> Request 1
559
(1, 2, 1)
2
(57, 35)
-> Request 2
564
(4, 3, 1)
2
(48, 22)
-> Request 3
739
(4, 1, 1)
2
(60, 51)
-> Request 4
983
(2, 3, 1)
1
(31, 3)
-> Request 5
1034
(2, 3, 2)
1
(55, 36)
-> Request 6
1103
(2, 2, 1)
1
(34, 64)
-> Request 7
1239
(2, 3, 1)
3
(6, 9)
-> Request 8
1240
(2, 2, 1)
2
(60, 17)
-> Request 9
1381
(2, 3, 1)
2
(61, 56)
-> Request 10
1409
(2, 3, 2)
2
(21, 73)
--> Day : 1
-> Request 0
125
(2, 2, 1)
2
(67, 22)
-> Request 1
708
(4, 2, 2)
3
(26, 43)
-> Request 2
856
(3, 1, 2)
2
(79, 12)
-> Request 3
904
(4, 1, 2)
1
(29, 47)
--> Day : 2
-> Request 0
306
(4, 2, 1)
1
(63, 37)
-> Request 1
739
(2, 2, 2)
1
(7, 19)
-> Request 2
831
(4, 3, 1)
2
(26, 33)
-> Request 3
1269
(2, 2, 2)
2
(33, 46)
-> Request 4
1330
(4, 1, 1)
2
(25, 4)
-> Request 5
1363
(3, 1, 2)
2
(36, 16)
--> Day : 3
-> Request 0
463
(2, 3, 2)
2
(6, 34)
-> Request 1
491
(1, 1, 1)
1
(48, 76)
-> Request 2
1306
(4, 1, 1)
2
(42, 56)
--> Day : 4
-> Request 0
46
(1, 1, 2)
1
(1, 48)
-> Request 1
424
(2, 3, 2)
2
(73, 57)
-> Request 2
1116
(4, 2, 2)
1
(31, 55)
-> Request 3
1181
(3, 1, 1)
1
(55, 32)
-> Request 4
1231
(2, 1, 1)
1
(58, 60)
---> Week : 9
--> Day : 0
-> Request 0
31
(1, 1, 2)
1
(26, 11)
-> Request 1
45
(2, 2, 2)
3
(3, 52)
-> Request 2
179
(1, 1, 2)
2
(39, 0)
-> Request 3
703
(2, 1, 2)
3
(33, 37)
-> Request 4
822
(1, 1, 1)
1
(72, 17)
--> Day : 1
-> Request 0
157
(4, 3, 1)
1
(48, 49)
-> Request 1
352
(1, 1, 2)
2
(32, 4)
-> Request 2
764
(4, 2, 1)
3
(36, 30)
-> Request 3
933
(3, 2, 1)
1
(45, 73)
--> Day : 2
-> Request 0
100
(2, 2, 2)
1
(21, 62)
-> Request 1
220
(2, 3, 1)
1
(17, 60)
-> Request 2
419
(4, 1, 1)
2
(48, 67)
-> Request 3
690
(1, 2, 2)
2
(50, 31)
-> Request 4
735
(2, 2, 1)
3
(64, 65)
-> Request 5
1046
(3, 3, 1)
3
(17, 27)
--> Day : 3
-> Request 0
793
(4, 3, 2)
1
(25, 48)
-> Request 1
983
(2, 1, 1)
2
(43, 50)
--> Day : 4
-> Request 0
403
(2, 3, 1)
1
(51, 62)
-> Request 1
537
(3, 1, 1)
3
(5, 49)
-> Request 2
541
(2, 2, 1)
2
(38, 56)
-> Request 3
575
(4, 1, 2)
2
(63, 38)
-> Request 4
1065
(2, 1, 2)
1
(30, 20)
---> Week : 10
--> Day : 0
-> Request 0
55
(4, 2, 1)
2
(9, 23)
-> Request 1
120
(4, 1, 2)
3
(50, 69)
-> Request 2
189
(3, 2, 1)
1
(3, 64)
-> Request 3
230
(1, 3, 1)
3
(20, 78)
-> Request 4
250
(1, 2, 2)
2
(3, 54)
-> Request 5
427
(3, 2, 2)
3
(69, 26)
-> Request 6
475
(3, 1, 1)
3
(39, 15)
-> Request 7
751
(3, 1, 1)
3
(47, 16)
-> Request 8
1313
(3, 1, 1)
2
(66, 68)
-> Request 9
1362
(3, 2, 1)
1
(59, 77)
--> Day : 1
-> Request 0
349
(1, 2, 1)
2
(74, 41)
--> Day : 2
-> Request 0
552
(3, 2, 2)
1
(31, 10)
-> Request 1
1005
(1, 2, 2)
1
(64, 22)
-> Request 2
1142
(3, 2, 2)
3
(8, 31)
-> Request 3
1222
(2, 1, 1)
3
(32, 59)
--> Day : 3
-> Request 0
292
(4, 3, 1)
1
(27, 14)
-> Request 1
633
(1, 3, 1)
2
(29, 59)
-> Request 2
761
(1, 2, 2)
3
(34, 8)
-> Request 3
1319
(1, 3, 2)
2
(76, 74)
--> Day : 4
-> Request 0
1
(2, 2, 1)
1
(15, 28)
-> Request 1
435
(3, 2, 1)
3
(58, 49)
-> Request 2
745
(4, 1, 1)
1
(76, 16)
-> Request 3
1051
(2, 2, 2)
3
(30, 49)
-> Request 4
1070
(3, 3, 1)
1
(54, 30)
-> Request 5
1261
(3, 1, 1)
2
(42, 53)
-> Request 6
1313
(3, 3, 1)
2
(72, 2)
---> Week : 11
--> Day : 0
-> Request 0
407
(3, 1, 2)
2
(14, 41)
-> Request 1
421
(1, 1, 2)
3
(50, 27)
-> Request 2
714
(2, 3, 2)
1
(56, 58)
-> Request 3
1147
(3, 1, 2)
1
(44, 2)
--> Day : 1
-> Request 0
163
(2, 1, 2)
1
(33, 27)
-> Request 1
343
(2, 2, 2)
3
(65, 56)
-> Request 2
846
(1, 2, 1)
1
(19, 65)
-> Request 3
915
(2, 3, 1)
1
(27, 15)
-> Request 4
968
(4, 1, 1)
1
(34, 62)
-> Request 5
1104
(1, 1, 1)
3
(41, 50)
-> Request 6
1142
(3, 3, 1)
3
(55, 32)
-> Request 7
1408
(2, 1, 2)
1
(28, 54)
--> Day : 2
-> Request 0
29
(1, 3, 2)
2
(26, 54)
-> Request 1
59
(4, 2, 2)
1
(39, 71)
-> Request 2
192
(4, 1, 2)
1
(71, 14)
-> Request 3
344
(4, 3, 2)
2
(78, 79)
-> Request 4
883
(1, 2, 1)
1
(70, 56)
-> Request 5
1251
(2, 2, 1)
1
(26, 39)
-> Request 6
1352
(4, 2, 1)
3
(71, 33)
--> Day : 3
-> Request 0
1
(2, 2, 2)
2
(44, 17)
-> Request 1
3
(3, 1, 2)
1
(43, 37)
-> Request 2
207
(2, 3, 2)
3
(60, 4)
-> Request 3
568
(4, 1, 1)
1
(12, 26)
-> Request 4
1048
(2, 1, 1)
2
(62, 76)
-> Request 5
1255
(2, 3, 1)
1
(17, 74)
--> Day : 4
-> Request 0
49
(2, 1, 1)
1
(60, 2)
-> Request 1
275
(4, 3, 2)
2
(12, 55)
-> Request 2
366
(4, 1, 2)
1
(53, 51)
-> Request 3
662
(4, 3, 1)
3
(0, 49)
-> Request 4
1004
(1, 2, 2)
3
(28, 0)
-> Request 5
1410
(2, 1, 1)
1
(1, 56)
---> Week : 12
--> Day : 0
-> Request 0
188
(1, 2, 2)
2
(46, 13)
-> Request 1
420
(2, 1, 1)
1
(8, 59)
-> Request 2
420
(2, 3, 2)
3
(18, 63)
-> Request 3
674
(4, 2, 2)
3
(78, 65)
-> Request 4
705
(2, 2, 2)
3
(73, 14)
-> Request 5
802
(1, 2, 2)
2
(41, 68)
--> Day : 1
-> Request 0
40
(2, 2, 1)
2
(14, 73)
-> Request 1
394
(4, 3, 2)
2
(55, 36)
-> Request 2
573
(2, 2, 1)
2
(56, 4)
-> Request 3
723
(4, 2, 2)
1
(31, 45)
-> Request 4
807
(1, 2, 1)
3
(25, 53)
-> Request 5
882
(3, 3, 2)
3
(52, 5)
-> Request 6
1088
(4, 1, 2)
2
(6, 52)
-> Request 7
1411
(2, 3, 2)
2
(0, 34)
--> Day : 2
-> Request 0
34
(3, 1, 2)
3
(58, 79)
-> Request 1
516
(4, 3, 1)
3
(23, 44)
-> Request 2
757
(1, 2, 2)
1
(62, 48)
-> Request 3
1103
(2, 3, 1)
1
(44, 30)
-> Request 4
1229
(3, 3, 2)
2
(39, 13)
-> Request 5
1326
(1, 3, 1)
2
(16, 67)
-> Request 6
1344
(4, 2, 2)
2
(13, 24)
-> Request 7
1393
(4, 1, 2)
1
(1, 10)
--> Day : 3
-> Request 0
62
(4, 1, 1)
1
(79, 32)
-> Request 1
386
(2, 3, 1)
3
(54, 69)
-> Request 2
405
(1, 3, 2)
1
(15, 12)
-> Request 3
768
(3, 3, 2)
1
(77, 70)
-> Request 4
1178
(2, 2, 1)
3
(0, 33)
-> Request 5
1421
(2, 3, 2)
1
(39, 1)
--> Day : 4
-> Request 0
32
(3, 3, 2)
2
(70, 79)
-> Request 1
1128
(4, 2, 1)
3
(59, 15)
-> Request 2
1198
(1, 2, 1)
3
(0, 46)
---> Week : 13
--> Day : 0
-> Request 0
80
(3, 3, 1)
1
(51, 43)
-> Request 1
142
(2, 1, 2)
3
(32, 18)
-> Request 2
157
(4, 2, 2)
1
(26, 55)
-> Request 3
488
(4, 1, 2)
2
(5, 71)
-> Request 4
573
(1, 3, 2)
2
(6, 24)
-> Request 5
741
(2, 3, 1)
3
(38, 68)
-> Request 6
1014
(1, 1, 1)
3
(48, 32)
-> Request 7
1181
(3, 3, 1)
1
(78, 15)
-> Request 8
1217
(1, 2, 2)
2
(52, 34)
-> Request 9
1423
(1, 3, 2)
1
(0, 41)
--> Day : 1
-> Request 0
148
(1, 2, 2)
1
(70, 53)
-> Request 1
817
(1, 1, 1)
1
(11, 37)
--> Day : 2
-> Request 0
315
(4, 3, 2)
2
(73, 11)
-> Request 1
471
(2, 2, 1)
3
(53, 11)
-> Request 2
641
(3, 1, 2)
3
(45, 6)
-> Request 3
666
(3, 1, 2)
3
(20, 11)
-> Request 4
733
(4, 1, 1)
3
(73, 72)
-> Request 5
839
(2, 2, 1)
1
(29, 53)
-> Request 6
978
(1, 2, 2)
1
(75, 36)
-> Request 7
1254
(4, 3, 2)
3
(40, 72)
-> Request 8
1308
(2, 3, 2)
1
(13, 66)
-> Request 9
1326
(2, 2, 1)
2
(27, 17)
--> Day : 3
-> Request 0
26
(3, 3, 2)
1
(7, 36)
-> Request 1
321
(4, 1, 1)
1
(56, 60)
-> Request 2
1147
(1, 3, 1)
2
(26, 49)
--> Day : 4
-> Request 0
309
(2, 3, 2)
1
(28, 37)
-> Request 1
405
(4, 2, 1)
1
(12, 78)
-> Request 2
420
(2, 2, 1)
2
(13, 53)
---> Week : 14
--> Day : 0
-> Request 0
260
(3, 3, 2)
1
(1, 16)
-> Request 1
336
(2, 1, 1)
2
(58, 6)
-> Request 2
652
(3, 2, 1)
1
(52, 57)
-> Request 3
859
(4, 2, 1)
2
(17, 63)
-> Request 4
1252
(4, 1, 1)
2
(53, 26)
--> Day : 1
-> Request 0
420
(2, 2, 2)
1
(70, 39)
-> Request 1
687
(1, 1, 1)
3
(78, 38)
-> Request 2
832
(1, 1, 1)
3
(9, 30)
-> Request 3
924
(2, 3, 1)
1
(64, 61)
-> Request 4
1067
(2, 3, 2)
3
(18, 78)
--> Day : 2
-> Request 0
335
(3, 2, 2)
2
(48, 71)
-> Request 1
736
(3, 1, 1)
2
(2, 36)
--> Day : 3
-> Request 0
21
(2, 1, 2)
1
(62, 43)
-> Request 1
30
(4, 1, 1)
3
(63, 77)
-> Request 2
105
(1, 3, 2)
1
(33, 38)
-> Request 3
348
(2, 1, 2)
3
(31, 2)
-> Request 4
371
(3, 2, 2)
2
(13, 40)
-> Request 5
1259
(1, 2, 2)
3
(33, 10)
--> Day : 4
-> Request 0
294
(3, 3, 2)
3
(2, 70)
-> Request 1
1353
(2, 1, 2)
1
(2, 52)
---> Week : 15
--> Day : 0
-> Request 0
520
(3, 3, 2)
3
(76, 79)
-> Request 1
581
(3, 2, 2)
1
(72, 33)
-> Request 2
690
(2, 3, 1)
3
(58, 57)
-> Request 3
717
(1, 1, 1)
1
(53, 70)
-> Request 4
757
(4, 1, 1)
2
(26, 58)
-> Request 5
903
(3, 1, 1)
1
(52, 35)
-> Request 6
1029
(3, 1, 1)
3
(63, 66)
-> Request 7
1169
(3, 3, 1)
2
(4, 52)
-> Request 8
1205
(4, 2, 1)
1
(46, 20)
-> Request 9
1353
(1, 3, 2)
2
(10, 10)
--> Day : 1
-> Request 0
118
(3, 2, 2)
1
(17, 9)
-> Request 1
254
(2, 3, 1)
3
(38, 51)
-> Request 2
1148
(1, 3, 2)
2
(42, 76)
--> Day : 2
-> Request 0
554
(1, 1, 2)
3
(58, 0)
-> Request 1
560
(3, 3, 2)
3
(2, 56)
-> Request 2
611
(4, 3, 2)
2
(43, 74)
--> Day : 3
-> Request 0
45
(1, 1, 2)
3
(26, 65)
-> Request 1
50
(3, 3, 1)
2
(44, 39)
-> Request 2
445
(2, 3, 1)
1
(64, 69)
-> Request 3
467
(4, 3, 2)
3
(58, 28)
-> Request 4
1139
(2, 1, 2)
2
(38, 17)
-> Request 5
1159
(1, 3, 2)
2
(67, 0)
-> Request 6
1255
(4, 1, 2)
3
(13, 45)
--> Day : 4
-> Request 0
1233
(4, 3, 1)
1
(25, 41)
-> Request 1
1303
(1, 3, 1)
2
(62, 17)
-> Request 2
1305
(3, 3, 1)
2
(43, 28)
---> Week : 16
--> Day : 0
-> Request 0
652
(1, 2, 1)
1
(26, 33)
-> Request 1
793
(4, 3, 1)
1
(70, 17)
-> Request 2
795
(1, 3, 1)
3
(1, 71)
-> Request 3
999
(3, 2, 1)
3
(15, 35)
-> Request 4
1055
(2, 1, 1)
3
(27, 34)
-> Request 5
1114
(3, 1, 1)
3
(5, 29)
--> Day : 1
-> Request 0
58
(1, 3, 2)
2
(77, 13)
-> Request 1
110
(3, 3, 2)
2
(46, 75)
-> Request 2
130
(4, 2, 1)
1
(13, 8)
-> Request 3
262
(3, 1, 2)
1
(19, 40)
-> Request 4
1012
(4, 1, 2)
2
(41, 30)
--> Day : 2
-> Request 0
251
(1, 1, 1)
2
(31, 39)
-> Request 1
281
(4, 1, 2)
1
(42, 25)
-> Request 2
541
(3, 1, 1)
3
(30, 25)
-> Request 3
551
(4, 3, 1)
2
(73, 5)
-> Request 4
684
(3, 1, 2)
3
(24, 59)
-> Request 5
687
(3, 2, 1)
2
(42, 64)
-> Request 6
1339
(4, 1, 2)
3
(10, 1)
--> Day : 3
-> Request 0
19
(1, 3, 1)
2
(5, 52)
-> Request 1
68
(2, 2, 1)
2
(57, 70)
-> Request 2
145
(2, 1, 2)
1
(39, 30)
-> Request 3
309
(2, 2, 1)
1
(63, 61)
-> Request 4
337
(3, 1, 2)
1
(64, 41)
-> Request 5
677
(1, 3, 1)
2
(75, 11)
-> Request 6
1088
(4, 2, 1)
3
(25, 59)
-> Request 7
1315
(4, 1, 2)
1
(69, 69)
--> Day : 4
-> Request 0
681
(3, 3, 2)
3
(50, 30)
-> Request 1
709
(3, 3, 1)
1
(66, 10)
-> Request 2
881
(1, 1, 2)
1
(68, 65)
-> Request 3
1010
(4, 2, 1)
1
(41, 53)
---> Week : 17
--> Day : 0
-> Request 0
141
(4, 2, 2)
2
(72, 12)
-> Request 1
434
(2, 2, 1)
1
(10, 16)
-> Request 2
443
(1, 3, 2)
1
(15, 1)
-> Request 3
643
(2, 1, 1)
1
(34, 57)
-> Request 4
1361
(1, 1, 2)
2
(79, 25)
--> Day : 1
-> Request 0
25
(4, 2, 2)
2
(48, 48)
-> Request 1
141
(4, 1, 1)
1
(33, 26)
-> Request 2
221
(4, 2, 2)
2
(78, 72)
-> Request 3
485
(3, 1, 1)
3
(17, 64)
-> Request 4
929
(3, 2, 2)
3
(4, 34)
-> Request 5
1090
(4, 2, 2)
3
(27, 25)
--> Day : 2
-> Request 0
0
(3, 2, 2)
3
(48, 8)
-> Request 1
3
(2, 3, 1)
2
(24, 19)
-> Request 2
68
(3, 1, 1)
3
(63, 55)
-> Request 3
79
(2, 3, 1)
1
(53, 56)
-> Request 4
655
(2, 2, 2)
1
(15, 54)
-> Request 5
721
(4, 1, 1)
3
(76, 75)
-> Request 6
972
(2, 1, 1)
3
(51, 20)
-> Request 7
1224
(2, 3, 2)
1
(36, 26)
--> Day : 3
-> Request 0
71
(3, 2, 2)
1
(79, 24)
-> Request 1
286
(2, 2, 2)
3
(31, 39)
-> Request 2
409
(3, 2, 2)
3
(77, 0)
-> Request 3
948
(3, 2, 1)
2
(50, 30)
-> Request 4
995
(1, 2, 1)
1
(37, 40)
-> Request 5
1071
(3, 3, 1)
3
(15, 7)
-> Request 6
1227
(3, 1, 2)
2
(13, 14)
-> Request 7
1349
(4, 1, 1)
1
(23, 62)
-> Request 8
1372
(2, 3, 2)
3
(22, 69)
--> Day : 4
-> Request 0
396
(3, 2, 1)
2
(30, 20)
-> Request 1
744
(4, 1, 1)
3
(4, 27)
-> Request 2
1224
(3, 2, 2)
2
(36, 26)
---> Week : 18
--> Day : 0
-> Request 0
212
(4, 1, 2)
1
(15, 37)
-> Request 1
466
(4, 1, 2)
1
(27, 43)
-> Request 2
484
(3, 1, 1)
1
(79, 57)
-> Request 3
908
(2, 3, 2)
3
(2, 60)
-> Request 4
1064
(4, 3, 2)
1
(21, 16)
-> Request 5
1123
(2, 2, 2)
1
(59, 5)
-> Request 6
1245
(2, 3, 2)
2
(0, 62)
--> Day : 1
-> Request 0
436
(1, 3, 2)
2
(35, 26)
-> Request 1
569
(3, 1, 2)
1
(79, 43)
-> Request 2
609
(2, 1, 2)
1
(16, 23)
-> Request 3
619
(4, 1, 1)
1
(49, 14)
-> Request 4
1049
(4, 3, 1)
3
(22, 8)
-> Request 5
1049
(1, 2, 1)
3
(17, 57)
-> Request 6
1055
(2, 2, 1)
1
(78, 3)
-> Request 7
1079
(1, 2, 2)
2
(53, 6)
-> Request 8
1103
(3, 1, 2)
2
(27, 3)
--> Day : 2
-> Request 0
58
(1, 3, 1)
2
(48, 61)
-> Request 1
133
(4, 2, 1)
1
(70, 18)
-> Request 2
307
(3, 2, 2)
1
(27, 38)
-> Request 3
577
(2, 1, 1)
2
(60, 28)
-> Request 4
945
(3, 2, 1)
2
(39, 70)
-> Request 5
1182
(3, 1, 2)
1
(8, 23)
--> Day : 3
-> Request 0
18
(1, 1, 1)
1
(72, 3)
-> Request 1
292
(1, 2, 1)
3
(4, 62)
-> Request 2
314
(1, 1, 1)
2
(43, 12)
-> Request 3
320
(4, 1, 2)
3
(76, 46)
-> Request 4
532
(4, 1, 1)
1
(31, 36)
-> Request 5
558
(4, 1, 2)
1
(43, 39)
-> Request 6
633
(1, 1, 2)
3
(16, 41)
-> Request 7
1064
(4, 1, 2)
1
(12, 72)
-> Request 8
1077
(4, 1, 1)
3
(17, 60)
-> Request 9
1348
(1, 1, 2)
1
(10, 51)
--> Day : 4
-> Request 0
359
(2, 2, 2)
1
(41, 64)
-> Request 1
984
(1, 3, 1)
2
(2, 25)
-> Request 2
1099
(3, 2, 1)
3
(55, 61)
-> Request 3
1117
(4, 3, 1)
3
(11, 36)
-> Request 4
1143
(1, 2, 1)
3
(15, 5)
-> Request 5
1243
(3, 2, 2)
3
(50, 70)
-> Request 6
1334
(1, 2, 1)
3
(66, 3)
---> Week : 19
--> Day : 0
-> Request 0
35
(3, 2, 2)
3
(24, 13)
-> Request 1
148
(1, 1, 1)
1
(36, 52)
-> Request 2
252
(1, 3, 1)
1
(67, 24)
-> Request 3
333
(3, 3, 2)
1
(61, 67)
-> Request 4
407
(3, 1, 1)
1
(31, 68)
-> Request 5
719
(3, 1, 1)
1
(19, 23)
-> Request 6
836
(1, 1, 1)
3
(54, 77)
-> Request 7
1106
(3, 1, 1)
1
(29, 53)
-> Request 8
1287
(1, 2, 2)
2
(43, 32)
--> Day : 1
-> Request 0
687
(3, 3, 2)
2
(63, 65)
-> Request 1
982
(1, 2, 1)
1
(39, 6)
-> Request 2
1027
(4, 1, 2)
2
(64, 37)
-> Request 3
1089
(1, 3, 1)
2
(5, 71)
-> Request 4
1186
(1, 2, 2)
2
(55, 43)
--> Day : 2
-> Request 0
164
(1, 2, 2)
2
(76, 44)
-> Request 1
533
(3, 1, 2)
1
(15, 68)
-> Request 2
719
(3, 1, 1)
1
(43, 56)
-> Request 3
924
(1, 1, 2)
2
(37, 21)
-> Request 4
1202
(3, 2, 1)
1
(35, 57)
--> Day : 3
-> Request 0
423
(2, 3, 2)
3
(4, 71)
-> Request 1
754
(4, 2, 2)
2
(7, 62)
-> Request 2
796
(4, 3, 1)
2
(18, 76)
-> Request 3
963
(3, 2, 2)
2
(13, 31)
-> Request 4
1028
(2, 1, 2)
1
(18, 30)
-> Request 5
1221
(2, 2, 2)
3
(5, 61)
-> Request 6
1292
(3, 2, 2)
1
(31, 25)
--> Day : 4
-> Request 0
139
(3, 1, 1)
3
(17, 66)
-> Request 1
197
(3, 1, 2)
2
(27, 13)
-> Request 2
197
(2, 1, 2)
1
(68, 35)
-> Request 3
439
(4, 1, 2)
1
(37, 71)
-> Request 4
447
(2, 3, 2)
1
(30, 64)
-> Request 5
690
(2, 2, 1)
2
(32, 77)
-> Request 6
799
(2, 1, 1)
3
(67, 9)
-> Request 7
865
(3, 2, 1)
2
(67, 1)
-> Request 8
1005
(1, 2, 1)
2
(28, 18)
-> Request 9
1101
(1, 1, 2)
1
(61, 22)
-> Request 10
1209
(2, 3, 1)
1
(31, 12)
