---> Week : 0
--> Day : 0
-> Request 0
381
(4, 3, 1)
2
(29, 61)
-> Request 1
586
(4, 3, 1)
1
(4, 0)
-> Request 2
819
(4, 1, 1)
3
(28, 62)
-> Request 3
1056
(4, 1, 1)
3
(66, 58)
-> Request 4
1074
(4, 3, 1)
2
(29, 44)
-> Request 5
1205
(4, 1, 1)
3
(73, 15)
--> Day : 1
-> Request 0
1133
(4, 2, 1)
3
(78, 30)
-> Request 1
1255
(4, 1, 1)
2
(14, 75)
--> Day : 2
-> Request 0
50
(4, 1, 1)
2
(11, 22)
-> Request 1
477
(4, 2, 1)
1
(75, 47)
-> Request 2
783
(4, 1, 1)
1
(70, 60)
-> Request 3
941
(4, 2, 1)
1
(18, 69)
--> Day : 3
-> Request 0
59
(4, 1, 1)
1
(36, 21)
-> Request 1
130
(4, 3, 1)
3
(15, 62)
-> Request 2
156
(4, 1, 1)
2
(64, 21)
-> Request 3
455
(4, 2, 1)
3
(28, 6)
-> Request 4
532
(4, 1, 1)
1
(63, 66)
-> Request 5
732
(4, 2, 1)
3
(64, 53)
-> Request 6
860
(4, 3, 1)
2
(62, 36)
-> Request 7
960
(4, 1, 1)
3
(61, 38)
-> Request 8
966
(4, 2, 1)
2
(63, 69)
--> Day : 4
-> Request 0
19
(4, 1, 1)
2
(18, 74)
-> Request 1
206
(4, 3, 1)
3
(28, 55)
-> Request 2
460
(4, 2, 1)
3
(6, 57)
-> Request 3
473
(4, 2, 1)
3
(77, 14)
-> Request 4
583
(4, 1, 1)
1
(6, 35)
-> Request 5
605
(4, 3, 1)
2
(60, 46)
-> Request 6
715
(4, 1, 1)
3
(73, 79)
-> Request 7
764
(4, 2, 1)
1
(78, 47)
-> Request 8
1044
(4, 2, 1)
2
(19, 66)
---> Week : 1
--> Day : 0
-> Request 0
46
(4, 2, 1)
2
(14, 14)
-> Request 1
998
(4, 2, 1)
3
(9, 44)
-> Request 2
1011
(4, 1, 1)
2
(12, 35)
-> Request 3
1042
(4, 3, 1)
1
(52, 54)
--> Day : 1
-> Request 0
104
(4, 2, 1)
3
(49, 26)
-> Request 1
654
(4, 3, 1)
1
(66, 4)
-> Request 2
840
(4, 3, 1)
2
(15, 38)
-> Request 3
1088
(4, 2, 1)
3
(43, 21)
-> Request 4
1123
(4, 2, 1)
1
(2, 49)
--> Day : 2
-> Request 0
68
(4, 1, 1)
1
(28, 16)
-> Request 1
138
(4, 3, 1)
1
(18, 9)
-> Request 2
153
(4, 3, 1)
2
(4, 15)
-> Request 3
209
(4, 2, 1)
1
(22, 79)
-> Request 4
430
(4, 3, 1)
2
(10, 52)
-> Request 5
573
(4, 2, 1)
2
(2, 2)
-> Request 6
651
(4, 2, 1)
2
(45, 7)
-> Request 7
984
(4, 2, 1)
3
(38, 35)
-> Request 8
1239
(4, 3, 1)
2
(36, 76)
--> Day : 3
-> Request 0
280
(4, 1, 1)
2
(61, 62)
-> Request 1
619
(4, 1, 1)
2
(15, 38)
-> Request 2
1040
(4, 1, 1)
3
(66, 5)
-> Request 3
1122
(4, 2, 1)
1
(64, 71)
-> Request 4
1162
(4, 3, 1)
2
(71, 36)
-> Request 5
1182
(4, 1, 1)
1
(47, 69)
--> Day : 4
-> Request 0
132
(4, 3, 1)
1
(42, 40)
-> Request 1
378
(4, 3, 1)
2
(15, 18)
-> Request 2
868
(4, 1, 1)
2
(11, 57)
-> Request 3
1012
(4, 3, 1)
3
(3, 5)
-> Request 4
1193
(4, 3, 1)
3
(44, 3)
-> Request 5
1424
(4, 3, 1)
3
(64, 61)
---> Week : 2
--> Day : 0
-> Request 0
405
(4, 2, 1)
3
(67, 65)
-> Request 1
946
(4, 1, 1)
1
(74, 67)
-> Request 2
1032
(4, 2, 1)
1
(10, 23)
-> Request 3
1098
(4, 3, 1)
3
(75, 79)
--> Day : 1
-> Request 0
810
(4, 2, 1)
2
(22, 67)
-> Request 1
1066
(4, 3, 1)
1
(14, 32)
-> Request 2
1142
(4, 2, 1)
2
(24, 0)
-> Request 3
1260
(4, 1, 1)
2
(43, 64)
--> Day : 2
--> Day : 3
-> Request 0
491
(4, 2, 1)
1
(40, 17)
-> Request 1
711
(4, 2, 1)
3
(55, 26)
-> Request 2
758
(4, 3, 1)
1
(19, 21)
-> Request 3
1284
(4, 2, 1)
3
(54, 57)
-> Request 4
1315
(4, 2, 1)
1
(56, 40)
--> Day : 4
-> Request 0
132
(4, 3, 1)
2
(20, 51)
-> Request 1
349
(4, 3, 1)
3
(53, 68)
-> Request 2
788
(4, 3, 1)
1
(31, 13)
-> Request 3
1077
(4, 1, 1)
2
(63, 64)
-> Request 4
1346
(4, 2, 1)
1
(77, 36)
---> Week : 3
--> Day : 0
-> Request 0
814
(4, 2, 1)
2
(32, 75)
-> Request 1
856
(4, 3, 1)
1
(44, 69)
-> Request 2
1053
(4, 2, 1)
2
(56, 16)
--> Day : 1
-> Request 0
590
(4, 2, 1)
1
(15, 22)
-> Request 1
620
(4, 2, 1)
2
(31, 19)
-> Request 2
751
(4, 2, 1)
3
(11, 63)
-> Request 3
845
(4, 2, 1)
3
(57, 54)
-> Request 4
1043
(4, 3, 1)
1
(77, 75)
-> Request 5
1337
(4, 1, 1)
3
(72, 40)
--> Day : 2
-> Request 0
124
(4, 2, 1)
3
(5, 23)
-> Request 1
387
(4, 2, 1)
1
(19, 25)
-> Request 2
511
(4, 1, 1)
1
(27, 2)
-> Request 3
940
(4, 2, 1)
2
(25, 50)
-> Request 4
991
(4, 1, 1)
2
(68, 58)
-> Request 5
1187
(4, 2, 1)
3
(59, 7)
-> Request 6
1334
(4, 3, 1)
3
(48, 26)
-> Request 7
1335
(4, 1, 1)
1
(72, 74)
--> Day : 3
-> Request 0
222
(4, 3, 1)
2
(68, 23)
-> Request 1
750
(4, 2, 1)
1
(17, 11)
-> Request 2
1127
(4, 2, 1)
2
(36, 50)
-> Request 3
1137
(4, 1, 1)
2
(25, 6)
-> Request 4
1224
(4, 2, 1)
3
(67, 30)
-> Request 5
1328
(4, 2, 1)
2
(15, 33)
--> Day : 4
-> Request 0
98
(4, 1, 1)
2
(58, 62)
-> Request 1
368
(4, 3, 1)
3
(57, 39)
-> Request 2
421
(4, 1, 1)
3
(63, 22)
-> Request 3
444
(4, 3, 1)
1
(64, 42)
-> Request 4
606
(4, 2, 1)
1
(1, 28)
-> Request 5
805
(4, 1, 1)
3
(30, 67)
-> Request 6
1275
(4, 2, 1)
3
(65, 25)
-> Request 7
1376
(4, 1, 1)
1
(51, 35)
-> Request 8
1400
(4, 1, 1)
2
(75, 68)
---> Week : 4
--> Day : 0
-> Request 0
163
(4, 3, 1)
3
(67, 69)
-> Request 1
174
(4, 2, 1)
3
(47, 53)
-> Request 2
534
(4, 2, 1)
3
(50, 50)
-> Request 3
787
(4, 3, 1)
2
(64, 51)
-> Request 4
793
(4, 2, 1)
3
(75, 57)
-> Request 5
1109
(4, 3, 1)
3
(15, 72)
-> Request 6
1184
(4, 2, 1)
2
(65, 14)
--> Day : 1
-> Request 0
689
(4, 2, 1)
2
(30, 79)
-> Request 1
726
(4, 2, 1)
1
(54, 47)
-> Request 2
894
(4, 2, 1)
3
(4, 49)
--> Day : 2
-> Request 0
97
(4, 1, 1)
3
(62, 74)
-> Request 1
384
(4, 3, 1)
3
(50, 70)
-> Request 2
432
(4, 1, 1)
1
(35, 9)
-> Request 3
466
(4, 1, 1)
1
(9, 10)
-> Request 4
524
(4, 3, 1)
1
(56, 3)
-> Request 5
572
(4, 3, 1)
3
(23, 60)
-> Request 6
960
(4, 3, 1)
3
(52, 50)
-> Request 7
1320
(4, 1, 1)
1
(3, 67)
--> Day : 3
-> Request 0
299
(4, 3, 1)
1
(36, 48)
-> Request 1
394
(4, 3, 1)
2
(41, 37)
-> Request 2
734
(4, 3, 1)
3
(64, 68)
-> Request 3
1286
(4, 3, 1)
2
(64, 70)
--> Day : 4
-> Request 0
201
(4, 3, 1)
2
(27, 38)
-> Request 1
580
(4, 1, 1)
1
(67, 78)
-> Request 2
602
(4, 3, 1)
1
(10, 7)
-> Request 3
914
(4, 3, 1)
3
(40, 1)
-> Request 4
952
(4, 1, 1)
3
(32, 53)
-> Request 5
958
(4, 1, 1)
1
(76, 33)
-> Request 6
1060
(4, 3, 1)
1
(6, 77)
---> Week : 5
--> Day : 0
-> Request 0
31
(4, 3, 1)
2
(55, 46)
-> Request 1
46
(4, 3, 1)
1
(14, 18)
-> Request 2
290
(4, 2, 1)
3
(0, 17)
-> Request 3
488
(4, 3, 1)
3
(72, 61)
-> Request 4
557
(4, 3, 1)
1
(64, 11)
-> Request 5
795
(4, 3, 1)
2
(78, 41)
-> Request 6
1077
(4, 2, 1)
3
(64, 31)
--> Day : 1
-> Request 0
156
(4, 2, 1)
3
(60, 27)
-> Request 1
349
(4, 3, 1)
3
(57, 69)
-> Request 2
386
(4, 2, 1)
1
(79, 67)
-> Request 3
622
(4, 3, 1)
3
(46, 79)
-> Request 4
768
(4, 2, 1)
3
(16, 71)
-> Request 5
821
(4, 2, 1)
3
(55, 11)
-> Request 6
897
(4, 3, 1)
1
(20, 78)
-> Request 7
1199
(4, 3, 1)
3
(78, 64)
--> Day : 2
-> Request 0
160
(4, 3, 1)
2
(20, 55)
-> Request 1
548
(4, 1, 1)
2
(14, 40)
-> Request 2
565
(4, 1, 1)
2
(12, 36)
-> Request 3
580
(4, 3, 1)
2
(22, 78)
-> Request 4
720
(4, 1, 1)
3
(27, 48)
-> Request 5
1233
(4, 1, 1)
1
(0, 64)
-> Request 6
1427
(4, 2, 1)
1
(25, 47)
--> Day : 3
-> Request 0
161
(4, 3, 1)
1
(17, 52)
-> Request 1
431
(4, 2, 1)
2
(72, 64)
-> Request 2
565
(4, 3, 1)
1
(57, 6)
-> Request 3
1223
(4, 1, 1)
2
(57, 67)
-> Request 4
1345
(4, 3, 1)
3
(3, 28)
--> Day : 4
-> Request 0
43
(4, 3, 1)
1
(16, 50)
-> Request 1
1323
(4, 3, 1)
2
(49, 39)
-> Request 2
1401
(4, 3, 1)
3
(38, 13)
---> Week : 6
--> Day : 0
-> Request 0
571
(4, 2, 1)
1
(61, 35)
-> Request 1
792
(4, 2, 1)
1
(3, 27)
-> Request 2
870
(4, 1, 1)
2
(54, 55)
-> Request 3
1280
(4, 2, 1)
3
(25, 28)
-> Request 4
1407
(4, 2, 1)
3
(70, 38)
--> Day : 1
-> Request 0
460
(4, 1, 1)
2
(55, 33)
-> Request 1
480
(4, 3, 1)
2
(10, 61)
-> Request 2
1370
(4, 3, 1)
3
(10, 39)
--> Day : 2
-> Request 0
1361
(4, 2, 1)
2
(61, 17)
--> Day : 3
-> Request 0
660
(4, 1, 1)
3
(2, 74)
-> Request 1
1118
(4, 3, 1)
1
(52, 46)
-> Request 2
1197
(4, 3, 1)
3
(59, 26)
--> Day : 4
-> Request 0
54
(4, 2, 1)
3
(18, 35)
-> Request 1
234
(4, 2, 1)
1
(13, 4)
-> Request 2
409
(4, 1, 1)
1
(74, 8)
-> Request 3
549
(4, 1, 1)
3
(72, 12)
-> Request 4
1196
(4, 1, 1)
1
(19, 5)
-> Request 5
1339
(4, 1, 1)
1
(11, 39)
---> Week : 7
--> Day : 0
-> Request 0
28
(4, 3, 1)
2
(34, 51)
-> Request 1
202
(4, 1, 1)
2
(50, 69)
-> Request 2
257
(4, 3, 1)
2
(29, 32)
-> Request 3
345
(4, 1, 1)
1
(26, 22)
-> Request 4
530
(4, 1, 1)
2
(75, 26)
-> Request 5
742
(4, 2, 1)
1
(9, 51)
-> Request 6
1069
(4, 3, 1)
1
(57, 24)
--> Day : 1
-> Request 0
658
(4, 1, 1)
2
(50, 11)
-> Request 1
892
(4, 2, 1)
2
(7, 51)
-> Request 2
1107
(4, 2, 1)
2
(12, 12)
--> Day : 2
-> Request 0
201
(4, 2, 1)
2
(48, 43)
-> Request 1
1040
(4, 3, 1)
1
(17, 1)
--> Day : 3
-> Request 0
492
(4, 2, 1)
1
(43, 6)
-> Request 1
963
(4, 3, 1)
3
(29, 78)
-> Request 2
993
(4, 1, 1)
1
(36, 14)
-> Request 3
1124
(4, 1, 1)
3
(54, 48)
-> Request 4
1293
(4, 1, 1)
2
(68, 28)
--> Day : 4
-> Request 0
275
(4, 3, 1)
1
(69, 65)
-> Request 1
718
(4, 3, 1)
2
(44, 44)
-> Request 2
959
(4, 2, 1)
2
(29, 22)
---> Week : 8
--> Day : 0
-> Request 0
491
(4, 3, 1)
1
(54, 68)
-> Request 1
593
(4, 2, 1)
3
(2, 57)
-> Request 2
630
(4, 3, 1)
3
(76, 42)
-> Request 3
667
(4, 3, 1)
3
(66, 0)
-> Request 4
842
(4, 1, 1)
1
(18, 7)
-> Request 5
845
(4, 3, 1)
2
(19, 11)
-> Request 6
943
(4, 3, 1)
3
(38, 44)
-> Request 7
1120
(4, 1, 1)
1
(45, 29)
-> Request 8
1416
(4, 1, 1)
3
(50, 33)
--> Day : 1
-> Request 0
195
(4, 2, 1)
2
(55, 50)
-> Request 1
323
(4, 2, 1)
2
(52, 57)
-> Request 2
440
(4, 2, 1)
2
(65, 57)
-> Request 3
463
(4, 3, 1)
1
(54, 20)
-> Request 4
508
(4, 2, 1)
3
(67, 60)
-> Request 5
760
(4, 3, 1)
3
(72, 11)
-> Request 6
791
(4, 2, 1)
1
(78, 57)
-> Request 7
1020
(4, 2, 1)
3
(28, 26)
-> Request 8
1276
(4, 1, 1)
1
(61, 52)
--> Day : 2
-> Request 0
607
(4, 2, 1)
2
(66, 75)
-> Request 1
908
(4, 1, 1)
2
(11, 74)
-> Request 2
1184
(4, 2, 1)
2
(29, 49)
--> Day : 3
-> Request 0
80
(4, 2, 1)
2
(34, 35)
-> Request 1
376
(4, 2, 1)
2
(60, 61)
-> Request 2
512
(4, 2, 1)
2
(56, 49)
-> Request 3
983
(4, 3, 1)
3
(21, 13)
-> Request 4
1147
(4, 2, 1)
3
(54, 79)
-> Request 5
1217
(4, 3, 1)
1
(78, 69)
--> Day : 4
-> Request 0
575
(4, 1, 1)
2
(49, 47)
-> Request 1
783
(4, 1, 1)
1
(4, 45)
-> Request 2
851
(4, 3, 1)
3
(64, 4)
-> Request 3
1093
(4, 3, 1)
3
(24, 55)
-> Request 4
1248
(4, 2, 1)
2
(47, 10)
---> Week : 9
--> Day : 0
-> Request 0
46
(4, 2, 1)
2
(55, 6)
-> Request 1
290
(4, 1, 1)
1
(9, 40)
-> Request 2
503
(4, 3, 1)
1
(73, 6)
-> Request 3
531
(4, 3, 1)
1
(53, 24)
-> Request 4
863
(4, 2, 1)
2
(24, 63)
--> Day : 1
-> Request 0
176
(4, 1, 1)
2
(68, 22)
-> Request 1
889
(4, 2, 1)
3
(32, 18)
-> Request 2
1001
(4, 2, 1)
3
(68, 13)
-> Request 3
1374
(4, 2, 1)
1
(9, 74)
-> Request 4
1395
(4, 2, 1)
1
(22, 71)
--> Day : 2
-> Request 0
298
(4, 3, 1)
3
(17, 0)
-> Request 1
761
(4, 2, 1)
1
(36, 78)
-> Request 2
1079
(4, 3, 1)
1
(8, 18)
-> Request 3
1252
(4, 1, 1)
2
(43, 58)
--> Day : 3
-> Request 0
267
(4, 1, 1)
3
(42, 15)
-> Request 1
511
(4, 2, 1)
2
(6, 2)
-> Request 2
1032
(4, 3, 1)
2
(67, 41)
-> Request 3
1224
(4, 3, 1)
3
(10, 60)
-> Request 4
1431
(4, 3, 1)
3
(58, 50)
--> Day : 4
-> Request 0
371
(4, 1, 1)
1
(28, 11)
-> Request 1
373
(4, 1, 1)
1
(2, 24)
-> Request 2
604
(4, 3, 1)
3
(0, 12)
-> Request 3
1054
(4, 2, 1)
1
(19, 15)
-> Request 4
1413
(4, 1, 1)
3
(20, 18)
---> Week : 10
--> Day : 0
-> Request 0
294
(4, 1, 1)
2
(0, 53)
-> Request 1
491
(4, 2, 1)
2
(53, 43)
-> Request 2
670
(4, 1, 1)
1
(56, 36)
-> Request 3
712
(4, 2, 1)
2
(25, 41)
-> Request 4
1004
(4, 3, 1)
2
(45, 79)
-> Request 5
1312
(4, 1, 1)
1
(14, 51)
--> Day : 1
-> Request 0
859
(4, 3, 1)
1
(61, 52)
-> Request 1
948
(4, 1, 1)
2
(37, 46)
-> Request 2
1334
(4, 3, 1)
2
(48, 57)
--> Day : 2
-> Request 0
88
(4, 1, 1)
3
(6, 79)
-> Request 1
917
(4, 2, 1)
3
(13, 78)
-> Request 2
1174
(4, 3, 1)
1
(78, 11)
-> Request 3
1326
(4, 1, 1)
2
(51, 10)
--> Day : 3
-> Request 0
118
(4, 3, 1)
2
(78, 37)
-> Request 1
296
(4, 1, 1)
2
(9, 77)
-> Request 2
911
(4, 2, 1)
1
(0, 57)
-> Request 3
1231
(4, 3, 1)
1
(38, 41)
--> Day : 4
-> Request 0
565
(4, 3, 1)
3
(58, 79)
-> Request 1
988
(4, 3, 1)
3
(68, 25)
-> Request 2
1392
(4, 1, 1)
3
(5, 7)
-> Request 3
1430
(4, 3, 1)
2
(27, 61)
---> Week : 11
--> Day : 0
-> Request 0
1142
(4, 3, 1)
3
(47, 67)
-> Request 1
1167
(4, 2, 1)
2
(38, 54)
--> Day : 1
-> Request 0
51
(4, 3, 1)
3
(76, 16)
-> Request 1
174
(4, 1, 1)
2
(22, 9)
-> Request 2
306
(4, 3, 1)
1
(49, 75)
-> Request 3
651
(4, 3, 1)
1
(3, 69)
-> Request 4
870
(4, 1, 1)
2
(38, 13)
-> Request 5
890
(4, 1, 1)
2
(74, 75)
-> Request 6
940
(4, 2, 1)
1
(51, 7)
--> Day : 2
-> Request 0
172
(4, 2, 1)
2
(62, 26)
-> Request 1
258
(4, 1, 1)
2
(44, 11)
-> Request 2
559
(4, 3, 1)
3
(34, 36)
-> Request 3
707
(4, 1, 1)
1
(75, 50)
-> Request 4
1008
(4, 1, 1)
3
(15, 10)
-> Request 5
1100
(4, 1, 1)
1
(40, 53)
-> Request 6
1273
(4, 3, 1)
2
(12, 16)
-> Request 7
1279
(4, 1, 1)
2
(7, 22)
-> Request 8
1391
(4, 3, 1)
3
(35, 20)
--> Day : 3
-> Request 0
109
(4, 3, 1)
2
(14, 26)
-> Request 1
209
(4, 2, 1)
2
(54, 1)
-> Request 2
323
(4, 1, 1)
3
(53, 71)
-> Request 3
467
(4, 3, 1)
1
(53, 59)
-> Request 4
820
(4, 2, 1)
1
(63, 46)
-> Request 5
1232
(4, 3, 1)
1
(3, 2)
-> Request 6
1325
(4, 1, 1)
2
(16, 67)
-> Request 7
1388
(4, 3, 1)
1
(4, 62)
--> Day : 4
-> Request 0
880
(4, 3, 1)
3
(11, 26)
---> Week : 12
--> Day : 0
-> Request 0
171
(4, 1, 1)
1
(62, 79)
-> Request 1
668
(4, 1, 1)
2
(77, 13)
-> Request 2
761
(4, 3, 1)
2
(36, 73)
-> Request 3
854
(4, 3, 1)
1
(8, 42)
-> Request 4
1241
(4, 2, 1)
2
(42, 10)
-> Request 5
1381
(4, 3, 1)
3
(17, 52)
--> Day : 1
-> Request 0
9
(4, 3, 1)
2
(16, 71)
-> Request 1
81
(4, 3, 1)
1
(76, 54)
-> Request 2
563
(4, 2, 1)
3
(24, 45)
-> Request 3
664
(4, 3, 1)
2
(79, 73)
-> Request 4
798
(4, 3, 1)
1
(20, 19)
-> Request 5
798
(4, 3, 1)
3
(3, 68)
-> Request 6
843
(4, 1, 1)
3
(73, 36)
-> Request 7
877
(4, 3, 1)
3
(6, 18)
-> Request 8
1028
(4, 3, 1)
2
(67, 53)
-> Request 9
1258
(4, 2, 1)
3
(65, 20)
-> Request 10
1342
(4, 3, 1)
1
(5, 5)
-> Request 11
1361
(4, 2, 1)
3
(70, 19)
-> Request 12
1372
(4, 1, 1)
2
(15, 68)
--> Day : 2
-> Request 0
320
(4, 1, 1)
2
(4, 42)
-> Request 1
347
(4, 3, 1)
1
(25, 43)
-> Request 2
578
(4, 2, 1)
2
(36, 11)
-> Request 3
769
(4, 1, 1)
1
(73, 70)
-> Request 4
867
(4, 3, 1)
2
(48, 71)
-> Request 5
905
(4, 2, 1)
1
(68, 1)
-> Request 6
1065
(4, 2, 1)
1
(44, 11)
-> Request 7
1213
(4, 2, 1)
3
(19, 33)
-> Request 8
1335
(4, 2, 1)
1
(5, 16)
--> Day : 3
-> Request 0
836
(4, 1, 1)
3
(51, 57)
-> Request 1
887
(4, 2, 1)
3
(40, 79)
-> Request 2
1291
(4, 2, 1)
3
(16, 42)
--> Day : 4
-> Request 0
12
(4, 1, 1)
3
(4, 70)
-> Request 1
140
(4, 2, 1)
2
(66, 10)
-> Request 2
1012
(4, 1, 1)
3
(13, 66)
-> Request 3
1167
(4, 3, 1)
1
(29, 70)
-> Request 4
1396
(4, 3, 1)
3
(61, 31)
---> Week : 13
--> Day : 0
-> Request 0
402
(4, 2, 1)
3
(74, 29)
-> Request 1
1035
(4, 3, 1)
2
(52, 59)
-> Request 2
1074
(4, 1, 1)
3
(36, 72)
-> Request 3
1095
(4, 1, 1)
2
(43, 23)
--> Day : 1
-> Request 0
110
(4, 3, 1)
1
(25, 57)
-> Request 1
556
(4, 2, 1)
2
(46, 12)
-> Request 2
630
(4, 2, 1)
1
(64, 18)
-> Request 3
822
(4, 3, 1)
3
(38, 64)
-> Request 4
1172
(4, 2, 1)
1
(53, 75)
-> Request 5
1279
(4, 3, 1)
1
(33, 38)
--> Day : 2
-> Request 0
335
(4, 2, 1)
1
(62, 66)
-> Request 1
657
(4, 2, 1)
2
(77, 45)
-> Request 2
775
(4, 3, 1)
2
(45, 43)
-> Request 3
905
(4, 3, 1)
3
(20, 16)
-> Request 4
1109
(4, 3, 1)
3
(6, 8)
--> Day : 3
-> Request 0
64
(4, 2, 1)
2
(45, 55)
-> Request 1
107
(4, 2, 1)
3
(62, 11)
-> Request 2
603
(4, 1, 1)
3
(46, 64)
-> Request 3
652
(4, 1, 1)
3
(38, 75)
-> Request 4
930
(4, 1, 1)
1
(14, 46)
-> Request 5
943
(4, 1, 1)
3
(45, 36)
-> Request 6
1323
(4, 1, 1)
1
(29, 39)
--> Day : 4
-> Request 0
307
(4, 2, 1)
1
(64, 9)
-> Request 1
364
(4, 1, 1)
3
(1, 63)
-> Request 2
380
(4, 2, 1)
2
(55, 15)
-> Request 3
412
(4, 1, 1)
2
(27, 13)
-> Request 4
794
(4, 1, 1)
3
(64, 59)
-> Request 5
910
(4, 2, 1)
3
(3, 5)
-> Request 6
933
(4, 3, 1)
3
(60, 68)
-> Request 7
947
(4, 3, 1)
2
(29, 24)
-> Request 8
1387
(4, 3, 1)
1
(58, 14)
---> Week : 14
--> Day : 0
-> Request 0
46
(4, 2, 1)
2
(49, 69)
-> Request 1
842
(4, 2, 1)
1
(3, 48)
-> Request 2
1001
(4, 1, 1)
3
(56, 41)
--> Day : 1
-> Request 0
7
(4, 3, 1)
2
(75, 2)
-> Request 1
28
(4, 1, 1)
3
(14, 71)
-> Request 2
381
(4, 2, 1)
2
(25, 12)
-> Request 3
389
(4, 3, 1)
1
(4, 17)
-> Request 4
458
(4, 1, 1)
2
(16, 78)
-> Request 5
1334
(4, 3, 1)
2
(71, 7)
-> Request 6
1381
(4, 3, 1)
2
(56, 60)
--> Day : 2
-> Request 0
34
(4, 2, 1)
2
(68, 4)
-> Request 1
89
(4, 2, 1)
3
(76, 43)
-> Request 2
660
(4, 3, 1)
2
(14, 72)
-> Request 3
898
(4, 2, 1)
2
(71, 73)
-> Request 4
1023
(4, 1, 1)
1
(13, 77)
--> Day : 3
-> Request 0
65
(4, 1, 1)
2
(45, 75)
-> Request 1
274
(4, 2, 1)
2
(72, 35)
-> Request 2
360
(4, 2, 1)
2
(78, 2)
-> Request 3
611
(4, 1, 1)
3
(64, 61)
-> Request 4
821
(4, 1, 1)
1
(69, 24)
--> Day : 4
-> Request 0
1
(4, 1, 1)
2
(38, 25)
-> Request 1
112
(4, 2, 1)
1
(6, 26)
-> Request 2
210
(4, 2, 1)
2
(41, 17)
-> Request 3
364
(4, 3, 1)
2
(29, 64)
-> Request 4
527
(4, 1, 1)
2
(5, 18)
-> Request 5
547
(4, 2, 1)
3
(60, 55)
-> Request 6
734
(4, 3, 1)
2
(31, 46)
-> Request 7
957
(4, 2, 1)
3
(23, 66)
---> Week : 15
--> Day : 0
-> Request 0
206
(4, 2, 1)
2
(25, 24)
-> Request 1
442
(4, 3, 1)
2
(47, 18)
-> Request 2
469
(4, 3, 1)
2
(35, 41)
-> Request 3
555
(4, 1, 1)
3
(58, 44)
-> Request 4
1088
(4, 1, 1)
1
(36, 15)
-> Request 5
1397
(4, 3, 1)
2
(49, 18)
--> Day : 1
-> Request 0
44
(4, 2, 1)
2
(13, 53)
-> Request 1
155
(4, 3, 1)
3
(62, 36)
-> Request 2
340
(4, 2, 1)
3
(48, 49)
-> Request 3
601
(4, 1, 1)
2
(67, 8)
-> Request 4
1209
(4, 1, 1)
2
(35, 54)
-> Request 5
1327
(4, 2, 1)
1
(9, 77)
-> Request 6
1351
(4, 3, 1)
2
(16, 25)
--> Day : 2
-> Request 0
162
(4, 3, 1)
2
(56, 31)
-> Request 1
282
(4, 3, 1)
3
(31, 58)
-> Request 2
661
(4, 3, 1)
3
(20, 79)
-> Request 3
870
(4, 3, 1)
2
(75, 37)
-> Request 4
1095
(4, 2, 1)
3
(11, 79)
-> Request 5
1289
(4, 2, 1)
3
(18, 52)
--> Day : 3
-> Request 0
75
(4, 1, 1)
2
(46, 33)
-> Request 1
342
(4, 1, 1)
3
(5, 46)
-> Request 2
852
(4, 3, 1)
1
(12, 59)
-> Request 3
1031
(4, 1, 1)
3
(21, 45)
-> Request 4
1098
(4, 3, 1)
3
(54, 52)
-> Request 5
1330
(4, 2, 1)
3
(0, 77)
--> Day : 4
-> Request 0
584
(4, 2, 1)
3
(7, 35)
-> Request 1
1218
(4, 2, 1)
1
(46, 2)
-> Request 2
1272
(4, 2, 1)
3
(57, 16)
---> Week : 16
--> Day : 0
-> Request 0
552
(4, 3, 1)
1
(33, 0)
-> Request 1
776
(4, 3, 1)
1
(35, 65)
-> Request 2
1100
(4, 2, 1)
2
(62, 76)
-> Request 3
1324
(4, 2, 1)
2
(60, 44)
-> Request 4
1364
(4, 3, 1)
1
(40, 74)
-> Request 5
1380
(4, 3, 1)
2
(24, 78)
--> Day : 1
-> Request 0
32
(4, 1, 1)
1
(2, 71)
-> Request 1
477
(4, 2, 1)
3
(21, 53)
-> Request 2
915
(4, 1, 1)
1
(30, 9)
-> Request 3
1278
(4, 1, 1)
3
(51, 11)
-> Request 4
1388
(4, 1, 1)
2
(73, 17)
--> Day : 2
-> Request 0
98
(4, 3, 1)
3
(4, 40)
-> Request 1
178
(4, 3, 1)
2
(61, 9)
-> Request 2
186
(4, 1, 1)
2
(76, 27)
-> Request 3
409
(4, 1, 1)
2
(31, 23)
-> Request 4
428
(4, 2, 1)
2
(3, 60)
-> Request 5
561
(4, 3, 1)
3
(27, 13)
-> Request 6
623
(4, 1, 1)
1
(12, 61)
-> Request 7
626
(4, 2, 1)
3
(20, 40)
-> Request 8
1214
(4, 2, 1)
3
(21, 18)
--> Day : 3
-> Request 0
6
(4, 2, 1)
2
(67, 5)
-> Request 1
70
(4, 1, 1)
3
(52, 36)
-> Request 2
89
(4, 2, 1)
2
(60, 57)
-> Request 3
236
(4, 1, 1)
1
(56, 8)
-> Request 4
261
(4, 3, 1)
1
(69, 32)
-> Request 5
443
(4, 3, 1)
3
(49, 0)
-> Request 6
1293
(4, 3, 1)
2
(51, 64)
--> Day : 4
-> Request 0
103
(4, 1, 1)
2
(39, 32)
-> Request 1
1003
(4, 2, 1)
2
(79, 34)
-> Request 2
1099
(4, 3, 1)
3
(4, 37)
-> Request 3
1286
(4, 2, 1)
2
(41, 52)
---> Week : 17
--> Day : 0
-> Request 0
266
(4, 3, 1)
3
(33, 0)
-> Request 1
383
(4, 3, 1)
1
(34, 37)
-> Request 2
459
(4, 1, 1)
1
(39, 47)
-> Request 3
496
(4, 3, 1)
3
(49, 59)
-> Request 4
1050
(4, 1, 1)
3
(77, 61)
-> Request 5
1186
(4, 1, 1)
2
(18, 60)
-> Request 6
1186
(4, 1, 1)
2
(72, 66)
-> Request 7
1355
(4, 1, 1)
3
(34, 18)
--> Day : 1
-> Request 0
395
(4, 3, 1)
1
(56, 40)
-> Request 1
1373
(4, 3, 1)
2
(38, 20)
--> Day : 2
-> Request 0
8
(4, 3, 1)
2
(3, 26)
-> Request 1
531
(4, 1, 1)
2
(46, 66)
-> Request 2
1012
(4, 3, 1)
3
(8, 66)
-> Request 3
1185
(4, 3, 1)
3
(65, 58)
-> Request 4
1186
(4, 3, 1)
1
(51, 73)
-> Request 5
1204
(4, 3, 1)
3
(4, 32)
--> Day : 3
-> Request 0
312
(4, 1, 1)
3
(65, 7)
-> Request 1
448
(4, 2, 1)
2
(74, 17)
-> Request 2
1067
(4, 1, 1)
1
(27, 51)
-> Request 3
1273
(4, 1, 1)
2
(78, 10)
--> Day : 4
-> Request 0
296
(4, 3, 1)
2
(0, 36)
-> Request 1
486
(4, 2, 1)
2
(75, 69)
-> Request 2
940
(4, 3, 1)
3
(77, 69)
-> Request 3
1030
(4, 1, 1)
3
(27, 42)
-> Request 4
1356
(4, 3, 1)
2
(54, 33)
---> Week : 18
--> Day : 0
-> Request 0
221
(4, 3, 1)
2
(35, 20)
-> Request 1
281
(4, 3, 1)
1
(12, 3)
-> Request 2
609
(4, 3, 1)
2
(8, 26)
-> Request 3
764
(4, 2, 1)
3
(46, 9)
-> Request 4
867
(4, 2, 1)
1
(32, 38)
-> Request 5
1202
(4, 3, 1)
3
(36, 40)
-> Request 6
1301
(4, 2, 1)
2
(59, 71)
-> Request 7
1322
(4, 1, 1)
2
(47, 29)
--> Day : 1
-> Request 0
411
(4, 1, 1)
1
(67, 8)
-> Request 1
1439
(4, 1, 1)
1
(4, 69)
--> Day : 2
-> Request 0
42
(4, 1, 1)
2
(71, 8)
-> Request 1
572
(4, 2, 1)
2
(51, 28)
-> Request 2
595
(4, 3, 1)
1
(70, 21)
-> Request 3
1114
(4, 1, 1)
1
(38, 69)
-> Request 4
1193
(4, 2, 1)
1
(62, 25)
-> Request 5
1333
(4, 2, 1)
3
(64, 26)
--> Day : 3
-> Request 0
180
(4, 2, 1)
3
(20, 74)
-> Request 1
873
(4, 1, 1)
2
(56, 70)
-> Request 2
1121
(4, 1, 1)
3
(16, 46)
-> Request 3
1257
(4, 1, 1)
3
(6, 42)
--> Day : 4
-> Request 0
81
(4, 2, 1)
2
(72, 45)
-> Request 1
262
(4, 1, 1)
2
(34, 73)
-> Request 2
307
(4, 2, 1)
1
(49, 48)
-> Request 3
1073
(4, 1, 1)
2
(62, 21)
---> Week : 19
--> Day : 0
-> Request 0
127
(4, 3, 1)
2
(15, 63)
-> Request 1
600
(4, 3, 1)
1
(46, 37)
-> Request 2
1229
(4, 1, 1)
2
(70, 13)
--> Day : 1
-> Request 0
1437
(4, 2, 1)
3
(63, 62)
--> Day : 2
-> Request 0
164
(4, 1, 1)
1
(68, 55)
-> Request 1
466
(4, 1, 1)
3
(74, 68)
-> Request 2
788
(4, 2, 1)
3
(39, 9)
-> Request 3
1097
(4, 3, 1)
2
(65, 75)
--> Day : 3
-> Request 0
328
(4, 3, 1)
1
(40, 78)
-> Request 1
413
(4, 2, 1)
3
(44, 1)
-> Request 2
782
(4, 3, 1)
1
(15, 68)
-> Request 3
783
(4, 1, 1)
2
(36, 43)
-> Request 4
1238
(4, 1, 1)
1
(61, 43)
--> Day : 4
-> Request 0
200
(4, 3, 1)
1
(40, 2)
-> Request 1
210
(4, 1, 1)
2
(35, 6)
-> Request 2
230
(4, 2, 1)
3
(38, 66)
-> Request 3
420
(4, 3, 1)
3
(20, 16)
-> Request 4
778
(4, 1, 1)
2
(27, 74)
-> Request 5
1015
(4, 3, 1)
3
(26, 61)
-> Request 6
1187
(4, 3, 1)
2
(13, 68)
