---> Week : 0
--> Day : 0
-> Request 0
1134
(4, 3, 1)
3
(66, 34)
-> Request 1
1408
(4, 1, 1)
3
(33, 66)
--> Day : 1
-> Request 0
15
(4, 3, 1)
1
(31, 3)
-> Request 1
621
(4, 3, 1)
2
(45, 42)
-> Request 2
677
(4, 3, 1)
2
(67, 54)
-> Request 3
1216
(4, 1, 1)
2
(61, 38)
--> Day : 2
-> Request 0
179
(4, 1, 1)
3
(40, 53)
-> Request 1
200
(4, 1, 1)
1
(1, 32)
-> Request 2
210
(4, 2, 1)
3
(16, 66)
-> Request 3
269
(4, 3, 1)
3
(17, 29)
-> Request 4
276
(4, 3, 1)
3
(66, 29)
-> Request 5
354
(4, 3, 1)
1
(73, 36)
-> Request 6
497
(4, 3, 1)
1
(65, 79)
-> Request 7
1083
(4, 2, 1)
3
(79, 52)
-> Request 8
1133
(4, 3, 1)
2
(53, 71)
-> Request 9
1168
(4, 3, 1)
2
(34, 48)
--> Day : 3
-> Request 0
126
(4, 2, 1)
3
(10, 71)
-> Request 1
155
(4, 3, 1)
2
(19, 28)
-> Request 2
245
(4, 1, 1)
3
(58, 10)
-> Request 3
512
(4, 2, 1)
1
(55, 61)
-> Request 4
782
(4, 1, 1)
1
(33, 4)
-> Request 5
841
(4, 1, 1)
1
(6, 64)
-> Request 6
1193
(4, 3, 1)
2
(48, 66)
-> Request 7
1214
(4, 1, 1)
1
(28, 62)
-> Request 8
1420
(4, 2, 1)
2
(53, 60)
--> Day : 4
-> Request 0
306
(4, 2, 1)
3
(54, 14)
-> Request 1
399
(4, 3, 1)
2
(37, 42)
-> Request 2
791
(4, 1, 1)
3
(68, 65)
---> Week : 1
--> Day : 0
-> Request 0
40
(4, 2, 1)
1
(77, 54)
-> Request 1
164
(4, 2, 1)
3
(27, 48)
-> Request 2
1328
(4, 2, 1)
2
(22, 52)
--> Day : 1
-> Request 0
234
(4, 1, 1)
1
(58, 6)
-> Request 1
344
(4, 1, 1)
3
(29, 28)
-> Request 2
548
(4, 2, 1)
1
(71, 51)
-> Request 3
769
(4, 2, 1)
1
(36, 22)
-> Request 4
1018
(4, 1, 1)
2
(13, 65)
--> Day : 2
-> Request 0
586
(4, 3, 1)
2
(13, 11)
-> Request 1
641
(4, 2, 1)
2
(78, 72)
-> Request 2
993
(4, 2, 1)
2
(39, 15)
-> Request 3
1180
(4, 3, 1)
2
(0, 30)
-> Request 4
1260
(4, 2, 1)
3
(28, 40)
-> Request 5
1281
(4, 1, 1)
1
(1, 75)
--> Day : 3
-> Request 0
12
(4, 1, 1)
3
(71, 39)
-> Request 1
240
(4, 2, 1)
3
(29, 19)
-> Request 2
617
(4, 2, 1)
2
(64, 55)
-> Request 3
764
(4, 3, 1)
1
(37, 24)
-> Request 4
863
(4, 2, 1)
1
(35, 68)
-> Request 5
913
(4, 2, 1)
3
(66, 64)
-> Request 6
1193
(4, 2, 1)
1
(24, 63)
-> Request 7
1340
(4, 3, 1)
3
(32, 47)
--> Day : 4
-> Request 0
27
(4, 1, 1)
1
(0, 14)
-> Request 1
119
(4, 1, 1)
1
(5, 66)
-> Request 2
188
(4, 3, 1)
3
(45, 15)
-> Request 3
515
(4, 3, 1)
3
(14, 25)
-> Request 4
586
(4, 3, 1)
2
(10, 43)
-> Request 5
758
(4, 3, 1)
3
(10, 41)
-> Request 6
990
(4, 2, 1)
3
(5, 3)
---> Week : 2
--> Day : 0
-> Request 0
190
(4, 1, 1)
2
(45, 66)
-> Request 1
315
(4, 3, 1)
3
(57, 76)
-> Request 2
381
(4, 3, 1)
3
(22, 50)
-> Request 3
404
(4, 3, 1)
1
(38, 66)
-> Request 4
647
(4, 2, 1)
2
(39, 34)
-> Request 5
828
(4, 1, 1)
2
(14, 25)
-> Request 6
1091
(4, 1, 1)
3
(0, 62)
-> Request 7
1203
(4, 2, 1)
3
(79, 36)
-> Request 8
1259
(4, 1, 1)
2
(23, 34)
--> Day : 1
-> Request 0
442
(4, 2, 1)
1
(6, 52)
-> Request 1
810
(4, 1, 1)
3
(18, 60)
-> Request 2
892
(4, 3, 1)
3
(49, 42)
-> Request 3
1095
(4, 1, 1)
1
(64, 61)
-> Request 4
1271
(4, 2, 1)
1
(46, 32)
--> Day : 2
-> Request 0
219
(4, 1, 1)
3
(33, 49)
-> Request 1
581
(4, 3, 1)
3
(27, 62)
-> Request 2
652
(4, 1, 1)
3
(40, 14)
-> Request 3
827
(4, 3, 1)
3
(53, 76)
--> Day : 3
-> Request 0
475
(4, 2, 1)
2
(54, 54)
-> Request 1
983
(4, 2, 1)
3
(31, 79)
--> Day : 4
-> Request 0
867
(4, 2, 1)
2
(71, 2)
-> Request 1
951
(4, 1, 1)
1
(18, 49)
-> Request 2
1020
(4, 3, 1)
2
(59, 4)
-> Request 3
1085
(4, 1, 1)
3
(44, 34)
-> Request 4
1200
(4, 1, 1)
2
(12, 24)
-> Request 5
1251
(4, 1, 1)
3
(53, 74)
-> Request 6
1276
(4, 3, 1)
3
(31, 49)
---> Week : 3
--> Day : 0
-> Request 0
15
(4, 1, 1)
3
(37, 14)
-> Request 1
211
(4, 3, 1)
2
(22, 32)
-> Request 2
450
(4, 2, 1)
3
(54, 13)
-> Request 3
577
(4, 3, 1)
3
(70, 38)
-> Request 4
655
(4, 1, 1)
1
(2, 58)
-> Request 5
982
(4, 1, 1)
2
(69, 25)
--> Day : 1
-> Request 0
920
(4, 2, 1)
3
(13, 64)
--> Day : 2
-> Request 0
124
(4, 3, 1)
2
(13, 42)
-> Request 1
258
(4, 3, 1)
1
(11, 63)
-> Request 2
429
(4, 3, 1)
2
(37, 66)
-> Request 3
585
(4, 1, 1)
1
(18, 33)
-> Request 4
1428
(4, 3, 1)
1
(75, 79)
--> Day : 3
-> Request 0
64
(4, 3, 1)
3
(77, 9)
-> Request 1
121
(4, 3, 1)
3
(5, 25)
-> Request 2
1140
(4, 1, 1)
1
(1, 27)
-> Request 3
1162
(4, 2, 1)
3
(21, 23)
-> Request 4
1180
(4, 2, 1)
2
(45, 76)
-> Request 5
1182
(4, 1, 1)
2
(64, 1)
-> Request 6
1184
(4, 2, 1)
1
(7, 72)
-> Request 7
1318
(4, 1, 1)
2
(35, 11)
--> Day : 4
-> Request 0
17
(4, 2, 1)
3
(0, 54)
-> Request 1
276
(4, 1, 1)
2
(66, 36)
-> Request 2
488
(4, 2, 1)
2
(53, 79)
-> Request 3
898
(4, 3, 1)
2
(18, 78)
-> Request 4
1038
(4, 1, 1)
2
(68, 65)
-> Request 5
1155
(4, 3, 1)
1
(13, 57)
---> Week : 4
--> Day : 0
-> Request 0
90
(4, 1, 1)
2
(14, 74)
-> Request 1
361
(4, 3, 1)
2
(69, 72)
-> Request 2
441
(4, 1, 1)
1
(49, 60)
-> Request 3
684
(4, 3, 1)
2
(12, 45)
-> Request 4
829
(4, 1, 1)
2
(23, 79)
-> Request 5
1328
(4, 2, 1)
2
(1, 40)
--> Day : 1
-> Request 0
198
(4, 1, 1)
2
(17, 61)
-> Request 1
364
(4, 1, 1)
3
(53, 77)
-> Request 2
410
(4, 2, 1)
2
(29, 50)
-> Request 3
645
(4, 3, 1)
1
(40, 21)
-> Request 4
772
(4, 2, 1)
2
(79, 45)
-> Request 5
788
(4, 2, 1)
3
(25, 78)
-> Request 6
814
(4, 2, 1)
1
(13, 61)
-> Request 7
1141
(4, 2, 1)
3
(18, 63)
-> Request 8
1275
(4, 1, 1)
2
(47, 36)
--> Day : 2
-> Request 0
161
(4, 2, 1)
2
(27, 47)
-> Request 1
182
(4, 3, 1)
1
(10, 56)
-> Request 2
1240
(4, 1, 1)
3
(79, 34)
-> Request 3
1251
(4, 3, 1)
2
(30, 48)
-> Request 4
1341
(4, 2, 1)
1
(74, 30)
-> Request 5
1347
(4, 2, 1)
1
(32, 8)
-> Request 6
1361
(4, 1, 1)
2
(7, 0)
--> Day : 3
-> Request 0
171
(4, 1, 1)
3
(49, 34)
-> Request 1
930
(4, 2, 1)
1
(28, 67)
-> Request 2
977
(4, 1, 1)
1
(43, 33)
-> Request 3
1347
(4, 1, 1)
1
(24, 14)
--> Day : 4
-> Request 0
143
(4, 1, 1)
2
(8, 24)
-> Request 1
292
(4, 1, 1)
3
(74, 34)
-> Request 2
394
(4, 3, 1)
1
(37, 75)
-> Request 3
440
(4, 3, 1)
3
(7, 72)
-> Request 4
917
(4, 1, 1)
1
(69, 57)
-> Request 5
955
(4, 2, 1)
2
(15, 39)
-> Request 6
1222
(4, 3, 1)
2
(23, 76)
-> Request 7
1241
(4, 2, 1)
1
(65, 47)
---> Week : 5
--> Day : 0
-> Request 0
88
(4, 1, 1)
3
(49, 55)
-> Request 1
243
(4, 2, 1)
1
(66, 19)
-> Request 2
746
(4, 2, 1)
1
(15, 47)
-> Request 3
762
(4, 3, 1)
1
(18, 12)
-> Request 4
1127
(4, 3, 1)
3
(21, 34)
-> Request 5
1226
(4, 1, 1)
1
(13, 66)
--> Day : 1
-> Request 0
56
(4, 2, 1)
2
(59, 26)
-> Request 1
248
(4, 3, 1)
3
(31, 27)
-> Request 2
259
(4, 3, 1)
3
(5, 68)
-> Request 3
627
(4, 2, 1)
2
(75, 25)
-> Request 4
638
(4, 2, 1)
1
(16, 28)
-> Request 5
815
(4, 2, 1)
1
(57, 49)
-> Request 6
1195
(4, 3, 1)
2
(17, 59)
-> Request 7
1318
(4, 1, 1)
3
(0, 58)
--> Day : 2
-> Request 0
60
(4, 3, 1)
1
(52, 70)
-> Request 1
100
(4, 2, 1)
3
(77, 37)
-> Request 2
117
(4, 1, 1)
3
(48, 72)
-> Request 3
277
(4, 2, 1)
2
(66, 51)
-> Request 4
288
(4, 3, 1)
1
(49, 6)
-> Request 5
621
(4, 2, 1)
1
(17, 3)
-> Request 6
640
(4, 3, 1)
2
(72, 22)
-> Request 7
749
(4, 3, 1)
2
(56, 65)
-> Request 8
753
(4, 2, 1)
3
(14, 31)
-> Request 9
768
(4, 3, 1)
3
(17, 72)
-> Request 10
1003
(4, 1, 1)
3
(66, 37)
--> Day : 3
-> Request 0
3
(4, 2, 1)
2
(64, 43)
-> Request 1
193
(4, 2, 1)
1
(30, 38)
-> Request 2
261
(4, 1, 1)
2
(12, 60)
-> Request 3
599
(4, 2, 1)
1
(44, 53)
-> Request 4
891
(4, 1, 1)
2
(61, 41)
-> Request 5
1031
(4, 3, 1)
3
(56, 60)
-> Request 6
1128
(4, 3, 1)
3
(48, 76)
--> Day : 4
-> Request 0
98
(4, 1, 1)
1
(12, 66)
-> Request 1
228
(4, 1, 1)
3
(38, 9)
-> Request 2
260
(4, 2, 1)
3
(21, 9)
-> Request 3
889
(4, 2, 1)
2
(0, 32)
-> Request 4
1273
(4, 2, 1)
3
(46, 13)
-> Request 5
1337
(4, 1, 1)
3
(54, 12)
---> Week : 6
--> Day : 0
-> Request 0
85
(4, 1, 1)
2
(54, 25)
-> Request 1
244
(4, 1, 1)
2
(44, 25)
-> Request 2
572
(4, 1, 1)
3
(5, 19)
-> Request 3
587
(4, 1, 1)
2
(13, 5)
-> Request 4
673
(4, 3, 1)
2
(56, 75)
-> Request 5
792
(4, 2, 1)
2
(33, 71)
-> Request 6
838
(4, 2, 1)
2
(52, 76)
-> Request 7
1350
(4, 2, 1)
1
(75, 31)
-> Request 8
1426
(4, 3, 1)
2
(37, 62)
--> Day : 1
-> Request 0
831
(4, 3, 1)
2
(33, 37)
-> Request 1
839
(4, 2, 1)
1
(33, 48)
-> Request 2
1261
(4, 2, 1)
1
(77, 62)
-> Request 3
1361
(4, 2, 1)
1
(68, 2)
--> Day : 2
-> Request 0
199
(4, 2, 1)
3
(4, 60)
-> Request 1
209
(4, 1, 1)
3
(43, 49)
-> Request 2
234
(4, 3, 1)
3
(66, 57)
-> Request 3
399
(4, 3, 1)
3
(33, 65)
-> Request 4
635
(4, 2, 1)
2
(29, 57)
-> Request 5
725
(4, 1, 1)
2
(66, 1)
-> Request 6
1002
(4, 3, 1)
2
(54, 25)
-> Request 7
1242
(4, 1, 1)
2
(42, 17)
-> Request 8
1252
(4, 2, 1)
1
(59, 37)
-> Request 9
1394
(4, 3, 1)
3
(13, 46)
-> Request 10
1414
(4, 2, 1)
1
(70, 35)
--> Day : 3
-> Request 0
62
(4, 2, 1)
2
(25, 11)
-> Request 1
76
(4, 3, 1)
3
(21, 33)
-> Request 2
178
(4, 2, 1)
1
(30, 16)
-> Request 3
217
(4, 1, 1)
3
(46, 6)
-> Request 4
217
(4, 1, 1)
2
(71, 69)
-> Request 5
264
(4, 2, 1)
3
(33, 63)
-> Request 6
960
(4, 2, 1)
1
(30, 44)
-> Request 7
1005
(4, 3, 1)
3
(56, 57)
-> Request 8
1174
(4, 3, 1)
1
(42, 29)
-> Request 9
1364
(4, 1, 1)
2
(10, 45)
-> Request 10
1400
(4, 3, 1)
2
(28, 53)
--> Day : 4
-> Request 0
95
(4, 3, 1)
3
(79, 18)
-> Request 1
401
(4, 1, 1)
3
(63, 10)
-> Request 2
472
(4, 3, 1)
1
(5, 33)
-> Request 3
887
(4, 3, 1)
2
(0, 71)
-> Request 4
1081
(4, 2, 1)
2
(63, 63)
-> Request 5
1342
(4, 3, 1)
3
(53, 41)
---> Week : 7
--> Day : 0
-> Request 0
1171
(4, 3, 1)
1
(57, 37)
-> Request 1
1210
(4, 3, 1)
1
(40, 15)
--> Day : 1
-> Request 0
371
(4, 3, 1)
2
(32, 70)
-> Request 1
515
(4, 2, 1)
3
(66, 11)
-> Request 2
570
(4, 3, 1)
1
(59, 3)
-> Request 3
602
(4, 2, 1)
2
(43, 10)
-> Request 4
1014
(4, 3, 1)
3
(58, 52)
-> Request 5
1091
(4, 1, 1)
3
(63, 43)
-> Request 6
1096
(4, 3, 1)
1
(31, 61)
--> Day : 2
-> Request 0
20
(4, 1, 1)
2
(13, 4)
-> Request 1
215
(4, 3, 1)
1
(59, 50)
-> Request 2
335
(4, 1, 1)
3
(24, 28)
-> Request 3
603
(4, 2, 1)
2
(52, 38)
-> Request 4
655
(4, 2, 1)
2
(47, 79)
-> Request 5
827
(4, 2, 1)
2
(77, 23)
-> Request 6
887
(4, 1, 1)
2
(35, 65)
-> Request 7
904
(4, 3, 1)
1
(28, 53)
-> Request 8
905
(4, 1, 1)
3
(65, 64)
-> Request 9
1284
(4, 3, 1)
3
(52, 29)
-> Request 10
1322
(4, 2, 1)
1
(63, 79)
--> Day : 3
-> Request 0
193
(4, 2, 1)
2
(20, 56)
-> Request 1
209
(4, 2, 1)
3
(57, 47)
-> Request 2
333
(4, 1, 1)
2
(4, 21)
-> Request 3
338
(4, 2, 1)
2
(27, 29)
-> Request 4
526
(4, 2, 1)
2
(40, 24)
-> Request 5
1321
(4, 1, 1)
2
(10, 14)
--> Day : 4
-> Request 0
19
(4, 2, 1)
3
(21, 34)
-> Request 1
355
(4, 3, 1)
1
(5, 72)
-> Request 2
556
(4, 2, 1)
1
(65, 7)
-> Request 3
1091
(4, 3, 1)
1
(67, 75)
---> Week : 8
--> Day : 0
-> Request 0
86
(4, 2, 1)
2
(63, 68)
-> Request 1
119
(4, 3, 1)
1
(72, 60)
-> Request 2
337
(4, 1, 1)
3
(25, 29)
-> Request 3
458
(4, 2, 1)
2
(27, 75)
-> Request 4
668
(4, 1, 1)
1
(22, 34)
-> Request 5
724
(4, 3, 1)
2
(76, 8)
-> Request 6
821
(4, 2, 1)
1
(6, 53)
-> Request 7
901
(4, 1, 1)
1
(61, 22)
-> Request 8
1306
(4, 2, 1)
2
(34, 65)
--> Day : 1
-> Request 0
298
(4, 3, 1)
3
(77, 35)
-> Request 1
672
(4, 2, 1)
3
(60, 77)
-> Request 2
757
(4, 3, 1)
3
(4, 19)
-> Request 3
886
(4, 1, 1)
3
(39, 72)
-> Request 4
1358
(4, 3, 1)
3
(39, 3)
-> Request 5
1426
(4, 2, 1)
1
(45, 48)
--> Day : 2
-> Request 0
60
(4, 3, 1)
3
(27, 15)
-> Request 1
155
(4, 2, 1)
2
(36, 7)
-> Request 2
716
(4, 2, 1)
3
(26, 36)
-> Request 3
739
(4, 2, 1)
1
(38, 15)
-> Request 4
1393
(4, 3, 1)
2
(3, 28)
--> Day : 3
-> Request 0
173
(4, 1, 1)
1
(44, 69)
--> Day : 4
-> Request 0
118
(4, 3, 1)
3
(44, 56)
-> Request 1
298
(4, 3, 1)
3
(12, 41)
-> Request 2
845
(4, 3, 1)
2
(11, 0)
-> Request 3
863
(4, 3, 1)
1
(46, 7)
-> Request 4
879
(4, 1, 1)
1
(43, 46)
-> Request 5
886
(4, 1, 1)
2
(25, 56)
-> Request 6
1033
(4, 2, 1)
3
(51, 16)
-> Request 7
1235
(4, 1, 1)
3
(40, 55)
-> Request 8
1350
(4, 3, 1)
1
(78, 28)
-> Request 9
1372
(4, 2, 1)
1
(1, 63)
-> Request 10
1391
(4, 3, 1)
1
(63, 64)
---> Week : 9
--> Day : 0
-> Request 0
125
(4, 2, 1)
3
(50, 49)
-> Request 1
348
(4, 3, 1)
3
(58, 38)
-> Request 2
439
(4, 2, 1)
3
(9, 4)
-> Request 3
910
(4, 2, 1)
3
(26, 79)
--> Day : 1
-> Request 0
810
(4, 2, 1)
3
(49, 30)
-> Request 1
1383
(4, 1, 1)
3
(30, 53)
--> Day : 2
-> Request 0
760
(4, 1, 1)
1
(2, 59)
-> Request 1
912
(4, 1, 1)
2
(73, 2)
-> Request 2
939
(4, 3, 1)
3
(77, 63)
-> Request 3
975
(4, 1, 1)
3
(37, 27)
-> Request 4
1137
(4, 1, 1)
2
(10, 12)
-> Request 5
1211
(4, 1, 1)
1
(73, 27)
-> Request 6
1321
(4, 1, 1)
1
(38, 40)
--> Day : 3
-> Request 0
43
(4, 3, 1)
3
(62, 48)
-> Request 1
188
(4, 1, 1)
3
(19, 65)
-> Request 2
808
(4, 1, 1)
1
(68, 76)
-> Request 3
978
(4, 3, 1)
1
(78, 29)
-> Request 4
1186
(4, 3, 1)
3
(72, 63)
--> Day : 4
-> Request 0
378
(4, 1, 1)
3
(7, 64)
-> Request 1
648
(4, 1, 1)
3
(24, 14)
-> Request 2
965
(4, 3, 1)
1
(45, 35)
-> Request 3
1192
(4, 2, 1)
2
(77, 38)
-> Request 4
1315
(4, 1, 1)
3
(4, 28)
---> Week : 10
--> Day : 0
-> Request 0
5
(4, 3, 1)
1
(78, 17)
-> Request 1
177
(4, 1, 1)
1
(52, 21)
-> Request 2
209
(4, 3, 1)
2
(11, 42)
-> Request 3
215
(4, 2, 1)
2
(43, 15)
-> Request 4
638
(4, 2, 1)
3
(29, 78)
-> Request 5
704
(4, 3, 1)
1
(35, 77)
-> Request 6
871
(4, 3, 1)
1
(33, 72)
-> Request 7
1113
(4, 1, 1)
3
(75, 4)
-> Request 8
1151
(4, 2, 1)
2
(28, 46)
-> Request 9
1386
(4, 1, 1)
2
(21, 17)
--> Day : 1
-> Request 0
82
(4, 2, 1)
3
(63, 4)
-> Request 1
160
(4, 3, 1)
3
(22, 49)
-> Request 2
271
(4, 3, 1)
3
(54, 54)
-> Request 3
439
(4, 3, 1)
3
(74, 72)
-> Request 4
483
(4, 1, 1)
3
(13, 53)
-> Request 5
705
(4, 2, 1)
3
(52, 69)
-> Request 6
741
(4, 3, 1)
1
(41, 74)
-> Request 7
962
(4, 2, 1)
2
(32, 58)
-> Request 8
1087
(4, 1, 1)
1
(55, 17)
-> Request 9
1117
(4, 2, 1)
1
(54, 34)
-> Request 10
1299
(4, 3, 1)
1
(29, 19)
--> Day : 2
-> Request 0
36
(4, 2, 1)
1
(10, 78)
-> Request 1
186
(4, 2, 1)
1
(16, 29)
-> Request 2
358
(4, 1, 1)
1
(28, 30)
-> Request 3
705
(4, 3, 1)
3
(6, 36)
-> Request 4
705
(4, 2, 1)
3
(42, 56)
-> Request 5
1208
(4, 3, 1)
1
(61, 8)
-> Request 6
1247
(4, 2, 1)
2
(35, 36)
--> Day : 3
-> Request 0
234
(4, 3, 1)
2
(68, 62)
-> Request 1
416
(4, 3, 1)
2
(61, 42)
-> Request 2
552
(4, 3, 1)
2
(65, 51)
-> Request 3
810
(4, 3, 1)
2
(75, 69)
-> Request 4
1040
(4, 1, 1)
3
(58, 47)
-> Request 5
1143
(4, 1, 1)
2
(59, 22)
-> Request 6
1199
(4, 3, 1)
2
(7, 64)
--> Day : 4
-> Request 0
596
(4, 3, 1)
1
(33, 59)
-> Request 1
1149
(4, 1, 1)
3
(50, 32)
-> Request 2
1426
(4, 1, 1)
1
(76, 27)
---> Week : 11
--> Day : 0
-> Request 0
81
(4, 2, 1)
3
(32, 19)
-> Request 1
515
(4, 2, 1)
3
(32, 26)
-> Request 2
631
(4, 3, 1)
3
(42, 55)
-> Request 3
681
(4, 1, 1)
1
(22, 46)
-> Request 4
1073
(4, 3, 1)
1
(33, 69)
--> Day : 1
-> Request 0
12
(4, 2, 1)
2
(31, 54)
-> Request 1
156
(4, 2, 1)
1
(66, 22)
-> Request 2
515
(4, 2, 1)
2
(70, 18)
-> Request 3
740
(4, 2, 1)
2
(9, 57)
-> Request 4
1046
(4, 2, 1)
1
(26, 38)
-> Request 5
1191
(4, 1, 1)
1
(3, 67)
--> Day : 2
-> Request 0
248
(4, 2, 1)
1
(20, 64)
-> Request 1
318
(4, 3, 1)
1
(26, 15)
-> Request 2
599
(4, 2, 1)
3
(49, 11)
-> Request 3
740
(4, 2, 1)
1
(38, 25)
-> Request 4
784
(4, 2, 1)
2
(62, 4)
-> Request 5
1075
(4, 2, 1)
3
(78, 41)
--> Day : 3
-> Request 0
230
(4, 3, 1)
3
(18, 22)
-> Request 1
238
(4, 2, 1)
2
(64, 6)
-> Request 2
373
(4, 2, 1)
1
(26, 59)
-> Request 3
596
(4, 1, 1)
3
(49, 40)
-> Request 4
648
(4, 2, 1)
3
(55, 58)
-> Request 5
750
(4, 1, 1)
3
(70, 59)
-> Request 6
919
(4, 3, 1)
3
(7, 73)
-> Request 7
1247
(4, 3, 1)
3
(30, 21)
--> Day : 4
-> Request 0
82
(4, 3, 1)
1
(7, 45)
-> Request 1
148
(4, 3, 1)
3
(40, 64)
-> Request 2
265
(4, 3, 1)
3
(69, 52)
-> Request 3
850
(4, 2, 1)
2
(5, 77)
-> Request 4
904
(4, 2, 1)
1
(31, 37)
-> Request 5
992
(4, 3, 1)
3
(39, 36)
-> Request 6
1194
(4, 1, 1)
3
(27, 64)
-> Request 7
1229
(4, 3, 1)
1
(74, 62)
-> Request 8
1291
(4, 1, 1)
1
(28, 25)
---> Week : 12
--> Day : 0
-> Request 0
322
(4, 1, 1)
2
(22, 75)
-> Request 1
450
(4, 1, 1)
3
(47, 57)
-> Request 2
940
(4, 3, 1)
2
(64, 71)
-> Request 3
1062
(4, 3, 1)
3
(0, 9)
-> Request 4
1267
(4, 1, 1)
1
(49, 37)
-> Request 5
1291
(4, 1, 1)
1
(32, 2)
-> Request 6
1304
(4, 3, 1)
3
(74, 58)
--> Day : 1
-> Request 0
107
(4, 1, 1)
1
(31, 39)
-> Request 1
217
(4, 2, 1)
3
(10, 58)
-> Request 2
223
(4, 3, 1)
3
(79, 44)
-> Request 3
354
(4, 3, 1)
2
(78, 27)
-> Request 4
977
(4, 1, 1)
3
(4, 35)
-> Request 5
1203
(4, 2, 1)
2
(3, 0)
-> Request 6
1229
(4, 2, 1)
3
(8, 5)
-> Request 7
1369
(4, 1, 1)
2
(60, 71)
--> Day : 2
-> Request 0
51
(4, 2, 1)
1
(20, 61)
-> Request 1
186
(4, 3, 1)
2
(42, 4)
-> Request 2
205
(4, 2, 1)
1
(52, 22)
-> Request 3
457
(4, 2, 1)
2
(8, 50)
-> Request 4
996
(4, 2, 1)
1
(47, 67)
--> Day : 3
-> Request 0
515
(4, 1, 1)
3
(59, 27)
-> Request 1
786
(4, 3, 1)
3
(74, 57)
-> Request 2
1044
(4, 1, 1)
2
(45, 2)
--> Day : 4
-> Request 0
26
(4, 3, 1)
2
(50, 46)
-> Request 1
346
(4, 2, 1)
1
(79, 75)
-> Request 2
566
(4, 3, 1)
1
(21, 42)
-> Request 3
1019
(4, 1, 1)
1
(73, 43)
-> Request 4
1081
(4, 1, 1)
2
(44, 77)
-> Request 5
1183
(4, 3, 1)
3
(65, 73)
---> Week : 13
--> Day : 0
-> Request 0
66
(4, 3, 1)
2
(73, 13)
-> Request 1
109
(4, 1, 1)
1
(33, 48)
-> Request 2
274
(4, 1, 1)
3
(52, 39)
-> Request 3
478
(4, 2, 1)
3
(54, 32)
-> Request 4
729
(4, 2, 1)
3
(8, 27)
-> Request 5
803
(4, 3, 1)
1
(43, 1)
-> Request 6
1157
(4, 2, 1)
2
(36, 75)
-> Request 7
1325
(4, 2, 1)
2
(16, 21)
--> Day : 1
-> Request 0
31
(4, 1, 1)
1
(12, 5)
-> Request 1
564
(4, 3, 1)
3
(30, 73)
-> Request 2
616
(4, 3, 1)
1
(13, 48)
-> Request 3
647
(4, 1, 1)
1
(27, 52)
-> Request 4
695
(4, 1, 1)
2
(9, 53)
-> Request 5
847
(4, 2, 1)
2
(41, 16)
-> Request 6
1361
(4, 1, 1)
1
(0, 66)
-> Request 7
1402
(4, 1, 1)
2
(51, 41)
--> Day : 2
-> Request 0
3
(4, 2, 1)
2
(29, 39)
-> Request 1
587
(4, 2, 1)
2
(17, 41)
-> Request 2
784
(4, 1, 1)
1
(39, 63)
-> Request 3
1272
(4, 3, 1)
2
(47, 26)
-> Request 4
1322
(4, 1, 1)
3
(46, 24)
-> Request 5
1362
(4, 1, 1)
1
(48, 8)
--> Day : 3
-> Request 0
635
(4, 1, 1)
3
(5, 14)
-> Request 1
1231
(4, 1, 1)
2
(63, 21)
-> Request 2
1401
(4, 3, 1)
1
(59, 20)
--> Day : 4
-> Request 0
40
(4, 2, 1)
3
(26, 40)
-> Request 1
266
(4, 1, 1)
1
(16, 77)
-> Request 2
483
(4, 1, 1)
3
(77, 63)
-> Request 3
509
(4, 3, 1)
1
(7, 43)
-> Request 4
916
(4, 1, 1)
1
(5, 79)
-> Request 5
989
(4, 2, 1)
2
(70, 29)
-> Request 6
1310
(4, 1, 1)
1
(55, 59)
-> Request 7
1372
(4, 2, 1)
1
(42, 4)
-> Request 8
1375
(4, 2, 1)
2
(19, 75)
---> Week : 14
--> Day : 0
-> Request 0
266
(4, 3, 1)
2
(69, 65)
-> Request 1
456
(4, 3, 1)
2
(76, 10)
-> Request 2
665
(4, 1, 1)
1
(76, 28)
-> Request 3
1003
(4, 3, 1)
2
(13, 70)
--> Day : 1
-> Request 0
296
(4, 2, 1)
3
(56, 51)
-> Request 1
302
(4, 3, 1)
3
(49, 14)
-> Request 2
455
(4, 3, 1)
1
(79, 38)
-> Request 3
699
(4, 2, 1)
3
(50, 32)
-> Request 4
1081
(4, 3, 1)
2
(68, 20)
-> Request 5
1205
(4, 1, 1)
1
(35, 77)
-> Request 6
1387
(4, 2, 1)
1
(31, 1)
--> Day : 2
-> Request 0
260
(4, 1, 1)
2
(56, 50)
-> Request 1
607
(4, 2, 1)
3
(29, 28)
-> Request 2
758
(4, 2, 1)
3
(78, 57)
-> Request 3
1092
(4, 2, 1)
3
(42, 16)
-> Request 4
1157
(4, 1, 1)
2
(58, 50)
-> Request 5
1198
(4, 3, 1)
3
(4, 42)
-> Request 6
1422
(4, 1, 1)
3
(48, 0)
--> Day : 3
-> Request 0
245
(4, 2, 1)
1
(67, 9)
-> Request 1
535
(4, 3, 1)
1
(28, 49)
-> Request 2
966
(4, 3, 1)
3
(67, 18)
-> Request 3
1159
(4, 2, 1)
3
(63, 24)
-> Request 4
1289
(4, 2, 1)
1
(70, 61)
-> Request 5
1414
(4, 3, 1)
2
(33, 74)
--> Day : 4
-> Request 0
298
(4, 1, 1)
1
(28, 13)
-> Request 1
888
(4, 3, 1)
1
(51, 4)
-> Request 2
1002
(4, 1, 1)
1
(69, 45)
---> Week : 15
--> Day : 0
-> Request 0
242
(4, 1, 1)
3
(29, 57)
-> Request 1
295
(4, 1, 1)
1
(53, 29)
-> Request 2
332
(4, 1, 1)
1
(36, 30)
-> Request 3
526
(4, 2, 1)
3
(3, 70)
-> Request 4
534
(4, 1, 1)
1
(15, 38)
-> Request 5
575
(4, 1, 1)
1
(61, 51)
-> Request 6
587
(4, 2, 1)
2
(1, 29)
-> Request 7
911
(4, 1, 1)
2
(13, 20)
-> Request 8
951
(4, 3, 1)
1
(36, 79)
-> Request 9
954
(4, 1, 1)
2
(24, 71)
-> Request 10
1347
(4, 2, 1)
3
(55, 2)
--> Day : 1
-> Request 0
264
(4, 3, 1)
3
(11, 9)
-> Request 1
317
(4, 2, 1)
3
(48, 45)
-> Request 2
451
(4, 1, 1)
1
(28, 18)
-> Request 3
825
(4, 3, 1)
1
(42, 65)
-> Request 4
851
(4, 1, 1)
2
(21, 15)
-> Request 5
1080
(4, 2, 1)
3
(64, 15)
--> Day : 2
-> Request 0
516
(4, 1, 1)
2
(62, 74)
-> Request 1
955
(4, 1, 1)
2
(19, 10)
-> Request 2
995
(4, 1, 1)
1
(9, 76)
-> Request 3
1419
(4, 2, 1)
3
(1, 32)
--> Day : 3
-> Request 0
502
(4, 2, 1)
2
(70, 26)
-> Request 1
875
(4, 3, 1)
2
(26, 5)
-> Request 2
1014
(4, 3, 1)
3
(66, 66)
-> Request 3
1285
(4, 2, 1)
3
(30, 58)
--> Day : 4
-> Request 0
24
(4, 3, 1)
3
(29, 2)
-> Request 1
338
(4, 1, 1)
2
(55, 57)
-> Request 2
708
(4, 2, 1)
1
(54, 52)
-> Request 3
914
(4, 2, 1)
3
(26, 24)
-> Request 4
969
(4, 1, 1)
1
(38, 18)
-> Request 5
1070
(4, 3, 1)
1
(34, 23)
-> Request 6
1182
(4, 2, 1)
2
(57, 42)
-> Request 7
1215
(4, 3, 1)
2
(22, 45)
-> Request 8
1416
(4, 2, 1)
3
(7, 74)
---> Week : 16
--> Day : 0
-> Request 0
134
(4, 1, 1)
1
(63, 77)
-> Request 1
290
(4, 2, 1)
1
(36, 62)
-> Request 2
385
(4, 2, 1)
1
(69, 12)
-> Request 3
613
(4, 3, 1)
2
(30, 54)
-> Request 4
701
(4, 2, 1)
1
(62, 42)
-> Request 5
816
(4, 2, 1)
3
(53, 13)
-> Request 6
1046
(4, 2, 1)
1
(11, 44)
-> Request 7
1063
(4, 3, 1)
3
(26, 21)
-> Request 8
1071
(4, 3, 1)
3
(3, 26)
-> Request 9
1242
(4, 1, 1)
2
(69, 28)
-> Request 10
1372
(4, 2, 1)
3
(56, 23)
--> Day : 1
-> Request 0
203
(4, 3, 1)
3
(8, 68)
-> Request 1
374
(4, 1, 1)
3
(46, 24)
-> Request 2
1033
(4, 1, 1)
3
(41, 48)
-> Request 3
1330
(4, 3, 1)
2
(58, 60)
-> Request 4
1354
(4, 2, 1)
1
(2, 31)
-> Request 5
1425
(4, 3, 1)
1
(13, 21)
--> Day : 2
-> Request 0
397
(4, 2, 1)
1
(71, 64)
-> Request 1
481
(4, 2, 1)
3
(0, 35)
-> Request 2
1342
(4, 3, 1)
1
(43, 29)
-> Request 3
1374
(4, 1, 1)
3
(73, 7)
--> Day : 3
-> Request 0
108
(4, 3, 1)
3
(24, 23)
-> Request 1
272
(4, 1, 1)
2
(8, 69)
-> Request 2
906
(4, 1, 1)
2
(5, 51)
-> Request 3
1162
(4, 2, 1)
1
(59, 8)
--> Day : 4
-> Request 0
587
(4, 2, 1)
2
(79, 19)
-> Request 1
603
(4, 2, 1)
1
(49, 71)
-> Request 2
1012
(4, 2, 1)
1
(42, 64)
-> Request 3
1064
(4, 3, 1)
1
(70, 13)
-> Request 4
1217
(4, 1, 1)
1
(43, 16)
---> Week : 17
--> Day : 0
-> Request 0
68
(4, 1, 1)
3
(59, 3)
-> Request 1
407
(4, 2, 1)
2
(35, 20)
-> Request 2
587
(4, 1, 1)
3
(49, 68)
-> Request 3
614
(4, 2, 1)
3
(24, 16)
-> Request 4
1008
(4, 2, 1)
2
(9, 50)
-> Request 5
1150
(4, 2, 1)
3
(2, 40)
-> Request 6
1161
(4, 3, 1)
2
(28, 32)
-> Request 7
1349
(4, 3, 1)
2
(62, 51)
--> Day : 1
-> Request 0
306
(4, 1, 1)
1
(64, 50)
-> Request 1
891
(4, 2, 1)
2
(53, 61)
-> Request 2
924
(4, 1, 1)
3
(17, 35)
-> Request 3
950
(4, 1, 1)
1
(70, 63)
-> Request 4
993
(4, 2, 1)
3
(62, 66)
-> Request 5
1021
(4, 3, 1)
2
(64, 5)
--> Day : 2
-> Request 0
13
(4, 2, 1)
1
(32, 4)
-> Request 1
255
(4, 3, 1)
3
(18, 19)
-> Request 2
385
(4, 3, 1)
3
(22, 13)
-> Request 3
394
(4, 3, 1)
2
(58, 0)
-> Request 4
672
(4, 3, 1)
1
(78, 67)
-> Request 5
1128
(4, 1, 1)
1
(64, 46)
-> Request 6
1178
(4, 2, 1)
1
(51, 44)
-> Request 7
1379
(4, 1, 1)
1
(78, 49)
--> Day : 3
-> Request 0
57
(4, 1, 1)
1
(52, 76)
-> Request 1
169
(4, 3, 1)
2
(1, 68)
-> Request 2
558
(4, 3, 1)
3
(21, 27)
-> Request 3
1201
(4, 2, 1)
1
(45, 30)
-> Request 4
1402
(4, 3, 1)
3
(53, 47)
--> Day : 4
-> Request 0
603
(4, 1, 1)
1
(41, 64)
-> Request 1
612
(4, 1, 1)
2
(34, 12)
-> Request 2
1226
(4, 2, 1)
3
(47, 5)
---> Week : 18
--> Day : 0
-> Request 0
1428
(4, 2, 1)
1
(17, 75)
--> Day : 1
-> Request 0
269
(4, 1, 1)
1
(69, 40)
-> Request 1
455
(4, 3, 1)
2
(30, 26)
-> Request 2
549
(4, 1, 1)
3
(55, 14)
-> Request 3
630
(4, 2, 1)
1
(25, 30)
-> Request 4
894
(4, 1, 1)
1
(8, 50)
-> Request 5
911
(4, 1, 1)
2
(32, 32)
-> Request 6
1207
(4, 3, 1)
2
(59, 30)
-> Request 7
1394
(4, 2, 1)
1
(42, 63)
--> Day : 2
-> Request 0
199
(4, 3, 1)
2
(79, 43)
-> Request 1
328
(4, 1, 1)
2
(74, 45)
-> Request 2
464
(4, 2, 1)
2
(14, 63)
-> Request 3
513
(4, 2, 1)
2
(77, 3)
-> Request 4
807
(4, 1, 1)
1
(11, 31)
-> Request 5
870
(4, 3, 1)
3
(13, 53)
-> Request 6
1106
(4, 3, 1)
1
(77, 45)
-> Request 7
1264
(4, 3, 1)
2
(30, 33)
-> Request 8
1285
(4, 3, 1)
1
(3, 29)
--> Day : 3
-> Request 0
11
(4, 3, 1)
1
(44, 46)
-> Request 1
337
(4, 2, 1)
2
(67, 9)
-> Request 2
1243
(4, 3, 1)
1
(28, 23)
-> Request 3
1247
(4, 2, 1)
3
(13, 70)
-> Request 4
1422
(4, 1, 1)
2
(6, 5)
--> Day : 4
-> Request 0
13
(4, 3, 1)
2
(31, 9)
-> Request 1
32
(4, 1, 1)
2
(35, 74)
-> Request 2
444
(4, 3, 1)
3
(70, 60)
-> Request 3
652
(4, 1, 1)
2
(44, 14)
-> Request 4
1118
(4, 3, 1)
2
(33, 8)
-> Request 5
1216
(4, 1, 1)
2
(79, 57)
-> Request 6
1337
(4, 1, 1)
1
(35, 25)
-> Request 7
1438
(4, 3, 1)
1
(7, 75)
---> Week : 19
--> Day : 0
-> Request 0
58
(4, 3, 1)
1
(45, 15)
-> Request 1
432
(4, 1, 1)
1
(28, 63)
-> Request 2
476
(4, 2, 1)
3
(43, 2)
-> Request 3
634
(4, 1, 1)
1
(6, 11)
-> Request 4
723
(4, 2, 1)
1
(56, 50)
-> Request 5
1221
(4, 2, 1)
1
(45, 3)
-> Request 6
1333
(4, 1, 1)
2
(50, 14)
-> Request 7
1353
(4, 3, 1)
1
(33, 41)
--> Day : 1
-> Request 0
360
(4, 3, 1)
3
(10, 71)
-> Request 1
391
(4, 2, 1)
2
(53, 73)
-> Request 2
690
(4, 1, 1)
2
(34, 60)
-> Request 3
1157
(4, 3, 1)
2
(35, 73)
-> Request 4
1439
(4, 2, 1)
1
(48, 0)
--> Day : 2
-> Request 0
75
(4, 3, 1)
2
(75, 68)
-> Request 1
133
(4, 3, 1)
1
(59, 45)
-> Request 2
240
(4, 2, 1)
3
(21, 21)
-> Request 3
242
(4, 1, 1)
3
(7, 70)
-> Request 4
710
(4, 1, 1)
1
(60, 45)
-> Request 5
879
(4, 2, 1)
1
(18, 2)
-> Request 6
1281
(4, 3, 1)
2
(57, 36)
--> Day : 3
-> Request 0
293
(4, 3, 1)
2
(67, 12)
-> Request 1
318
(4, 1, 1)
3
(3, 17)
-> Request 2
393
(4, 2, 1)
3
(3, 53)
-> Request 3
545
(4, 2, 1)
3
(0, 11)
-> Request 4
822
(4, 1, 1)
2
(9, 18)
-> Request 5
959
(4, 2, 1)
2
(19, 45)
-> Request 6
1256
(4, 3, 1)
1
(59, 15)
--> Day : 4
-> Request 0
300
(4, 3, 1)
3
(67, 20)
-> Request 1
974
(4, 3, 1)
2
(52, 10)
-> Request 2
1112
(4, 1, 1)
3
(47, 70)
