---> Week : 0
--> Day : 0
-> Request 0
234
(4, 2, 1)
3
(65, 10)
-> Request 1
343
(4, 2, 1)
3
(34, 43)
-> Request 2
633
(4, 2, 1)
3
(31, 25)
-> Request 3
917
(4, 2, 1)
1
(56, 68)
-> Request 4
976
(4, 2, 1)
1
(19, 79)
-> Request 5
1323
(4, 2, 1)
2
(24, 58)
-> Request 6
1329
(4, 1, 1)
2
(67, 13)
--> Day : 1
-> Request 0
517
(4, 1, 1)
2
(16, 10)
-> Request 1
583
(4, 3, 1)
2
(51, 60)
-> Request 2
1050
(4, 2, 1)
2
(78, 36)
-> Request 3
1361
(4, 3, 1)
3
(10, 32)
--> Day : 2
-> Request 0
1377
(4, 3, 1)
3
(74, 34)
--> Day : 3
-> Request 0
11
(4, 1, 1)
1
(22, 64)
-> Request 1
555
(4, 1, 1)
2
(1, 13)
-> Request 2
646
(4, 1, 1)
3
(72, 53)
-> Request 3
939
(4, 2, 1)
3
(15, 33)
-> Request 4
1173
(4, 1, 1)
1
(30, 10)
--> Day : 4
-> Request 0
456
(4, 3, 1)
1
(68, 39)
-> Request 1
593
(4, 3, 1)
2
(0, 2)
-> Request 2
716
(4, 1, 1)
2
(9, 18)
-> Request 3
758
(4, 1, 1)
3
(42, 0)
-> Request 4
847
(4, 2, 1)
2
(27, 67)
-> Request 5
1008
(4, 2, 1)
1
(35, 61)
---> Week : 1
--> Day : 0
-> Request 0
103
(4, 1, 1)
2
(46, 2)
-> Request 1
809
(4, 1, 1)
1
(46, 1)
-> Request 2
1016
(4, 3, 1)
1
(78, 34)
-> Request 3
1142
(4, 1, 1)
3
(56, 54)
-> Request 4
1176
(4, 3, 1)
2
(34, 7)
--> Day : 1
-> Request 0
551
(4, 1, 1)
1
(18, 51)
-> Request 1
749
(4, 2, 1)
2
(31, 68)
-> Request 2
882
(4, 2, 1)
1
(11, 64)
-> Request 3
1093
(4, 1, 1)
3
(41, 46)
-> Request 4
1144
(4, 2, 1)
2
(45, 68)
-> Request 5
1211
(4, 3, 1)
2
(46, 17)
-> Request 6
1299
(4, 2, 1)
2
(42, 48)
-> Request 7
1409
(4, 2, 1)
3
(29, 75)
--> Day : 2
-> Request 0
215
(4, 2, 1)
3
(37, 7)
-> Request 1
436
(4, 2, 1)
1
(57, 59)
-> Request 2
485
(4, 2, 1)
2
(26, 5)
-> Request 3
550
(4, 2, 1)
3
(50, 2)
-> Request 4
667
(4, 3, 1)
3
(39, 33)
-> Request 5
837
(4, 1, 1)
3
(63, 33)
-> Request 6
990
(4, 3, 1)
2
(35, 67)
-> Request 7
1015
(4, 1, 1)
3
(5, 60)
-> Request 8
1425
(4, 1, 1)
2
(34, 74)
--> Day : 3
-> Request 0
428
(4, 1, 1)
2
(26, 35)
-> Request 1
509
(4, 3, 1)
2
(31, 50)
--> Day : 4
-> Request 0
23
(4, 1, 1)
1
(68, 16)
-> Request 1
252
(4, 2, 1)
2
(52, 6)
-> Request 2
312
(4, 2, 1)
3
(6, 76)
-> Request 3
616
(4, 3, 1)
2
(9, 24)
-> Request 4
967
(4, 3, 1)
1
(69, 64)
---> Week : 2
--> Day : 0
-> Request 0
342
(4, 1, 1)
1
(35, 2)
-> Request 1
654
(4, 1, 1)
1
(15, 4)
-> Request 2
1066
(4, 1, 1)
3
(12, 29)
-> Request 3
1112
(4, 3, 1)
3
(34, 22)
-> Request 4
1132
(4, 1, 1)
3
(52, 77)
-> Request 5
1157
(4, 3, 1)
1
(74, 28)
--> Day : 1
-> Request 0
2
(4, 3, 1)
3
(60, 20)
-> Request 1
1309
(4, 1, 1)
1
(55, 65)
-> Request 2
1322
(4, 2, 1)
1
(65, 71)
-> Request 3
1356
(4, 3, 1)
2
(0, 12)
--> Day : 2
-> Request 0
602
(4, 1, 1)
2
(42, 43)
-> Request 1
788
(4, 3, 1)
2
(30, 42)
-> Request 2
1009
(4, 2, 1)
2
(54, 55)
-> Request 3
1117
(4, 3, 1)
2
(30, 12)
-> Request 4
1271
(4, 3, 1)
1
(33, 40)
-> Request 5
1351
(4, 3, 1)
3
(32, 36)
--> Day : 3
-> Request 0
167
(4, 3, 1)
2
(12, 59)
-> Request 1
285
(4, 2, 1)
3
(4, 73)
-> Request 2
487
(4, 1, 1)
2
(50, 13)
-> Request 3
524
(4, 2, 1)
1
(62, 17)
-> Request 4
819
(4, 3, 1)
2
(50, 54)
--> Day : 4
-> Request 0
68
(4, 2, 1)
1
(13, 28)
-> Request 1
538
(4, 3, 1)
3
(36, 14)
-> Request 2
555
(4, 2, 1)
3
(6, 69)
-> Request 3
855
(4, 3, 1)
1
(78, 47)
-> Request 4
980
(4, 3, 1)
2
(10, 70)
-> Request 5
1084
(4, 1, 1)
1
(44, 17)
---> Week : 3
--> Day : 0
-> Request 0
237
(4, 1, 1)
2
(64, 76)
-> Request 1
495
(4, 3, 1)
3
(18, 59)
-> Request 2
760
(4, 2, 1)
2
(12, 76)
-> Request 3
977
(4, 3, 1)
1
(31, 66)
--> Day : 1
-> Request 0
273
(4, 2, 1)
2
(9, 36)
-> Request 1
844
(4, 1, 1)
1
(76, 14)
-> Request 2
1212
(4, 1, 1)
1
(52, 17)
-> Request 3
1328
(4, 1, 1)
2
(77, 53)
--> Day : 2
-> Request 0
118
(4, 2, 1)
1
(40, 31)
-> Request 1
734
(4, 1, 1)
2
(19, 31)
-> Request 2
1370
(4, 3, 1)
3
(56, 50)
--> Day : 3
-> Request 0
166
(4, 3, 1)
1
(32, 22)
-> Request 1
367
(4, 1, 1)
3
(29, 32)
-> Request 2
386
(4, 1, 1)
2
(60, 34)
-> Request 3
570
(4, 3, 1)
1
(0, 19)
--> Day : 4
-> Request 0
226
(4, 3, 1)
2
(61, 68)
-> Request 1
496
(4, 1, 1)
1
(25, 62)
-> Request 2
537
(4, 3, 1)
1
(20, 70)
-> Request 3
962
(4, 1, 1)
2
(30, 11)
---> Week : 4
--> Day : 0
-> Request 0
23
(4, 2, 1)
2
(2, 39)
-> Request 1
833
(4, 3, 1)
1
(73, 11)
-> Request 2
1016
(4, 1, 1)
3
(43, 61)
--> Day : 1
-> Request 0
87
(4, 3, 1)
2
(74, 52)
-> Request 1
336
(4, 1, 1)
1
(17, 32)
-> Request 2
596
(4, 1, 1)
1
(58, 67)
--> Day : 2
-> Request 0
232
(4, 1, 1)
3
(22, 40)
-> Request 1
479
(4, 3, 1)
2
(19, 8)
-> Request 2
896
(4, 3, 1)
2
(9, 43)
-> Request 3
1280
(4, 1, 1)
3
(67, 0)
--> Day : 3
-> Request 0
349
(4, 3, 1)
2
(46, 35)
-> Request 1
443
(4, 2, 1)
3
(49, 9)
-> Request 2
463
(4, 1, 1)
1
(59, 52)
-> Request 3
491
(4, 2, 1)
3
(28, 56)
-> Request 4
551
(4, 1, 1)
3
(2, 74)
-> Request 5
935
(4, 1, 1)
2
(8, 29)
-> Request 6
954
(4, 1, 1)
2
(49, 66)
-> Request 7
1359
(4, 3, 1)
1
(45, 51)
-> Request 8
1381
(4, 1, 1)
2
(33, 70)
-> Request 9
1422
(4, 3, 1)
2
(14, 29)
--> Day : 4
-> Request 0
86
(4, 2, 1)
3
(56, 49)
-> Request 1
282
(4, 2, 1)
2
(69, 52)
-> Request 2
446
(4, 1, 1)
3
(21, 13)
-> Request 3
547
(4, 1, 1)
2
(73, 73)
-> Request 4
986
(4, 1, 1)
1
(61, 25)
---> Week : 5
--> Day : 0
-> Request 0
106
(4, 1, 1)
3
(15, 36)
-> Request 1
458
(4, 2, 1)
1
(56, 57)
-> Request 2
786
(4, 2, 1)
2
(53, 78)
-> Request 3
801
(4, 1, 1)
2
(43, 45)
--> Day : 1
-> Request 0
252
(4, 2, 1)
1
(19, 62)
-> Request 1
271
(4, 1, 1)
1
(29, 60)
-> Request 2
947
(4, 2, 1)
3
(51, 31)
-> Request 3
1149
(4, 1, 1)
1
(26, 76)
-> Request 4
1373
(4, 3, 1)
2
(53, 47)
--> Day : 2
-> Request 0
756
(4, 2, 1)
3
(30, 17)
-> Request 1
1003
(4, 3, 1)
1
(29, 30)
-> Request 2
1147
(4, 3, 1)
1
(77, 5)
-> Request 3
1234
(4, 2, 1)
2
(28, 38)
--> Day : 3
-> Request 0
124
(4, 1, 1)
3
(40, 38)
-> Request 1
190
(4, 3, 1)
2
(55, 53)
-> Request 2
263
(4, 3, 1)
3
(58, 33)
-> Request 3
351
(4, 1, 1)
2
(16, 17)
-> Request 4
1067
(4, 2, 1)
2
(71, 3)
-> Request 5
1095
(4, 1, 1)
1
(18, 51)
--> Day : 4
-> Request 0
292
(4, 3, 1)
3
(21, 20)
-> Request 1
774
(4, 2, 1)
1
(12, 32)
-> Request 2
1011
(4, 2, 1)
3
(21, 73)
-> Request 3
1382
(4, 3, 1)
2
(36, 22)
---> Week : 6
--> Day : 0
-> Request 0
71
(4, 2, 1)
2
(56, 71)
-> Request 1
250
(4, 3, 1)
3
(60, 37)
-> Request 2
251
(4, 1, 1)
3
(74, 74)
-> Request 3
392
(4, 2, 1)
2
(20, 49)
-> Request 4
517
(4, 2, 1)
3
(30, 17)
-> Request 5
1298
(4, 3, 1)
3
(42, 44)
-> Request 6
1398
(4, 1, 1)
1
(52, 13)
--> Day : 1
-> Request 0
16
(4, 1, 1)
2
(63, 48)
-> Request 1
46
(4, 3, 1)
3
(77, 1)
-> Request 2
149
(4, 3, 1)
3
(17, 0)
-> Request 3
390
(4, 1, 1)
3
(67, 8)
-> Request 4
655
(4, 1, 1)
1
(65, 10)
-> Request 5
710
(4, 3, 1)
3
(43, 38)
--> Day : 2
-> Request 0
233
(4, 2, 1)
2
(12, 4)
-> Request 1
703
(4, 1, 1)
2
(10, 28)
-> Request 2
1053
(4, 2, 1)
1
(7, 61)
--> Day : 3
-> Request 0
518
(4, 1, 1)
2
(52, 62)
-> Request 1
635
(4, 3, 1)
1
(20, 47)
-> Request 2
930
(4, 1, 1)
2
(12, 15)
-> Request 3
1326
(4, 2, 1)
2
(55, 51)
--> Day : 4
-> Request 0
228
(4, 2, 1)
3
(26, 14)
-> Request 1
486
(4, 3, 1)
3
(39, 2)
-> Request 2
901
(4, 2, 1)
1
(47, 24)
-> Request 3
1031
(4, 1, 1)
3
(24, 32)
-> Request 4
1132
(4, 1, 1)
3
(34, 20)
---> Week : 7
--> Day : 0
-> Request 0
427
(4, 1, 1)
3
(20, 63)
-> Request 1
694
(4, 3, 1)
1
(9, 33)
-> Request 2
1047
(4, 2, 1)
1
(42, 0)
-> Request 3
1145
(4, 2, 1)
1
(55, 52)
-> Request 4
1159
(4, 1, 1)
2
(22, 76)
-> Request 5
1387
(4, 1, 1)
2
(4, 7)
-> Request 6
1431
(4, 1, 1)
3
(53, 48)
--> Day : 1
-> Request 0
31
(4, 3, 1)
1
(65, 15)
-> Request 1
134
(4, 2, 1)
1
(49, 33)
-> Request 2
293
(4, 1, 1)
3
(18, 75)
-> Request 3
447
(4, 1, 1)
2
(16, 57)
-> Request 4
674
(4, 2, 1)
2
(67, 77)
-> Request 5
847
(4, 3, 1)
2
(59, 20)
-> Request 6
1073
(4, 2, 1)
1
(29, 44)
--> Day : 2
-> Request 0
211
(4, 3, 1)
3
(43, 57)
-> Request 1
401
(4, 3, 1)
1
(16, 8)
-> Request 2
609
(4, 3, 1)
3
(1, 17)
-> Request 3
1013
(4, 1, 1)
1
(2, 31)
-> Request 4
1043
(4, 1, 1)
3
(9, 26)
-> Request 5
1271
(4, 2, 1)
1
(54, 16)
-> Request 6
1316
(4, 1, 1)
1
(38, 76)
-> Request 7
1352
(4, 1, 1)
2
(39, 69)
--> Day : 3
-> Request 0
338
(4, 3, 1)
2
(39, 67)
-> Request 1
370
(4, 3, 1)
3
(68, 28)
-> Request 2
698
(4, 2, 1)
2
(20, 32)
-> Request 3
856
(4, 2, 1)
1
(23, 64)
-> Request 4
999
(4, 1, 1)
3
(62, 44)
-> Request 5
1026
(4, 1, 1)
1
(72, 72)
-> Request 6
1134
(4, 1, 1)
3
(76, 6)
-> Request 7
1370
(4, 3, 1)
2
(66, 60)
--> Day : 4
-> Request 0
62
(4, 2, 1)
3
(55, 29)
-> Request 1
201
(4, 2, 1)
2
(29, 10)
---> Week : 8
--> Day : 0
-> Request 0
2
(4, 1, 1)
2
(55, 40)
-> Request 1
300
(4, 1, 1)
1
(20, 32)
-> Request 2
365
(4, 3, 1)
1
(47, 37)
-> Request 3
540
(4, 2, 1)
1
(1, 75)
-> Request 4
723
(4, 1, 1)
2
(36, 77)
-> Request 5
805
(4, 2, 1)
1
(59, 33)
-> Request 6
1071
(4, 1, 1)
1
(70, 21)
-> Request 7
1417
(4, 2, 1)
3
(66, 41)
--> Day : 1
-> Request 0
414
(4, 3, 1)
1
(64, 37)
-> Request 1
441
(4, 3, 1)
2
(50, 16)
-> Request 2
501
(4, 2, 1)
3
(33, 6)
-> Request 3
817
(4, 2, 1)
3
(52, 25)
-> Request 4
1401
(4, 3, 1)
2
(0, 17)
--> Day : 2
-> Request 0
194
(4, 3, 1)
1
(12, 12)
-> Request 1
203
(4, 1, 1)
1
(12, 1)
-> Request 2
504
(4, 2, 1)
3
(77, 26)
-> Request 3
511
(4, 3, 1)
3
(27, 49)
-> Request 4
652
(4, 1, 1)
2
(77, 68)
-> Request 5
896
(4, 2, 1)
1
(0, 73)
-> Request 6
978
(4, 3, 1)
1
(11, 1)
-> Request 7
1004
(4, 1, 1)
3
(10, 55)
-> Request 8
1292
(4, 1, 1)
3
(72, 55)
--> Day : 3
-> Request 0
0
(4, 2, 1)
2
(49, 79)
-> Request 1
90
(4, 1, 1)
2
(72, 62)
-> Request 2
336
(4, 2, 1)
1
(56, 49)
-> Request 3
485
(4, 3, 1)
1
(13, 6)
-> Request 4
618
(4, 1, 1)
2
(45, 40)
-> Request 5
763
(4, 2, 1)
3
(56, 78)
-> Request 6
1052
(4, 2, 1)
3
(48, 20)
-> Request 7
1363
(4, 1, 1)
3
(54, 59)
-> Request 8
1385
(4, 2, 1)
3
(51, 28)
--> Day : 4
-> Request 0
161
(4, 1, 1)
1
(39, 72)
-> Request 1
273
(4, 3, 1)
3
(18, 31)
-> Request 2
642
(4, 1, 1)
2
(32, 47)
-> Request 3
1250
(4, 1, 1)
2
(29, 7)
-> Request 4
1300
(4, 1, 1)
1
(18, 65)
-> Request 5
1315
(4, 2, 1)
1
(47, 47)
---> Week : 9
--> Day : 0
-> Request 0
36
(4, 3, 1)
1
(46, 67)
-> Request 1
453
(4, 2, 1)
3
(28, 63)
-> Request 2
1006
(4, 2, 1)
3
(33, 47)
-> Request 3
1391
(4, 1, 1)
1
(31, 50)
--> Day : 1
-> Request 0
295
(4, 1, 1)
3
(37, 51)
-> Request 1
535
(4, 2, 1)
2
(55, 37)
-> Request 2
571
(4, 3, 1)
2
(14, 41)
-> Request 3
659
(4, 1, 1)
2
(0, 40)
-> Request 4
744
(4, 2, 1)
1
(40, 74)
-> Request 5
761
(4, 3, 1)
3
(12, 36)
-> Request 6
834
(4, 2, 1)
3
(22, 24)
-> Request 7
1214
(4, 1, 1)
2
(73, 13)
-> Request 8
1297
(4, 3, 1)
2
(29, 15)
--> Day : 2
-> Request 0
107
(4, 1, 1)
2
(25, 5)
-> Request 1
302
(4, 2, 1)
3
(15, 73)
-> Request 2
339
(4, 2, 1)
2
(17, 44)
-> Request 3
357
(4, 1, 1)
3
(2, 0)
-> Request 4
619
(4, 1, 1)
2
(46, 13)
-> Request 5
838
(4, 2, 1)
3
(56, 12)
-> Request 6
999
(4, 3, 1)
2
(46, 76)
--> Day : 3
-> Request 0
26
(4, 3, 1)
3
(76, 54)
-> Request 1
73
(4, 1, 1)
3
(34, 56)
-> Request 2
190
(4, 1, 1)
1
(35, 70)
-> Request 3
219
(4, 1, 1)
1
(16, 44)
-> Request 4
346
(4, 2, 1)
2
(51, 47)
-> Request 5
872
(4, 1, 1)
2
(17, 73)
-> Request 6
1065
(4, 3, 1)
3
(66, 31)
-> Request 7
1281
(4, 2, 1)
3
(7, 46)
--> Day : 4
-> Request 0
345
(4, 1, 1)
3
(33, 59)
-> Request 1
515
(4, 1, 1)
3
(20, 62)
-> Request 2
601
(4, 3, 1)
1
(6, 53)
-> Request 3
841
(4, 2, 1)
3
(37, 58)
---> Week : 10
--> Day : 0
-> Request 0
272
(4, 2, 1)
2
(27, 49)
-> Request 1
311
(4, 1, 1)
3
(74, 64)
-> Request 2
487
(4, 3, 1)
1
(2, 19)
-> Request 3
519
(4, 3, 1)
3
(20, 76)
-> Request 4
739
(4, 3, 1)
2
(59, 4)
-> Request 5
998
(4, 2, 1)
2
(48, 37)
--> Day : 1
-> Request 0
1263
(4, 2, 1)
1
(7, 76)
-> Request 1
1290
(4, 3, 1)
2
(58, 75)
--> Day : 2
-> Request 0
29
(4, 3, 1)
3
(8, 2)
-> Request 1
182
(4, 3, 1)
2
(19, 65)
-> Request 2
213
(4, 1, 1)
3
(69, 3)
-> Request 3
472
(4, 2, 1)
2
(15, 52)
--> Day : 3
-> Request 0
370
(4, 3, 1)
3
(45, 29)
-> Request 1
635
(4, 2, 1)
2
(36, 78)
-> Request 2
1144
(4, 1, 1)
2
(75, 46)
-> Request 3
1194
(4, 3, 1)
3
(77, 12)
-> Request 4
1229
(4, 2, 1)
3
(19, 59)
--> Day : 4
-> Request 0
150
(4, 3, 1)
3
(1, 38)
-> Request 1
351
(4, 1, 1)
2
(13, 33)
-> Request 2
685
(4, 3, 1)
1
(41, 52)
-> Request 3
706
(4, 2, 1)
3
(16, 35)
-> Request 4
923
(4, 2, 1)
3
(65, 14)
-> Request 5
1286
(4, 3, 1)
1
(40, 58)
-> Request 6
1320
(4, 3, 1)
3
(52, 62)
-> Request 7
1428
(4, 2, 1)
1
(24, 60)
---> Week : 11
--> Day : 0
-> Request 0
523
(4, 2, 1)
3
(32, 69)
-> Request 1
846
(4, 2, 1)
1
(42, 46)
-> Request 2
1165
(4, 3, 1)
1
(63, 78)
-> Request 3
1336
(4, 2, 1)
2
(38, 68)
--> Day : 1
-> Request 0
443
(4, 2, 1)
1
(57, 44)
-> Request 1
496
(4, 3, 1)
3
(77, 45)
-> Request 2
676
(4, 1, 1)
2
(16, 50)
-> Request 3
762
(4, 3, 1)
1
(74, 20)
-> Request 4
973
(4, 1, 1)
1
(58, 77)
-> Request 5
1013
(4, 2, 1)
2
(40, 54)
-> Request 6
1034
(4, 1, 1)
3
(39, 68)
--> Day : 2
-> Request 0
318
(4, 2, 1)
3
(31, 43)
-> Request 1
542
(4, 1, 1)
1
(52, 44)
-> Request 2
639
(4, 2, 1)
1
(25, 28)
-> Request 3
1124
(4, 3, 1)
2
(69, 49)
--> Day : 3
-> Request 0
486
(4, 3, 1)
3
(75, 56)
-> Request 1
507
(4, 1, 1)
1
(13, 1)
-> Request 2
903
(4, 3, 1)
3
(33, 23)
-> Request 3
1067
(4, 3, 1)
1
(7, 26)
-> Request 4
1268
(4, 3, 1)
3
(8, 63)
-> Request 5
1372
(4, 3, 1)
2
(28, 59)
--> Day : 4
-> Request 0
1251
(4, 2, 1)
2
(6, 60)
-> Request 1
1357
(4, 2, 1)
1
(41, 50)
---> Week : 12
--> Day : 0
-> Request 0
384
(4, 2, 1)
2
(79, 36)
-> Request 1
463
(4, 1, 1)
1
(74, 33)
-> Request 2
660
(4, 2, 1)
3
(60, 69)
-> Request 3
698
(4, 1, 1)
3
(37, 19)
-> Request 4
917
(4, 3, 1)
2
(37, 65)
-> Request 5
957
(4, 3, 1)
3
(13, 78)
-> Request 6
969
(4, 3, 1)
1
(22, 44)
-> Request 7
1047
(4, 3, 1)
3
(65, 23)
-> Request 8
1368
(4, 1, 1)
2
(78, 11)
-> Request 9
1424
(4, 2, 1)
1
(66, 69)
--> Day : 1
-> Request 0
20
(4, 1, 1)
3
(62, 78)
-> Request 1
261
(4, 1, 1)
1
(12, 72)
-> Request 2
375
(4, 3, 1)
1
(35, 62)
-> Request 3
537
(4, 2, 1)
2
(40, 38)
-> Request 4
858
(4, 3, 1)
2
(62, 73)
-> Request 5
1132
(4, 2, 1)
2
(57, 0)
-> Request 6
1379
(4, 2, 1)
1
(56, 19)
--> Day : 2
-> Request 0
103
(4, 3, 1)
3
(25, 42)
-> Request 1
174
(4, 1, 1)
3
(61, 60)
-> Request 2
445
(4, 3, 1)
3
(63, 55)
-> Request 3
716
(4, 3, 1)
1
(14, 23)
-> Request 4
782
(4, 2, 1)
1
(60, 10)
-> Request 5
1053
(4, 2, 1)
2
(22, 67)
--> Day : 3
-> Request 0
856
(4, 3, 1)
1
(17, 37)
-> Request 1
1120
(4, 1, 1)
3
(76, 43)
-> Request 2
1261
(4, 3, 1)
1
(49, 75)
--> Day : 4
-> Request 0
299
(4, 1, 1)
2
(48, 1)
-> Request 1
408
(4, 2, 1)
1
(29, 79)
-> Request 2
608
(4, 3, 1)
2
(49, 16)
-> Request 3
709
(4, 3, 1)
3
(24, 78)
-> Request 4
781
(4, 1, 1)
3
(42, 17)
-> Request 5
1193
(4, 2, 1)
1
(62, 10)
---> Week : 13
--> Day : 0
-> Request 0
973
(4, 3, 1)
2
(2, 78)
-> Request 1
1322
(4, 1, 1)
2
(33, 50)
-> Request 2
1414
(4, 2, 1)
2
(2, 60)
--> Day : 1
-> Request 0
173
(4, 3, 1)
2
(46, 75)
-> Request 1
180
(4, 2, 1)
3
(43, 8)
-> Request 2
301
(4, 2, 1)
3
(37, 0)
-> Request 3
331
(4, 1, 1)
1
(60, 28)
-> Request 4
338
(4, 3, 1)
2
(16, 29)
-> Request 5
455
(4, 2, 1)
1
(38, 75)
-> Request 6
808
(4, 1, 1)
1
(62, 76)
-> Request 7
996
(4, 3, 1)
1
(66, 76)
-> Request 8
1215
(4, 2, 1)
1
(56, 57)
-> Request 9
1419
(4, 1, 1)
2
(40, 18)
--> Day : 2
-> Request 0
876
(4, 3, 1)
2
(55, 58)
-> Request 1
1269
(4, 3, 1)
2
(33, 70)
-> Request 2
1397
(4, 2, 1)
3
(10, 65)
--> Day : 3
-> Request 0
70
(4, 1, 1)
1
(71, 0)
-> Request 1
173
(4, 2, 1)
3
(69, 59)
-> Request 2
306
(4, 3, 1)
1
(33, 10)
-> Request 3
427
(4, 2, 1)
3
(73, 20)
-> Request 4
539
(4, 3, 1)
2
(70, 71)
-> Request 5
818
(4, 3, 1)
1
(53, 10)
-> Request 6
1099
(4, 3, 1)
1
(68, 32)
-> Request 7
1146
(4, 3, 1)
1
(70, 25)
-> Request 8
1362
(4, 2, 1)
2
(60, 6)
--> Day : 4
-> Request 0
93
(4, 2, 1)
1
(19, 62)
-> Request 1
376
(4, 2, 1)
2
(28, 56)
-> Request 2
859
(4, 3, 1)
3
(31, 72)
---> Week : 14
--> Day : 0
-> Request 0
47
(4, 2, 1)
1
(19, 8)
-> Request 1
203
(4, 2, 1)
2
(37, 46)
-> Request 2
287
(4, 1, 1)
3
(7, 53)
-> Request 3
464
(4, 2, 1)
2
(0, 15)
-> Request 4
494
(4, 1, 1)
3
(11, 36)
-> Request 5
702
(4, 3, 1)
2
(10, 14)
-> Request 6
805
(4, 1, 1)
1
(77, 70)
--> Day : 1
-> Request 0
64
(4, 2, 1)
3
(34, 6)
-> Request 1
419
(4, 3, 1)
3
(19, 74)
-> Request 2
869
(4, 3, 1)
3
(16, 5)
-> Request 3
929
(4, 3, 1)
3
(26, 2)
-> Request 4
1136
(4, 3, 1)
3
(35, 59)
-> Request 5
1140
(4, 3, 1)
2
(59, 40)
-> Request 6
1285
(4, 2, 1)
1
(58, 26)
--> Day : 2
-> Request 0
44
(4, 2, 1)
1
(63, 17)
-> Request 1
274
(4, 2, 1)
1
(45, 22)
-> Request 2
291
(4, 2, 1)
1
(74, 32)
-> Request 3
386
(4, 3, 1)
2
(63, 58)
-> Request 4
747
(4, 1, 1)
2
(8, 26)
-> Request 5
900
(4, 3, 1)
2
(79, 18)
-> Request 6
1004
(4, 3, 1)
2
(65, 77)
-> Request 7
1141
(4, 1, 1)
1
(14, 38)
-> Request 8
1411
(4, 3, 1)
1
(45, 24)
--> Day : 3
-> Request 0
668
(4, 2, 1)
3
(16, 23)
-> Request 1
780
(4, 3, 1)
2
(56, 10)
-> Request 2
1226
(4, 2, 1)
2
(75, 11)
--> Day : 4
-> Request 0
20
(4, 2, 1)
1
(37, 41)
-> Request 1
368
(4, 2, 1)
1
(69, 63)
-> Request 2
488
(4, 3, 1)
1
(0, 4)
-> Request 3
535
(4, 3, 1)
1
(43, 57)
-> Request 4
738
(4, 1, 1)
2
(2, 30)
-> Request 5
847
(4, 1, 1)
1
(56, 49)
-> Request 6
1068
(4, 3, 1)
1
(13, 23)
---> Week : 15
--> Day : 0
-> Request 0
51
(4, 3, 1)
1
(31, 45)
-> Request 1
89
(4, 2, 1)
2
(29, 17)
-> Request 2
271
(4, 3, 1)
2
(68, 50)
-> Request 3
519
(4, 1, 1)
1
(63, 33)
-> Request 4
727
(4, 2, 1)
3
(28, 3)
-> Request 5
988
(4, 2, 1)
1
(7, 34)
--> Day : 1
-> Request 0
235
(4, 1, 1)
1
(18, 60)
-> Request 1
617
(4, 2, 1)
1
(38, 59)
-> Request 2
802
(4, 3, 1)
3
(32, 33)
-> Request 3
1031
(4, 1, 1)
2
(3, 3)
-> Request 4
1082
(4, 3, 1)
3
(41, 68)
-> Request 5
1368
(4, 2, 1)
2
(30, 4)
-> Request 6
1371
(4, 2, 1)
2
(49, 12)
--> Day : 2
-> Request 0
32
(4, 2, 1)
1
(20, 48)
-> Request 1
200
(4, 1, 1)
3
(9, 64)
-> Request 2
613
(4, 2, 1)
3
(14, 48)
--> Day : 3
-> Request 0
4
(4, 3, 1)
3
(40, 34)
-> Request 1
235
(4, 2, 1)
3
(59, 44)
-> Request 2
364
(4, 2, 1)
3
(32, 41)
-> Request 3
407
(4, 1, 1)
2
(20, 1)
-> Request 4
661
(4, 1, 1)
3
(48, 47)
-> Request 5
999
(4, 3, 1)
1
(67, 32)
-> Request 6
1077
(4, 3, 1)
1
(25, 30)
-> Request 7
1261
(4, 1, 1)
1
(35, 44)
--> Day : 4
-> Request 0
321
(4, 1, 1)
1
(47, 38)
-> Request 1
1067
(4, 1, 1)
3
(78, 43)
---> Week : 16
--> Day : 0
-> Request 0
55
(4, 1, 1)
1
(76, 43)
-> Request 1
246
(4, 2, 1)
3
(5, 24)
-> Request 2
647
(4, 3, 1)
2
(38, 17)
-> Request 3
742
(4, 1, 1)
3
(25, 51)
-> Request 4
1012
(4, 1, 1)
2
(60, 15)
-> Request 5
1405
(4, 2, 1)
1
(5, 17)
--> Day : 1
-> Request 0
121
(4, 3, 1)
2
(66, 6)
-> Request 1
393
(4, 3, 1)
3
(14, 29)
-> Request 2
661
(4, 1, 1)
3
(17, 56)
-> Request 3
880
(4, 1, 1)
2
(79, 19)
-> Request 4
1087
(4, 1, 1)
1
(35, 49)
-> Request 5
1437
(4, 1, 1)
1
(2, 12)
--> Day : 2
-> Request 0
167
(4, 3, 1)
2
(30, 68)
-> Request 1
436
(4, 3, 1)
2
(1, 63)
-> Request 2
933
(4, 1, 1)
3
(16, 20)
-> Request 3
942
(4, 1, 1)
1
(74, 27)
-> Request 4
1026
(4, 1, 1)
3
(23, 77)
-> Request 5
1076
(4, 3, 1)
2
(44, 68)
-> Request 6
1121
(4, 3, 1)
1
(41, 75)
--> Day : 3
-> Request 0
509
(4, 1, 1)
3
(24, 29)
-> Request 1
1012
(4, 1, 1)
1
(73, 67)
-> Request 2
1137
(4, 1, 1)
1
(77, 68)
--> Day : 4
-> Request 0
86
(4, 1, 1)
1
(63, 77)
-> Request 1
927
(4, 1, 1)
2
(78, 38)
---> Week : 17
--> Day : 0
-> Request 0
125
(4, 1, 1)
1
(50, 62)
-> Request 1
417
(4, 3, 1)
2
(8, 38)
-> Request 2
627
(4, 1, 1)
2
(67, 5)
-> Request 3
683
(4, 1, 1)
1
(9, 46)
-> Request 4
696
(4, 1, 1)
1
(8, 14)
-> Request 5
829
(4, 3, 1)
3
(38, 53)
-> Request 6
849
(4, 3, 1)
2
(39, 68)
-> Request 7
937
(4, 3, 1)
2
(3, 58)
-> Request 8
1096
(4, 1, 1)
2
(42, 53)
-> Request 9
1220
(4, 1, 1)
2
(34, 68)
--> Day : 1
-> Request 0
194
(4, 2, 1)
3
(59, 71)
-> Request 1
264
(4, 2, 1)
1
(72, 3)
-> Request 2
638
(4, 3, 1)
1
(16, 76)
-> Request 3
658
(4, 3, 1)
3
(11, 45)
-> Request 4
739
(4, 2, 1)
3
(27, 22)
-> Request 5
1006
(4, 2, 1)
2
(45, 2)
-> Request 6
1102
(4, 2, 1)
3
(36, 37)
--> Day : 2
-> Request 0
162
(4, 3, 1)
2
(68, 7)
-> Request 1
495
(4, 2, 1)
2
(10, 41)
-> Request 2
572
(4, 3, 1)
1
(36, 73)
-> Request 3
632
(4, 2, 1)
3
(24, 43)
-> Request 4
828
(4, 2, 1)
3
(76, 59)
-> Request 5
849
(4, 2, 1)
2
(18, 55)
-> Request 6
1230
(4, 3, 1)
1
(0, 20)
--> Day : 3
-> Request 0
615
(4, 3, 1)
3
(24, 9)
-> Request 1
679
(4, 1, 1)
1
(71, 74)
-> Request 2
785
(4, 2, 1)
1
(64, 16)
-> Request 3
1133
(4, 2, 1)
1
(41, 19)
-> Request 4
1247
(4, 1, 1)
3
(13, 11)
--> Day : 4
-> Request 0
67
(4, 2, 1)
1
(25, 10)
-> Request 1
342
(4, 1, 1)
3
(58, 28)
-> Request 2
376
(4, 3, 1)
2
(74, 70)
-> Request 3
591
(4, 2, 1)
1
(57, 22)
-> Request 4
1054
(4, 1, 1)
2
(2, 2)
-> Request 5
1150
(4, 1, 1)
1
(21, 75)
-> Request 6
1425
(4, 2, 1)
3
(49, 59)
---> Week : 18
--> Day : 0
-> Request 0
297
(4, 3, 1)
2
(55, 62)
-> Request 1
393
(4, 2, 1)
2
(49, 36)
-> Request 2
503
(4, 2, 1)
2
(8, 78)
-> Request 3
708
(4, 2, 1)
2
(19, 15)
-> Request 4
733
(4, 1, 1)
3
(20, 8)
-> Request 5
1030
(4, 3, 1)
2
(53, 27)
-> Request 6
1191
(4, 2, 1)
1
(61, 65)
-> Request 7
1258
(4, 1, 1)
1
(17, 13)
--> Day : 1
-> Request 0
129
(4, 3, 1)
3
(78, 15)
-> Request 1
241
(4, 1, 1)
3
(64, 73)
-> Request 2
329
(4, 1, 1)
1
(64, 65)
-> Request 3
343
(4, 3, 1)
3
(17, 14)
-> Request 4
781
(4, 3, 1)
1
(35, 79)
-> Request 5
813
(4, 3, 1)
3
(79, 50)
-> Request 6
1372
(4, 1, 1)
2
(74, 60)
-> Request 7
1425
(4, 3, 1)
3
(25, 5)
--> Day : 2
-> Request 0
382
(4, 2, 1)
3
(43, 69)
-> Request 1
553
(4, 3, 1)
3
(71, 9)
-> Request 2
644
(4, 2, 1)
1
(5, 7)
-> Request 3
1020
(4, 1, 1)
1
(26, 18)
--> Day : 3
-> Request 0
208
(4, 2, 1)
2
(63, 3)
-> Request 1
526
(4, 1, 1)
2
(58, 75)
-> Request 2
743
(4, 1, 1)
3
(78, 7)
-> Request 3
1198
(4, 1, 1)
2
(32, 18)
-> Request 4
1207
(4, 1, 1)
2
(75, 66)
-> Request 5
1436
(4, 1, 1)
2
(24, 9)
--> Day : 4
-> Request 0
312
(4, 1, 1)
3
(74, 24)
-> Request 1
478
(4, 1, 1)
2
(44, 34)
-> Request 2
575
(4, 1, 1)
1
(40, 36)
-> Request 3
658
(4, 3, 1)
2
(69, 55)
-> Request 4
699
(4, 3, 1)
1
(59, 69)
-> Request 5
888
(4, 3, 1)
1
(49, 3)
-> Request 6
1159
(4, 2, 1)
1
(72, 32)
-> Request 7
1370
(4, 2, 1)
2
(4, 23)
---> Week : 19
--> Day : 0
-> Request 0
7
(4, 3, 1)
3
(71, 65)
-> Request 1
226
(4, 3, 1)
3
(16, 69)
-> Request 2
381
(4, 3, 1)
2
(60, 32)
-> Request 3
753
(4, 3, 1)
3
(3, 50)
-> Request 4
805
(4, 2, 1)
2
(10, 37)
-> Request 5
1045
(4, 2, 1)
1
(78, 41)
--> Day : 1
-> Request 0
84
(4, 2, 1)
2
(4, 9)
-> Request 1
211
(4, 2, 1)
2
(3, 34)
-> Request 2
301
(4, 1, 1)
3
(23, 62)
-> Request 3
337
(4, 2, 1)
2
(41, 37)
-> Request 4
535
(4, 2, 1)
2
(72, 21)
-> Request 5
1220
(4, 2, 1)
1
(25, 13)
-> Request 6
1327
(4, 2, 1)
3
(31, 18)
--> Day : 2
-> Request 0
60
(4, 3, 1)
3
(2, 60)
-> Request 1
642
(4, 2, 1)
2
(75, 50)
-> Request 2
911
(4, 2, 1)
3
(9, 76)
-> Request 3
1050
(4, 1, 1)
1
(34, 50)
-> Request 4
1083
(4, 3, 1)
1
(57, 61)
-> Request 5
1102
(4, 1, 1)
3
(27, 52)
--> Day : 3
-> Request 0
367
(4, 1, 1)
3
(23, 50)
-> Request 1
726
(4, 2, 1)
3
(40, 40)
-> Request 2
1282
(4, 3, 1)
3
(69, 4)
-> Request 3
1347
(4, 3, 1)
2
(59, 27)
--> Day : 4
-> Request 0
83
(4, 2, 1)
3
(56, 76)
-> Request 1
320
(4, 1, 1)
2
(20, 14)
-> Request 2
374
(4, 1, 1)
3
(55, 36)
-> Request 3
475
(4, 1, 1)
1
(34, 31)
-> Request 4
650
(4, 1, 1)
3
(43, 77)
