---> Week : 0
--> Day : 0
-> Request 0
347
(4, 3, 1)
1
(68, 59)
-> Request 1
562
(4, 2, 1)
3
(74, 31)
-> Request 2
760
(4, 3, 1)
2
(55, 25)
-> Request 3
1195
(4, 3, 1)
3
(57, 8)
-> Request 4
1321
(4, 2, 1)
2
(60, 73)
--> Day : 1
-> Request 0
52
(4, 2, 1)
3
(13, 71)
-> Request 1
90
(4, 1, 1)
1
(78, 28)
-> Request 2
259
(4, 1, 1)
3
(14, 51)
-> Request 3
652
(4, 3, 1)
2
(32, 65)
-> Request 4
708
(4, 3, 1)
3
(10, 56)
-> Request 5
712
(4, 1, 1)
1
(51, 43)
-> Request 6
844
(4, 2, 1)
2
(15, 50)
-> Request 7
1096
(4, 1, 1)
3
(75, 76)
-> Request 8
1437
(4, 2, 1)
2
(69, 53)
--> Day : 2
-> Request 0
216
(4, 3, 1)
1
(3, 75)
-> Request 1
299
(4, 3, 1)
2
(45, 40)
-> Request 2
480
(4, 3, 1)
1
(43, 14)
-> Request 3
791
(4, 3, 1)
3
(37, 78)
-> Request 4
1183
(4, 1, 1)
3
(47, 46)
-> Request 5
1255
(4, 3, 1)
3
(73, 9)
--> Day : 3
-> Request 0
130
(4, 2, 1)
3
(20, 72)
-> Request 1
309
(4, 2, 1)
1
(50, 24)
-> Request 2
446
(4, 2, 1)
3
(70, 17)
-> Request 3
731
(4, 3, 1)
2
(55, 5)
-> Request 4
1009
(4, 2, 1)
3
(57, 40)
-> Request 5
1309
(4, 3, 1)
3
(46, 52)
--> Day : 4
-> Request 0
350
(4, 2, 1)
2
(61, 51)
-> Request 1
392
(4, 3, 1)
2
(21, 58)
-> Request 2
1146
(4, 3, 1)
1
(5, 19)
---> Week : 1
--> Day : 0
-> Request 0
361
(4, 1, 1)
1
(65, 20)
-> Request 1
719
(4, 3, 1)
2
(57, 23)
-> Request 2
944
(4, 1, 1)
1
(29, 15)
-> Request 3
967
(4, 1, 1)
2
(53, 43)
-> Request 4
1023
(4, 1, 1)
1
(73, 48)
-> Request 5
1031
(4, 2, 1)
2
(6, 38)
--> Day : 1
-> Request 0
80
(4, 3, 1)
2
(61, 70)
-> Request 1
355
(4, 3, 1)
1
(61, 36)
-> Request 2
370
(4, 1, 1)
2
(27, 63)
-> Request 3
464
(4, 2, 1)
2
(67, 47)
-> Request 4
1158
(4, 2, 1)
3
(34, 58)
--> Day : 2
-> Request 0
213
(4, 1, 1)
3
(55, 52)
-> Request 1
832
(4, 1, 1)
1
(76, 44)
-> Request 2
1117
(4, 3, 1)
1
(3, 26)
--> Day : 3
-> Request 0
136
(4, 1, 1)
3
(55, 17)
-> Request 1
713
(4, 2, 1)
2
(77, 40)
-> Request 2
761
(4, 1, 1)
1
(53, 44)
-> Request 3
988
(4, 3, 1)
2
(43, 19)
--> Day : 4
-> Request 0
71
(4, 3, 1)
1
(57, 15)
-> Request 1
117
(4, 1, 1)
2
(20, 29)
-> Request 2
133
(4, 1, 1)
2
(64, 11)
-> Request 3
300
(4, 3, 1)
3
(54, 50)
-> Request 4
394
(4, 2, 1)
2
(57, 78)
-> Request 5
656
(4, 1, 1)
2
(31, 75)
-> Request 6
837
(4, 1, 1)
3
(38, 48)
-> Request 7
958
(4, 1, 1)
2
(0, 14)
-> Request 8
1061
(4, 1, 1)
3
(58, 44)
-> Request 9
1286
(4, 2, 1)
2
(23, 22)
---> Week : 2
--> Day : 0
-> Request 0
17
(4, 2, 1)
2
(61, 53)
-> Request 1
122
(4, 2, 1)
1
(18, 26)
-> Request 2
206
(4, 2, 1)
3
(10, 19)
-> Request 3
482
(4, 3, 1)
2
(56, 15)
-> Request 4
632
(4, 1, 1)
2
(2, 79)
--> Day : 1
-> Request 0
337
(4, 2, 1)
3
(34, 23)
-> Request 1
604
(4, 3, 1)
1
(39, 77)
-> Request 2
614
(4, 1, 1)
3
(60, 3)
-> Request 3
638
(4, 1, 1)
1
(64, 14)
-> Request 4
859
(4, 3, 1)
1
(28, 54)
-> Request 5
1046
(4, 3, 1)
3
(2, 36)
-> Request 6
1113
(4, 1, 1)
3
(48, 7)
-> Request 7
1186
(4, 1, 1)
2
(52, 20)
--> Day : 2
-> Request 0
349
(4, 2, 1)
1
(7, 9)
-> Request 1
528
(4, 3, 1)
1
(41, 19)
-> Request 2
948
(4, 1, 1)
3
(53, 51)
--> Day : 3
-> Request 0
55
(4, 2, 1)
3
(62, 65)
-> Request 1
111
(4, 1, 1)
3
(8, 15)
-> Request 2
256
(4, 2, 1)
3
(25, 29)
-> Request 3
567
(4, 3, 1)
1
(69, 61)
-> Request 4
662
(4, 2, 1)
1
(44, 64)
-> Request 5
748
(4, 2, 1)
1
(8, 23)
-> Request 6
1275
(4, 1, 1)
2
(35, 34)
-> Request 7
1325
(4, 3, 1)
2
(6, 25)
--> Day : 4
-> Request 0
23
(4, 3, 1)
3
(63, 65)
-> Request 1
38
(4, 1, 1)
3
(35, 14)
-> Request 2
131
(4, 2, 1)
3
(57, 10)
-> Request 3
348
(4, 3, 1)
3
(39, 70)
-> Request 4
461
(4, 1, 1)
2
(63, 16)
-> Request 5
552
(4, 2, 1)
1
(68, 2)
-> Request 6
932
(4, 3, 1)
2
(29, 17)
-> Request 7
941
(4, 1, 1)
2
(66, 72)
---> Week : 3
--> Day : 0
-> Request 0
134
(4, 1, 1)
2
(50, 36)
-> Request 1
192
(4, 3, 1)
1
(56, 72)
-> Request 2
196
(4, 1, 1)
2
(39, 31)
-> Request 3
432
(4, 3, 1)
3
(5, 16)
-> Request 4
438
(4, 2, 1)
2
(77, 64)
-> Request 5
675
(4, 3, 1)
2
(15, 60)
-> Request 6
768
(4, 3, 1)
2
(53, 27)
-> Request 7
1197
(4, 1, 1)
2
(77, 8)
-> Request 8
1350
(4, 2, 1)
2
(15, 46)
-> Request 9
1371
(4, 2, 1)
1
(59, 9)
--> Day : 1
-> Request 0
10
(4, 2, 1)
3
(61, 33)
-> Request 1
172
(4, 2, 1)
2
(50, 3)
-> Request 2
301
(4, 3, 1)
1
(43, 0)
-> Request 3
447
(4, 1, 1)
1
(2, 59)
-> Request 4
1032
(4, 2, 1)
2
(63, 57)
--> Day : 2
-> Request 0
238
(4, 2, 1)
1
(39, 7)
-> Request 1
521
(4, 3, 1)
1
(28, 9)
-> Request 2
599
(4, 1, 1)
2
(13, 38)
-> Request 3
1020
(4, 1, 1)
1
(34, 19)
-> Request 4
1323
(4, 2, 1)
1
(34, 32)
--> Day : 3
-> Request 0
789
(4, 3, 1)
1
(22, 36)
-> Request 1
1243
(4, 3, 1)
2
(22, 13)
-> Request 2
1352
(4, 2, 1)
1
(45, 23)
-> Request 3
1427
(4, 2, 1)
1
(31, 40)
--> Day : 4
-> Request 0
11
(4, 1, 1)
1
(42, 32)
-> Request 1
45
(4, 2, 1)
2
(64, 33)
-> Request 2
274
(4, 3, 1)
1
(61, 75)
-> Request 3
827
(4, 3, 1)
1
(62, 39)
-> Request 4
1187
(4, 3, 1)
1
(57, 76)
-> Request 5
1208
(4, 3, 1)
3
(68, 17)
-> Request 6
1221
(4, 2, 1)
1
(78, 54)
-> Request 7
1416
(4, 1, 1)
1
(26, 47)
---> Week : 4
--> Day : 0
-> Request 0
691
(4, 3, 1)
2
(36, 23)
--> Day : 1
-> Request 0
92
(4, 2, 1)
1
(77, 57)
-> Request 1
317
(4, 2, 1)
3
(62, 62)
-> Request 2
539
(4, 3, 1)
3
(35, 25)
-> Request 3
588
(4, 1, 1)
3
(8, 19)
-> Request 4
601
(4, 3, 1)
3
(55, 72)
-> Request 5
805
(4, 1, 1)
3
(66, 75)
--> Day : 2
-> Request 0
80
(4, 1, 1)
3
(6, 69)
-> Request 1
81
(4, 1, 1)
1
(34, 40)
-> Request 2
413
(4, 2, 1)
2
(55, 17)
-> Request 3
414
(4, 1, 1)
3
(16, 0)
-> Request 4
1087
(4, 1, 1)
3
(21, 48)
-> Request 5
1129
(4, 1, 1)
1
(46, 23)
-> Request 6
1341
(4, 2, 1)
2
(68, 25)
-> Request 7
1380
(4, 1, 1)
2
(32, 73)
--> Day : 3
-> Request 0
338
(4, 3, 1)
3
(66, 19)
-> Request 1
715
(4, 1, 1)
3
(72, 45)
-> Request 2
731
(4, 1, 1)
1
(16, 78)
-> Request 3
814
(4, 3, 1)
2
(39, 40)
-> Request 4
823
(4, 3, 1)
1
(12, 50)
--> Day : 4
-> Request 0
7
(4, 3, 1)
1
(21, 38)
-> Request 1
37
(4, 3, 1)
1
(8, 50)
-> Request 2
50
(4, 2, 1)
2
(58, 47)
-> Request 3
57
(4, 2, 1)
3
(62, 77)
-> Request 4
441
(4, 2, 1)
3
(20, 32)
-> Request 5
746
(4, 3, 1)
1
(47, 2)
-> Request 6
812
(4, 3, 1)
1
(54, 25)
-> Request 7
998
(4, 1, 1)
3
(14, 76)
-> Request 8
1039
(4, 3, 1)
3
(46, 63)
-> Request 9
1045
(4, 2, 1)
1
(9, 35)
---> Week : 5
--> Day : 0
-> Request 0
173
(4, 3, 1)
2
(69, 79)
-> Request 1
200
(4, 1, 1)
3
(68, 42)
-> Request 2
236
(4, 3, 1)
3
(3, 7)
-> Request 3
737
(4, 3, 1)
1
(57, 43)
-> Request 4
949
(4, 1, 1)
1
(67, 49)
-> Request 5
1128
(4, 1, 1)
2
(69, 16)
-> Request 6
1177
(4, 1, 1)
2
(22, 27)
--> Day : 1
-> Request 0
63
(4, 3, 1)
1
(79, 47)
-> Request 1
239
(4, 2, 1)
1
(76, 66)
-> Request 2
815
(4, 2, 1)
2
(49, 42)
-> Request 3
818
(4, 3, 1)
3
(67, 63)
-> Request 4
838
(4, 1, 1)
3
(46, 69)
-> Request 5
941
(4, 3, 1)
1
(37, 58)
-> Request 6
1063
(4, 3, 1)
1
(11, 63)
-> Request 7
1144
(4, 1, 1)
3
(66, 69)
--> Day : 2
-> Request 0
604
(4, 2, 1)
2
(53, 59)
-> Request 1
1145
(4, 3, 1)
1
(45, 54)
-> Request 2
1174
(4, 3, 1)
1
(49, 52)
-> Request 3
1333
(4, 1, 1)
3
(29, 31)
--> Day : 3
-> Request 0
97
(4, 2, 1)
2
(7, 21)
-> Request 1
213
(4, 1, 1)
1
(66, 44)
-> Request 2
1201
(4, 2, 1)
3
(69, 53)
--> Day : 4
-> Request 0
379
(4, 1, 1)
1
(11, 17)
-> Request 1
450
(4, 2, 1)
1
(22, 19)
-> Request 2
482
(4, 2, 1)
1
(35, 51)
-> Request 3
496
(4, 3, 1)
3
(75, 16)
---> Week : 6
--> Day : 0
-> Request 0
67
(4, 1, 1)
1
(53, 23)
-> Request 1
293
(4, 2, 1)
3
(64, 56)
-> Request 2
451
(4, 2, 1)
2
(54, 66)
-> Request 3
1181
(4, 1, 1)
2
(46, 63)
-> Request 4
1181
(4, 1, 1)
3
(36, 34)
-> Request 5
1182
(4, 1, 1)
2
(41, 30)
--> Day : 1
-> Request 0
70
(4, 2, 1)
2
(71, 13)
-> Request 1
455
(4, 2, 1)
3
(44, 46)
-> Request 2
534
(4, 2, 1)
3
(57, 65)
-> Request 3
691
(4, 3, 1)
1
(25, 45)
-> Request 4
823
(4, 1, 1)
2
(19, 52)
-> Request 5
899
(4, 1, 1)
1
(51, 42)
--> Day : 2
-> Request 0
1
(4, 2, 1)
2
(67, 32)
-> Request 1
61
(4, 2, 1)
3
(25, 34)
-> Request 2
212
(4, 2, 1)
1
(60, 43)
-> Request 3
390
(4, 3, 1)
3
(47, 43)
-> Request 4
941
(4, 2, 1)
2
(51, 33)
-> Request 5
1228
(4, 1, 1)
1
(55, 65)
--> Day : 3
-> Request 0
171
(4, 2, 1)
3
(70, 10)
-> Request 1
312
(4, 2, 1)
1
(2, 6)
-> Request 2
544
(4, 3, 1)
1
(68, 22)
-> Request 3
678
(4, 3, 1)
2
(57, 30)
-> Request 4
746
(4, 2, 1)
2
(66, 55)
-> Request 5
810
(4, 1, 1)
3
(68, 73)
--> Day : 4
-> Request 0
61
(4, 2, 1)
3
(75, 48)
-> Request 1
211
(4, 2, 1)
2
(27, 39)
-> Request 2
434
(4, 1, 1)
3
(2, 22)
-> Request 3
896
(4, 3, 1)
2
(62, 61)
-> Request 4
1010
(4, 1, 1)
2
(64, 5)
-> Request 5
1054
(4, 1, 1)
1
(76, 9)
-> Request 6
1296
(4, 3, 1)
2
(62, 74)
-> Request 7
1411
(4, 2, 1)
1
(68, 49)
---> Week : 7
--> Day : 0
-> Request 0
210
(4, 2, 1)
2
(64, 57)
-> Request 1
363
(4, 3, 1)
3
(30, 67)
-> Request 2
576
(4, 3, 1)
2
(68, 39)
-> Request 3
640
(4, 1, 1)
2
(54, 32)
-> Request 4
767
(4, 1, 1)
1
(0, 64)
-> Request 5
783
(4, 2, 1)
1
(31, 24)
-> Request 6
849
(4, 2, 1)
3
(74, 64)
-> Request 7
859
(4, 3, 1)
3
(20, 61)
--> Day : 1
-> Request 0
79
(4, 1, 1)
2
(20, 47)
-> Request 1
195
(4, 3, 1)
1
(65, 49)
-> Request 2
468
(4, 3, 1)
3
(39, 3)
-> Request 3
550
(4, 1, 1)
3
(58, 58)
-> Request 4
607
(4, 1, 1)
3
(60, 8)
-> Request 5
920
(4, 2, 1)
1
(27, 34)
-> Request 6
971
(4, 1, 1)
1
(36, 78)
--> Day : 2
-> Request 0
119
(4, 3, 1)
3
(68, 16)
-> Request 1
321
(4, 3, 1)
2
(30, 16)
-> Request 2
604
(4, 1, 1)
1
(60, 11)
-> Request 3
796
(4, 3, 1)
3
(49, 11)
-> Request 4
865
(4, 3, 1)
2
(6, 76)
-> Request 5
901
(4, 1, 1)
1
(13, 26)
-> Request 6
1409
(4, 2, 1)
2
(26, 43)
--> Day : 3
-> Request 0
527
(4, 2, 1)
1
(31, 6)
-> Request 1
667
(4, 1, 1)
1
(75, 35)
-> Request 2
1343
(4, 3, 1)
1
(49, 67)
--> Day : 4
-> Request 0
418
(4, 3, 1)
3
(35, 15)
-> Request 1
457
(4, 2, 1)
1
(37, 62)
-> Request 2
464
(4, 1, 1)
1
(4, 3)
-> Request 3
595
(4, 2, 1)
3
(30, 34)
-> Request 4
974
(4, 3, 1)
1
(39, 64)
-> Request 5
1159
(4, 3, 1)
2
(24, 64)
-> Request 6
1251
(4, 1, 1)
2
(43, 40)
-> Request 7
1325
(4, 2, 1)
3
(5, 71)
---> Week : 8
--> Day : 0
-> Request 0
389
(4, 1, 1)
3
(65, 52)
-> Request 1
407
(4, 1, 1)
2
(3, 13)
-> Request 2
705
(4, 2, 1)
3
(35, 6)
-> Request 3
914
(4, 2, 1)
2
(76, 66)
-> Request 4
1019
(4, 3, 1)
2
(46, 77)
-> Request 5
1115
(4, 3, 1)
3
(78, 28)
-> Request 6
1165
(4, 1, 1)
1
(16, 7)
--> Day : 1
-> Request 0
168
(4, 1, 1)
1
(40, 30)
-> Request 1
220
(4, 3, 1)
1
(4, 27)
-> Request 2
395
(4, 1, 1)
2
(68, 16)
-> Request 3
512
(4, 1, 1)
3
(53, 9)
-> Request 4
961
(4, 2, 1)
2
(78, 18)
-> Request 5
1375
(4, 2, 1)
2
(13, 52)
--> Day : 2
-> Request 0
304
(4, 1, 1)
3
(66, 30)
-> Request 1
1232
(4, 1, 1)
2
(54, 50)
-> Request 2
1382
(4, 1, 1)
2
(36, 50)
--> Day : 3
-> Request 0
36
(4, 1, 1)
3
(25, 33)
-> Request 1
161
(4, 3, 1)
1
(72, 67)
-> Request 2
483
(4, 3, 1)
1
(47, 73)
-> Request 3
494
(4, 2, 1)
1
(38, 31)
-> Request 4
798
(4, 3, 1)
3
(30, 27)
-> Request 5
921
(4, 3, 1)
3
(57, 41)
-> Request 6
1093
(4, 3, 1)
1
(21, 22)
-> Request 7
1238
(4, 3, 1)
2
(44, 46)
-> Request 8
1261
(4, 1, 1)
3
(10, 49)
--> Day : 4
-> Request 0
123
(4, 2, 1)
3
(58, 2)
-> Request 1
221
(4, 1, 1)
3
(29, 79)
-> Request 2
249
(4, 3, 1)
1
(38, 29)
-> Request 3
309
(4, 3, 1)
3
(20, 29)
-> Request 4
621
(4, 1, 1)
1
(0, 78)
-> Request 5
1217
(4, 1, 1)
2
(8, 60)
---> Week : 9
--> Day : 0
-> Request 0
176
(4, 1, 1)
3
(34, 68)
-> Request 1
377
(4, 2, 1)
1
(55, 32)
-> Request 2
580
(4, 3, 1)
1
(53, 76)
-> Request 3
730
(4, 3, 1)
2
(77, 75)
-> Request 4
1031
(4, 3, 1)
2
(48, 27)
-> Request 5
1076
(4, 2, 1)
1
(39, 42)
-> Request 6
1200
(4, 1, 1)
2
(10, 24)
-> Request 7
1355
(4, 2, 1)
2
(30, 38)
--> Day : 1
-> Request 0
256
(4, 1, 1)
1
(63, 60)
-> Request 1
522
(4, 3, 1)
3
(43, 70)
-> Request 2
913
(4, 3, 1)
2
(51, 52)
-> Request 3
939
(4, 1, 1)
2
(67, 46)
-> Request 4
988
(4, 3, 1)
3
(21, 45)
--> Day : 2
-> Request 0
365
(4, 2, 1)
3
(16, 63)
-> Request 1
661
(4, 1, 1)
2
(61, 25)
-> Request 2
688
(4, 2, 1)
1
(7, 37)
-> Request 3
856
(4, 1, 1)
3
(45, 35)
-> Request 4
1420
(4, 2, 1)
2
(21, 51)
--> Day : 3
-> Request 0
176
(4, 1, 1)
1
(29, 59)
-> Request 1
205
(4, 3, 1)
1
(47, 64)
-> Request 2
431
(4, 3, 1)
2
(77, 17)
-> Request 3
1095
(4, 2, 1)
3
(26, 23)
-> Request 4
1095
(4, 1, 1)
2
(34, 57)
--> Day : 4
-> Request 0
585
(4, 1, 1)
2
(26, 15)
-> Request 1
624
(4, 2, 1)
2
(22, 58)
-> Request 2
798
(4, 1, 1)
2
(47, 30)
-> Request 3
955
(4, 3, 1)
1
(53, 4)
-> Request 4
1340
(4, 3, 1)
3
(63, 34)
---> Week : 10
--> Day : 0
-> Request 0
315
(4, 2, 1)
3
(78, 40)
-> Request 1
391
(4, 1, 1)
2
(26, 8)
-> Request 2
530
(4, 1, 1)
2
(31, 54)
-> Request 3
611
(4, 2, 1)
2
(41, 38)
-> Request 4
624
(4, 3, 1)
2
(79, 23)
-> Request 5
970
(4, 2, 1)
2
(61, 77)
-> Request 6
1026
(4, 2, 1)
1
(20, 29)
-> Request 7
1034
(4, 2, 1)
1
(14, 17)
-> Request 8
1049
(4, 1, 1)
2
(69, 44)
-> Request 9
1132
(4, 1, 1)
1
(50, 78)
--> Day : 1
-> Request 0
76
(4, 2, 1)
3
(69, 45)
-> Request 1
209
(4, 2, 1)
1
(34, 21)
-> Request 2
370
(4, 2, 1)
3
(15, 8)
-> Request 3
443
(4, 3, 1)
2
(47, 23)
-> Request 4
677
(4, 3, 1)
3
(15, 15)
-> Request 5
798
(4, 3, 1)
1
(52, 66)
-> Request 6
903
(4, 2, 1)
1
(67, 8)
-> Request 7
1184
(4, 2, 1)
2
(0, 10)
--> Day : 2
-> Request 0
164
(4, 1, 1)
1
(38, 11)
-> Request 1
838
(4, 1, 1)
3
(22, 62)
-> Request 2
916
(4, 1, 1)
1
(35, 14)
-> Request 3
942
(4, 2, 1)
3
(43, 25)
--> Day : 3
-> Request 0
386
(4, 3, 1)
3
(9, 47)
-> Request 1
815
(4, 2, 1)
2
(63, 77)
-> Request 2
832
(4, 2, 1)
3
(61, 12)
-> Request 3
1169
(4, 3, 1)
3
(69, 56)
-> Request 4
1230
(4, 2, 1)
1
(76, 29)
-> Request 5
1295
(4, 1, 1)
1
(54, 73)
--> Day : 4
-> Request 0
181
(4, 3, 1)
2
(67, 42)
-> Request 1
312
(4, 1, 1)
2
(34, 27)
-> Request 2
335
(4, 1, 1)
1
(43, 46)
-> Request 3
349
(4, 3, 1)
2
(16, 41)
-> Request 4
545
(4, 1, 1)
2
(19, 79)
-> Request 5
1030
(4, 2, 1)
3
(32, 78)
-> Request 6
1128
(4, 2, 1)
1
(75, 26)
---> Week : 11
--> Day : 0
-> Request 0
232
(4, 2, 1)
2
(47, 2)
-> Request 1
648
(4, 3, 1)
1
(22, 63)
-> Request 2
904
(4, 1, 1)
3
(70, 51)
-> Request 3
1220
(4, 1, 1)
1
(68, 26)
--> Day : 1
-> Request 0
295
(4, 1, 1)
2
(69, 53)
-> Request 1
595
(4, 3, 1)
1
(25, 21)
-> Request 2
896
(4, 1, 1)
2
(61, 14)
-> Request 3
1061
(4, 3, 1)
3
(9, 69)
-> Request 4
1150
(4, 1, 1)
2
(65, 47)
-> Request 5
1199
(4, 1, 1)
3
(19, 36)
--> Day : 2
-> Request 0
502
(4, 1, 1)
1
(14, 6)
-> Request 1
637
(4, 2, 1)
1
(27, 49)
-> Request 2
891
(4, 2, 1)
1
(44, 66)
-> Request 3
1065
(4, 3, 1)
1
(72, 21)
-> Request 4
1435
(4, 3, 1)
1
(29, 14)
--> Day : 3
-> Request 0
275
(4, 3, 1)
2
(74, 68)
-> Request 1
330
(4, 1, 1)
2
(61, 53)
-> Request 2
357
(4, 1, 1)
3
(50, 47)
-> Request 3
830
(4, 2, 1)
1
(12, 16)
-> Request 4
884
(4, 1, 1)
2
(4, 5)
-> Request 5
935
(4, 3, 1)
1
(30, 78)
-> Request 6
960
(4, 1, 1)
2
(15, 76)
-> Request 7
977
(4, 3, 1)
3
(26, 2)
-> Request 8
1374
(4, 3, 1)
3
(3, 69)
--> Day : 4
-> Request 0
838
(4, 1, 1)
2
(61, 4)
-> Request 1
867
(4, 3, 1)
3
(27, 30)
-> Request 2
1254
(4, 3, 1)
1
(48, 17)
---> Week : 12
--> Day : 0
-> Request 0
51
(4, 3, 1)
1
(26, 35)
-> Request 1
192
(4, 2, 1)
2
(9, 40)
-> Request 2
294
(4, 2, 1)
3
(40, 68)
-> Request 3
651
(4, 2, 1)
2
(12, 2)
-> Request 4
959
(4, 2, 1)
2
(28, 62)
-> Request 5
963
(4, 2, 1)
3
(62, 34)
-> Request 6
977
(4, 3, 1)
3
(54, 4)
-> Request 7
1090
(4, 1, 1)
1
(42, 1)
-> Request 8
1201
(4, 1, 1)
1
(29, 63)
--> Day : 1
-> Request 0
170
(4, 3, 1)
3
(4, 8)
-> Request 1
207
(4, 3, 1)
3
(68, 45)
-> Request 2
1320
(4, 3, 1)
2
(31, 17)
--> Day : 2
-> Request 0
115
(4, 1, 1)
2
(73, 10)
-> Request 1
284
(4, 3, 1)
1
(19, 13)
--> Day : 3
-> Request 0
266
(4, 1, 1)
2
(60, 25)
--> Day : 4
-> Request 0
383
(4, 3, 1)
1
(11, 77)
-> Request 1
401
(4, 1, 1)
2
(78, 67)
-> Request 2
488
(4, 3, 1)
2
(23, 70)
-> Request 3
637
(4, 1, 1)
1
(8, 46)
-> Request 4
856
(4, 3, 1)
2
(54, 53)
---> Week : 13
--> Day : 0
-> Request 0
647
(4, 2, 1)
2
(55, 73)
-> Request 1
844
(4, 1, 1)
2
(48, 35)
-> Request 2
948
(4, 3, 1)
3
(77, 72)
-> Request 3
1195
(4, 3, 1)
3
(9, 75)
-> Request 4
1352
(4, 2, 1)
3
(17, 65)
--> Day : 1
-> Request 0
323
(4, 3, 1)
3
(6, 49)
-> Request 1
389
(4, 2, 1)
1
(66, 58)
-> Request 2
469
(4, 1, 1)
3
(66, 68)
-> Request 3
476
(4, 3, 1)
3
(18, 50)
-> Request 4
914
(4, 1, 1)
1
(0, 50)
-> Request 5
1014
(4, 3, 1)
3
(25, 53)
--> Day : 2
-> Request 0
611
(4, 2, 1)
1
(54, 11)
-> Request 1
877
(4, 1, 1)
1
(37, 29)
-> Request 2
1291
(4, 2, 1)
1
(32, 2)
--> Day : 3
-> Request 0
229
(4, 3, 1)
3
(75, 20)
-> Request 1
303
(4, 1, 1)
2
(53, 14)
-> Request 2
372
(4, 2, 1)
3
(9, 39)
-> Request 3
672
(4, 3, 1)
1
(3, 22)
-> Request 4
980
(4, 1, 1)
1
(6, 0)
-> Request 5
980
(4, 1, 1)
2
(22, 30)
-> Request 6
1268
(4, 1, 1)
1
(38, 62)
--> Day : 4
-> Request 0
431
(4, 3, 1)
1
(29, 13)
-> Request 1
1013
(4, 1, 1)
3
(13, 54)
-> Request 2
1328
(4, 1, 1)
1
(46, 57)
---> Week : 14
--> Day : 0
-> Request 0
69
(4, 2, 1)
3
(72, 70)
-> Request 1
212
(4, 2, 1)
2
(2, 36)
-> Request 2
293
(4, 3, 1)
2
(35, 22)
-> Request 3
503
(4, 1, 1)
3
(21, 77)
-> Request 4
543
(4, 1, 1)
1
(57, 30)
-> Request 5
859
(4, 3, 1)
3
(35, 53)
-> Request 6
1115
(4, 3, 1)
3
(26, 17)
-> Request 7
1249
(4, 3, 1)
3
(9, 10)
--> Day : 1
-> Request 0
215
(4, 1, 1)
2
(70, 30)
-> Request 1
215
(4, 1, 1)
1
(70, 39)
-> Request 2
263
(4, 1, 1)
1
(53, 47)
-> Request 3
515
(4, 2, 1)
3
(71, 74)
-> Request 4
821
(4, 2, 1)
1
(50, 13)
-> Request 5
908
(4, 2, 1)
3
(3, 20)
-> Request 6
1062
(4, 1, 1)
1
(41, 13)
-> Request 7
1369
(4, 2, 1)
2
(46, 67)
--> Day : 2
-> Request 0
164
(4, 2, 1)
2
(72, 72)
-> Request 1
254
(4, 1, 1)
1
(15, 74)
-> Request 2
307
(4, 1, 1)
1
(12, 19)
-> Request 3
359
(4, 3, 1)
1
(53, 70)
-> Request 4
641
(4, 3, 1)
3
(62, 37)
-> Request 5
741
(4, 2, 1)
3
(17, 65)
-> Request 6
809
(4, 3, 1)
1
(69, 23)
-> Request 7
821
(4, 3, 1)
3
(30, 51)
-> Request 8
894
(4, 3, 1)
1
(60, 40)
-> Request 9
1046
(4, 2, 1)
1
(76, 33)
-> Request 10
1326
(4, 1, 1)
3
(46, 65)
--> Day : 3
-> Request 0
181
(4, 3, 1)
1
(46, 50)
-> Request 1
324
(4, 2, 1)
1
(53, 23)
-> Request 2
482
(4, 1, 1)
1
(47, 55)
-> Request 3
682
(4, 3, 1)
1
(17, 25)
-> Request 4
701
(4, 2, 1)
1
(36, 10)
-> Request 5
777
(4, 3, 1)
3
(71, 43)
-> Request 6
1107
(4, 2, 1)
3
(63, 22)
-> Request 7
1438
(4, 1, 1)
1
(18, 62)
--> Day : 4
-> Request 0
98
(4, 2, 1)
2
(69, 72)
-> Request 1
805
(4, 3, 1)
1
(47, 53)
-> Request 2
1259
(4, 1, 1)
3
(75, 20)
---> Week : 15
--> Day : 0
-> Request 0
133
(4, 3, 1)
1
(73, 66)
-> Request 1
265
(4, 3, 1)
2
(5, 58)
-> Request 2
472
(4, 1, 1)
2
(6, 4)
-> Request 3
515
(4, 1, 1)
2
(40, 77)
-> Request 4
548
(4, 2, 1)
2
(14, 8)
-> Request 5
624
(4, 3, 1)
1
(23, 56)
--> Day : 1
-> Request 0
100
(4, 1, 1)
1
(47, 20)
-> Request 1
152
(4, 2, 1)
1
(24, 35)
-> Request 2
174
(4, 3, 1)
1
(77, 25)
-> Request 3
590
(4, 3, 1)
1
(21, 61)
-> Request 4
594
(4, 3, 1)
3
(6, 62)
-> Request 5
845
(4, 1, 1)
2
(26, 44)
-> Request 6
1003
(4, 2, 1)
1
(28, 33)
-> Request 7
1283
(4, 2, 1)
1
(75, 74)
-> Request 8
1306
(4, 2, 1)
2
(12, 75)
-> Request 9
1339
(4, 2, 1)
1
(3, 65)
--> Day : 2
-> Request 0
124
(4, 1, 1)
2
(12, 46)
-> Request 1
523
(4, 1, 1)
2
(34, 69)
-> Request 2
1091
(4, 3, 1)
2
(21, 12)
--> Day : 3
-> Request 0
197
(4, 1, 1)
1
(64, 21)
-> Request 1
225
(4, 1, 1)
2
(75, 21)
-> Request 2
362
(4, 2, 1)
3
(47, 78)
-> Request 3
497
(4, 2, 1)
2
(65, 70)
-> Request 4
855
(4, 2, 1)
2
(78, 55)
-> Request 5
878
(4, 1, 1)
1
(53, 27)
-> Request 6
1360
(4, 2, 1)
1
(70, 33)
--> Day : 4
-> Request 0
384
(4, 3, 1)
2
(41, 69)
-> Request 1
755
(4, 3, 1)
1
(42, 61)
-> Request 2
905
(4, 3, 1)
3
(39, 70)
-> Request 3
991
(4, 1, 1)
3
(47, 65)
-> Request 4
1114
(4, 3, 1)
1
(55, 55)
-> Request 5
1217
(4, 3, 1)
1
(54, 6)
---> Week : 16
--> Day : 0
-> Request 0
109
(4, 3, 1)
2
(67, 33)
-> Request 1
423
(4, 1, 1)
2
(23, 58)
-> Request 2
644
(4, 1, 1)
2
(32, 32)
-> Request 3
917
(4, 2, 1)
1
(34, 49)
-> Request 4
1110
(4, 2, 1)
3
(3, 1)
-> Request 5
1302
(4, 2, 1)
2
(37, 71)
--> Day : 1
-> Request 0
176
(4, 1, 1)
3
(78, 62)
-> Request 1
287
(4, 2, 1)
3
(56, 5)
-> Request 2
466
(4, 2, 1)
3
(39, 67)
-> Request 3
579
(4, 1, 1)
1
(61, 32)
-> Request 4
581
(4, 2, 1)
1
(56, 48)
-> Request 5
630
(4, 1, 1)
2
(54, 20)
-> Request 6
719
(4, 2, 1)
2
(16, 15)
-> Request 7
959
(4, 2, 1)
3
(76, 64)
-> Request 8
969
(4, 2, 1)
2
(67, 11)
-> Request 9
1023
(4, 3, 1)
3
(0, 45)
-> Request 10
1247
(4, 2, 1)
1
(35, 75)
-> Request 11
1305
(4, 1, 1)
1
(60, 26)
--> Day : 2
-> Request 0
1152
(4, 3, 1)
2
(73, 40)
-> Request 1
1194
(4, 1, 1)
2
(74, 68)
-> Request 2
1202
(4, 2, 1)
3
(55, 52)
--> Day : 3
-> Request 0
250
(4, 2, 1)
3
(59, 73)
-> Request 1
284
(4, 2, 1)
2
(34, 27)
-> Request 2
357
(4, 3, 1)
2
(37, 17)
-> Request 3
867
(4, 2, 1)
3
(56, 13)
-> Request 4
901
(4, 1, 1)
3
(60, 16)
-> Request 5
1022
(4, 2, 1)
1
(19, 32)
-> Request 6
1089
(4, 1, 1)
1
(23, 68)
-> Request 7
1337
(4, 2, 1)
2
(76, 72)
-> Request 8
1341
(4, 3, 1)
3
(61, 59)
-> Request 9
1424
(4, 2, 1)
2
(54, 45)
--> Day : 4
-> Request 0
461
(4, 3, 1)
2
(13, 60)
-> Request 1
1407
(4, 1, 1)
1
(50, 2)
-> Request 2
1433
(4, 3, 1)
2
(4, 10)
---> Week : 17
--> Day : 0
-> Request 0
155
(4, 3, 1)
2
(16, 44)
-> Request 1
958
(4, 1, 1)
3
(73, 69)
-> Request 2
1163
(4, 1, 1)
1
(55, 47)
-> Request 3
1424
(4, 1, 1)
1
(19, 41)
--> Day : 1
-> Request 0
51
(4, 3, 1)
3
(9, 65)
-> Request 1
674
(4, 2, 1)
3
(79, 11)
-> Request 2
693
(4, 2, 1)
1
(79, 3)
-> Request 3
1045
(4, 2, 1)
2
(76, 52)
-> Request 4
1075
(4, 3, 1)
3
(3, 59)
--> Day : 2
-> Request 0
566
(4, 1, 1)
2
(63, 8)
-> Request 1
664
(4, 3, 1)
1
(18, 60)
-> Request 2
861
(4, 3, 1)
2
(37, 5)
-> Request 3
1208
(4, 2, 1)
3
(54, 40)
-> Request 4
1217
(4, 3, 1)
1
(18, 32)
-> Request 5
1222
(4, 3, 1)
2
(78, 17)
--> Day : 3
-> Request 0
83
(4, 1, 1)
3
(9, 35)
-> Request 1
371
(4, 1, 1)
1
(59, 23)
-> Request 2
553
(4, 1, 1)
3
(0, 66)
-> Request 3
616
(4, 1, 1)
1
(45, 58)
-> Request 4
632
(4, 1, 1)
2
(47, 71)
-> Request 5
862
(4, 3, 1)
2
(44, 19)
--> Day : 4
-> Request 0
300
(4, 1, 1)
2
(63, 49)
-> Request 1
529
(4, 2, 1)
2
(37, 69)
-> Request 2
595
(4, 3, 1)
3
(5, 36)
-> Request 3
740
(4, 1, 1)
3
(35, 0)
-> Request 4
753
(4, 2, 1)
2
(5, 60)
-> Request 5
834
(4, 2, 1)
2
(63, 68)
-> Request 6
953
(4, 2, 1)
1
(7, 20)
-> Request 7
971
(4, 2, 1)
2
(47, 24)
-> Request 8
1078
(4, 3, 1)
1
(21, 7)
-> Request 9
1312
(4, 1, 1)
3
(26, 15)
---> Week : 18
--> Day : 0
-> Request 0
57
(4, 2, 1)
2
(37, 45)
-> Request 1
197
(4, 1, 1)
2
(5, 36)
-> Request 2
605
(4, 1, 1)
1
(43, 17)
-> Request 3
837
(4, 3, 1)
1
(65, 58)
-> Request 4
1035
(4, 3, 1)
1
(22, 13)
--> Day : 1
-> Request 0
26
(4, 3, 1)
1
(29, 28)
-> Request 1
58
(4, 3, 1)
1
(64, 6)
-> Request 2
161
(4, 1, 1)
3
(7, 58)
-> Request 3
324
(4, 2, 1)
1
(40, 17)
-> Request 4
550
(4, 1, 1)
2
(37, 19)
-> Request 5
1027
(4, 3, 1)
1
(49, 74)
-> Request 6
1054
(4, 2, 1)
2
(37, 55)
-> Request 7
1077
(4, 3, 1)
3
(74, 3)
--> Day : 2
-> Request 0
71
(4, 1, 1)
2
(60, 26)
-> Request 1
87
(4, 2, 1)
2
(63, 41)
-> Request 2
131
(4, 3, 1)
2
(2, 54)
-> Request 3
226
(4, 1, 1)
3
(0, 77)
-> Request 4
585
(4, 2, 1)
2
(9, 33)
-> Request 5
649
(4, 2, 1)
1
(1, 67)
-> Request 6
689
(4, 3, 1)
1
(53, 27)
-> Request 7
711
(4, 3, 1)
1
(38, 13)
--> Day : 3
-> Request 0
130
(4, 3, 1)
2
(63, 30)
-> Request 1
450
(4, 2, 1)
1
(32, 72)
--> Day : 4
-> Request 0
26
(4, 2, 1)
2
(11, 36)
-> Request 1
27
(4, 3, 1)
1
(42, 53)
-> Request 2
155
(4, 2, 1)
1
(65, 77)
-> Request 3
174
(4, 1, 1)
1
(66, 67)
-> Request 4
293
(4, 3, 1)
2
(17, 20)
-> Request 5
414
(4, 3, 1)
1
(29, 45)
-> Request 6
602
(4, 3, 1)
1
(57, 27)
-> Request 7
736
(4, 3, 1)
3
(64, 59)
-> Request 8
831
(4, 3, 1)
1
(78, 19)
---> Week : 19
--> Day : 0
-> Request 0
55
(4, 2, 1)
2
(59, 17)
-> Request 1
269
(4, 2, 1)
2
(29, 16)
-> Request 2
312
(4, 2, 1)
2
(41, 13)
-> Request 3
1218
(4, 3, 1)
2
(48, 44)
--> Day : 1
-> Request 0
53
(4, 1, 1)
2
(57, 76)
-> Request 1
152
(4, 2, 1)
3
(44, 11)
-> Request 2
661
(4, 1, 1)
3
(41, 36)
-> Request 3
698
(4, 1, 1)
2
(52, 77)
-> Request 4
851
(4, 3, 1)
1
(41, 59)
-> Request 5
1043
(4, 2, 1)
1
(38, 37)
-> Request 6
1268
(4, 1, 1)
2
(73, 24)
--> Day : 2
-> Request 0
36
(4, 3, 1)
1
(52, 10)
-> Request 1
250
(4, 2, 1)
3
(25, 35)
-> Request 2
374
(4, 3, 1)
3
(68, 56)
-> Request 3
728
(4, 3, 1)
1
(45, 79)
-> Request 4
829
(4, 3, 1)
3
(67, 37)
-> Request 5
1167
(4, 1, 1)
3
(44, 28)
--> Day : 3
-> Request 0
14
(4, 1, 1)
2
(25, 50)
-> Request 1
72
(4, 1, 1)
3
(79, 77)
-> Request 2
520
(4, 2, 1)
2
(35, 11)
-> Request 3
689
(4, 2, 1)
3
(61, 40)
-> Request 4
703
(4, 2, 1)
2
(6, 20)
-> Request 5
732
(4, 2, 1)
3
(65, 17)
-> Request 6
858
(4, 1, 1)
2
(22, 18)
--> Day : 4
-> Request 0
465
(4, 1, 1)
3
(18, 67)
-> Request 1
971
(4, 2, 1)
1
(55, 3)
-> Request 2
1134
(4, 1, 1)
1
(5, 66)
-> Request 3
1217
(4, 3, 1)
3
(20, 70)
