---> Week : 0
--> Day : 0
-> Request 0
1133
(4, 3, 1)
2
(7, 53)
--> Day : 1
-> Request 0
8
(4, 2, 1)
2
(64, 48)
-> Request 1
145
(4, 2, 1)
3
(48, 27)
-> Request 2
372
(4, 2, 1)
3
(79, 46)
-> Request 3
408
(4, 1, 1)
2
(43, 55)
-> Request 4
556
(4, 3, 1)
2
(72, 28)
-> Request 5
842
(4, 2, 1)
2
(23, 49)
-> Request 6
942
(4, 2, 1)
2
(65, 56)
-> Request 7
1053
(4, 2, 1)
2
(0, 0)
-> Request 8
1306
(4, 2, 1)
1
(49, 27)
-> Request 9
1330
(4, 1, 1)
2
(30, 2)
--> Day : 2
-> Request 0
148
(4, 3, 1)
1
(4, 54)
-> Request 1
628
(4, 3, 1)
3
(21, 71)
-> Request 2
696
(4, 1, 1)
1
(53, 78)
-> Request 3
701
(4, 2, 1)
2
(43, 39)
-> Request 4
880
(4, 1, 1)
2
(49, 30)
-> Request 5
1236
(4, 1, 1)
2
(41, 77)
--> Day : 3
-> Request 0
30
(4, 1, 1)
3
(18, 16)
-> Request 1
144
(4, 1, 1)
2
(8, 6)
-> Request 2
800
(4, 3, 1)
2
(23, 44)
-> Request 3
925
(4, 3, 1)
3
(61, 61)
-> Request 4
1147
(4, 1, 1)
2
(31, 26)
--> Day : 4
-> Request 0
477
(4, 2, 1)
1
(30, 30)
-> Request 1
825
(4, 3, 1)
3
(70, 14)
-> Request 2
836
(4, 3, 1)
1
(16, 76)
-> Request 3
855
(4, 2, 1)
2
(49, 16)
-> Request 4
1149
(4, 1, 1)
3
(2, 70)
-> Request 5
1204
(4, 1, 1)
3
(39, 6)
-> Request 6
1360
(4, 1, 1)
2
(40, 10)
---> Week : 1
--> Day : 0
-> Request 0
20
(4, 3, 1)
1
(45, 35)
-> Request 1
129
(4, 3, 1)
1
(56, 22)
-> Request 2
230
(4, 3, 1)
3
(30, 73)
-> Request 3
320
(4, 1, 1)
3
(69, 21)
-> Request 4
455
(4, 3, 1)
2
(26, 37)
-> Request 5
584
(4, 3, 1)
3
(41, 28)
-> Request 6
912
(4, 3, 1)
1
(63, 1)
-> Request 7
1042
(4, 2, 1)
3
(66, 26)
-> Request 8
1082
(4, 1, 1)
2
(79, 53)
-> Request 9
1100
(4, 3, 1)
2
(55, 67)
-> Request 10
1405
(4, 2, 1)
3
(60, 12)
--> Day : 1
-> Request 0
428
(4, 2, 1)
2
(68, 63)
-> Request 1
568
(4, 1, 1)
1
(11, 57)
-> Request 2
823
(4, 3, 1)
2
(14, 33)
-> Request 3
835
(4, 3, 1)
2
(8, 32)
-> Request 4
1131
(4, 2, 1)
3
(9, 4)
-> Request 5
1304
(4, 1, 1)
2
(71, 73)
--> Day : 2
-> Request 0
46
(4, 2, 1)
3
(32, 61)
-> Request 1
141
(4, 1, 1)
1
(68, 29)
-> Request 2
352
(4, 2, 1)
1
(14, 61)
-> Request 3
867
(4, 2, 1)
1
(1, 44)
-> Request 4
992
(4, 1, 1)
1
(42, 57)
-> Request 5
1356
(4, 2, 1)
3
(56, 20)
-> Request 6
1382
(4, 1, 1)
1
(27, 69)
--> Day : 3
-> Request 0
1256
(4, 3, 1)
2
(50, 55)
-> Request 1
1346
(4, 1, 1)
1
(51, 56)
-> Request 2
1411
(4, 2, 1)
3
(9, 57)
--> Day : 4
-> Request 0
14
(4, 2, 1)
3
(38, 5)
-> Request 1
324
(4, 2, 1)
3
(57, 43)
-> Request 2
542
(4, 1, 1)
1
(32, 59)
-> Request 3
569
(4, 3, 1)
2
(59, 50)
-> Request 4
723
(4, 1, 1)
2
(14, 17)
-> Request 5
931
(4, 3, 1)
3
(22, 16)
---> Week : 2
--> Day : 0
-> Request 0
53
(4, 2, 1)
1
(58, 12)
-> Request 1
685
(4, 3, 1)
3
(16, 32)
-> Request 2
1156
(4, 3, 1)
3
(11, 77)
--> Day : 1
-> Request 0
356
(4, 2, 1)
2
(4, 16)
-> Request 1
954
(4, 1, 1)
3
(61, 24)
-> Request 2
991
(4, 3, 1)
1
(77, 73)
-> Request 3
1005
(4, 2, 1)
3
(56, 48)
-> Request 4
1134
(4, 2, 1)
1
(55, 31)
--> Day : 2
-> Request 0
565
(4, 1, 1)
3
(53, 12)
-> Request 1
691
(4, 3, 1)
1
(12, 38)
-> Request 2
726
(4, 1, 1)
1
(62, 10)
-> Request 3
1111
(4, 2, 1)
3
(40, 33)
-> Request 4
1275
(4, 3, 1)
1
(34, 19)
-> Request 5
1408
(4, 1, 1)
3
(13, 9)
--> Day : 3
-> Request 0
366
(4, 2, 1)
2
(54, 27)
-> Request 1
457
(4, 1, 1)
2
(64, 49)
-> Request 2
848
(4, 3, 1)
3
(6, 51)
-> Request 3
1419
(4, 3, 1)
2
(60, 39)
--> Day : 4
-> Request 0
516
(4, 3, 1)
2
(19, 7)
-> Request 1
719
(4, 3, 1)
3
(76, 13)
-> Request 2
949
(4, 2, 1)
1
(54, 9)
-> Request 3
1122
(4, 2, 1)
1
(43, 45)
---> Week : 3
--> Day : 0
-> Request 0
592
(4, 3, 1)
2
(29, 0)
-> Request 1
599
(4, 3, 1)
2
(58, 68)
-> Request 2
673
(4, 1, 1)
3
(23, 2)
-> Request 3
678
(4, 1, 1)
3
(41, 60)
-> Request 4
826
(4, 2, 1)
1
(33, 59)
-> Request 5
1328
(4, 3, 1)
2
(35, 15)
-> Request 6
1371
(4, 2, 1)
2
(26, 65)
--> Day : 1
-> Request 0
11
(4, 2, 1)
1
(19, 46)
-> Request 1
323
(4, 2, 1)
1
(63, 77)
-> Request 2
1001
(4, 3, 1)
1
(29, 12)
-> Request 3
1352
(4, 1, 1)
2
(10, 50)
--> Day : 2
-> Request 0
82
(4, 1, 1)
2
(26, 42)
-> Request 1
165
(4, 1, 1)
1
(5, 36)
-> Request 2
186
(4, 1, 1)
1
(19, 62)
-> Request 3
367
(4, 2, 1)
2
(25, 31)
-> Request 4
626
(4, 1, 1)
3
(65, 65)
-> Request 5
1032
(4, 1, 1)
3
(11, 56)
-> Request 6
1099
(4, 2, 1)
1
(67, 28)
-> Request 7
1233
(4, 1, 1)
1
(9, 52)
-> Request 8
1279
(4, 1, 1)
2
(36, 35)
-> Request 9
1335
(4, 1, 1)
2
(30, 62)
--> Day : 3
-> Request 0
170
(4, 3, 1)
2
(30, 74)
-> Request 1
296
(4, 2, 1)
3
(42, 58)
-> Request 2
584
(4, 3, 1)
3
(43, 18)
-> Request 3
946
(4, 1, 1)
3
(41, 58)
-> Request 4
1383
(4, 3, 1)
2
(34, 69)
--> Day : 4
-> Request 0
31
(4, 2, 1)
2
(34, 40)
-> Request 1
116
(4, 1, 1)
1
(71, 57)
-> Request 2
236
(4, 1, 1)
1
(40, 70)
-> Request 3
335
(4, 3, 1)
2
(42, 73)
-> Request 4
501
(4, 3, 1)
1
(54, 34)
-> Request 5
863
(4, 3, 1)
3
(59, 43)
-> Request 6
1038
(4, 3, 1)
3
(5, 72)
---> Week : 4
--> Day : 0
-> Request 0
237
(4, 3, 1)
3
(74, 63)
-> Request 1
561
(4, 3, 1)
3
(7, 75)
-> Request 2
610
(4, 2, 1)
2
(38, 31)
-> Request 3
1226
(4, 1, 1)
1
(14, 50)
-> Request 4
1233
(4, 3, 1)
2
(72, 53)
--> Day : 1
-> Request 0
644
(4, 3, 1)
1
(46, 19)
-> Request 1
651
(4, 3, 1)
3
(77, 56)
-> Request 2
653
(4, 2, 1)
3
(14, 25)
-> Request 3
798
(4, 2, 1)
2
(39, 70)
-> Request 4
1083
(4, 2, 1)
2
(2, 75)
-> Request 5
1113
(4, 3, 1)
3
(2, 59)
--> Day : 2
-> Request 0
194
(4, 3, 1)
1
(51, 78)
-> Request 1
216
(4, 3, 1)
1
(45, 50)
-> Request 2
773
(4, 1, 1)
2
(27, 70)
-> Request 3
955
(4, 3, 1)
2
(56, 57)
-> Request 4
978
(4, 1, 1)
2
(22, 9)
-> Request 5
1001
(4, 1, 1)
2
(70, 12)
-> Request 6
1172
(4, 2, 1)
1
(77, 19)
-> Request 7
1198
(4, 3, 1)
1
(76, 6)
--> Day : 3
-> Request 0
148
(4, 1, 1)
3
(22, 46)
-> Request 1
446
(4, 1, 1)
3
(48, 50)
-> Request 2
690
(4, 2, 1)
1
(76, 78)
-> Request 3
845
(4, 1, 1)
1
(7, 63)
-> Request 4
1060
(4, 3, 1)
2
(54, 66)
-> Request 5
1238
(4, 3, 1)
3
(40, 71)
-> Request 6
1264
(4, 3, 1)
3
(72, 34)
--> Day : 4
-> Request 0
11
(4, 1, 1)
3
(23, 10)
-> Request 1
147
(4, 1, 1)
3
(51, 3)
-> Request 2
162
(4, 3, 1)
3
(17, 34)
-> Request 3
569
(4, 3, 1)
2
(5, 41)
-> Request 4
606
(4, 3, 1)
1
(16, 10)
-> Request 5
1122
(4, 3, 1)
3
(10, 67)
-> Request 6
1191
(4, 2, 1)
2
(12, 18)
---> Week : 5
--> Day : 0
-> Request 0
164
(4, 2, 1)
1
(77, 64)
-> Request 1
180
(4, 3, 1)
3
(50, 70)
-> Request 2
297
(4, 3, 1)
1
(74, 20)
-> Request 3
988
(4, 2, 1)
3
(57, 66)
-> Request 4
1097
(4, 3, 1)
3
(50, 2)
-> Request 5
1122
(4, 3, 1)
1
(6, 58)
--> Day : 1
-> Request 0
118
(4, 3, 1)
3
(55, 67)
-> Request 1
145
(4, 2, 1)
2
(25, 40)
-> Request 2
290
(4, 1, 1)
3
(16, 36)
-> Request 3
296
(4, 1, 1)
3
(39, 79)
-> Request 4
430
(4, 3, 1)
3
(12, 40)
-> Request 5
446
(4, 3, 1)
1
(52, 15)
-> Request 6
937
(4, 1, 1)
3
(38, 63)
-> Request 7
1214
(4, 1, 1)
3
(28, 19)
-> Request 8
1239
(4, 3, 1)
2
(6, 50)
-> Request 9
1329
(4, 3, 1)
1
(24, 0)
--> Day : 2
-> Request 0
100
(4, 2, 1)
2
(28, 32)
-> Request 1
269
(4, 1, 1)
2
(66, 25)
-> Request 2
328
(4, 3, 1)
3
(79, 71)
-> Request 3
466
(4, 3, 1)
3
(68, 59)
-> Request 4
738
(4, 1, 1)
2
(9, 49)
-> Request 5
877
(4, 1, 1)
3
(48, 46)
--> Day : 3
-> Request 0
419
(4, 2, 1)
3
(3, 59)
-> Request 1
885
(4, 1, 1)
1
(4, 46)
--> Day : 4
-> Request 0
183
(4, 2, 1)
3
(41, 67)
-> Request 1
304
(4, 3, 1)
3
(63, 4)
-> Request 2
979
(4, 1, 1)
3
(27, 13)
-> Request 3
993
(4, 2, 1)
2
(22, 9)
-> Request 4
1024
(4, 2, 1)
1
(43, 57)
-> Request 5
1135
(4, 1, 1)
2
(59, 77)
-> Request 6
1317
(4, 2, 1)
1
(20, 70)
---> Week : 6
--> Day : 0
-> Request 0
133
(4, 2, 1)
2
(4, 20)
-> Request 1
450
(4, 3, 1)
2
(65, 7)
-> Request 2
502
(4, 3, 1)
3
(55, 59)
-> Request 3
631
(4, 3, 1)
1
(17, 64)
-> Request 4
907
(4, 3, 1)
3
(47, 19)
-> Request 5
917
(4, 3, 1)
2
(32, 77)
-> Request 6
975
(4, 3, 1)
1
(72, 59)
-> Request 7
1070
(4, 3, 1)
3
(64, 59)
--> Day : 1
-> Request 0
192
(4, 1, 1)
2
(42, 11)
-> Request 1
449
(4, 2, 1)
1
(70, 69)
-> Request 2
458
(4, 3, 1)
2
(57, 19)
-> Request 3
530
(4, 3, 1)
1
(14, 69)
-> Request 4
588
(4, 1, 1)
3
(21, 1)
-> Request 5
661
(4, 2, 1)
1
(60, 31)
-> Request 6
662
(4, 2, 1)
3
(20, 77)
-> Request 7
738
(4, 2, 1)
1
(35, 42)
-> Request 8
1175
(4, 3, 1)
2
(5, 51)
--> Day : 2
-> Request 0
121
(4, 3, 1)
3
(8, 24)
-> Request 1
221
(4, 1, 1)
3
(9, 65)
-> Request 2
1071
(4, 2, 1)
3
(25, 44)
--> Day : 3
-> Request 0
397
(4, 1, 1)
1
(14, 73)
-> Request 1
400
(4, 2, 1)
3
(40, 60)
-> Request 2
457
(4, 1, 1)
1
(60, 4)
-> Request 3
635
(4, 3, 1)
3
(1, 55)
-> Request 4
1131
(4, 1, 1)
3
(70, 36)
-> Request 5
1203
(4, 2, 1)
1
(55, 69)
--> Day : 4
-> Request 0
215
(4, 1, 1)
1
(66, 63)
-> Request 1
434
(4, 2, 1)
3
(26, 9)
-> Request 2
534
(4, 2, 1)
3
(42, 68)
-> Request 3
824
(4, 1, 1)
3
(72, 47)
-> Request 4
1275
(4, 2, 1)
2
(49, 45)
---> Week : 7
--> Day : 0
-> Request 0
156
(4, 2, 1)
1
(54, 59)
-> Request 1
421
(4, 3, 1)
1
(10, 49)
-> Request 2
715
(4, 1, 1)
2
(68, 25)
-> Request 3
751
(4, 3, 1)
3
(57, 12)
-> Request 4
915
(4, 1, 1)
2
(11, 32)
-> Request 5
1261
(4, 1, 1)
3
(16, 49)
-> Request 6
1322
(4, 2, 1)
2
(67, 11)
--> Day : 1
-> Request 0
477
(4, 3, 1)
2
(36, 34)
-> Request 1
540
(4, 3, 1)
2
(78, 67)
-> Request 2
548
(4, 3, 1)
1
(2, 29)
--> Day : 2
-> Request 0
15
(4, 3, 1)
3
(5, 50)
-> Request 1
314
(4, 1, 1)
1
(77, 24)
-> Request 2
1301
(4, 1, 1)
2
(26, 34)
--> Day : 3
-> Request 0
394
(4, 2, 1)
1
(75, 25)
-> Request 1
641
(4, 2, 1)
2
(73, 78)
-> Request 2
827
(4, 3, 1)
2
(60, 39)
-> Request 3
1159
(4, 3, 1)
3
(13, 57)
-> Request 4
1251
(4, 3, 1)
3
(74, 50)
-> Request 5
1389
(4, 1, 1)
1
(77, 56)
--> Day : 4
-> Request 0
766
(4, 3, 1)
1
(5, 61)
-> Request 1
1128
(4, 3, 1)
1
(60, 45)
-> Request 2
1234
(4, 2, 1)
1
(10, 6)
---> Week : 8
--> Day : 0
-> Request 0
113
(4, 3, 1)
3
(72, 65)
-> Request 1
334
(4, 1, 1)
1
(18, 43)
-> Request 2
756
(4, 1, 1)
3
(42, 59)
-> Request 3
774
(4, 2, 1)
3
(31, 6)
-> Request 4
817
(4, 1, 1)
3
(41, 2)
-> Request 5
858
(4, 2, 1)
1
(8, 33)
-> Request 6
1362
(4, 3, 1)
2
(34, 2)
--> Day : 1
-> Request 0
29
(4, 2, 1)
2
(58, 76)
-> Request 1
92
(4, 2, 1)
2
(43, 2)
-> Request 2
236
(4, 2, 1)
1
(30, 67)
-> Request 3
390
(4, 1, 1)
1
(55, 30)
-> Request 4
589
(4, 3, 1)
2
(54, 55)
-> Request 5
788
(4, 3, 1)
2
(73, 63)
-> Request 6
1060
(4, 1, 1)
2
(47, 47)
-> Request 7
1144
(4, 1, 1)
1
(58, 54)
--> Day : 2
-> Request 0
323
(4, 3, 1)
3
(53, 20)
-> Request 1
463
(4, 3, 1)
1
(57, 46)
-> Request 2
634
(4, 2, 1)
1
(66, 75)
-> Request 3
1331
(4, 2, 1)
1
(8, 78)
--> Day : 3
-> Request 0
462
(4, 1, 1)
1
(8, 58)
-> Request 1
536
(4, 3, 1)
2
(14, 64)
-> Request 2
577
(4, 1, 1)
3
(77, 57)
-> Request 3
977
(4, 1, 1)
1
(25, 20)
-> Request 4
1203
(4, 3, 1)
2
(74, 74)
-> Request 5
1213
(4, 2, 1)
2
(17, 33)
--> Day : 4
-> Request 0
257
(4, 2, 1)
2
(22, 67)
-> Request 1
282
(4, 1, 1)
3
(26, 10)
-> Request 2
393
(4, 3, 1)
3
(40, 65)
-> Request 3
543
(4, 3, 1)
3
(27, 50)
-> Request 4
573
(4, 2, 1)
2
(62, 64)
-> Request 5
1321
(4, 1, 1)
1
(52, 1)
---> Week : 9
--> Day : 0
-> Request 0
125
(4, 2, 1)
3
(73, 12)
-> Request 1
1361
(4, 2, 1)
1
(74, 11)
-> Request 2
1435
(4, 2, 1)
3
(18, 39)
--> Day : 1
-> Request 0
211
(4, 3, 1)
3
(56, 27)
-> Request 1
227
(4, 3, 1)
1
(42, 47)
-> Request 2
270
(4, 3, 1)
1
(43, 46)
-> Request 3
339
(4, 1, 1)
3
(3, 7)
-> Request 4
453
(4, 2, 1)
2
(57, 10)
-> Request 5
459
(4, 1, 1)
2
(28, 54)
-> Request 6
1311
(4, 3, 1)
1
(23, 0)
-> Request 7
1405
(4, 3, 1)
3
(52, 12)
-> Request 8
1406
(4, 2, 1)
1
(52, 71)
--> Day : 2
-> Request 0
536
(4, 2, 1)
3
(68, 69)
-> Request 1
551
(4, 3, 1)
1
(63, 77)
-> Request 2
711
(4, 3, 1)
3
(62, 78)
-> Request 3
1202
(4, 1, 1)
3
(0, 77)
-> Request 4
1232
(4, 1, 1)
3
(14, 56)
-> Request 5
1366
(4, 2, 1)
2
(3, 27)
--> Day : 3
-> Request 0
539
(4, 2, 1)
3
(27, 21)
-> Request 1
639
(4, 3, 1)
2
(6, 64)
-> Request 2
663
(4, 2, 1)
1
(43, 77)
-> Request 3
773
(4, 2, 1)
3
(59, 49)
-> Request 4
817
(4, 2, 1)
3
(67, 4)
-> Request 5
1325
(4, 1, 1)
1
(50, 14)
--> Day : 4
-> Request 0
6
(4, 2, 1)
3
(21, 50)
-> Request 1
9
(4, 3, 1)
2
(62, 49)
-> Request 2
206
(4, 2, 1)
3
(3, 56)
-> Request 3
273
(4, 2, 1)
2
(21, 79)
-> Request 4
522
(4, 1, 1)
2
(28, 16)
-> Request 5
528
(4, 2, 1)
2
(36, 23)
-> Request 6
602
(4, 1, 1)
1
(38, 28)
-> Request 7
800
(4, 1, 1)
2
(20, 39)
-> Request 8
980
(4, 1, 1)
3
(72, 0)
-> Request 9
1413
(4, 3, 1)
1
(17, 48)
---> Week : 10
--> Day : 0
-> Request 0
380
(4, 2, 1)
3
(54, 68)
-> Request 1
746
(4, 3, 1)
2
(66, 36)
-> Request 2
999
(4, 2, 1)
1
(23, 45)
-> Request 3
1298
(4, 2, 1)
2
(59, 26)
--> Day : 1
-> Request 0
560
(4, 2, 1)
1
(26, 14)
-> Request 1
758
(4, 1, 1)
2
(5, 24)
--> Day : 2
-> Request 0
152
(4, 2, 1)
1
(79, 48)
-> Request 1
229
(4, 2, 1)
3
(50, 38)
-> Request 2
361
(4, 3, 1)
1
(78, 29)
-> Request 3
1076
(4, 2, 1)
3
(35, 54)
-> Request 4
1308
(4, 2, 1)
2
(52, 78)
--> Day : 3
-> Request 0
57
(4, 3, 1)
3
(9, 21)
-> Request 1
147
(4, 2, 1)
3
(38, 18)
-> Request 2
252
(4, 2, 1)
1
(32, 6)
-> Request 3
492
(4, 3, 1)
3
(50, 69)
-> Request 4
720
(4, 2, 1)
2
(14, 14)
-> Request 5
1019
(4, 3, 1)
1
(17, 32)
-> Request 6
1064
(4, 3, 1)
3
(68, 56)
-> Request 7
1329
(4, 1, 1)
1
(13, 30)
--> Day : 4
-> Request 0
3
(4, 1, 1)
1
(38, 29)
-> Request 1
90
(4, 2, 1)
1
(8, 59)
-> Request 2
253
(4, 2, 1)
3
(54, 25)
-> Request 3
488
(4, 3, 1)
1
(31, 68)
-> Request 4
614
(4, 1, 1)
1
(42, 79)
-> Request 5
676
(4, 2, 1)
1
(44, 41)
-> Request 6
1119
(4, 3, 1)
2
(47, 64)
-> Request 7
1367
(4, 3, 1)
3
(1, 10)
---> Week : 11
--> Day : 0
-> Request 0
111
(4, 2, 1)
2
(21, 14)
-> Request 1
252
(4, 2, 1)
1
(20, 77)
-> Request 2
265
(4, 3, 1)
3
(6, 50)
-> Request 3
335
(4, 2, 1)
2
(11, 77)
-> Request 4
551
(4, 1, 1)
1
(72, 1)
-> Request 5
555
(4, 3, 1)
2
(78, 78)
-> Request 6
820
(4, 2, 1)
2
(26, 40)
-> Request 7
1197
(4, 1, 1)
1
(23, 74)
--> Day : 1
-> Request 0
18
(4, 1, 1)
2
(30, 34)
-> Request 1
230
(4, 2, 1)
1
(24, 56)
-> Request 2
330
(4, 2, 1)
1
(17, 63)
-> Request 3
489
(4, 3, 1)
2
(7, 6)
-> Request 4
623
(4, 1, 1)
3
(25, 79)
-> Request 5
713
(4, 3, 1)
3
(31, 32)
--> Day : 2
-> Request 0
108
(4, 2, 1)
2
(22, 21)
-> Request 1
219
(4, 3, 1)
2
(20, 13)
-> Request 2
409
(4, 2, 1)
3
(28, 41)
-> Request 3
745
(4, 2, 1)
2
(6, 75)
-> Request 4
1070
(4, 2, 1)
3
(37, 48)
-> Request 5
1102
(4, 3, 1)
2
(32, 57)
-> Request 6
1285
(4, 2, 1)
2
(41, 25)
--> Day : 3
-> Request 0
447
(4, 3, 1)
3
(19, 65)
-> Request 1
604
(4, 1, 1)
1
(8, 64)
-> Request 2
1084
(4, 1, 1)
3
(52, 21)
-> Request 3
1121
(4, 1, 1)
2
(46, 22)
-> Request 4
1413
(4, 2, 1)
2
(61, 19)
--> Day : 4
-> Request 0
50
(4, 1, 1)
1
(50, 35)
-> Request 1
83
(4, 3, 1)
2
(23, 8)
-> Request 2
360
(4, 1, 1)
3
(1, 61)
-> Request 3
692
(4, 2, 1)
3
(43, 74)
-> Request 4
834
(4, 1, 1)
2
(43, 29)
-> Request 5
930
(4, 2, 1)
3
(49, 19)
---> Week : 12
--> Day : 0
-> Request 0
319
(4, 3, 1)
2
(29, 72)
-> Request 1
981
(4, 1, 1)
2
(23, 73)
-> Request 2
1000
(4, 1, 1)
3
(3, 75)
-> Request 3
1056
(4, 1, 1)
1
(77, 6)
--> Day : 1
-> Request 0
208
(4, 3, 1)
3
(50, 68)
-> Request 1
300
(4, 3, 1)
1
(51, 0)
-> Request 2
330
(4, 1, 1)
3
(12, 68)
-> Request 3
725
(4, 3, 1)
1
(59, 30)
-> Request 4
896
(4, 3, 1)
3
(11, 21)
-> Request 5
910
(4, 1, 1)
3
(43, 56)
-> Request 6
1333
(4, 1, 1)
1
(45, 27)
--> Day : 2
-> Request 0
66
(4, 3, 1)
2
(68, 67)
-> Request 1
69
(4, 3, 1)
1
(8, 63)
-> Request 2
96
(4, 2, 1)
3
(52, 0)
-> Request 3
666
(4, 2, 1)
2
(24, 24)
-> Request 4
700
(4, 2, 1)
1
(31, 29)
-> Request 5
777
(4, 1, 1)
2
(57, 49)
-> Request 6
795
(4, 2, 1)
2
(51, 75)
-> Request 7
842
(4, 2, 1)
2
(66, 43)
-> Request 8
1314
(4, 3, 1)
2
(71, 61)
--> Day : 3
-> Request 0
124
(4, 3, 1)
2
(48, 50)
-> Request 1
580
(4, 3, 1)
1
(40, 56)
-> Request 2
679
(4, 2, 1)
2
(76, 4)
--> Day : 4
-> Request 0
184
(4, 2, 1)
1
(57, 62)
-> Request 1
727
(4, 3, 1)
3
(55, 16)
-> Request 2
1101
(4, 1, 1)
1
(53, 77)
-> Request 3
1181
(4, 1, 1)
2
(23, 17)
-> Request 4
1361
(4, 3, 1)
3
(74, 52)
---> Week : 13
--> Day : 0
-> Request 0
311
(4, 3, 1)
1
(47, 13)
-> Request 1
400
(4, 3, 1)
3
(73, 40)
-> Request 2
418
(4, 3, 1)
1
(15, 16)
-> Request 3
604
(4, 1, 1)
3
(45, 39)
-> Request 4
625
(4, 1, 1)
3
(10, 26)
-> Request 5
970
(4, 2, 1)
2
(4, 8)
-> Request 6
1255
(4, 1, 1)
2
(13, 27)
--> Day : 1
-> Request 0
139
(4, 3, 1)
3
(72, 27)
-> Request 1
818
(4, 3, 1)
3
(8, 38)
-> Request 2
924
(4, 1, 1)
1
(48, 29)
-> Request 3
1265
(4, 3, 1)
1
(22, 29)
-> Request 4
1327
(4, 3, 1)
3
(5, 2)
-> Request 5
1360
(4, 3, 1)
2
(67, 77)
--> Day : 2
-> Request 0
85
(4, 3, 1)
2
(59, 32)
-> Request 1
386
(4, 1, 1)
1
(60, 21)
-> Request 2
413
(4, 1, 1)
3
(77, 70)
-> Request 3
770
(4, 1, 1)
2
(51, 47)
-> Request 4
776
(4, 1, 1)
1
(70, 40)
-> Request 5
995
(4, 1, 1)
2
(76, 28)
-> Request 6
1038
(4, 2, 1)
1
(51, 15)
-> Request 7
1130
(4, 3, 1)
2
(38, 61)
--> Day : 3
-> Request 0
35
(4, 3, 1)
1
(66, 22)
-> Request 1
259
(4, 3, 1)
2
(54, 16)
-> Request 2
465
(4, 1, 1)
3
(41, 76)
-> Request 3
554
(4, 2, 1)
3
(32, 5)
-> Request 4
653
(4, 3, 1)
1
(51, 13)
-> Request 5
1038
(4, 2, 1)
3
(75, 14)
-> Request 6
1368
(4, 3, 1)
2
(34, 45)
-> Request 7
1389
(4, 1, 1)
3
(75, 0)
--> Day : 4
-> Request 0
120
(4, 1, 1)
2
(10, 0)
-> Request 1
139
(4, 1, 1)
2
(25, 29)
-> Request 2
377
(4, 1, 1)
3
(36, 26)
-> Request 3
676
(4, 2, 1)
1
(39, 2)
-> Request 4
746
(4, 3, 1)
2
(76, 12)
-> Request 5
794
(4, 3, 1)
2
(29, 5)
-> Request 6
848
(4, 3, 1)
1
(28, 79)
-> Request 7
858
(4, 1, 1)
1
(10, 3)
-> Request 8
990
(4, 2, 1)
1
(9, 33)
-> Request 9
1143
(4, 2, 1)
3
(11, 58)
-> Request 10
1375
(4, 2, 1)
3
(42, 49)
---> Week : 14
--> Day : 0
-> Request 0
128
(4, 2, 1)
2
(44, 66)
-> Request 1
307
(4, 1, 1)
1
(35, 31)
-> Request 2
452
(4, 2, 1)
1
(61, 78)
-> Request 3
657
(4, 2, 1)
1
(13, 1)
-> Request 4
925
(4, 1, 1)
2
(39, 3)
-> Request 5
1168
(4, 3, 1)
3
(10, 65)
--> Day : 1
-> Request 0
832
(4, 2, 1)
2
(66, 4)
-> Request 1
1137
(4, 3, 1)
3
(74, 27)
--> Day : 2
-> Request 0
48
(4, 2, 1)
2
(10, 55)
-> Request 1
305
(4, 2, 1)
1
(34, 74)
-> Request 2
571
(4, 2, 1)
3
(35, 10)
-> Request 3
621
(4, 2, 1)
2
(52, 37)
-> Request 4
670
(4, 3, 1)
2
(36, 28)
-> Request 5
686
(4, 3, 1)
2
(36, 52)
-> Request 6
1171
(4, 1, 1)
1
(51, 15)
-> Request 7
1321
(4, 1, 1)
1
(3, 77)
--> Day : 3
-> Request 0
336
(4, 1, 1)
2
(77, 9)
-> Request 1
392
(4, 3, 1)
2
(61, 43)
-> Request 2
618
(4, 1, 1)
1
(55, 65)
-> Request 3
1339
(4, 2, 1)
2
(6, 76)
--> Day : 4
-> Request 0
289
(4, 2, 1)
2
(31, 1)
-> Request 1
381
(4, 2, 1)
3
(52, 4)
-> Request 2
661
(4, 1, 1)
3
(32, 17)
-> Request 3
677
(4, 2, 1)
2
(62, 60)
-> Request 4
691
(4, 2, 1)
1
(8, 76)
-> Request 5
810
(4, 1, 1)
1
(30, 5)
-> Request 6
1254
(4, 1, 1)
3
(48, 41)
---> Week : 15
--> Day : 0
-> Request 0
8
(4, 1, 1)
2
(50, 72)
-> Request 1
530
(4, 2, 1)
3
(43, 42)
-> Request 2
823
(4, 2, 1)
2
(45, 35)
-> Request 3
1015
(4, 1, 1)
2
(44, 62)
-> Request 4
1166
(4, 1, 1)
2
(75, 29)
-> Request 5
1217
(4, 2, 1)
2
(55, 70)
-> Request 6
1234
(4, 2, 1)
1
(31, 36)
--> Day : 1
-> Request 0
260
(4, 2, 1)
3
(56, 76)
-> Request 1
347
(4, 2, 1)
3
(71, 32)
-> Request 2
393
(4, 1, 1)
3
(41, 39)
-> Request 3
474
(4, 1, 1)
3
(67, 1)
-> Request 4
927
(4, 2, 1)
2
(9, 8)
--> Day : 2
-> Request 0
0
(4, 1, 1)
1
(46, 71)
-> Request 1
504
(4, 1, 1)
1
(16, 61)
-> Request 2
609
(4, 3, 1)
3
(48, 40)
-> Request 3
1088
(4, 2, 1)
1
(43, 42)
-> Request 4
1381
(4, 2, 1)
2
(72, 28)
--> Day : 3
-> Request 0
150
(4, 2, 1)
1
(50, 74)
-> Request 1
260
(4, 1, 1)
2
(67, 18)
-> Request 2
480
(4, 3, 1)
3
(47, 27)
-> Request 3
697
(4, 2, 1)
3
(68, 13)
-> Request 4
1139
(4, 2, 1)
2
(17, 26)
-> Request 5
1261
(4, 1, 1)
2
(35, 22)
-> Request 6
1366
(4, 3, 1)
3
(57, 66)
-> Request 7
1375
(4, 1, 1)
1
(20, 55)
--> Day : 4
-> Request 0
60
(4, 2, 1)
1
(24, 75)
-> Request 1
442
(4, 3, 1)
3
(10, 13)
-> Request 2
648
(4, 2, 1)
2
(41, 50)
-> Request 3
733
(4, 1, 1)
2
(27, 70)
-> Request 4
1133
(4, 1, 1)
2
(30, 15)
-> Request 5
1246
(4, 3, 1)
1
(52, 13)
---> Week : 16
--> Day : 0
-> Request 0
88
(4, 3, 1)
1
(68, 67)
-> Request 1
251
(4, 3, 1)
1
(23, 42)
-> Request 2
287
(4, 2, 1)
2
(33, 2)
-> Request 3
360
(4, 1, 1)
2
(76, 28)
-> Request 4
456
(4, 1, 1)
2
(72, 27)
-> Request 5
1140
(4, 3, 1)
2
(11, 71)
-> Request 6
1314
(4, 1, 1)
2
(0, 9)
-> Request 7
1333
(4, 1, 1)
1
(46, 3)
--> Day : 1
-> Request 0
233
(4, 3, 1)
2
(36, 45)
-> Request 1
297
(4, 1, 1)
3
(39, 35)
-> Request 2
333
(4, 1, 1)
2
(11, 37)
-> Request 3
675
(4, 3, 1)
3
(1, 50)
-> Request 4
697
(4, 1, 1)
1
(42, 7)
-> Request 5
912
(4, 1, 1)
1
(71, 46)
-> Request 6
943
(4, 1, 1)
3
(14, 11)
-> Request 7
965
(4, 2, 1)
1
(64, 70)
-> Request 8
1252
(4, 3, 1)
2
(7, 19)
-> Request 9
1263
(4, 3, 1)
2
(26, 23)
-> Request 10
1407
(4, 3, 1)
3
(22, 65)
--> Day : 2
-> Request 0
94
(4, 1, 1)
2
(16, 17)
-> Request 1
209
(4, 1, 1)
3
(23, 9)
-> Request 2
257
(4, 2, 1)
1
(75, 34)
-> Request 3
550
(4, 3, 1)
1
(76, 47)
-> Request 4
855
(4, 3, 1)
2
(71, 37)
-> Request 5
1419
(4, 1, 1)
1
(48, 70)
--> Day : 3
-> Request 0
71
(4, 1, 1)
1
(25, 39)
-> Request 1
361
(4, 1, 1)
1
(19, 62)
-> Request 2
415
(4, 3, 1)
2
(37, 22)
-> Request 3
688
(4, 3, 1)
3
(24, 8)
-> Request 4
954
(4, 2, 1)
2
(60, 15)
-> Request 5
1058
(4, 3, 1)
2
(30, 30)
-> Request 6
1223
(4, 1, 1)
2
(9, 60)
--> Day : 4
-> Request 0
54
(4, 3, 1)
1
(59, 79)
-> Request 1
248
(4, 1, 1)
1
(21, 73)
-> Request 2
295
(4, 3, 1)
3
(43, 69)
-> Request 3
431
(4, 2, 1)
3
(30, 14)
-> Request 4
851
(4, 2, 1)
3
(27, 75)
-> Request 5
1204
(4, 1, 1)
1
(53, 0)
-> Request 6
1289
(4, 2, 1)
3
(62, 38)
-> Request 7
1354
(4, 2, 1)
3
(42, 6)
---> Week : 17
--> Day : 0
-> Request 0
7
(4, 1, 1)
1
(14, 75)
-> Request 1
105
(4, 1, 1)
2
(29, 62)
-> Request 2
412
(4, 1, 1)
3
(25, 59)
-> Request 3
669
(4, 3, 1)
3
(61, 44)
-> Request 4
794
(4, 1, 1)
3
(46, 18)
-> Request 5
1219
(4, 2, 1)
1
(78, 19)
--> Day : 1
-> Request 0
178
(4, 1, 1)
3
(35, 77)
-> Request 1
352
(4, 3, 1)
2
(4, 10)
-> Request 2
887
(4, 3, 1)
1
(36, 17)
-> Request 3
1019
(4, 2, 1)
1
(65, 52)
-> Request 4
1116
(4, 3, 1)
3
(57, 36)
-> Request 5
1383
(4, 1, 1)
3
(46, 4)
--> Day : 2
-> Request 0
502
(4, 3, 1)
1
(14, 9)
-> Request 1
518
(4, 2, 1)
3
(6, 62)
-> Request 2
779
(4, 2, 1)
2
(29, 35)
-> Request 3
838
(4, 1, 1)
1
(46, 32)
-> Request 4
1035
(4, 1, 1)
1
(7, 10)
--> Day : 3
-> Request 0
217
(4, 1, 1)
2
(17, 69)
-> Request 1
264
(4, 1, 1)
2
(56, 57)
-> Request 2
278
(4, 2, 1)
2
(0, 12)
-> Request 3
377
(4, 1, 1)
2
(8, 34)
-> Request 4
620
(4, 3, 1)
2
(49, 3)
-> Request 5
781
(4, 1, 1)
1
(15, 51)
-> Request 6
974
(4, 2, 1)
3
(49, 60)
-> Request 7
1344
(4, 2, 1)
2
(48, 44)
--> Day : 4
-> Request 0
130
(4, 2, 1)
3
(6, 1)
-> Request 1
798
(4, 2, 1)
1
(3, 6)
-> Request 2
945
(4, 2, 1)
3
(56, 72)
-> Request 3
1114
(4, 1, 1)
3
(53, 1)
-> Request 4
1269
(4, 2, 1)
2
(6, 54)
-> Request 5
1276
(4, 3, 1)
2
(18, 15)
---> Week : 18
--> Day : 0
-> Request 0
30
(4, 2, 1)
2
(33, 79)
-> Request 1
106
(4, 3, 1)
1
(16, 77)
-> Request 2
148
(4, 1, 1)
1
(60, 69)
-> Request 3
281
(4, 2, 1)
1
(16, 13)
-> Request 4
509
(4, 2, 1)
2
(49, 70)
-> Request 5
555
(4, 1, 1)
3
(4, 72)
-> Request 6
752
(4, 3, 1)
1
(34, 54)
-> Request 7
980
(4, 2, 1)
2
(43, 63)
-> Request 8
981
(4, 1, 1)
1
(24, 36)
-> Request 9
1258
(4, 3, 1)
2
(8, 29)
-> Request 10
1300
(4, 2, 1)
2
(62, 32)
--> Day : 1
-> Request 0
11
(4, 3, 1)
2
(16, 21)
-> Request 1
113
(4, 3, 1)
2
(0, 61)
-> Request 2
235
(4, 1, 1)
2
(43, 61)
-> Request 3
613
(4, 3, 1)
1
(18, 51)
-> Request 4
618
(4, 1, 1)
2
(54, 60)
-> Request 5
686
(4, 1, 1)
3
(16, 60)
-> Request 6
1371
(4, 2, 1)
3
(50, 51)
-> Request 7
1423
(4, 3, 1)
3
(5, 23)
--> Day : 2
-> Request 0
96
(4, 1, 1)
2
(8, 32)
-> Request 1
460
(4, 1, 1)
3
(24, 12)
-> Request 2
839
(4, 3, 1)
2
(23, 20)
-> Request 3
926
(4, 1, 1)
2
(8, 30)
-> Request 4
1109
(4, 3, 1)
1
(68, 8)
-> Request 5
1265
(4, 1, 1)
3
(8, 28)
--> Day : 3
-> Request 0
105
(4, 1, 1)
3
(60, 67)
-> Request 1
529
(4, 3, 1)
3
(19, 64)
-> Request 2
539
(4, 3, 1)
1
(35, 21)
-> Request 3
540
(4, 3, 1)
3
(54, 1)
-> Request 4
648
(4, 3, 1)
3
(75, 2)
-> Request 5
708
(4, 1, 1)
2
(65, 43)
-> Request 6
911
(4, 1, 1)
1
(0, 1)
-> Request 7
1213
(4, 3, 1)
1
(65, 41)
-> Request 8
1327
(4, 3, 1)
1
(71, 2)
--> Day : 4
-> Request 0
86
(4, 3, 1)
1
(17, 54)
-> Request 1
213
(4, 2, 1)
2
(5, 49)
-> Request 2
232
(4, 2, 1)
2
(15, 11)
-> Request 3
262
(4, 2, 1)
3
(67, 50)
-> Request 4
505
(4, 3, 1)
1
(55, 48)
-> Request 5
691
(4, 2, 1)
2
(77, 19)
-> Request 6
1179
(4, 1, 1)
3
(19, 51)
-> Request 7
1332
(4, 1, 1)
3
(61, 17)
-> Request 8
1392
(4, 1, 1)
2
(18, 16)
---> Week : 19
--> Day : 0
-> Request 0
9
(4, 2, 1)
3
(1, 72)
-> Request 1
472
(4, 2, 1)
2
(4, 63)
-> Request 2
571
(4, 2, 1)
2
(35, 17)
--> Day : 1
-> Request 0
350
(4, 3, 1)
2
(46, 38)
-> Request 1
384
(4, 3, 1)
1
(77, 54)
-> Request 2
503
(4, 1, 1)
3
(29, 46)
-> Request 3
755
(4, 3, 1)
1
(23, 70)
-> Request 4
763
(4, 2, 1)
1
(53, 74)
-> Request 5
931
(4, 2, 1)
3
(50, 34)
--> Day : 2
-> Request 0
289
(4, 2, 1)
1
(50, 7)
-> Request 1
644
(4, 2, 1)
3
(42, 38)
-> Request 2
820
(4, 1, 1)
3
(15, 65)
-> Request 3
849
(4, 2, 1)
1
(79, 51)
-> Request 4
1318
(4, 2, 1)
1
(33, 63)
--> Day : 3
-> Request 0
902
(4, 3, 1)
2
(77, 31)
-> Request 1
941
(4, 1, 1)
1
(48, 1)
-> Request 2
1152
(4, 3, 1)
2
(19, 10)
--> Day : 4
-> Request 0
178
(4, 2, 1)
1
(28, 6)
-> Request 1
181
(4, 3, 1)
1
(34, 26)
-> Request 2
555
(4, 3, 1)
2
(1, 43)
-> Request 3
644
(4, 1, 1)
2
(72, 16)
-> Request 4
898
(4, 3, 1)
3
(47, 74)
-> Request 5
974
(4, 3, 1)
3
(31, 58)
-> Request 6
1267
(4, 1, 1)
1
(0, 23)
-> Request 7
1343
(4, 2, 1)
1
(42, 50)
