---> Week : 0
--> Day : 0
-> Request 0
15
(4, 3, 1)
2
(55, 64)
-> Request 1
568
(4, 2, 1)
2
(42, 23)
-> Request 2
849
(4, 1, 1)
3
(14, 69)
--> Day : 1
-> Request 0
322
(4, 3, 1)
1
(33, 17)
-> Request 1
372
(4, 1, 1)
1
(51, 0)
-> Request 2
691
(4, 2, 1)
1
(47, 39)
-> Request 3
1093
(4, 3, 1)
1
(18, 12)
--> Day : 2
-> Request 0
231
(4, 2, 1)
1
(47, 69)
-> Request 1
345
(4, 1, 1)
3
(52, 26)
-> Request 2
547
(4, 2, 1)
3
(26, 72)
-> Request 3
1425
(4, 3, 1)
1
(55, 11)
--> Day : 3
-> Request 0
233
(4, 1, 1)
2
(69, 55)
-> Request 1
413
(4, 3, 1)
2
(27, 41)
-> Request 2
742
(4, 2, 1)
1
(42, 72)
-> Request 3
1023
(4, 1, 1)
2
(38, 57)
-> Request 4
1208
(4, 3, 1)
3
(39, 11)
--> Day : 4
-> Request 0
423
(4, 1, 1)
1
(70, 16)
-> Request 1
430
(4, 2, 1)
2
(6, 60)
-> Request 2
521
(4, 3, 1)
2
(71, 70)
-> Request 3
588
(4, 3, 1)
1
(71, 22)
-> Request 4
697
(4, 3, 1)
1
(18, 30)
-> Request 5
719
(4, 2, 1)
2
(16, 20)
-> Request 6
950
(4, 2, 1)
1
(34, 28)
-> Request 7
1336
(4, 2, 1)
2
(23, 68)
---> Week : 1
--> Day : 0
-> Request 0
162
(4, 2, 1)
3
(15, 41)
-> Request 1
169
(4, 3, 1)
3
(52, 1)
-> Request 2
268
(4, 1, 1)
1
(15, 15)
-> Request 3
417
(4, 3, 1)
2
(78, 26)
-> Request 4
1058
(4, 1, 1)
2
(44, 33)
-> Request 5
1058
(4, 2, 1)
3
(13, 61)
-> Request 6
1148
(4, 1, 1)
2
(29, 48)
--> Day : 1
-> Request 0
122
(4, 1, 1)
1
(43, 74)
-> Request 1
231
(4, 2, 1)
3
(1, 51)
-> Request 2
351
(4, 3, 1)
2
(20, 31)
-> Request 3
719
(4, 1, 1)
1
(58, 5)
-> Request 4
891
(4, 3, 1)
2
(25, 50)
-> Request 5
901
(4, 2, 1)
2
(22, 72)
-> Request 6
1031
(4, 1, 1)
1
(52, 71)
-> Request 7
1428
(4, 2, 1)
2
(24, 77)
--> Day : 2
-> Request 0
583
(4, 2, 1)
3
(53, 77)
-> Request 1
922
(4, 1, 1)
1
(49, 61)
-> Request 2
1410
(4, 2, 1)
3
(59, 57)
-> Request 3
1426
(4, 3, 1)
1
(49, 52)
--> Day : 3
-> Request 0
167
(4, 1, 1)
3
(20, 8)
-> Request 1
487
(4, 3, 1)
1
(35, 6)
-> Request 2
672
(4, 2, 1)
2
(66, 29)
-> Request 3
680
(4, 3, 1)
3
(41, 4)
-> Request 4
966
(4, 2, 1)
2
(68, 18)
-> Request 5
1384
(4, 3, 1)
1
(48, 35)
-> Request 6
1411
(4, 1, 1)
2
(45, 50)
-> Request 7
1435
(4, 2, 1)
3
(44, 24)
--> Day : 4
-> Request 0
157
(4, 2, 1)
1
(9, 48)
-> Request 1
236
(4, 1, 1)
3
(26, 79)
-> Request 2
327
(4, 1, 1)
1
(65, 75)
-> Request 3
598
(4, 2, 1)
3
(35, 34)
-> Request 4
672
(4, 2, 1)
3
(68, 42)
-> Request 5
714
(4, 1, 1)
3
(67, 2)
-> Request 6
755
(4, 3, 1)
1
(15, 44)
-> Request 7
806
(4, 2, 1)
3
(54, 42)
-> Request 8
933
(4, 1, 1)
3
(30, 50)
---> Week : 2
--> Day : 0
-> Request 0
65
(4, 2, 1)
2
(36, 58)
-> Request 1
492
(4, 3, 1)
2
(61, 40)
-> Request 2
571
(4, 3, 1)
3
(42, 4)
-> Request 3
807
(4, 1, 1)
2
(56, 17)
-> Request 4
868
(4, 3, 1)
1
(43, 47)
-> Request 5
879
(4, 3, 1)
1
(53, 43)
-> Request 6
908
(4, 3, 1)
1
(32, 47)
-> Request 7
1215
(4, 1, 1)
2
(55, 21)
--> Day : 1
-> Request 0
9
(4, 1, 1)
3
(41, 71)
-> Request 1
195
(4, 3, 1)
2
(70, 72)
-> Request 2
757
(4, 3, 1)
1
(32, 32)
-> Request 3
963
(4, 2, 1)
3
(11, 44)
-> Request 4
981
(4, 2, 1)
2
(0, 25)
--> Day : 2
-> Request 0
110
(4, 1, 1)
2
(1, 35)
-> Request 1
806
(4, 2, 1)
3
(29, 76)
-> Request 2
842
(4, 2, 1)
1
(68, 25)
-> Request 3
1060
(4, 3, 1)
3
(29, 63)
--> Day : 3
-> Request 0
217
(4, 2, 1)
1
(7, 45)
-> Request 1
467
(4, 1, 1)
1
(47, 62)
-> Request 2
534
(4, 3, 1)
2
(47, 24)
-> Request 3
800
(4, 2, 1)
3
(45, 40)
-> Request 4
989
(4, 2, 1)
1
(66, 47)
-> Request 5
1237
(4, 3, 1)
3
(22, 68)
--> Day : 4
-> Request 0
852
(4, 1, 1)
2
(46, 55)
-> Request 1
887
(4, 2, 1)
3
(78, 42)
-> Request 2
1128
(4, 2, 1)
1
(31, 20)
-> Request 3
1206
(4, 2, 1)
1
(54, 67)
-> Request 4
1308
(4, 1, 1)
1
(79, 53)
---> Week : 3
--> Day : 0
-> Request 0
235
(4, 3, 1)
1
(28, 50)
-> Request 1
288
(4, 3, 1)
2
(6, 6)
-> Request 2
561
(4, 1, 1)
1
(52, 40)
-> Request 3
613
(4, 3, 1)
1
(55, 15)
-> Request 4
1189
(4, 1, 1)
2
(23, 0)
--> Day : 1
-> Request 0
128
(4, 1, 1)
1
(41, 68)
-> Request 1
348
(4, 3, 1)
2
(4, 44)
-> Request 2
616
(4, 2, 1)
3
(47, 53)
-> Request 3
834
(4, 2, 1)
2
(40, 37)
-> Request 4
1203
(4, 3, 1)
1
(29, 47)
-> Request 5
1343
(4, 3, 1)
2
(42, 47)
--> Day : 2
-> Request 0
49
(4, 2, 1)
1
(68, 76)
-> Request 1
205
(4, 1, 1)
2
(18, 29)
-> Request 2
468
(4, 3, 1)
2
(35, 63)
-> Request 3
479
(4, 2, 1)
3
(58, 38)
-> Request 4
575
(4, 3, 1)
2
(59, 19)
-> Request 5
841
(4, 1, 1)
2
(31, 3)
-> Request 6
1232
(4, 1, 1)
1
(36, 8)
-> Request 7
1348
(4, 3, 1)
2
(48, 35)
--> Day : 3
-> Request 0
12
(4, 1, 1)
1
(70, 32)
-> Request 1
807
(4, 2, 1)
1
(8, 49)
-> Request 2
853
(4, 1, 1)
3
(18, 68)
-> Request 3
1204
(4, 3, 1)
1
(38, 50)
-> Request 4
1280
(4, 1, 1)
2
(41, 16)
-> Request 5
1427
(4, 3, 1)
3
(69, 74)
--> Day : 4
-> Request 0
701
(4, 1, 1)
1
(18, 28)
-> Request 1
908
(4, 2, 1)
3
(30, 14)
-> Request 2
1085
(4, 1, 1)
2
(6, 45)
---> Week : 4
--> Day : 0
-> Request 0
55
(4, 3, 1)
3
(18, 47)
-> Request 1
103
(4, 1, 1)
2
(73, 19)
-> Request 2
209
(4, 1, 1)
2
(75, 70)
-> Request 3
408
(4, 2, 1)
2
(72, 0)
-> Request 4
458
(4, 1, 1)
3
(1, 7)
-> Request 5
582
(4, 2, 1)
1
(59, 66)
--> Day : 1
-> Request 0
382
(4, 3, 1)
1
(0, 12)
-> Request 1
401
(4, 2, 1)
3
(74, 25)
-> Request 2
606
(4, 2, 1)
1
(58, 46)
-> Request 3
961
(4, 2, 1)
1
(3, 3)
-> Request 4
980
(4, 1, 1)
2
(45, 24)
-> Request 5
1205
(4, 3, 1)
1
(22, 30)
--> Day : 2
-> Request 0
286
(4, 3, 1)
1
(19, 32)
-> Request 1
632
(4, 2, 1)
3
(5, 54)
-> Request 2
1048
(4, 2, 1)
2
(35, 26)
-> Request 3
1145
(4, 2, 1)
3
(10, 64)
--> Day : 3
-> Request 0
338
(4, 3, 1)
1
(49, 33)
-> Request 1
405
(4, 1, 1)
3
(18, 63)
-> Request 2
458
(4, 3, 1)
1
(31, 78)
-> Request 3
562
(4, 1, 1)
2
(70, 9)
-> Request 4
720
(4, 3, 1)
3
(62, 22)
-> Request 5
1015
(4, 3, 1)
2
(76, 49)
-> Request 6
1285
(4, 2, 1)
2
(37, 30)
-> Request 7
1293
(4, 2, 1)
3
(28, 16)
--> Day : 4
-> Request 0
160
(4, 1, 1)
3
(61, 42)
-> Request 1
817
(4, 1, 1)
3
(29, 21)
-> Request 2
911
(4, 3, 1)
2
(73, 64)
-> Request 3
1097
(4, 3, 1)
2
(49, 35)
---> Week : 5
--> Day : 0
-> Request 0
383
(4, 1, 1)
2
(72, 48)
-> Request 1
394
(4, 1, 1)
1
(3, 5)
-> Request 2
1242
(4, 2, 1)
1
(4, 30)
--> Day : 1
-> Request 0
175
(4, 2, 1)
1
(75, 56)
-> Request 1
286
(4, 3, 1)
1
(57, 78)
-> Request 2
600
(4, 1, 1)
3
(70, 49)
-> Request 3
1043
(4, 1, 1)
2
(78, 64)
-> Request 4
1063
(4, 1, 1)
1
(79, 24)
-> Request 5
1146
(4, 1, 1)
1
(53, 7)
-> Request 6
1267
(4, 3, 1)
1
(71, 34)
-> Request 7
1291
(4, 1, 1)
3
(19, 56)
-> Request 8
1435
(4, 1, 1)
3
(63, 27)
--> Day : 2
-> Request 0
61
(4, 2, 1)
3
(4, 40)
-> Request 1
114
(4, 3, 1)
2
(19, 48)
-> Request 2
511
(4, 1, 1)
1
(59, 29)
-> Request 3
903
(4, 2, 1)
2
(58, 27)
-> Request 4
979
(4, 3, 1)
3
(30, 23)
-> Request 5
1269
(4, 2, 1)
2
(34, 21)
-> Request 6
1269
(4, 2, 1)
2
(63, 29)
-> Request 7
1356
(4, 3, 1)
1
(55, 46)
--> Day : 3
-> Request 0
743
(4, 3, 1)
3
(28, 4)
-> Request 1
744
(4, 3, 1)
2
(8, 79)
-> Request 2
746
(4, 2, 1)
1
(0, 22)
-> Request 3
927
(4, 2, 1)
1
(57, 12)
-> Request 4
1048
(4, 1, 1)
3
(37, 49)
-> Request 5
1336
(4, 1, 1)
2
(34, 10)
-> Request 6
1366
(4, 1, 1)
3
(11, 9)
-> Request 7
1379
(4, 3, 1)
1
(9, 55)
--> Day : 4
-> Request 0
207
(4, 2, 1)
1
(45, 51)
-> Request 1
249
(4, 2, 1)
1
(75, 6)
-> Request 2
293
(4, 3, 1)
1
(35, 2)
-> Request 3
757
(4, 3, 1)
1
(31, 18)
---> Week : 6
--> Day : 0
-> Request 0
223
(4, 3, 1)
2
(6, 0)
-> Request 1
473
(4, 3, 1)
3
(2, 53)
-> Request 2
623
(4, 2, 1)
3
(47, 13)
-> Request 3
1344
(4, 1, 1)
1
(24, 37)
-> Request 4
1391
(4, 2, 1)
2
(72, 17)
--> Day : 1
-> Request 0
538
(4, 3, 1)
2
(10, 34)
-> Request 1
824
(4, 3, 1)
2
(2, 53)
-> Request 2
1191
(4, 1, 1)
3
(19, 16)
-> Request 3
1212
(4, 2, 1)
1
(31, 27)
-> Request 4
1364
(4, 3, 1)
3
(35, 17)
--> Day : 2
-> Request 0
474
(4, 3, 1)
3
(23, 43)
-> Request 1
719
(4, 1, 1)
3
(52, 22)
-> Request 2
723
(4, 1, 1)
1
(28, 13)
-> Request 3
1261
(4, 2, 1)
3
(55, 27)
-> Request 4
1285
(4, 1, 1)
2
(5, 0)
-> Request 5
1318
(4, 2, 1)
3
(19, 73)
--> Day : 3
-> Request 0
4
(4, 3, 1)
3
(16, 78)
-> Request 1
5
(4, 1, 1)
2
(26, 61)
-> Request 2
684
(4, 1, 1)
2
(3, 1)
-> Request 3
856
(4, 1, 1)
2
(30, 52)
-> Request 4
941
(4, 3, 1)
2
(57, 44)
-> Request 5
1023
(4, 3, 1)
1
(1, 32)
-> Request 6
1317
(4, 2, 1)
3
(29, 43)
--> Day : 4
-> Request 0
347
(4, 1, 1)
2
(32, 49)
-> Request 1
816
(4, 1, 1)
2
(19, 42)
-> Request 2
1101
(4, 3, 1)
1
(71, 61)
---> Week : 7
--> Day : 0
-> Request 0
43
(4, 1, 1)
2
(18, 64)
-> Request 1
219
(4, 3, 1)
3
(49, 56)
-> Request 2
591
(4, 1, 1)
1
(42, 29)
-> Request 3
1056
(4, 3, 1)
3
(46, 46)
-> Request 4
1258
(4, 3, 1)
1
(29, 34)
-> Request 5
1291
(4, 2, 1)
2
(27, 78)
-> Request 6
1429
(4, 3, 1)
1
(52, 26)
--> Day : 1
-> Request 0
97
(4, 1, 1)
3
(1, 46)
-> Request 1
433
(4, 2, 1)
3
(44, 73)
-> Request 2
490
(4, 2, 1)
3
(29, 21)
-> Request 3
499
(4, 1, 1)
2
(49, 26)
-> Request 4
655
(4, 3, 1)
1
(53, 10)
-> Request 5
889
(4, 1, 1)
1
(9, 0)
--> Day : 2
-> Request 0
119
(4, 3, 1)
2
(21, 30)
-> Request 1
200
(4, 2, 1)
3
(60, 45)
-> Request 2
260
(4, 3, 1)
2
(50, 35)
-> Request 3
822
(4, 2, 1)
3
(68, 59)
-> Request 4
1170
(4, 3, 1)
2
(69, 40)
-> Request 5
1317
(4, 3, 1)
3
(71, 42)
-> Request 6
1358
(4, 2, 1)
1
(77, 75)
--> Day : 3
-> Request 0
527
(4, 1, 1)
2
(29, 15)
-> Request 1
557
(4, 2, 1)
1
(58, 11)
-> Request 2
835
(4, 3, 1)
2
(48, 10)
-> Request 3
900
(4, 1, 1)
1
(9, 63)
-> Request 4
1148
(4, 2, 1)
3
(4, 13)
-> Request 5
1250
(4, 1, 1)
3
(6, 17)
-> Request 6
1307
(4, 2, 1)
1
(33, 75)
--> Day : 4
-> Request 0
20
(4, 3, 1)
1
(68, 79)
-> Request 1
708
(4, 1, 1)
2
(21, 50)
-> Request 2
1107
(4, 2, 1)
2
(47, 15)
-> Request 3
1316
(4, 1, 1)
3
(49, 51)
---> Week : 8
--> Day : 0
-> Request 0
48
(4, 2, 1)
2
(64, 7)
-> Request 1
102
(4, 1, 1)
3
(4, 12)
-> Request 2
124
(4, 1, 1)
1
(27, 8)
-> Request 3
235
(4, 3, 1)
1
(59, 24)
-> Request 4
254
(4, 3, 1)
1
(31, 18)
-> Request 5
292
(4, 2, 1)
3
(68, 73)
-> Request 6
300
(4, 3, 1)
3
(38, 49)
-> Request 7
1034
(4, 3, 1)
3
(9, 51)
-> Request 8
1107
(4, 2, 1)
1
(44, 23)
-> Request 9
1152
(4, 1, 1)
2
(12, 58)
-> Request 10
1323
(4, 1, 1)
1
(66, 79)
-> Request 11
1336
(4, 3, 1)
3
(22, 0)
-> Request 12
1337
(4, 2, 1)
3
(56, 39)
-> Request 13
1387
(4, 3, 1)
2
(46, 25)
--> Day : 1
-> Request 0
370
(4, 1, 1)
2
(64, 33)
-> Request 1
396
(4, 3, 1)
2
(67, 66)
-> Request 2
615
(4, 1, 1)
1
(5, 37)
-> Request 3
1052
(4, 1, 1)
3
(34, 14)
--> Day : 2
-> Request 0
24
(4, 1, 1)
1
(28, 38)
-> Request 1
174
(4, 3, 1)
3
(75, 1)
-> Request 2
242
(4, 3, 1)
3
(24, 18)
-> Request 3
1043
(4, 1, 1)
3
(19, 46)
-> Request 4
1270
(4, 2, 1)
3
(13, 32)
--> Day : 3
-> Request 0
1
(4, 3, 1)
1
(75, 32)
-> Request 1
155
(4, 2, 1)
3
(28, 72)
-> Request 2
296
(4, 2, 1)
2
(22, 25)
-> Request 3
1062
(4, 2, 1)
2
(44, 16)
--> Day : 4
-> Request 0
194
(4, 2, 1)
3
(66, 78)
-> Request 1
332
(4, 2, 1)
1
(54, 17)
-> Request 2
427
(4, 3, 1)
3
(28, 52)
-> Request 3
896
(4, 2, 1)
2
(54, 78)
-> Request 4
961
(4, 3, 1)
3
(32, 72)
-> Request 5
1004
(4, 2, 1)
1
(22, 35)
-> Request 6
1404
(4, 2, 1)
2
(54, 76)
-> Request 7
1419
(4, 3, 1)
2
(56, 78)
---> Week : 9
--> Day : 0
-> Request 0
317
(4, 1, 1)
1
(27, 57)
-> Request 1
577
(4, 3, 1)
1
(36, 51)
-> Request 2
747
(4, 3, 1)
2
(66, 8)
-> Request 3
945
(4, 3, 1)
1
(32, 5)
-> Request 4
1136
(4, 3, 1)
1
(8, 2)
--> Day : 1
-> Request 0
372
(4, 1, 1)
3
(67, 31)
-> Request 1
420
(4, 2, 1)
3
(51, 52)
-> Request 2
495
(4, 1, 1)
1
(11, 9)
-> Request 3
786
(4, 3, 1)
1
(5, 18)
-> Request 4
890
(4, 2, 1)
2
(21, 25)
--> Day : 2
-> Request 0
166
(4, 1, 1)
1
(52, 53)
-> Request 1
345
(4, 3, 1)
3
(3, 27)
-> Request 2
853
(4, 1, 1)
1
(22, 24)
-> Request 3
1259
(4, 2, 1)
2
(12, 56)
--> Day : 3
-> Request 0
262
(4, 2, 1)
1
(78, 37)
-> Request 1
318
(4, 1, 1)
2
(56, 7)
-> Request 2
321
(4, 2, 1)
2
(19, 54)
-> Request 3
477
(4, 2, 1)
3
(59, 14)
-> Request 4
572
(4, 1, 1)
3
(72, 79)
-> Request 5
963
(4, 3, 1)
2
(63, 58)
-> Request 6
1058
(4, 3, 1)
2
(41, 5)
-> Request 7
1308
(4, 1, 1)
1
(2, 59)
--> Day : 4
-> Request 0
482
(4, 2, 1)
2
(64, 40)
-> Request 1
483
(4, 2, 1)
3
(37, 35)
-> Request 2
497
(4, 2, 1)
3
(9, 68)
-> Request 3
669
(4, 3, 1)
3
(2, 19)
-> Request 4
951
(4, 3, 1)
3
(47, 70)
-> Request 5
1165
(4, 2, 1)
2
(20, 26)
-> Request 6
1365
(4, 3, 1)
3
(42, 76)
---> Week : 10
--> Day : 0
-> Request 0
99
(4, 3, 1)
3
(66, 12)
-> Request 1
415
(4, 3, 1)
1
(70, 62)
-> Request 2
1390
(4, 2, 1)
3
(50, 12)
--> Day : 1
-> Request 0
82
(4, 2, 1)
3
(18, 60)
-> Request 1
434
(4, 2, 1)
3
(36, 66)
-> Request 2
452
(4, 3, 1)
2
(12, 49)
-> Request 3
578
(4, 2, 1)
1
(62, 22)
-> Request 4
625
(4, 2, 1)
1
(26, 39)
-> Request 5
644
(4, 1, 1)
2
(48, 10)
-> Request 6
755
(4, 3, 1)
3
(24, 71)
-> Request 7
1250
(4, 2, 1)
3
(46, 6)
--> Day : 2
-> Request 0
62
(4, 1, 1)
2
(4, 30)
-> Request 1
576
(4, 2, 1)
3
(18, 65)
-> Request 2
583
(4, 3, 1)
1
(66, 46)
-> Request 3
598
(4, 1, 1)
2
(45, 21)
-> Request 4
1034
(4, 2, 1)
3
(68, 71)
-> Request 5
1227
(4, 1, 1)
2
(23, 47)
--> Day : 3
-> Request 0
466
(4, 1, 1)
2
(13, 40)
-> Request 1
490
(4, 2, 1)
2
(39, 15)
-> Request 2
799
(4, 1, 1)
3
(62, 22)
-> Request 3
932
(4, 2, 1)
1
(15, 13)
-> Request 4
1083
(4, 3, 1)
2
(53, 9)
-> Request 5
1203
(4, 3, 1)
2
(45, 28)
-> Request 6
1336
(4, 3, 1)
2
(62, 10)
-> Request 7
1391
(4, 1, 1)
1
(5, 66)
-> Request 8
1412
(4, 2, 1)
2
(27, 39)
--> Day : 4
-> Request 0
202
(4, 2, 1)
3
(34, 7)
-> Request 1
465
(4, 2, 1)
3
(25, 8)
-> Request 2
546
(4, 2, 1)
1
(40, 23)
-> Request 3
720
(4, 3, 1)
2
(38, 79)
-> Request 4
1287
(4, 1, 1)
3
(49, 42)
---> Week : 11
--> Day : 0
-> Request 0
59
(4, 2, 1)
3
(77, 27)
-> Request 1
81
(4, 2, 1)
3
(66, 53)
-> Request 2
484
(4, 3, 1)
3
(0, 11)
-> Request 3
568
(4, 1, 1)
2
(37, 43)
-> Request 4
959
(4, 1, 1)
3
(8, 79)
-> Request 5
1348
(4, 3, 1)
3
(17, 38)
--> Day : 1
-> Request 0
200
(4, 1, 1)
3
(11, 65)
-> Request 1
779
(4, 1, 1)
2
(56, 1)
-> Request 2
935
(4, 3, 1)
2
(1, 43)
-> Request 3
962
(4, 1, 1)
3
(77, 42)
--> Day : 2
-> Request 0
511
(4, 2, 1)
2
(67, 12)
-> Request 1
1398
(4, 3, 1)
1
(12, 23)
--> Day : 3
-> Request 0
107
(4, 2, 1)
3
(47, 41)
-> Request 1
489
(4, 3, 1)
1
(30, 18)
-> Request 2
565
(4, 3, 1)
1
(41, 65)
-> Request 3
841
(4, 1, 1)
1
(74, 69)
-> Request 4
887
(4, 1, 1)
3
(21, 18)
-> Request 5
1434
(4, 2, 1)
3
(62, 13)
--> Day : 4
-> Request 0
155
(4, 2, 1)
3
(50, 63)
-> Request 1
325
(4, 2, 1)
1
(11, 26)
-> Request 2
404
(4, 2, 1)
3
(79, 63)
-> Request 3
525
(4, 3, 1)
1
(29, 5)
-> Request 4
534
(4, 2, 1)
3
(19, 48)
-> Request 5
656
(4, 2, 1)
1
(38, 45)
-> Request 6
740
(4, 2, 1)
2
(78, 73)
-> Request 7
821
(4, 1, 1)
2
(4, 34)
-> Request 8
1016
(4, 2, 1)
2
(45, 56)
-> Request 9
1050
(4, 1, 1)
1
(67, 48)
---> Week : 12
--> Day : 0
-> Request 0
202
(4, 1, 1)
1
(61, 61)
-> Request 1
599
(4, 2, 1)
3
(64, 16)
-> Request 2
995
(4, 3, 1)
1
(17, 67)
--> Day : 1
-> Request 0
291
(4, 2, 1)
1
(34, 78)
-> Request 1
494
(4, 1, 1)
3
(55, 36)
-> Request 2
847
(4, 2, 1)
2
(27, 43)
-> Request 3
911
(4, 2, 1)
1
(22, 3)
-> Request 4
1257
(4, 1, 1)
2
(37, 48)
--> Day : 2
-> Request 0
506
(4, 3, 1)
3
(43, 53)
-> Request 1
610
(4, 1, 1)
2
(21, 16)
-> Request 2
680
(4, 3, 1)
2
(11, 23)
-> Request 3
847
(4, 1, 1)
1
(40, 41)
-> Request 4
1117
(4, 2, 1)
1
(17, 62)
--> Day : 3
-> Request 0
77
(4, 3, 1)
3
(28, 41)
-> Request 1
192
(4, 3, 1)
1
(9, 28)
-> Request 2
244
(4, 2, 1)
2
(78, 24)
-> Request 3
440
(4, 1, 1)
3
(43, 16)
-> Request 4
470
(4, 1, 1)
2
(46, 32)
-> Request 5
747
(4, 3, 1)
2
(1, 25)
-> Request 6
943
(4, 1, 1)
2
(69, 28)
-> Request 7
1100
(4, 3, 1)
1
(4, 27)
--> Day : 4
-> Request 0
191
(4, 1, 1)
1
(65, 53)
-> Request 1
268
(4, 1, 1)
2
(79, 16)
-> Request 2
293
(4, 3, 1)
3
(56, 76)
-> Request 3
667
(4, 1, 1)
1
(73, 17)
---> Week : 13
--> Day : 0
-> Request 0
320
(4, 1, 1)
2
(60, 53)
-> Request 1
677
(4, 2, 1)
2
(55, 50)
-> Request 2
843
(4, 3, 1)
3
(40, 16)
-> Request 3
862
(4, 2, 1)
2
(64, 14)
-> Request 4
1085
(4, 3, 1)
3
(76, 39)
-> Request 5
1151
(4, 2, 1)
1
(62, 67)
--> Day : 1
-> Request 0
71
(4, 1, 1)
2
(51, 18)
-> Request 1
181
(4, 3, 1)
1
(25, 65)
-> Request 2
186
(4, 3, 1)
3
(6, 46)
-> Request 3
196
(4, 2, 1)
2
(22, 25)
-> Request 4
322
(4, 1, 1)
3
(52, 24)
-> Request 5
386
(4, 2, 1)
2
(0, 41)
-> Request 6
1280
(4, 1, 1)
1
(70, 57)
--> Day : 2
-> Request 0
275
(4, 3, 1)
1
(77, 45)
-> Request 1
300
(4, 3, 1)
2
(54, 41)
-> Request 2
586
(4, 1, 1)
3
(53, 50)
-> Request 3
997
(4, 3, 1)
2
(13, 53)
-> Request 4
1341
(4, 3, 1)
2
(47, 24)
--> Day : 3
-> Request 0
224
(4, 2, 1)
2
(17, 25)
-> Request 1
278
(4, 1, 1)
1
(50, 76)
-> Request 2
582
(4, 3, 1)
1
(35, 0)
-> Request 3
687
(4, 3, 1)
2
(5, 42)
-> Request 4
1281
(4, 1, 1)
1
(11, 3)
--> Day : 4
-> Request 0
97
(4, 3, 1)
3
(13, 57)
-> Request 1
233
(4, 3, 1)
3
(44, 37)
-> Request 2
257
(4, 2, 1)
1
(36, 67)
-> Request 3
508
(4, 2, 1)
1
(23, 56)
-> Request 4
749
(4, 1, 1)
1
(8, 15)
-> Request 5
1178
(4, 2, 1)
2
(39, 28)
-> Request 6
1349
(4, 1, 1)
2
(18, 48)
---> Week : 14
--> Day : 0
-> Request 0
363
(4, 2, 1)
3
(54, 58)
-> Request 1
813
(4, 2, 1)
3
(48, 8)
-> Request 2
1230
(4, 1, 1)
3
(26, 63)
--> Day : 1
-> Request 0
2
(4, 3, 1)
1
(62, 45)
-> Request 1
210
(4, 3, 1)
3
(0, 7)
-> Request 2
411
(4, 3, 1)
1
(60, 65)
-> Request 3
467
(4, 3, 1)
2
(33, 12)
-> Request 4
660
(4, 2, 1)
3
(18, 15)
-> Request 5
1099
(4, 1, 1)
1
(58, 4)
-> Request 6
1263
(4, 3, 1)
3
(77, 23)
-> Request 7
1424
(4, 1, 1)
1
(27, 16)
--> Day : 2
-> Request 0
117
(4, 2, 1)
1
(60, 36)
-> Request 1
286
(4, 2, 1)
1
(41, 64)
-> Request 2
468
(4, 2, 1)
1
(42, 8)
-> Request 3
894
(4, 1, 1)
1
(24, 47)
-> Request 4
1254
(4, 1, 1)
1
(61, 2)
-> Request 5
1357
(4, 2, 1)
2
(60, 32)
-> Request 6
1404
(4, 3, 1)
1
(4, 71)
--> Day : 3
-> Request 0
542
(4, 3, 1)
3
(66, 28)
-> Request 1
1127
(4, 2, 1)
2
(76, 41)
--> Day : 4
-> Request 0
444
(4, 3, 1)
1
(78, 0)
-> Request 1
503
(4, 1, 1)
1
(11, 16)
---> Week : 15
--> Day : 0
-> Request 0
288
(4, 2, 1)
3
(42, 40)
-> Request 1
336
(4, 1, 1)
3
(69, 68)
-> Request 2
576
(4, 3, 1)
1
(64, 29)
-> Request 3
622
(4, 3, 1)
2
(8, 10)
-> Request 4
633
(4, 3, 1)
1
(8, 35)
-> Request 5
913
(4, 3, 1)
1
(35, 73)
-> Request 6
1308
(4, 2, 1)
2
(63, 37)
--> Day : 1
-> Request 0
107
(4, 1, 1)
1
(39, 56)
-> Request 1
246
(4, 2, 1)
1
(56, 69)
-> Request 2
286
(4, 3, 1)
3
(23, 40)
-> Request 3
1359
(4, 2, 1)
3
(14, 53)
-> Request 4
1378
(4, 1, 1)
1
(38, 28)
--> Day : 2
-> Request 0
282
(4, 1, 1)
3
(31, 16)
-> Request 1
398
(4, 1, 1)
3
(61, 21)
-> Request 2
1059
(4, 3, 1)
2
(54, 6)
-> Request 3
1361
(4, 2, 1)
1
(29, 25)
--> Day : 3
-> Request 0
204
(4, 1, 1)
3
(51, 34)
-> Request 1
506
(4, 3, 1)
2
(36, 33)
-> Request 2
1020
(4, 1, 1)
2
(70, 49)
-> Request 3
1411
(4, 3, 1)
1
(37, 20)
--> Day : 4
-> Request 0
327
(4, 1, 1)
2
(9, 58)
-> Request 1
734
(4, 2, 1)
1
(29, 66)
-> Request 2
877
(4, 2, 1)
3
(79, 67)
-> Request 3
1056
(4, 2, 1)
1
(21, 18)
-> Request 4
1149
(4, 2, 1)
3
(4, 50)
---> Week : 16
--> Day : 0
-> Request 0
33
(4, 2, 1)
3
(10, 28)
-> Request 1
114
(4, 3, 1)
1
(52, 40)
-> Request 2
257
(4, 1, 1)
2
(17, 53)
-> Request 3
567
(4, 3, 1)
3
(65, 60)
--> Day : 1
-> Request 0
200
(4, 1, 1)
1
(67, 78)
-> Request 1
243
(4, 3, 1)
2
(58, 9)
-> Request 2
528
(4, 2, 1)
1
(68, 30)
-> Request 3
1060
(4, 3, 1)
3
(38, 71)
--> Day : 2
-> Request 0
1
(4, 1, 1)
3
(73, 10)
-> Request 1
205
(4, 3, 1)
3
(17, 45)
-> Request 2
212
(4, 1, 1)
2
(21, 28)
-> Request 3
493
(4, 3, 1)
1
(43, 15)
-> Request 4
769
(4, 3, 1)
1
(7, 75)
-> Request 5
1220
(4, 1, 1)
1
(5, 60)
-> Request 6
1221
(4, 2, 1)
3
(38, 65)
-> Request 7
1394
(4, 1, 1)
3
(67, 22)
-> Request 8
1430
(4, 2, 1)
2
(35, 64)
--> Day : 3
-> Request 0
377
(4, 1, 1)
2
(42, 31)
-> Request 1
456
(4, 2, 1)
2
(49, 38)
-> Request 2
761
(4, 2, 1)
1
(77, 53)
-> Request 3
851
(4, 2, 1)
3
(51, 21)
-> Request 4
880
(4, 1, 1)
1
(46, 47)
-> Request 5
974
(4, 3, 1)
2
(51, 58)
-> Request 6
1344
(4, 2, 1)
2
(73, 7)
--> Day : 4
-> Request 0
608
(4, 2, 1)
1
(10, 78)
-> Request 1
1288
(4, 2, 1)
1
(59, 46)
-> Request 2
1367
(4, 3, 1)
3
(52, 6)
-> Request 3
1435
(4, 2, 1)
2
(16, 73)
---> Week : 17
--> Day : 0
-> Request 0
206
(4, 2, 1)
2
(27, 72)
-> Request 1
338
(4, 1, 1)
2
(57, 56)
-> Request 2
351
(4, 3, 1)
3
(46, 11)
-> Request 3
483
(4, 3, 1)
2
(58, 47)
-> Request 4
536
(4, 3, 1)
3
(23, 29)
-> Request 5
1237
(4, 1, 1)
3
(74, 28)
--> Day : 1
-> Request 0
188
(4, 1, 1)
1
(3, 18)
-> Request 1
271
(4, 2, 1)
2
(73, 56)
-> Request 2
276
(4, 1, 1)
3
(39, 46)
-> Request 3
668
(4, 2, 1)
1
(40, 26)
-> Request 4
673
(4, 1, 1)
3
(55, 9)
-> Request 5
1126
(4, 2, 1)
2
(19, 2)
-> Request 6
1211
(4, 3, 1)
3
(14, 21)
--> Day : 2
-> Request 0
369
(4, 2, 1)
2
(67, 37)
-> Request 1
519
(4, 3, 1)
2
(69, 68)
-> Request 2
620
(4, 1, 1)
3
(15, 13)
-> Request 3
757
(4, 1, 1)
2
(74, 35)
-> Request 4
909
(4, 3, 1)
2
(7, 2)
-> Request 5
1076
(4, 3, 1)
3
(37, 62)
--> Day : 3
-> Request 0
252
(4, 3, 1)
1
(1, 69)
-> Request 1
297
(4, 2, 1)
1
(10, 72)
-> Request 2
466
(4, 2, 1)
2
(7, 7)
-> Request 3
501
(4, 2, 1)
2
(35, 42)
-> Request 4
555
(4, 1, 1)
1
(17, 18)
-> Request 5
854
(4, 3, 1)
3
(70, 28)
-> Request 6
1276
(4, 1, 1)
3
(27, 49)
--> Day : 4
-> Request 0
118
(4, 1, 1)
2
(60, 11)
-> Request 1
432
(4, 1, 1)
1
(52, 51)
-> Request 2
686
(4, 1, 1)
3
(76, 30)
-> Request 3
970
(4, 3, 1)
1
(0, 42)
-> Request 4
1238
(4, 1, 1)
2
(16, 68)
---> Week : 18
--> Day : 0
-> Request 0
46
(4, 3, 1)
1
(6, 50)
-> Request 1
536
(4, 2, 1)
3
(50, 53)
-> Request 2
632
(4, 3, 1)
3
(65, 67)
-> Request 3
1315
(4, 3, 1)
2
(29, 50)
--> Day : 1
-> Request 0
43
(4, 3, 1)
3
(38, 31)
-> Request 1
340
(4, 2, 1)
1
(16, 27)
-> Request 2
537
(4, 3, 1)
3
(44, 1)
-> Request 3
854
(4, 2, 1)
1
(76, 35)
-> Request 4
896
(4, 1, 1)
1
(51, 47)
-> Request 5
988
(4, 3, 1)
3
(22, 52)
-> Request 6
1333
(4, 3, 1)
3
(31, 57)
-> Request 7
1402
(4, 1, 1)
1
(31, 70)
--> Day : 2
-> Request 0
42
(4, 2, 1)
2
(42, 45)
-> Request 1
76
(4, 2, 1)
2
(46, 51)
-> Request 2
446
(4, 1, 1)
3
(60, 49)
-> Request 3
832
(4, 2, 1)
2
(46, 8)
-> Request 4
894
(4, 1, 1)
1
(28, 36)
-> Request 5
909
(4, 2, 1)
2
(55, 56)
--> Day : 3
-> Request 0
114
(4, 3, 1)
2
(54, 55)
-> Request 1
450
(4, 3, 1)
3
(48, 67)
-> Request 2
707
(4, 2, 1)
2
(36, 21)
-> Request 3
878
(4, 3, 1)
3
(67, 73)
-> Request 4
911
(4, 2, 1)
1
(11, 61)
--> Day : 4
-> Request 0
15
(4, 2, 1)
2
(66, 0)
-> Request 1
85
(4, 3, 1)
3
(47, 40)
-> Request 2
249
(4, 3, 1)
3
(72, 46)
-> Request 3
263
(4, 3, 1)
3
(55, 17)
-> Request 4
405
(4, 2, 1)
2
(42, 56)
-> Request 5
425
(4, 2, 1)
1
(20, 60)
-> Request 6
517
(4, 1, 1)
3
(9, 41)
-> Request 7
692
(4, 1, 1)
1
(16, 47)
-> Request 8
845
(4, 1, 1)
3
(12, 45)
-> Request 9
891
(4, 2, 1)
3
(14, 33)
---> Week : 19
--> Day : 0
-> Request 0
8
(4, 3, 1)
2
(43, 39)
-> Request 1
293
(4, 3, 1)
3
(7, 38)
-> Request 2
654
(4, 3, 1)
2
(6, 62)
-> Request 3
692
(4, 3, 1)
3
(23, 54)
-> Request 4
695
(4, 2, 1)
2
(60, 6)
-> Request 5
761
(4, 2, 1)
2
(72, 67)
-> Request 6
1019
(4, 2, 1)
2
(17, 52)
-> Request 7
1076
(4, 3, 1)
2
(9, 29)
-> Request 8
1286
(4, 1, 1)
2
(18, 2)
-> Request 9
1353
(4, 3, 1)
2
(2, 14)
-> Request 10
1358
(4, 2, 1)
3
(58, 44)
--> Day : 1
-> Request 0
34
(4, 3, 1)
1
(9, 15)
-> Request 1
266
(4, 2, 1)
3
(33, 43)
-> Request 2
274
(4, 2, 1)
1
(70, 14)
-> Request 3
385
(4, 2, 1)
1
(41, 29)
-> Request 4
583
(4, 2, 1)
3
(31, 28)
-> Request 5
681
(4, 1, 1)
3
(20, 41)
-> Request 6
827
(4, 3, 1)
1
(33, 25)
-> Request 7
855
(4, 2, 1)
1
(4, 34)
-> Request 8
1254
(4, 2, 1)
2
(67, 43)
-> Request 9
1260
(4, 3, 1)
1
(8, 60)
--> Day : 2
-> Request 0
192
(4, 3, 1)
1
(32, 66)
-> Request 1
408
(4, 1, 1)
3
(21, 4)
-> Request 2
609
(4, 2, 1)
2
(62, 65)
-> Request 3
713
(4, 3, 1)
3
(48, 27)
-> Request 4
861
(4, 2, 1)
2
(49, 74)
-> Request 5
926
(4, 1, 1)
3
(42, 11)
-> Request 6
1098
(4, 3, 1)
3
(37, 55)
-> Request 7
1391
(4, 1, 1)
2
(35, 42)
--> Day : 3
-> Request 0
124
(4, 3, 1)
2
(43, 14)
-> Request 1
720
(4, 1, 1)
3
(52, 23)
-> Request 2
755
(4, 2, 1)
1
(30, 2)
-> Request 3
797
(4, 2, 1)
2
(78, 44)
-> Request 4
816
(4, 2, 1)
2
(7, 24)
-> Request 5
822
(4, 3, 1)
3
(36, 4)
-> Request 6
1198
(4, 2, 1)
1
(32, 40)
--> Day : 4
-> Request 0
4
(4, 1, 1)
3
(33, 66)
-> Request 1
227
(4, 3, 1)
2
(52, 4)
-> Request 2
480
(4, 1, 1)
3
(12, 41)
-> Request 3
721
(4, 2, 1)
1
(59, 77)
-> Request 4
987
(4, 2, 1)
3
(6, 23)
-> Request 5
1234
(4, 2, 1)
2
(32, 58)
