---> Week : 0
--> Day : 0
-> Request 0
504
(4, 3, 1)
1
(41, 34)
-> Request 1
1335
(4, 1, 1)
2
(77, 51)
--> Day : 1
-> Request 0
77
(4, 1, 1)
2
(27, 36)
-> Request 1
373
(4, 3, 1)
2
(7, 17)
-> Request 2
602
(4, 2, 1)
1
(63, 37)
-> Request 3
837
(4, 2, 1)
3
(73, 71)
-> Request 4
957
(4, 1, 1)
3
(16, 60)
-> Request 5
1231
(4, 3, 1)
1
(45, 32)
--> Day : 2
-> Request 0
37
(4, 1, 1)
1
(30, 53)
-> Request 1
315
(4, 3, 1)
2
(55, 8)
-> Request 2
707
(4, 2, 1)
3
(23, 32)
-> Request 3
843
(4, 2, 1)
2
(76, 21)
-> Request 4
847
(4, 3, 1)
3
(47, 71)
-> Request 5
1176
(4, 2, 1)
3
(64, 13)
--> Day : 3
-> Request 0
34
(4, 3, 1)
2
(27, 2)
-> Request 1
36
(4, 2, 1)
3
(78, 75)
-> Request 2
207
(4, 3, 1)
3
(5, 34)
-> Request 3
410
(4, 3, 1)
1
(27, 77)
-> Request 4
452
(4, 3, 1)
2
(9, 64)
-> Request 5
504
(4, 1, 1)
3
(62, 79)
-> Request 6
996
(4, 2, 1)
2
(78, 20)
-> Request 7
1108
(4, 2, 1)
1
(59, 16)
-> Request 8
1189
(4, 3, 1)
1
(78, 53)
-> Request 9
1419
(4, 2, 1)
3
(13, 42)
--> Day : 4
-> Request 0
32
(4, 2, 1)
2
(41, 10)
-> Request 1
493
(4, 3, 1)
1
(16, 28)
-> Request 2
1002
(4, 1, 1)
2
(4, 78)
-> Request 3
1252
(4, 2, 1)
3
(15, 39)
-> Request 4
1435
(4, 3, 1)
2
(75, 64)
---> Week : 1
--> Day : 0
-> Request 0
65
(4, 1, 1)
3
(74, 60)
-> Request 1
95
(4, 3, 1)
1
(30, 68)
-> Request 2
124
(4, 1, 1)
1
(70, 37)
-> Request 3
453
(4, 1, 1)
1
(13, 45)
-> Request 4
648
(4, 2, 1)
1
(59, 18)
-> Request 5
687
(4, 1, 1)
3
(9, 45)
-> Request 6
1160
(4, 2, 1)
2
(5, 20)
--> Day : 1
-> Request 0
49
(4, 2, 1)
3
(53, 21)
-> Request 1
350
(4, 2, 1)
2
(24, 1)
-> Request 2
542
(4, 2, 1)
3
(37, 62)
-> Request 3
1114
(4, 2, 1)
1
(7, 15)
--> Day : 2
-> Request 0
133
(4, 3, 1)
3
(33, 75)
-> Request 1
313
(4, 2, 1)
2
(17, 55)
-> Request 2
387
(4, 1, 1)
2
(44, 34)
-> Request 3
676
(4, 3, 1)
2
(7, 49)
-> Request 4
750
(4, 1, 1)
2
(21, 59)
-> Request 5
753
(4, 2, 1)
3
(45, 18)
-> Request 6
830
(4, 3, 1)
1
(2, 41)
-> Request 7
1194
(4, 2, 1)
1
(5, 31)
-> Request 8
1332
(4, 1, 1)
3
(12, 12)
-> Request 9
1389
(4, 3, 1)
1
(73, 67)
-> Request 10
1414
(4, 3, 1)
1
(16, 74)
--> Day : 3
-> Request 0
164
(4, 1, 1)
2
(57, 23)
-> Request 1
207
(4, 3, 1)
2
(4, 63)
-> Request 2
345
(4, 3, 1)
2
(29, 21)
-> Request 3
769
(4, 1, 1)
3
(31, 40)
-> Request 4
911
(4, 3, 1)
1
(47, 54)
-> Request 5
938
(4, 1, 1)
1
(51, 47)
-> Request 6
1086
(4, 2, 1)
1
(53, 31)
-> Request 7
1091
(4, 3, 1)
1
(19, 2)
-> Request 8
1266
(4, 2, 1)
1
(78, 41)
-> Request 9
1319
(4, 3, 1)
3
(30, 16)
-> Request 10
1329
(4, 2, 1)
1
(42, 75)
--> Day : 4
-> Request 0
12
(4, 3, 1)
2
(55, 75)
-> Request 1
146
(4, 3, 1)
1
(46, 26)
-> Request 2
545
(4, 2, 1)
2
(38, 37)
-> Request 3
586
(4, 2, 1)
2
(8, 47)
-> Request 4
624
(4, 2, 1)
1
(16, 77)
-> Request 5
700
(4, 1, 1)
3
(49, 47)
-> Request 6
842
(4, 3, 1)
3
(3, 33)
-> Request 7
1414
(4, 3, 1)
1
(74, 75)
---> Week : 2
--> Day : 0
-> Request 0
92
(4, 1, 1)
3
(49, 58)
-> Request 1
597
(4, 1, 1)
3
(38, 68)
-> Request 2
790
(4, 2, 1)
3
(74, 56)
-> Request 3
852
(4, 1, 1)
1
(42, 10)
-> Request 4
1329
(4, 2, 1)
1
(26, 75)
--> Day : 1
-> Request 0
206
(4, 2, 1)
1
(49, 75)
-> Request 1
305
(4, 2, 1)
1
(60, 7)
-> Request 2
475
(4, 2, 1)
2
(0, 12)
--> Day : 2
-> Request 0
471
(4, 1, 1)
2
(7, 8)
-> Request 1
480
(4, 1, 1)
1
(73, 61)
-> Request 2
561
(4, 3, 1)
3
(64, 53)
-> Request 3
575
(4, 3, 1)
3
(64, 13)
-> Request 4
580
(4, 2, 1)
2
(41, 54)
-> Request 5
613
(4, 3, 1)
2
(33, 36)
-> Request 6
791
(4, 2, 1)
1
(57, 63)
-> Request 7
827
(4, 3, 1)
2
(0, 0)
--> Day : 3
-> Request 0
111
(4, 3, 1)
2
(16, 39)
-> Request 1
718
(4, 1, 1)
1
(58, 9)
-> Request 2
920
(4, 1, 1)
1
(71, 4)
-> Request 3
1268
(4, 3, 1)
1
(32, 42)
-> Request 4
1399
(4, 2, 1)
1
(64, 38)
--> Day : 4
-> Request 0
517
(4, 3, 1)
1
(22, 19)
-> Request 1
657
(4, 1, 1)
3
(32, 62)
-> Request 2
704
(4, 2, 1)
3
(78, 51)
-> Request 3
898
(4, 3, 1)
2
(38, 54)
-> Request 4
933
(4, 3, 1)
1
(40, 63)
-> Request 5
1150
(4, 3, 1)
1
(63, 18)
-> Request 6
1212
(4, 3, 1)
1
(27, 56)
-> Request 7
1222
(4, 3, 1)
1
(45, 5)
---> Week : 3
--> Day : 0
-> Request 0
497
(4, 2, 1)
3
(4, 37)
-> Request 1
971
(4, 3, 1)
2
(62, 21)
-> Request 2
978
(4, 3, 1)
1
(72, 32)
-> Request 3
1061
(4, 2, 1)
2
(40, 62)
-> Request 4
1075
(4, 1, 1)
3
(71, 42)
-> Request 5
1270
(4, 2, 1)
3
(48, 59)
--> Day : 1
-> Request 0
817
(4, 1, 1)
1
(52, 64)
-> Request 1
1243
(4, 3, 1)
1
(12, 45)
-> Request 2
1344
(4, 2, 1)
3
(5, 5)
--> Day : 2
-> Request 0
242
(4, 3, 1)
3
(20, 11)
-> Request 1
352
(4, 1, 1)
3
(25, 66)
-> Request 2
532
(4, 2, 1)
2
(8, 69)
-> Request 3
844
(4, 3, 1)
1
(6, 76)
-> Request 4
887
(4, 3, 1)
2
(17, 67)
-> Request 5
946
(4, 1, 1)
1
(24, 34)
-> Request 6
1018
(4, 3, 1)
3
(4, 27)
-> Request 7
1077
(4, 1, 1)
1
(67, 76)
-> Request 8
1372
(4, 1, 1)
1
(67, 77)
--> Day : 3
-> Request 0
99
(4, 2, 1)
2
(9, 8)
-> Request 1
259
(4, 2, 1)
2
(0, 2)
-> Request 2
351
(4, 2, 1)
3
(64, 20)
-> Request 3
530
(4, 3, 1)
3
(72, 32)
-> Request 4
844
(4, 2, 1)
3
(53, 44)
-> Request 5
1207
(4, 3, 1)
1
(26, 67)
--> Day : 4
-> Request 0
1077
(4, 2, 1)
2
(1, 57)
---> Week : 4
--> Day : 0
-> Request 0
524
(4, 2, 1)
3
(37, 79)
-> Request 1
609
(4, 1, 1)
3
(33, 75)
-> Request 2
689
(4, 3, 1)
2
(2, 7)
-> Request 3
748
(4, 2, 1)
2
(60, 70)
-> Request 4
1075
(4, 1, 1)
1
(16, 23)
--> Day : 1
-> Request 0
561
(4, 3, 1)
3
(23, 20)
-> Request 1
665
(4, 2, 1)
2
(21, 54)
-> Request 2
878
(4, 1, 1)
3
(36, 39)
-> Request 3
1135
(4, 2, 1)
2
(50, 14)
--> Day : 2
-> Request 0
358
(4, 3, 1)
2
(23, 5)
-> Request 1
607
(4, 2, 1)
1
(17, 60)
-> Request 2
1016
(4, 2, 1)
2
(0, 28)
-> Request 3
1276
(4, 1, 1)
1
(14, 35)
--> Day : 3
-> Request 0
69
(4, 1, 1)
1
(59, 1)
-> Request 1
101
(4, 1, 1)
2
(40, 54)
-> Request 2
348
(4, 3, 1)
2
(22, 64)
-> Request 3
412
(4, 1, 1)
3
(49, 10)
-> Request 4
499
(4, 2, 1)
1
(13, 26)
-> Request 5
814
(4, 3, 1)
1
(64, 69)
-> Request 6
829
(4, 3, 1)
3
(73, 13)
-> Request 7
1198
(4, 2, 1)
2
(76, 71)
-> Request 8
1230
(4, 3, 1)
3
(17, 0)
--> Day : 4
-> Request 0
191
(4, 1, 1)
1
(10, 29)
-> Request 1
208
(4, 2, 1)
2
(34, 71)
-> Request 2
309
(4, 3, 1)
1
(30, 31)
-> Request 3
402
(4, 3, 1)
2
(12, 34)
-> Request 4
893
(4, 1, 1)
3
(56, 41)
-> Request 5
937
(4, 1, 1)
3
(64, 10)
-> Request 6
1227
(4, 3, 1)
3
(35, 58)
-> Request 7
1284
(4, 2, 1)
3
(68, 39)
-> Request 8
1429
(4, 1, 1)
1
(47, 44)
---> Week : 5
--> Day : 0
-> Request 0
568
(4, 1, 1)
2
(73, 55)
-> Request 1
808
(4, 1, 1)
2
(38, 34)
-> Request 2
1103
(4, 2, 1)
1
(8, 64)
-> Request 3
1207
(4, 3, 1)
2
(66, 39)
--> Day : 1
-> Request 0
143
(4, 3, 1)
3
(43, 56)
-> Request 1
968
(4, 2, 1)
2
(67, 46)
-> Request 2
1187
(4, 2, 1)
2
(39, 56)
--> Day : 2
-> Request 0
104
(4, 1, 1)
1
(68, 79)
-> Request 1
697
(4, 2, 1)
2
(29, 46)
-> Request 2
795
(4, 1, 1)
1
(42, 71)
-> Request 3
797
(4, 2, 1)
3
(35, 5)
-> Request 4
842
(4, 2, 1)
2
(63, 51)
-> Request 5
1147
(4, 3, 1)
2
(72, 14)
-> Request 6
1167
(4, 1, 1)
1
(46, 38)
-> Request 7
1291
(4, 2, 1)
3
(17, 50)
--> Day : 3
-> Request 0
456
(4, 2, 1)
3
(25, 1)
-> Request 1
542
(4, 3, 1)
1
(54, 3)
-> Request 2
619
(4, 1, 1)
2
(67, 79)
-> Request 3
754
(4, 3, 1)
1
(42, 22)
-> Request 4
1177
(4, 2, 1)
3
(63, 66)
-> Request 5
1395
(4, 1, 1)
3
(23, 57)
--> Day : 4
-> Request 0
412
(4, 3, 1)
2
(3, 33)
-> Request 1
1218
(4, 3, 1)
2
(74, 9)
-> Request 2
1336
(4, 2, 1)
1
(58, 6)
---> Week : 6
--> Day : 0
-> Request 0
440
(4, 1, 1)
2
(70, 29)
-> Request 1
552
(4, 2, 1)
1
(2, 28)
-> Request 2
694
(4, 1, 1)
2
(9, 66)
-> Request 3
1137
(4, 1, 1)
1
(8, 26)
-> Request 4
1236
(4, 1, 1)
1
(26, 17)
-> Request 5
1369
(4, 2, 1)
2
(56, 52)
--> Day : 1
-> Request 0
209
(4, 3, 1)
2
(46, 8)
-> Request 1
371
(4, 3, 1)
3
(28, 58)
-> Request 2
372
(4, 2, 1)
2
(55, 18)
-> Request 3
464
(4, 3, 1)
1
(63, 56)
-> Request 4
757
(4, 1, 1)
3
(53, 9)
-> Request 5
853
(4, 1, 1)
1
(14, 14)
-> Request 6
1111
(4, 2, 1)
2
(18, 16)
--> Day : 2
-> Request 0
102
(4, 3, 1)
2
(41, 31)
-> Request 1
109
(4, 2, 1)
3
(33, 66)
-> Request 2
1164
(4, 3, 1)
2
(64, 27)
-> Request 3
1296
(4, 1, 1)
1
(79, 50)
--> Day : 3
-> Request 0
204
(4, 1, 1)
3
(75, 75)
-> Request 1
492
(4, 1, 1)
1
(30, 24)
-> Request 2
504
(4, 1, 1)
1
(43, 3)
-> Request 3
1352
(4, 2, 1)
3
(65, 77)
--> Day : 4
-> Request 0
595
(4, 2, 1)
2
(0, 25)
-> Request 1
797
(4, 1, 1)
1
(15, 17)
-> Request 2
837
(4, 1, 1)
2
(35, 63)
-> Request 3
944
(4, 1, 1)
1
(40, 67)
-> Request 4
1280
(4, 3, 1)
2
(3, 3)
-> Request 5
1368
(4, 3, 1)
1
(46, 7)
---> Week : 7
--> Day : 0
-> Request 0
136
(4, 3, 1)
3
(26, 18)
--> Day : 1
-> Request 0
273
(4, 3, 1)
1
(52, 34)
-> Request 1
984
(4, 1, 1)
2
(43, 0)
-> Request 2
984
(4, 1, 1)
3
(68, 66)
--> Day : 2
-> Request 0
531
(4, 2, 1)
2
(8, 70)
-> Request 1
855
(4, 2, 1)
1
(76, 5)
-> Request 2
917
(4, 2, 1)
1
(56, 51)
-> Request 3
920
(4, 2, 1)
2
(75, 59)
-> Request 4
1018
(4, 3, 1)
1
(0, 4)
-> Request 5
1061
(4, 3, 1)
1
(58, 20)
-> Request 6
1275
(4, 1, 1)
2
(39, 30)
-> Request 7
1337
(4, 3, 1)
1
(19, 32)
--> Day : 3
-> Request 0
88
(4, 1, 1)
3
(55, 22)
-> Request 1
217
(4, 1, 1)
1
(17, 21)
-> Request 2
249
(4, 2, 1)
2
(49, 9)
-> Request 3
270
(4, 3, 1)
1
(36, 39)
-> Request 4
471
(4, 2, 1)
3
(36, 71)
--> Day : 4
-> Request 0
268
(4, 2, 1)
3
(65, 62)
-> Request 1
401
(4, 1, 1)
1
(51, 12)
-> Request 2
682
(4, 2, 1)
1
(52, 25)
-> Request 3
794
(4, 1, 1)
2
(22, 48)
-> Request 4
1228
(4, 3, 1)
1
(45, 36)
---> Week : 8
--> Day : 0
-> Request 0
152
(4, 3, 1)
3
(35, 20)
-> Request 1
163
(4, 2, 1)
1
(52, 42)
-> Request 2
352
(4, 1, 1)
3
(39, 39)
-> Request 3
1353
(4, 2, 1)
2
(17, 76)
--> Day : 1
-> Request 0
387
(4, 1, 1)
2
(53, 17)
-> Request 1
1097
(4, 3, 1)
3
(54, 10)
-> Request 2
1114
(4, 1, 1)
3
(56, 4)
-> Request 3
1435
(4, 1, 1)
2
(6, 20)
--> Day : 2
-> Request 0
19
(4, 1, 1)
3
(63, 77)
-> Request 1
103
(4, 1, 1)
2
(8, 19)
-> Request 2
462
(4, 1, 1)
3
(68, 25)
-> Request 3
483
(4, 3, 1)
2
(57, 15)
-> Request 4
530
(4, 1, 1)
3
(2, 30)
-> Request 5
607
(4, 2, 1)
1
(54, 28)
-> Request 6
1419
(4, 3, 1)
1
(63, 7)
--> Day : 3
-> Request 0
64
(4, 3, 1)
3
(19, 2)
-> Request 1
111
(4, 3, 1)
3
(70, 70)
-> Request 2
184
(4, 1, 1)
2
(78, 70)
-> Request 3
264
(4, 1, 1)
1
(29, 36)
-> Request 4
285
(4, 2, 1)
3
(32, 14)
-> Request 5
365
(4, 2, 1)
2
(78, 65)
-> Request 6
636
(4, 3, 1)
1
(26, 18)
-> Request 7
736
(4, 2, 1)
3
(62, 68)
-> Request 8
736
(4, 1, 1)
2
(30, 48)
-> Request 9
742
(4, 2, 1)
3
(73, 78)
-> Request 10
805
(4, 3, 1)
3
(3, 28)
-> Request 11
865
(4, 1, 1)
1
(19, 37)
-> Request 12
1087
(4, 1, 1)
2
(31, 20)
-> Request 13
1141
(4, 1, 1)
2
(46, 58)
-> Request 14
1153
(4, 3, 1)
1
(10, 0)
--> Day : 4
-> Request 0
175
(4, 2, 1)
2
(30, 77)
-> Request 1
391
(4, 3, 1)
3
(58, 49)
-> Request 2
599
(4, 1, 1)
2
(43, 7)
-> Request 3
600
(4, 2, 1)
1
(72, 69)
-> Request 4
1323
(4, 1, 1)
1
(70, 24)
---> Week : 9
--> Day : 0
-> Request 0
193
(4, 1, 1)
3
(72, 59)
-> Request 1
193
(4, 2, 1)
2
(48, 38)
-> Request 2
377
(4, 2, 1)
2
(75, 61)
-> Request 3
580
(4, 2, 1)
2
(71, 61)
-> Request 4
1038
(4, 1, 1)
3
(51, 10)
-> Request 5
1128
(4, 2, 1)
3
(28, 5)
-> Request 6
1330
(4, 3, 1)
2
(25, 17)
--> Day : 1
-> Request 0
177
(4, 2, 1)
2
(33, 58)
-> Request 1
360
(4, 3, 1)
3
(24, 57)
-> Request 2
460
(4, 3, 1)
3
(29, 40)
-> Request 3
598
(4, 2, 1)
3
(25, 62)
-> Request 4
696
(4, 1, 1)
1
(14, 79)
-> Request 5
1072
(4, 3, 1)
2
(66, 25)
-> Request 6
1149
(4, 1, 1)
3
(23, 45)
-> Request 7
1315
(4, 2, 1)
2
(20, 40)
--> Day : 2
-> Request 0
339
(4, 1, 1)
2
(43, 73)
-> Request 1
561
(4, 3, 1)
3
(49, 45)
-> Request 2
573
(4, 1, 1)
1
(38, 74)
-> Request 3
578
(4, 3, 1)
2
(30, 11)
-> Request 4
872
(4, 1, 1)
3
(12, 39)
-> Request 5
1080
(4, 1, 1)
3
(39, 34)
-> Request 6
1181
(4, 2, 1)
1
(38, 18)
-> Request 7
1326
(4, 3, 1)
1
(27, 26)
--> Day : 3
-> Request 0
235
(4, 3, 1)
3
(59, 26)
-> Request 1
516
(4, 3, 1)
1
(21, 54)
-> Request 2
934
(4, 1, 1)
1
(62, 24)
-> Request 3
1110
(4, 1, 1)
2
(43, 21)
-> Request 4
1243
(4, 2, 1)
1
(15, 68)
--> Day : 4
-> Request 0
559
(4, 2, 1)
1
(34, 42)
-> Request 1
731
(4, 1, 1)
3
(56, 75)
---> Week : 10
--> Day : 0
-> Request 0
20
(4, 3, 1)
2
(8, 38)
-> Request 1
247
(4, 3, 1)
3
(63, 77)
-> Request 2
567
(4, 1, 1)
3
(10, 34)
-> Request 3
898
(4, 3, 1)
3
(9, 0)
-> Request 4
1149
(4, 2, 1)
3
(7, 13)
-> Request 5
1221
(4, 3, 1)
3
(30, 50)
--> Day : 1
-> Request 0
223
(4, 3, 1)
1
(66, 57)
-> Request 1
321
(4, 3, 1)
1
(56, 6)
-> Request 2
867
(4, 2, 1)
3
(20, 76)
-> Request 3
932
(4, 3, 1)
1
(34, 14)
-> Request 4
1116
(4, 1, 1)
2
(9, 60)
--> Day : 2
-> Request 0
240
(4, 2, 1)
3
(49, 36)
-> Request 1
820
(4, 2, 1)
3
(36, 0)
-> Request 2
1009
(4, 2, 1)
3
(62, 29)
-> Request 3
1070
(4, 2, 1)
3
(74, 69)
-> Request 4
1108
(4, 3, 1)
2
(59, 38)
-> Request 5
1346
(4, 3, 1)
3
(73, 70)
--> Day : 3
-> Request 0
46
(4, 1, 1)
2
(2, 46)
-> Request 1
191
(4, 2, 1)
3
(26, 2)
-> Request 2
249
(4, 1, 1)
3
(55, 19)
-> Request 3
256
(4, 1, 1)
3
(37, 27)
-> Request 4
422
(4, 2, 1)
3
(56, 71)
-> Request 5
657
(4, 2, 1)
1
(74, 15)
-> Request 6
718
(4, 2, 1)
3
(30, 73)
--> Day : 4
-> Request 0
738
(4, 1, 1)
3
(57, 66)
-> Request 1
978
(4, 2, 1)
2
(2, 47)
-> Request 2
1305
(4, 3, 1)
3
(26, 14)
-> Request 3
1317
(4, 3, 1)
3
(13, 35)
---> Week : 11
--> Day : 0
-> Request 0
91
(4, 3, 1)
1
(37, 65)
-> Request 1
479
(4, 1, 1)
2
(44, 45)
-> Request 2
505
(4, 3, 1)
3
(25, 12)
-> Request 3
739
(4, 3, 1)
3
(75, 59)
-> Request 4
961
(4, 1, 1)
3
(14, 30)
--> Day : 1
-> Request 0
220
(4, 1, 1)
2
(50, 51)
-> Request 1
294
(4, 2, 1)
1
(51, 23)
-> Request 2
307
(4, 1, 1)
2
(18, 37)
-> Request 3
602
(4, 3, 1)
3
(55, 58)
-> Request 4
816
(4, 2, 1)
1
(63, 3)
-> Request 5
858
(4, 1, 1)
1
(63, 18)
-> Request 6
999
(4, 3, 1)
2
(19, 62)
-> Request 7
1053
(4, 1, 1)
1
(53, 68)
-> Request 8
1242
(4, 3, 1)
3
(57, 79)
--> Day : 2
-> Request 0
277
(4, 3, 1)
1
(73, 4)
-> Request 1
491
(4, 3, 1)
1
(3, 37)
-> Request 2
769
(4, 2, 1)
1
(19, 72)
-> Request 3
1120
(4, 3, 1)
3
(27, 32)
-> Request 4
1242
(4, 1, 1)
2
(26, 24)
-> Request 5
1379
(4, 3, 1)
1
(0, 46)
--> Day : 3
-> Request 0
356
(4, 3, 1)
2
(52, 46)
-> Request 1
727
(4, 3, 1)
2
(23, 35)
-> Request 2
1206
(4, 3, 1)
1
(78, 6)
-> Request 3
1247
(4, 3, 1)
3
(7, 27)
-> Request 4
1287
(4, 3, 1)
3
(69, 67)
--> Day : 4
-> Request 0
678
(4, 3, 1)
3
(17, 60)
-> Request 1
990
(4, 1, 1)
1
(61, 73)
-> Request 2
1053
(4, 3, 1)
2
(16, 43)
-> Request 3
1386
(4, 2, 1)
2
(42, 70)
---> Week : 12
--> Day : 0
-> Request 0
277
(4, 1, 1)
1
(7, 42)
-> Request 1
339
(4, 1, 1)
2
(14, 37)
-> Request 2
496
(4, 3, 1)
1
(17, 61)
-> Request 3
635
(4, 2, 1)
3
(61, 8)
-> Request 4
1209
(4, 3, 1)
3
(19, 13)
-> Request 5
1299
(4, 2, 1)
3
(35, 9)
--> Day : 1
-> Request 0
222
(4, 3, 1)
2
(48, 29)
-> Request 1
339
(4, 2, 1)
1
(22, 56)
-> Request 2
742
(4, 3, 1)
3
(73, 53)
-> Request 3
882
(4, 3, 1)
1
(72, 45)
-> Request 4
1282
(4, 2, 1)
2
(72, 44)
--> Day : 2
-> Request 0
45
(4, 1, 1)
1
(29, 25)
-> Request 1
299
(4, 1, 1)
2
(73, 27)
-> Request 2
583
(4, 2, 1)
1
(18, 76)
-> Request 3
1034
(4, 1, 1)
2
(58, 28)
-> Request 4
1145
(4, 1, 1)
3
(54, 49)
-> Request 5
1254
(4, 1, 1)
3
(36, 78)
-> Request 6
1314
(4, 2, 1)
1
(29, 38)
-> Request 7
1314
(4, 2, 1)
1
(63, 15)
--> Day : 3
-> Request 0
66
(4, 2, 1)
1
(40, 46)
-> Request 1
391
(4, 3, 1)
1
(8, 72)
-> Request 2
458
(4, 2, 1)
3
(41, 8)
-> Request 3
682
(4, 3, 1)
1
(15, 6)
-> Request 4
692
(4, 1, 1)
2
(2, 54)
-> Request 5
829
(4, 3, 1)
3
(64, 19)
--> Day : 4
-> Request 0
238
(4, 3, 1)
2
(43, 75)
-> Request 1
444
(4, 2, 1)
3
(64, 66)
-> Request 2
693
(4, 1, 1)
1
(55, 17)
-> Request 3
1028
(4, 1, 1)
3
(59, 68)
-> Request 4
1062
(4, 2, 1)
3
(14, 39)
---> Week : 13
--> Day : 0
-> Request 0
189
(4, 1, 1)
1
(14, 17)
-> Request 1
374
(4, 3, 1)
1
(13, 76)
-> Request 2
958
(4, 1, 1)
3
(72, 72)
--> Day : 1
-> Request 0
271
(4, 1, 1)
1
(24, 63)
-> Request 1
626
(4, 3, 1)
3
(32, 75)
-> Request 2
1016
(4, 3, 1)
3
(11, 17)
--> Day : 2
-> Request 0
745
(4, 2, 1)
1
(67, 15)
-> Request 1
810
(4, 1, 1)
2
(38, 21)
-> Request 2
956
(4, 1, 1)
1
(47, 26)
-> Request 3
1183
(4, 3, 1)
1
(71, 70)
-> Request 4
1221
(4, 3, 1)
3
(38, 47)
--> Day : 3
-> Request 0
322
(4, 2, 1)
2
(50, 67)
-> Request 1
1089
(4, 1, 1)
1
(45, 25)
--> Day : 4
-> Request 0
10
(4, 1, 1)
1
(4, 78)
-> Request 1
287
(4, 2, 1)
2
(53, 12)
-> Request 2
313
(4, 1, 1)
2
(39, 40)
-> Request 3
498
(4, 3, 1)
3
(57, 46)
-> Request 4
499
(4, 1, 1)
3
(50, 73)
-> Request 5
501
(4, 2, 1)
3
(65, 73)
-> Request 6
664
(4, 2, 1)
1
(39, 70)
-> Request 7
931
(4, 1, 1)
1
(11, 26)
-> Request 8
965
(4, 2, 1)
1
(33, 36)
-> Request 9
1010
(4, 2, 1)
1
(33, 29)
-> Request 10
1157
(4, 1, 1)
1
(49, 72)
-> Request 11
1320
(4, 1, 1)
1
(16, 55)
---> Week : 14
--> Day : 0
-> Request 0
108
(4, 1, 1)
3
(36, 20)
-> Request 1
250
(4, 3, 1)
1
(12, 33)
-> Request 2
337
(4, 3, 1)
3
(1, 72)
-> Request 3
631
(4, 2, 1)
3
(62, 28)
-> Request 4
681
(4, 1, 1)
2
(47, 16)
-> Request 5
824
(4, 2, 1)
1
(73, 39)
-> Request 6
1298
(4, 2, 1)
3
(69, 35)
--> Day : 1
-> Request 0
19
(4, 2, 1)
2
(0, 61)
-> Request 1
35
(4, 1, 1)
3
(45, 33)
-> Request 2
57
(4, 1, 1)
1
(6, 66)
-> Request 3
90
(4, 3, 1)
1
(17, 75)
-> Request 4
561
(4, 2, 1)
1
(60, 29)
-> Request 5
688
(4, 3, 1)
1
(46, 17)
-> Request 6
888
(4, 2, 1)
3
(21, 33)
-> Request 7
1018
(4, 1, 1)
3
(37, 34)
-> Request 8
1264
(4, 2, 1)
1
(75, 14)
--> Day : 2
-> Request 0
196
(4, 1, 1)
1
(32, 58)
-> Request 1
359
(4, 2, 1)
1
(71, 71)
-> Request 2
364
(4, 1, 1)
3
(2, 77)
-> Request 3
371
(4, 1, 1)
1
(12, 32)
-> Request 4
401
(4, 2, 1)
1
(24, 57)
-> Request 5
591
(4, 3, 1)
1
(74, 13)
-> Request 6
848
(4, 2, 1)
3
(21, 34)
-> Request 7
1000
(4, 3, 1)
3
(79, 12)
-> Request 8
1001
(4, 2, 1)
3
(64, 58)
-> Request 9
1369
(4, 2, 1)
1
(27, 66)
--> Day : 3
-> Request 0
256
(4, 1, 1)
3
(35, 40)
-> Request 1
262
(4, 3, 1)
1
(32, 40)
-> Request 2
297
(4, 3, 1)
1
(24, 58)
-> Request 3
914
(4, 2, 1)
3
(51, 43)
-> Request 4
1172
(4, 1, 1)
3
(36, 21)
--> Day : 4
-> Request 0
275
(4, 2, 1)
1
(50, 78)
-> Request 1
406
(4, 1, 1)
1
(46, 76)
-> Request 2
432
(4, 2, 1)
2
(65, 35)
-> Request 3
556
(4, 1, 1)
3
(5, 69)
-> Request 4
1128
(4, 3, 1)
1
(13, 51)
-> Request 5
1437
(4, 2, 1)
3
(78, 20)
---> Week : 15
--> Day : 0
-> Request 0
60
(4, 1, 1)
2
(26, 62)
-> Request 1
236
(4, 2, 1)
2
(61, 57)
-> Request 2
331
(4, 1, 1)
3
(55, 71)
-> Request 3
433
(4, 2, 1)
1
(20, 23)
-> Request 4
677
(4, 1, 1)
3
(17, 70)
-> Request 5
956
(4, 1, 1)
2
(60, 65)
-> Request 6
1079
(4, 2, 1)
3
(43, 24)
-> Request 7
1221
(4, 2, 1)
3
(44, 58)
-> Request 8
1248
(4, 2, 1)
3
(50, 47)
-> Request 9
1368
(4, 2, 1)
2
(21, 69)
--> Day : 1
-> Request 0
139
(4, 3, 1)
3
(39, 62)
-> Request 1
216
(4, 1, 1)
1
(12, 8)
-> Request 2
357
(4, 1, 1)
2
(41, 28)
-> Request 3
439
(4, 3, 1)
1
(37, 50)
-> Request 4
715
(4, 3, 1)
3
(46, 24)
-> Request 5
991
(4, 1, 1)
1
(57, 7)
-> Request 6
1403
(4, 3, 1)
3
(26, 41)
--> Day : 2
-> Request 0
86
(4, 2, 1)
3
(54, 53)
-> Request 1
303
(4, 1, 1)
2
(9, 62)
-> Request 2
440
(4, 1, 1)
2
(79, 16)
-> Request 3
950
(4, 1, 1)
3
(50, 40)
-> Request 4
1312
(4, 3, 1)
1
(3, 34)
-> Request 5
1336
(4, 1, 1)
1
(65, 58)
-> Request 6
1367
(4, 3, 1)
3
(43, 59)
--> Day : 3
-> Request 0
69
(4, 1, 1)
1
(73, 36)
-> Request 1
435
(4, 2, 1)
1
(9, 13)
-> Request 2
437
(4, 1, 1)
1
(28, 5)
-> Request 3
759
(4, 1, 1)
3
(65, 64)
-> Request 4
1195
(4, 3, 1)
3
(45, 64)
-> Request 5
1284
(4, 3, 1)
3
(64, 63)
--> Day : 4
-> Request 0
118
(4, 1, 1)
1
(74, 63)
-> Request 1
181
(4, 2, 1)
1
(26, 1)
-> Request 2
388
(4, 1, 1)
2
(5, 34)
-> Request 3
545
(4, 1, 1)
1
(47, 57)
-> Request 4
580
(4, 2, 1)
1
(75, 58)
-> Request 5
823
(4, 2, 1)
1
(47, 72)
-> Request 6
939
(4, 2, 1)
2
(69, 10)
-> Request 7
1357
(4, 3, 1)
1
(2, 46)
-> Request 8
1357
(4, 2, 1)
2
(39, 4)
---> Week : 16
--> Day : 0
-> Request 0
271
(4, 2, 1)
1
(73, 14)
-> Request 1
337
(4, 1, 1)
1
(4, 56)
-> Request 2
462
(4, 1, 1)
2
(52, 33)
-> Request 3
1161
(4, 3, 1)
1
(57, 45)
-> Request 4
1207
(4, 2, 1)
1
(75, 46)
-> Request 5
1388
(4, 3, 1)
1
(24, 50)
--> Day : 1
-> Request 0
504
(4, 3, 1)
1
(10, 18)
-> Request 1
1254
(4, 1, 1)
3
(34, 49)
--> Day : 2
-> Request 0
201
(4, 1, 1)
3
(71, 31)
-> Request 1
839
(4, 3, 1)
1
(24, 61)
-> Request 2
1134
(4, 2, 1)
3
(2, 3)
-> Request 3
1140
(4, 1, 1)
1
(13, 78)
-> Request 4
1364
(4, 1, 1)
1
(70, 35)
--> Day : 3
-> Request 0
206
(4, 2, 1)
3
(63, 20)
-> Request 1
750
(4, 3, 1)
2
(36, 33)
-> Request 2
940
(4, 2, 1)
1
(21, 73)
--> Day : 4
-> Request 0
102
(4, 3, 1)
1
(76, 31)
-> Request 1
378
(4, 3, 1)
1
(26, 75)
-> Request 2
905
(4, 1, 1)
2
(78, 46)
-> Request 3
985
(4, 2, 1)
3
(8, 11)
-> Request 4
1416
(4, 2, 1)
1
(72, 1)
---> Week : 17
--> Day : 0
-> Request 0
248
(4, 1, 1)
3
(67, 44)
-> Request 1
423
(4, 1, 1)
3
(63, 15)
-> Request 2
922
(4, 3, 1)
2
(42, 56)
-> Request 3
1100
(4, 1, 1)
1
(72, 47)
-> Request 4
1194
(4, 2, 1)
1
(71, 23)
-> Request 5
1420
(4, 2, 1)
2
(21, 69)
--> Day : 1
-> Request 0
119
(4, 3, 1)
2
(57, 2)
-> Request 1
481
(4, 2, 1)
3
(49, 0)
-> Request 2
792
(4, 1, 1)
2
(10, 4)
-> Request 3
954
(4, 3, 1)
3
(61, 61)
-> Request 4
962
(4, 3, 1)
3
(57, 71)
-> Request 5
1215
(4, 2, 1)
3
(51, 4)
--> Day : 2
-> Request 0
320
(4, 2, 1)
2
(13, 22)
-> Request 1
551
(4, 3, 1)
2
(58, 35)
-> Request 2
591
(4, 3, 1)
3
(3, 16)
-> Request 3
680
(4, 3, 1)
3
(37, 14)
-> Request 4
956
(4, 1, 1)
3
(65, 69)
-> Request 5
1264
(4, 3, 1)
3
(18, 34)
--> Day : 3
-> Request 0
63
(4, 1, 1)
3
(53, 51)
-> Request 1
135
(4, 1, 1)
2
(64, 0)
-> Request 2
493
(4, 2, 1)
1
(13, 59)
-> Request 3
843
(4, 3, 1)
3
(66, 75)
-> Request 4
1117
(4, 2, 1)
2
(77, 7)
--> Day : 4
-> Request 0
18
(4, 3, 1)
1
(57, 43)
-> Request 1
65
(4, 1, 1)
3
(44, 23)
-> Request 2
79
(4, 1, 1)
1
(17, 70)
-> Request 3
100
(4, 3, 1)
3
(33, 42)
-> Request 4
497
(4, 2, 1)
3
(30, 9)
-> Request 5
741
(4, 3, 1)
1
(43, 49)
-> Request 6
775
(4, 3, 1)
2
(10, 35)
-> Request 7
792
(4, 3, 1)
1
(41, 53)
-> Request 8
1255
(4, 2, 1)
2
(26, 26)
-> Request 9
1285
(4, 2, 1)
3
(32, 7)
-> Request 10
1336
(4, 2, 1)
3
(69, 15)
---> Week : 18
--> Day : 0
-> Request 0
195
(4, 3, 1)
2
(51, 48)
-> Request 1
202
(4, 2, 1)
1
(34, 26)
-> Request 2
255
(4, 2, 1)
1
(54, 18)
-> Request 3
498
(4, 1, 1)
2
(10, 6)
-> Request 4
1128
(4, 1, 1)
1
(11, 29)
-> Request 5
1205
(4, 3, 1)
3
(31, 64)
--> Day : 1
-> Request 0
172
(4, 2, 1)
2
(5, 68)
-> Request 1
267
(4, 2, 1)
1
(1, 6)
-> Request 2
595
(4, 3, 1)
2
(4, 45)
-> Request 3
778
(4, 2, 1)
2
(55, 11)
-> Request 4
1248
(4, 3, 1)
2
(30, 17)
-> Request 5
1319
(4, 2, 1)
1
(78, 0)
--> Day : 2
-> Request 0
12
(4, 1, 1)
1
(8, 31)
-> Request 1
91
(4, 3, 1)
2
(5, 34)
-> Request 2
266
(4, 1, 1)
3
(51, 26)
-> Request 3
408
(4, 2, 1)
3
(23, 0)
-> Request 4
717
(4, 3, 1)
2
(19, 5)
-> Request 5
978
(4, 2, 1)
2
(25, 37)
-> Request 6
1100
(4, 2, 1)
1
(59, 41)
-> Request 7
1304
(4, 2, 1)
1
(65, 13)
--> Day : 3
-> Request 0
136
(4, 2, 1)
1
(71, 17)
-> Request 1
165
(4, 3, 1)
1
(71, 1)
-> Request 2
309
(4, 2, 1)
2
(17, 10)
-> Request 3
441
(4, 2, 1)
2
(26, 59)
-> Request 4
448
(4, 3, 1)
2
(31, 62)
-> Request 5
553
(4, 1, 1)
3
(31, 14)
-> Request 6
570
(4, 2, 1)
2
(2, 41)
-> Request 7
857
(4, 1, 1)
2
(7, 67)
-> Request 8
907
(4, 2, 1)
3
(40, 0)
-> Request 9
924
(4, 2, 1)
3
(5, 21)
-> Request 10
1329
(4, 1, 1)
2
(6, 2)
--> Day : 4
-> Request 0
158
(4, 3, 1)
2
(18, 12)
-> Request 1
459
(4, 2, 1)
3
(50, 10)
-> Request 2
622
(4, 1, 1)
3
(61, 51)
-> Request 3
655
(4, 1, 1)
1
(73, 57)
-> Request 4
926
(4, 3, 1)
2
(38, 63)
-> Request 5
1412
(4, 1, 1)
2
(7, 46)
---> Week : 19
--> Day : 0
-> Request 0
43
(4, 1, 1)
3
(73, 29)
-> Request 1
230
(4, 1, 1)
3
(43, 39)
-> Request 2
342
(4, 3, 1)
2
(50, 73)
-> Request 3
470
(4, 1, 1)
2
(27, 5)
-> Request 4
687
(4, 1, 1)
1
(79, 72)
-> Request 5
730
(4, 1, 1)
3
(49, 35)
-> Request 6
821
(4, 3, 1)
1
(31, 2)
-> Request 7
823
(4, 1, 1)
2
(6, 52)
-> Request 8
1254
(4, 3, 1)
1
(29, 27)
-> Request 9
1262
(4, 3, 1)
1
(4, 23)
-> Request 10
1439
(4, 1, 1)
1
(45, 45)
--> Day : 1
-> Request 0
298
(4, 2, 1)
2
(52, 72)
-> Request 1
388
(4, 2, 1)
3
(2, 22)
-> Request 2
625
(4, 1, 1)
3
(79, 70)
-> Request 3
896
(4, 2, 1)
1
(20, 77)
-> Request 4
1307
(4, 3, 1)
1
(42, 65)
--> Day : 2
-> Request 0
103
(4, 2, 1)
2
(54, 35)
-> Request 1
127
(4, 2, 1)
2
(55, 49)
-> Request 2
146
(4, 1, 1)
3
(77, 62)
-> Request 3
159
(4, 2, 1)
3
(36, 9)
-> Request 4
375
(4, 3, 1)
2
(50, 16)
-> Request 5
446
(4, 1, 1)
3
(25, 10)
-> Request 6
863
(4, 1, 1)
1
(60, 46)
-> Request 7
1010
(4, 2, 1)
3
(21, 3)
--> Day : 3
-> Request 0
21
(4, 2, 1)
1
(69, 43)
-> Request 1
112
(4, 3, 1)
3
(54, 76)
-> Request 2
698
(4, 3, 1)
3
(32, 28)
-> Request 3
780
(4, 1, 1)
2
(36, 2)
-> Request 4
921
(4, 3, 1)
3
(16, 36)
-> Request 5
975
(4, 2, 1)
3
(5, 8)
-> Request 6
1423
(4, 1, 1)
3
(79, 35)
--> Day : 4
-> Request 0
125
(4, 2, 1)
2
(14, 3)
-> Request 1
508
(4, 2, 1)
3
(28, 50)
-> Request 2
655
(4, 1, 1)
2
(31, 11)
