---> Week : 0
--> Day : 0
-> Request 0
67
(4, 2, 1)
3
(1, 11)
-> Request 1
799
(4, 3, 1)
3
(2, 70)
-> Request 2
835
(4, 2, 1)
1
(3, 48)
-> Request 3
1192
(4, 3, 1)
1
(51, 32)
--> Day : 1
-> Request 0
241
(4, 2, 1)
3
(33, 75)
-> Request 1
306
(4, 2, 1)
3
(48, 34)
-> Request 2
537
(4, 1, 1)
3
(59, 15)
-> Request 3
931
(4, 2, 1)
3
(25, 77)
-> Request 4
1283
(4, 3, 1)
2
(11, 33)
--> Day : 2
-> Request 0
191
(4, 1, 1)
1
(30, 16)
-> Request 1
562
(4, 2, 1)
2
(62, 44)
-> Request 2
650
(4, 3, 1)
1
(73, 20)
-> Request 3
1060
(4, 1, 1)
3
(24, 63)
-> Request 4
1091
(4, 3, 1)
3
(67, 3)
--> Day : 3
-> Request 0
115
(4, 3, 1)
3
(20, 25)
-> Request 1
271
(4, 1, 1)
1
(25, 38)
-> Request 2
472
(4, 3, 1)
3
(77, 51)
-> Request 3
561
(4, 2, 1)
2
(34, 67)
-> Request 4
584
(4, 3, 1)
1
(1, 21)
-> Request 5
834
(4, 1, 1)
1
(79, 69)
-> Request 6
963
(4, 1, 1)
3
(3, 13)
-> Request 7
975
(4, 2, 1)
3
(46, 41)
-> Request 8
1028
(4, 2, 1)
2
(73, 26)
--> Day : 4
-> Request 0
9
(4, 3, 1)
1
(54, 32)
-> Request 1
562
(4, 3, 1)
3
(24, 71)
-> Request 2
868
(4, 3, 1)
3
(66, 22)
-> Request 3
1050
(4, 2, 1)
1
(27, 36)
-> Request 4
1404
(4, 3, 1)
1
(66, 15)
---> Week : 1
--> Day : 0
-> Request 0
217
(4, 1, 1)
1
(27, 53)
-> Request 1
800
(4, 2, 1)
1
(59, 38)
-> Request 2
1072
(4, 2, 1)
2
(35, 65)
-> Request 3
1284
(4, 3, 1)
1
(57, 33)
--> Day : 1
-> Request 0
679
(4, 2, 1)
1
(57, 35)
-> Request 1
726
(4, 2, 1)
2
(28, 7)
-> Request 2
982
(4, 3, 1)
2
(76, 9)
-> Request 3
1057
(4, 3, 1)
3
(52, 18)
--> Day : 2
-> Request 0
396
(4, 2, 1)
2
(26, 48)
-> Request 1
491
(4, 3, 1)
3
(78, 4)
-> Request 2
1142
(4, 1, 1)
3
(44, 74)
-> Request 3
1283
(4, 3, 1)
3
(44, 63)
-> Request 4
1314
(4, 2, 1)
3
(27, 71)
-> Request 5
1315
(4, 3, 1)
1
(53, 19)
-> Request 6
1324
(4, 1, 1)
3
(67, 46)
-> Request 7
1367
(4, 1, 1)
3
(40, 26)
-> Request 8
1380
(4, 1, 1)
2
(27, 53)
--> Day : 3
-> Request 0
102
(4, 1, 1)
2
(18, 54)
-> Request 1
488
(4, 3, 1)
3
(51, 34)
-> Request 2
534
(4, 3, 1)
2
(18, 36)
-> Request 3
762
(4, 3, 1)
3
(6, 0)
-> Request 4
767
(4, 1, 1)
2
(50, 22)
-> Request 5
837
(4, 2, 1)
2
(52, 59)
-> Request 6
904
(4, 3, 1)
2
(5, 48)
-> Request 7
1380
(4, 2, 1)
1
(58, 69)
--> Day : 4
-> Request 0
114
(4, 3, 1)
3
(72, 6)
-> Request 1
277
(4, 1, 1)
3
(51, 20)
-> Request 2
820
(4, 2, 1)
2
(52, 14)
-> Request 3
899
(4, 2, 1)
2
(34, 25)
-> Request 4
914
(4, 2, 1)
2
(65, 46)
-> Request 5
1022
(4, 1, 1)
3
(51, 40)
---> Week : 2
--> Day : 0
-> Request 0
102
(4, 2, 1)
3
(57, 65)
-> Request 1
682
(4, 2, 1)
3
(48, 29)
-> Request 2
1210
(4, 3, 1)
1
(35, 31)
-> Request 3
1218
(4, 2, 1)
3
(47, 64)
-> Request 4
1302
(4, 2, 1)
1
(75, 71)
--> Day : 1
-> Request 0
417
(4, 1, 1)
2
(47, 69)
-> Request 1
751
(4, 2, 1)
3
(1, 74)
-> Request 2
1088
(4, 1, 1)
2
(26, 1)
-> Request 3
1374
(4, 1, 1)
3
(12, 6)
--> Day : 2
-> Request 0
714
(4, 2, 1)
3
(12, 69)
-> Request 1
1121
(4, 2, 1)
2
(29, 43)
-> Request 2
1282
(4, 3, 1)
1
(73, 13)
-> Request 3
1316
(4, 1, 1)
1
(10, 50)
--> Day : 3
-> Request 0
190
(4, 3, 1)
3
(34, 49)
-> Request 1
967
(4, 3, 1)
3
(13, 58)
--> Day : 4
-> Request 0
317
(4, 3, 1)
2
(25, 3)
---> Week : 3
--> Day : 0
-> Request 0
39
(4, 2, 1)
2
(66, 77)
-> Request 1
786
(4, 2, 1)
2
(37, 79)
-> Request 2
1115
(4, 2, 1)
2
(24, 53)
-> Request 3
1256
(4, 1, 1)
3
(70, 72)
-> Request 4
1315
(4, 2, 1)
1
(43, 34)
-> Request 5
1362
(4, 3, 1)
2
(38, 19)
--> Day : 1
-> Request 0
136
(4, 1, 1)
2
(41, 71)
-> Request 1
466
(4, 3, 1)
2
(42, 8)
-> Request 2
914
(4, 2, 1)
2
(70, 30)
--> Day : 2
-> Request 0
999
(4, 1, 1)
1
(42, 23)
-> Request 1
1054
(4, 2, 1)
2
(67, 57)
-> Request 2
1140
(4, 1, 1)
1
(71, 49)
--> Day : 3
-> Request 0
110
(4, 3, 1)
2
(17, 33)
-> Request 1
114
(4, 1, 1)
3
(73, 41)
-> Request 2
135
(4, 1, 1)
3
(11, 5)
-> Request 3
197
(4, 1, 1)
3
(62, 70)
-> Request 4
915
(4, 1, 1)
3
(78, 26)
-> Request 5
952
(4, 1, 1)
3
(64, 2)
--> Day : 4
-> Request 0
115
(4, 3, 1)
2
(65, 73)
-> Request 1
743
(4, 3, 1)
3
(79, 55)
-> Request 2
746
(4, 2, 1)
1
(42, 48)
-> Request 3
762
(4, 3, 1)
3
(3, 27)
-> Request 4
791
(4, 3, 1)
1
(58, 71)
-> Request 5
1239
(4, 3, 1)
1
(57, 34)
-> Request 6
1322
(4, 2, 1)
2
(44, 37)
-> Request 7
1396
(4, 3, 1)
2
(37, 11)
-> Request 8
1402
(4, 1, 1)
3
(76, 52)
---> Week : 4
--> Day : 0
-> Request 0
395
(4, 1, 1)
3
(24, 57)
-> Request 1
534
(4, 2, 1)
1
(9, 26)
-> Request 2
556
(4, 2, 1)
3
(10, 68)
-> Request 3
702
(4, 2, 1)
1
(66, 3)
-> Request 4
869
(4, 2, 1)
3
(19, 54)
-> Request 5
886
(4, 1, 1)
1
(72, 39)
-> Request 6
1303
(4, 3, 1)
1
(70, 52)
--> Day : 1
-> Request 0
295
(4, 2, 1)
1
(52, 59)
-> Request 1
572
(4, 1, 1)
1
(38, 17)
-> Request 2
702
(4, 2, 1)
3
(10, 53)
-> Request 3
1090
(4, 3, 1)
2
(25, 5)
-> Request 4
1250
(4, 2, 1)
2
(0, 54)
-> Request 5
1337
(4, 2, 1)
3
(23, 3)
--> Day : 2
-> Request 0
423
(4, 1, 1)
3
(9, 0)
-> Request 1
725
(4, 3, 1)
2
(53, 20)
-> Request 2
963
(4, 2, 1)
1
(33, 55)
-> Request 3
1275
(4, 1, 1)
3
(55, 67)
-> Request 4
1386
(4, 2, 1)
3
(72, 64)
--> Day : 3
-> Request 0
215
(4, 2, 1)
1
(62, 57)
-> Request 1
313
(4, 3, 1)
3
(37, 61)
-> Request 2
971
(4, 2, 1)
2
(41, 43)
-> Request 3
1027
(4, 2, 1)
3
(8, 53)
-> Request 4
1045
(4, 3, 1)
3
(16, 3)
-> Request 5
1188
(4, 1, 1)
1
(21, 43)
-> Request 6
1343
(4, 3, 1)
3
(75, 42)
--> Day : 4
-> Request 0
50
(4, 1, 1)
2
(18, 69)
-> Request 1
62
(4, 3, 1)
2
(16, 74)
-> Request 2
168
(4, 1, 1)
3
(16, 3)
-> Request 3
536
(4, 3, 1)
1
(43, 67)
-> Request 4
727
(4, 2, 1)
3
(40, 10)
-> Request 5
1287
(4, 2, 1)
3
(55, 67)
-> Request 6
1331
(4, 2, 1)
1
(17, 56)
-> Request 7
1414
(4, 1, 1)
3
(41, 65)
---> Week : 5
--> Day : 0
-> Request 0
330
(4, 2, 1)
2
(68, 15)
-> Request 1
571
(4, 1, 1)
3
(15, 75)
-> Request 2
729
(4, 3, 1)
1
(44, 65)
-> Request 3
750
(4, 2, 1)
3
(44, 37)
-> Request 4
981
(4, 1, 1)
1
(46, 44)
-> Request 5
991
(4, 3, 1)
2
(36, 43)
-> Request 6
1086
(4, 1, 1)
2
(9, 60)
-> Request 7
1297
(4, 2, 1)
3
(75, 57)
-> Request 8
1428
(4, 3, 1)
3
(50, 38)
--> Day : 1
-> Request 0
138
(4, 2, 1)
1
(21, 15)
--> Day : 2
-> Request 0
198
(4, 1, 1)
2
(11, 26)
-> Request 1
281
(4, 2, 1)
1
(50, 6)
-> Request 2
456
(4, 2, 1)
1
(60, 22)
-> Request 3
576
(4, 3, 1)
3
(35, 45)
-> Request 4
1180
(4, 2, 1)
1
(44, 15)
-> Request 5
1230
(4, 2, 1)
1
(31, 75)
-> Request 6
1420
(4, 3, 1)
1
(3, 25)
--> Day : 3
-> Request 0
51
(4, 3, 1)
3
(46, 54)
-> Request 1
166
(4, 3, 1)
1
(49, 38)
-> Request 2
598
(4, 1, 1)
2
(7, 65)
-> Request 3
1374
(4, 3, 1)
1
(9, 51)
--> Day : 4
-> Request 0
287
(4, 1, 1)
1
(63, 8)
-> Request 1
321
(4, 3, 1)
3
(21, 16)
-> Request 2
405
(4, 1, 1)
2
(74, 28)
-> Request 3
701
(4, 1, 1)
3
(30, 46)
-> Request 4
842
(4, 3, 1)
3
(44, 3)
-> Request 5
1085
(4, 1, 1)
2
(64, 78)
-> Request 6
1196
(4, 2, 1)
3
(63, 30)
---> Week : 6
--> Day : 0
-> Request 0
56
(4, 1, 1)
2
(78, 18)
-> Request 1
311
(4, 1, 1)
1
(38, 29)
-> Request 2
1112
(4, 2, 1)
3
(11, 53)
-> Request 3
1129
(4, 1, 1)
2
(33, 25)
--> Day : 1
-> Request 0
184
(4, 1, 1)
2
(14, 77)
-> Request 1
265
(4, 2, 1)
3
(56, 47)
-> Request 2
486
(4, 3, 1)
1
(73, 78)
-> Request 3
821
(4, 1, 1)
3
(14, 57)
-> Request 4
841
(4, 1, 1)
2
(21, 79)
-> Request 5
964
(4, 3, 1)
2
(48, 32)
-> Request 6
1203
(4, 3, 1)
1
(50, 58)
-> Request 7
1221
(4, 1, 1)
3
(28, 18)
-> Request 8
1265
(4, 2, 1)
2
(30, 10)
--> Day : 2
-> Request 0
31
(4, 1, 1)
3
(43, 52)
-> Request 1
512
(4, 2, 1)
1
(13, 4)
-> Request 2
647
(4, 2, 1)
1
(37, 58)
-> Request 3
1228
(4, 1, 1)
3
(50, 60)
--> Day : 3
-> Request 0
47
(4, 2, 1)
1
(60, 29)
-> Request 1
559
(4, 2, 1)
3
(34, 8)
-> Request 2
819
(4, 1, 1)
3
(64, 2)
-> Request 3
826
(4, 3, 1)
3
(58, 70)
-> Request 4
1193
(4, 1, 1)
2
(74, 35)
-> Request 5
1259
(4, 3, 1)
1
(18, 28)
-> Request 6
1389
(4, 3, 1)
3
(24, 73)
-> Request 7
1400
(4, 3, 1)
1
(27, 30)
--> Day : 4
-> Request 0
785
(4, 2, 1)
1
(78, 3)
-> Request 1
875
(4, 2, 1)
1
(59, 50)
-> Request 2
1139
(4, 1, 1)
3
(68, 54)
-> Request 3
1211
(4, 3, 1)
3
(58, 63)
---> Week : 7
--> Day : 0
-> Request 0
117
(4, 2, 1)
1
(57, 64)
-> Request 1
239
(4, 2, 1)
1
(43, 47)
-> Request 2
309
(4, 3, 1)
3
(60, 42)
-> Request 3
383
(4, 2, 1)
3
(78, 34)
-> Request 4
430
(4, 2, 1)
1
(1, 18)
-> Request 5
565
(4, 1, 1)
2
(0, 15)
-> Request 6
838
(4, 2, 1)
2
(41, 23)
--> Day : 1
-> Request 0
780
(4, 2, 1)
3
(30, 9)
-> Request 1
981
(4, 1, 1)
2
(60, 52)
-> Request 2
1024
(4, 1, 1)
1
(52, 42)
-> Request 3
1148
(4, 1, 1)
3
(3, 11)
-> Request 4
1158
(4, 2, 1)
1
(62, 5)
-> Request 5
1166
(4, 2, 1)
3
(23, 42)
-> Request 6
1256
(4, 2, 1)
1
(1, 79)
--> Day : 2
-> Request 0
210
(4, 2, 1)
3
(10, 24)
-> Request 1
339
(4, 3, 1)
3
(6, 74)
-> Request 2
545
(4, 2, 1)
2
(68, 77)
-> Request 3
567
(4, 3, 1)
3
(43, 63)
-> Request 4
671
(4, 2, 1)
2
(14, 62)
-> Request 5
823
(4, 3, 1)
1
(75, 21)
-> Request 6
900
(4, 1, 1)
2
(49, 48)
-> Request 7
1120
(4, 1, 1)
3
(27, 73)
-> Request 8
1134
(4, 1, 1)
1
(59, 50)
-> Request 9
1384
(4, 2, 1)
1
(39, 6)
--> Day : 3
-> Request 0
103
(4, 1, 1)
1
(32, 42)
-> Request 1
149
(4, 1, 1)
2
(64, 62)
-> Request 2
168
(4, 1, 1)
3
(51, 10)
-> Request 3
349
(4, 1, 1)
2
(32, 1)
-> Request 4
837
(4, 3, 1)
1
(35, 2)
-> Request 5
1301
(4, 3, 1)
1
(28, 35)
-> Request 6
1307
(4, 1, 1)
1
(9, 33)
-> Request 7
1320
(4, 1, 1)
2
(38, 9)
--> Day : 4
-> Request 0
132
(4, 3, 1)
2
(6, 44)
-> Request 1
186
(4, 3, 1)
2
(67, 72)
-> Request 2
340
(4, 3, 1)
3
(16, 12)
-> Request 3
349
(4, 2, 1)
1
(20, 14)
-> Request 4
901
(4, 2, 1)
2
(65, 63)
-> Request 5
1134
(4, 3, 1)
3
(77, 9)
-> Request 6
1258
(4, 1, 1)
3
(38, 20)
-> Request 7
1262
(4, 1, 1)
2
(52, 58)
-> Request 8
1371
(4, 3, 1)
2
(4, 37)
-> Request 9
1390
(4, 2, 1)
1
(27, 43)
---> Week : 8
--> Day : 0
--> Day : 1
-> Request 0
98
(4, 1, 1)
2
(73, 11)
-> Request 1
398
(4, 3, 1)
2
(78, 23)
--> Day : 2
-> Request 0
35
(4, 2, 1)
3
(35, 45)
-> Request 1
120
(4, 1, 1)
2
(54, 7)
-> Request 2
151
(4, 1, 1)
1
(50, 31)
-> Request 3
236
(4, 2, 1)
3
(52, 14)
-> Request 4
315
(4, 1, 1)
1
(42, 55)
-> Request 5
355
(4, 3, 1)
2
(30, 41)
-> Request 6
497
(4, 2, 1)
2
(69, 1)
-> Request 7
649
(4, 1, 1)
1
(68, 20)
-> Request 8
982
(4, 1, 1)
1
(30, 78)
-> Request 9
1154
(4, 1, 1)
2
(0, 5)
-> Request 10
1186
(4, 3, 1)
2
(59, 34)
-> Request 11
1361
(4, 2, 1)
2
(77, 13)
--> Day : 3
-> Request 0
68
(4, 3, 1)
3
(48, 61)
-> Request 1
472
(4, 2, 1)
2
(64, 25)
-> Request 2
1312
(4, 3, 1)
3
(17, 70)
-> Request 3
1405
(4, 3, 1)
2
(40, 43)
-> Request 4
1424
(4, 1, 1)
2
(54, 43)
--> Day : 4
-> Request 0
142
(4, 2, 1)
3
(12, 23)
-> Request 1
866
(4, 1, 1)
2
(68, 38)
-> Request 2
978
(4, 3, 1)
3
(24, 78)
-> Request 3
1061
(4, 1, 1)
1
(3, 62)
-> Request 4
1140
(4, 1, 1)
1
(40, 43)
---> Week : 9
--> Day : 0
-> Request 0
45
(4, 1, 1)
3
(28, 38)
-> Request 1
215
(4, 1, 1)
1
(27, 5)
-> Request 2
922
(4, 2, 1)
2
(75, 44)
-> Request 3
943
(4, 3, 1)
3
(9, 36)
-> Request 4
1069
(4, 2, 1)
2
(44, 10)
-> Request 5
1182
(4, 2, 1)
1
(29, 15)
--> Day : 1
-> Request 0
12
(4, 3, 1)
2
(25, 21)
-> Request 1
264
(4, 3, 1)
1
(61, 46)
-> Request 2
602
(4, 3, 1)
3
(35, 59)
-> Request 3
603
(4, 2, 1)
3
(21, 13)
-> Request 4
911
(4, 2, 1)
2
(0, 9)
-> Request 5
1280
(4, 1, 1)
2
(54, 49)
--> Day : 2
-> Request 0
118
(4, 1, 1)
3
(76, 33)
-> Request 1
187
(4, 3, 1)
3
(35, 18)
-> Request 2
348
(4, 3, 1)
3
(22, 66)
-> Request 3
537
(4, 1, 1)
3
(22, 34)
-> Request 4
657
(4, 3, 1)
1
(56, 13)
-> Request 5
989
(4, 3, 1)
1
(65, 21)
-> Request 6
1341
(4, 3, 1)
2
(51, 42)
--> Day : 3
-> Request 0
31
(4, 1, 1)
1
(70, 0)
-> Request 1
410
(4, 2, 1)
1
(21, 10)
-> Request 2
558
(4, 2, 1)
3
(34, 32)
-> Request 3
764
(4, 2, 1)
3
(49, 71)
-> Request 4
821
(4, 2, 1)
2
(47, 30)
-> Request 5
858
(4, 3, 1)
3
(46, 72)
-> Request 6
1021
(4, 1, 1)
3
(56, 43)
-> Request 7
1259
(4, 2, 1)
1
(31, 50)
-> Request 8
1376
(4, 1, 1)
3
(38, 14)
-> Request 9
1379
(4, 2, 1)
2
(66, 21)
--> Day : 4
-> Request 0
276
(4, 1, 1)
3
(3, 13)
-> Request 1
308
(4, 3, 1)
1
(30, 17)
-> Request 2
830
(4, 3, 1)
1
(66, 13)
-> Request 3
1143
(4, 1, 1)
1
(51, 12)
-> Request 4
1190
(4, 3, 1)
2
(12, 38)
---> Week : 10
--> Day : 0
-> Request 0
153
(4, 1, 1)
3
(40, 6)
-> Request 1
445
(4, 2, 1)
3
(0, 4)
-> Request 2
882
(4, 1, 1)
2
(27, 20)
-> Request 3
1365
(4, 2, 1)
2
(68, 66)
-> Request 4
1425
(4, 2, 1)
1
(32, 9)
--> Day : 1
-> Request 0
13
(4, 1, 1)
1
(31, 48)
-> Request 1
136
(4, 2, 1)
3
(52, 39)
-> Request 2
1166
(4, 2, 1)
2
(28, 1)
--> Day : 2
-> Request 0
84
(4, 3, 1)
1
(25, 15)
-> Request 1
94
(4, 1, 1)
1
(0, 2)
-> Request 2
194
(4, 2, 1)
2
(78, 72)
-> Request 3
546
(4, 3, 1)
3
(72, 73)
-> Request 4
752
(4, 3, 1)
3
(39, 6)
-> Request 5
1105
(4, 1, 1)
3
(34, 20)
--> Day : 3
-> Request 0
54
(4, 2, 1)
3
(74, 52)
-> Request 1
196
(4, 1, 1)
1
(45, 37)
-> Request 2
621
(4, 2, 1)
2
(74, 33)
-> Request 3
727
(4, 2, 1)
3
(28, 29)
-> Request 4
1008
(4, 3, 1)
3
(41, 71)
-> Request 5
1064
(4, 3, 1)
3
(5, 7)
-> Request 6
1116
(4, 2, 1)
1
(59, 57)
-> Request 7
1139
(4, 3, 1)
2
(76, 79)
-> Request 8
1291
(4, 3, 1)
3
(60, 23)
--> Day : 4
-> Request 0
20
(4, 3, 1)
3
(52, 28)
-> Request 1
290
(4, 1, 1)
2
(59, 50)
-> Request 2
307
(4, 2, 1)
2
(78, 36)
-> Request 3
787
(4, 1, 1)
3
(71, 28)
-> Request 4
863
(4, 1, 1)
2
(72, 4)
-> Request 5
1386
(4, 1, 1)
2
(22, 14)
---> Week : 11
--> Day : 0
-> Request 0
368
(4, 2, 1)
2
(34, 5)
-> Request 1
544
(4, 1, 1)
2
(34, 2)
-> Request 2
703
(4, 1, 1)
1
(38, 6)
-> Request 3
1148
(4, 3, 1)
2
(35, 22)
-> Request 4
1218
(4, 3, 1)
2
(10, 10)
-> Request 5
1226
(4, 3, 1)
3
(40, 38)
--> Day : 1
-> Request 0
94
(4, 1, 1)
2
(78, 60)
-> Request 1
350
(4, 2, 1)
3
(30, 7)
-> Request 2
488
(4, 2, 1)
1
(11, 59)
-> Request 3
639
(4, 3, 1)
3
(55, 22)
-> Request 4
907
(4, 3, 1)
1
(43, 42)
-> Request 5
1052
(4, 3, 1)
1
(6, 18)
-> Request 6
1272
(4, 1, 1)
3
(77, 49)
-> Request 7
1291
(4, 2, 1)
2
(72, 4)
-> Request 8
1358
(4, 2, 1)
1
(45, 32)
--> Day : 2
-> Request 0
335
(4, 2, 1)
1
(38, 67)
-> Request 1
337
(4, 2, 1)
2
(13, 1)
-> Request 2
681
(4, 2, 1)
3
(55, 4)
-> Request 3
914
(4, 1, 1)
1
(24, 15)
-> Request 4
1028
(4, 3, 1)
2
(58, 41)
-> Request 5
1097
(4, 3, 1)
3
(62, 11)
--> Day : 3
-> Request 0
368
(4, 3, 1)
2
(4, 23)
-> Request 1
1008
(4, 2, 1)
2
(60, 66)
-> Request 2
1325
(4, 2, 1)
3
(61, 76)
--> Day : 4
-> Request 0
264
(4, 2, 1)
2
(67, 14)
-> Request 1
504
(4, 3, 1)
2
(50, 42)
-> Request 2
608
(4, 2, 1)
1
(20, 32)
-> Request 3
1123
(4, 3, 1)
3
(12, 45)
-> Request 4
1340
(4, 1, 1)
3
(22, 14)
---> Week : 12
--> Day : 0
-> Request 0
673
(4, 2, 1)
3
(49, 14)
-> Request 1
758
(4, 2, 1)
1
(9, 19)
-> Request 2
1264
(4, 1, 1)
1
(59, 11)
-> Request 3
1294
(4, 2, 1)
2
(65, 27)
-> Request 4
1419
(4, 2, 1)
2
(59, 37)
--> Day : 1
-> Request 0
154
(4, 3, 1)
1
(30, 2)
-> Request 1
264
(4, 1, 1)
2
(21, 34)
-> Request 2
360
(4, 3, 1)
3
(67, 79)
-> Request 3
671
(4, 1, 1)
2
(26, 62)
-> Request 4
678
(4, 2, 1)
1
(13, 29)
-> Request 5
887
(4, 1, 1)
2
(61, 51)
-> Request 6
1051
(4, 3, 1)
3
(61, 21)
-> Request 7
1094
(4, 3, 1)
2
(8, 5)
--> Day : 2
-> Request 0
439
(4, 1, 1)
3
(20, 5)
-> Request 1
727
(4, 2, 1)
3
(74, 56)
-> Request 2
763
(4, 1, 1)
1
(16, 60)
-> Request 3
1013
(4, 1, 1)
3
(60, 18)
-> Request 4
1119
(4, 2, 1)
1
(47, 10)
-> Request 5
1391
(4, 3, 1)
3
(60, 33)
--> Day : 3
-> Request 0
61
(4, 2, 1)
1
(47, 36)
-> Request 1
73
(4, 2, 1)
1
(69, 5)
-> Request 2
115
(4, 2, 1)
1
(8, 36)
-> Request 3
149
(4, 1, 1)
3
(1, 35)
-> Request 4
301
(4, 1, 1)
3
(33, 46)
-> Request 5
553
(4, 2, 1)
3
(72, 27)
-> Request 6
620
(4, 2, 1)
2
(17, 55)
-> Request 7
864
(4, 3, 1)
1
(42, 58)
-> Request 8
915
(4, 3, 1)
1
(21, 45)
-> Request 9
1291
(4, 2, 1)
3
(62, 64)
--> Day : 4
-> Request 0
177
(4, 3, 1)
3
(39, 74)
-> Request 1
296
(4, 3, 1)
1
(38, 45)
-> Request 2
600
(4, 3, 1)
2
(17, 40)
-> Request 3
884
(4, 3, 1)
2
(7, 14)
-> Request 4
1122
(4, 1, 1)
1
(70, 23)
-> Request 5
1272
(4, 2, 1)
3
(35, 29)
-> Request 6
1349
(4, 2, 1)
1
(67, 34)
-> Request 7
1384
(4, 1, 1)
3
(22, 55)
---> Week : 13
--> Day : 0
-> Request 0
546
(4, 1, 1)
3
(49, 30)
-> Request 1
673
(4, 2, 1)
3
(55, 0)
-> Request 2
745
(4, 2, 1)
3
(20, 28)
-> Request 3
1024
(4, 3, 1)
2
(15, 37)
-> Request 4
1046
(4, 2, 1)
1
(4, 39)
--> Day : 1
-> Request 0
122
(4, 3, 1)
3
(14, 48)
-> Request 1
477
(4, 1, 1)
3
(2, 63)
-> Request 2
911
(4, 2, 1)
1
(7, 56)
-> Request 3
1271
(4, 3, 1)
3
(13, 45)
--> Day : 2
-> Request 0
278
(4, 2, 1)
3
(66, 49)
-> Request 1
1137
(4, 1, 1)
3
(59, 62)
--> Day : 3
-> Request 0
21
(4, 1, 1)
1
(68, 24)
-> Request 1
109
(4, 2, 1)
3
(42, 48)
-> Request 2
167
(4, 1, 1)
1
(2, 68)
-> Request 3
606
(4, 2, 1)
3
(28, 23)
-> Request 4
1328
(4, 2, 1)
3
(48, 79)
--> Day : 4
-> Request 0
557
(4, 1, 1)
1
(56, 63)
-> Request 1
713
(4, 2, 1)
3
(5, 31)
-> Request 2
1162
(4, 1, 1)
3
(36, 40)
-> Request 3
1296
(4, 2, 1)
1
(59, 32)
---> Week : 14
--> Day : 0
-> Request 0
221
(4, 2, 1)
3
(30, 69)
-> Request 1
321
(4, 1, 1)
2
(44, 2)
-> Request 2
427
(4, 2, 1)
2
(20, 63)
-> Request 3
680
(4, 3, 1)
1
(79, 76)
-> Request 4
800
(4, 2, 1)
2
(53, 27)
-> Request 5
903
(4, 3, 1)
2
(67, 20)
-> Request 6
1082
(4, 1, 1)
3
(47, 24)
-> Request 7
1239
(4, 1, 1)
1
(52, 26)
-> Request 8
1263
(4, 3, 1)
2
(73, 68)
-> Request 9
1320
(4, 2, 1)
2
(69, 22)
-> Request 10
1352
(4, 1, 1)
2
(56, 49)
-> Request 11
1439
(4, 1, 1)
1
(53, 13)
--> Day : 1
-> Request 0
10
(4, 2, 1)
2
(29, 69)
-> Request 1
514
(4, 3, 1)
1
(24, 64)
-> Request 2
570
(4, 2, 1)
3
(2, 65)
-> Request 3
835
(4, 2, 1)
1
(75, 21)
-> Request 4
1078
(4, 3, 1)
2
(63, 75)
-> Request 5
1108
(4, 1, 1)
1
(36, 75)
-> Request 6
1116
(4, 3, 1)
1
(41, 4)
-> Request 7
1216
(4, 2, 1)
2
(32, 14)
--> Day : 2
-> Request 0
816
(4, 3, 1)
3
(11, 27)
-> Request 1
930
(4, 3, 1)
3
(18, 66)
--> Day : 3
-> Request 0
30
(4, 3, 1)
2
(7, 30)
-> Request 1
51
(4, 2, 1)
1
(51, 29)
-> Request 2
154
(4, 3, 1)
2
(12, 6)
-> Request 3
607
(4, 3, 1)
2
(5, 53)
-> Request 4
834
(4, 1, 1)
2
(50, 27)
-> Request 5
1058
(4, 3, 1)
1
(19, 52)
-> Request 6
1118
(4, 2, 1)
2
(51, 29)
--> Day : 4
-> Request 0
130
(4, 1, 1)
3
(16, 6)
-> Request 1
163
(4, 1, 1)
1
(48, 50)
-> Request 2
240
(4, 1, 1)
1
(34, 74)
-> Request 3
246
(4, 2, 1)
2
(8, 50)
-> Request 4
429
(4, 2, 1)
3
(0, 60)
-> Request 5
935
(4, 1, 1)
1
(19, 25)
-> Request 6
1047
(4, 1, 1)
1
(48, 13)
-> Request 7
1293
(4, 2, 1)
2
(73, 56)
-> Request 8
1341
(4, 1, 1)
1
(45, 30)
---> Week : 15
--> Day : 0
-> Request 0
754
(4, 1, 1)
1
(32, 73)
-> Request 1
1161
(4, 3, 1)
3
(34, 51)
-> Request 2
1221
(4, 1, 1)
2
(78, 77)
-> Request 3
1271
(4, 3, 1)
2
(28, 48)
-> Request 4
1281
(4, 3, 1)
2
(53, 16)
--> Day : 1
-> Request 0
325
(4, 1, 1)
2
(23, 39)
-> Request 1
684
(4, 2, 1)
1
(41, 23)
-> Request 2
749
(4, 1, 1)
1
(57, 53)
-> Request 3
978
(4, 1, 1)
3
(63, 52)
-> Request 4
1425
(4, 3, 1)
3
(13, 25)
-> Request 5
1434
(4, 1, 1)
2
(53, 10)
--> Day : 2
-> Request 0
160
(4, 1, 1)
2
(65, 27)
-> Request 1
672
(4, 2, 1)
2
(26, 75)
-> Request 2
685
(4, 3, 1)
2
(30, 25)
-> Request 3
710
(4, 1, 1)
2
(45, 77)
-> Request 4
852
(4, 2, 1)
1
(47, 3)
-> Request 5
963
(4, 2, 1)
2
(18, 65)
-> Request 6
1250
(4, 1, 1)
1
(5, 65)
-> Request 7
1332
(4, 3, 1)
3
(29, 73)
--> Day : 3
-> Request 0
199
(4, 2, 1)
2
(47, 31)
-> Request 1
374
(4, 2, 1)
3
(79, 33)
-> Request 2
1112
(4, 3, 1)
3
(42, 9)
-> Request 3
1376
(4, 3, 1)
3
(35, 43)
-> Request 4
1411
(4, 3, 1)
1
(15, 29)
--> Day : 4
-> Request 0
243
(4, 2, 1)
3
(70, 32)
-> Request 1
555
(4, 1, 1)
1
(69, 67)
-> Request 2
880
(4, 1, 1)
2
(26, 23)
-> Request 3
980
(4, 2, 1)
3
(34, 17)
-> Request 4
1006
(4, 1, 1)
1
(46, 40)
-> Request 5
1401
(4, 2, 1)
3
(4, 27)
---> Week : 16
--> Day : 0
-> Request 0
267
(4, 2, 1)
2
(26, 3)
-> Request 1
355
(4, 2, 1)
1
(49, 9)
-> Request 2
609
(4, 2, 1)
2
(62, 21)
-> Request 3
745
(4, 3, 1)
3
(44, 34)
-> Request 4
1243
(4, 3, 1)
2
(25, 30)
-> Request 5
1301
(4, 2, 1)
2
(57, 75)
-> Request 6
1372
(4, 3, 1)
2
(47, 24)
-> Request 7
1412
(4, 2, 1)
1
(39, 37)
--> Day : 1
-> Request 0
338
(4, 3, 1)
3
(12, 36)
-> Request 1
384
(4, 1, 1)
3
(60, 2)
-> Request 2
1098
(4, 3, 1)
1
(33, 68)
-> Request 3
1120
(4, 1, 1)
1
(37, 42)
-> Request 4
1337
(4, 1, 1)
2
(25, 69)
-> Request 5
1358
(4, 2, 1)
2
(72, 36)
--> Day : 2
-> Request 0
63
(4, 2, 1)
2
(49, 58)
-> Request 1
185
(4, 1, 1)
3
(20, 72)
-> Request 2
459
(4, 2, 1)
3
(40, 55)
-> Request 3
482
(4, 2, 1)
1
(72, 32)
-> Request 4
1281
(4, 3, 1)
2
(38, 52)
-> Request 5
1350
(4, 2, 1)
3
(14, 62)
--> Day : 3
-> Request 0
49
(4, 2, 1)
3
(10, 76)
-> Request 1
418
(4, 2, 1)
2
(9, 34)
-> Request 2
792
(4, 2, 1)
1
(58, 8)
-> Request 3
1129
(4, 2, 1)
2
(5, 60)
-> Request 4
1199
(4, 1, 1)
3
(61, 35)
-> Request 5
1438
(4, 2, 1)
2
(61, 35)
--> Day : 4
-> Request 0
2
(4, 1, 1)
1
(55, 3)
-> Request 1
186
(4, 3, 1)
3
(23, 25)
-> Request 2
198
(4, 1, 1)
2
(45, 19)
-> Request 3
483
(4, 1, 1)
2
(72, 29)
-> Request 4
593
(4, 3, 1)
3
(14, 50)
-> Request 5
672
(4, 3, 1)
2
(78, 45)
-> Request 6
1086
(4, 1, 1)
1
(42, 79)
-> Request 7
1268
(4, 3, 1)
2
(79, 50)
---> Week : 17
--> Day : 0
-> Request 0
117
(4, 2, 1)
1
(64, 67)
-> Request 1
238
(4, 2, 1)
3
(7, 45)
-> Request 2
533
(4, 3, 1)
2
(53, 73)
-> Request 3
717
(4, 2, 1)
1
(23, 17)
-> Request 4
1177
(4, 3, 1)
2
(48, 79)
-> Request 5
1190
(4, 1, 1)
2
(29, 38)
-> Request 6
1214
(4, 2, 1)
2
(72, 72)
-> Request 7
1221
(4, 1, 1)
2
(21, 29)
-> Request 8
1344
(4, 1, 1)
1
(30, 50)
--> Day : 1
-> Request 0
25
(4, 2, 1)
2
(49, 31)
-> Request 1
250
(4, 2, 1)
3
(31, 53)
-> Request 2
798
(4, 3, 1)
1
(63, 25)
-> Request 3
1286
(4, 1, 1)
3
(60, 10)
-> Request 4
1394
(4, 2, 1)
3
(59, 51)
--> Day : 2
-> Request 0
60
(4, 3, 1)
3
(78, 67)
-> Request 1
172
(4, 1, 1)
2
(42, 14)
-> Request 2
616
(4, 1, 1)
1
(70, 55)
-> Request 3
724
(4, 3, 1)
1
(28, 22)
-> Request 4
768
(4, 1, 1)
2
(57, 78)
-> Request 5
791
(4, 2, 1)
2
(49, 37)
-> Request 6
1060
(4, 2, 1)
1
(59, 63)
-> Request 7
1239
(4, 1, 1)
3
(38, 67)
-> Request 8
1372
(4, 3, 1)
3
(71, 9)
--> Day : 3
-> Request 0
9
(4, 1, 1)
3
(79, 60)
-> Request 1
360
(4, 3, 1)
1
(20, 67)
-> Request 2
428
(4, 1, 1)
2
(25, 45)
-> Request 3
481
(4, 1, 1)
3
(41, 8)
-> Request 4
811
(4, 2, 1)
1
(22, 63)
-> Request 5
861
(4, 2, 1)
1
(52, 13)
-> Request 6
929
(4, 1, 1)
1
(59, 65)
-> Request 7
989
(4, 1, 1)
2
(11, 78)
-> Request 8
1057
(4, 2, 1)
3
(74, 65)
-> Request 9
1154
(4, 3, 1)
2
(33, 27)
-> Request 10
1200
(4, 3, 1)
2
(63, 1)
--> Day : 4
-> Request 0
386
(4, 2, 1)
1
(76, 48)
-> Request 1
441
(4, 2, 1)
2
(71, 54)
-> Request 2
1032
(4, 2, 1)
2
(31, 60)
-> Request 3
1107
(4, 1, 1)
3
(36, 15)
-> Request 4
1174
(4, 3, 1)
3
(75, 25)
-> Request 5
1336
(4, 2, 1)
1
(19, 71)
---> Week : 18
--> Day : 0
-> Request 0
48
(4, 1, 1)
1
(22, 35)
-> Request 1
121
(4, 3, 1)
2
(30, 64)
-> Request 2
343
(4, 3, 1)
1
(49, 10)
-> Request 3
552
(4, 1, 1)
2
(36, 24)
-> Request 4
952
(4, 2, 1)
1
(49, 31)
--> Day : 1
-> Request 0
485
(4, 3, 1)
1
(41, 38)
-> Request 1
660
(4, 1, 1)
3
(61, 15)
-> Request 2
757
(4, 1, 1)
3
(26, 27)
-> Request 3
929
(4, 1, 1)
2
(38, 42)
-> Request 4
1008
(4, 1, 1)
1
(44, 23)
-> Request 5
1349
(4, 2, 1)
3
(40, 10)
-> Request 6
1373
(4, 3, 1)
2
(36, 7)
--> Day : 2
-> Request 0
159
(4, 3, 1)
1
(3, 15)
-> Request 1
515
(4, 2, 1)
3
(1, 35)
-> Request 2
713
(4, 2, 1)
1
(41, 74)
-> Request 3
927
(4, 2, 1)
1
(54, 61)
-> Request 4
1054
(4, 3, 1)
3
(34, 75)
-> Request 5
1320
(4, 2, 1)
1
(8, 17)
--> Day : 3
-> Request 0
306
(4, 3, 1)
3
(70, 67)
-> Request 1
640
(4, 3, 1)
3
(12, 78)
-> Request 2
758
(4, 2, 1)
3
(17, 25)
-> Request 3
1133
(4, 3, 1)
3
(41, 46)
-> Request 4
1170
(4, 1, 1)
1
(5, 53)
--> Day : 4
-> Request 0
9
(4, 1, 1)
3
(58, 4)
-> Request 1
774
(4, 1, 1)
3
(54, 11)
-> Request 2
820
(4, 2, 1)
3
(60, 1)
-> Request 3
861
(4, 2, 1)
2
(27, 56)
-> Request 4
1354
(4, 2, 1)
2
(53, 72)
---> Week : 19
--> Day : 0
-> Request 0
350
(4, 3, 1)
2
(3, 40)
-> Request 1
382
(4, 1, 1)
3
(35, 74)
-> Request 2
706
(4, 3, 1)
1
(1, 77)
-> Request 3
1437
(4, 3, 1)
1
(69, 38)
--> Day : 1
-> Request 0
30
(4, 3, 1)
3
(57, 5)
-> Request 1
431
(4, 2, 1)
1
(22, 65)
-> Request 2
1276
(4, 1, 1)
2
(28, 37)
-> Request 3
1418
(4, 1, 1)
3
(16, 60)
-> Request 4
1432
(4, 2, 1)
1
(27, 30)
--> Day : 2
-> Request 0
193
(4, 3, 1)
3
(53, 69)
-> Request 1
606
(4, 2, 1)
1
(40, 60)
-> Request 2
709
(4, 2, 1)
1
(21, 13)
-> Request 3
822
(4, 3, 1)
1
(53, 48)
-> Request 4
869
(4, 1, 1)
1
(61, 10)
-> Request 5
1084
(4, 2, 1)
3
(30, 70)
-> Request 6
1143
(4, 1, 1)
2
(47, 44)
--> Day : 3
-> Request 0
52
(4, 2, 1)
1
(77, 44)
-> Request 1
116
(4, 1, 1)
3
(63, 74)
-> Request 2
157
(4, 2, 1)
2
(63, 7)
-> Request 3
271
(4, 3, 1)
3
(41, 33)
-> Request 4
367
(4, 2, 1)
1
(9, 73)
-> Request 5
427
(4, 1, 1)
1
(40, 31)
-> Request 6
1370
(4, 1, 1)
2
(67, 27)
-> Request 7
1419
(4, 1, 1)
1
(74, 8)
--> Day : 4
-> Request 0
271
(4, 3, 1)
2
(47, 58)
-> Request 1
326
(4, 3, 1)
2
(45, 20)
-> Request 2
370
(4, 1, 1)
3
(71, 45)
-> Request 3
681
(4, 3, 1)
3
(45, 71)
-> Request 4
786
(4, 2, 1)
3
(45, 26)
-> Request 5
945
(4, 2, 1)
3
(3, 59)
