---> Week : 0
--> Day : 0
-> Request 0
70
(4, 3, 1)
1
(76, 78)
-> Request 1
86
(4, 3, 1)
2
(15, 1)
-> Request 2
818
(4, 3, 1)
3
(49, 55)
-> Request 3
854
(4, 1, 1)
3
(58, 30)
-> Request 4
908
(4, 1, 1)
3
(59, 25)
-> Request 5
937
(4, 2, 1)
3
(14, 58)
-> Request 6
955
(4, 3, 1)
3
(43, 56)
-> Request 7
967
(4, 3, 1)
3
(56, 43)
--> Day : 1
-> Request 0
375
(4, 2, 1)
3
(46, 7)
-> Request 1
512
(4, 3, 1)
3
(17, 60)
-> Request 2
847
(4, 3, 1)
1
(42, 62)
-> Request 3
867
(4, 3, 1)
2
(1, 48)
-> Request 4
898
(4, 2, 1)
1
(26, 49)
-> Request 5
999
(4, 1, 1)
1
(43, 66)
-> Request 6
1212
(4, 2, 1)
3
(53, 76)
-> Request 7
1227
(4, 2, 1)
2
(20, 30)
-> Request 8
1389
(4, 3, 1)
1
(78, 31)
--> Day : 2
-> Request 0
57
(4, 3, 1)
2
(42, 23)
-> Request 1
476
(4, 1, 1)
3
(31, 14)
-> Request 2
559
(4, 2, 1)
1
(60, 44)
-> Request 3
657
(4, 1, 1)
3
(3, 12)
-> Request 4
812
(4, 2, 1)
1
(58, 53)
-> Request 5
871
(4, 1, 1)
2
(36, 42)
--> Day : 3
-> Request 0
143
(4, 1, 1)
2
(66, 38)
-> Request 1
168
(4, 3, 1)
3
(68, 34)
-> Request 2
176
(4, 2, 1)
1
(45, 9)
--> Day : 4
-> Request 0
16
(4, 2, 1)
3
(27, 0)
-> Request 1
358
(4, 3, 1)
1
(63, 0)
-> Request 2
394
(4, 2, 1)
2
(17, 15)
-> Request 3
567
(4, 2, 1)
1
(10, 38)
-> Request 4
917
(4, 1, 1)
3
(66, 16)
-> Request 5
1295
(4, 1, 1)
1
(10, 12)
---> Week : 1
--> Day : 0
-> Request 0
304
(4, 1, 1)
1
(19, 31)
-> Request 1
563
(4, 3, 1)
1
(71, 41)
-> Request 2
1043
(4, 1, 1)
1
(54, 32)
-> Request 3
1114
(4, 2, 1)
3
(0, 22)
--> Day : 1
-> Request 0
839
(4, 1, 1)
2
(62, 68)
-> Request 1
1064
(4, 3, 1)
1
(64, 61)
-> Request 2
1195
(4, 3, 1)
2
(37, 37)
-> Request 3
1295
(4, 3, 1)
2
(53, 63)
-> Request 4
1398
(4, 2, 1)
2
(75, 70)
--> Day : 2
-> Request 0
101
(4, 3, 1)
3
(2, 66)
-> Request 1
219
(4, 1, 1)
1
(58, 20)
-> Request 2
357
(4, 1, 1)
2
(61, 39)
-> Request 3
461
(4, 2, 1)
3
(33, 43)
-> Request 4
837
(4, 1, 1)
2
(31, 27)
-> Request 5
1020
(4, 2, 1)
1
(7, 72)
-> Request 6
1088
(4, 1, 1)
1
(47, 44)
--> Day : 3
-> Request 0
348
(4, 2, 1)
3
(31, 39)
-> Request 1
490
(4, 1, 1)
2
(35, 15)
-> Request 2
525
(4, 3, 1)
1
(15, 18)
-> Request 3
646
(4, 3, 1)
2
(59, 5)
-> Request 4
797
(4, 1, 1)
1
(25, 6)
--> Day : 4
-> Request 0
56
(4, 3, 1)
3
(38, 73)
-> Request 1
178
(4, 3, 1)
3
(4, 52)
-> Request 2
232
(4, 1, 1)
3
(14, 61)
-> Request 3
357
(4, 2, 1)
2
(21, 25)
-> Request 4
1024
(4, 1, 1)
2
(73, 57)
-> Request 5
1079
(4, 1, 1)
2
(43, 40)
-> Request 6
1278
(4, 2, 1)
2
(41, 43)
-> Request 7
1390
(4, 1, 1)
3
(44, 18)
---> Week : 2
--> Day : 0
-> Request 0
701
(4, 1, 1)
1
(46, 3)
-> Request 1
815
(4, 2, 1)
3
(20, 58)
-> Request 2
953
(4, 2, 1)
2
(28, 13)
-> Request 3
1132
(4, 3, 1)
2
(34, 2)
-> Request 4
1185
(4, 1, 1)
2
(63, 17)
--> Day : 1
-> Request 0
285
(4, 3, 1)
3
(40, 7)
-> Request 1
854
(4, 3, 1)
2
(56, 13)
-> Request 2
1266
(4, 3, 1)
2
(77, 47)
--> Day : 2
-> Request 0
216
(4, 3, 1)
2
(24, 41)
-> Request 1
725
(4, 2, 1)
3
(58, 24)
-> Request 2
821
(4, 3, 1)
1
(73, 46)
-> Request 3
1065
(4, 3, 1)
3
(21, 42)
--> Day : 3
-> Request 0
75
(4, 1, 1)
1
(8, 58)
-> Request 1
559
(4, 1, 1)
2
(32, 39)
-> Request 2
630
(4, 2, 1)
1
(25, 77)
-> Request 3
930
(4, 1, 1)
2
(20, 0)
-> Request 4
936
(4, 3, 1)
3
(58, 34)
-> Request 5
1186
(4, 3, 1)
3
(60, 36)
-> Request 6
1218
(4, 1, 1)
1
(79, 62)
--> Day : 4
-> Request 0
13
(4, 2, 1)
1
(75, 13)
-> Request 1
21
(4, 2, 1)
1
(1, 77)
-> Request 2
79
(4, 3, 1)
3
(32, 21)
-> Request 3
215
(4, 3, 1)
3
(63, 26)
-> Request 4
465
(4, 3, 1)
1
(41, 47)
-> Request 5
548
(4, 3, 1)
2
(68, 24)
-> Request 6
705
(4, 2, 1)
2
(75, 4)
-> Request 7
905
(4, 1, 1)
3
(9, 53)
-> Request 8
1363
(4, 3, 1)
2
(79, 25)
---> Week : 3
--> Day : 0
-> Request 0
379
(4, 2, 1)
1
(64, 22)
-> Request 1
706
(4, 1, 1)
3
(3, 20)
-> Request 2
1083
(4, 1, 1)
3
(76, 50)
-> Request 3
1132
(4, 2, 1)
2
(71, 8)
-> Request 4
1255
(4, 1, 1)
2
(31, 45)
--> Day : 1
-> Request 0
56
(4, 2, 1)
3
(8, 17)
-> Request 1
725
(4, 1, 1)
1
(24, 36)
-> Request 2
803
(4, 1, 1)
3
(73, 56)
-> Request 3
978
(4, 2, 1)
2
(72, 25)
-> Request 4
991
(4, 1, 1)
1
(33, 15)
-> Request 5
1118
(4, 3, 1)
3
(7, 16)
-> Request 6
1195
(4, 2, 1)
3
(60, 37)
-> Request 7
1330
(4, 2, 1)
3
(34, 21)
-> Request 8
1368
(4, 1, 1)
2
(70, 33)
--> Day : 2
-> Request 0
250
(4, 3, 1)
2
(39, 32)
-> Request 1
890
(4, 3, 1)
3
(28, 1)
-> Request 2
993
(4, 3, 1)
2
(62, 57)
-> Request 3
1145
(4, 1, 1)
1
(43, 77)
--> Day : 3
-> Request 0
12
(4, 2, 1)
2
(16, 15)
-> Request 1
41
(4, 1, 1)
3
(40, 26)
-> Request 2
351
(4, 1, 1)
3
(8, 76)
-> Request 3
630
(4, 1, 1)
1
(43, 77)
-> Request 4
876
(4, 1, 1)
1
(34, 36)
-> Request 5
1108
(4, 3, 1)
1
(28, 60)
--> Day : 4
-> Request 0
1209
(4, 1, 1)
1
(22, 38)
-> Request 1
1380
(4, 2, 1)
3
(24, 48)
---> Week : 4
--> Day : 0
-> Request 0
107
(4, 1, 1)
3
(56, 45)
-> Request 1
151
(4, 2, 1)
2
(40, 48)
-> Request 2
228
(4, 3, 1)
2
(35, 57)
-> Request 3
862
(4, 1, 1)
1
(16, 37)
-> Request 4
900
(4, 3, 1)
3
(43, 35)
-> Request 5
1212
(4, 3, 1)
1
(51, 0)
-> Request 6
1366
(4, 1, 1)
1
(11, 79)
--> Day : 1
-> Request 0
967
(4, 3, 1)
1
(4, 57)
-> Request 1
1059
(4, 2, 1)
1
(71, 51)
-> Request 2
1086
(4, 1, 1)
1
(68, 54)
-> Request 3
1188
(4, 1, 1)
3
(15, 6)
-> Request 4
1190
(4, 2, 1)
1
(61, 47)
--> Day : 2
-> Request 0
104
(4, 3, 1)
3
(64, 33)
-> Request 1
244
(4, 1, 1)
2
(0, 25)
-> Request 2
1166
(4, 1, 1)
2
(40, 56)
-> Request 3
1359
(4, 2, 1)
1
(44, 15)
-> Request 4
1392
(4, 2, 1)
3
(31, 45)
--> Day : 3
-> Request 0
352
(4, 1, 1)
1
(17, 72)
-> Request 1
424
(4, 2, 1)
1
(15, 3)
-> Request 2
808
(4, 3, 1)
2
(20, 65)
-> Request 3
882
(4, 3, 1)
1
(64, 40)
-> Request 4
1130
(4, 2, 1)
3
(74, 1)
-> Request 5
1194
(4, 2, 1)
3
(69, 4)
-> Request 6
1372
(4, 1, 1)
3
(23, 30)
--> Day : 4
-> Request 0
119
(4, 1, 1)
3
(28, 43)
-> Request 1
128
(4, 2, 1)
3
(65, 13)
-> Request 2
1104
(4, 1, 1)
3
(50, 60)
-> Request 3
1219
(4, 3, 1)
1
(33, 39)
---> Week : 5
--> Day : 0
-> Request 0
447
(4, 3, 1)
3
(38, 50)
-> Request 1
459
(4, 3, 1)
2
(78, 47)
-> Request 2
914
(4, 2, 1)
2
(29, 68)
-> Request 3
1196
(4, 1, 1)
1
(69, 42)
-> Request 4
1314
(4, 3, 1)
2
(79, 55)
-> Request 5
1435
(4, 1, 1)
3
(17, 10)
--> Day : 1
-> Request 0
84
(4, 3, 1)
2
(77, 15)
--> Day : 2
-> Request 0
264
(4, 1, 1)
2
(49, 43)
-> Request 1
517
(4, 1, 1)
3
(66, 32)
-> Request 2
678
(4, 2, 1)
1
(29, 35)
-> Request 3
853
(4, 1, 1)
1
(6, 61)
-> Request 4
934
(4, 1, 1)
1
(70, 24)
-> Request 5
1148
(4, 1, 1)
1
(1, 26)
--> Day : 3
-> Request 0
153
(4, 3, 1)
1
(24, 58)
-> Request 1
493
(4, 2, 1)
2
(31, 53)
-> Request 2
1127
(4, 2, 1)
1
(63, 72)
--> Day : 4
-> Request 0
667
(4, 2, 1)
2
(55, 77)
-> Request 1
744
(4, 2, 1)
3
(8, 18)
-> Request 2
927
(4, 2, 1)
1
(78, 59)
-> Request 3
1209
(4, 2, 1)
2
(57, 48)
-> Request 4
1325
(4, 1, 1)
1
(42, 11)
-> Request 5
1385
(4, 2, 1)
1
(56, 36)
-> Request 6
1387
(4, 2, 1)
1
(22, 17)
---> Week : 6
--> Day : 0
-> Request 0
102
(4, 3, 1)
1
(67, 54)
-> Request 1
192
(4, 3, 1)
2
(36, 17)
-> Request 2
775
(4, 2, 1)
3
(23, 21)
-> Request 3
1238
(4, 1, 1)
1
(18, 26)
--> Day : 1
-> Request 0
64
(4, 3, 1)
3
(33, 39)
-> Request 1
229
(4, 1, 1)
2
(4, 23)
-> Request 2
878
(4, 1, 1)
3
(19, 18)
-> Request 3
968
(4, 3, 1)
3
(50, 32)
-> Request 4
1265
(4, 1, 1)
3
(41, 34)
--> Day : 2
-> Request 0
275
(4, 3, 1)
2
(63, 12)
-> Request 1
341
(4, 3, 1)
2
(11, 75)
-> Request 2
379
(4, 1, 1)
3
(21, 27)
-> Request 3
931
(4, 3, 1)
1
(43, 11)
-> Request 4
983
(4, 2, 1)
3
(70, 6)
-> Request 5
1430
(4, 3, 1)
3
(47, 27)
--> Day : 3
-> Request 0
457
(4, 1, 1)
2
(57, 4)
-> Request 1
469
(4, 1, 1)
3
(46, 19)
-> Request 2
648
(4, 2, 1)
1
(2, 41)
-> Request 3
677
(4, 2, 1)
1
(38, 11)
-> Request 4
1148
(4, 2, 1)
1
(76, 31)
-> Request 5
1383
(4, 2, 1)
3
(78, 42)
--> Day : 4
-> Request 0
146
(4, 2, 1)
2
(66, 57)
-> Request 1
412
(4, 1, 1)
3
(58, 75)
-> Request 2
490
(4, 2, 1)
3
(73, 64)
-> Request 3
594
(4, 2, 1)
1
(29, 54)
-> Request 4
737
(4, 2, 1)
1
(32, 8)
-> Request 5
1197
(4, 1, 1)
3
(24, 68)
-> Request 6
1335
(4, 3, 1)
3
(21, 58)
---> Week : 7
--> Day : 0
-> Request 0
1394
(4, 3, 1)
2
(58, 70)
--> Day : 1
-> Request 0
75
(4, 3, 1)
1
(63, 47)
-> Request 1
672
(4, 2, 1)
3
(50, 64)
-> Request 2
765
(4, 3, 1)
2
(32, 48)
-> Request 3
870
(4, 2, 1)
1
(0, 49)
-> Request 4
1101
(4, 2, 1)
1
(76, 3)
-> Request 5
1162
(4, 1, 1)
1
(50, 57)
-> Request 6
1262
(4, 1, 1)
3
(28, 69)
--> Day : 2
-> Request 0
31
(4, 1, 1)
1
(50, 48)
-> Request 1
67
(4, 2, 1)
1
(0, 27)
-> Request 2
219
(4, 2, 1)
1
(68, 17)
-> Request 3
241
(4, 1, 1)
3
(50, 34)
-> Request 4
1318
(4, 2, 1)
2
(19, 8)
--> Day : 3
-> Request 0
112
(4, 3, 1)
1
(23, 46)
-> Request 1
121
(4, 3, 1)
1
(44, 38)
-> Request 2
481
(4, 2, 1)
3
(76, 71)
-> Request 3
683
(4, 3, 1)
3
(68, 24)
-> Request 4
717
(4, 1, 1)
2
(65, 76)
-> Request 5
855
(4, 2, 1)
2
(4, 0)
-> Request 6
1313
(4, 2, 1)
1
(27, 51)
--> Day : 4
-> Request 0
53
(4, 2, 1)
2
(18, 0)
-> Request 1
76
(4, 1, 1)
3
(72, 39)
-> Request 2
608
(4, 2, 1)
1
(25, 78)
-> Request 3
614
(4, 3, 1)
2
(22, 28)
-> Request 4
736
(4, 1, 1)
3
(4, 75)
-> Request 5
743
(4, 2, 1)
2
(72, 18)
-> Request 6
891
(4, 1, 1)
2
(36, 63)
---> Week : 8
--> Day : 0
-> Request 0
395
(4, 2, 1)
3
(73, 35)
-> Request 1
680
(4, 2, 1)
3
(13, 21)
-> Request 2
816
(4, 2, 1)
2
(70, 63)
-> Request 3
1020
(4, 3, 1)
1
(8, 54)
-> Request 4
1318
(4, 2, 1)
1
(9, 45)
--> Day : 1
-> Request 0
155
(4, 1, 1)
2
(57, 21)
-> Request 1
448
(4, 3, 1)
2
(23, 25)
-> Request 2
699
(4, 1, 1)
1
(27, 8)
-> Request 3
861
(4, 1, 1)
2
(71, 50)
-> Request 4
1263
(4, 2, 1)
3
(77, 6)
-> Request 5
1298
(4, 3, 1)
3
(29, 66)
-> Request 6
1298
(4, 1, 1)
1
(22, 55)
--> Day : 2
-> Request 0
72
(4, 2, 1)
2
(64, 45)
-> Request 1
84
(4, 1, 1)
1
(47, 75)
-> Request 2
233
(4, 1, 1)
3
(1, 11)
-> Request 3
480
(4, 1, 1)
3
(75, 28)
-> Request 4
904
(4, 2, 1)
1
(26, 0)
-> Request 5
916
(4, 2, 1)
1
(78, 65)
-> Request 6
1398
(4, 2, 1)
3
(40, 66)
--> Day : 3
-> Request 0
217
(4, 2, 1)
1
(31, 39)
-> Request 1
590
(4, 3, 1)
1
(11, 73)
-> Request 2
965
(4, 2, 1)
1
(44, 49)
-> Request 3
980
(4, 2, 1)
1
(75, 75)
-> Request 4
1302
(4, 1, 1)
2
(69, 49)
--> Day : 4
-> Request 0
253
(4, 3, 1)
1
(77, 48)
-> Request 1
586
(4, 3, 1)
1
(72, 61)
-> Request 2
695
(4, 2, 1)
3
(73, 61)
-> Request 3
946
(4, 2, 1)
2
(37, 28)
-> Request 4
1042
(4, 1, 1)
3
(30, 14)
-> Request 5
1083
(4, 3, 1)
2
(21, 74)
-> Request 6
1131
(4, 3, 1)
3
(65, 40)
-> Request 7
1251
(4, 2, 1)
2
(10, 67)
---> Week : 9
--> Day : 0
-> Request 0
117
(4, 3, 1)
3
(69, 75)
-> Request 1
189
(4, 3, 1)
1
(38, 12)
-> Request 2
288
(4, 1, 1)
3
(28, 38)
-> Request 3
572
(4, 2, 1)
2
(59, 2)
-> Request 4
646
(4, 3, 1)
2
(60, 39)
-> Request 5
754
(4, 1, 1)
2
(63, 33)
-> Request 6
923
(4, 2, 1)
2
(58, 79)
-> Request 7
964
(4, 1, 1)
2
(57, 36)
-> Request 8
1268
(4, 1, 1)
2
(37, 45)
--> Day : 1
-> Request 0
1167
(4, 2, 1)
3
(18, 73)
-> Request 1
1281
(4, 3, 1)
1
(51, 23)
--> Day : 2
-> Request 0
202
(4, 3, 1)
1
(72, 20)
-> Request 1
211
(4, 3, 1)
3
(29, 70)
-> Request 2
356
(4, 2, 1)
3
(2, 46)
-> Request 3
410
(4, 2, 1)
1
(78, 64)
-> Request 4
723
(4, 3, 1)
3
(3, 59)
-> Request 5
775
(4, 3, 1)
1
(32, 6)
-> Request 6
1074
(4, 2, 1)
3
(69, 23)
--> Day : 3
-> Request 0
940
(4, 1, 1)
3
(31, 21)
-> Request 1
1233
(4, 3, 1)
1
(14, 43)
-> Request 2
1302
(4, 3, 1)
3
(72, 71)
--> Day : 4
-> Request 0
212
(4, 2, 1)
2
(14, 60)
-> Request 1
598
(4, 3, 1)
3
(15, 2)
-> Request 2
637
(4, 2, 1)
3
(59, 9)
---> Week : 10
--> Day : 0
-> Request 0
62
(4, 3, 1)
2
(78, 17)
-> Request 1
237
(4, 2, 1)
3
(57, 20)
-> Request 2
313
(4, 1, 1)
2
(13, 52)
-> Request 3
432
(4, 3, 1)
3
(30, 49)
-> Request 4
684
(4, 1, 1)
2
(72, 77)
-> Request 5
694
(4, 2, 1)
3
(15, 15)
-> Request 6
876
(4, 3, 1)
3
(28, 23)
-> Request 7
1378
(4, 3, 1)
3
(47, 46)
-> Request 8
1432
(4, 1, 1)
3
(4, 38)
--> Day : 1
-> Request 0
207
(4, 1, 1)
3
(48, 18)
-> Request 1
635
(4, 1, 1)
2
(2, 30)
-> Request 2
737
(4, 2, 1)
1
(60, 6)
-> Request 3
832
(4, 2, 1)
2
(31, 40)
--> Day : 2
-> Request 0
537
(4, 1, 1)
2
(31, 23)
-> Request 1
610
(4, 3, 1)
3
(8, 79)
-> Request 2
910
(4, 1, 1)
2
(71, 32)
-> Request 3
928
(4, 3, 1)
3
(61, 69)
-> Request 4
996
(4, 2, 1)
1
(44, 19)
-> Request 5
1152
(4, 2, 1)
3
(50, 46)
-> Request 6
1244
(4, 1, 1)
2
(50, 32)
--> Day : 3
-> Request 0
117
(4, 1, 1)
3
(45, 47)
-> Request 1
242
(4, 1, 1)
2
(18, 54)
-> Request 2
377
(4, 1, 1)
1
(4, 77)
-> Request 3
687
(4, 3, 1)
3
(64, 1)
-> Request 4
919
(4, 3, 1)
2
(43, 66)
-> Request 5
1191
(4, 1, 1)
2
(6, 46)
-> Request 6
1313
(4, 1, 1)
2
(44, 45)
--> Day : 4
-> Request 0
119
(4, 1, 1)
1
(15, 75)
-> Request 1
552
(4, 1, 1)
1
(11, 15)
-> Request 2
951
(4, 1, 1)
3
(0, 25)
-> Request 3
1282
(4, 3, 1)
2
(14, 27)
---> Week : 11
--> Day : 0
-> Request 0
229
(4, 2, 1)
3
(8, 21)
-> Request 1
420
(4, 3, 1)
2
(55, 10)
-> Request 2
434
(4, 2, 1)
2
(61, 63)
-> Request 3
768
(4, 2, 1)
2
(62, 54)
-> Request 4
1240
(4, 3, 1)
1
(27, 3)
--> Day : 1
-> Request 0
26
(4, 1, 1)
2
(68, 57)
-> Request 1
179
(4, 2, 1)
3
(55, 49)
-> Request 2
258
(4, 2, 1)
3
(20, 69)
-> Request 3
556
(4, 2, 1)
3
(40, 47)
-> Request 4
617
(4, 2, 1)
1
(77, 13)
-> Request 5
640
(4, 3, 1)
2
(70, 13)
--> Day : 2
-> Request 0
1422
(4, 3, 1)
2
(12, 2)
--> Day : 3
-> Request 0
275
(4, 1, 1)
2
(39, 40)
-> Request 1
722
(4, 1, 1)
1
(0, 72)
-> Request 2
1065
(4, 1, 1)
1
(76, 71)
-> Request 3
1286
(4, 2, 1)
1
(11, 54)
--> Day : 4
-> Request 0
311
(4, 3, 1)
3
(10, 52)
-> Request 1
590
(4, 1, 1)
2
(15, 52)
-> Request 2
1424
(4, 3, 1)
2
(14, 13)
---> Week : 12
--> Day : 0
-> Request 0
528
(4, 1, 1)
2
(54, 34)
-> Request 1
643
(4, 1, 1)
3
(62, 67)
-> Request 2
852
(4, 3, 1)
2
(78, 65)
-> Request 3
996
(4, 3, 1)
1
(54, 17)
-> Request 4
1352
(4, 1, 1)
1
(46, 27)
--> Day : 1
-> Request 0
103
(4, 1, 1)
3
(2, 57)
-> Request 1
240
(4, 2, 1)
2
(70, 56)
-> Request 2
375
(4, 1, 1)
3
(58, 72)
-> Request 3
585
(4, 2, 1)
3
(20, 26)
-> Request 4
953
(4, 1, 1)
1
(46, 56)
-> Request 5
1190
(4, 2, 1)
1
(65, 7)
-> Request 6
1336
(4, 2, 1)
2
(40, 65)
--> Day : 2
-> Request 0
210
(4, 2, 1)
1
(44, 76)
-> Request 1
379
(4, 1, 1)
1
(46, 65)
-> Request 2
1158
(4, 1, 1)
1
(43, 75)
--> Day : 3
-> Request 0
94
(4, 2, 1)
3
(13, 36)
-> Request 1
126
(4, 2, 1)
3
(3, 49)
-> Request 2
679
(4, 1, 1)
2
(31, 5)
-> Request 3
886
(4, 2, 1)
3
(55, 71)
-> Request 4
1053
(4, 3, 1)
1
(32, 54)
-> Request 5
1156
(4, 1, 1)
2
(21, 62)
-> Request 6
1334
(4, 2, 1)
3
(45, 46)
--> Day : 4
-> Request 0
513
(4, 1, 1)
1
(60, 76)
-> Request 1
585
(4, 1, 1)
1
(14, 8)
-> Request 2
683
(4, 3, 1)
3
(79, 77)
-> Request 3
732
(4, 1, 1)
3
(0, 0)
-> Request 4
811
(4, 2, 1)
2
(62, 68)
-> Request 5
1046
(4, 2, 1)
2
(53, 22)
-> Request 6
1401
(4, 1, 1)
2
(64, 27)
---> Week : 13
--> Day : 0
-> Request 0
111
(4, 2, 1)
1
(31, 65)
-> Request 1
1014
(4, 3, 1)
3
(55, 75)
-> Request 2
1228
(4, 3, 1)
3
(38, 61)
--> Day : 1
-> Request 0
193
(4, 2, 1)
1
(33, 25)
-> Request 1
481
(4, 3, 1)
3
(11, 72)
-> Request 2
606
(4, 1, 1)
2
(26, 69)
-> Request 3
658
(4, 3, 1)
2
(38, 67)
-> Request 4
1171
(4, 3, 1)
3
(40, 0)
--> Day : 2
-> Request 0
73
(4, 3, 1)
3
(30, 42)
-> Request 1
491
(4, 2, 1)
2
(43, 0)
-> Request 2
618
(4, 3, 1)
2
(16, 42)
-> Request 3
629
(4, 2, 1)
3
(63, 58)
-> Request 4
650
(4, 1, 1)
1
(58, 60)
-> Request 5
932
(4, 2, 1)
1
(58, 42)
-> Request 6
1231
(4, 2, 1)
3
(72, 29)
-> Request 7
1331
(4, 2, 1)
2
(57, 69)
--> Day : 3
-> Request 0
136
(4, 1, 1)
1
(42, 58)
-> Request 1
462
(4, 2, 1)
2
(33, 60)
-> Request 2
539
(4, 1, 1)
1
(1, 38)
-> Request 3
554
(4, 3, 1)
1
(36, 40)
-> Request 4
564
(4, 3, 1)
1
(22, 23)
-> Request 5
1099
(4, 2, 1)
3
(36, 75)
-> Request 6
1105
(4, 2, 1)
2
(64, 63)
--> Day : 4
-> Request 0
223
(4, 1, 1)
2
(8, 37)
-> Request 1
508
(4, 2, 1)
1
(14, 71)
-> Request 2
1152
(4, 2, 1)
1
(13, 74)
-> Request 3
1175
(4, 2, 1)
3
(58, 1)
---> Week : 14
--> Day : 0
-> Request 0
24
(4, 2, 1)
1
(52, 64)
-> Request 1
58
(4, 2, 1)
2
(58, 41)
-> Request 2
153
(4, 2, 1)
2
(53, 60)
-> Request 3
213
(4, 2, 1)
2
(37, 15)
-> Request 4
780
(4, 3, 1)
2
(76, 69)
-> Request 5
1034
(4, 1, 1)
2
(10, 15)
--> Day : 1
-> Request 0
338
(4, 2, 1)
3
(63, 13)
-> Request 1
383
(4, 1, 1)
1
(75, 28)
-> Request 2
505
(4, 2, 1)
3
(53, 61)
-> Request 3
716
(4, 3, 1)
1
(24, 16)
-> Request 4
820
(4, 3, 1)
2
(37, 4)
-> Request 5
1282
(4, 2, 1)
2
(26, 2)
-> Request 6
1302
(4, 3, 1)
2
(63, 37)
-> Request 7
1381
(4, 1, 1)
3
(67, 53)
--> Day : 2
-> Request 0
128
(4, 2, 1)
1
(57, 9)
-> Request 1
143
(4, 2, 1)
1
(8, 38)
-> Request 2
197
(4, 1, 1)
3
(77, 46)
-> Request 3
267
(4, 3, 1)
1
(51, 39)
-> Request 4
687
(4, 1, 1)
3
(6, 8)
-> Request 5
1063
(4, 2, 1)
1
(30, 21)
-> Request 6
1184
(4, 1, 1)
1
(40, 49)
-> Request 7
1437
(4, 3, 1)
2
(3, 31)
--> Day : 3
-> Request 0
80
(4, 2, 1)
1
(25, 70)
-> Request 1
523
(4, 1, 1)
1
(60, 10)
-> Request 2
721
(4, 3, 1)
3
(22, 36)
-> Request 3
782
(4, 2, 1)
2
(43, 9)
-> Request 4
1047
(4, 2, 1)
1
(75, 9)
--> Day : 4
-> Request 0
637
(4, 2, 1)
1
(49, 13)
-> Request 1
753
(4, 1, 1)
3
(66, 74)
-> Request 2
1329
(4, 3, 1)
1
(77, 5)
-> Request 3
1412
(4, 1, 1)
2
(18, 27)
---> Week : 15
--> Day : 0
-> Request 0
58
(4, 1, 1)
2
(25, 33)
-> Request 1
174
(4, 2, 1)
3
(9, 76)
-> Request 2
1155
(4, 1, 1)
2
(35, 16)
-> Request 3
1361
(4, 2, 1)
2
(43, 54)
--> Day : 1
-> Request 0
37
(4, 2, 1)
2
(52, 66)
-> Request 1
93
(4, 2, 1)
2
(71, 34)
-> Request 2
94
(4, 2, 1)
3
(43, 13)
-> Request 3
291
(4, 2, 1)
3
(18, 43)
-> Request 4
322
(4, 3, 1)
3
(47, 65)
-> Request 5
347
(4, 2, 1)
3
(38, 5)
-> Request 6
373
(4, 3, 1)
2
(65, 77)
-> Request 7
387
(4, 3, 1)
2
(29, 62)
-> Request 8
495
(4, 2, 1)
2
(42, 76)
-> Request 9
497
(4, 2, 1)
3
(74, 68)
-> Request 10
1266
(4, 1, 1)
2
(70, 29)
-> Request 11
1304
(4, 3, 1)
3
(1, 14)
--> Day : 2
-> Request 0
84
(4, 1, 1)
2
(65, 71)
-> Request 1
225
(4, 3, 1)
3
(63, 59)
-> Request 2
490
(4, 3, 1)
2
(2, 24)
-> Request 3
706
(4, 1, 1)
1
(71, 6)
-> Request 4
724
(4, 3, 1)
1
(9, 24)
-> Request 5
1006
(4, 3, 1)
3
(49, 23)
-> Request 6
1150
(4, 3, 1)
2
(19, 1)
--> Day : 3
-> Request 0
23
(4, 3, 1)
1
(77, 31)
-> Request 1
66
(4, 1, 1)
2
(43, 75)
-> Request 2
138
(4, 1, 1)
1
(34, 35)
-> Request 3
253
(4, 1, 1)
3
(54, 24)
-> Request 4
461
(4, 1, 1)
3
(62, 8)
-> Request 5
773
(4, 3, 1)
1
(34, 30)
-> Request 6
1044
(4, 1, 1)
2
(61, 60)
-> Request 7
1258
(4, 1, 1)
1
(45, 77)
--> Day : 4
-> Request 0
242
(4, 1, 1)
2
(73, 6)
-> Request 1
471
(4, 2, 1)
2
(2, 73)
-> Request 2
636
(4, 3, 1)
3
(32, 65)
-> Request 3
808
(4, 2, 1)
2
(6, 22)
-> Request 4
845
(4, 3, 1)
1
(36, 56)
-> Request 5
1176
(4, 3, 1)
3
(68, 11)
-> Request 6
1281
(4, 3, 1)
2
(7, 69)
---> Week : 16
--> Day : 0
-> Request 0
201
(4, 1, 1)
2
(30, 21)
-> Request 1
437
(4, 1, 1)
3
(70, 29)
-> Request 2
1136
(4, 3, 1)
1
(58, 20)
-> Request 3
1152
(4, 2, 1)
2
(10, 37)
-> Request 4
1407
(4, 2, 1)
1
(16, 26)
--> Day : 1
-> Request 0
14
(4, 3, 1)
3
(55, 14)
-> Request 1
101
(4, 1, 1)
1
(8, 2)
-> Request 2
245
(4, 2, 1)
3
(39, 30)
-> Request 3
252
(4, 1, 1)
3
(31, 75)
-> Request 4
320
(4, 2, 1)
1
(35, 64)
-> Request 5
327
(4, 3, 1)
1
(29, 62)
-> Request 6
412
(4, 1, 1)
1
(28, 63)
-> Request 7
1002
(4, 1, 1)
3
(10, 67)
-> Request 8
1314
(4, 3, 1)
2
(53, 76)
-> Request 9
1357
(4, 1, 1)
1
(45, 42)
--> Day : 2
-> Request 0
15
(4, 1, 1)
3
(70, 34)
-> Request 1
64
(4, 2, 1)
3
(62, 35)
-> Request 2
470
(4, 1, 1)
1
(49, 23)
-> Request 3
666
(4, 1, 1)
2
(35, 50)
-> Request 4
713
(4, 3, 1)
2
(1, 38)
-> Request 5
801
(4, 1, 1)
3
(73, 29)
-> Request 6
826
(4, 3, 1)
1
(26, 42)
--> Day : 3
-> Request 0
394
(4, 1, 1)
2
(43, 72)
-> Request 1
1069
(4, 2, 1)
3
(14, 28)
--> Day : 4
-> Request 0
254
(4, 3, 1)
2
(8, 34)
-> Request 1
267
(4, 3, 1)
3
(24, 24)
-> Request 2
509
(4, 1, 1)
1
(75, 2)
-> Request 3
923
(4, 1, 1)
1
(40, 23)
-> Request 4
1208
(4, 2, 1)
3
(27, 18)
-> Request 5
1231
(4, 3, 1)
1
(58, 25)
-> Request 6
1262
(4, 3, 1)
2
(68, 23)
-> Request 7
1436
(4, 1, 1)
1
(46, 1)
---> Week : 17
--> Day : 0
-> Request 0
163
(4, 2, 1)
3
(31, 74)
-> Request 1
467
(4, 1, 1)
2
(54, 43)
-> Request 2
826
(4, 2, 1)
2
(52, 4)
-> Request 3
928
(4, 2, 1)
1
(42, 69)
-> Request 4
1009
(4, 1, 1)
2
(49, 12)
-> Request 5
1270
(4, 2, 1)
3
(12, 77)
-> Request 6
1400
(4, 2, 1)
2
(2, 79)
--> Day : 1
-> Request 0
13
(4, 3, 1)
2
(70, 3)
-> Request 1
101
(4, 2, 1)
2
(46, 31)
-> Request 2
291
(4, 2, 1)
1
(7, 70)
-> Request 3
736
(4, 3, 1)
3
(65, 10)
-> Request 4
1179
(4, 3, 1)
2
(35, 44)
--> Day : 2
-> Request 0
199
(4, 2, 1)
1
(59, 56)
-> Request 1
264
(4, 1, 1)
2
(6, 5)
-> Request 2
665
(4, 2, 1)
3
(39, 49)
-> Request 3
702
(4, 2, 1)
1
(43, 17)
-> Request 4
1037
(4, 1, 1)
3
(12, 47)
-> Request 5
1253
(4, 3, 1)
2
(0, 55)
-> Request 6
1294
(4, 2, 1)
2
(74, 25)
-> Request 7
1311
(4, 1, 1)
3
(66, 42)
-> Request 8
1422
(4, 2, 1)
3
(46, 37)
--> Day : 3
-> Request 0
30
(4, 2, 1)
1
(45, 64)
-> Request 1
349
(4, 3, 1)
3
(34, 47)
-> Request 2
469
(4, 3, 1)
1
(29, 6)
-> Request 3
633
(4, 1, 1)
2
(63, 70)
-> Request 4
1255
(4, 3, 1)
3
(73, 65)
--> Day : 4
-> Request 0
970
(4, 3, 1)
2
(3, 72)
-> Request 1
999
(4, 1, 1)
3
(16, 25)
-> Request 2
1378
(4, 1, 1)
2
(14, 38)
-> Request 3
1386
(4, 2, 1)
1
(60, 52)
---> Week : 18
--> Day : 0
-> Request 0
88
(4, 2, 1)
1
(64, 31)
-> Request 1
415
(4, 3, 1)
2
(39, 16)
-> Request 2
799
(4, 1, 1)
1
(54, 8)
-> Request 3
884
(4, 1, 1)
1
(52, 46)
-> Request 4
1343
(4, 1, 1)
3
(2, 54)
--> Day : 1
-> Request 0
144
(4, 3, 1)
2
(20, 66)
-> Request 1
437
(4, 1, 1)
3
(10, 46)
-> Request 2
480
(4, 1, 1)
1
(45, 64)
-> Request 3
634
(4, 3, 1)
1
(27, 61)
-> Request 4
758
(4, 2, 1)
1
(43, 29)
-> Request 5
992
(4, 3, 1)
3
(28, 43)
-> Request 6
1141
(4, 2, 1)
2
(9, 40)
-> Request 7
1372
(4, 3, 1)
2
(55, 36)
-> Request 8
1428
(4, 2, 1)
1
(24, 39)
-> Request 9
1430
(4, 1, 1)
3
(69, 0)
--> Day : 2
-> Request 0
256
(4, 2, 1)
3
(19, 32)
-> Request 1
381
(4, 3, 1)
2
(67, 54)
-> Request 2
537
(4, 3, 1)
2
(18, 66)
-> Request 3
867
(4, 2, 1)
1
(19, 51)
--> Day : 3
-> Request 0
20
(4, 3, 1)
1
(24, 35)
-> Request 1
24
(4, 1, 1)
3
(38, 59)
-> Request 2
325
(4, 1, 1)
2
(5, 24)
-> Request 3
440
(4, 3, 1)
2
(6, 29)
-> Request 4
461
(4, 3, 1)
3
(13, 2)
-> Request 5
514
(4, 3, 1)
1
(23, 79)
-> Request 6
982
(4, 3, 1)
2
(29, 5)
-> Request 7
1008
(4, 1, 1)
1
(17, 76)
-> Request 8
1276
(4, 1, 1)
1
(36, 43)
--> Day : 4
-> Request 0
89
(4, 2, 1)
2
(14, 22)
-> Request 1
171
(4, 1, 1)
3
(8, 78)
-> Request 2
329
(4, 1, 1)
1
(23, 12)
-> Request 3
437
(4, 1, 1)
2
(60, 32)
-> Request 4
523
(4, 2, 1)
2
(2, 23)
-> Request 5
603
(4, 1, 1)
1
(31, 62)
-> Request 6
995
(4, 3, 1)
1
(39, 39)
---> Week : 19
--> Day : 0
-> Request 0
289
(4, 2, 1)
3
(40, 68)
-> Request 1
546
(4, 1, 1)
1
(0, 10)
-> Request 2
648
(4, 1, 1)
1
(77, 34)
-> Request 3
917
(4, 2, 1)
2
(32, 16)
-> Request 4
1080
(4, 3, 1)
2
(70, 28)
-> Request 5
1427
(4, 3, 1)
3
(62, 41)
--> Day : 1
-> Request 0
28
(4, 3, 1)
3
(11, 22)
-> Request 1
129
(4, 3, 1)
3
(79, 20)
-> Request 2
497
(4, 3, 1)
1
(39, 69)
-> Request 3
554
(4, 2, 1)
3
(21, 75)
-> Request 4
600
(4, 1, 1)
1
(57, 36)
-> Request 5
698
(4, 2, 1)
1
(52, 54)
-> Request 6
1012
(4, 2, 1)
3
(79, 62)
-> Request 7
1219
(4, 1, 1)
1
(32, 61)
--> Day : 2
-> Request 0
11
(4, 2, 1)
3
(22, 10)
-> Request 1
488
(4, 2, 1)
3
(17, 6)
-> Request 2
774
(4, 2, 1)
3
(26, 7)
-> Request 3
961
(4, 2, 1)
1
(9, 15)
-> Request 4
1104
(4, 3, 1)
3
(12, 40)
--> Day : 3
-> Request 0
27
(4, 1, 1)
3
(60, 4)
-> Request 1
706
(4, 3, 1)
2
(75, 76)
-> Request 2
862
(4, 1, 1)
1
(60, 56)
-> Request 3
1218
(4, 3, 1)
1
(59, 7)
-> Request 4
1350
(4, 3, 1)
2
(34, 12)
--> Day : 4
-> Request 0
676
(4, 2, 1)
1
(56, 40)
-> Request 1
1108
(4, 2, 1)
3
(40, 69)
