---> Week : 0
--> Day : 0
-> Request 0
579
(4, 1, 1)
3
(25, 49)
-> Request 1
715
(4, 1, 1)
3
(17, 58)
-> Request 2
728
(4, 3, 1)
2
(16, 7)
-> Request 3
1409
(4, 2, 1)
1
(38, 76)
--> Day : 1
-> Request 0
369
(4, 2, 1)
2
(45, 44)
-> Request 1
581
(4, 1, 1)
3
(53, 36)
-> Request 2
675
(4, 3, 1)
1
(78, 77)
-> Request 3
816
(4, 3, 1)
3
(34, 29)
-> Request 4
864
(4, 1, 1)
2
(36, 56)
-> Request 5
1130
(4, 2, 1)
3
(35, 21)
-> Request 6
1220
(4, 3, 1)
3
(19, 36)
--> Day : 2
-> Request 0
108
(4, 3, 1)
1
(47, 39)
-> Request 1
531
(4, 3, 1)
2
(24, 15)
-> Request 2
578
(4, 3, 1)
1
(45, 3)
-> Request 3
690
(4, 1, 1)
2
(60, 24)
-> Request 4
1263
(4, 1, 1)
3
(77, 50)
--> Day : 3
-> Request 0
98
(4, 3, 1)
1
(66, 12)
-> Request 1
259
(4, 3, 1)
3
(67, 30)
-> Request 2
809
(4, 2, 1)
1
(34, 11)
-> Request 3
907
(4, 1, 1)
3
(79, 60)
-> Request 4
1038
(4, 2, 1)
1
(51, 79)
-> Request 5
1052
(4, 1, 1)
1
(18, 24)
-> Request 6
1159
(4, 3, 1)
2
(16, 77)
-> Request 7
1404
(4, 1, 1)
2
(23, 43)
--> Day : 4
-> Request 0
16
(4, 2, 1)
1
(14, 34)
-> Request 1
1000
(4, 1, 1)
1
(45, 7)
-> Request 2
1053
(4, 2, 1)
2
(43, 9)
-> Request 3
1210
(4, 1, 1)
2
(11, 10)
-> Request 4
1231
(4, 3, 1)
2
(70, 37)
---> Week : 1
--> Day : 0
-> Request 0
223
(4, 3, 1)
3
(47, 10)
-> Request 1
620
(4, 2, 1)
2
(58, 47)
-> Request 2
629
(4, 1, 1)
1
(17, 0)
-> Request 3
696
(4, 1, 1)
3
(21, 51)
-> Request 4
1259
(4, 3, 1)
2
(30, 62)
-> Request 5
1330
(4, 3, 1)
1
(5, 6)
--> Day : 1
-> Request 0
26
(4, 1, 1)
1
(53, 57)
-> Request 1
166
(4, 3, 1)
2
(9, 79)
-> Request 2
403
(4, 3, 1)
3
(29, 1)
-> Request 3
523
(4, 1, 1)
1
(41, 63)
-> Request 4
930
(4, 2, 1)
2
(22, 7)
-> Request 5
1123
(4, 2, 1)
3
(68, 25)
-> Request 6
1217
(4, 3, 1)
2
(22, 52)
-> Request 7
1301
(4, 3, 1)
1
(9, 60)
-> Request 8
1376
(4, 3, 1)
1
(28, 19)
--> Day : 2
-> Request 0
266
(4, 2, 1)
1
(6, 26)
-> Request 1
285
(4, 2, 1)
2
(44, 54)
-> Request 2
325
(4, 2, 1)
3
(12, 42)
-> Request 3
415
(4, 3, 1)
3
(40, 77)
-> Request 4
1235
(4, 1, 1)
2
(20, 57)
-> Request 5
1248
(4, 3, 1)
3
(13, 19)
-> Request 6
1298
(4, 3, 1)
2
(5, 63)
--> Day : 3
-> Request 0
293
(4, 2, 1)
1
(41, 52)
-> Request 1
493
(4, 3, 1)
1
(33, 7)
-> Request 2
580
(4, 2, 1)
1
(24, 68)
-> Request 3
762
(4, 3, 1)
3
(1, 9)
-> Request 4
904
(4, 3, 1)
3
(29, 35)
-> Request 5
1060
(4, 3, 1)
2
(63, 49)
--> Day : 4
-> Request 0
563
(4, 2, 1)
3
(27, 25)
-> Request 1
804
(4, 3, 1)
3
(51, 21)
---> Week : 2
--> Day : 0
-> Request 0
930
(4, 2, 1)
1
(18, 29)
-> Request 1
1068
(4, 1, 1)
1
(43, 23)
-> Request 2
1216
(4, 1, 1)
3
(26, 33)
-> Request 3
1267
(4, 2, 1)
3
(53, 31)
-> Request 4
1385
(4, 3, 1)
3
(29, 24)
--> Day : 1
-> Request 0
71
(4, 1, 1)
3
(71, 16)
-> Request 1
119
(4, 2, 1)
1
(45, 39)
-> Request 2
120
(4, 2, 1)
3
(63, 0)
-> Request 3
704
(4, 1, 1)
3
(48, 38)
-> Request 4
823
(4, 2, 1)
2
(61, 65)
-> Request 5
908
(4, 1, 1)
3
(31, 19)
-> Request 6
945
(4, 2, 1)
3
(16, 57)
-> Request 7
1346
(4, 2, 1)
2
(59, 38)
--> Day : 2
-> Request 0
201
(4, 2, 1)
2
(74, 44)
-> Request 1
301
(4, 3, 1)
3
(37, 7)
-> Request 2
1052
(4, 3, 1)
1
(59, 56)
-> Request 3
1405
(4, 2, 1)
3
(29, 73)
--> Day : 3
-> Request 0
434
(4, 1, 1)
1
(54, 43)
-> Request 1
751
(4, 1, 1)
1
(67, 72)
-> Request 2
839
(4, 2, 1)
3
(3, 51)
-> Request 3
880
(4, 1, 1)
3
(62, 73)
-> Request 4
890
(4, 3, 1)
2
(58, 58)
-> Request 5
898
(4, 3, 1)
3
(34, 25)
-> Request 6
1022
(4, 3, 1)
1
(3, 24)
-> Request 7
1261
(4, 3, 1)
3
(19, 78)
--> Day : 4
-> Request 0
86
(4, 1, 1)
3
(50, 51)
-> Request 1
206
(4, 1, 1)
3
(48, 24)
-> Request 2
254
(4, 1, 1)
2
(29, 34)
-> Request 3
281
(4, 3, 1)
3
(66, 6)
-> Request 4
298
(4, 2, 1)
3
(14, 50)
-> Request 5
334
(4, 3, 1)
1
(38, 24)
-> Request 6
414
(4, 2, 1)
1
(38, 10)
-> Request 7
1017
(4, 2, 1)
2
(53, 79)
---> Week : 3
--> Day : 0
-> Request 0
73
(4, 2, 1)
1
(48, 64)
-> Request 1
847
(4, 2, 1)
1
(2, 19)
--> Day : 1
-> Request 0
455
(4, 2, 1)
2
(49, 9)
-> Request 1
614
(4, 3, 1)
2
(28, 65)
-> Request 2
1273
(4, 1, 1)
3
(6, 75)
-> Request 3
1298
(4, 3, 1)
3
(2, 25)
-> Request 4
1314
(4, 2, 1)
1
(77, 61)
--> Day : 2
-> Request 0
87
(4, 3, 1)
2
(15, 67)
-> Request 1
305
(4, 1, 1)
2
(30, 33)
-> Request 2
515
(4, 1, 1)
3
(5, 23)
-> Request 3
548
(4, 3, 1)
2
(77, 46)
-> Request 4
769
(4, 3, 1)
3
(9, 73)
-> Request 5
785
(4, 1, 1)
1
(17, 29)
-> Request 6
1088
(4, 2, 1)
2
(3, 4)
-> Request 7
1155
(4, 3, 1)
1
(53, 8)
--> Day : 3
-> Request 0
183
(4, 1, 1)
2
(72, 53)
-> Request 1
258
(4, 2, 1)
2
(54, 52)
-> Request 2
346
(4, 1, 1)
1
(25, 45)
-> Request 3
425
(4, 2, 1)
3
(2, 24)
-> Request 4
469
(4, 1, 1)
3
(38, 17)
-> Request 5
737
(4, 2, 1)
3
(14, 45)
-> Request 6
817
(4, 3, 1)
3
(13, 11)
-> Request 7
1031
(4, 3, 1)
2
(9, 43)
-> Request 8
1225
(4, 2, 1)
3
(49, 39)
--> Day : 4
-> Request 0
350
(4, 3, 1)
3
(1, 1)
-> Request 1
580
(4, 2, 1)
1
(41, 13)
-> Request 2
623
(4, 1, 1)
2
(8, 78)
-> Request 3
880
(4, 3, 1)
2
(34, 66)
---> Week : 4
--> Day : 0
-> Request 0
392
(4, 2, 1)
2
(32, 74)
-> Request 1
583
(4, 2, 1)
2
(35, 77)
-> Request 2
836
(4, 2, 1)
3
(23, 15)
-> Request 3
1286
(4, 3, 1)
1
(34, 10)
-> Request 4
1300
(4, 1, 1)
3
(79, 9)
-> Request 5
1336
(4, 1, 1)
1
(34, 71)
--> Day : 1
-> Request 0
388
(4, 3, 1)
1
(30, 3)
-> Request 1
444
(4, 3, 1)
2
(79, 18)
-> Request 2
925
(4, 3, 1)
1
(28, 1)
-> Request 3
1040
(4, 1, 1)
2
(35, 27)
-> Request 4
1189
(4, 2, 1)
3
(15, 74)
-> Request 5
1345
(4, 3, 1)
2
(42, 18)
-> Request 6
1377
(4, 2, 1)
1
(27, 19)
-> Request 7
1407
(4, 1, 1)
1
(1, 14)
--> Day : 2
-> Request 0
340
(4, 1, 1)
3
(23, 36)
-> Request 1
423
(4, 2, 1)
2
(27, 32)
-> Request 2
442
(4, 1, 1)
3
(45, 47)
-> Request 3
656
(4, 1, 1)
2
(0, 77)
-> Request 4
711
(4, 2, 1)
1
(38, 62)
-> Request 5
802
(4, 1, 1)
1
(73, 74)
-> Request 6
921
(4, 3, 1)
3
(68, 9)
-> Request 7
1057
(4, 3, 1)
3
(1, 79)
-> Request 8
1069
(4, 3, 1)
3
(10, 35)
-> Request 9
1249
(4, 1, 1)
1
(78, 64)
-> Request 10
1288
(4, 1, 1)
2
(79, 34)
--> Day : 3
-> Request 0
55
(4, 1, 1)
3
(41, 8)
-> Request 1
162
(4, 3, 1)
3
(25, 37)
-> Request 2
363
(4, 1, 1)
2
(23, 65)
-> Request 3
519
(4, 1, 1)
1
(69, 26)
-> Request 4
653
(4, 3, 1)
1
(17, 39)
-> Request 5
811
(4, 1, 1)
1
(21, 7)
-> Request 6
1202
(4, 3, 1)
2
(3, 72)
--> Day : 4
-> Request 0
306
(4, 1, 1)
2
(11, 43)
-> Request 1
422
(4, 3, 1)
2
(59, 73)
-> Request 2
752
(4, 1, 1)
2
(22, 49)
-> Request 3
753
(4, 1, 1)
3
(50, 41)
-> Request 4
818
(4, 2, 1)
3
(52, 57)
-> Request 5
861
(4, 1, 1)
1
(46, 14)
---> Week : 5
--> Day : 0
-> Request 0
564
(4, 3, 1)
2
(74, 16)
-> Request 1
727
(4, 1, 1)
1
(10, 67)
-> Request 2
739
(4, 3, 1)
3
(62, 2)
-> Request 3
739
(4, 3, 1)
2
(72, 59)
-> Request 4
974
(4, 2, 1)
1
(76, 21)
-> Request 5
1394
(4, 2, 1)
1
(20, 36)
--> Day : 1
-> Request 0
240
(4, 2, 1)
3
(51, 2)
-> Request 1
732
(4, 2, 1)
2
(44, 25)
-> Request 2
1152
(4, 1, 1)
1
(41, 3)
-> Request 3
1257
(4, 2, 1)
2
(34, 57)
--> Day : 2
-> Request 0
173
(4, 2, 1)
3
(8, 36)
-> Request 1
324
(4, 3, 1)
2
(71, 77)
-> Request 2
943
(4, 3, 1)
1
(72, 11)
-> Request 3
1000
(4, 3, 1)
3
(45, 9)
-> Request 4
1150
(4, 3, 1)
3
(27, 8)
--> Day : 3
-> Request 0
215
(4, 3, 1)
2
(30, 77)
-> Request 1
447
(4, 2, 1)
1
(27, 22)
-> Request 2
642
(4, 1, 1)
3
(67, 30)
-> Request 3
1023
(4, 1, 1)
2
(75, 4)
--> Day : 4
-> Request 0
28
(4, 1, 1)
3
(75, 53)
-> Request 1
129
(4, 2, 1)
2
(45, 56)
-> Request 2
395
(4, 2, 1)
2
(37, 3)
-> Request 3
637
(4, 2, 1)
2
(55, 5)
-> Request 4
753
(4, 3, 1)
1
(6, 0)
-> Request 5
901
(4, 1, 1)
3
(8, 61)
-> Request 6
1222
(4, 1, 1)
1
(53, 14)
-> Request 7
1327
(4, 3, 1)
3
(76, 51)
---> Week : 6
--> Day : 0
-> Request 0
216
(4, 3, 1)
1
(66, 49)
-> Request 1
787
(4, 1, 1)
1
(52, 2)
-> Request 2
1125
(4, 2, 1)
3
(47, 27)
-> Request 3
1215
(4, 3, 1)
2
(75, 71)
--> Day : 1
-> Request 0
6
(4, 3, 1)
1
(53, 30)
-> Request 1
110
(4, 2, 1)
2
(78, 28)
-> Request 2
618
(4, 1, 1)
2
(19, 54)
-> Request 3
706
(4, 3, 1)
2
(78, 57)
-> Request 4
801
(4, 2, 1)
1
(0, 39)
-> Request 5
1258
(4, 1, 1)
3
(6, 16)
-> Request 6
1403
(4, 1, 1)
3
(49, 21)
--> Day : 2
-> Request 0
86
(4, 3, 1)
3
(46, 65)
-> Request 1
143
(4, 1, 1)
1
(10, 38)
-> Request 2
369
(4, 3, 1)
2
(0, 61)
-> Request 3
550
(4, 2, 1)
3
(36, 26)
-> Request 4
685
(4, 2, 1)
2
(53, 76)
-> Request 5
834
(4, 3, 1)
3
(45, 17)
-> Request 6
1231
(4, 3, 1)
2
(30, 29)
-> Request 7
1234
(4, 1, 1)
1
(14, 30)
-> Request 8
1238
(4, 1, 1)
2
(1, 59)
-> Request 9
1295
(4, 1, 1)
3
(26, 43)
--> Day : 3
-> Request 0
198
(4, 3, 1)
3
(72, 17)
-> Request 1
453
(4, 2, 1)
1
(74, 71)
-> Request 2
654
(4, 3, 1)
3
(52, 40)
-> Request 3
863
(4, 1, 1)
1
(44, 9)
-> Request 4
964
(4, 3, 1)
2
(12, 72)
-> Request 5
967
(4, 2, 1)
2
(47, 8)
-> Request 6
1244
(4, 1, 1)
2
(61, 75)
-> Request 7
1332
(4, 3, 1)
1
(38, 39)
--> Day : 4
-> Request 0
95
(4, 3, 1)
1
(23, 20)
-> Request 1
441
(4, 2, 1)
1
(57, 37)
-> Request 2
1016
(4, 1, 1)
1
(27, 48)
-> Request 3
1019
(4, 2, 1)
1
(16, 41)
-> Request 4
1230
(4, 1, 1)
3
(34, 54)
-> Request 5
1262
(4, 2, 1)
2
(14, 21)
-> Request 6
1340
(4, 1, 1)
1
(56, 63)
---> Week : 7
--> Day : 0
-> Request 0
4
(4, 2, 1)
3
(44, 33)
-> Request 1
133
(4, 3, 1)
3
(63, 21)
-> Request 2
445
(4, 3, 1)
3
(75, 20)
-> Request 3
525
(4, 2, 1)
2
(70, 27)
-> Request 4
600
(4, 3, 1)
1
(69, 36)
-> Request 5
701
(4, 3, 1)
3
(56, 18)
-> Request 6
987
(4, 2, 1)
1
(29, 48)
-> Request 7
1376
(4, 1, 1)
2
(23, 14)
--> Day : 1
-> Request 0
187
(4, 2, 1)
1
(10, 52)
-> Request 1
260
(4, 3, 1)
3
(38, 71)
-> Request 2
496
(4, 2, 1)
3
(59, 71)
-> Request 3
728
(4, 2, 1)
2
(9, 38)
-> Request 4
1077
(4, 1, 1)
3
(27, 63)
-> Request 5
1095
(4, 3, 1)
2
(46, 44)
-> Request 6
1171
(4, 1, 1)
3
(73, 20)
-> Request 7
1177
(4, 2, 1)
3
(68, 35)
--> Day : 2
-> Request 0
24
(4, 2, 1)
1
(25, 2)
-> Request 1
119
(4, 2, 1)
1
(73, 5)
-> Request 2
174
(4, 3, 1)
2
(39, 7)
-> Request 3
479
(4, 1, 1)
2
(9, 47)
-> Request 4
733
(4, 3, 1)
1
(63, 77)
-> Request 5
839
(4, 1, 1)
2
(54, 6)
-> Request 6
1076
(4, 2, 1)
2
(70, 49)
-> Request 7
1113
(4, 1, 1)
3
(48, 8)
-> Request 8
1227
(4, 2, 1)
2
(37, 1)
--> Day : 3
-> Request 0
146
(4, 2, 1)
2
(10, 53)
-> Request 1
262
(4, 2, 1)
3
(59, 31)
-> Request 2
398
(4, 3, 1)
1
(8, 78)
--> Day : 4
-> Request 0
321
(4, 1, 1)
1
(64, 23)
-> Request 1
530
(4, 2, 1)
1
(4, 36)
-> Request 2
677
(4, 3, 1)
2
(70, 70)
-> Request 3
947
(4, 2, 1)
3
(27, 24)
-> Request 4
1020
(4, 1, 1)
1
(67, 54)
-> Request 5
1022
(4, 1, 1)
3
(62, 12)
-> Request 6
1071
(4, 3, 1)
2
(42, 16)
-> Request 7
1147
(4, 3, 1)
3
(19, 48)
---> Week : 8
--> Day : 0
-> Request 0
622
(4, 2, 1)
1
(22, 66)
-> Request 1
853
(4, 3, 1)
3
(15, 77)
-> Request 2
869
(4, 3, 1)
2
(38, 68)
-> Request 3
966
(4, 2, 1)
3
(68, 51)
-> Request 4
1391
(4, 3, 1)
1
(64, 38)
--> Day : 1
-> Request 0
50
(4, 3, 1)
1
(67, 11)
-> Request 1
521
(4, 1, 1)
3
(18, 3)
-> Request 2
650
(4, 2, 1)
2
(70, 20)
-> Request 3
901
(4, 2, 1)
3
(40, 12)
-> Request 4
1366
(4, 3, 1)
3
(72, 45)
-> Request 5
1416
(4, 1, 1)
1
(65, 63)
--> Day : 2
-> Request 0
5
(4, 2, 1)
3
(64, 33)
-> Request 1
171
(4, 1, 1)
2
(2, 17)
-> Request 2
740
(4, 1, 1)
2
(46, 1)
-> Request 3
1322
(4, 1, 1)
1
(53, 62)
--> Day : 3
-> Request 0
14
(4, 3, 1)
3
(55, 48)
-> Request 1
159
(4, 1, 1)
3
(39, 63)
-> Request 2
197
(4, 2, 1)
3
(79, 39)
-> Request 3
823
(4, 2, 1)
2
(69, 5)
-> Request 4
912
(4, 2, 1)
2
(72, 50)
-> Request 5
962
(4, 2, 1)
3
(47, 28)
-> Request 6
1012
(4, 1, 1)
2
(46, 6)
-> Request 7
1121
(4, 1, 1)
1
(14, 9)
--> Day : 4
-> Request 0
168
(4, 3, 1)
1
(28, 72)
-> Request 1
215
(4, 2, 1)
2
(31, 65)
-> Request 2
359
(4, 3, 1)
2
(20, 29)
-> Request 3
362
(4, 3, 1)
2
(42, 63)
-> Request 4
446
(4, 1, 1)
1
(7, 18)
-> Request 5
672
(4, 3, 1)
1
(44, 22)
-> Request 6
852
(4, 3, 1)
1
(3, 45)
-> Request 7
894
(4, 3, 1)
2
(48, 18)
---> Week : 9
--> Day : 0
-> Request 0
1184
(4, 3, 1)
2
(76, 49)
-> Request 1
1380
(4, 2, 1)
3
(50, 23)
--> Day : 1
-> Request 0
423
(4, 1, 1)
3
(40, 63)
-> Request 1
735
(4, 2, 1)
2
(39, 65)
-> Request 2
1368
(4, 1, 1)
1
(75, 25)
--> Day : 2
-> Request 0
58
(4, 2, 1)
1
(74, 64)
-> Request 1
381
(4, 1, 1)
3
(70, 55)
-> Request 2
388
(4, 1, 1)
1
(36, 21)
-> Request 3
523
(4, 3, 1)
3
(47, 2)
-> Request 4
1259
(4, 1, 1)
2
(49, 19)
-> Request 5
1367
(4, 2, 1)
2
(21, 69)
--> Day : 3
-> Request 0
65
(4, 1, 1)
1
(46, 18)
-> Request 1
111
(4, 3, 1)
1
(14, 15)
-> Request 2
230
(4, 3, 1)
2
(20, 7)
-> Request 3
624
(4, 3, 1)
3
(42, 46)
-> Request 4
788
(4, 3, 1)
3
(12, 61)
-> Request 5
942
(4, 3, 1)
3
(21, 14)
-> Request 6
1276
(4, 1, 1)
3
(50, 70)
--> Day : 4
-> Request 0
105
(4, 3, 1)
3
(47, 34)
-> Request 1
361
(4, 1, 1)
1
(3, 2)
-> Request 2
704
(4, 1, 1)
1
(66, 19)
-> Request 3
958
(4, 1, 1)
1
(73, 30)
-> Request 4
1077
(4, 3, 1)
1
(75, 27)
-> Request 5
1088
(4, 2, 1)
1
(50, 18)
-> Request 6
1361
(4, 2, 1)
3
(75, 14)
---> Week : 10
--> Day : 0
-> Request 0
5
(4, 1, 1)
2
(66, 71)
-> Request 1
186
(4, 1, 1)
1
(39, 25)
-> Request 2
206
(4, 2, 1)
3
(39, 31)
-> Request 3
565
(4, 2, 1)
2
(39, 29)
-> Request 4
698
(4, 1, 1)
3
(49, 36)
-> Request 5
765
(4, 3, 1)
3
(41, 59)
-> Request 6
1045
(4, 3, 1)
1
(24, 43)
--> Day : 1
-> Request 0
150
(4, 2, 1)
2
(25, 0)
-> Request 1
339
(4, 1, 1)
2
(34, 57)
-> Request 2
589
(4, 2, 1)
1
(14, 24)
-> Request 3
699
(4, 3, 1)
3
(71, 72)
-> Request 4
930
(4, 2, 1)
1
(79, 13)
-> Request 5
1077
(4, 3, 1)
2
(50, 1)
--> Day : 2
-> Request 0
35
(4, 2, 1)
1
(57, 27)
-> Request 1
328
(4, 2, 1)
3
(1, 3)
-> Request 2
374
(4, 2, 1)
3
(71, 72)
-> Request 3
508
(4, 3, 1)
1
(0, 59)
-> Request 4
517
(4, 3, 1)
3
(23, 46)
-> Request 5
712
(4, 2, 1)
3
(47, 7)
-> Request 6
715
(4, 1, 1)
3
(63, 45)
-> Request 7
833
(4, 3, 1)
1
(35, 37)
-> Request 8
1008
(4, 3, 1)
2
(76, 62)
-> Request 9
1110
(4, 3, 1)
3
(50, 11)
-> Request 10
1368
(4, 1, 1)
1
(72, 40)
--> Day : 3
-> Request 0
362
(4, 3, 1)
2
(44, 16)
-> Request 1
372
(4, 1, 1)
2
(20, 3)
-> Request 2
754
(4, 2, 1)
1
(59, 52)
--> Day : 4
-> Request 0
155
(4, 1, 1)
1
(15, 53)
-> Request 1
180
(4, 3, 1)
2
(60, 27)
-> Request 2
213
(4, 1, 1)
3
(65, 44)
-> Request 3
287
(4, 1, 1)
1
(34, 76)
-> Request 4
767
(4, 3, 1)
1
(47, 36)
-> Request 5
1084
(4, 2, 1)
1
(75, 24)
-> Request 6
1230
(4, 1, 1)
1
(35, 64)
-> Request 7
1231
(4, 3, 1)
1
(5, 43)
---> Week : 11
--> Day : 0
-> Request 0
180
(4, 1, 1)
1
(4, 53)
-> Request 1
275
(4, 1, 1)
2
(1, 28)
-> Request 2
408
(4, 1, 1)
1
(1, 51)
-> Request 3
453
(4, 3, 1)
2
(39, 20)
-> Request 4
778
(4, 1, 1)
3
(18, 76)
-> Request 5
1177
(4, 2, 1)
3
(58, 12)
-> Request 6
1232
(4, 2, 1)
1
(65, 67)
--> Day : 1
-> Request 0
386
(4, 2, 1)
1
(54, 53)
-> Request 1
488
(4, 1, 1)
1
(27, 0)
-> Request 2
500
(4, 3, 1)
3
(13, 13)
-> Request 3
541
(4, 2, 1)
1
(38, 44)
-> Request 4
615
(4, 1, 1)
3
(59, 64)
-> Request 5
928
(4, 3, 1)
3
(36, 10)
-> Request 6
1167
(4, 1, 1)
1
(20, 73)
--> Day : 2
-> Request 0
323
(4, 1, 1)
2
(31, 46)
-> Request 1
1341
(4, 3, 1)
2
(26, 59)
-> Request 2
1366
(4, 1, 1)
1
(62, 77)
-> Request 3
1399
(4, 3, 1)
2
(29, 6)
--> Day : 3
-> Request 0
148
(4, 3, 1)
3
(28, 26)
-> Request 1
301
(4, 1, 1)
2
(1, 34)
-> Request 2
415
(4, 3, 1)
2
(26, 49)
-> Request 3
419
(4, 3, 1)
3
(60, 8)
-> Request 4
534
(4, 1, 1)
1
(58, 55)
-> Request 5
865
(4, 3, 1)
2
(21, 41)
-> Request 6
883
(4, 2, 1)
2
(46, 25)
-> Request 7
919
(4, 3, 1)
2
(30, 68)
-> Request 8
1317
(4, 2, 1)
1
(57, 36)
--> Day : 4
-> Request 0
155
(4, 3, 1)
3
(52, 66)
-> Request 1
297
(4, 3, 1)
1
(70, 61)
-> Request 2
323
(4, 3, 1)
3
(25, 61)
-> Request 3
409
(4, 1, 1)
2
(5, 68)
-> Request 4
461
(4, 2, 1)
3
(71, 60)
-> Request 5
794
(4, 3, 1)
2
(43, 66)
-> Request 6
1376
(4, 2, 1)
3
(59, 16)
---> Week : 12
--> Day : 0
-> Request 0
52
(4, 2, 1)
2
(53, 63)
-> Request 1
83
(4, 3, 1)
1
(48, 25)
-> Request 2
125
(4, 3, 1)
3
(65, 62)
-> Request 3
1113
(4, 2, 1)
3
(65, 35)
-> Request 4
1200
(4, 2, 1)
3
(47, 53)
-> Request 5
1252
(4, 2, 1)
3
(4, 6)
--> Day : 1
-> Request 0
130
(4, 2, 1)
3
(22, 35)
-> Request 1
220
(4, 3, 1)
1
(28, 45)
-> Request 2
696
(4, 2, 1)
2
(5, 7)
-> Request 3
732
(4, 3, 1)
3
(10, 39)
-> Request 4
1020
(4, 1, 1)
1
(25, 56)
-> Request 5
1428
(4, 1, 1)
2
(28, 13)
--> Day : 2
-> Request 0
277
(4, 1, 1)
2
(49, 2)
-> Request 1
323
(4, 1, 1)
2
(12, 9)
-> Request 2
350
(4, 2, 1)
3
(62, 57)
-> Request 3
672
(4, 2, 1)
1
(29, 14)
-> Request 4
1022
(4, 2, 1)
1
(7, 59)
-> Request 5
1168
(4, 1, 1)
3
(8, 26)
-> Request 6
1196
(4, 3, 1)
3
(46, 20)
-> Request 7
1313
(4, 3, 1)
1
(37, 45)
--> Day : 3
-> Request 0
42
(4, 3, 1)
1
(58, 18)
-> Request 1
107
(4, 1, 1)
1
(77, 12)
-> Request 2
211
(4, 3, 1)
3
(63, 73)
-> Request 3
419
(4, 1, 1)
3
(5, 26)
-> Request 4
577
(4, 2, 1)
2
(14, 32)
-> Request 5
875
(4, 2, 1)
2
(30, 53)
-> Request 6
1191
(4, 2, 1)
2
(17, 63)
-> Request 7
1313
(4, 3, 1)
2
(78, 6)
-> Request 8
1368
(4, 2, 1)
1
(30, 24)
--> Day : 4
-> Request 0
165
(4, 1, 1)
3
(76, 69)
-> Request 1
258
(4, 3, 1)
2
(24, 48)
-> Request 2
356
(4, 1, 1)
1
(7, 33)
-> Request 3
1205
(4, 3, 1)
1
(34, 50)
-> Request 4
1209
(4, 1, 1)
1
(2, 42)
-> Request 5
1224
(4, 1, 1)
3
(42, 34)
-> Request 6
1306
(4, 3, 1)
3
(58, 77)
---> Week : 13
--> Day : 0
-> Request 0
111
(4, 1, 1)
1
(67, 4)
-> Request 1
804
(4, 2, 1)
1
(9, 61)
-> Request 2
1047
(4, 2, 1)
3
(20, 77)
-> Request 3
1343
(4, 1, 1)
3
(34, 58)
--> Day : 1
-> Request 0
638
(4, 3, 1)
3
(54, 56)
-> Request 1
1284
(4, 3, 1)
1
(66, 17)
--> Day : 2
-> Request 0
164
(4, 2, 1)
3
(41, 40)
-> Request 1
545
(4, 3, 1)
1
(5, 31)
-> Request 2
551
(4, 3, 1)
3
(6, 53)
-> Request 3
855
(4, 1, 1)
3
(56, 64)
-> Request 4
938
(4, 1, 1)
3
(57, 37)
-> Request 5
1317
(4, 2, 1)
3
(35, 43)
-> Request 6
1353
(4, 1, 1)
3
(35, 6)
--> Day : 3
-> Request 0
123
(4, 3, 1)
2
(16, 74)
-> Request 1
145
(4, 2, 1)
2
(56, 71)
-> Request 2
827
(4, 1, 1)
1
(3, 14)
-> Request 3
891
(4, 3, 1)
1
(61, 48)
-> Request 4
906
(4, 3, 1)
3
(57, 63)
-> Request 5
1119
(4, 1, 1)
1
(79, 75)
--> Day : 4
-> Request 0
173
(4, 2, 1)
2
(40, 55)
-> Request 1
423
(4, 2, 1)
1
(33, 6)
-> Request 2
610
(4, 1, 1)
3
(18, 21)
-> Request 3
683
(4, 3, 1)
3
(18, 0)
-> Request 4
1002
(4, 1, 1)
2
(52, 14)
-> Request 5
1105
(4, 1, 1)
2
(65, 21)
-> Request 6
1124
(4, 1, 1)
3
(62, 58)
-> Request 7
1181
(4, 2, 1)
1
(69, 8)
---> Week : 14
--> Day : 0
-> Request 0
87
(4, 2, 1)
2
(77, 65)
-> Request 1
386
(4, 1, 1)
1
(33, 23)
-> Request 2
515
(4, 3, 1)
1
(55, 10)
-> Request 3
719
(4, 2, 1)
2
(65, 26)
-> Request 4
720
(4, 2, 1)
1
(23, 62)
-> Request 5
813
(4, 1, 1)
3
(17, 9)
-> Request 6
995
(4, 2, 1)
2
(74, 9)
-> Request 7
1305
(4, 1, 1)
1
(77, 64)
-> Request 8
1327
(4, 2, 1)
2
(45, 77)
-> Request 9
1360
(4, 1, 1)
2
(49, 22)
--> Day : 1
-> Request 0
789
(4, 2, 1)
1
(59, 15)
-> Request 1
793
(4, 3, 1)
2
(74, 64)
-> Request 2
1069
(4, 3, 1)
3
(6, 51)
-> Request 3
1388
(4, 3, 1)
2
(12, 67)
--> Day : 2
-> Request 0
106
(4, 2, 1)
1
(66, 42)
-> Request 1
162
(4, 1, 1)
2
(49, 44)
-> Request 2
359
(4, 2, 1)
3
(61, 22)
-> Request 3
781
(4, 1, 1)
1
(54, 45)
-> Request 4
1160
(4, 3, 1)
1
(46, 2)
-> Request 5
1221
(4, 1, 1)
3
(25, 12)
-> Request 6
1278
(4, 2, 1)
3
(16, 29)
--> Day : 3
-> Request 0
175
(4, 3, 1)
1
(73, 78)
-> Request 1
306
(4, 2, 1)
3
(39, 55)
-> Request 2
508
(4, 1, 1)
1
(2, 30)
-> Request 3
524
(4, 1, 1)
2
(37, 31)
-> Request 4
531
(4, 1, 1)
3
(16, 74)
-> Request 5
592
(4, 3, 1)
2
(63, 69)
-> Request 6
628
(4, 1, 1)
2
(21, 36)
-> Request 7
763
(4, 2, 1)
2
(34, 34)
-> Request 8
823
(4, 3, 1)
3
(72, 3)
-> Request 9
977
(4, 1, 1)
1
(6, 27)
-> Request 10
1310
(4, 1, 1)
2
(10, 29)
--> Day : 4
-> Request 0
401
(4, 3, 1)
3
(31, 36)
-> Request 1
613
(4, 3, 1)
3
(64, 26)
-> Request 2
658
(4, 1, 1)
2
(29, 33)
-> Request 3
1163
(4, 2, 1)
2
(57, 7)
---> Week : 15
--> Day : 0
-> Request 0
625
(4, 2, 1)
3
(0, 55)
-> Request 1
1110
(4, 3, 1)
2
(26, 20)
-> Request 2
1139
(4, 3, 1)
2
(22, 15)
--> Day : 1
-> Request 0
371
(4, 1, 1)
2
(32, 32)
-> Request 1
1183
(4, 2, 1)
3
(68, 19)
--> Day : 2
-> Request 0
279
(4, 3, 1)
3
(20, 71)
-> Request 1
861
(4, 2, 1)
2
(58, 0)
-> Request 2
1144
(4, 2, 1)
3
(50, 31)
-> Request 3
1307
(4, 1, 1)
1
(29, 36)
--> Day : 3
-> Request 0
6
(4, 3, 1)
2
(68, 10)
-> Request 1
1022
(4, 2, 1)
2
(26, 14)
-> Request 2
1082
(4, 1, 1)
1
(60, 3)
-> Request 3
1163
(4, 2, 1)
2
(13, 26)
--> Day : 4
-> Request 0
308
(4, 3, 1)
1
(52, 51)
-> Request 1
317
(4, 2, 1)
3
(17, 7)
-> Request 2
342
(4, 1, 1)
1
(21, 2)
-> Request 3
740
(4, 3, 1)
1
(3, 67)
-> Request 4
776
(4, 3, 1)
2
(2, 46)
-> Request 5
957
(4, 1, 1)
2
(34, 19)
---> Week : 16
--> Day : 0
-> Request 0
726
(4, 3, 1)
2
(77, 36)
-> Request 1
1028
(4, 2, 1)
2
(11, 43)
-> Request 2
1125
(4, 2, 1)
3
(27, 45)
--> Day : 1
-> Request 0
82
(4, 3, 1)
2
(53, 0)
-> Request 1
388
(4, 1, 1)
1
(26, 40)
-> Request 2
416
(4, 3, 1)
3
(13, 39)
-> Request 3
566
(4, 3, 1)
3
(49, 55)
-> Request 4
773
(4, 2, 1)
3
(3, 48)
-> Request 5
1179
(4, 1, 1)
2
(38, 17)
-> Request 6
1188
(4, 3, 1)
1
(48, 45)
--> Day : 2
-> Request 0
278
(4, 3, 1)
2
(37, 48)
-> Request 1
373
(4, 3, 1)
3
(48, 50)
-> Request 2
493
(4, 3, 1)
2
(52, 76)
-> Request 3
630
(4, 1, 1)
2
(68, 14)
-> Request 4
714
(4, 3, 1)
1
(7, 76)
-> Request 5
835
(4, 1, 1)
1
(66, 57)
--> Day : 3
-> Request 0
280
(4, 1, 1)
1
(62, 16)
-> Request 1
709
(4, 1, 1)
3
(78, 44)
-> Request 2
933
(4, 3, 1)
2
(68, 63)
-> Request 3
960
(4, 2, 1)
1
(68, 71)
--> Day : 4
-> Request 0
204
(4, 2, 1)
1
(39, 1)
-> Request 1
296
(4, 3, 1)
2
(46, 30)
-> Request 2
437
(4, 3, 1)
3
(76, 60)
-> Request 3
571
(4, 2, 1)
2
(12, 4)
-> Request 4
627
(4, 2, 1)
1
(42, 4)
---> Week : 17
--> Day : 0
-> Request 0
2
(4, 2, 1)
3
(48, 66)
-> Request 1
121
(4, 2, 1)
1
(62, 20)
-> Request 2
137
(4, 1, 1)
3
(43, 52)
-> Request 3
224
(4, 3, 1)
2
(49, 6)
-> Request 4
676
(4, 1, 1)
3
(10, 79)
-> Request 5
923
(4, 2, 1)
1
(37, 22)
-> Request 6
1251
(4, 3, 1)
2
(4, 73)
--> Day : 1
-> Request 0
79
(4, 1, 1)
3
(43, 79)
-> Request 1
362
(4, 2, 1)
3
(14, 25)
-> Request 2
572
(4, 2, 1)
1
(72, 36)
-> Request 3
572
(4, 2, 1)
3
(41, 38)
-> Request 4
681
(4, 3, 1)
2
(24, 64)
-> Request 5
686
(4, 2, 1)
3
(60, 0)
-> Request 6
843
(4, 2, 1)
1
(42, 41)
-> Request 7
1147
(4, 2, 1)
2
(43, 77)
-> Request 8
1157
(4, 2, 1)
2
(2, 21)
-> Request 9
1181
(4, 1, 1)
2
(56, 75)
--> Day : 2
-> Request 0
217
(4, 2, 1)
3
(18, 16)
-> Request 1
311
(4, 2, 1)
1
(5, 10)
-> Request 2
344
(4, 3, 1)
2
(17, 37)
-> Request 3
490
(4, 1, 1)
3
(73, 67)
-> Request 4
832
(4, 2, 1)
3
(39, 72)
-> Request 5
919
(4, 1, 1)
3
(77, 35)
-> Request 6
965
(4, 2, 1)
3
(73, 60)
-> Request 7
989
(4, 1, 1)
3
(43, 74)
-> Request 8
1277
(4, 3, 1)
2
(6, 63)
--> Day : 3
-> Request 0
167
(4, 2, 1)
1
(58, 71)
-> Request 1
339
(4, 3, 1)
1
(8, 59)
-> Request 2
504
(4, 2, 1)
1
(45, 50)
-> Request 3
1097
(4, 1, 1)
1
(67, 33)
-> Request 4
1401
(4, 3, 1)
3
(70, 44)
--> Day : 4
-> Request 0
529
(4, 3, 1)
3
(47, 22)
-> Request 1
662
(4, 1, 1)
1
(39, 33)
-> Request 2
796
(4, 3, 1)
2
(78, 68)
-> Request 3
855
(4, 3, 1)
3
(61, 1)
-> Request 4
856
(4, 3, 1)
2
(25, 2)
-> Request 5
1026
(4, 1, 1)
1
(75, 9)
-> Request 6
1354
(4, 3, 1)
2
(6, 0)
---> Week : 18
--> Day : 0
-> Request 0
12
(4, 2, 1)
1
(58, 36)
-> Request 1
100
(4, 1, 1)
2
(28, 61)
-> Request 2
399
(4, 3, 1)
1
(38, 14)
-> Request 3
559
(4, 1, 1)
1
(71, 29)
-> Request 4
931
(4, 1, 1)
2
(62, 3)
-> Request 5
1082
(4, 1, 1)
2
(26, 57)
--> Day : 1
-> Request 0
172
(4, 2, 1)
3
(70, 4)
-> Request 1
959
(4, 1, 1)
2
(25, 50)
--> Day : 2
-> Request 0
33
(4, 3, 1)
1
(49, 47)
-> Request 1
326
(4, 3, 1)
3
(31, 17)
-> Request 2
378
(4, 2, 1)
2
(25, 46)
-> Request 3
442
(4, 3, 1)
2
(56, 5)
-> Request 4
1097
(4, 2, 1)
3
(12, 73)
--> Day : 3
-> Request 0
83
(4, 1, 1)
3
(3, 30)
-> Request 1
313
(4, 3, 1)
3
(42, 41)
-> Request 2
522
(4, 2, 1)
2
(37, 15)
-> Request 3
809
(4, 3, 1)
3
(25, 2)
-> Request 4
1370
(4, 3, 1)
2
(77, 66)
--> Day : 4
-> Request 0
105
(4, 2, 1)
2
(1, 15)
-> Request 1
394
(4, 2, 1)
2
(73, 17)
-> Request 2
490
(4, 2, 1)
1
(40, 23)
-> Request 3
506
(4, 3, 1)
3
(20, 67)
-> Request 4
592
(4, 2, 1)
3
(23, 42)
-> Request 5
668
(4, 1, 1)
1
(51, 7)
-> Request 6
772
(4, 1, 1)
2
(62, 29)
-> Request 7
1171
(4, 1, 1)
1
(78, 77)
---> Week : 19
--> Day : 0
-> Request 0
539
(4, 1, 1)
3
(73, 4)
-> Request 1
552
(4, 3, 1)
3
(58, 22)
-> Request 2
742
(4, 1, 1)
3
(62, 79)
-> Request 3
838
(4, 3, 1)
1
(70, 12)
-> Request 4
1161
(4, 2, 1)
2
(9, 38)
--> Day : 1
-> Request 0
202
(4, 2, 1)
2
(33, 61)
-> Request 1
337
(4, 2, 1)
3
(25, 35)
-> Request 2
396
(4, 1, 1)
2
(8, 13)
-> Request 3
532
(4, 3, 1)
1
(1, 70)
-> Request 4
600
(4, 2, 1)
3
(39, 72)
-> Request 5
760
(4, 1, 1)
1
(7, 4)
-> Request 6
832
(4, 3, 1)
2
(9, 5)
-> Request 7
961
(4, 2, 1)
1
(78, 66)
-> Request 8
1142
(4, 2, 1)
2
(51, 20)
-> Request 9
1172
(4, 1, 1)
3
(54, 9)
-> Request 10
1322
(4, 3, 1)
1
(44, 34)
-> Request 11
1413
(4, 2, 1)
1
(72, 48)
--> Day : 2
-> Request 0
209
(4, 3, 1)
2
(49, 36)
-> Request 1
294
(4, 1, 1)
2
(40, 53)
-> Request 2
433
(4, 2, 1)
3
(72, 3)
-> Request 3
1405
(4, 3, 1)
2
(20, 73)
--> Day : 3
-> Request 0
108
(4, 3, 1)
2
(40, 51)
-> Request 1
730
(4, 1, 1)
1
(35, 28)
-> Request 2
1052
(4, 1, 1)
1
(72, 26)
-> Request 3
1057
(4, 2, 1)
1
(5, 46)
--> Day : 4
-> Request 0
46
(4, 1, 1)
3
(51, 68)
-> Request 1
141
(4, 1, 1)
2
(36, 39)
-> Request 2
172
(4, 2, 1)
3
(48, 75)
-> Request 3
593
(4, 3, 1)
1
(54, 47)
-> Request 4
613
(4, 3, 1)
2
(32, 67)
-> Request 5
743
(4, 1, 1)
2
(54, 59)
-> Request 6
825
(4, 2, 1)
1
(59, 29)
-> Request 7
1078
(4, 1, 1)
3
(23, 23)
-> Request 8
1166
(4, 1, 1)
1
(5, 40)
