---> Week : 0
--> Day : 0
-> Request 0
237
(4, 1, 1)
1
(58, 57)
-> Request 1
484
(4, 2, 1)
1
(75, 36)
-> Request 2
546
(4, 2, 1)
3
(65, 55)
-> Request 3
620
(4, 3, 1)
2
(5, 20)
-> Request 4
637
(4, 2, 1)
3
(76, 11)
-> Request 5
1041
(4, 3, 1)
1
(23, 23)
-> Request 6
1124
(4, 3, 1)
3
(34, 23)
--> Day : 1
-> Request 0
45
(4, 1, 1)
2
(53, 68)
-> Request 1
286
(4, 3, 1)
1
(58, 51)
-> Request 2
590
(4, 3, 1)
2
(59, 61)
-> Request 3
607
(4, 2, 1)
3
(75, 51)
-> Request 4
812
(4, 1, 1)
2
(72, 5)
-> Request 5
1088
(4, 1, 1)
3
(59, 22)
-> Request 6
1181
(4, 3, 1)
1
(61, 14)
-> Request 7
1382
(4, 3, 1)
3
(13, 66)
--> Day : 2
-> Request 0
677
(4, 3, 1)
1
(52, 75)
-> Request 1
830
(4, 3, 1)
3
(36, 18)
-> Request 2
1082
(4, 3, 1)
2
(31, 13)
-> Request 3
1372
(4, 2, 1)
2
(25, 79)
--> Day : 3
-> Request 0
976
(4, 1, 1)
1
(28, 28)
-> Request 1
1057
(4, 3, 1)
3
(7, 51)
-> Request 2
1393
(4, 2, 1)
1
(73, 18)
--> Day : 4
-> Request 0
164
(4, 2, 1)
1
(22, 33)
-> Request 1
379
(4, 3, 1)
2
(32, 41)
-> Request 2
401
(4, 3, 1)
3
(50, 19)
-> Request 3
714
(4, 3, 1)
3
(54, 78)
---> Week : 1
--> Day : 0
-> Request 0
24
(4, 3, 1)
1
(65, 61)
-> Request 1
149
(4, 2, 1)
2
(76, 50)
-> Request 2
318
(4, 1, 1)
1
(17, 8)
-> Request 3
441
(4, 2, 1)
1
(67, 2)
-> Request 4
1367
(4, 3, 1)
2
(57, 30)
--> Day : 1
-> Request 0
80
(4, 1, 1)
2
(35, 33)
-> Request 1
204
(4, 2, 1)
3
(64, 29)
-> Request 2
509
(4, 1, 1)
3
(76, 15)
-> Request 3
1194
(4, 1, 1)
3
(52, 45)
-> Request 4
1269
(4, 2, 1)
1
(27, 27)
--> Day : 2
-> Request 0
336
(4, 2, 1)
2
(62, 18)
-> Request 1
426
(4, 2, 1)
3
(51, 67)
-> Request 2
426
(4, 3, 1)
1
(74, 51)
-> Request 3
447
(4, 1, 1)
1
(42, 9)
-> Request 4
601
(4, 2, 1)
3
(59, 35)
-> Request 5
1147
(4, 3, 1)
3
(40, 26)
-> Request 6
1147
(4, 3, 1)
3
(72, 71)
--> Day : 3
-> Request 0
49
(4, 2, 1)
2
(48, 13)
-> Request 1
170
(4, 1, 1)
1
(9, 64)
-> Request 2
313
(4, 2, 1)
3
(20, 66)
-> Request 3
517
(4, 1, 1)
1
(15, 34)
-> Request 4
743
(4, 2, 1)
3
(14, 68)
-> Request 5
1072
(4, 1, 1)
3
(77, 46)
-> Request 6
1234
(4, 2, 1)
2
(72, 77)
--> Day : 4
-> Request 0
51
(4, 3, 1)
1
(45, 28)
-> Request 1
584
(4, 1, 1)
2
(11, 59)
-> Request 2
734
(4, 2, 1)
2
(25, 8)
-> Request 3
952
(4, 3, 1)
2
(28, 5)
-> Request 4
1213
(4, 2, 1)
2
(70, 79)
-> Request 5
1263
(4, 3, 1)
3
(20, 59)
---> Week : 2
--> Day : 0
-> Request 0
420
(4, 3, 1)
3
(49, 52)
-> Request 1
499
(4, 2, 1)
1
(7, 37)
-> Request 2
1164
(4, 2, 1)
3
(14, 67)
-> Request 3
1364
(4, 3, 1)
3
(72, 47)
-> Request 4
1368
(4, 2, 1)
1
(7, 23)
--> Day : 1
-> Request 0
287
(4, 1, 1)
3
(67, 73)
-> Request 1
767
(4, 1, 1)
1
(31, 25)
-> Request 2
1119
(4, 1, 1)
3
(67, 34)
-> Request 3
1264
(4, 3, 1)
3
(31, 0)
-> Request 4
1313
(4, 1, 1)
2
(44, 54)
-> Request 5
1401
(4, 3, 1)
3
(66, 76)
--> Day : 2
-> Request 0
88
(4, 1, 1)
3
(46, 34)
-> Request 1
589
(4, 3, 1)
1
(56, 43)
-> Request 2
815
(4, 2, 1)
3
(21, 34)
-> Request 3
1027
(4, 2, 1)
2
(66, 10)
-> Request 4
1069
(4, 1, 1)
1
(62, 67)
-> Request 5
1300
(4, 3, 1)
1
(53, 8)
-> Request 6
1432
(4, 1, 1)
1
(77, 55)
--> Day : 3
-> Request 0
202
(4, 3, 1)
3
(75, 53)
-> Request 1
449
(4, 3, 1)
3
(50, 54)
-> Request 2
539
(4, 2, 1)
2
(76, 32)
-> Request 3
663
(4, 1, 1)
1
(77, 24)
-> Request 4
1115
(4, 1, 1)
2
(47, 13)
--> Day : 4
-> Request 0
235
(4, 1, 1)
1
(16, 44)
-> Request 1
467
(4, 2, 1)
3
(24, 49)
-> Request 2
722
(4, 1, 1)
1
(41, 60)
-> Request 3
738
(4, 3, 1)
2
(3, 9)
-> Request 4
769
(4, 1, 1)
3
(17, 20)
-> Request 5
777
(4, 3, 1)
1
(46, 0)
---> Week : 3
--> Day : 0
-> Request 0
455
(4, 1, 1)
3
(58, 64)
-> Request 1
600
(4, 1, 1)
3
(48, 46)
-> Request 2
734
(4, 3, 1)
1
(5, 33)
-> Request 3
866
(4, 2, 1)
1
(60, 66)
-> Request 4
1102
(4, 2, 1)
1
(43, 51)
--> Day : 1
-> Request 0
100
(4, 3, 1)
1
(29, 48)
-> Request 1
377
(4, 3, 1)
1
(10, 35)
-> Request 2
1217
(4, 2, 1)
1
(44, 52)
-> Request 3
1414
(4, 2, 1)
1
(5, 76)
--> Day : 2
-> Request 0
375
(4, 2, 1)
3
(30, 21)
-> Request 1
443
(4, 3, 1)
1
(72, 2)
-> Request 2
465
(4, 3, 1)
3
(65, 12)
-> Request 3
474
(4, 1, 1)
3
(0, 54)
-> Request 4
843
(4, 2, 1)
3
(26, 41)
-> Request 5
1246
(4, 3, 1)
1
(21, 54)
--> Day : 3
-> Request 0
56
(4, 3, 1)
3
(69, 17)
-> Request 1
160
(4, 1, 1)
1
(53, 13)
-> Request 2
362
(4, 3, 1)
3
(8, 59)
-> Request 3
477
(4, 1, 1)
2
(65, 36)
-> Request 4
958
(4, 1, 1)
3
(51, 25)
-> Request 5
1233
(4, 1, 1)
1
(41, 41)
-> Request 6
1406
(4, 3, 1)
2
(6, 77)
--> Day : 4
-> Request 0
49
(4, 1, 1)
1
(11, 70)
-> Request 1
359
(4, 2, 1)
3
(68, 14)
-> Request 2
719
(4, 3, 1)
1
(20, 41)
-> Request 3
850
(4, 2, 1)
3
(3, 37)
-> Request 4
1008
(4, 1, 1)
1
(36, 32)
-> Request 5
1295
(4, 3, 1)
1
(59, 49)
---> Week : 4
--> Day : 0
-> Request 0
41
(4, 3, 1)
3
(50, 31)
-> Request 1
355
(4, 1, 1)
3
(73, 2)
-> Request 2
1026
(4, 2, 1)
2
(30, 41)
-> Request 3
1150
(4, 1, 1)
3
(2, 29)
-> Request 4
1286
(4, 3, 1)
3
(41, 29)
--> Day : 1
-> Request 0
174
(4, 3, 1)
3
(30, 15)
-> Request 1
753
(4, 3, 1)
3
(45, 20)
-> Request 2
1196
(4, 2, 1)
2
(22, 2)
-> Request 3
1228
(4, 3, 1)
1
(45, 26)
-> Request 4
1323
(4, 1, 1)
1
(70, 34)
--> Day : 2
-> Request 0
14
(4, 1, 1)
3
(66, 78)
-> Request 1
417
(4, 1, 1)
2
(49, 64)
-> Request 2
754
(4, 1, 1)
3
(76, 44)
-> Request 3
914
(4, 1, 1)
1
(22, 2)
-> Request 4
1123
(4, 1, 1)
3
(72, 72)
-> Request 5
1141
(4, 1, 1)
2
(6, 39)
-> Request 6
1224
(4, 1, 1)
2
(8, 77)
-> Request 7
1271
(4, 1, 1)
2
(51, 47)
-> Request 8
1312
(4, 3, 1)
1
(32, 42)
--> Day : 3
-> Request 0
367
(4, 2, 1)
1
(76, 42)
-> Request 1
507
(4, 1, 1)
3
(8, 69)
-> Request 2
579
(4, 3, 1)
2
(65, 68)
-> Request 3
696
(4, 1, 1)
2
(57, 33)
-> Request 4
826
(4, 1, 1)
2
(70, 5)
-> Request 5
1126
(4, 2, 1)
1
(13, 50)
-> Request 6
1194
(4, 1, 1)
2
(45, 12)
--> Day : 4
-> Request 0
32
(4, 1, 1)
3
(66, 52)
-> Request 1
354
(4, 2, 1)
3
(6, 61)
-> Request 2
1074
(4, 3, 1)
3
(61, 58)
-> Request 3
1245
(4, 2, 1)
3
(34, 44)
-> Request 4
1311
(4, 3, 1)
2
(42, 9)
-> Request 5
1377
(4, 1, 1)
1
(59, 6)
-> Request 6
1380
(4, 3, 1)
3
(42, 65)
---> Week : 5
--> Day : 0
-> Request 0
476
(4, 1, 1)
3
(70, 40)
-> Request 1
719
(4, 2, 1)
1
(42, 16)
-> Request 2
775
(4, 2, 1)
3
(13, 74)
-> Request 3
1308
(4, 3, 1)
3
(74, 19)
--> Day : 1
-> Request 0
402
(4, 3, 1)
1
(36, 72)
-> Request 1
489
(4, 2, 1)
2
(73, 1)
-> Request 2
596
(4, 3, 1)
3
(39, 57)
--> Day : 2
-> Request 0
114
(4, 3, 1)
1
(25, 14)
-> Request 1
298
(4, 2, 1)
1
(2, 54)
-> Request 2
310
(4, 2, 1)
3
(56, 11)
-> Request 3
581
(4, 2, 1)
3
(19, 38)
-> Request 4
863
(4, 3, 1)
1
(27, 28)
-> Request 5
989
(4, 3, 1)
2
(39, 35)
-> Request 6
1076
(4, 1, 1)
1
(2, 3)
--> Day : 3
-> Request 0
38
(4, 3, 1)
3
(14, 7)
-> Request 1
41
(4, 2, 1)
1
(14, 14)
-> Request 2
63
(4, 2, 1)
3
(60, 69)
-> Request 3
227
(4, 1, 1)
3
(27, 68)
-> Request 4
998
(4, 1, 1)
2
(43, 9)
-> Request 5
1316
(4, 2, 1)
3
(30, 24)
-> Request 6
1413
(4, 2, 1)
1
(72, 7)
--> Day : 4
-> Request 0
68
(4, 3, 1)
1
(77, 64)
-> Request 1
267
(4, 1, 1)
3
(65, 20)
-> Request 2
439
(4, 1, 1)
3
(79, 51)
-> Request 3
485
(4, 2, 1)
3
(79, 39)
-> Request 4
518
(4, 3, 1)
3
(32, 75)
-> Request 5
859
(4, 1, 1)
2
(15, 72)
-> Request 6
1170
(4, 1, 1)
2
(46, 37)
-> Request 7
1265
(4, 3, 1)
3
(52, 60)
---> Week : 6
--> Day : 0
-> Request 0
61
(4, 3, 1)
1
(16, 56)
-> Request 1
180
(4, 3, 1)
3
(46, 5)
-> Request 2
453
(4, 2, 1)
3
(73, 24)
-> Request 3
570
(4, 1, 1)
3
(25, 58)
-> Request 4
657
(4, 1, 1)
2
(33, 15)
-> Request 5
756
(4, 1, 1)
3
(18, 70)
-> Request 6
806
(4, 2, 1)
3
(42, 39)
-> Request 7
948
(4, 1, 1)
2
(61, 43)
-> Request 8
1292
(4, 3, 1)
2
(24, 49)
-> Request 9
1323
(4, 3, 1)
2
(75, 11)
--> Day : 1
-> Request 0
13
(4, 3, 1)
2
(44, 37)
-> Request 1
247
(4, 1, 1)
2
(51, 2)
-> Request 2
247
(4, 3, 1)
2
(19, 11)
-> Request 3
307
(4, 3, 1)
2
(31, 61)
-> Request 4
762
(4, 2, 1)
1
(30, 33)
-> Request 5
766
(4, 2, 1)
2
(68, 17)
-> Request 6
1298
(4, 3, 1)
1
(60, 53)
--> Day : 2
-> Request 0
337
(4, 3, 1)
1
(42, 17)
-> Request 1
810
(4, 1, 1)
1
(8, 59)
-> Request 2
1239
(4, 3, 1)
3
(9, 10)
--> Day : 3
-> Request 0
388
(4, 1, 1)
1
(66, 31)
-> Request 1
708
(4, 3, 1)
1
(64, 38)
-> Request 2
933
(4, 2, 1)
2
(7, 40)
-> Request 3
1030
(4, 3, 1)
1
(57, 77)
-> Request 4
1061
(4, 2, 1)
3
(50, 51)
-> Request 5
1265
(4, 3, 1)
3
(41, 33)
-> Request 6
1351
(4, 3, 1)
1
(29, 51)
--> Day : 4
-> Request 0
131
(4, 3, 1)
3
(2, 73)
-> Request 1
349
(4, 1, 1)
1
(11, 30)
-> Request 2
554
(4, 1, 1)
3
(26, 15)
-> Request 3
818
(4, 1, 1)
3
(65, 54)
-> Request 4
1100
(4, 3, 1)
2
(72, 61)
-> Request 5
1412
(4, 2, 1)
1
(14, 62)
---> Week : 7
--> Day : 0
-> Request 0
56
(4, 3, 1)
2
(52, 3)
-> Request 1
271
(4, 1, 1)
2
(52, 28)
-> Request 2
612
(4, 2, 1)
3
(4, 28)
-> Request 3
1100
(4, 1, 1)
3
(64, 12)
-> Request 4
1250
(4, 1, 1)
3
(63, 48)
--> Day : 1
-> Request 0
11
(4, 3, 1)
3
(34, 77)
-> Request 1
185
(4, 2, 1)
1
(79, 68)
-> Request 2
565
(4, 1, 1)
2
(61, 47)
-> Request 3
989
(4, 2, 1)
2
(6, 6)
-> Request 4
1263
(4, 2, 1)
3
(66, 23)
-> Request 5
1369
(4, 1, 1)
2
(46, 54)
--> Day : 2
-> Request 0
29
(4, 2, 1)
2
(56, 42)
-> Request 1
88
(4, 1, 1)
3
(69, 15)
-> Request 2
1019
(4, 3, 1)
3
(8, 28)
-> Request 3
1155
(4, 2, 1)
1
(30, 38)
-> Request 4
1267
(4, 3, 1)
2
(5, 63)
-> Request 5
1307
(4, 2, 1)
3
(12, 37)
--> Day : 3
-> Request 0
196
(4, 1, 1)
2
(30, 17)
-> Request 1
605
(4, 2, 1)
2
(67, 3)
-> Request 2
695
(4, 3, 1)
1
(38, 36)
-> Request 3
946
(4, 3, 1)
3
(60, 38)
-> Request 4
956
(4, 1, 1)
2
(70, 78)
-> Request 5
1118
(4, 2, 1)
1
(21, 41)
-> Request 6
1286
(4, 1, 1)
2
(55, 57)
-> Request 7
1354
(4, 3, 1)
1
(14, 75)
--> Day : 4
-> Request 0
211
(4, 1, 1)
2
(28, 19)
-> Request 1
279
(4, 1, 1)
1
(9, 78)
-> Request 2
607
(4, 1, 1)
1
(55, 49)
-> Request 3
957
(4, 2, 1)
2
(20, 73)
-> Request 4
1181
(4, 3, 1)
2
(58, 1)
---> Week : 8
--> Day : 0
-> Request 0
29
(4, 2, 1)
3
(24, 36)
-> Request 1
47
(4, 2, 1)
3
(29, 52)
-> Request 2
496
(4, 2, 1)
1
(24, 46)
-> Request 3
842
(4, 3, 1)
2
(33, 0)
-> Request 4
855
(4, 1, 1)
2
(20, 59)
-> Request 5
1139
(4, 1, 1)
1
(55, 9)
-> Request 6
1213
(4, 3, 1)
1
(38, 30)
-> Request 7
1349
(4, 3, 1)
3
(40, 29)
-> Request 8
1381
(4, 1, 1)
2
(69, 17)
--> Day : 1
-> Request 0
241
(4, 2, 1)
3
(49, 23)
-> Request 1
506
(4, 2, 1)
2
(78, 37)
-> Request 2
1050
(4, 3, 1)
2
(58, 49)
-> Request 3
1150
(4, 2, 1)
3
(69, 35)
-> Request 4
1152
(4, 1, 1)
3
(77, 18)
-> Request 5
1222
(4, 1, 1)
1
(39, 47)
--> Day : 2
-> Request 0
270
(4, 2, 1)
3
(49, 10)
-> Request 1
283
(4, 1, 1)
2
(17, 48)
-> Request 2
336
(4, 1, 1)
3
(16, 28)
-> Request 3
483
(4, 2, 1)
1
(9, 60)
-> Request 4
943
(4, 2, 1)
2
(6, 36)
-> Request 5
1076
(4, 3, 1)
2
(1, 6)
-> Request 6
1120
(4, 1, 1)
1
(35, 3)
--> Day : 3
-> Request 0
128
(4, 2, 1)
3
(20, 47)
-> Request 1
283
(4, 2, 1)
2
(49, 79)
-> Request 2
378
(4, 1, 1)
3
(29, 39)
-> Request 3
718
(4, 1, 1)
3
(56, 68)
-> Request 4
913
(4, 1, 1)
1
(70, 7)
-> Request 5
1039
(4, 1, 1)
1
(35, 23)
-> Request 6
1391
(4, 2, 1)
2
(31, 3)
--> Day : 4
-> Request 0
255
(4, 1, 1)
3
(14, 77)
-> Request 1
469
(4, 1, 1)
3
(57, 13)
-> Request 2
632
(4, 3, 1)
2
(3, 51)
-> Request 3
666
(4, 1, 1)
3
(12, 19)
-> Request 4
716
(4, 1, 1)
1
(26, 76)
-> Request 5
1058
(4, 1, 1)
2
(54, 62)
---> Week : 9
--> Day : 0
-> Request 0
196
(4, 1, 1)
2
(18, 69)
-> Request 1
313
(4, 1, 1)
3
(12, 22)
-> Request 2
426
(4, 3, 1)
3
(32, 30)
-> Request 3
440
(4, 2, 1)
2
(40, 58)
-> Request 4
774
(4, 3, 1)
2
(75, 10)
-> Request 5
885
(4, 2, 1)
3
(76, 66)
-> Request 6
1383
(4, 2, 1)
2
(18, 10)
-> Request 7
1416
(4, 3, 1)
1
(20, 76)
--> Day : 1
-> Request 0
452
(4, 3, 1)
3
(58, 49)
-> Request 1
634
(4, 1, 1)
1
(35, 25)
-> Request 2
1036
(4, 2, 1)
1
(34, 38)
-> Request 3
1055
(4, 1, 1)
2
(1, 77)
--> Day : 2
-> Request 0
582
(4, 3, 1)
2
(65, 18)
--> Day : 3
-> Request 0
478
(4, 3, 1)
2
(58, 31)
-> Request 1
1024
(4, 1, 1)
2
(46, 43)
--> Day : 4
-> Request 0
45
(4, 2, 1)
2
(21, 0)
-> Request 1
669
(4, 3, 1)
2
(60, 39)
-> Request 2
689
(4, 3, 1)
3
(68, 14)
-> Request 3
969
(4, 3, 1)
2
(44, 40)
-> Request 4
1396
(4, 1, 1)
2
(32, 75)
-> Request 5
1424
(4, 2, 1)
2
(29, 52)
---> Week : 10
--> Day : 0
-> Request 0
52
(4, 3, 1)
2
(27, 35)
-> Request 1
345
(4, 2, 1)
3
(4, 36)
-> Request 2
542
(4, 2, 1)
2
(78, 14)
-> Request 3
712
(4, 3, 1)
3
(50, 51)
-> Request 4
1013
(4, 2, 1)
1
(43, 14)
-> Request 5
1186
(4, 1, 1)
3
(68, 2)
-> Request 6
1347
(4, 2, 1)
1
(22, 20)
-> Request 7
1407
(4, 3, 1)
2
(26, 17)
--> Day : 1
-> Request 0
1353
(4, 3, 1)
2
(66, 74)
-> Request 1
1413
(4, 1, 1)
3
(23, 14)
--> Day : 2
-> Request 0
509
(4, 2, 1)
3
(32, 4)
-> Request 1
571
(4, 1, 1)
2
(6, 1)
-> Request 2
589
(4, 1, 1)
2
(9, 15)
-> Request 3
922
(4, 1, 1)
3
(61, 44)
-> Request 4
1070
(4, 1, 1)
3
(9, 9)
-> Request 5
1212
(4, 1, 1)
3
(57, 45)
-> Request 6
1275
(4, 2, 1)
1
(43, 21)
-> Request 7
1377
(4, 1, 1)
2
(42, 31)
--> Day : 3
-> Request 0
8
(4, 2, 1)
3
(55, 29)
-> Request 1
122
(4, 1, 1)
3
(40, 5)
-> Request 2
289
(4, 1, 1)
3
(71, 21)
-> Request 3
1254
(4, 1, 1)
3
(4, 69)
-> Request 4
1436
(4, 3, 1)
3
(50, 25)
--> Day : 4
-> Request 0
145
(4, 3, 1)
3
(53, 71)
-> Request 1
253
(4, 2, 1)
3
(46, 64)
-> Request 2
433
(4, 1, 1)
2
(51, 2)
-> Request 3
969
(4, 1, 1)
3
(67, 11)
-> Request 4
1094
(4, 1, 1)
2
(11, 74)
-> Request 5
1219
(4, 3, 1)
2
(31, 73)
---> Week : 11
--> Day : 0
-> Request 0
12
(4, 2, 1)
1
(59, 45)
-> Request 1
388
(4, 2, 1)
1
(47, 31)
-> Request 2
550
(4, 1, 1)
1
(16, 30)
-> Request 3
552
(4, 1, 1)
2
(49, 12)
-> Request 4
799
(4, 2, 1)
2
(67, 50)
-> Request 5
843
(4, 3, 1)
1
(31, 77)
-> Request 6
1371
(4, 3, 1)
2
(63, 58)
--> Day : 1
-> Request 0
155
(4, 1, 1)
3
(41, 72)
-> Request 1
915
(4, 1, 1)
1
(51, 24)
-> Request 2
925
(4, 1, 1)
3
(62, 77)
-> Request 3
1082
(4, 1, 1)
2
(60, 73)
-> Request 4
1087
(4, 2, 1)
3
(32, 10)
-> Request 5
1364
(4, 3, 1)
3
(61, 46)
--> Day : 2
-> Request 0
100
(4, 1, 1)
1
(46, 37)
-> Request 1
117
(4, 1, 1)
2
(22, 35)
-> Request 2
270
(4, 2, 1)
2
(3, 24)
-> Request 3
670
(4, 3, 1)
2
(23, 78)
-> Request 4
679
(4, 3, 1)
2
(18, 5)
-> Request 5
962
(4, 1, 1)
1
(3, 38)
-> Request 6
1410
(4, 3, 1)
2
(42, 67)
--> Day : 3
-> Request 0
111
(4, 1, 1)
1
(1, 24)
-> Request 1
572
(4, 3, 1)
1
(9, 59)
-> Request 2
574
(4, 1, 1)
2
(57, 18)
-> Request 3
605
(4, 1, 1)
3
(25, 49)
-> Request 4
1051
(4, 2, 1)
3
(46, 15)
-> Request 5
1204
(4, 2, 1)
2
(23, 75)
-> Request 6
1376
(4, 3, 1)
3
(23, 63)
--> Day : 4
-> Request 0
489
(4, 3, 1)
1
(18, 38)
-> Request 1
1000
(4, 2, 1)
2
(14, 40)
-> Request 2
1021
(4, 1, 1)
3
(1, 73)
-> Request 3
1324
(4, 1, 1)
1
(19, 79)
---> Week : 12
--> Day : 0
-> Request 0
150
(4, 2, 1)
2
(73, 68)
-> Request 1
1117
(4, 3, 1)
3
(60, 42)
--> Day : 1
-> Request 0
357
(4, 3, 1)
1
(60, 11)
-> Request 1
360
(4, 2, 1)
3
(36, 23)
-> Request 2
776
(4, 3, 1)
3
(29, 79)
-> Request 3
1070
(4, 3, 1)
3
(6, 39)
-> Request 4
1136
(4, 3, 1)
1
(2, 51)
-> Request 5
1290
(4, 1, 1)
3
(4, 43)
--> Day : 2
-> Request 0
520
(4, 3, 1)
1
(21, 73)
-> Request 1
727
(4, 3, 1)
1
(10, 65)
-> Request 2
824
(4, 2, 1)
3
(7, 49)
-> Request 3
863
(4, 3, 1)
3
(16, 63)
-> Request 4
1089
(4, 3, 1)
2
(74, 36)
-> Request 5
1366
(4, 2, 1)
2
(61, 76)
--> Day : 3
-> Request 0
318
(4, 2, 1)
2
(48, 7)
-> Request 1
810
(4, 3, 1)
1
(48, 37)
-> Request 2
1194
(4, 3, 1)
2
(15, 62)
--> Day : 4
-> Request 0
168
(4, 3, 1)
1
(23, 24)
-> Request 1
536
(4, 3, 1)
3
(35, 44)
-> Request 2
599
(4, 3, 1)
1
(28, 52)
-> Request 3
840
(4, 2, 1)
2
(43, 43)
-> Request 4
865
(4, 1, 1)
3
(54, 73)
-> Request 5
1220
(4, 3, 1)
2
(25, 67)
-> Request 6
1394
(4, 3, 1)
1
(14, 20)
---> Week : 13
--> Day : 0
-> Request 0
2
(4, 3, 1)
3
(73, 51)
-> Request 1
89
(4, 2, 1)
2
(20, 47)
-> Request 2
447
(4, 1, 1)
2
(37, 58)
-> Request 3
750
(4, 1, 1)
2
(31, 76)
-> Request 4
808
(4, 1, 1)
1
(30, 14)
-> Request 5
1194
(4, 2, 1)
2
(56, 21)
-> Request 6
1198
(4, 1, 1)
3
(71, 71)
-> Request 7
1213
(4, 1, 1)
3
(8, 36)
-> Request 8
1416
(4, 2, 1)
3
(32, 3)
--> Day : 1
-> Request 0
29
(4, 2, 1)
1
(70, 40)
-> Request 1
688
(4, 2, 1)
3
(26, 33)
-> Request 2
741
(4, 2, 1)
1
(69, 12)
-> Request 3
995
(4, 1, 1)
3
(22, 23)
-> Request 4
1379
(4, 1, 1)
3
(37, 19)
--> Day : 2
-> Request 0
291
(4, 1, 1)
1
(47, 27)
-> Request 1
573
(4, 1, 1)
2
(31, 11)
-> Request 2
605
(4, 1, 1)
3
(52, 5)
-> Request 3
916
(4, 2, 1)
2
(22, 43)
-> Request 4
952
(4, 1, 1)
2
(74, 22)
-> Request 5
1011
(4, 1, 1)
1
(36, 32)
--> Day : 3
-> Request 0
188
(4, 2, 1)
1
(18, 55)
-> Request 1
452
(4, 2, 1)
1
(7, 18)
-> Request 2
698
(4, 3, 1)
3
(23, 57)
-> Request 3
865
(4, 1, 1)
1
(29, 35)
-> Request 4
885
(4, 3, 1)
1
(10, 23)
-> Request 5
930
(4, 2, 1)
3
(0, 64)
-> Request 6
930
(4, 1, 1)
3
(67, 7)
--> Day : 4
-> Request 0
150
(4, 1, 1)
1
(33, 33)
-> Request 1
569
(4, 2, 1)
1
(30, 79)
-> Request 2
696
(4, 2, 1)
2
(76, 56)
-> Request 3
835
(4, 1, 1)
2
(58, 24)
-> Request 4
968
(4, 3, 1)
3
(35, 30)
-> Request 5
989
(4, 3, 1)
3
(61, 47)
-> Request 6
1228
(4, 1, 1)
2
(23, 39)
-> Request 7
1229
(4, 2, 1)
2
(3, 9)
-> Request 8
1300
(4, 2, 1)
1
(11, 45)
---> Week : 14
--> Day : 0
-> Request 0
227
(4, 1, 1)
2
(55, 58)
-> Request 1
841
(4, 2, 1)
3
(76, 60)
-> Request 2
898
(4, 2, 1)
1
(72, 70)
-> Request 3
971
(4, 3, 1)
2
(11, 33)
-> Request 4
1191
(4, 3, 1)
3
(47, 15)
-> Request 5
1200
(4, 2, 1)
1
(67, 32)
--> Day : 1
-> Request 0
222
(4, 1, 1)
3
(79, 65)
-> Request 1
225
(4, 2, 1)
1
(4, 12)
-> Request 2
275
(4, 1, 1)
3
(38, 71)
-> Request 3
1003
(4, 1, 1)
2
(9, 34)
-> Request 4
1032
(4, 3, 1)
2
(49, 54)
-> Request 5
1070
(4, 3, 1)
1
(35, 39)
-> Request 6
1433
(4, 2, 1)
3
(37, 42)
--> Day : 2
-> Request 0
30
(4, 1, 1)
1
(78, 67)
-> Request 1
398
(4, 3, 1)
3
(37, 35)
-> Request 2
507
(4, 3, 1)
1
(49, 4)
-> Request 3
557
(4, 2, 1)
1
(34, 67)
-> Request 4
932
(4, 1, 1)
3
(10, 62)
-> Request 5
1042
(4, 1, 1)
3
(23, 36)
-> Request 6
1308
(4, 1, 1)
1
(0, 49)
--> Day : 3
-> Request 0
172
(4, 3, 1)
1
(16, 26)
-> Request 1
627
(4, 3, 1)
2
(21, 69)
-> Request 2
656
(4, 1, 1)
1
(59, 17)
-> Request 3
844
(4, 2, 1)
1
(24, 65)
-> Request 4
1032
(4, 2, 1)
3
(6, 31)
-> Request 5
1095
(4, 1, 1)
2
(47, 73)
-> Request 6
1108
(4, 1, 1)
2
(43, 22)
-> Request 7
1130
(4, 1, 1)
2
(37, 56)
-> Request 8
1157
(4, 2, 1)
3
(21, 25)
--> Day : 4
-> Request 0
57
(4, 1, 1)
2
(70, 79)
-> Request 1
101
(4, 2, 1)
3
(17, 8)
-> Request 2
904
(4, 3, 1)
3
(23, 64)
---> Week : 15
--> Day : 0
-> Request 0
15
(4, 1, 1)
3
(27, 55)
-> Request 1
86
(4, 3, 1)
2
(0, 64)
-> Request 2
626
(4, 2, 1)
3
(35, 11)
-> Request 3
713
(4, 2, 1)
2
(65, 48)
-> Request 4
777
(4, 3, 1)
2
(45, 64)
-> Request 5
789
(4, 3, 1)
1
(67, 27)
-> Request 6
903
(4, 1, 1)
2
(73, 30)
-> Request 7
924
(4, 2, 1)
1
(57, 7)
-> Request 8
1054
(4, 1, 1)
2
(17, 4)
-> Request 9
1255
(4, 2, 1)
3
(5, 10)
--> Day : 1
-> Request 0
120
(4, 2, 1)
3
(6, 7)
-> Request 1
454
(4, 2, 1)
1
(0, 68)
-> Request 2
603
(4, 1, 1)
3
(50, 57)
-> Request 3
644
(4, 3, 1)
1
(47, 51)
-> Request 4
657
(4, 3, 1)
1
(53, 20)
-> Request 5
1092
(4, 1, 1)
1
(21, 48)
-> Request 6
1094
(4, 1, 1)
3
(43, 73)
-> Request 7
1179
(4, 3, 1)
1
(66, 25)
-> Request 8
1197
(4, 3, 1)
2
(71, 24)
-> Request 9
1431
(4, 2, 1)
1
(63, 17)
-> Request 10
1438
(4, 3, 1)
3
(76, 12)
--> Day : 2
-> Request 0
393
(4, 3, 1)
2
(58, 76)
-> Request 1
494
(4, 1, 1)
3
(52, 15)
-> Request 2
569
(4, 3, 1)
2
(57, 17)
-> Request 3
722
(4, 2, 1)
2
(77, 6)
-> Request 4
901
(4, 2, 1)
2
(9, 11)
--> Day : 3
-> Request 0
764
(4, 1, 1)
3
(4, 32)
-> Request 1
809
(4, 2, 1)
2
(71, 36)
-> Request 2
976
(4, 2, 1)
3
(21, 55)
-> Request 3
1083
(4, 1, 1)
1
(13, 69)
--> Day : 4
-> Request 0
211
(4, 1, 1)
1
(54, 27)
-> Request 1
1349
(4, 1, 1)
3
(71, 57)
---> Week : 16
--> Day : 0
-> Request 0
190
(4, 2, 1)
1
(57, 23)
-> Request 1
290
(4, 2, 1)
1
(3, 49)
-> Request 2
290
(4, 2, 1)
1
(62, 29)
-> Request 3
507
(4, 1, 1)
2
(0, 0)
-> Request 4
674
(4, 1, 1)
2
(71, 12)
-> Request 5
863
(4, 3, 1)
2
(67, 78)
-> Request 6
909
(4, 2, 1)
1
(32, 56)
-> Request 7
941
(4, 2, 1)
2
(6, 70)
--> Day : 1
-> Request 0
30
(4, 1, 1)
1
(73, 27)
-> Request 1
683
(4, 3, 1)
1
(38, 38)
-> Request 2
929
(4, 2, 1)
3
(43, 16)
-> Request 3
1272
(4, 3, 1)
3
(64, 10)
--> Day : 2
-> Request 0
145
(4, 1, 1)
2
(33, 2)
-> Request 1
436
(4, 3, 1)
1
(74, 32)
-> Request 2
668
(4, 2, 1)
2
(12, 31)
-> Request 3
713
(4, 2, 1)
2
(1, 62)
-> Request 4
798
(4, 3, 1)
1
(14, 46)
-> Request 5
848
(4, 1, 1)
2
(64, 9)
-> Request 6
874
(4, 2, 1)
3
(30, 47)
-> Request 7
904
(4, 1, 1)
3
(5, 29)
-> Request 8
909
(4, 1, 1)
3
(44, 49)
-> Request 9
1067
(4, 3, 1)
1
(75, 78)
--> Day : 3
-> Request 0
132
(4, 2, 1)
3
(61, 2)
-> Request 1
575
(4, 2, 1)
3
(40, 59)
-> Request 2
1171
(4, 3, 1)
3
(15, 64)
-> Request 3
1277
(4, 3, 1)
1
(74, 50)
--> Day : 4
-> Request 0
410
(4, 2, 1)
1
(75, 7)
-> Request 1
603
(4, 1, 1)
3
(41, 62)
-> Request 2
745
(4, 3, 1)
2
(0, 1)
-> Request 3
880
(4, 2, 1)
1
(2, 29)
-> Request 4
1143
(4, 1, 1)
3
(53, 55)
-> Request 5
1411
(4, 2, 1)
3
(29, 63)
---> Week : 17
--> Day : 0
-> Request 0
52
(4, 3, 1)
3
(27, 8)
-> Request 1
68
(4, 3, 1)
1
(22, 71)
-> Request 2
207
(4, 3, 1)
1
(52, 22)
-> Request 3
326
(4, 3, 1)
1
(74, 40)
-> Request 4
402
(4, 3, 1)
1
(16, 36)
-> Request 5
603
(4, 2, 1)
3
(18, 72)
-> Request 6
633
(4, 1, 1)
2
(8, 12)
-> Request 7
828
(4, 3, 1)
3
(44, 0)
-> Request 8
838
(4, 2, 1)
2
(1, 43)
-> Request 9
873
(4, 2, 1)
2
(77, 8)
-> Request 10
880
(4, 3, 1)
2
(14, 30)
--> Day : 1
-> Request 0
136
(4, 1, 1)
1
(51, 34)
-> Request 1
339
(4, 2, 1)
1
(77, 45)
-> Request 2
445
(4, 1, 1)
1
(34, 67)
-> Request 3
492
(4, 3, 1)
2
(46, 4)
-> Request 4
998
(4, 3, 1)
3
(30, 10)
--> Day : 2
-> Request 0
165
(4, 3, 1)
3
(18, 54)
-> Request 1
296
(4, 1, 1)
1
(49, 70)
-> Request 2
1348
(4, 3, 1)
2
(19, 26)
--> Day : 3
-> Request 0
76
(4, 1, 1)
1
(45, 7)
-> Request 1
295
(4, 3, 1)
3
(60, 5)
-> Request 2
538
(4, 2, 1)
1
(2, 20)
-> Request 3
769
(4, 1, 1)
2
(6, 56)
-> Request 4
1132
(4, 1, 1)
1
(44, 6)
-> Request 5
1438
(4, 2, 1)
3
(70, 13)
--> Day : 4
-> Request 0
308
(4, 3, 1)
3
(26, 53)
-> Request 1
373
(4, 2, 1)
2
(57, 30)
-> Request 2
774
(4, 3, 1)
3
(24, 20)
-> Request 3
881
(4, 3, 1)
3
(70, 5)
-> Request 4
1363
(4, 3, 1)
1
(30, 21)
---> Week : 18
--> Day : 0
-> Request 0
265
(4, 1, 1)
3
(37, 11)
-> Request 1
567
(4, 1, 1)
2
(43, 14)
-> Request 2
616
(4, 3, 1)
2
(5, 46)
-> Request 3
721
(4, 3, 1)
3
(12, 25)
-> Request 4
731
(4, 1, 1)
2
(46, 56)
-> Request 5
946
(4, 2, 1)
3
(56, 61)
-> Request 6
1287
(4, 1, 1)
3
(75, 71)
--> Day : 1
-> Request 0
98
(4, 2, 1)
3
(74, 10)
-> Request 1
113
(4, 2, 1)
3
(34, 27)
-> Request 2
157
(4, 3, 1)
1
(69, 54)
-> Request 3
347
(4, 2, 1)
2
(66, 77)
-> Request 4
497
(4, 3, 1)
1
(37, 21)
-> Request 5
830
(4, 3, 1)
2
(17, 16)
-> Request 6
900
(4, 2, 1)
2
(77, 67)
--> Day : 2
-> Request 0
175
(4, 3, 1)
1
(32, 20)
-> Request 1
705
(4, 1, 1)
2
(69, 5)
-> Request 2
1214
(4, 1, 1)
2
(48, 12)
-> Request 3
1375
(4, 1, 1)
2
(56, 9)
--> Day : 3
-> Request 0
215
(4, 1, 1)
3
(1, 11)
-> Request 1
449
(4, 3, 1)
1
(62, 15)
-> Request 2
1032
(4, 2, 1)
2
(67, 62)
-> Request 3
1137
(4, 3, 1)
1
(42, 66)
-> Request 4
1305
(4, 1, 1)
1
(62, 60)
-> Request 5
1431
(4, 2, 1)
1
(56, 2)
--> Day : 4
-> Request 0
25
(4, 3, 1)
3
(66, 76)
-> Request 1
108
(4, 2, 1)
1
(24, 12)
-> Request 2
189
(4, 3, 1)
3
(47, 60)
-> Request 3
296
(4, 2, 1)
2
(17, 26)
-> Request 4
564
(4, 2, 1)
1
(76, 35)
-> Request 5
1311
(4, 3, 1)
1
(51, 37)
-> Request 6
1332
(4, 1, 1)
1
(6, 30)
---> Week : 19
--> Day : 0
-> Request 0
33
(4, 3, 1)
2
(2, 22)
-> Request 1
794
(4, 3, 1)
3
(20, 22)
-> Request 2
837
(4, 1, 1)
2
(35, 21)
--> Day : 1
-> Request 0
141
(4, 2, 1)
1
(72, 6)
-> Request 1
148
(4, 2, 1)
2
(22, 11)
-> Request 2
336
(4, 3, 1)
2
(7, 27)
-> Request 3
746
(4, 3, 1)
2
(7, 56)
-> Request 4
826
(4, 2, 1)
1
(73, 6)
-> Request 5
1098
(4, 2, 1)
1
(14, 36)
-> Request 6
1126
(4, 1, 1)
3
(0, 7)
-> Request 7
1152
(4, 1, 1)
3
(24, 39)
-> Request 8
1245
(4, 2, 1)
2
(75, 56)
-> Request 9
1421
(4, 2, 1)
1
(38, 46)
--> Day : 2
-> Request 0
16
(4, 2, 1)
2
(57, 31)
-> Request 1
147
(4, 3, 1)
2
(70, 63)
-> Request 2
295
(4, 3, 1)
1
(23, 69)
-> Request 3
334
(4, 3, 1)
3
(70, 77)
-> Request 4
447
(4, 2, 1)
2
(36, 45)
-> Request 5
551
(4, 1, 1)
3
(62, 22)
-> Request 6
585
(4, 1, 1)
3
(26, 38)
-> Request 7
1077
(4, 2, 1)
3
(47, 6)
-> Request 8
1290
(4, 2, 1)
3
(15, 40)
--> Day : 3
-> Request 0
406
(4, 3, 1)
2
(28, 16)
-> Request 1
448
(4, 2, 1)
3
(35, 9)
-> Request 2
561
(4, 3, 1)
2
(17, 28)
-> Request 3
681
(4, 1, 1)
2
(23, 5)
-> Request 4
1294
(4, 3, 1)
2
(13, 59)
-> Request 5
1322
(4, 3, 1)
3
(38, 38)
-> Request 6
1434
(4, 1, 1)
3
(22, 2)
--> Day : 4
-> Request 0
104
(4, 1, 1)
1
(14, 42)
-> Request 1
407
(4, 3, 1)
1
(58, 4)
-> Request 2
441
(4, 2, 1)
2
(4, 56)
-> Request 3
740
(4, 1, 1)
2
(48, 15)
-> Request 4
896
(4, 1, 1)
2
(15, 59)
-> Request 5
1061
(4, 2, 1)
2
(7, 20)
