---> Week : 0
--> Day : 0
-> Request 0
407
(4, 3, 1)
1
(33, 32)
-> Request 1
525
(4, 1, 1)
1
(49, 44)
-> Request 2
673
(4, 3, 1)
1
(59, 60)
-> Request 3
731
(4, 1, 1)
2
(10, 42)
--> Day : 1
-> Request 0
392
(4, 2, 1)
1
(38, 48)
-> Request 1
493
(4, 1, 1)
3
(11, 1)
-> Request 2
1313
(4, 1, 1)
1
(49, 10)
-> Request 3
1379
(4, 1, 1)
3
(67, 14)
--> Day : 2
-> Request 0
104
(4, 1, 1)
2
(50, 39)
-> Request 1
315
(4, 1, 1)
3
(65, 51)
-> Request 2
565
(4, 3, 1)
2
(71, 36)
-> Request 3
1207
(4, 2, 1)
3
(66, 46)
--> Day : 3
-> Request 0
59
(4, 1, 1)
2
(74, 1)
-> Request 1
497
(4, 1, 1)
3
(50, 24)
-> Request 2
556
(4, 1, 1)
2
(25, 29)
-> Request 3
597
(4, 2, 1)
3
(15, 47)
-> Request 4
703
(4, 3, 1)
3
(56, 34)
-> Request 5
805
(4, 1, 1)
2
(28, 25)
-> Request 6
1184
(4, 1, 1)
1
(27, 5)
--> Day : 4
-> Request 0
74
(4, 2, 1)
2
(61, 59)
-> Request 1
102
(4, 3, 1)
3
(7, 78)
-> Request 2
522
(4, 3, 1)
3
(33, 72)
-> Request 3
719
(4, 3, 1)
3
(56, 7)
-> Request 4
824
(4, 1, 1)
3
(41, 62)
-> Request 5
877
(4, 3, 1)
3
(65, 78)
-> Request 6
922
(4, 3, 1)
2
(44, 8)
-> Request 7
1326
(4, 2, 1)
1
(34, 37)
---> Week : 1
--> Day : 0
-> Request 0
113
(4, 2, 1)
1
(74, 52)
-> Request 1
140
(4, 2, 1)
3
(71, 11)
-> Request 2
444
(4, 2, 1)
2
(50, 54)
-> Request 3
919
(4, 2, 1)
3
(75, 36)
-> Request 4
1169
(4, 2, 1)
3
(10, 29)
-> Request 5
1323
(4, 2, 1)
2
(67, 79)
-> Request 6
1350
(4, 2, 1)
2
(0, 34)
--> Day : 1
-> Request 0
58
(4, 2, 1)
2
(70, 37)
-> Request 1
140
(4, 2, 1)
2
(19, 0)
-> Request 2
550
(4, 1, 1)
2
(9, 43)
-> Request 3
1098
(4, 3, 1)
3
(58, 55)
-> Request 4
1387
(4, 1, 1)
2
(59, 34)
--> Day : 2
-> Request 0
46
(4, 1, 1)
3
(46, 16)
-> Request 1
50
(4, 2, 1)
1
(6, 37)
-> Request 2
506
(4, 3, 1)
3
(50, 42)
-> Request 3
767
(4, 3, 1)
2
(48, 13)
-> Request 4
825
(4, 1, 1)
3
(34, 52)
-> Request 5
1035
(4, 1, 1)
1
(0, 20)
--> Day : 3
-> Request 0
231
(4, 1, 1)
1
(64, 29)
-> Request 1
506
(4, 1, 1)
3
(49, 34)
-> Request 2
543
(4, 3, 1)
3
(12, 40)
-> Request 3
575
(4, 2, 1)
3
(43, 69)
-> Request 4
630
(4, 3, 1)
2
(31, 43)
-> Request 5
857
(4, 3, 1)
1
(72, 59)
--> Day : 4
-> Request 0
165
(4, 2, 1)
1
(11, 31)
-> Request 1
322
(4, 1, 1)
1
(10, 2)
-> Request 2
395
(4, 1, 1)
1
(44, 74)
-> Request 3
434
(4, 1, 1)
2
(3, 65)
-> Request 4
530
(4, 1, 1)
1
(56, 10)
-> Request 5
569
(4, 1, 1)
2
(48, 46)
-> Request 6
852
(4, 1, 1)
3
(6, 61)
-> Request 7
1003
(4, 3, 1)
1
(21, 46)
-> Request 8
1208
(4, 3, 1)
2
(79, 53)
-> Request 9
1421
(4, 2, 1)
1
(19, 25)
---> Week : 2
--> Day : 0
-> Request 0
297
(4, 2, 1)
1
(72, 15)
-> Request 1
1329
(4, 1, 1)
2
(72, 21)
--> Day : 1
-> Request 0
145
(4, 3, 1)
3
(40, 20)
-> Request 1
148
(4, 1, 1)
3
(61, 27)
-> Request 2
980
(4, 2, 1)
1
(38, 27)
-> Request 3
980
(4, 1, 1)
2
(63, 50)
-> Request 4
1213
(4, 3, 1)
3
(46, 68)
--> Day : 2
-> Request 0
248
(4, 1, 1)
3
(62, 1)
-> Request 1
274
(4, 2, 1)
3
(56, 22)
-> Request 2
407
(4, 1, 1)
2
(35, 68)
-> Request 3
1170
(4, 3, 1)
2
(53, 57)
-> Request 4
1287
(4, 2, 1)
3
(31, 35)
-> Request 5
1373
(4, 1, 1)
3
(46, 51)
-> Request 6
1398
(4, 2, 1)
1
(12, 27)
--> Day : 3
-> Request 0
52
(4, 1, 1)
2
(74, 12)
-> Request 1
153
(4, 1, 1)
1
(44, 6)
-> Request 2
306
(4, 2, 1)
1
(15, 64)
-> Request 3
410
(4, 3, 1)
3
(11, 70)
-> Request 4
706
(4, 3, 1)
2
(17, 46)
-> Request 5
1182
(4, 2, 1)
1
(77, 2)
--> Day : 4
-> Request 0
371
(4, 3, 1)
2
(66, 12)
-> Request 1
1035
(4, 1, 1)
3
(70, 27)
-> Request 2
1054
(4, 1, 1)
1
(69, 58)
---> Week : 3
--> Day : 0
-> Request 0
24
(4, 2, 1)
1
(48, 9)
-> Request 1
272
(4, 1, 1)
3
(7, 40)
-> Request 2
897
(4, 3, 1)
2
(51, 11)
-> Request 3
1183
(4, 2, 1)
2
(5, 19)
-> Request 4
1250
(4, 2, 1)
3
(0, 50)
-> Request 5
1313
(4, 1, 1)
2
(79, 20)
--> Day : 1
-> Request 0
352
(4, 3, 1)
1
(6, 76)
-> Request 1
598
(4, 1, 1)
2
(72, 71)
-> Request 2
844
(4, 1, 1)
2
(10, 35)
--> Day : 2
-> Request 0
181
(4, 1, 1)
1
(53, 53)
-> Request 1
503
(4, 2, 1)
1
(20, 49)
-> Request 2
717
(4, 2, 1)
2
(15, 1)
-> Request 3
784
(4, 3, 1)
2
(30, 16)
-> Request 4
785
(4, 1, 1)
3
(49, 59)
-> Request 5
1032
(4, 2, 1)
2
(39, 61)
-> Request 6
1122
(4, 2, 1)
2
(9, 2)
-> Request 7
1317
(4, 2, 1)
2
(67, 60)
-> Request 8
1377
(4, 1, 1)
1
(58, 13)
-> Request 9
1388
(4, 1, 1)
1
(42, 77)
--> Day : 3
-> Request 0
117
(4, 2, 1)
3
(51, 60)
-> Request 1
157
(4, 3, 1)
2
(75, 66)
-> Request 2
206
(4, 1, 1)
3
(64, 25)
-> Request 3
304
(4, 3, 1)
3
(5, 7)
-> Request 4
516
(4, 3, 1)
1
(66, 14)
-> Request 5
619
(4, 3, 1)
2
(33, 63)
-> Request 6
644
(4, 1, 1)
1
(76, 16)
-> Request 7
769
(4, 1, 1)
2
(51, 74)
-> Request 8
906
(4, 3, 1)
3
(3, 52)
-> Request 9
1409
(4, 2, 1)
2
(49, 61)
--> Day : 4
-> Request 0
153
(4, 3, 1)
3
(75, 0)
-> Request 1
737
(4, 1, 1)
1
(33, 49)
-> Request 2
1025
(4, 2, 1)
2
(17, 42)
---> Week : 4
--> Day : 0
-> Request 0
408
(4, 2, 1)
3
(22, 37)
-> Request 1
616
(4, 2, 1)
3
(17, 77)
-> Request 2
635
(4, 1, 1)
1
(8, 12)
-> Request 3
1031
(4, 3, 1)
2
(10, 52)
--> Day : 1
-> Request 0
238
(4, 3, 1)
2
(42, 75)
-> Request 1
310
(4, 1, 1)
1
(78, 47)
-> Request 2
623
(4, 3, 1)
1
(29, 46)
-> Request 3
946
(4, 3, 1)
3
(20, 68)
-> Request 4
1317
(4, 3, 1)
1
(75, 45)
--> Day : 2
-> Request 0
197
(4, 1, 1)
2
(35, 8)
-> Request 1
691
(4, 1, 1)
3
(8, 69)
--> Day : 3
-> Request 0
355
(4, 2, 1)
2
(57, 28)
-> Request 1
682
(4, 3, 1)
2
(20, 43)
-> Request 2
1109
(4, 1, 1)
3
(10, 24)
-> Request 3
1284
(4, 3, 1)
2
(40, 27)
--> Day : 4
-> Request 0
100
(4, 1, 1)
2
(22, 38)
-> Request 1
173
(4, 3, 1)
3
(63, 30)
-> Request 2
183
(4, 3, 1)
2
(49, 49)
-> Request 3
485
(4, 1, 1)
3
(1, 6)
-> Request 4
793
(4, 1, 1)
1
(0, 34)
-> Request 5
872
(4, 1, 1)
1
(56, 29)
-> Request 6
914
(4, 1, 1)
2
(56, 37)
-> Request 7
1136
(4, 2, 1)
1
(61, 10)
-> Request 8
1399
(4, 3, 1)
3
(62, 50)
-> Request 9
1419
(4, 2, 1)
2
(8, 17)
---> Week : 5
--> Day : 0
-> Request 0
81
(4, 1, 1)
2
(41, 8)
-> Request 1
286
(4, 1, 1)
2
(57, 15)
-> Request 2
312
(4, 3, 1)
1
(53, 33)
-> Request 3
400
(4, 2, 1)
1
(45, 68)
-> Request 4
981
(4, 2, 1)
1
(36, 72)
-> Request 5
989
(4, 2, 1)
1
(5, 47)
-> Request 6
1122
(4, 2, 1)
2
(1, 22)
--> Day : 1
-> Request 0
63
(4, 2, 1)
2
(17, 27)
-> Request 1
96
(4, 1, 1)
2
(68, 55)
-> Request 2
107
(4, 3, 1)
3
(30, 41)
-> Request 3
328
(4, 2, 1)
3
(9, 35)
-> Request 4
367
(4, 3, 1)
3
(62, 63)
-> Request 5
741
(4, 1, 1)
3
(33, 29)
-> Request 6
926
(4, 3, 1)
1
(2, 47)
-> Request 7
1262
(4, 2, 1)
3
(16, 41)
--> Day : 2
-> Request 0
223
(4, 3, 1)
1
(22, 16)
-> Request 1
373
(4, 3, 1)
2
(15, 60)
-> Request 2
421
(4, 3, 1)
3
(64, 30)
-> Request 3
721
(4, 1, 1)
3
(53, 74)
-> Request 4
1370
(4, 2, 1)
2
(60, 71)
--> Day : 3
-> Request 0
112
(4, 2, 1)
3
(49, 15)
-> Request 1
526
(4, 3, 1)
2
(75, 12)
-> Request 2
764
(4, 3, 1)
2
(49, 70)
-> Request 3
1041
(4, 3, 1)
3
(69, 29)
-> Request 4
1062
(4, 1, 1)
3
(23, 35)
-> Request 5
1279
(4, 2, 1)
3
(21, 30)
--> Day : 4
-> Request 0
242
(4, 1, 1)
1
(33, 51)
-> Request 1
396
(4, 3, 1)
3
(69, 58)
-> Request 2
889
(4, 2, 1)
2
(7, 27)
-> Request 3
1086
(4, 1, 1)
2
(68, 28)
-> Request 4
1097
(4, 3, 1)
3
(12, 2)
-> Request 5
1174
(4, 1, 1)
1
(34, 34)
-> Request 6
1371
(4, 2, 1)
3
(67, 14)
---> Week : 6
--> Day : 0
-> Request 0
195
(4, 3, 1)
2
(52, 71)
-> Request 1
357
(4, 1, 1)
1
(78, 27)
-> Request 2
476
(4, 2, 1)
3
(73, 46)
-> Request 3
951
(4, 1, 1)
1
(22, 1)
-> Request 4
977
(4, 2, 1)
3
(66, 28)
-> Request 5
1162
(4, 1, 1)
1
(14, 11)
-> Request 6
1289
(4, 3, 1)
2
(66, 40)
--> Day : 1
-> Request 0
148
(4, 3, 1)
2
(0, 45)
-> Request 1
473
(4, 1, 1)
2
(67, 25)
-> Request 2
530
(4, 3, 1)
1
(33, 10)
-> Request 3
627
(4, 3, 1)
1
(49, 41)
-> Request 4
817
(4, 3, 1)
1
(63, 18)
-> Request 5
855
(4, 3, 1)
2
(39, 20)
-> Request 6
930
(4, 3, 1)
3
(5, 35)
-> Request 7
1051
(4, 2, 1)
1
(24, 56)
-> Request 8
1233
(4, 3, 1)
2
(17, 59)
-> Request 9
1298
(4, 3, 1)
2
(47, 28)
--> Day : 2
-> Request 0
452
(4, 2, 1)
3
(55, 62)
-> Request 1
559
(4, 1, 1)
2
(75, 11)
-> Request 2
786
(4, 2, 1)
1
(6, 54)
-> Request 3
1053
(4, 1, 1)
3
(6, 3)
-> Request 4
1219
(4, 2, 1)
3
(24, 38)
--> Day : 3
-> Request 0
207
(4, 2, 1)
1
(66, 1)
-> Request 1
219
(4, 2, 1)
2
(18, 30)
-> Request 2
297
(4, 1, 1)
3
(5, 50)
-> Request 3
413
(4, 1, 1)
2
(1, 61)
-> Request 4
585
(4, 2, 1)
1
(55, 44)
-> Request 5
1153
(4, 2, 1)
2
(36, 25)
--> Day : 4
-> Request 0
5
(4, 1, 1)
3
(21, 27)
-> Request 1
278
(4, 3, 1)
3
(59, 5)
-> Request 2
466
(4, 2, 1)
2
(79, 42)
-> Request 3
618
(4, 1, 1)
3
(48, 39)
-> Request 4
695
(4, 1, 1)
3
(75, 54)
---> Week : 7
--> Day : 0
-> Request 0
53
(4, 2, 1)
2
(22, 78)
-> Request 1
89
(4, 1, 1)
1
(16, 24)
-> Request 2
983
(4, 2, 1)
2
(8, 22)
--> Day : 1
-> Request 0
171
(4, 1, 1)
2
(43, 10)
-> Request 1
220
(4, 2, 1)
2
(52, 30)
-> Request 2
510
(4, 2, 1)
3
(54, 1)
-> Request 3
532
(4, 2, 1)
3
(36, 64)
-> Request 4
870
(4, 1, 1)
2
(28, 18)
-> Request 5
931
(4, 2, 1)
1
(53, 49)
-> Request 6
1233
(4, 3, 1)
1
(34, 33)
-> Request 7
1340
(4, 2, 1)
2
(43, 67)
--> Day : 2
-> Request 0
148
(4, 1, 1)
2
(1, 0)
-> Request 1
153
(4, 3, 1)
1
(77, 71)
-> Request 2
367
(4, 1, 1)
3
(75, 15)
-> Request 3
771
(4, 1, 1)
1
(48, 23)
-> Request 4
1108
(4, 1, 1)
1
(51, 40)
--> Day : 3
-> Request 0
63
(4, 1, 1)
2
(65, 26)
-> Request 1
276
(4, 3, 1)
3
(2, 28)
-> Request 2
347
(4, 1, 1)
3
(57, 60)
-> Request 3
494
(4, 3, 1)
1
(79, 4)
-> Request 4
1092
(4, 1, 1)
3
(79, 70)
--> Day : 4
-> Request 0
265
(4, 1, 1)
2
(50, 34)
-> Request 1
295
(4, 2, 1)
3
(24, 12)
-> Request 2
357
(4, 1, 1)
3
(15, 49)
-> Request 3
404
(4, 3, 1)
2
(71, 51)
---> Week : 8
--> Day : 0
-> Request 0
67
(4, 2, 1)
2
(59, 73)
-> Request 1
72
(4, 3, 1)
3
(26, 16)
-> Request 2
149
(4, 1, 1)
2
(43, 33)
-> Request 3
281
(4, 2, 1)
1
(6, 21)
-> Request 4
621
(4, 1, 1)
1
(76, 72)
-> Request 5
830
(4, 1, 1)
1
(50, 72)
-> Request 6
1266
(4, 2, 1)
3
(39, 23)
-> Request 7
1415
(4, 1, 1)
2
(36, 24)
--> Day : 1
-> Request 0
24
(4, 1, 1)
3
(4, 48)
-> Request 1
176
(4, 2, 1)
2
(20, 17)
-> Request 2
654
(4, 3, 1)
3
(78, 53)
-> Request 3
1287
(4, 3, 1)
1
(44, 25)
--> Day : 2
-> Request 0
14
(4, 2, 1)
1
(41, 66)
-> Request 1
63
(4, 3, 1)
3
(64, 29)
-> Request 2
618
(4, 2, 1)
2
(59, 11)
-> Request 3
803
(4, 2, 1)
1
(29, 56)
-> Request 4
862
(4, 2, 1)
3
(31, 27)
-> Request 5
981
(4, 1, 1)
1
(27, 8)
--> Day : 3
-> Request 0
290
(4, 1, 1)
3
(51, 50)
-> Request 1
604
(4, 2, 1)
3
(56, 19)
-> Request 2
827
(4, 1, 1)
3
(0, 52)
-> Request 3
877
(4, 2, 1)
1
(47, 55)
--> Day : 4
-> Request 0
448
(4, 3, 1)
1
(30, 48)
-> Request 1
515
(4, 2, 1)
2
(59, 43)
-> Request 2
828
(4, 1, 1)
1
(61, 24)
-> Request 3
1233
(4, 2, 1)
3
(59, 32)
---> Week : 9
--> Day : 0
-> Request 0
386
(4, 3, 1)
1
(71, 55)
-> Request 1
626
(4, 1, 1)
3
(73, 5)
-> Request 2
874
(4, 1, 1)
2
(41, 61)
-> Request 3
1021
(4, 2, 1)
2
(37, 16)
-> Request 4
1293
(4, 1, 1)
2
(55, 24)
--> Day : 1
-> Request 0
123
(4, 1, 1)
3
(22, 42)
-> Request 1
376
(4, 1, 1)
3
(1, 31)
-> Request 2
1100
(4, 2, 1)
3
(69, 19)
-> Request 3
1344
(4, 1, 1)
2
(1, 37)
--> Day : 2
-> Request 0
123
(4, 3, 1)
2
(2, 4)
-> Request 1
781
(4, 2, 1)
1
(14, 70)
-> Request 2
806
(4, 3, 1)
3
(23, 42)
-> Request 3
914
(4, 3, 1)
3
(16, 16)
-> Request 4
1078
(4, 3, 1)
3
(27, 74)
-> Request 5
1222
(4, 1, 1)
1
(40, 8)
-> Request 6
1252
(4, 2, 1)
1
(67, 6)
--> Day : 3
-> Request 0
170
(4, 2, 1)
2
(19, 76)
-> Request 1
930
(4, 1, 1)
2
(45, 69)
--> Day : 4
-> Request 0
156
(4, 1, 1)
3
(44, 22)
-> Request 1
165
(4, 1, 1)
1
(78, 66)
-> Request 2
467
(4, 3, 1)
1
(79, 22)
-> Request 3
642
(4, 1, 1)
3
(59, 66)
-> Request 4
936
(4, 1, 1)
3
(3, 35)
-> Request 5
1101
(4, 1, 1)
2
(9, 68)
-> Request 6
1143
(4, 3, 1)
1
(18, 71)
-> Request 7
1172
(4, 1, 1)
2
(33, 61)
-> Request 8
1305
(4, 1, 1)
1
(64, 60)
---> Week : 10
--> Day : 0
-> Request 0
257
(4, 3, 1)
3
(51, 43)
-> Request 1
432
(4, 2, 1)
3
(78, 46)
-> Request 2
722
(4, 3, 1)
1
(25, 77)
-> Request 3
769
(4, 2, 1)
1
(5, 46)
-> Request 4
795
(4, 1, 1)
1
(65, 33)
-> Request 5
1245
(4, 2, 1)
3
(31, 76)
--> Day : 1
-> Request 0
94
(4, 3, 1)
2
(26, 63)
-> Request 1
152
(4, 3, 1)
3
(70, 49)
-> Request 2
253
(4, 3, 1)
3
(32, 71)
-> Request 3
1040
(4, 1, 1)
3
(4, 52)
-> Request 4
1110
(4, 2, 1)
3
(11, 43)
-> Request 5
1201
(4, 3, 1)
2
(15, 52)
--> Day : 2
-> Request 0
164
(4, 2, 1)
3
(6, 49)
-> Request 1
502
(4, 2, 1)
3
(13, 48)
-> Request 2
539
(4, 1, 1)
3
(11, 4)
-> Request 3
541
(4, 1, 1)
3
(69, 42)
-> Request 4
683
(4, 1, 1)
1
(23, 26)
-> Request 5
738
(4, 2, 1)
3
(67, 29)
-> Request 6
792
(4, 3, 1)
2
(32, 29)
-> Request 7
997
(4, 1, 1)
2
(44, 29)
-> Request 8
1032
(4, 3, 1)
2
(64, 49)
-> Request 9
1391
(4, 3, 1)
3
(23, 18)
--> Day : 3
-> Request 0
171
(4, 1, 1)
2
(28, 72)
-> Request 1
287
(4, 1, 1)
3
(60, 8)
-> Request 2
341
(4, 1, 1)
2
(49, 77)
-> Request 3
434
(4, 3, 1)
1
(59, 32)
-> Request 4
805
(4, 2, 1)
2
(56, 6)
-> Request 5
817
(4, 3, 1)
2
(62, 48)
--> Day : 4
-> Request 0
138
(4, 3, 1)
1
(79, 31)
-> Request 1
636
(4, 2, 1)
3
(68, 35)
-> Request 2
832
(4, 2, 1)
1
(6, 70)
-> Request 3
855
(4, 3, 1)
3
(21, 2)
-> Request 4
904
(4, 3, 1)
3
(21, 8)
---> Week : 11
--> Day : 0
-> Request 0
149
(4, 3, 1)
1
(47, 22)
-> Request 1
167
(4, 3, 1)
1
(13, 3)
-> Request 2
376
(4, 2, 1)
2
(4, 61)
-> Request 3
860
(4, 2, 1)
1
(48, 26)
-> Request 4
937
(4, 1, 1)
1
(70, 41)
--> Day : 1
-> Request 0
127
(4, 3, 1)
2
(25, 65)
-> Request 1
335
(4, 1, 1)
1
(56, 5)
-> Request 2
377
(4, 3, 1)
2
(57, 66)
-> Request 3
715
(4, 3, 1)
1
(52, 11)
-> Request 4
794
(4, 2, 1)
3
(15, 34)
-> Request 5
955
(4, 3, 1)
2
(14, 73)
-> Request 6
1075
(4, 2, 1)
1
(28, 53)
-> Request 7
1161
(4, 3, 1)
2
(35, 30)
-> Request 8
1402
(4, 2, 1)
1
(11, 53)
--> Day : 2
-> Request 0
229
(4, 1, 1)
3
(66, 37)
-> Request 1
258
(4, 3, 1)
3
(10, 36)
-> Request 2
555
(4, 1, 1)
2
(73, 62)
-> Request 3
574
(4, 2, 1)
3
(30, 68)
-> Request 4
1007
(4, 2, 1)
1
(64, 54)
-> Request 5
1030
(4, 3, 1)
3
(39, 21)
-> Request 6
1131
(4, 3, 1)
1
(12, 79)
-> Request 7
1212
(4, 2, 1)
3
(43, 69)
-> Request 8
1372
(4, 2, 1)
2
(22, 34)
--> Day : 3
-> Request 0
365
(4, 1, 1)
1
(25, 76)
-> Request 1
392
(4, 2, 1)
3
(26, 59)
-> Request 2
400
(4, 1, 1)
2
(46, 7)
-> Request 3
892
(4, 3, 1)
3
(7, 72)
-> Request 4
1336
(4, 1, 1)
2
(73, 21)
--> Day : 4
-> Request 0
221
(4, 1, 1)
1
(77, 12)
-> Request 1
229
(4, 1, 1)
1
(2, 7)
-> Request 2
748
(4, 1, 1)
1
(71, 41)
-> Request 3
1216
(4, 1, 1)
1
(46, 28)
-> Request 4
1231
(4, 3, 1)
2
(31, 24)
---> Week : 12
--> Day : 0
-> Request 0
205
(4, 2, 1)
1
(68, 31)
-> Request 1
486
(4, 1, 1)
2
(38, 20)
-> Request 2
525
(4, 2, 1)
2
(78, 26)
-> Request 3
842
(4, 1, 1)
2
(59, 7)
-> Request 4
1324
(4, 1, 1)
1
(54, 36)
-> Request 5
1339
(4, 2, 1)
2
(76, 32)
-> Request 6
1419
(4, 2, 1)
2
(40, 10)
--> Day : 1
-> Request 0
239
(4, 1, 1)
3
(79, 24)
-> Request 1
405
(4, 3, 1)
1
(12, 61)
-> Request 2
1311
(4, 3, 1)
2
(58, 7)
--> Day : 2
-> Request 0
232
(4, 1, 1)
1
(16, 72)
-> Request 1
243
(4, 2, 1)
3
(62, 60)
-> Request 2
337
(4, 1, 1)
3
(61, 49)
-> Request 3
691
(4, 3, 1)
1
(61, 3)
-> Request 4
764
(4, 2, 1)
2
(63, 19)
-> Request 5
837
(4, 2, 1)
3
(29, 22)
-> Request 6
958
(4, 2, 1)
3
(71, 13)
-> Request 7
977
(4, 2, 1)
2
(70, 66)
-> Request 8
1083
(4, 1, 1)
3
(1, 43)
-> Request 9
1241
(4, 3, 1)
3
(66, 77)
-> Request 10
1435
(4, 3, 1)
3
(29, 24)
--> Day : 3
-> Request 0
878
(4, 1, 1)
1
(45, 76)
--> Day : 4
-> Request 0
0
(4, 2, 1)
2
(25, 26)
-> Request 1
1
(4, 2, 1)
3
(56, 41)
-> Request 2
132
(4, 3, 1)
1
(43, 77)
-> Request 3
180
(4, 3, 1)
1
(61, 3)
-> Request 4
379
(4, 1, 1)
1
(70, 72)
-> Request 5
539
(4, 3, 1)
2
(56, 2)
-> Request 6
689
(4, 3, 1)
3
(69, 44)
-> Request 7
701
(4, 1, 1)
2
(62, 43)
-> Request 8
870
(4, 1, 1)
2
(20, 14)
-> Request 9
1056
(4, 2, 1)
3
(10, 50)
-> Request 10
1111
(4, 1, 1)
2
(69, 73)
---> Week : 13
--> Day : 0
-> Request 0
326
(4, 1, 1)
2
(70, 59)
-> Request 1
398
(4, 3, 1)
2
(18, 59)
-> Request 2
524
(4, 2, 1)
2
(40, 11)
-> Request 3
639
(4, 1, 1)
2
(76, 51)
-> Request 4
741
(4, 3, 1)
2
(36, 34)
-> Request 5
954
(4, 3, 1)
3
(68, 14)
-> Request 6
1260
(4, 2, 1)
1
(7, 66)
--> Day : 1
-> Request 0
179
(4, 1, 1)
3
(51, 42)
-> Request 1
328
(4, 2, 1)
3
(22, 10)
-> Request 2
437
(4, 2, 1)
3
(10, 15)
-> Request 3
630
(4, 1, 1)
3
(48, 27)
-> Request 4
791
(4, 2, 1)
3
(39, 57)
-> Request 5
1141
(4, 3, 1)
1
(77, 11)
-> Request 6
1205
(4, 2, 1)
1
(41, 76)
-> Request 7
1410
(4, 3, 1)
3
(71, 75)
--> Day : 2
-> Request 0
136
(4, 3, 1)
2
(4, 61)
-> Request 1
220
(4, 2, 1)
3
(2, 26)
-> Request 2
773
(4, 1, 1)
2
(9, 14)
-> Request 3
779
(4, 3, 1)
3
(66, 47)
-> Request 4
821
(4, 2, 1)
3
(2, 27)
-> Request 5
1236
(4, 1, 1)
2
(53, 53)
-> Request 6
1313
(4, 1, 1)
1
(28, 10)
-> Request 7
1313
(4, 2, 1)
3
(36, 15)
--> Day : 3
-> Request 0
176
(4, 3, 1)
2
(72, 57)
-> Request 1
403
(4, 3, 1)
2
(60, 75)
-> Request 2
703
(4, 1, 1)
2
(44, 3)
-> Request 3
1163
(4, 2, 1)
2
(24, 63)
-> Request 4
1298
(4, 1, 1)
3
(55, 7)
--> Day : 4
-> Request 0
265
(4, 1, 1)
3
(22, 58)
-> Request 1
368
(4, 1, 1)
2
(51, 23)
-> Request 2
401
(4, 2, 1)
3
(61, 21)
-> Request 3
486
(4, 3, 1)
3
(64, 14)
-> Request 4
546
(4, 3, 1)
2
(59, 79)
-> Request 5
752
(4, 2, 1)
1
(1, 40)
-> Request 6
1000
(4, 1, 1)
1
(21, 12)
-> Request 7
1100
(4, 2, 1)
2
(40, 79)
---> Week : 14
--> Day : 0
-> Request 0
41
(4, 2, 1)
1
(37, 30)
-> Request 1
559
(4, 2, 1)
1
(78, 78)
-> Request 2
1050
(4, 2, 1)
2
(52, 25)
-> Request 3
1220
(4, 3, 1)
1
(6, 37)
--> Day : 1
-> Request 0
2
(4, 1, 1)
1
(25, 9)
-> Request 1
2
(4, 1, 1)
2
(20, 37)
-> Request 2
103
(4, 2, 1)
2
(29, 70)
-> Request 3
1241
(4, 1, 1)
3
(25, 6)
-> Request 4
1350
(4, 1, 1)
3
(27, 55)
--> Day : 2
-> Request 0
18
(4, 1, 1)
2
(53, 14)
-> Request 1
200
(4, 3, 1)
3
(6, 38)
-> Request 2
250
(4, 3, 1)
1
(55, 5)
-> Request 3
266
(4, 3, 1)
3
(34, 47)
-> Request 4
1237
(4, 1, 1)
3
(47, 18)
--> Day : 3
-> Request 0
316
(4, 2, 1)
1
(29, 46)
-> Request 1
581
(4, 2, 1)
3
(34, 66)
-> Request 2
1387
(4, 3, 1)
1
(74, 17)
--> Day : 4
-> Request 0
125
(4, 2, 1)
2
(25, 62)
---> Week : 15
--> Day : 0
-> Request 0
172
(4, 3, 1)
3
(65, 73)
-> Request 1
1007
(4, 2, 1)
1
(70, 68)
-> Request 2
1085
(4, 3, 1)
2
(36, 6)
-> Request 3
1320
(4, 2, 1)
3
(24, 36)
-> Request 4
1426
(4, 3, 1)
3
(23, 23)
--> Day : 1
-> Request 0
167
(4, 2, 1)
2
(24, 3)
-> Request 1
970
(4, 2, 1)
1
(42, 75)
--> Day : 2
-> Request 0
12
(4, 3, 1)
2
(21, 68)
-> Request 1
36
(4, 2, 1)
3
(34, 60)
-> Request 2
137
(4, 3, 1)
3
(67, 26)
-> Request 3
924
(4, 2, 1)
1
(45, 79)
-> Request 4
948
(4, 2, 1)
3
(18, 71)
-> Request 5
984
(4, 1, 1)
2
(75, 57)
-> Request 6
1078
(4, 3, 1)
3
(21, 26)
-> Request 7
1184
(4, 2, 1)
1
(58, 10)
--> Day : 3
-> Request 0
466
(4, 2, 1)
3
(13, 46)
-> Request 1
664
(4, 2, 1)
3
(55, 67)
-> Request 2
1080
(4, 1, 1)
2
(16, 22)
-> Request 3
1142
(4, 3, 1)
3
(64, 34)
-> Request 4
1265
(4, 1, 1)
1
(75, 76)
-> Request 5
1378
(4, 3, 1)
1
(19, 29)
--> Day : 4
-> Request 0
323
(4, 2, 1)
2
(49, 70)
-> Request 1
439
(4, 2, 1)
2
(2, 49)
-> Request 2
473
(4, 3, 1)
2
(51, 11)
-> Request 3
742
(4, 1, 1)
2
(76, 76)
-> Request 4
765
(4, 1, 1)
2
(42, 1)
-> Request 5
772
(4, 1, 1)
1
(63, 4)
-> Request 6
1258
(4, 2, 1)
2
(54, 6)
-> Request 7
1309
(4, 3, 1)
3
(68, 64)
---> Week : 16
--> Day : 0
-> Request 0
451
(4, 2, 1)
1
(50, 55)
-> Request 1
541
(4, 3, 1)
3
(76, 72)
-> Request 2
603
(4, 3, 1)
3
(5, 68)
-> Request 3
714
(4, 1, 1)
2
(2, 11)
-> Request 4
729
(4, 3, 1)
2
(79, 31)
-> Request 5
729
(4, 2, 1)
3
(1, 47)
-> Request 6
793
(4, 3, 1)
1
(43, 66)
-> Request 7
1220
(4, 1, 1)
2
(77, 19)
-> Request 8
1233
(4, 3, 1)
3
(10, 6)
-> Request 9
1241
(4, 3, 1)
1
(29, 51)
-> Request 10
1249
(4, 1, 1)
1
(0, 62)
-> Request 11
1399
(4, 1, 1)
2
(33, 79)
--> Day : 1
-> Request 0
350
(4, 1, 1)
2
(48, 5)
-> Request 1
732
(4, 2, 1)
2
(33, 62)
-> Request 2
880
(4, 2, 1)
1
(10, 53)
-> Request 3
977
(4, 3, 1)
2
(68, 34)
-> Request 4
1024
(4, 3, 1)
1
(34, 68)
-> Request 5
1068
(4, 3, 1)
2
(27, 0)
-> Request 6
1412
(4, 3, 1)
1
(7, 45)
--> Day : 2
-> Request 0
46
(4, 2, 1)
2
(59, 34)
-> Request 1
468
(4, 1, 1)
2
(20, 27)
-> Request 2
478
(4, 1, 1)
2
(48, 11)
-> Request 3
755
(4, 2, 1)
2
(61, 4)
-> Request 4
948
(4, 3, 1)
3
(1, 22)
-> Request 5
1207
(4, 3, 1)
1
(56, 35)
-> Request 6
1364
(4, 1, 1)
3
(11, 78)
--> Day : 3
-> Request 0
214
(4, 2, 1)
1
(73, 16)
-> Request 1
365
(4, 3, 1)
3
(2, 35)
-> Request 2
564
(4, 2, 1)
1
(0, 54)
-> Request 3
658
(4, 3, 1)
1
(46, 16)
-> Request 4
896
(4, 3, 1)
2
(56, 53)
-> Request 5
989
(4, 1, 1)
2
(17, 1)
-> Request 6
1040
(4, 2, 1)
3
(27, 2)
-> Request 7
1081
(4, 1, 1)
3
(46, 8)
-> Request 8
1354
(4, 3, 1)
3
(79, 44)
--> Day : 4
-> Request 0
7
(4, 3, 1)
3
(39, 0)
-> Request 1
215
(4, 2, 1)
2
(71, 57)
-> Request 2
252
(4, 2, 1)
1
(38, 23)
-> Request 3
306
(4, 3, 1)
3
(55, 54)
-> Request 4
593
(4, 3, 1)
1
(27, 52)
-> Request 5
653
(4, 1, 1)
1
(74, 39)
-> Request 6
763
(4, 2, 1)
1
(68, 40)
-> Request 7
1151
(4, 3, 1)
3
(46, 27)
-> Request 8
1195
(4, 3, 1)
3
(3, 70)
-> Request 9
1221
(4, 2, 1)
3
(6, 42)
---> Week : 17
--> Day : 0
-> Request 0
106
(4, 2, 1)
2
(46, 2)
-> Request 1
513
(4, 2, 1)
3
(65, 1)
-> Request 2
982
(4, 2, 1)
2
(44, 42)
-> Request 3
1206
(4, 3, 1)
3
(2, 69)
-> Request 4
1330
(4, 3, 1)
3
(4, 4)
-> Request 5
1390
(4, 2, 1)
2
(13, 44)
--> Day : 1
-> Request 0
209
(4, 3, 1)
3
(42, 26)
-> Request 1
279
(4, 2, 1)
1
(73, 5)
-> Request 2
289
(4, 2, 1)
1
(9, 18)
-> Request 3
459
(4, 3, 1)
1
(20, 43)
-> Request 4
591
(4, 2, 1)
2
(74, 74)
-> Request 5
658
(4, 3, 1)
3
(65, 4)
-> Request 6
805
(4, 1, 1)
3
(5, 30)
-> Request 7
1128
(4, 2, 1)
2
(37, 44)
-> Request 8
1137
(4, 1, 1)
1
(39, 79)
-> Request 9
1253
(4, 3, 1)
3
(41, 44)
-> Request 10
1300
(4, 3, 1)
2
(53, 38)
-> Request 11
1410
(4, 2, 1)
2
(77, 10)
--> Day : 2
-> Request 0
204
(4, 3, 1)
2
(36, 25)
-> Request 1
371
(4, 1, 1)
3
(72, 8)
-> Request 2
384
(4, 1, 1)
3
(55, 55)
-> Request 3
546
(4, 1, 1)
3
(38, 68)
-> Request 4
653
(4, 2, 1)
3
(45, 30)
-> Request 5
668
(4, 3, 1)
3
(78, 44)
-> Request 6
701
(4, 3, 1)
2
(16, 77)
-> Request 7
1041
(4, 2, 1)
1
(75, 45)
-> Request 8
1103
(4, 2, 1)
1
(55, 10)
-> Request 9
1198
(4, 3, 1)
2
(13, 14)
-> Request 10
1309
(4, 3, 1)
1
(53, 23)
--> Day : 3
-> Request 0
449
(4, 2, 1)
2
(64, 17)
-> Request 1
487
(4, 1, 1)
1
(74, 35)
-> Request 2
503
(4, 1, 1)
3
(25, 54)
-> Request 3
619
(4, 1, 1)
3
(47, 34)
-> Request 4
743
(4, 1, 1)
2
(32, 41)
-> Request 5
835
(4, 1, 1)
3
(59, 33)
-> Request 6
1083
(4, 3, 1)
3
(32, 69)
-> Request 7
1134
(4, 3, 1)
1
(41, 54)
--> Day : 4
-> Request 0
342
(4, 3, 1)
3
(31, 18)
-> Request 1
673
(4, 1, 1)
1
(34, 22)
-> Request 2
1334
(4, 3, 1)
2
(70, 77)
---> Week : 18
--> Day : 0
-> Request 0
26
(4, 1, 1)
1
(51, 13)
-> Request 1
78
(4, 1, 1)
1
(15, 15)
-> Request 2
165
(4, 3, 1)
1
(50, 10)
-> Request 3
281
(4, 2, 1)
3
(55, 30)
-> Request 4
337
(4, 3, 1)
2
(61, 13)
-> Request 5
348
(4, 1, 1)
2
(8, 65)
-> Request 6
894
(4, 3, 1)
1
(19, 52)
-> Request 7
1265
(4, 2, 1)
3
(13, 77)
--> Day : 1
-> Request 0
194
(4, 1, 1)
3
(67, 40)
-> Request 1
379
(4, 3, 1)
2
(44, 79)
-> Request 2
455
(4, 3, 1)
3
(52, 20)
-> Request 3
729
(4, 2, 1)
1
(32, 51)
-> Request 4
869
(4, 2, 1)
1
(45, 73)
--> Day : 2
-> Request 0
9
(4, 2, 1)
2
(73, 36)
-> Request 1
11
(4, 2, 1)
3
(6, 20)
-> Request 2
526
(4, 2, 1)
1
(26, 76)
-> Request 3
1050
(4, 2, 1)
2
(4, 50)
-> Request 4
1344
(4, 2, 1)
3
(3, 64)
-> Request 5
1419
(4, 1, 1)
3
(7, 6)
--> Day : 3
-> Request 0
318
(4, 2, 1)
1
(11, 45)
-> Request 1
451
(4, 1, 1)
1
(7, 55)
-> Request 2
460
(4, 3, 1)
2
(79, 10)
-> Request 3
482
(4, 1, 1)
2
(35, 76)
-> Request 4
658
(4, 3, 1)
1
(70, 3)
-> Request 5
763
(4, 1, 1)
3
(12, 30)
--> Day : 4
-> Request 0
56
(4, 1, 1)
3
(12, 59)
-> Request 1
541
(4, 1, 1)
1
(70, 32)
-> Request 2
878
(4, 3, 1)
3
(68, 14)
-> Request 3
882
(4, 2, 1)
2
(63, 36)
-> Request 4
1065
(4, 1, 1)
2
(69, 32)
-> Request 5
1313
(4, 2, 1)
2
(65, 40)
---> Week : 19
--> Day : 0
-> Request 0
298
(4, 3, 1)
1
(68, 64)
-> Request 1
885
(4, 2, 1)
1
(14, 26)
-> Request 2
1073
(4, 2, 1)
2
(19, 35)
-> Request 3
1396
(4, 1, 1)
1
(8, 75)
--> Day : 1
-> Request 0
48
(4, 1, 1)
2
(46, 28)
-> Request 1
706
(4, 2, 1)
2
(53, 62)
-> Request 2
792
(4, 2, 1)
2
(35, 65)
-> Request 3
959
(4, 1, 1)
3
(19, 30)
-> Request 4
1015
(4, 1, 1)
2
(13, 16)
--> Day : 2
-> Request 0
392
(4, 1, 1)
3
(74, 36)
-> Request 1
522
(4, 3, 1)
3
(9, 50)
-> Request 2
566
(4, 1, 1)
3
(45, 3)
-> Request 3
605
(4, 2, 1)
2
(12, 25)
-> Request 4
1079
(4, 3, 1)
2
(48, 54)
-> Request 5
1124
(4, 2, 1)
1
(48, 8)
-> Request 6
1131
(4, 1, 1)
1
(14, 28)
-> Request 7
1391
(4, 3, 1)
2
(21, 33)
--> Day : 3
-> Request 0
34
(4, 3, 1)
1
(8, 55)
-> Request 1
173
(4, 3, 1)
2
(15, 20)
-> Request 2
627
(4, 3, 1)
2
(52, 27)
-> Request 3
698
(4, 3, 1)
1
(24, 58)
-> Request 4
1020
(4, 1, 1)
2
(57, 21)
-> Request 5
1136
(4, 2, 1)
1
(7, 29)
--> Day : 4
-> Request 0
24
(4, 2, 1)
3
(29, 66)
-> Request 1
590
(4, 3, 1)
1
(18, 79)
-> Request 2
1131
(4, 1, 1)
3
(69, 1)
