---> Week : 0
--> Day : 0
-> Request 0
96
(4, 2, 1)
3
(47, 61)
-> Request 1
355
(4, 1, 1)
1
(16, 46)
-> Request 2
782
(4, 1, 1)
2
(66, 30)
-> Request 3
810
(4, 1, 1)
2
(75, 40)
-> Request 4
929
(4, 1, 1)
3
(50, 72)
-> Request 5
1126
(4, 3, 1)
3
(24, 34)
-> Request 6
1163
(4, 2, 1)
2
(61, 34)
--> Day : 1
-> Request 0
863
(4, 2, 1)
2
(9, 16)
-> Request 1
1012
(4, 1, 1)
1
(42, 5)
-> Request 2
1279
(4, 1, 1)
1
(77, 6)
--> Day : 2
-> Request 0
524
(4, 2, 1)
3
(61, 9)
-> Request 1
757
(4, 1, 1)
3
(79, 42)
-> Request 2
765
(4, 3, 1)
1
(47, 34)
-> Request 3
1178
(4, 1, 1)
2
(53, 78)
--> Day : 3
-> Request 0
246
(4, 1, 1)
2
(45, 2)
-> Request 1
673
(4, 3, 1)
2
(43, 70)
-> Request 2
985
(4, 3, 1)
2
(77, 57)
-> Request 3
1073
(4, 1, 1)
2
(56, 65)
-> Request 4
1258
(4, 3, 1)
3
(77, 1)
-> Request 5
1293
(4, 3, 1)
2
(3, 20)
--> Day : 4
-> Request 0
319
(4, 1, 1)
2
(71, 10)
-> Request 1
337
(4, 3, 1)
1
(60, 14)
-> Request 2
753
(4, 3, 1)
3
(5, 49)
-> Request 3
917
(4, 2, 1)
2
(47, 79)
-> Request 4
996
(4, 3, 1)
1
(18, 10)
-> Request 5
1337
(4, 1, 1)
3
(56, 34)
---> Week : 1
--> Day : 0
-> Request 0
30
(4, 1, 1)
3
(26, 46)
-> Request 1
435
(4, 3, 1)
3
(18, 19)
-> Request 2
1009
(4, 3, 1)
1
(12, 23)
-> Request 3
1185
(4, 1, 1)
1
(69, 47)
-> Request 4
1227
(4, 2, 1)
2
(31, 61)
-> Request 5
1295
(4, 3, 1)
3
(45, 59)
--> Day : 1
-> Request 0
774
(4, 2, 1)
1
(55, 25)
--> Day : 2
-> Request 0
396
(4, 1, 1)
3
(45, 52)
-> Request 1
522
(4, 2, 1)
1
(79, 47)
-> Request 2
525
(4, 3, 1)
1
(38, 6)
-> Request 3
569
(4, 2, 1)
3
(0, 56)
-> Request 4
655
(4, 1, 1)
3
(16, 64)
-> Request 5
870
(4, 1, 1)
2
(38, 38)
-> Request 6
1326
(4, 1, 1)
3
(33, 36)
--> Day : 3
-> Request 0
175
(4, 2, 1)
3
(72, 72)
-> Request 1
239
(4, 1, 1)
1
(30, 23)
-> Request 2
239
(4, 3, 1)
1
(28, 27)
-> Request 3
241
(4, 3, 1)
2
(34, 5)
-> Request 4
634
(4, 1, 1)
2
(25, 18)
-> Request 5
682
(4, 1, 1)
2
(19, 26)
-> Request 6
716
(4, 3, 1)
3
(15, 40)
-> Request 7
833
(4, 1, 1)
3
(33, 63)
-> Request 8
1284
(4, 2, 1)
3
(29, 27)
-> Request 9
1390
(4, 3, 1)
3
(46, 40)
--> Day : 4
-> Request 0
391
(4, 3, 1)
3
(75, 9)
-> Request 1
395
(4, 2, 1)
3
(21, 52)
-> Request 2
619
(4, 3, 1)
2
(27, 73)
-> Request 3
796
(4, 2, 1)
3
(19, 46)
-> Request 4
1105
(4, 3, 1)
1
(74, 49)
-> Request 5
1365
(4, 2, 1)
3
(44, 75)
-> Request 6
1397
(4, 3, 1)
3
(50, 69)
---> Week : 2
--> Day : 0
-> Request 0
358
(4, 3, 1)
1
(12, 27)
-> Request 1
417
(4, 3, 1)
2
(79, 69)
-> Request 2
644
(4, 1, 1)
2
(79, 34)
-> Request 3
727
(4, 3, 1)
3
(43, 0)
-> Request 4
917
(4, 1, 1)
3
(45, 27)
-> Request 5
1220
(4, 2, 1)
1
(69, 28)
--> Day : 1
-> Request 0
102
(4, 3, 1)
1
(31, 36)
-> Request 1
117
(4, 1, 1)
1
(72, 3)
-> Request 2
452
(4, 1, 1)
3
(70, 62)
-> Request 3
847
(4, 2, 1)
1
(19, 26)
-> Request 4
921
(4, 3, 1)
2
(69, 23)
-> Request 5
949
(4, 1, 1)
2
(60, 48)
-> Request 6
1122
(4, 3, 1)
3
(10, 44)
-> Request 7
1237
(4, 2, 1)
2
(13, 1)
--> Day : 2
-> Request 0
1001
(4, 3, 1)
1
(63, 73)
--> Day : 3
-> Request 0
52
(4, 1, 1)
2
(70, 33)
-> Request 1
159
(4, 2, 1)
3
(9, 3)
-> Request 2
758
(4, 2, 1)
2
(2, 18)
--> Day : 4
-> Request 0
1324
(4, 2, 1)
1
(78, 0)
---> Week : 3
--> Day : 0
-> Request 0
90
(4, 3, 1)
1
(54, 0)
-> Request 1
403
(4, 2, 1)
3
(16, 40)
-> Request 2
621
(4, 2, 1)
3
(3, 11)
-> Request 3
789
(4, 1, 1)
3
(79, 8)
-> Request 4
1149
(4, 2, 1)
3
(16, 47)
--> Day : 1
-> Request 0
518
(4, 1, 1)
3
(11, 22)
-> Request 1
528
(4, 1, 1)
2
(55, 51)
-> Request 2
1007
(4, 1, 1)
2
(59, 3)
-> Request 3
1077
(4, 3, 1)
3
(21, 70)
--> Day : 2
-> Request 0
41
(4, 2, 1)
1
(5, 9)
-> Request 1
120
(4, 3, 1)
1
(77, 1)
-> Request 2
189
(4, 3, 1)
2
(70, 32)
-> Request 3
325
(4, 1, 1)
1
(24, 32)
-> Request 4
362
(4, 1, 1)
2
(79, 28)
-> Request 5
461
(4, 2, 1)
2
(26, 2)
-> Request 6
674
(4, 1, 1)
3
(59, 12)
-> Request 7
980
(4, 1, 1)
2
(45, 22)
-> Request 8
1019
(4, 1, 1)
3
(51, 26)
-> Request 9
1324
(4, 2, 1)
1
(52, 44)
--> Day : 3
-> Request 0
57
(4, 3, 1)
3
(35, 54)
-> Request 1
99
(4, 3, 1)
3
(45, 19)
-> Request 2
166
(4, 3, 1)
3
(62, 71)
-> Request 3
468
(4, 2, 1)
2
(78, 24)
-> Request 4
518
(4, 3, 1)
1
(55, 33)
-> Request 5
631
(4, 1, 1)
1
(23, 55)
-> Request 6
664
(4, 1, 1)
1
(40, 25)
-> Request 7
740
(4, 1, 1)
1
(46, 27)
-> Request 8
1057
(4, 1, 1)
1
(17, 3)
-> Request 9
1258
(4, 3, 1)
3
(45, 39)
--> Day : 4
-> Request 0
182
(4, 3, 1)
3
(11, 19)
-> Request 1
208
(4, 1, 1)
1
(75, 50)
-> Request 2
304
(4, 3, 1)
2
(77, 12)
-> Request 3
599
(4, 2, 1)
3
(71, 69)
-> Request 4
777
(4, 2, 1)
2
(79, 52)
-> Request 5
803
(4, 1, 1)
1
(40, 73)
-> Request 6
1044
(4, 2, 1)
1
(68, 13)
---> Week : 4
--> Day : 0
-> Request 0
1133
(4, 2, 1)
1
(64, 71)
-> Request 1
1403
(4, 1, 1)
1
(37, 76)
--> Day : 1
-> Request 0
129
(4, 1, 1)
3
(49, 72)
-> Request 1
200
(4, 2, 1)
1
(48, 23)
-> Request 2
677
(4, 1, 1)
1
(30, 52)
-> Request 3
1353
(4, 3, 1)
2
(5, 33)
--> Day : 2
-> Request 0
66
(4, 1, 1)
1
(50, 47)
-> Request 1
635
(4, 3, 1)
3
(72, 1)
-> Request 2
666
(4, 3, 1)
2
(69, 63)
-> Request 3
1366
(4, 1, 1)
2
(60, 23)
--> Day : 3
-> Request 0
850
(4, 3, 1)
1
(33, 3)
--> Day : 4
-> Request 0
1
(4, 3, 1)
2
(24, 58)
-> Request 1
559
(4, 1, 1)
3
(14, 62)
-> Request 2
635
(4, 3, 1)
3
(22, 54)
-> Request 3
704
(4, 2, 1)
1
(69, 33)
-> Request 4
829
(4, 3, 1)
2
(60, 63)
-> Request 5
1001
(4, 2, 1)
3
(12, 61)
-> Request 6
1135
(4, 2, 1)
3
(33, 79)
-> Request 7
1397
(4, 3, 1)
2
(13, 76)
---> Week : 5
--> Day : 0
-> Request 0
8
(4, 1, 1)
1
(31, 52)
-> Request 1
177
(4, 1, 1)
3
(65, 54)
-> Request 2
251
(4, 2, 1)
2
(31, 2)
-> Request 3
254
(4, 1, 1)
3
(71, 16)
-> Request 4
452
(4, 3, 1)
3
(39, 34)
-> Request 5
829
(4, 2, 1)
1
(35, 17)
-> Request 6
849
(4, 1, 1)
1
(12, 27)
-> Request 7
1192
(4, 1, 1)
3
(27, 64)
--> Day : 1
-> Request 0
183
(4, 3, 1)
3
(79, 59)
-> Request 1
349
(4, 3, 1)
1
(39, 69)
-> Request 2
569
(4, 1, 1)
3
(69, 62)
-> Request 3
882
(4, 2, 1)
1
(74, 30)
-> Request 4
1061
(4, 2, 1)
3
(3, 20)
-> Request 5
1273
(4, 3, 1)
1
(10, 5)
-> Request 6
1302
(4, 1, 1)
1
(42, 1)
--> Day : 2
-> Request 0
436
(4, 2, 1)
3
(42, 8)
-> Request 1
446
(4, 1, 1)
1
(19, 24)
-> Request 2
456
(4, 3, 1)
3
(12, 68)
--> Day : 3
-> Request 0
437
(4, 1, 1)
2
(76, 53)
-> Request 1
725
(4, 3, 1)
2
(41, 77)
-> Request 2
782
(4, 3, 1)
2
(17, 22)
-> Request 3
1040
(4, 1, 1)
1
(78, 39)
-> Request 4
1198
(4, 1, 1)
3
(59, 15)
--> Day : 4
-> Request 0
700
(4, 2, 1)
3
(65, 13)
-> Request 1
984
(4, 1, 1)
1
(5, 30)
-> Request 2
1166
(4, 1, 1)
2
(28, 19)
-> Request 3
1325
(4, 1, 1)
1
(26, 23)
-> Request 4
1392
(4, 3, 1)
2
(70, 43)
---> Week : 6
--> Day : 0
-> Request 0
92
(4, 3, 1)
2
(24, 0)
-> Request 1
173
(4, 2, 1)
1
(13, 56)
-> Request 2
294
(4, 2, 1)
3
(20, 40)
-> Request 3
833
(4, 3, 1)
1
(76, 16)
--> Day : 1
-> Request 0
108
(4, 2, 1)
2
(12, 2)
-> Request 1
624
(4, 1, 1)
1
(48, 78)
-> Request 2
1017
(4, 3, 1)
1
(71, 36)
-> Request 3
1357
(4, 2, 1)
1
(0, 73)
--> Day : 2
-> Request 0
6
(4, 1, 1)
3
(47, 59)
-> Request 1
137
(4, 1, 1)
3
(12, 48)
-> Request 2
177
(4, 2, 1)
2
(30, 29)
-> Request 3
186
(4, 3, 1)
3
(50, 2)
-> Request 4
268
(4, 2, 1)
1
(29, 1)
-> Request 5
822
(4, 3, 1)
3
(71, 31)
-> Request 6
971
(4, 3, 1)
3
(30, 0)
-> Request 7
1338
(4, 3, 1)
1
(34, 22)
--> Day : 3
-> Request 0
422
(4, 3, 1)
1
(52, 24)
-> Request 1
551
(4, 1, 1)
2
(0, 72)
-> Request 2
930
(4, 3, 1)
2
(54, 27)
-> Request 3
1062
(4, 3, 1)
3
(42, 76)
-> Request 4
1224
(4, 2, 1)
1
(13, 78)
--> Day : 4
-> Request 0
244
(4, 1, 1)
2
(79, 50)
-> Request 1
256
(4, 1, 1)
2
(35, 48)
-> Request 2
451
(4, 3, 1)
3
(20, 55)
-> Request 3
686
(4, 2, 1)
3
(40, 75)
-> Request 4
841
(4, 2, 1)
3
(14, 69)
-> Request 5
968
(4, 2, 1)
1
(60, 51)
---> Week : 7
--> Day : 0
-> Request 0
262
(4, 2, 1)
2
(53, 37)
-> Request 1
424
(4, 2, 1)
3
(60, 61)
-> Request 2
455
(4, 1, 1)
1
(49, 35)
-> Request 3
848
(4, 1, 1)
2
(79, 26)
-> Request 4
929
(4, 3, 1)
3
(56, 39)
-> Request 5
1270
(4, 3, 1)
3
(67, 8)
-> Request 6
1334
(4, 3, 1)
3
(28, 43)
-> Request 7
1409
(4, 1, 1)
3
(33, 20)
--> Day : 1
-> Request 0
54
(4, 1, 1)
3
(23, 49)
-> Request 1
287
(4, 2, 1)
1
(56, 61)
-> Request 2
938
(4, 2, 1)
3
(54, 31)
-> Request 3
1158
(4, 2, 1)
1
(62, 5)
-> Request 4
1371
(4, 3, 1)
2
(27, 7)
--> Day : 2
-> Request 0
381
(4, 1, 1)
3
(67, 75)
--> Day : 3
-> Request 0
151
(4, 1, 1)
1
(1, 35)
-> Request 1
610
(4, 1, 1)
2
(72, 13)
-> Request 2
986
(4, 1, 1)
2
(11, 72)
-> Request 3
1072
(4, 3, 1)
2
(28, 67)
--> Day : 4
-> Request 0
10
(4, 2, 1)
2
(24, 6)
-> Request 1
155
(4, 1, 1)
1
(34, 6)
-> Request 2
278
(4, 3, 1)
3
(20, 38)
-> Request 3
924
(4, 1, 1)
1
(26, 66)
-> Request 4
953
(4, 2, 1)
3
(55, 49)
-> Request 5
1122
(4, 3, 1)
2
(1, 8)
-> Request 6
1199
(4, 3, 1)
2
(55, 16)
-> Request 7
1203
(4, 2, 1)
1
(26, 39)
-> Request 8
1269
(4, 3, 1)
2
(24, 10)
---> Week : 8
--> Day : 0
-> Request 0
566
(4, 1, 1)
1
(54, 54)
-> Request 1
1030
(4, 2, 1)
3
(58, 39)
-> Request 2
1198
(4, 1, 1)
1
(60, 16)
-> Request 3
1336
(4, 1, 1)
3
(25, 31)
-> Request 4
1377
(4, 2, 1)
1
(7, 69)
-> Request 5
1382
(4, 3, 1)
3
(5, 28)
--> Day : 1
-> Request 0
20
(4, 3, 1)
1
(49, 41)
-> Request 1
57
(4, 3, 1)
2
(76, 42)
-> Request 2
773
(4, 2, 1)
3
(20, 32)
-> Request 3
850
(4, 3, 1)
1
(55, 45)
--> Day : 2
-> Request 0
209
(4, 2, 1)
2
(42, 32)
-> Request 1
450
(4, 3, 1)
1
(30, 31)
-> Request 2
928
(4, 2, 1)
3
(37, 46)
-> Request 3
961
(4, 2, 1)
3
(23, 19)
--> Day : 3
-> Request 0
146
(4, 1, 1)
3
(53, 22)
-> Request 1
433
(4, 2, 1)
2
(19, 26)
-> Request 2
630
(4, 1, 1)
3
(4, 3)
-> Request 3
904
(4, 1, 1)
1
(64, 59)
-> Request 4
1114
(4, 3, 1)
3
(67, 14)
-> Request 5
1413
(4, 3, 1)
1
(61, 41)
--> Day : 4
-> Request 0
138
(4, 2, 1)
3
(38, 74)
-> Request 1
486
(4, 2, 1)
1
(41, 0)
-> Request 2
721
(4, 2, 1)
1
(23, 12)
-> Request 3
920
(4, 2, 1)
3
(38, 25)
-> Request 4
1060
(4, 1, 1)
1
(53, 28)
-> Request 5
1115
(4, 1, 1)
1
(12, 60)
-> Request 6
1115
(4, 2, 1)
3
(66, 6)
---> Week : 9
--> Day : 0
-> Request 0
150
(4, 1, 1)
1
(66, 59)
-> Request 1
646
(4, 3, 1)
2
(30, 2)
-> Request 2
719
(4, 2, 1)
2
(48, 74)
-> Request 3
1038
(4, 3, 1)
1
(75, 17)
--> Day : 1
-> Request 0
292
(4, 2, 1)
2
(51, 61)
-> Request 1
414
(4, 1, 1)
1
(25, 24)
-> Request 2
861
(4, 3, 1)
1
(11, 23)
-> Request 3
879
(4, 3, 1)
1
(35, 67)
-> Request 4
1031
(4, 3, 1)
3
(36, 12)
-> Request 5
1033
(4, 2, 1)
3
(44, 14)
-> Request 6
1343
(4, 1, 1)
2
(29, 52)
-> Request 7
1430
(4, 1, 1)
1
(65, 43)
--> Day : 2
-> Request 0
224
(4, 2, 1)
3
(19, 27)
-> Request 1
335
(4, 2, 1)
2
(24, 59)
-> Request 2
577
(4, 3, 1)
3
(51, 8)
-> Request 3
892
(4, 1, 1)
1
(25, 73)
-> Request 4
897
(4, 1, 1)
3
(26, 27)
-> Request 5
906
(4, 1, 1)
2
(52, 42)
-> Request 6
991
(4, 2, 1)
1
(66, 61)
-> Request 7
1079
(4, 3, 1)
3
(40, 63)
-> Request 8
1237
(4, 3, 1)
2
(46, 73)
--> Day : 3
-> Request 0
571
(4, 1, 1)
1
(71, 28)
-> Request 1
593
(4, 3, 1)
3
(43, 52)
--> Day : 4
-> Request 0
343
(4, 1, 1)
2
(26, 31)
-> Request 1
584
(4, 2, 1)
2
(64, 18)
-> Request 2
1195
(4, 2, 1)
3
(0, 28)
---> Week : 10
--> Day : 0
-> Request 0
301
(4, 1, 1)
1
(33, 47)
-> Request 1
572
(4, 1, 1)
2
(53, 71)
-> Request 2
590
(4, 1, 1)
3
(69, 48)
-> Request 3
1081
(4, 2, 1)
1
(63, 48)
-> Request 4
1191
(4, 3, 1)
2
(21, 38)
-> Request 5
1223
(4, 1, 1)
3
(69, 76)
-> Request 6
1318
(4, 2, 1)
1
(57, 28)
--> Day : 1
-> Request 0
39
(4, 1, 1)
1
(17, 60)
-> Request 1
39
(4, 2, 1)
2
(13, 60)
-> Request 2
789
(4, 3, 1)
3
(3, 59)
-> Request 3
1072
(4, 3, 1)
3
(67, 38)
-> Request 4
1403
(4, 1, 1)
2
(29, 55)
--> Day : 2
-> Request 0
18
(4, 3, 1)
3
(55, 2)
-> Request 1
490
(4, 3, 1)
2
(58, 33)
-> Request 2
1004
(4, 3, 1)
3
(35, 13)
-> Request 3
1073
(4, 1, 1)
3
(11, 18)
-> Request 4
1135
(4, 1, 1)
2
(32, 48)
--> Day : 3
-> Request 0
79
(4, 1, 1)
3
(27, 19)
-> Request 1
185
(4, 3, 1)
1
(22, 49)
-> Request 2
240
(4, 2, 1)
2
(7, 22)
-> Request 3
310
(4, 2, 1)
2
(8, 51)
-> Request 4
379
(4, 3, 1)
3
(3, 13)
-> Request 5
876
(4, 1, 1)
3
(57, 2)
-> Request 6
1105
(4, 1, 1)
2
(55, 53)
-> Request 7
1215
(4, 3, 1)
3
(12, 35)
-> Request 8
1284
(4, 2, 1)
3
(36, 51)
-> Request 9
1343
(4, 2, 1)
3
(71, 77)
--> Day : 4
-> Request 0
152
(4, 2, 1)
1
(7, 27)
-> Request 1
205
(4, 2, 1)
1
(28, 47)
-> Request 2
488
(4, 2, 1)
3
(0, 4)
-> Request 3
682
(4, 3, 1)
3
(36, 13)
-> Request 4
729
(4, 1, 1)
1
(78, 70)
-> Request 5
844
(4, 3, 1)
1
(78, 47)
-> Request 6
1049
(4, 1, 1)
3
(45, 0)
-> Request 7
1292
(4, 2, 1)
1
(0, 67)
-> Request 8
1389
(4, 3, 1)
1
(37, 0)
---> Week : 11
--> Day : 0
-> Request 0
92
(4, 1, 1)
2
(28, 48)
-> Request 1
264
(4, 3, 1)
1
(75, 37)
-> Request 2
652
(4, 1, 1)
2
(61, 30)
-> Request 3
1008
(4, 1, 1)
2
(75, 18)
-> Request 4
1029
(4, 3, 1)
3
(49, 64)
-> Request 5
1031
(4, 2, 1)
2
(42, 43)
-> Request 6
1072
(4, 1, 1)
2
(68, 45)
-> Request 7
1366
(4, 2, 1)
3
(61, 52)
--> Day : 1
-> Request 0
76
(4, 1, 1)
2
(76, 44)
-> Request 1
470
(4, 2, 1)
2
(20, 5)
-> Request 2
644
(4, 1, 1)
3
(1, 30)
-> Request 3
802
(4, 2, 1)
1
(41, 2)
-> Request 4
1080
(4, 3, 1)
2
(76, 12)
-> Request 5
1121
(4, 3, 1)
1
(35, 24)
--> Day : 2
-> Request 0
288
(4, 1, 1)
2
(18, 26)
-> Request 1
556
(4, 2, 1)
2
(64, 12)
-> Request 2
712
(4, 3, 1)
1
(49, 38)
-> Request 3
1385
(4, 3, 1)
3
(28, 42)
--> Day : 3
-> Request 0
41
(4, 1, 1)
3
(6, 49)
-> Request 1
198
(4, 1, 1)
1
(54, 63)
-> Request 2
414
(4, 3, 1)
2
(55, 79)
-> Request 3
531
(4, 3, 1)
3
(20, 52)
-> Request 4
649
(4, 1, 1)
2
(29, 21)
-> Request 5
741
(4, 2, 1)
1
(30, 70)
-> Request 6
748
(4, 1, 1)
3
(32, 3)
-> Request 7
1420
(4, 2, 1)
2
(40, 5)
--> Day : 4
-> Request 0
54
(4, 1, 1)
2
(30, 66)
-> Request 1
203
(4, 1, 1)
3
(46, 27)
-> Request 2
443
(4, 1, 1)
2
(27, 34)
-> Request 3
716
(4, 3, 1)
2
(74, 70)
-> Request 4
791
(4, 1, 1)
3
(41, 34)
-> Request 5
890
(4, 3, 1)
3
(31, 50)
-> Request 6
1136
(4, 1, 1)
1
(25, 26)
-> Request 7
1194
(4, 3, 1)
2
(47, 57)
---> Week : 12
--> Day : 0
-> Request 0
534
(4, 2, 1)
3
(70, 8)
-> Request 1
556
(4, 3, 1)
2
(26, 70)
-> Request 2
787
(4, 1, 1)
2
(33, 9)
-> Request 3
1224
(4, 2, 1)
2
(19, 15)
-> Request 4
1332
(4, 3, 1)
2
(69, 30)
--> Day : 1
-> Request 0
31
(4, 1, 1)
1
(29, 52)
-> Request 1
451
(4, 1, 1)
2
(40, 30)
-> Request 2
529
(4, 2, 1)
1
(47, 39)
-> Request 3
920
(4, 1, 1)
3
(59, 61)
-> Request 4
1119
(4, 1, 1)
2
(60, 46)
-> Request 5
1172
(4, 1, 1)
1
(62, 63)
--> Day : 2
-> Request 0
353
(4, 2, 1)
3
(35, 50)
-> Request 1
423
(4, 3, 1)
1
(24, 39)
-> Request 2
725
(4, 3, 1)
1
(5, 5)
-> Request 3
756
(4, 3, 1)
1
(37, 20)
--> Day : 3
-> Request 0
120
(4, 1, 1)
3
(56, 58)
-> Request 1
311
(4, 3, 1)
1
(73, 8)
-> Request 2
537
(4, 1, 1)
3
(52, 9)
-> Request 3
767
(4, 3, 1)
2
(58, 29)
-> Request 4
777
(4, 2, 1)
3
(47, 17)
-> Request 5
813
(4, 3, 1)
1
(68, 24)
-> Request 6
1134
(4, 2, 1)
2
(5, 22)
-> Request 7
1344
(4, 3, 1)
2
(7, 68)
--> Day : 4
-> Request 0
472
(4, 1, 1)
2
(66, 11)
-> Request 1
831
(4, 3, 1)
1
(60, 27)
---> Week : 13
--> Day : 0
-> Request 0
91
(4, 1, 1)
1
(64, 43)
-> Request 1
171
(4, 2, 1)
2
(61, 38)
-> Request 2
897
(4, 2, 1)
1
(47, 35)
-> Request 3
912
(4, 3, 1)
3
(72, 57)
-> Request 4
1163
(4, 1, 1)
2
(20, 22)
-> Request 5
1184
(4, 2, 1)
3
(24, 57)
-> Request 6
1185
(4, 1, 1)
3
(40, 7)
-> Request 7
1345
(4, 1, 1)
3
(23, 6)
--> Day : 1
-> Request 0
193
(4, 1, 1)
2
(34, 49)
-> Request 1
483
(4, 1, 1)
1
(32, 23)
-> Request 2
910
(4, 3, 1)
2
(58, 10)
-> Request 3
974
(4, 3, 1)
3
(39, 76)
--> Day : 2
-> Request 0
87
(4, 3, 1)
1
(64, 60)
-> Request 1
1403
(4, 1, 1)
2
(52, 45)
--> Day : 3
-> Request 0
82
(4, 1, 1)
3
(20, 6)
-> Request 1
270
(4, 3, 1)
2
(79, 78)
-> Request 2
280
(4, 3, 1)
2
(68, 14)
-> Request 3
374
(4, 1, 1)
1
(63, 8)
-> Request 4
998
(4, 2, 1)
3
(74, 48)
-> Request 5
1052
(4, 3, 1)
3
(9, 27)
--> Day : 4
-> Request 0
205
(4, 1, 1)
1
(60, 71)
-> Request 1
525
(4, 2, 1)
1
(74, 16)
-> Request 2
679
(4, 3, 1)
2
(13, 66)
-> Request 3
999
(4, 2, 1)
3
(66, 78)
---> Week : 14
--> Day : 0
-> Request 0
175
(4, 2, 1)
3
(21, 13)
-> Request 1
402
(4, 3, 1)
1
(34, 71)
-> Request 2
583
(4, 3, 1)
3
(7, 72)
-> Request 3
991
(4, 2, 1)
2
(47, 51)
--> Day : 1
-> Request 0
29
(4, 3, 1)
3
(16, 43)
-> Request 1
72
(4, 3, 1)
3
(33, 35)
-> Request 2
124
(4, 1, 1)
3
(15, 21)
-> Request 3
148
(4, 3, 1)
2
(34, 63)
-> Request 4
148
(4, 1, 1)
3
(5, 68)
-> Request 5
525
(4, 3, 1)
3
(1, 14)
-> Request 6
1109
(4, 1, 1)
2
(62, 0)
-> Request 7
1409
(4, 1, 1)
2
(3, 1)
--> Day : 2
-> Request 0
114
(4, 2, 1)
3
(75, 35)
-> Request 1
370
(4, 3, 1)
3
(44, 77)
-> Request 2
570
(4, 1, 1)
1
(74, 4)
-> Request 3
720
(4, 2, 1)
2
(42, 54)
-> Request 4
754
(4, 3, 1)
1
(15, 11)
-> Request 5
933
(4, 1, 1)
3
(43, 53)
-> Request 6
1131
(4, 3, 1)
2
(33, 57)
-> Request 7
1137
(4, 1, 1)
1
(24, 1)
-> Request 8
1233
(4, 3, 1)
2
(64, 31)
-> Request 9
1418
(4, 2, 1)
1
(28, 3)
-> Request 10
1425
(4, 3, 1)
2
(76, 79)
--> Day : 3
-> Request 0
427
(4, 1, 1)
2
(48, 12)
-> Request 1
756
(4, 1, 1)
2
(75, 79)
-> Request 2
1112
(4, 1, 1)
1
(34, 38)
-> Request 3
1254
(4, 2, 1)
1
(51, 28)
--> Day : 4
-> Request 0
379
(4, 3, 1)
2
(55, 36)
-> Request 1
991
(4, 2, 1)
2
(47, 15)
-> Request 2
1405
(4, 1, 1)
3
(54, 20)
---> Week : 15
--> Day : 0
-> Request 0
835
(4, 2, 1)
2
(41, 24)
-> Request 1
1275
(4, 3, 1)
2
(6, 46)
--> Day : 1
-> Request 0
797
(4, 2, 1)
1
(76, 16)
-> Request 1
887
(4, 3, 1)
2
(43, 23)
-> Request 2
890
(4, 1, 1)
1
(46, 25)
-> Request 3
941
(4, 1, 1)
3
(2, 74)
-> Request 4
1149
(4, 1, 1)
1
(79, 62)
-> Request 5
1198
(4, 2, 1)
1
(68, 24)
-> Request 6
1439
(4, 3, 1)
3
(20, 45)
--> Day : 2
-> Request 0
510
(4, 3, 1)
1
(79, 21)
-> Request 1
933
(4, 2, 1)
1
(2, 10)
-> Request 2
1002
(4, 2, 1)
3
(5, 68)
-> Request 3
1019
(4, 1, 1)
3
(8, 30)
-> Request 4
1123
(4, 1, 1)
2
(64, 69)
--> Day : 3
-> Request 0
134
(4, 1, 1)
3
(51, 0)
-> Request 1
369
(4, 2, 1)
1
(48, 13)
-> Request 2
460
(4, 2, 1)
1
(78, 8)
-> Request 3
623
(4, 3, 1)
3
(67, 13)
-> Request 4
922
(4, 2, 1)
2
(62, 72)
-> Request 5
1232
(4, 1, 1)
1
(65, 34)
-> Request 6
1299
(4, 1, 1)
1
(9, 74)
-> Request 7
1381
(4, 3, 1)
3
(57, 68)
-> Request 8
1399
(4, 3, 1)
2
(72, 24)
-> Request 9
1426
(4, 1, 1)
2
(78, 42)
--> Day : 4
-> Request 0
164
(4, 2, 1)
3
(72, 79)
-> Request 1
199
(4, 3, 1)
3
(79, 79)
-> Request 2
828
(4, 1, 1)
2
(27, 4)
-> Request 3
1067
(4, 2, 1)
3
(48, 11)
-> Request 4
1197
(4, 1, 1)
2
(3, 53)
---> Week : 16
--> Day : 0
-> Request 0
203
(4, 3, 1)
1
(59, 49)
-> Request 1
396
(4, 1, 1)
3
(69, 22)
-> Request 2
565
(4, 2, 1)
3
(24, 14)
-> Request 3
1169
(4, 3, 1)
1
(22, 49)
-> Request 4
1399
(4, 3, 1)
1
(10, 46)
--> Day : 1
-> Request 0
42
(4, 3, 1)
3
(73, 19)
-> Request 1
613
(4, 1, 1)
2
(22, 25)
-> Request 2
658
(4, 1, 1)
1
(14, 29)
-> Request 3
662
(4, 2, 1)
1
(10, 25)
-> Request 4
763
(4, 1, 1)
2
(57, 69)
-> Request 5
1051
(4, 2, 1)
2
(16, 61)
-> Request 6
1178
(4, 1, 1)
3
(56, 41)
-> Request 7
1208
(4, 1, 1)
1
(48, 75)
-> Request 8
1381
(4, 3, 1)
3
(7, 66)
--> Day : 2
-> Request 0
380
(4, 1, 1)
2
(76, 71)
-> Request 1
548
(4, 1, 1)
1
(78, 34)
--> Day : 3
-> Request 0
417
(4, 1, 1)
3
(28, 26)
-> Request 1
498
(4, 3, 1)
2
(13, 2)
-> Request 2
584
(4, 2, 1)
1
(59, 61)
-> Request 3
662
(4, 1, 1)
1
(69, 13)
-> Request 4
756
(4, 1, 1)
3
(12, 1)
-> Request 5
970
(4, 2, 1)
1
(2, 51)
-> Request 6
1070
(4, 1, 1)
2
(70, 38)
-> Request 7
1173
(4, 1, 1)
1
(49, 32)
-> Request 8
1192
(4, 3, 1)
3
(56, 25)
-> Request 9
1238
(4, 2, 1)
2
(48, 56)
-> Request 10
1293
(4, 3, 1)
2
(63, 57)
--> Day : 4
-> Request 0
298
(4, 2, 1)
1
(64, 73)
-> Request 1
419
(4, 3, 1)
2
(16, 62)
-> Request 2
513
(4, 3, 1)
1
(25, 5)
-> Request 3
858
(4, 3, 1)
3
(25, 38)
-> Request 4
870
(4, 1, 1)
2
(15, 44)
-> Request 5
910
(4, 3, 1)
2
(77, 65)
-> Request 6
975
(4, 3, 1)
3
(0, 55)
-> Request 7
1410
(4, 3, 1)
3
(10, 62)
---> Week : 17
--> Day : 0
-> Request 0
2
(4, 1, 1)
1
(61, 14)
-> Request 1
49
(4, 3, 1)
2
(73, 35)
-> Request 2
54
(4, 1, 1)
3
(56, 73)
-> Request 3
117
(4, 2, 1)
2
(22, 0)
-> Request 4
186
(4, 2, 1)
2
(65, 32)
-> Request 5
413
(4, 3, 1)
3
(1, 59)
-> Request 6
472
(4, 3, 1)
2
(9, 65)
-> Request 7
535
(4, 2, 1)
2
(46, 60)
-> Request 8
606
(4, 2, 1)
3
(58, 51)
-> Request 9
607
(4, 1, 1)
2
(7, 30)
-> Request 10
897
(4, 1, 1)
3
(7, 28)
-> Request 11
1183
(4, 1, 1)
1
(59, 14)
-> Request 12
1229
(4, 2, 1)
3
(73, 43)
--> Day : 1
-> Request 0
184
(4, 3, 1)
2
(45, 59)
-> Request 1
655
(4, 3, 1)
1
(28, 42)
-> Request 2
864
(4, 3, 1)
3
(2, 79)
-> Request 3
872
(4, 1, 1)
3
(40, 73)
-> Request 4
984
(4, 1, 1)
3
(57, 72)
-> Request 5
1218
(4, 1, 1)
2
(28, 1)
--> Day : 2
-> Request 0
155
(4, 3, 1)
3
(30, 54)
-> Request 1
279
(4, 2, 1)
1
(43, 30)
--> Day : 3
-> Request 0
68
(4, 1, 1)
2
(16, 18)
-> Request 1
358
(4, 2, 1)
3
(39, 48)
-> Request 2
858
(4, 2, 1)
3
(6, 16)
-> Request 3
890
(4, 3, 1)
3
(4, 15)
-> Request 4
932
(4, 1, 1)
2
(13, 53)
-> Request 5
1398
(4, 1, 1)
3
(56, 19)
--> Day : 4
-> Request 0
248
(4, 1, 1)
1
(29, 6)
-> Request 1
697
(4, 3, 1)
3
(28, 5)
-> Request 2
700
(4, 1, 1)
1
(26, 28)
-> Request 3
745
(4, 3, 1)
1
(51, 25)
---> Week : 18
--> Day : 0
-> Request 0
316
(4, 1, 1)
3
(9, 51)
-> Request 1
901
(4, 2, 1)
2
(55, 70)
-> Request 2
910
(4, 1, 1)
1
(62, 57)
-> Request 3
1057
(4, 1, 1)
2
(32, 55)
-> Request 4
1377
(4, 3, 1)
2
(70, 60)
-> Request 5
1430
(4, 2, 1)
1
(43, 2)
--> Day : 1
-> Request 0
183
(4, 2, 1)
2
(28, 17)
-> Request 1
194
(4, 1, 1)
2
(49, 40)
-> Request 2
940
(4, 3, 1)
1
(42, 5)
-> Request 3
948
(4, 1, 1)
3
(39, 14)
-> Request 4
958
(4, 2, 1)
1
(9, 20)
-> Request 5
972
(4, 1, 1)
1
(67, 27)
-> Request 6
1175
(4, 1, 1)
1
(44, 5)
--> Day : 2
-> Request 0
308
(4, 1, 1)
1
(5, 21)
-> Request 1
369
(4, 1, 1)
3
(37, 35)
-> Request 2
471
(4, 2, 1)
1
(29, 9)
-> Request 3
1242
(4, 3, 1)
1
(22, 58)
-> Request 4
1399
(4, 1, 1)
1
(76, 14)
--> Day : 3
-> Request 0
299
(4, 3, 1)
2
(0, 41)
-> Request 1
658
(4, 2, 1)
2
(28, 23)
-> Request 2
779
(4, 1, 1)
1
(52, 62)
-> Request 3
837
(4, 3, 1)
3
(13, 48)
-> Request 4
851
(4, 2, 1)
2
(13, 0)
-> Request 5
973
(4, 2, 1)
3
(56, 46)
-> Request 6
1250
(4, 1, 1)
1
(39, 46)
-> Request 7
1313
(4, 2, 1)
1
(52, 25)
-> Request 8
1437
(4, 2, 1)
1
(65, 59)
--> Day : 4
-> Request 0
178
(4, 3, 1)
3
(57, 27)
-> Request 1
320
(4, 3, 1)
1
(56, 47)
-> Request 2
719
(4, 3, 1)
1
(35, 36)
-> Request 3
847
(4, 3, 1)
3
(73, 65)
---> Week : 19
--> Day : 0
-> Request 0
65
(4, 1, 1)
2
(62, 68)
-> Request 1
315
(4, 2, 1)
1
(19, 31)
-> Request 2
522
(4, 1, 1)
2
(1, 8)
-> Request 3
978
(4, 1, 1)
2
(57, 27)
-> Request 4
1248
(4, 3, 1)
2
(72, 28)
-> Request 5
1298
(4, 1, 1)
3
(37, 51)
--> Day : 1
-> Request 0
33
(4, 1, 1)
3
(61, 52)
-> Request 1
359
(4, 1, 1)
2
(22, 3)
-> Request 2
526
(4, 2, 1)
2
(66, 75)
-> Request 3
659
(4, 2, 1)
3
(30, 33)
-> Request 4
737
(4, 3, 1)
2
(19, 40)
-> Request 5
862
(4, 3, 1)
2
(2, 43)
-> Request 6
1152
(4, 3, 1)
3
(20, 15)
--> Day : 2
-> Request 0
664
(4, 2, 1)
2
(50, 66)
-> Request 1
836
(4, 2, 1)
2
(1, 15)
-> Request 2
1078
(4, 3, 1)
2
(49, 44)
-> Request 3
1159
(4, 2, 1)
2
(13, 47)
-> Request 4
1168
(4, 3, 1)
1
(38, 54)
-> Request 5
1287
(4, 3, 1)
1
(46, 38)
--> Day : 3
-> Request 0
430
(4, 1, 1)
1
(65, 61)
-> Request 1
816
(4, 2, 1)
2
(9, 15)
-> Request 2
1310
(4, 1, 1)
1
(5, 58)
--> Day : 4
-> Request 0
358
(4, 1, 1)
2
(71, 22)
-> Request 1
949
(4, 1, 1)
1
(53, 47)
-> Request 2
1102
(4, 3, 1)
2
(72, 28)
-> Request 3
1206
(4, 1, 1)
3
(64, 43)
