---> Week : 0
--> Day : 0
-> Request 0
62
(4, 2, 1)
1
(39, 79)
-> Request 1
128
(4, 1, 1)
1
(69, 19)
-> Request 2
634
(4, 2, 1)
1
(25, 10)
-> Request 3
857
(4, 1, 1)
1
(17, 43)
-> Request 4
933
(4, 1, 1)
1
(13, 16)
-> Request 5
1403
(4, 1, 1)
2
(44, 33)
--> Day : 1
-> Request 0
340
(4, 2, 1)
1
(56, 11)
-> Request 1
673
(4, 3, 1)
2
(62, 12)
-> Request 2
883
(4, 3, 1)
3
(35, 75)
-> Request 3
1424
(4, 2, 1)
3
(32, 38)
--> Day : 2
-> Request 0
210
(4, 2, 1)
1
(32, 59)
-> Request 1
261
(4, 2, 1)
3
(58, 75)
-> Request 2
423
(4, 3, 1)
3
(64, 58)
-> Request 3
662
(4, 3, 1)
1
(1, 39)
-> Request 4
718
(4, 1, 1)
3
(42, 8)
-> Request 5
726
(4, 3, 1)
1
(16, 68)
-> Request 6
775
(4, 3, 1)
1
(67, 30)
-> Request 7
901
(4, 3, 1)
3
(54, 19)
-> Request 8
1128
(4, 2, 1)
2
(46, 19)
-> Request 9
1228
(4, 3, 1)
3
(41, 76)
--> Day : 3
-> Request 0
104
(4, 3, 1)
1
(75, 41)
-> Request 1
258
(4, 1, 1)
1
(61, 17)
-> Request 2
515
(4, 2, 1)
1
(24, 39)
-> Request 3
648
(4, 1, 1)
3
(15, 22)
-> Request 4
678
(4, 3, 1)
1
(63, 69)
-> Request 5
844
(4, 1, 1)
2
(35, 66)
--> Day : 4
-> Request 0
480
(4, 2, 1)
1
(31, 50)
-> Request 1
797
(4, 2, 1)
2
(49, 14)
-> Request 2
917
(4, 1, 1)
3
(57, 21)
-> Request 3
951
(4, 2, 1)
2
(41, 37)
-> Request 4
1143
(4, 1, 1)
3
(69, 44)
-> Request 5
1171
(4, 3, 1)
2
(78, 11)
---> Week : 1
--> Day : 0
-> Request 0
15
(4, 1, 1)
1
(19, 33)
-> Request 1
119
(4, 2, 1)
1
(73, 70)
-> Request 2
323
(4, 1, 1)
1
(74, 57)
-> Request 3
470
(4, 3, 1)
3
(57, 37)
-> Request 4
487
(4, 1, 1)
3
(40, 11)
-> Request 5
700
(4, 1, 1)
1
(35, 25)
-> Request 6
885
(4, 2, 1)
2
(67, 41)
-> Request 7
922
(4, 3, 1)
1
(67, 75)
-> Request 8
1128
(4, 2, 1)
1
(6, 15)
-> Request 9
1221
(4, 3, 1)
3
(68, 79)
--> Day : 1
-> Request 0
405
(4, 2, 1)
3
(42, 59)
-> Request 1
780
(4, 1, 1)
1
(63, 33)
-> Request 2
781
(4, 1, 1)
3
(26, 44)
--> Day : 2
-> Request 0
193
(4, 2, 1)
2
(34, 35)
-> Request 1
252
(4, 3, 1)
1
(63, 8)
-> Request 2
280
(4, 3, 1)
3
(6, 13)
-> Request 3
347
(4, 2, 1)
3
(24, 65)
-> Request 4
368
(4, 3, 1)
2
(28, 56)
-> Request 5
704
(4, 3, 1)
2
(10, 32)
-> Request 6
848
(4, 3, 1)
2
(69, 28)
--> Day : 3
-> Request 0
237
(4, 2, 1)
2
(58, 38)
-> Request 1
477
(4, 1, 1)
2
(59, 19)
-> Request 2
731
(4, 2, 1)
1
(78, 78)
-> Request 3
746
(4, 2, 1)
1
(23, 3)
-> Request 4
830
(4, 1, 1)
3
(60, 6)
-> Request 5
1007
(4, 1, 1)
3
(0, 42)
--> Day : 4
-> Request 0
163
(4, 3, 1)
3
(48, 60)
-> Request 1
219
(4, 1, 1)
2
(68, 31)
-> Request 2
959
(4, 3, 1)
2
(53, 15)
-> Request 3
1184
(4, 2, 1)
3
(30, 26)
-> Request 4
1303
(4, 2, 1)
3
(65, 18)
-> Request 5
1331
(4, 1, 1)
1
(65, 13)
-> Request 6
1400
(4, 3, 1)
3
(48, 29)
---> Week : 2
--> Day : 0
-> Request 0
175
(4, 1, 1)
1
(71, 78)
-> Request 1
456
(4, 2, 1)
1
(50, 10)
-> Request 2
756
(4, 2, 1)
2
(34, 16)
-> Request 3
796
(4, 2, 1)
1
(30, 4)
-> Request 4
889
(4, 3, 1)
2
(17, 56)
-> Request 5
1074
(4, 1, 1)
1
(38, 55)
-> Request 6
1323
(4, 3, 1)
1
(28, 77)
--> Day : 1
-> Request 0
1367
(4, 2, 1)
3
(44, 56)
--> Day : 2
-> Request 0
99
(4, 2, 1)
3
(31, 45)
-> Request 1
353
(4, 3, 1)
3
(56, 5)
-> Request 2
679
(4, 1, 1)
1
(31, 59)
-> Request 3
754
(4, 2, 1)
1
(41, 49)
-> Request 4
948
(4, 2, 1)
2
(12, 17)
-> Request 5
1263
(4, 3, 1)
3
(9, 19)
--> Day : 3
-> Request 0
146
(4, 2, 1)
3
(77, 27)
-> Request 1
373
(4, 2, 1)
2
(43, 5)
-> Request 2
502
(4, 2, 1)
1
(66, 5)
-> Request 3
518
(4, 2, 1)
3
(68, 56)
-> Request 4
781
(4, 2, 1)
3
(12, 68)
-> Request 5
990
(4, 2, 1)
2
(38, 29)
-> Request 6
1176
(4, 3, 1)
3
(57, 19)
--> Day : 4
-> Request 0
223
(4, 1, 1)
3
(45, 64)
-> Request 1
438
(4, 1, 1)
1
(5, 64)
-> Request 2
702
(4, 1, 1)
3
(0, 53)
-> Request 3
991
(4, 2, 1)
2
(79, 69)
---> Week : 3
--> Day : 0
-> Request 0
103
(4, 2, 1)
3
(62, 30)
-> Request 1
332
(4, 3, 1)
2
(17, 5)
-> Request 2
423
(4, 3, 1)
1
(21, 46)
-> Request 3
733
(4, 3, 1)
2
(36, 68)
-> Request 4
1207
(4, 1, 1)
3
(53, 61)
--> Day : 1
-> Request 0
5
(4, 2, 1)
2
(34, 1)
-> Request 1
47
(4, 1, 1)
1
(0, 58)
-> Request 2
380
(4, 1, 1)
3
(72, 19)
-> Request 3
511
(4, 1, 1)
1
(69, 42)
-> Request 4
717
(4, 1, 1)
1
(68, 30)
-> Request 5
1112
(4, 2, 1)
2
(57, 78)
-> Request 6
1239
(4, 2, 1)
2
(18, 55)
--> Day : 2
-> Request 0
171
(4, 3, 1)
1
(36, 39)
-> Request 1
618
(4, 3, 1)
2
(20, 77)
-> Request 2
695
(4, 1, 1)
1
(43, 54)
-> Request 3
825
(4, 2, 1)
1
(21, 65)
-> Request 4
985
(4, 1, 1)
2
(65, 54)
-> Request 5
1268
(4, 2, 1)
1
(32, 70)
--> Day : 3
-> Request 0
119
(4, 1, 1)
1
(44, 39)
-> Request 1
216
(4, 3, 1)
2
(41, 28)
-> Request 2
239
(4, 1, 1)
2
(58, 54)
-> Request 3
566
(4, 2, 1)
1
(59, 9)
-> Request 4
583
(4, 1, 1)
1
(39, 65)
-> Request 5
599
(4, 2, 1)
2
(64, 79)
-> Request 6
864
(4, 1, 1)
1
(18, 76)
-> Request 7
870
(4, 3, 1)
1
(65, 75)
-> Request 8
1159
(4, 3, 1)
2
(65, 79)
--> Day : 4
-> Request 0
564
(4, 1, 1)
2
(31, 1)
-> Request 1
613
(4, 3, 1)
2
(51, 3)
-> Request 2
660
(4, 3, 1)
1
(18, 59)
---> Week : 4
--> Day : 0
-> Request 0
270
(4, 2, 1)
2
(73, 18)
-> Request 1
282
(4, 1, 1)
1
(56, 8)
-> Request 2
688
(4, 1, 1)
3
(67, 29)
-> Request 3
748
(4, 2, 1)
2
(64, 23)
-> Request 4
837
(4, 2, 1)
2
(40, 11)
-> Request 5
1155
(4, 1, 1)
1
(35, 1)
-> Request 6
1314
(4, 2, 1)
2
(55, 55)
--> Day : 1
-> Request 0
247
(4, 3, 1)
3
(23, 30)
-> Request 1
372
(4, 3, 1)
2
(45, 8)
-> Request 2
483
(4, 1, 1)
3
(34, 53)
-> Request 3
493
(4, 2, 1)
2
(75, 54)
-> Request 4
676
(4, 3, 1)
2
(58, 64)
-> Request 5
1101
(4, 1, 1)
2
(65, 19)
-> Request 6
1286
(4, 1, 1)
3
(64, 50)
-> Request 7
1436
(4, 3, 1)
3
(57, 35)
--> Day : 2
-> Request 0
61
(4, 3, 1)
2
(38, 50)
-> Request 1
82
(4, 1, 1)
1
(16, 4)
-> Request 2
553
(4, 2, 1)
1
(22, 56)
-> Request 3
554
(4, 1, 1)
3
(46, 71)
-> Request 4
896
(4, 2, 1)
2
(74, 79)
--> Day : 3
-> Request 0
115
(4, 1, 1)
2
(56, 23)
-> Request 1
395
(4, 1, 1)
3
(77, 29)
-> Request 2
664
(4, 3, 1)
1
(22, 68)
-> Request 3
910
(4, 2, 1)
1
(71, 16)
--> Day : 4
-> Request 0
57
(4, 2, 1)
1
(7, 14)
-> Request 1
59
(4, 1, 1)
2
(79, 47)
-> Request 2
133
(4, 1, 1)
3
(44, 8)
-> Request 3
466
(4, 3, 1)
1
(51, 34)
-> Request 4
688
(4, 2, 1)
2
(55, 67)
-> Request 5
989
(4, 1, 1)
3
(46, 67)
-> Request 6
1231
(4, 2, 1)
2
(20, 53)
-> Request 7
1325
(4, 1, 1)
1
(44, 23)
---> Week : 5
--> Day : 0
-> Request 0
302
(4, 1, 1)
2
(78, 9)
-> Request 1
506
(4, 1, 1)
3
(52, 7)
-> Request 2
1296
(4, 3, 1)
3
(30, 48)
-> Request 3
1402
(4, 1, 1)
3
(75, 34)
--> Day : 1
-> Request 0
140
(4, 3, 1)
3
(14, 71)
-> Request 1
1111
(4, 1, 1)
2
(77, 62)
-> Request 2
1114
(4, 3, 1)
2
(60, 18)
-> Request 3
1353
(4, 1, 1)
2
(4, 78)
-> Request 4
1377
(4, 1, 1)
3
(28, 32)
--> Day : 2
-> Request 0
475
(4, 2, 1)
3
(17, 48)
-> Request 1
666
(4, 1, 1)
2
(23, 60)
-> Request 2
939
(4, 3, 1)
1
(11, 21)
--> Day : 3
-> Request 0
44
(4, 1, 1)
1
(6, 76)
-> Request 1
222
(4, 2, 1)
2
(34, 40)
-> Request 2
435
(4, 3, 1)
1
(20, 12)
-> Request 3
560
(4, 2, 1)
2
(28, 13)
-> Request 4
1122
(4, 3, 1)
3
(16, 15)
--> Day : 4
-> Request 0
226
(4, 1, 1)
2
(35, 14)
-> Request 1
592
(4, 2, 1)
2
(49, 76)
-> Request 2
806
(4, 1, 1)
2
(5, 30)
-> Request 3
1277
(4, 2, 1)
2
(1, 42)
-> Request 4
1411
(4, 3, 1)
2
(22, 48)
---> Week : 6
--> Day : 0
-> Request 0
432
(4, 3, 1)
3
(0, 11)
-> Request 1
1348
(4, 2, 1)
3
(11, 41)
--> Day : 1
-> Request 0
187
(4, 1, 1)
3
(24, 63)
-> Request 1
456
(4, 3, 1)
2
(50, 71)
-> Request 2
544
(4, 2, 1)
1
(47, 1)
-> Request 3
612
(4, 1, 1)
3
(12, 55)
-> Request 4
810
(4, 3, 1)
3
(48, 1)
-> Request 5
957
(4, 3, 1)
3
(29, 22)
-> Request 6
1243
(4, 1, 1)
2
(32, 37)
--> Day : 2
-> Request 0
41
(4, 2, 1)
2
(31, 71)
-> Request 1
155
(4, 2, 1)
3
(10, 11)
-> Request 2
184
(4, 3, 1)
2
(11, 10)
-> Request 3
879
(4, 2, 1)
1
(19, 52)
-> Request 4
1080
(4, 3, 1)
2
(12, 25)
-> Request 5
1274
(4, 1, 1)
3
(27, 56)
-> Request 6
1362
(4, 1, 1)
2
(71, 10)
-> Request 7
1407
(4, 2, 1)
3
(24, 2)
--> Day : 3
-> Request 0
139
(4, 2, 1)
1
(4, 71)
-> Request 1
140
(4, 3, 1)
1
(67, 23)
-> Request 2
492
(4, 3, 1)
2
(17, 56)
-> Request 3
637
(4, 3, 1)
2
(73, 0)
-> Request 4
1111
(4, 1, 1)
1
(48, 59)
--> Day : 4
-> Request 0
5
(4, 3, 1)
3
(26, 4)
-> Request 1
184
(4, 3, 1)
1
(44, 46)
-> Request 2
539
(4, 2, 1)
3
(20, 68)
-> Request 3
799
(4, 1, 1)
3
(35, 13)
-> Request 4
831
(4, 1, 1)
2
(51, 32)
-> Request 5
1081
(4, 2, 1)
1
(46, 73)
-> Request 6
1286
(4, 3, 1)
1
(13, 8)
---> Week : 7
--> Day : 0
-> Request 0
107
(4, 3, 1)
1
(9, 21)
-> Request 1
408
(4, 1, 1)
1
(3, 53)
-> Request 2
528
(4, 3, 1)
1
(18, 9)
-> Request 3
1000
(4, 3, 1)
1
(73, 37)
--> Day : 1
-> Request 0
765
(4, 1, 1)
3
(62, 65)
-> Request 1
1012
(4, 1, 1)
3
(12, 29)
--> Day : 2
-> Request 0
491
(4, 3, 1)
1
(42, 40)
-> Request 1
502
(4, 2, 1)
1
(25, 8)
-> Request 2
564
(4, 1, 1)
1
(72, 6)
-> Request 3
1385
(4, 1, 1)
1
(71, 8)
--> Day : 3
-> Request 0
81
(4, 1, 1)
1
(39, 75)
-> Request 1
290
(4, 3, 1)
3
(27, 52)
-> Request 2
504
(4, 1, 1)
3
(53, 48)
-> Request 3
679
(4, 1, 1)
1
(20, 35)
-> Request 4
741
(4, 3, 1)
3
(14, 52)
-> Request 5
798
(4, 3, 1)
1
(39, 26)
-> Request 6
848
(4, 1, 1)
1
(74, 4)
-> Request 7
1034
(4, 3, 1)
3
(71, 14)
--> Day : 4
-> Request 0
128
(4, 3, 1)
1
(48, 0)
-> Request 1
257
(4, 1, 1)
1
(40, 35)
-> Request 2
327
(4, 1, 1)
3
(35, 55)
-> Request 3
690
(4, 2, 1)
3
(27, 13)
-> Request 4
727
(4, 2, 1)
1
(57, 0)
-> Request 5
987
(4, 1, 1)
1
(39, 57)
-> Request 6
1000
(4, 3, 1)
2
(2, 14)
-> Request 7
1244
(4, 1, 1)
3
(38, 8)
---> Week : 8
--> Day : 0
-> Request 0
275
(4, 3, 1)
3
(72, 20)
-> Request 1
1021
(4, 1, 1)
1
(57, 8)
-> Request 2
1245
(4, 2, 1)
1
(53, 13)
-> Request 3
1304
(4, 1, 1)
2
(51, 27)
--> Day : 1
-> Request 0
134
(4, 2, 1)
1
(1, 73)
-> Request 1
162
(4, 3, 1)
1
(35, 64)
-> Request 2
221
(4, 3, 1)
1
(69, 73)
-> Request 3
326
(4, 2, 1)
3
(27, 18)
-> Request 4
391
(4, 1, 1)
3
(5, 42)
-> Request 5
426
(4, 3, 1)
2
(74, 26)
-> Request 6
790
(4, 3, 1)
2
(78, 21)
-> Request 7
1092
(4, 1, 1)
3
(25, 54)
--> Day : 2
-> Request 0
30
(4, 1, 1)
1
(21, 41)
-> Request 1
98
(4, 3, 1)
2
(2, 1)
-> Request 2
286
(4, 3, 1)
2
(56, 50)
-> Request 3
312
(4, 2, 1)
2
(56, 30)
-> Request 4
885
(4, 1, 1)
1
(3, 67)
--> Day : 3
-> Request 0
1
(4, 2, 1)
1
(71, 67)
-> Request 1
190
(4, 2, 1)
3
(48, 76)
-> Request 2
228
(4, 3, 1)
2
(25, 31)
-> Request 3
250
(4, 1, 1)
1
(17, 32)
-> Request 4
254
(4, 2, 1)
2
(16, 47)
-> Request 5
330
(4, 2, 1)
2
(47, 36)
-> Request 6
350
(4, 2, 1)
1
(64, 79)
-> Request 7
527
(4, 2, 1)
3
(10, 43)
-> Request 8
710
(4, 3, 1)
3
(71, 68)
-> Request 9
765
(4, 2, 1)
2
(3, 53)
-> Request 10
818
(4, 1, 1)
3
(11, 77)
-> Request 11
1148
(4, 3, 1)
2
(71, 14)
--> Day : 4
-> Request 0
165
(4, 1, 1)
2
(27, 10)
-> Request 1
258
(4, 2, 1)
3
(66, 48)
-> Request 2
390
(4, 3, 1)
3
(46, 76)
-> Request 3
532
(4, 1, 1)
1
(12, 55)
-> Request 4
629
(4, 1, 1)
1
(37, 30)
-> Request 5
666
(4, 2, 1)
2
(75, 8)
-> Request 6
956
(4, 3, 1)
1
(72, 20)
---> Week : 9
--> Day : 0
-> Request 0
36
(4, 1, 1)
2
(52, 11)
-> Request 1
407
(4, 3, 1)
2
(6, 39)
-> Request 2
886
(4, 1, 1)
1
(43, 77)
-> Request 3
1013
(4, 1, 1)
1
(77, 78)
-> Request 4
1076
(4, 2, 1)
2
(60, 17)
-> Request 5
1184
(4, 3, 1)
3
(67, 38)
-> Request 6
1219
(4, 2, 1)
2
(21, 60)
--> Day : 1
-> Request 0
26
(4, 2, 1)
3
(50, 13)
-> Request 1
417
(4, 2, 1)
3
(10, 64)
-> Request 2
426
(4, 1, 1)
3
(33, 37)
-> Request 3
611
(4, 3, 1)
1
(52, 43)
-> Request 4
1013
(4, 1, 1)
3
(61, 76)
--> Day : 2
-> Request 0
543
(4, 3, 1)
1
(2, 3)
-> Request 1
1211
(4, 1, 1)
1
(30, 69)
-> Request 2
1272
(4, 2, 1)
2
(61, 0)
-> Request 3
1369
(4, 1, 1)
1
(34, 12)
-> Request 4
1405
(4, 3, 1)
1
(18, 46)
--> Day : 3
-> Request 0
132
(4, 3, 1)
3
(31, 52)
-> Request 1
714
(4, 2, 1)
1
(53, 69)
-> Request 2
921
(4, 1, 1)
1
(69, 29)
--> Day : 4
-> Request 0
467
(4, 3, 1)
3
(21, 61)
-> Request 1
638
(4, 1, 1)
2
(51, 66)
-> Request 2
915
(4, 2, 1)
2
(0, 33)
-> Request 3
1223
(4, 2, 1)
1
(8, 41)
-> Request 4
1330
(4, 3, 1)
1
(32, 11)
---> Week : 10
--> Day : 0
-> Request 0
793
(4, 3, 1)
2
(18, 53)
-> Request 1
894
(4, 3, 1)
1
(76, 51)
-> Request 2
1417
(4, 3, 1)
1
(65, 79)
-> Request 3
1436
(4, 1, 1)
2
(56, 21)
--> Day : 1
-> Request 0
78
(4, 3, 1)
1
(11, 3)
-> Request 1
375
(4, 2, 1)
2
(28, 2)
-> Request 2
387
(4, 2, 1)
3
(74, 52)
-> Request 3
456
(4, 1, 1)
2
(38, 42)
-> Request 4
711
(4, 2, 1)
2
(31, 48)
-> Request 5
719
(4, 2, 1)
1
(44, 8)
-> Request 6
825
(4, 2, 1)
2
(46, 52)
-> Request 7
977
(4, 1, 1)
1
(67, 6)
-> Request 8
1308
(4, 3, 1)
1
(18, 62)
-> Request 9
1413
(4, 1, 1)
2
(58, 5)
-> Request 10
1421
(4, 3, 1)
1
(2, 40)
--> Day : 2
-> Request 0
20
(4, 2, 1)
1
(2, 67)
-> Request 1
240
(4, 3, 1)
3
(43, 59)
-> Request 2
477
(4, 3, 1)
1
(15, 76)
-> Request 3
568
(4, 2, 1)
1
(3, 78)
-> Request 4
1026
(4, 2, 1)
1
(32, 64)
-> Request 5
1300
(4, 1, 1)
3
(56, 31)
--> Day : 3
-> Request 0
654
(4, 3, 1)
3
(25, 3)
-> Request 1
772
(4, 1, 1)
2
(73, 0)
-> Request 2
878
(4, 2, 1)
3
(17, 67)
-> Request 3
931
(4, 1, 1)
3
(1, 42)
-> Request 4
1000
(4, 1, 1)
2
(46, 37)
-> Request 5
1111
(4, 1, 1)
2
(21, 67)
-> Request 6
1195
(4, 1, 1)
3
(19, 54)
-> Request 7
1340
(4, 2, 1)
1
(19, 78)
-> Request 8
1359
(4, 3, 1)
3
(15, 25)
--> Day : 4
-> Request 0
128
(4, 2, 1)
2
(24, 19)
-> Request 1
730
(4, 3, 1)
1
(1, 51)
-> Request 2
1102
(4, 3, 1)
2
(12, 10)
-> Request 3
1205
(4, 3, 1)
1
(19, 64)
-> Request 4
1327
(4, 2, 1)
1
(66, 64)
-> Request 5
1362
(4, 3, 1)
3
(26, 59)
---> Week : 11
--> Day : 0
-> Request 0
269
(4, 2, 1)
1
(55, 68)
-> Request 1
559
(4, 2, 1)
3
(39, 48)
-> Request 2
631
(4, 3, 1)
1
(72, 17)
-> Request 3
1160
(4, 3, 1)
3
(34, 23)
-> Request 4
1427
(4, 2, 1)
3
(59, 44)
--> Day : 1
-> Request 0
177
(4, 1, 1)
2
(3, 16)
-> Request 1
758
(4, 2, 1)
1
(38, 43)
-> Request 2
817
(4, 1, 1)
2
(60, 79)
-> Request 3
824
(4, 2, 1)
3
(37, 30)
-> Request 4
1004
(4, 2, 1)
1
(79, 72)
-> Request 5
1171
(4, 2, 1)
1
(16, 78)
-> Request 6
1383
(4, 3, 1)
2
(32, 0)
--> Day : 2
-> Request 0
232
(4, 3, 1)
2
(15, 74)
-> Request 1
267
(4, 1, 1)
1
(74, 16)
-> Request 2
401
(4, 3, 1)
2
(39, 26)
-> Request 3
535
(4, 3, 1)
1
(37, 27)
-> Request 4
631
(4, 3, 1)
3
(11, 39)
-> Request 5
634
(4, 3, 1)
3
(52, 61)
-> Request 6
702
(4, 1, 1)
2
(78, 37)
-> Request 7
858
(4, 3, 1)
3
(47, 18)
-> Request 8
866
(4, 2, 1)
3
(43, 50)
-> Request 9
1195
(4, 1, 1)
1
(4, 3)
-> Request 10
1391
(4, 1, 1)
1
(23, 66)
--> Day : 3
-> Request 0
252
(4, 3, 1)
2
(25, 19)
-> Request 1
274
(4, 1, 1)
2
(35, 49)
--> Day : 4
-> Request 0
160
(4, 3, 1)
1
(7, 71)
-> Request 1
172
(4, 2, 1)
3
(76, 3)
-> Request 2
587
(4, 1, 1)
2
(1, 0)
-> Request 3
1353
(4, 1, 1)
1
(72, 12)
-> Request 4
1367
(4, 3, 1)
3
(1, 2)
---> Week : 12
--> Day : 0
-> Request 0
47
(4, 3, 1)
2
(72, 69)
-> Request 1
385
(4, 3, 1)
1
(22, 20)
-> Request 2
653
(4, 1, 1)
2
(24, 31)
-> Request 3
745
(4, 2, 1)
3
(64, 61)
-> Request 4
828
(4, 2, 1)
3
(38, 37)
-> Request 5
1033
(4, 2, 1)
3
(30, 40)
-> Request 6
1228
(4, 1, 1)
1
(47, 69)
-> Request 7
1325
(4, 2, 1)
3
(64, 18)
-> Request 8
1342
(4, 1, 1)
1
(68, 29)
--> Day : 1
-> Request 0
109
(4, 1, 1)
3
(67, 66)
-> Request 1
286
(4, 2, 1)
2
(0, 63)
-> Request 2
321
(4, 2, 1)
1
(26, 40)
-> Request 3
726
(4, 3, 1)
3
(18, 67)
-> Request 4
1163
(4, 2, 1)
1
(59, 17)
--> Day : 2
-> Request 0
447
(4, 1, 1)
2
(30, 21)
-> Request 1
494
(4, 2, 1)
3
(3, 5)
-> Request 2
659
(4, 3, 1)
3
(21, 42)
-> Request 3
706
(4, 2, 1)
3
(55, 55)
-> Request 4
716
(4, 2, 1)
3
(49, 19)
--> Day : 3
-> Request 0
343
(4, 2, 1)
2
(67, 37)
-> Request 1
417
(4, 1, 1)
3
(75, 65)
-> Request 2
475
(4, 1, 1)
3
(23, 44)
-> Request 3
636
(4, 1, 1)
1
(58, 19)
-> Request 4
1314
(4, 2, 1)
2
(67, 6)
--> Day : 4
-> Request 0
292
(4, 3, 1)
2
(43, 12)
-> Request 1
753
(4, 2, 1)
2
(28, 19)
-> Request 2
1177
(4, 3, 1)
1
(21, 51)
---> Week : 13
--> Day : 0
-> Request 0
49
(4, 3, 1)
2
(5, 26)
-> Request 1
158
(4, 3, 1)
2
(19, 39)
-> Request 2
329
(4, 1, 1)
3
(3, 56)
-> Request 3
444
(4, 1, 1)
3
(27, 19)
-> Request 4
706
(4, 2, 1)
2
(14, 24)
-> Request 5
911
(4, 2, 1)
2
(34, 22)
-> Request 6
1048
(4, 3, 1)
3
(64, 34)
-> Request 7
1372
(4, 1, 1)
3
(63, 22)
--> Day : 1
-> Request 0
2
(4, 1, 1)
2
(13, 21)
-> Request 1
54
(4, 2, 1)
2
(44, 67)
-> Request 2
349
(4, 1, 1)
2
(34, 76)
-> Request 3
1399
(4, 2, 1)
2
(41, 16)
--> Day : 2
-> Request 0
105
(4, 3, 1)
3
(52, 69)
-> Request 1
215
(4, 2, 1)
3
(63, 27)
-> Request 2
263
(4, 1, 1)
1
(63, 63)
-> Request 3
835
(4, 2, 1)
2
(35, 77)
-> Request 4
1063
(4, 3, 1)
3
(5, 13)
-> Request 5
1327
(4, 3, 1)
3
(72, 65)
-> Request 6
1356
(4, 2, 1)
1
(79, 33)
--> Day : 3
-> Request 0
185
(4, 3, 1)
2
(35, 15)
-> Request 1
201
(4, 2, 1)
2
(10, 3)
-> Request 2
445
(4, 3, 1)
3
(33, 67)
-> Request 3
609
(4, 2, 1)
2
(64, 19)
-> Request 4
751
(4, 3, 1)
1
(1, 1)
-> Request 5
767
(4, 3, 1)
1
(17, 23)
-> Request 6
876
(4, 1, 1)
3
(25, 23)
-> Request 7
956
(4, 3, 1)
2
(71, 15)
-> Request 8
998
(4, 3, 1)
2
(30, 15)
-> Request 9
1066
(4, 1, 1)
3
(29, 33)
--> Day : 4
-> Request 0
321
(4, 1, 1)
3
(43, 20)
-> Request 1
513
(4, 3, 1)
2
(43, 69)
-> Request 2
566
(4, 3, 1)
2
(7, 78)
-> Request 3
599
(4, 3, 1)
2
(5, 18)
-> Request 4
1214
(4, 2, 1)
2
(39, 31)
-> Request 5
1308
(4, 2, 1)
2
(35, 26)
-> Request 6
1399
(4, 3, 1)
2
(10, 30)
-> Request 7
1431
(4, 2, 1)
1
(19, 69)
---> Week : 14
--> Day : 0
-> Request 0
127
(4, 1, 1)
1
(65, 79)
-> Request 1
522
(4, 1, 1)
3
(72, 79)
-> Request 2
683
(4, 3, 1)
3
(75, 52)
-> Request 3
1050
(4, 1, 1)
1
(28, 27)
-> Request 4
1160
(4, 2, 1)
2
(54, 44)
-> Request 5
1236
(4, 2, 1)
2
(34, 51)
-> Request 6
1304
(4, 3, 1)
3
(41, 8)
--> Day : 1
-> Request 0
39
(4, 2, 1)
3
(58, 13)
-> Request 1
474
(4, 1, 1)
1
(63, 51)
-> Request 2
566
(4, 3, 1)
3
(2, 12)
-> Request 3
688
(4, 1, 1)
2
(15, 3)
-> Request 4
756
(4, 2, 1)
2
(64, 46)
-> Request 5
829
(4, 1, 1)
1
(26, 2)
-> Request 6
864
(4, 1, 1)
3
(78, 47)
-> Request 7
1185
(4, 3, 1)
2
(39, 73)
--> Day : 2
-> Request 0
527
(4, 1, 1)
2
(49, 50)
-> Request 1
674
(4, 1, 1)
1
(17, 32)
-> Request 2
919
(4, 3, 1)
2
(29, 54)
-> Request 3
1011
(4, 1, 1)
1
(74, 35)
-> Request 4
1093
(4, 2, 1)
1
(18, 71)
-> Request 5
1170
(4, 3, 1)
1
(23, 69)
-> Request 6
1428
(4, 2, 1)
2
(71, 4)
--> Day : 3
-> Request 0
109
(4, 2, 1)
2
(66, 78)
-> Request 1
404
(4, 2, 1)
3
(30, 29)
-> Request 2
536
(4, 2, 1)
1
(50, 29)
-> Request 3
694
(4, 3, 1)
3
(73, 38)
-> Request 4
1133
(4, 1, 1)
2
(26, 63)
-> Request 5
1427
(4, 1, 1)
3
(16, 4)
--> Day : 4
-> Request 0
140
(4, 2, 1)
1
(70, 31)
-> Request 1
1127
(4, 3, 1)
3
(28, 9)
-> Request 2
1283
(4, 1, 1)
3
(50, 73)
-> Request 3
1331
(4, 1, 1)
2
(11, 65)
---> Week : 15
--> Day : 0
-> Request 0
252
(4, 1, 1)
1
(2, 10)
-> Request 1
434
(4, 1, 1)
1
(79, 72)
-> Request 2
522
(4, 3, 1)
3
(10, 48)
-> Request 3
826
(4, 3, 1)
2
(13, 39)
--> Day : 1
-> Request 0
81
(4, 1, 1)
1
(38, 24)
-> Request 1
810
(4, 3, 1)
1
(73, 30)
-> Request 2
999
(4, 3, 1)
2
(61, 69)
-> Request 3
1021
(4, 3, 1)
2
(56, 18)
-> Request 4
1138
(4, 2, 1)
2
(43, 9)
-> Request 5
1142
(4, 3, 1)
3
(10, 39)
--> Day : 2
-> Request 0
187
(4, 2, 1)
3
(40, 47)
-> Request 1
559
(4, 3, 1)
3
(15, 8)
-> Request 2
947
(4, 3, 1)
2
(73, 23)
--> Day : 3
-> Request 0
1220
(4, 1, 1)
1
(26, 40)
-> Request 1
1322
(4, 2, 1)
3
(66, 21)
-> Request 2
1381
(4, 2, 1)
2
(10, 51)
--> Day : 4
-> Request 0
64
(4, 3, 1)
1
(11, 20)
-> Request 1
137
(4, 1, 1)
3
(72, 26)
-> Request 2
498
(4, 1, 1)
2
(11, 19)
-> Request 3
1291
(4, 3, 1)
3
(79, 0)
---> Week : 16
--> Day : 0
-> Request 0
42
(4, 2, 1)
3
(35, 61)
-> Request 1
142
(4, 3, 1)
2
(33, 16)
-> Request 2
773
(4, 1, 1)
1
(64, 28)
-> Request 3
1046
(4, 1, 1)
1
(21, 56)
-> Request 4
1364
(4, 3, 1)
3
(46, 12)
-> Request 5
1399
(4, 3, 1)
1
(5, 42)
--> Day : 1
-> Request 0
373
(4, 1, 1)
1
(58, 52)
-> Request 1
439
(4, 2, 1)
2
(50, 71)
-> Request 2
803
(4, 3, 1)
1
(75, 40)
--> Day : 2
-> Request 0
232
(4, 1, 1)
2
(59, 26)
-> Request 1
252
(4, 1, 1)
2
(55, 55)
-> Request 2
473
(4, 2, 1)
2
(46, 45)
-> Request 3
1083
(4, 1, 1)
2
(0, 1)
-> Request 4
1223
(4, 2, 1)
3
(41, 77)
-> Request 5
1283
(4, 2, 1)
3
(69, 45)
--> Day : 3
-> Request 0
81
(4, 1, 1)
2
(49, 65)
-> Request 1
414
(4, 2, 1)
3
(19, 42)
-> Request 2
594
(4, 2, 1)
2
(71, 7)
-> Request 3
673
(4, 2, 1)
1
(55, 46)
-> Request 4
696
(4, 2, 1)
3
(27, 9)
-> Request 5
718
(4, 2, 1)
3
(64, 64)
-> Request 6
800
(4, 3, 1)
1
(40, 73)
-> Request 7
846
(4, 2, 1)
2
(5, 43)
-> Request 8
927
(4, 1, 1)
1
(52, 3)
-> Request 9
938
(4, 2, 1)
1
(78, 29)
-> Request 10
1190
(4, 2, 1)
3
(23, 17)
-> Request 11
1342
(4, 1, 1)
2
(17, 73)
-> Request 12
1365
(4, 1, 1)
2
(44, 34)
--> Day : 4
-> Request 0
55
(4, 1, 1)
2
(31, 18)
-> Request 1
102
(4, 2, 1)
2
(63, 55)
-> Request 2
589
(4, 3, 1)
2
(17, 64)
-> Request 3
640
(4, 3, 1)
2
(9, 14)
-> Request 4
866
(4, 2, 1)
2
(44, 16)
-> Request 5
1070
(4, 1, 1)
3
(32, 45)
-> Request 6
1122
(4, 3, 1)
2
(56, 5)
-> Request 7
1302
(4, 2, 1)
3
(37, 66)
-> Request 8
1330
(4, 2, 1)
1
(40, 44)
---> Week : 17
--> Day : 0
-> Request 0
22
(4, 2, 1)
1
(20, 44)
-> Request 1
447
(4, 3, 1)
2
(19, 63)
-> Request 2
577
(4, 1, 1)
1
(9, 70)
-> Request 3
933
(4, 1, 1)
3
(71, 43)
-> Request 4
1392
(4, 3, 1)
3
(54, 6)
--> Day : 1
-> Request 0
887
(4, 1, 1)
2
(68, 15)
-> Request 1
1037
(4, 1, 1)
1
(32, 53)
-> Request 2
1138
(4, 2, 1)
3
(39, 19)
-> Request 3
1284
(4, 1, 1)
3
(8, 22)
-> Request 4
1438
(4, 3, 1)
3
(49, 68)
--> Day : 2
-> Request 0
99
(4, 3, 1)
2
(48, 73)
-> Request 1
277
(4, 1, 1)
2
(4, 40)
-> Request 2
490
(4, 3, 1)
3
(36, 38)
-> Request 3
532
(4, 2, 1)
2
(54, 22)
-> Request 4
691
(4, 2, 1)
2
(68, 24)
--> Day : 3
-> Request 0
731
(4, 2, 1)
2
(34, 33)
-> Request 1
925
(4, 3, 1)
2
(30, 78)
-> Request 2
929
(4, 1, 1)
1
(20, 0)
-> Request 3
1347
(4, 3, 1)
3
(0, 4)
--> Day : 4
-> Request 0
172
(4, 1, 1)
1
(16, 0)
-> Request 1
190
(4, 1, 1)
1
(27, 0)
-> Request 2
522
(4, 1, 1)
3
(56, 17)
-> Request 3
970
(4, 2, 1)
2
(26, 44)
---> Week : 18
--> Day : 0
-> Request 0
239
(4, 3, 1)
2
(64, 48)
-> Request 1
293
(4, 2, 1)
2
(64, 6)
-> Request 2
937
(4, 1, 1)
2
(45, 36)
-> Request 3
950
(4, 3, 1)
3
(34, 48)
-> Request 4
1191
(4, 1, 1)
1
(61, 30)
--> Day : 1
-> Request 0
311
(4, 1, 1)
1
(24, 7)
-> Request 1
514
(4, 2, 1)
2
(61, 40)
-> Request 2
787
(4, 1, 1)
1
(19, 31)
-> Request 3
1356
(4, 3, 1)
2
(74, 70)
--> Day : 2
-> Request 0
530
(4, 1, 1)
2
(41, 74)
-> Request 1
542
(4, 2, 1)
2
(67, 17)
-> Request 2
595
(4, 3, 1)
1
(77, 24)
-> Request 3
799
(4, 3, 1)
1
(26, 18)
-> Request 4
1014
(4, 2, 1)
3
(46, 27)
-> Request 5
1025
(4, 3, 1)
1
(25, 17)
-> Request 6
1223
(4, 3, 1)
3
(0, 69)
-> Request 7
1257
(4, 3, 1)
1
(53, 4)
--> Day : 3
-> Request 0
1214
(4, 2, 1)
1
(11, 13)
-> Request 1
1279
(4, 1, 1)
1
(49, 29)
--> Day : 4
-> Request 0
224
(4, 3, 1)
3
(49, 76)
-> Request 1
502
(4, 2, 1)
1
(43, 53)
-> Request 2
689
(4, 3, 1)
3
(74, 63)
-> Request 3
764
(4, 3, 1)
2
(58, 38)
-> Request 4
976
(4, 3, 1)
2
(69, 23)
-> Request 5
983
(4, 2, 1)
1
(37, 45)
-> Request 6
1397
(4, 1, 1)
2
(77, 46)
---> Week : 19
--> Day : 0
-> Request 0
268
(4, 1, 1)
3
(51, 63)
-> Request 1
324
(4, 2, 1)
3
(15, 2)
-> Request 2
373
(4, 3, 1)
3
(74, 26)
-> Request 3
450
(4, 3, 1)
1
(34, 5)
-> Request 4
554
(4, 2, 1)
3
(4, 21)
-> Request 5
823
(4, 3, 1)
2
(59, 74)
-> Request 6
877
(4, 3, 1)
3
(33, 24)
-> Request 7
1235
(4, 1, 1)
3
(65, 36)
-> Request 8
1352
(4, 3, 1)
2
(49, 60)
--> Day : 1
-> Request 0
355
(4, 1, 1)
3
(52, 61)
-> Request 1
783
(4, 3, 1)
1
(40, 23)
-> Request 2
1212
(4, 3, 1)
3
(2, 26)
--> Day : 2
-> Request 0
271
(4, 1, 1)
1
(28, 46)
-> Request 1
687
(4, 1, 1)
2
(39, 79)
-> Request 2
897
(4, 2, 1)
3
(60, 58)
-> Request 3
1235
(4, 2, 1)
1
(16, 61)
--> Day : 3
-> Request 0
338
(4, 2, 1)
1
(11, 68)
-> Request 1
551
(4, 3, 1)
1
(1, 35)
--> Day : 4
-> Request 0
281
(4, 3, 1)
1
(18, 15)
-> Request 1
352
(4, 2, 1)
2
(29, 72)
-> Request 2
432
(4, 3, 1)
1
(8, 46)
-> Request 3
496
(4, 2, 1)
1
(36, 32)
-> Request 4
524
(4, 3, 1)
3
(22, 34)
-> Request 5
1270
(4, 1, 1)
1
(12, 72)
-> Request 6
1273
(4, 2, 1)
1
(74, 76)
