---> Week : 0
--> Day : 0
-> Request 0
201
(4, 1, 1)
1
(11, 52)
-> Request 1
299
(4, 1, 1)
1
(44, 34)
-> Request 2
336
(4, 2, 1)
2
(58, 5)
-> Request 3
514
(4, 1, 1)
3
(51, 48)
-> Request 4
586
(4, 2, 1)
3
(47, 60)
-> Request 5
618
(4, 2, 1)
1
(17, 7)
--> Day : 1
-> Request 0
112
(4, 3, 1)
2
(45, 64)
-> Request 1
162
(4, 3, 1)
1
(56, 16)
-> Request 2
215
(4, 1, 1)
3
(45, 3)
-> Request 3
242
(4, 1, 1)
1
(4, 70)
-> Request 4
545
(4, 2, 1)
3
(58, 2)
-> Request 5
877
(4, 3, 1)
1
(71, 45)
-> Request 6
1197
(4, 3, 1)
1
(57, 39)
-> Request 7
1390
(4, 1, 1)
1
(64, 47)
-> Request 8
1401
(4, 2, 1)
2
(10, 36)
--> Day : 2
-> Request 0
354
(4, 3, 1)
1
(74, 46)
-> Request 1
391
(4, 1, 1)
1
(42, 4)
-> Request 2
631
(4, 3, 1)
1
(49, 11)
-> Request 3
807
(4, 2, 1)
1
(77, 74)
--> Day : 3
-> Request 0
5
(4, 2, 1)
2
(55, 31)
-> Request 1
197
(4, 3, 1)
3
(25, 68)
-> Request 2
468
(4, 2, 1)
3
(13, 3)
-> Request 3
821
(4, 2, 1)
3
(13, 29)
-> Request 4
959
(4, 1, 1)
3
(79, 25)
-> Request 5
1104
(4, 3, 1)
3
(4, 77)
-> Request 6
1169
(4, 1, 1)
2
(30, 69)
-> Request 7
1256
(4, 1, 1)
2
(75, 36)
--> Day : 4
-> Request 0
745
(4, 2, 1)
3
(58, 53)
-> Request 1
778
(4, 2, 1)
3
(46, 61)
-> Request 2
986
(4, 3, 1)
2
(6, 4)
-> Request 3
1295
(4, 3, 1)
1
(2, 21)
---> Week : 1
--> Day : 0
-> Request 0
504
(4, 1, 1)
1
(42, 23)
-> Request 1
628
(4, 2, 1)
1
(34, 66)
-> Request 2
628
(4, 2, 1)
1
(27, 4)
-> Request 3
1242
(4, 3, 1)
3
(33, 9)
--> Day : 1
-> Request 0
751
(4, 2, 1)
3
(15, 67)
-> Request 1
1175
(4, 2, 1)
1
(43, 67)
-> Request 2
1320
(4, 2, 1)
2
(62, 55)
-> Request 3
1358
(4, 2, 1)
1
(60, 23)
--> Day : 2
-> Request 0
35
(4, 2, 1)
2
(27, 20)
-> Request 1
63
(4, 3, 1)
2
(45, 18)
-> Request 2
392
(4, 2, 1)
1
(52, 6)
-> Request 3
417
(4, 2, 1)
3
(14, 39)
-> Request 4
556
(4, 2, 1)
3
(28, 57)
-> Request 5
581
(4, 3, 1)
3
(49, 56)
-> Request 6
633
(4, 1, 1)
3
(16, 20)
-> Request 7
877
(4, 2, 1)
1
(25, 30)
-> Request 8
908
(4, 3, 1)
1
(32, 2)
-> Request 9
955
(4, 1, 1)
3
(46, 27)
-> Request 10
968
(4, 3, 1)
3
(47, 47)
-> Request 11
1150
(4, 2, 1)
3
(12, 18)
-> Request 12
1402
(4, 3, 1)
3
(69, 79)
--> Day : 3
-> Request 0
345
(4, 3, 1)
1
(23, 70)
-> Request 1
667
(4, 2, 1)
1
(65, 10)
-> Request 2
695
(4, 2, 1)
1
(42, 65)
-> Request 3
885
(4, 2, 1)
2
(60, 45)
-> Request 4
927
(4, 1, 1)
1
(9, 43)
-> Request 5
1162
(4, 3, 1)
3
(38, 39)
--> Day : 4
-> Request 0
272
(4, 1, 1)
3
(46, 25)
-> Request 1
400
(4, 1, 1)
3
(38, 29)
-> Request 2
542
(4, 1, 1)
1
(7, 61)
-> Request 3
692
(4, 1, 1)
3
(60, 41)
-> Request 4
695
(4, 1, 1)
2
(33, 38)
-> Request 5
750
(4, 3, 1)
3
(12, 2)
-> Request 6
788
(4, 3, 1)
1
(41, 53)
-> Request 7
844
(4, 1, 1)
1
(79, 7)
-> Request 8
931
(4, 3, 1)
3
(14, 59)
-> Request 9
1379
(4, 3, 1)
2
(23, 26)
---> Week : 2
--> Day : 0
-> Request 0
382
(4, 1, 1)
3
(78, 43)
-> Request 1
441
(4, 3, 1)
1
(31, 73)
-> Request 2
641
(4, 3, 1)
1
(38, 48)
-> Request 3
803
(4, 2, 1)
3
(44, 24)
-> Request 4
836
(4, 3, 1)
3
(10, 56)
--> Day : 1
-> Request 0
515
(4, 1, 1)
3
(63, 8)
-> Request 1
548
(4, 3, 1)
3
(73, 55)
-> Request 2
701
(4, 3, 1)
1
(32, 1)
-> Request 3
722
(4, 3, 1)
3
(25, 8)
-> Request 4
816
(4, 3, 1)
1
(3, 35)
-> Request 5
998
(4, 2, 1)
2
(51, 18)
-> Request 6
1036
(4, 3, 1)
2
(51, 70)
--> Day : 2
-> Request 0
36
(4, 1, 1)
1
(71, 12)
-> Request 1
308
(4, 3, 1)
1
(4, 57)
-> Request 2
936
(4, 1, 1)
3
(2, 50)
-> Request 3
1126
(4, 1, 1)
2
(3, 73)
-> Request 4
1267
(4, 3, 1)
3
(69, 34)
--> Day : 3
-> Request 0
259
(4, 1, 1)
1
(50, 73)
-> Request 1
1147
(4, 3, 1)
3
(44, 70)
-> Request 2
1289
(4, 2, 1)
2
(56, 14)
--> Day : 4
-> Request 0
50
(4, 3, 1)
1
(58, 32)
-> Request 1
136
(4, 1, 1)
3
(14, 17)
-> Request 2
392
(4, 1, 1)
3
(15, 34)
-> Request 3
622
(4, 1, 1)
2
(77, 64)
-> Request 4
818
(4, 1, 1)
1
(44, 63)
-> Request 5
1099
(4, 1, 1)
3
(16, 59)
-> Request 6
1363
(4, 3, 1)
3
(30, 10)
-> Request 7
1408
(4, 1, 1)
1
(48, 37)
---> Week : 3
--> Day : 0
-> Request 0
25
(4, 1, 1)
1
(6, 19)
-> Request 1
120
(4, 1, 1)
3
(7, 73)
--> Day : 1
-> Request 0
243
(4, 1, 1)
1
(30, 3)
-> Request 1
382
(4, 2, 1)
3
(71, 57)
-> Request 2
1333
(4, 2, 1)
3
(29, 43)
--> Day : 2
-> Request 0
110
(4, 1, 1)
1
(37, 40)
-> Request 1
138
(4, 1, 1)
3
(78, 3)
-> Request 2
1368
(4, 3, 1)
2
(34, 26)
-> Request 3
1369
(4, 3, 1)
2
(36, 16)
--> Day : 3
-> Request 0
20
(4, 1, 1)
1
(20, 75)
-> Request 1
105
(4, 2, 1)
2
(76, 52)
-> Request 2
229
(4, 3, 1)
3
(2, 5)
-> Request 3
1055
(4, 3, 1)
1
(34, 78)
-> Request 4
1103
(4, 3, 1)
3
(55, 79)
-> Request 5
1313
(4, 2, 1)
3
(25, 72)
--> Day : 4
-> Request 0
82
(4, 3, 1)
3
(3, 38)
-> Request 1
137
(4, 2, 1)
1
(71, 3)
-> Request 2
140
(4, 3, 1)
2
(72, 28)
-> Request 3
480
(4, 1, 1)
2
(47, 39)
-> Request 4
780
(4, 1, 1)
3
(38, 72)
-> Request 5
780
(4, 1, 1)
3
(65, 43)
-> Request 6
837
(4, 1, 1)
3
(6, 28)
-> Request 7
840
(4, 2, 1)
3
(31, 68)
-> Request 8
1166
(4, 2, 1)
3
(47, 55)
-> Request 9
1437
(4, 3, 1)
2
(53, 22)
---> Week : 4
--> Day : 0
-> Request 0
158
(4, 1, 1)
1
(56, 60)
-> Request 1
544
(4, 2, 1)
1
(35, 18)
-> Request 2
556
(4, 3, 1)
3
(40, 78)
-> Request 3
1344
(4, 2, 1)
1
(23, 41)
--> Day : 1
-> Request 0
66
(4, 3, 1)
2
(70, 45)
-> Request 1
562
(4, 3, 1)
2
(45, 16)
-> Request 2
584
(4, 2, 1)
2
(29, 46)
-> Request 3
754
(4, 1, 1)
1
(9, 63)
-> Request 4
1018
(4, 1, 1)
1
(17, 45)
-> Request 5
1311
(4, 3, 1)
1
(23, 3)
-> Request 6
1437
(4, 2, 1)
1
(52, 61)
--> Day : 2
-> Request 0
205
(4, 2, 1)
2
(31, 35)
-> Request 1
369
(4, 3, 1)
2
(13, 26)
-> Request 2
481
(4, 3, 1)
1
(35, 17)
-> Request 3
635
(4, 3, 1)
1
(1, 22)
-> Request 4
758
(4, 3, 1)
3
(18, 79)
-> Request 5
912
(4, 2, 1)
1
(48, 66)
-> Request 6
1181
(4, 2, 1)
3
(28, 54)
-> Request 7
1249
(4, 3, 1)
1
(57, 1)
-> Request 8
1256
(4, 2, 1)
2
(24, 44)
--> Day : 3
-> Request 0
17
(4, 1, 1)
2
(11, 20)
-> Request 1
546
(4, 2, 1)
2
(76, 60)
-> Request 2
682
(4, 1, 1)
1
(8, 51)
-> Request 3
1197
(4, 2, 1)
3
(5, 79)
--> Day : 4
-> Request 0
153
(4, 3, 1)
3
(56, 53)
-> Request 1
422
(4, 3, 1)
3
(11, 23)
-> Request 2
457
(4, 3, 1)
2
(18, 41)
-> Request 3
753
(4, 3, 1)
2
(24, 75)
-> Request 4
1251
(4, 2, 1)
3
(17, 53)
---> Week : 5
--> Day : 0
-> Request 0
528
(4, 2, 1)
2
(58, 34)
-> Request 1
597
(4, 3, 1)
1
(43, 63)
-> Request 2
647
(4, 2, 1)
2
(31, 1)
-> Request 3
656
(4, 3, 1)
2
(24, 24)
-> Request 4
693
(4, 2, 1)
3
(69, 41)
-> Request 5
849
(4, 3, 1)
1
(33, 53)
-> Request 6
1166
(4, 2, 1)
3
(23, 45)
--> Day : 1
-> Request 0
152
(4, 3, 1)
3
(52, 72)
-> Request 1
402
(4, 2, 1)
1
(30, 77)
-> Request 2
422
(4, 2, 1)
3
(74, 28)
-> Request 3
686
(4, 3, 1)
1
(17, 26)
-> Request 4
1037
(4, 2, 1)
3
(40, 31)
-> Request 5
1084
(4, 3, 1)
2
(15, 50)
-> Request 6
1253
(4, 2, 1)
1
(26, 77)
--> Day : 2
-> Request 0
289
(4, 3, 1)
3
(24, 75)
-> Request 1
867
(4, 2, 1)
3
(47, 31)
-> Request 2
1221
(4, 3, 1)
2
(20, 27)
--> Day : 3
-> Request 0
79
(4, 2, 1)
2
(67, 33)
-> Request 1
102
(4, 1, 1)
1
(36, 51)
-> Request 2
256
(4, 1, 1)
1
(61, 33)
-> Request 3
378
(4, 2, 1)
2
(42, 72)
-> Request 4
569
(4, 1, 1)
2
(8, 33)
-> Request 5
795
(4, 1, 1)
2
(10, 19)
-> Request 6
1237
(4, 1, 1)
2
(56, 8)
--> Day : 4
-> Request 0
28
(4, 1, 1)
2
(25, 54)
-> Request 1
49
(4, 2, 1)
2
(37, 4)
-> Request 2
193
(4, 3, 1)
1
(51, 47)
-> Request 3
560
(4, 3, 1)
2
(45, 27)
-> Request 4
758
(4, 1, 1)
2
(48, 36)
-> Request 5
802
(4, 3, 1)
2
(2, 61)
-> Request 6
1076
(4, 3, 1)
3
(70, 76)
-> Request 7
1244
(4, 3, 1)
3
(59, 25)
---> Week : 6
--> Day : 0
-> Request 0
273
(4, 3, 1)
2
(74, 16)
-> Request 1
333
(4, 3, 1)
3
(53, 78)
-> Request 2
496
(4, 1, 1)
1
(53, 19)
-> Request 3
930
(4, 1, 1)
3
(21, 19)
-> Request 4
1016
(4, 3, 1)
2
(9, 39)
--> Day : 1
-> Request 0
383
(4, 2, 1)
3
(75, 24)
-> Request 1
586
(4, 1, 1)
3
(41, 54)
-> Request 2
703
(4, 3, 1)
1
(55, 50)
-> Request 3
752
(4, 1, 1)
1
(50, 76)
-> Request 4
1137
(4, 1, 1)
3
(25, 70)
-> Request 5
1314
(4, 2, 1)
1
(1, 3)
--> Day : 2
-> Request 0
175
(4, 1, 1)
3
(26, 4)
--> Day : 3
-> Request 0
186
(4, 2, 1)
3
(7, 25)
-> Request 1
492
(4, 2, 1)
3
(58, 67)
-> Request 2
658
(4, 2, 1)
3
(56, 74)
-> Request 3
770
(4, 2, 1)
2
(71, 8)
-> Request 4
1020
(4, 3, 1)
1
(32, 19)
-> Request 5
1030
(4, 3, 1)
3
(4, 47)
-> Request 6
1089
(4, 2, 1)
2
(15, 1)
-> Request 7
1118
(4, 2, 1)
2
(51, 3)
-> Request 8
1394
(4, 2, 1)
1
(15, 5)
--> Day : 4
-> Request 0
16
(4, 3, 1)
1
(17, 14)
-> Request 1
334
(4, 3, 1)
1
(49, 58)
-> Request 2
402
(4, 1, 1)
3
(3, 67)
-> Request 3
584
(4, 2, 1)
1
(69, 62)
-> Request 4
798
(4, 3, 1)
3
(44, 13)
-> Request 5
817
(4, 1, 1)
3
(14, 28)
-> Request 6
855
(4, 2, 1)
1
(64, 25)
-> Request 7
959
(4, 3, 1)
2
(66, 44)
-> Request 8
988
(4, 1, 1)
3
(6, 76)
-> Request 9
1281
(4, 1, 1)
2
(48, 71)
-> Request 10
1343
(4, 2, 1)
1
(31, 73)
---> Week : 7
--> Day : 0
-> Request 0
632
(4, 1, 1)
1
(1, 41)
-> Request 1
760
(4, 1, 1)
2
(21, 10)
-> Request 2
1377
(4, 2, 1)
3
(12, 6)
--> Day : 1
-> Request 0
166
(4, 1, 1)
3
(35, 57)
-> Request 1
294
(4, 2, 1)
2
(38, 22)
-> Request 2
397
(4, 1, 1)
1
(53, 5)
-> Request 3
791
(4, 2, 1)
1
(72, 56)
-> Request 4
1099
(4, 3, 1)
1
(12, 27)
--> Day : 2
-> Request 0
452
(4, 2, 1)
3
(7, 24)
-> Request 1
1356
(4, 3, 1)
1
(10, 72)
-> Request 2
1374
(4, 3, 1)
2
(68, 33)
-> Request 3
1379
(4, 2, 1)
1
(67, 5)
--> Day : 3
-> Request 0
67
(4, 2, 1)
2
(22, 23)
-> Request 1
246
(4, 3, 1)
3
(34, 25)
-> Request 2
323
(4, 1, 1)
2
(41, 20)
-> Request 3
429
(4, 2, 1)
2
(47, 12)
-> Request 4
671
(4, 2, 1)
2
(45, 27)
-> Request 5
752
(4, 1, 1)
3
(57, 11)
-> Request 6
945
(4, 1, 1)
2
(77, 17)
-> Request 7
1165
(4, 2, 1)
3
(20, 44)
-> Request 8
1215
(4, 3, 1)
1
(76, 65)
-> Request 9
1253
(4, 3, 1)
2
(17, 51)
-> Request 10
1275
(4, 2, 1)
1
(4, 6)
-> Request 11
1377
(4, 1, 1)
1
(17, 59)
--> Day : 4
-> Request 0
1
(4, 2, 1)
1
(11, 47)
-> Request 1
507
(4, 2, 1)
3
(53, 12)
-> Request 2
793
(4, 2, 1)
1
(47, 36)
-> Request 3
1417
(4, 1, 1)
2
(68, 23)
---> Week : 8
--> Day : 0
-> Request 0
179
(4, 2, 1)
2
(33, 37)
-> Request 1
431
(4, 1, 1)
1
(44, 49)
-> Request 2
597
(4, 2, 1)
2
(40, 41)
-> Request 3
708
(4, 1, 1)
2
(69, 25)
-> Request 4
819
(4, 1, 1)
3
(67, 26)
-> Request 5
868
(4, 2, 1)
2
(12, 65)
-> Request 6
1081
(4, 2, 1)
3
(67, 2)
--> Day : 1
-> Request 0
2
(4, 3, 1)
3
(45, 71)
-> Request 1
313
(4, 2, 1)
1
(79, 10)
-> Request 2
505
(4, 2, 1)
2
(2, 41)
-> Request 3
505
(4, 1, 1)
3
(49, 5)
-> Request 4
703
(4, 3, 1)
3
(49, 46)
-> Request 5
801
(4, 2, 1)
3
(78, 74)
-> Request 6
1390
(4, 2, 1)
3
(28, 16)
--> Day : 2
-> Request 0
26
(4, 3, 1)
1
(51, 13)
-> Request 1
53
(4, 1, 1)
1
(16, 10)
-> Request 2
362
(4, 3, 1)
2
(26, 68)
-> Request 3
607
(4, 3, 1)
2
(44, 76)
-> Request 4
616
(4, 1, 1)
3
(4, 78)
-> Request 5
801
(4, 1, 1)
1
(56, 14)
-> Request 6
1064
(4, 2, 1)
3
(51, 63)
--> Day : 3
-> Request 0
21
(4, 1, 1)
1
(70, 52)
-> Request 1
746
(4, 3, 1)
3
(18, 18)
-> Request 2
799
(4, 3, 1)
2
(63, 73)
-> Request 3
965
(4, 3, 1)
1
(77, 47)
-> Request 4
1093
(4, 1, 1)
2
(5, 38)
--> Day : 4
-> Request 0
280
(4, 2, 1)
2
(2, 15)
-> Request 1
480
(4, 1, 1)
1
(41, 71)
-> Request 2
710
(4, 3, 1)
3
(55, 57)
-> Request 3
922
(4, 1, 1)
1
(72, 27)
-> Request 4
1100
(4, 1, 1)
3
(44, 34)
-> Request 5
1108
(4, 1, 1)
3
(21, 55)
-> Request 6
1246
(4, 3, 1)
2
(57, 48)
-> Request 7
1361
(4, 3, 1)
2
(53, 23)
---> Week : 9
--> Day : 0
-> Request 0
148
(4, 3, 1)
3
(7, 57)
-> Request 1
288
(4, 1, 1)
3
(11, 23)
-> Request 2
504
(4, 3, 1)
2
(75, 25)
-> Request 3
941
(4, 1, 1)
2
(18, 74)
-> Request 4
1066
(4, 1, 1)
2
(27, 48)
-> Request 5
1190
(4, 2, 1)
2
(55, 9)
-> Request 6
1423
(4, 3, 1)
2
(36, 53)
--> Day : 1
-> Request 0
71
(4, 3, 1)
2
(53, 17)
-> Request 1
106
(4, 3, 1)
3
(70, 45)
-> Request 2
390
(4, 3, 1)
1
(18, 46)
-> Request 3
808
(4, 1, 1)
1
(37, 4)
-> Request 4
1266
(4, 2, 1)
3
(35, 4)
--> Day : 2
-> Request 0
54
(4, 3, 1)
2
(76, 13)
-> Request 1
343
(4, 3, 1)
2
(5, 62)
-> Request 2
349
(4, 1, 1)
2
(19, 43)
-> Request 3
1116
(4, 2, 1)
3
(24, 29)
-> Request 4
1237
(4, 2, 1)
2
(68, 64)
-> Request 5
1243
(4, 1, 1)
3
(62, 46)
-> Request 6
1349
(4, 3, 1)
3
(47, 20)
-> Request 7
1425
(4, 3, 1)
2
(40, 28)
--> Day : 3
-> Request 0
156
(4, 2, 1)
2
(76, 48)
-> Request 1
189
(4, 1, 1)
3
(21, 9)
-> Request 2
329
(4, 3, 1)
3
(1, 79)
-> Request 3
630
(4, 2, 1)
3
(36, 40)
-> Request 4
976
(4, 1, 1)
1
(76, 40)
-> Request 5
1422
(4, 1, 1)
2
(49, 14)
--> Day : 4
-> Request 0
473
(4, 1, 1)
3
(70, 55)
-> Request 1
620
(4, 1, 1)
2
(14, 73)
-> Request 2
1123
(4, 3, 1)
3
(18, 70)
-> Request 3
1414
(4, 2, 1)
2
(32, 78)
---> Week : 10
--> Day : 0
-> Request 0
673
(4, 3, 1)
2
(73, 69)
-> Request 1
960
(4, 2, 1)
1
(48, 18)
-> Request 2
1375
(4, 2, 1)
2
(65, 62)
--> Day : 1
-> Request 0
386
(4, 2, 1)
2
(58, 27)
-> Request 1
534
(4, 3, 1)
1
(15, 39)
-> Request 2
612
(4, 3, 1)
1
(62, 68)
-> Request 3
924
(4, 2, 1)
3
(69, 20)
-> Request 4
940
(4, 1, 1)
2
(44, 50)
-> Request 5
1310
(4, 3, 1)
2
(41, 51)
--> Day : 2
-> Request 0
484
(4, 1, 1)
2
(11, 63)
-> Request 1
580
(4, 3, 1)
2
(42, 36)
-> Request 2
710
(4, 1, 1)
1
(1, 17)
-> Request 3
827
(4, 2, 1)
1
(0, 23)
-> Request 4
888
(4, 3, 1)
3
(32, 65)
-> Request 5
946
(4, 1, 1)
1
(67, 50)
-> Request 6
972
(4, 3, 1)
3
(50, 34)
-> Request 7
1132
(4, 2, 1)
3
(77, 29)
--> Day : 3
-> Request 0
680
(4, 2, 1)
3
(24, 78)
-> Request 1
767
(4, 1, 1)
1
(79, 1)
-> Request 2
1070
(4, 3, 1)
2
(38, 48)
-> Request 3
1151
(4, 1, 1)
1
(73, 78)
--> Day : 4
-> Request 0
121
(4, 1, 1)
3
(21, 2)
-> Request 1
170
(4, 1, 1)
1
(54, 47)
-> Request 2
1399
(4, 2, 1)
1
(39, 76)
---> Week : 11
--> Day : 0
-> Request 0
13
(4, 3, 1)
1
(11, 4)
-> Request 1
493
(4, 3, 1)
2
(75, 59)
-> Request 2
662
(4, 2, 1)
2
(78, 50)
-> Request 3
687
(4, 3, 1)
3
(16, 45)
-> Request 4
942
(4, 3, 1)
3
(55, 6)
-> Request 5
1100
(4, 2, 1)
2
(32, 34)
-> Request 6
1372
(4, 1, 1)
1
(49, 20)
--> Day : 1
-> Request 0
168
(4, 1, 1)
1
(69, 76)
-> Request 1
678
(4, 3, 1)
3
(71, 39)
-> Request 2
826
(4, 1, 1)
3
(26, 13)
-> Request 3
875
(4, 2, 1)
1
(34, 48)
-> Request 4
907
(4, 3, 1)
2
(12, 4)
-> Request 5
1223
(4, 1, 1)
1
(31, 36)
-> Request 6
1383
(4, 1, 1)
1
(44, 72)
--> Day : 2
-> Request 0
373
(4, 3, 1)
3
(22, 10)
-> Request 1
602
(4, 1, 1)
2
(58, 26)
-> Request 2
673
(4, 3, 1)
1
(43, 73)
-> Request 3
727
(4, 3, 1)
2
(66, 33)
--> Day : 3
-> Request 0
150
(4, 2, 1)
1
(26, 43)
-> Request 1
291
(4, 1, 1)
1
(7, 4)
-> Request 2
404
(4, 3, 1)
3
(0, 41)
-> Request 3
476
(4, 2, 1)
2
(14, 53)
-> Request 4
535
(4, 2, 1)
2
(14, 47)
-> Request 5
777
(4, 3, 1)
3
(74, 11)
-> Request 6
947
(4, 1, 1)
1
(45, 22)
--> Day : 4
-> Request 0
164
(4, 1, 1)
1
(75, 59)
-> Request 1
313
(4, 2, 1)
2
(43, 60)
-> Request 2
331
(4, 2, 1)
2
(42, 41)
-> Request 3
913
(4, 2, 1)
3
(15, 60)
-> Request 4
1353
(4, 3, 1)
3
(26, 36)
---> Week : 12
--> Day : 0
-> Request 0
182
(4, 1, 1)
2
(67, 26)
-> Request 1
209
(4, 2, 1)
1
(32, 13)
-> Request 2
491
(4, 1, 1)
1
(77, 4)
-> Request 3
571
(4, 2, 1)
2
(8, 78)
-> Request 4
889
(4, 3, 1)
3
(30, 23)
-> Request 5
1140
(4, 1, 1)
3
(48, 58)
-> Request 6
1303
(4, 1, 1)
3
(76, 43)
--> Day : 1
-> Request 0
350
(4, 2, 1)
1
(62, 10)
-> Request 1
405
(4, 2, 1)
1
(47, 77)
-> Request 2
581
(4, 3, 1)
3
(29, 79)
-> Request 3
633
(4, 2, 1)
3
(44, 65)
-> Request 4
856
(4, 1, 1)
2
(35, 8)
-> Request 5
885
(4, 2, 1)
3
(48, 63)
-> Request 6
1154
(4, 3, 1)
2
(4, 42)
-> Request 7
1243
(4, 1, 1)
2
(69, 15)
-> Request 8
1303
(4, 2, 1)
2
(38, 47)
--> Day : 2
-> Request 0
25
(4, 3, 1)
1
(25, 45)
-> Request 1
187
(4, 2, 1)
1
(32, 62)
-> Request 2
283
(4, 1, 1)
1
(63, 64)
-> Request 3
549
(4, 1, 1)
3
(27, 12)
-> Request 4
600
(4, 1, 1)
1
(71, 47)
-> Request 5
908
(4, 3, 1)
1
(67, 55)
-> Request 6
1010
(4, 1, 1)
3
(20, 41)
-> Request 7
1025
(4, 2, 1)
1
(46, 30)
-> Request 8
1435
(4, 3, 1)
2
(37, 76)
--> Day : 3
-> Request 0
502
(4, 2, 1)
1
(49, 22)
-> Request 1
557
(4, 1, 1)
2
(64, 25)
-> Request 2
1303
(4, 3, 1)
1
(39, 62)
-> Request 3
1368
(4, 3, 1)
2
(2, 19)
-> Request 4
1415
(4, 2, 1)
2
(45, 52)
--> Day : 4
-> Request 0
240
(4, 2, 1)
3
(44, 14)
-> Request 1
249
(4, 3, 1)
1
(74, 0)
-> Request 2
273
(4, 3, 1)
2
(20, 69)
-> Request 3
427
(4, 3, 1)
3
(32, 51)
-> Request 4
821
(4, 1, 1)
1
(6, 40)
-> Request 5
1225
(4, 3, 1)
2
(41, 31)
---> Week : 13
--> Day : 0
-> Request 0
295
(4, 2, 1)
3
(32, 4)
-> Request 1
814
(4, 2, 1)
3
(56, 56)
-> Request 2
970
(4, 2, 1)
2
(72, 23)
-> Request 3
1256
(4, 1, 1)
2
(39, 60)
-> Request 4
1300
(4, 2, 1)
1
(22, 61)
--> Day : 1
-> Request 0
110
(4, 1, 1)
2
(16, 8)
-> Request 1
259
(4, 2, 1)
1
(63, 37)
-> Request 2
922
(4, 3, 1)
1
(47, 11)
-> Request 3
1237
(4, 3, 1)
1
(49, 28)
-> Request 4
1400
(4, 3, 1)
2
(0, 66)
--> Day : 2
-> Request 0
27
(4, 3, 1)
1
(64, 19)
-> Request 1
307
(4, 3, 1)
1
(15, 11)
-> Request 2
707
(4, 1, 1)
1
(14, 56)
-> Request 3
958
(4, 1, 1)
3
(38, 39)
-> Request 4
986
(4, 2, 1)
2
(71, 46)
-> Request 5
1292
(4, 1, 1)
3
(14, 56)
-> Request 6
1334
(4, 3, 1)
2
(11, 23)
-> Request 7
1352
(4, 2, 1)
1
(30, 63)
--> Day : 3
-> Request 0
290
(4, 2, 1)
1
(34, 61)
-> Request 1
434
(4, 1, 1)
1
(14, 54)
-> Request 2
970
(4, 3, 1)
3
(71, 61)
-> Request 3
1289
(4, 1, 1)
1
(2, 62)
-> Request 4
1326
(4, 1, 1)
2
(14, 24)
--> Day : 4
-> Request 0
60
(4, 3, 1)
2
(58, 37)
-> Request 1
119
(4, 2, 1)
1
(74, 63)
-> Request 2
507
(4, 2, 1)
3
(18, 31)
-> Request 3
807
(4, 3, 1)
2
(21, 51)
-> Request 4
849
(4, 1, 1)
3
(49, 50)
-> Request 5
896
(4, 2, 1)
2
(47, 24)
-> Request 6
930
(4, 2, 1)
3
(46, 15)
---> Week : 14
--> Day : 0
-> Request 0
11
(4, 2, 1)
2
(42, 38)
-> Request 1
247
(4, 1, 1)
1
(20, 19)
-> Request 2
406
(4, 2, 1)
2
(49, 8)
-> Request 3
466
(4, 2, 1)
3
(51, 11)
-> Request 4
828
(4, 2, 1)
1
(44, 51)
-> Request 5
910
(4, 1, 1)
3
(59, 60)
--> Day : 1
-> Request 0
420
(4, 1, 1)
1
(68, 60)
-> Request 1
449
(4, 1, 1)
3
(63, 63)
-> Request 2
513
(4, 1, 1)
3
(22, 14)
-> Request 3
546
(4, 3, 1)
3
(55, 77)
-> Request 4
660
(4, 2, 1)
3
(74, 74)
-> Request 5
1136
(4, 1, 1)
2
(58, 75)
-> Request 6
1206
(4, 3, 1)
2
(62, 51)
--> Day : 2
-> Request 0
194
(4, 2, 1)
3
(69, 54)
-> Request 1
544
(4, 1, 1)
3
(13, 33)
-> Request 2
883
(4, 1, 1)
3
(20, 11)
-> Request 3
1269
(4, 1, 1)
1
(19, 22)
--> Day : 3
-> Request 0
57
(4, 1, 1)
3
(74, 76)
-> Request 1
276
(4, 1, 1)
3
(11, 50)
-> Request 2
1044
(4, 2, 1)
3
(6, 34)
-> Request 3
1191
(4, 2, 1)
3
(5, 67)
-> Request 4
1207
(4, 1, 1)
1
(60, 38)
--> Day : 4
-> Request 0
518
(4, 1, 1)
2
(71, 44)
-> Request 1
564
(4, 2, 1)
3
(0, 24)
-> Request 2
605
(4, 2, 1)
3
(4, 25)
-> Request 3
744
(4, 3, 1)
2
(28, 34)
-> Request 4
1090
(4, 3, 1)
3
(50, 66)
-> Request 5
1114
(4, 1, 1)
2
(68, 38)
---> Week : 15
--> Day : 0
-> Request 0
316
(4, 2, 1)
1
(20, 46)
-> Request 1
333
(4, 1, 1)
1
(23, 75)
-> Request 2
678
(4, 3, 1)
2
(27, 11)
-> Request 3
755
(4, 2, 1)
2
(34, 35)
-> Request 4
1122
(4, 3, 1)
3
(50, 16)
-> Request 5
1381
(4, 3, 1)
1
(60, 72)
--> Day : 1
-> Request 0
157
(4, 3, 1)
1
(59, 18)
-> Request 1
464
(4, 1, 1)
1
(37, 47)
-> Request 2
638
(4, 1, 1)
3
(52, 48)
-> Request 3
1146
(4, 2, 1)
1
(57, 22)
-> Request 4
1284
(4, 2, 1)
2
(1, 49)
-> Request 5
1314
(4, 3, 1)
2
(52, 9)
-> Request 6
1429
(4, 3, 1)
2
(19, 16)
--> Day : 2
-> Request 0
185
(4, 3, 1)
3
(39, 21)
-> Request 1
567
(4, 1, 1)
2
(22, 79)
-> Request 2
1395
(4, 1, 1)
1
(8, 57)
--> Day : 3
-> Request 0
237
(4, 3, 1)
1
(36, 9)
-> Request 1
658
(4, 2, 1)
3
(52, 74)
-> Request 2
732
(4, 2, 1)
2
(45, 57)
-> Request 3
825
(4, 3, 1)
3
(48, 15)
-> Request 4
857
(4, 3, 1)
1
(49, 48)
-> Request 5
908
(4, 1, 1)
3
(68, 41)
-> Request 6
1058
(4, 1, 1)
3
(36, 54)
-> Request 7
1123
(4, 1, 1)
2
(62, 0)
-> Request 8
1351
(4, 3, 1)
2
(42, 14)
-> Request 9
1406
(4, 3, 1)
2
(43, 38)
--> Day : 4
-> Request 0
100
(4, 3, 1)
3
(10, 7)
-> Request 1
366
(4, 1, 1)
1
(10, 25)
-> Request 2
501
(4, 1, 1)
2
(30, 48)
-> Request 3
646
(4, 3, 1)
3
(51, 26)
-> Request 4
659
(4, 2, 1)
3
(58, 14)
-> Request 5
730
(4, 2, 1)
3
(30, 34)
-> Request 6
849
(4, 3, 1)
1
(16, 27)
-> Request 7
1278
(4, 2, 1)
3
(77, 62)
---> Week : 16
--> Day : 0
-> Request 0
8
(4, 2, 1)
2
(47, 54)
-> Request 1
203
(4, 2, 1)
2
(62, 56)
-> Request 2
270
(4, 2, 1)
1
(22, 46)
-> Request 3
391
(4, 2, 1)
2
(28, 16)
-> Request 4
427
(4, 1, 1)
1
(70, 22)
-> Request 5
545
(4, 1, 1)
3
(0, 62)
-> Request 6
729
(4, 2, 1)
1
(72, 1)
-> Request 7
855
(4, 2, 1)
3
(0, 41)
-> Request 8
954
(4, 2, 1)
3
(54, 41)
-> Request 9
1283
(4, 2, 1)
1
(5, 62)
-> Request 10
1295
(4, 2, 1)
3
(39, 15)
-> Request 11
1380
(4, 2, 1)
1
(74, 38)
-> Request 12
1399
(4, 3, 1)
1
(17, 33)
--> Day : 1
-> Request 0
115
(4, 1, 1)
2
(13, 41)
-> Request 1
260
(4, 2, 1)
2
(64, 29)
-> Request 2
327
(4, 3, 1)
1
(65, 59)
-> Request 3
327
(4, 2, 1)
3
(56, 70)
-> Request 4
385
(4, 3, 1)
1
(34, 72)
-> Request 5
635
(4, 2, 1)
1
(65, 58)
-> Request 6
689
(4, 1, 1)
2
(77, 38)
-> Request 7
791
(4, 1, 1)
2
(2, 79)
-> Request 8
797
(4, 3, 1)
1
(53, 7)
-> Request 9
1286
(4, 2, 1)
3
(2, 8)
--> Day : 2
-> Request 0
69
(4, 3, 1)
2
(48, 37)
-> Request 1
797
(4, 3, 1)
1
(76, 14)
--> Day : 3
-> Request 0
356
(4, 3, 1)
2
(13, 37)
-> Request 1
426
(4, 1, 1)
3
(59, 76)
-> Request 2
441
(4, 1, 1)
3
(72, 17)
-> Request 3
896
(4, 2, 1)
2
(43, 44)
-> Request 4
1250
(4, 1, 1)
3
(10, 12)
--> Day : 4
-> Request 0
229
(4, 1, 1)
3
(66, 66)
-> Request 1
314
(4, 1, 1)
1
(32, 46)
-> Request 2
567
(4, 2, 1)
2
(19, 40)
-> Request 3
630
(4, 1, 1)
1
(31, 23)
---> Week : 17
--> Day : 0
-> Request 0
82
(4, 3, 1)
1
(56, 22)
-> Request 1
253
(4, 1, 1)
2
(18, 54)
-> Request 2
454
(4, 1, 1)
2
(41, 63)
-> Request 3
459
(4, 1, 1)
3
(12, 64)
-> Request 4
713
(4, 3, 1)
2
(30, 30)
-> Request 5
903
(4, 2, 1)
1
(19, 55)
-> Request 6
1094
(4, 2, 1)
1
(44, 72)
--> Day : 1
-> Request 0
148
(4, 1, 1)
1
(45, 26)
-> Request 1
458
(4, 1, 1)
2
(7, 65)
-> Request 2
466
(4, 2, 1)
2
(54, 56)
-> Request 3
677
(4, 1, 1)
3
(52, 56)
-> Request 4
1223
(4, 3, 1)
3
(78, 20)
-> Request 5
1250
(4, 2, 1)
2
(13, 49)
-> Request 6
1277
(4, 1, 1)
1
(72, 14)
--> Day : 2
-> Request 0
59
(4, 1, 1)
3
(38, 55)
-> Request 1
109
(4, 2, 1)
1
(45, 49)
-> Request 2
257
(4, 3, 1)
1
(8, 14)
-> Request 3
506
(4, 1, 1)
3
(26, 1)
-> Request 4
515
(4, 3, 1)
2
(74, 70)
-> Request 5
641
(4, 1, 1)
1
(63, 62)
-> Request 6
873
(4, 2, 1)
1
(0, 57)
-> Request 7
926
(4, 3, 1)
3
(33, 32)
-> Request 8
973
(4, 3, 1)
2
(28, 6)
--> Day : 3
-> Request 0
121
(4, 1, 1)
3
(31, 21)
-> Request 1
237
(4, 3, 1)
3
(36, 42)
-> Request 2
977
(4, 3, 1)
1
(27, 15)
--> Day : 4
-> Request 0
45
(4, 3, 1)
1
(32, 46)
-> Request 1
48
(4, 2, 1)
2
(34, 12)
-> Request 2
59
(4, 3, 1)
3
(3, 31)
-> Request 3
231
(4, 1, 1)
2
(70, 61)
-> Request 4
606
(4, 1, 1)
2
(78, 27)
-> Request 5
790
(4, 2, 1)
3
(35, 45)
-> Request 6
1019
(4, 1, 1)
2
(61, 17)
-> Request 7
1163
(4, 3, 1)
2
(0, 19)
-> Request 8
1268
(4, 2, 1)
1
(60, 55)
-> Request 9
1399
(4, 2, 1)
2
(19, 3)
---> Week : 18
--> Day : 0
-> Request 0
359
(4, 2, 1)
3
(15, 47)
-> Request 1
486
(4, 2, 1)
2
(70, 68)
-> Request 2
858
(4, 1, 1)
3
(72, 44)
-> Request 3
1035
(4, 2, 1)
3
(47, 77)
-> Request 4
1083
(4, 3, 1)
1
(67, 8)
-> Request 5
1388
(4, 3, 1)
2
(75, 35)
--> Day : 1
-> Request 0
401
(4, 1, 1)
1
(31, 28)
-> Request 1
708
(4, 3, 1)
2
(14, 24)
-> Request 2
826
(4, 3, 1)
2
(79, 73)
--> Day : 2
-> Request 0
13
(4, 1, 1)
1
(47, 23)
-> Request 1
128
(4, 1, 1)
3
(59, 59)
-> Request 2
365
(4, 1, 1)
1
(38, 13)
-> Request 3
702
(4, 1, 1)
1
(72, 73)
-> Request 4
1123
(4, 2, 1)
3
(56, 34)
-> Request 5
1429
(4, 3, 1)
3
(22, 52)
--> Day : 3
-> Request 0
120
(4, 1, 1)
1
(23, 41)
-> Request 1
278
(4, 2, 1)
3
(39, 74)
-> Request 2
445
(4, 3, 1)
1
(72, 63)
-> Request 3
447
(4, 1, 1)
3
(47, 43)
-> Request 4
614
(4, 3, 1)
1
(19, 26)
-> Request 5
976
(4, 3, 1)
2
(76, 74)
-> Request 6
1078
(4, 3, 1)
3
(64, 78)
-> Request 7
1179
(4, 3, 1)
1
(40, 68)
-> Request 8
1428
(4, 1, 1)
2
(67, 68)
--> Day : 4
-> Request 0
25
(4, 2, 1)
1
(76, 71)
-> Request 1
124
(4, 1, 1)
2
(3, 75)
-> Request 2
141
(4, 1, 1)
2
(41, 2)
-> Request 3
332
(4, 1, 1)
2
(41, 59)
-> Request 4
376
(4, 3, 1)
3
(24, 14)
-> Request 5
710
(4, 3, 1)
3
(49, 59)
-> Request 6
1297
(4, 2, 1)
1
(57, 2)
---> Week : 19
--> Day : 0
-> Request 0
245
(4, 1, 1)
1
(77, 49)
-> Request 1
265
(4, 3, 1)
2
(12, 10)
-> Request 2
301
(4, 1, 1)
2
(26, 17)
-> Request 3
327
(4, 2, 1)
3
(21, 64)
-> Request 4
402
(4, 1, 1)
2
(33, 55)
-> Request 5
801
(4, 2, 1)
2
(30, 52)
-> Request 6
989
(4, 2, 1)
3
(6, 28)
-> Request 7
1075
(4, 3, 1)
1
(12, 74)
-> Request 8
1242
(4, 2, 1)
2
(77, 50)
--> Day : 1
-> Request 0
865
(4, 1, 1)
2
(26, 78)
--> Day : 2
-> Request 0
192
(4, 3, 1)
2
(69, 9)
-> Request 1
265
(4, 3, 1)
1
(60, 9)
-> Request 2
289
(4, 1, 1)
2
(26, 70)
-> Request 3
431
(4, 2, 1)
3
(10, 50)
-> Request 4
913
(4, 1, 1)
2
(64, 11)
-> Request 5
1419
(4, 2, 1)
2
(32, 58)
--> Day : 3
-> Request 0
7
(4, 1, 1)
2
(32, 37)
-> Request 1
471
(4, 2, 1)
3
(72, 8)
-> Request 2
584
(4, 2, 1)
1
(60, 67)
-> Request 3
621
(4, 2, 1)
1
(67, 17)
-> Request 4
885
(4, 1, 1)
3
(37, 18)
--> Day : 4
-> Request 0
78
(4, 3, 1)
3
(11, 35)
-> Request 1
562
(4, 2, 1)
1
(18, 67)
-> Request 2
798
(4, 3, 1)
2
(51, 76)
-> Request 3
1312
(4, 3, 1)
2
(48, 66)
