---> Week : 0
--> Day : 0
-> Request 0
339
(4, 2, 1)
3
(14, 36)
-> Request 1
606
(4, 3, 1)
3
(14, 68)
-> Request 2
672
(4, 3, 1)
3
(62, 68)
-> Request 3
787
(4, 3, 1)
3
(42, 12)
--> Day : 1
-> Request 0
396
(4, 2, 1)
1
(49, 61)
-> Request 1
415
(4, 2, 1)
2
(32, 70)
-> Request 2
602
(4, 2, 1)
1
(0, 22)
-> Request 3
857
(4, 3, 1)
3
(70, 15)
-> Request 4
996
(4, 2, 1)
1
(68, 56)
-> Request 5
1071
(4, 3, 1)
3
(29, 55)
-> Request 6
1257
(4, 3, 1)
1
(20, 3)
-> Request 7
1328
(4, 3, 1)
3
(29, 39)
--> Day : 2
-> Request 0
302
(4, 2, 1)
2
(40, 3)
-> Request 1
504
(4, 1, 1)
1
(56, 64)
-> Request 2
587
(4, 3, 1)
1
(70, 55)
-> Request 3
1166
(4, 3, 1)
1
(66, 71)
-> Request 4
1305
(4, 3, 1)
3
(12, 63)
-> Request 5
1333
(4, 2, 1)
1
(20, 56)
--> Day : 3
-> Request 0
43
(4, 3, 1)
2
(9, 9)
-> Request 1
394
(4, 2, 1)
1
(0, 17)
-> Request 2
686
(4, 1, 1)
2
(54, 15)
-> Request 3
936
(4, 3, 1)
3
(45, 26)
-> Request 4
1065
(4, 3, 1)
2
(72, 18)
-> Request 5
1257
(4, 3, 1)
1
(0, 44)
--> Day : 4
-> Request 0
41
(4, 1, 1)
3
(37, 68)
-> Request 1
513
(4, 3, 1)
1
(12, 53)
-> Request 2
818
(4, 2, 1)
2
(78, 32)
-> Request 3
1272
(4, 3, 1)
1
(75, 42)
-> Request 4
1314
(4, 3, 1)
1
(12, 59)
---> Week : 1
--> Day : 0
-> Request 0
20
(4, 2, 1)
2
(61, 19)
-> Request 1
87
(4, 2, 1)
1
(17, 69)
-> Request 2
102
(4, 1, 1)
3
(38, 4)
-> Request 3
114
(4, 1, 1)
3
(72, 3)
-> Request 4
128
(4, 1, 1)
1
(14, 8)
-> Request 5
128
(4, 3, 1)
3
(28, 16)
-> Request 6
251
(4, 2, 1)
3
(44, 26)
-> Request 7
292
(4, 2, 1)
2
(25, 26)
-> Request 8
326
(4, 3, 1)
2
(10, 42)
-> Request 9
527
(4, 1, 1)
3
(24, 13)
-> Request 10
527
(4, 1, 1)
1
(73, 42)
-> Request 11
712
(4, 3, 1)
2
(17, 67)
-> Request 12
963
(4, 3, 1)
2
(72, 69)
-> Request 13
991
(4, 2, 1)
3
(18, 64)
-> Request 14
1236
(4, 1, 1)
2
(18, 34)
-> Request 15
1374
(4, 2, 1)
1
(57, 57)
--> Day : 1
-> Request 0
104
(4, 1, 1)
3
(67, 21)
-> Request 1
284
(4, 1, 1)
1
(5, 45)
-> Request 2
652
(4, 1, 1)
3
(75, 7)
-> Request 3
731
(4, 1, 1)
2
(59, 13)
--> Day : 2
-> Request 0
52
(4, 1, 1)
1
(65, 44)
-> Request 1
214
(4, 1, 1)
3
(71, 69)
-> Request 2
585
(4, 2, 1)
2
(31, 41)
-> Request 3
690
(4, 1, 1)
1
(75, 49)
-> Request 4
1092
(4, 3, 1)
3
(69, 17)
-> Request 5
1305
(4, 3, 1)
3
(42, 58)
--> Day : 3
-> Request 0
66
(4, 3, 1)
3
(48, 0)
-> Request 1
136
(4, 3, 1)
3
(68, 29)
-> Request 2
159
(4, 2, 1)
3
(2, 29)
-> Request 3
271
(4, 3, 1)
3
(76, 12)
-> Request 4
1035
(4, 1, 1)
3
(23, 54)
-> Request 5
1208
(4, 3, 1)
3
(5, 42)
--> Day : 4
-> Request 0
64
(4, 3, 1)
2
(27, 61)
-> Request 1
200
(4, 3, 1)
3
(72, 24)
-> Request 2
643
(4, 1, 1)
1
(3, 54)
-> Request 3
996
(4, 1, 1)
1
(3, 31)
-> Request 4
1040
(4, 3, 1)
3
(33, 75)
-> Request 5
1328
(4, 2, 1)
3
(57, 35)
---> Week : 2
--> Day : 0
-> Request 0
1020
(4, 2, 1)
2
(70, 51)
-> Request 1
1210
(4, 3, 1)
3
(67, 13)
-> Request 2
1229
(4, 1, 1)
1
(46, 10)
-> Request 3
1230
(4, 2, 1)
2
(29, 5)
-> Request 4
1260
(4, 2, 1)
3
(8, 28)
-> Request 5
1282
(4, 2, 1)
3
(3, 21)
--> Day : 1
-> Request 0
663
(4, 2, 1)
2
(15, 68)
-> Request 1
804
(4, 1, 1)
1
(58, 2)
-> Request 2
993
(4, 3, 1)
3
(32, 62)
-> Request 3
1266
(4, 1, 1)
2
(19, 2)
--> Day : 2
-> Request 0
17
(4, 3, 1)
2
(72, 46)
-> Request 1
200
(4, 1, 1)
2
(11, 35)
-> Request 2
286
(4, 1, 1)
2
(60, 50)
-> Request 3
635
(4, 3, 1)
3
(35, 75)
-> Request 4
1088
(4, 1, 1)
2
(16, 65)
--> Day : 3
-> Request 0
233
(4, 3, 1)
1
(6, 42)
-> Request 1
618
(4, 2, 1)
3
(50, 67)
-> Request 2
947
(4, 1, 1)
3
(29, 45)
-> Request 3
1268
(4, 2, 1)
1
(53, 20)
-> Request 4
1336
(4, 3, 1)
3
(73, 14)
--> Day : 4
-> Request 0
1069
(4, 3, 1)
1
(13, 72)
-> Request 1
1183
(4, 1, 1)
3
(4, 56)
-> Request 2
1256
(4, 2, 1)
3
(67, 58)
---> Week : 3
--> Day : 0
-> Request 0
169
(4, 3, 1)
1
(50, 1)
-> Request 1
1328
(4, 2, 1)
1
(26, 47)
--> Day : 1
-> Request 0
66
(4, 3, 1)
3
(41, 27)
-> Request 1
383
(4, 3, 1)
2
(17, 30)
-> Request 2
597
(4, 3, 1)
2
(26, 64)
-> Request 3
926
(4, 1, 1)
1
(59, 36)
-> Request 4
1437
(4, 3, 1)
1
(28, 41)
--> Day : 2
-> Request 0
191
(4, 3, 1)
2
(2, 0)
-> Request 1
230
(4, 3, 1)
1
(56, 9)
-> Request 2
624
(4, 2, 1)
1
(16, 23)
-> Request 3
691
(4, 1, 1)
1
(5, 62)
-> Request 4
1131
(4, 3, 1)
2
(70, 57)
-> Request 5
1402
(4, 2, 1)
1
(21, 16)
--> Day : 3
-> Request 0
3
(4, 1, 1)
2
(5, 13)
-> Request 1
6
(4, 3, 1)
3
(16, 19)
-> Request 2
320
(4, 2, 1)
1
(69, 70)
-> Request 3
516
(4, 2, 1)
1
(31, 29)
-> Request 4
670
(4, 2, 1)
3
(9, 78)
-> Request 5
902
(4, 3, 1)
1
(9, 34)
-> Request 6
1024
(4, 1, 1)
2
(62, 62)
--> Day : 4
-> Request 0
122
(4, 3, 1)
3
(60, 16)
-> Request 1
128
(4, 2, 1)
1
(33, 28)
-> Request 2
204
(4, 1, 1)
1
(24, 70)
-> Request 3
304
(4, 3, 1)
2
(28, 0)
-> Request 4
679
(4, 3, 1)
2
(20, 31)
-> Request 5
810
(4, 3, 1)
2
(2, 21)
-> Request 6
1088
(4, 1, 1)
3
(79, 61)
-> Request 7
1297
(4, 3, 1)
3
(49, 6)
-> Request 8
1338
(4, 3, 1)
2
(1, 32)
---> Week : 4
--> Day : 0
-> Request 0
129
(4, 2, 1)
1
(38, 19)
-> Request 1
445
(4, 2, 1)
3
(73, 33)
-> Request 2
506
(4, 3, 1)
2
(49, 39)
-> Request 3
1240
(4, 1, 1)
1
(49, 42)
--> Day : 1
-> Request 0
109
(4, 3, 1)
1
(24, 55)
-> Request 1
396
(4, 2, 1)
2
(59, 65)
-> Request 2
458
(4, 2, 1)
3
(23, 40)
-> Request 3
542
(4, 1, 1)
1
(26, 11)
-> Request 4
864
(4, 3, 1)
3
(79, 16)
-> Request 5
903
(4, 3, 1)
1
(15, 42)
-> Request 6
1033
(4, 3, 1)
2
(79, 52)
-> Request 7
1061
(4, 3, 1)
2
(12, 55)
--> Day : 2
-> Request 0
8
(4, 3, 1)
3
(76, 26)
-> Request 1
27
(4, 3, 1)
2
(65, 46)
-> Request 2
92
(4, 3, 1)
1
(27, 47)
-> Request 3
278
(4, 1, 1)
1
(75, 72)
-> Request 4
595
(4, 1, 1)
2
(42, 34)
-> Request 5
745
(4, 3, 1)
3
(66, 15)
-> Request 6
795
(4, 3, 1)
1
(0, 76)
-> Request 7
1381
(4, 3, 1)
3
(21, 66)
-> Request 8
1438
(4, 2, 1)
3
(17, 72)
--> Day : 3
-> Request 0
140
(4, 2, 1)
2
(2, 24)
-> Request 1
184
(4, 2, 1)
3
(13, 72)
-> Request 2
557
(4, 3, 1)
1
(47, 2)
-> Request 3
668
(4, 3, 1)
3
(40, 40)
-> Request 4
700
(4, 1, 1)
3
(68, 38)
-> Request 5
890
(4, 1, 1)
1
(35, 51)
-> Request 6
1264
(4, 1, 1)
3
(9, 61)
-> Request 7
1387
(4, 1, 1)
3
(50, 30)
--> Day : 4
-> Request 0
266
(4, 1, 1)
3
(68, 73)
-> Request 1
555
(4, 1, 1)
3
(36, 60)
-> Request 2
874
(4, 3, 1)
2
(15, 34)
-> Request 3
1077
(4, 2, 1)
2
(69, 4)
-> Request 4
1269
(4, 2, 1)
2
(0, 38)
-> Request 5
1316
(4, 2, 1)
1
(48, 53)
---> Week : 5
--> Day : 0
-> Request 0
416
(4, 3, 1)
3
(28, 60)
-> Request 1
726
(4, 1, 1)
3
(69, 70)
-> Request 2
844
(4, 3, 1)
1
(2, 47)
-> Request 3
1050
(4, 3, 1)
2
(48, 43)
-> Request 4
1143
(4, 2, 1)
3
(46, 43)
-> Request 5
1156
(4, 3, 1)
2
(72, 74)
-> Request 6
1191
(4, 2, 1)
3
(68, 16)
-> Request 7
1242
(4, 1, 1)
3
(31, 37)
-> Request 8
1263
(4, 3, 1)
1
(11, 37)
--> Day : 1
-> Request 0
265
(4, 1, 1)
2
(64, 36)
-> Request 1
406
(4, 1, 1)
3
(71, 45)
-> Request 2
1278
(4, 1, 1)
2
(39, 50)
--> Day : 2
-> Request 0
27
(4, 1, 1)
2
(29, 50)
-> Request 1
64
(4, 3, 1)
3
(54, 44)
-> Request 2
159
(4, 1, 1)
2
(38, 48)
-> Request 3
166
(4, 2, 1)
3
(63, 23)
-> Request 4
436
(4, 2, 1)
1
(17, 20)
-> Request 5
650
(4, 3, 1)
2
(28, 14)
-> Request 6
967
(4, 2, 1)
3
(45, 52)
-> Request 7
1059
(4, 3, 1)
2
(27, 71)
-> Request 8
1251
(4, 1, 1)
1
(37, 79)
-> Request 9
1359
(4, 3, 1)
3
(36, 60)
--> Day : 3
-> Request 0
16
(4, 2, 1)
3
(51, 76)
-> Request 1
300
(4, 1, 1)
1
(24, 57)
-> Request 2
336
(4, 1, 1)
1
(46, 29)
-> Request 3
419
(4, 2, 1)
3
(23, 22)
-> Request 4
711
(4, 2, 1)
2
(69, 7)
-> Request 5
1413
(4, 1, 1)
3
(26, 11)
--> Day : 4
-> Request 0
44
(4, 3, 1)
3
(53, 17)
-> Request 1
537
(4, 3, 1)
2
(37, 1)
-> Request 2
713
(4, 1, 1)
2
(10, 60)
-> Request 3
1044
(4, 3, 1)
3
(28, 45)
-> Request 4
1094
(4, 3, 1)
3
(55, 70)
---> Week : 6
--> Day : 0
-> Request 0
36
(4, 2, 1)
1
(47, 65)
-> Request 1
382
(4, 1, 1)
3
(14, 2)
-> Request 2
528
(4, 1, 1)
2
(27, 3)
-> Request 3
680
(4, 2, 1)
1
(30, 69)
-> Request 4
1112
(4, 3, 1)
2
(36, 7)
--> Day : 1
-> Request 0
73
(4, 2, 1)
2
(19, 1)
-> Request 1
108
(4, 2, 1)
1
(43, 32)
-> Request 2
529
(4, 1, 1)
3
(50, 56)
-> Request 3
1186
(4, 3, 1)
1
(57, 36)
-> Request 4
1372
(4, 1, 1)
2
(58, 69)
--> Day : 2
-> Request 0
79
(4, 2, 1)
1
(29, 68)
-> Request 1
1204
(4, 2, 1)
3
(37, 61)
-> Request 2
1210
(4, 2, 1)
1
(64, 36)
--> Day : 3
-> Request 0
1
(4, 2, 1)
1
(42, 62)
-> Request 1
9
(4, 1, 1)
2
(12, 57)
-> Request 2
102
(4, 1, 1)
3
(13, 6)
-> Request 3
129
(4, 2, 1)
3
(13, 13)
-> Request 4
326
(4, 3, 1)
2
(61, 16)
-> Request 5
431
(4, 2, 1)
1
(17, 36)
-> Request 6
431
(4, 2, 1)
2
(66, 71)
-> Request 7
484
(4, 2, 1)
2
(20, 34)
-> Request 8
558
(4, 2, 1)
2
(8, 48)
-> Request 9
670
(4, 1, 1)
1
(75, 65)
-> Request 10
1072
(4, 3, 1)
1
(24, 58)
-> Request 11
1117
(4, 3, 1)
3
(55, 52)
-> Request 12
1436
(4, 3, 1)
1
(34, 73)
--> Day : 4
-> Request 0
159
(4, 2, 1)
2
(51, 44)
-> Request 1
807
(4, 3, 1)
3
(14, 9)
-> Request 2
930
(4, 2, 1)
3
(55, 34)
-> Request 3
1144
(4, 1, 1)
3
(40, 34)
-> Request 4
1148
(4, 3, 1)
2
(32, 73)
-> Request 5
1355
(4, 3, 1)
1
(69, 23)
-> Request 6
1419
(4, 1, 1)
1
(38, 55)
-> Request 7
1421
(4, 2, 1)
3
(61, 18)
-> Request 8
1429
(4, 3, 1)
3
(2, 5)
---> Week : 7
--> Day : 0
-> Request 0
471
(4, 3, 1)
1
(21, 63)
-> Request 1
724
(4, 2, 1)
3
(32, 8)
-> Request 2
1135
(4, 3, 1)
2
(4, 52)
--> Day : 1
-> Request 0
42
(4, 2, 1)
3
(58, 22)
-> Request 1
1100
(4, 3, 1)
1
(67, 7)
-> Request 2
1352
(4, 1, 1)
2
(36, 67)
-> Request 3
1386
(4, 1, 1)
1
(45, 50)
--> Day : 2
-> Request 0
120
(4, 1, 1)
3
(24, 18)
-> Request 1
535
(4, 2, 1)
1
(0, 28)
-> Request 2
577
(4, 1, 1)
1
(34, 78)
-> Request 3
1101
(4, 1, 1)
1
(47, 26)
-> Request 4
1162
(4, 1, 1)
2
(18, 4)
-> Request 5
1257
(4, 3, 1)
2
(7, 53)
-> Request 6
1380
(4, 2, 1)
2
(37, 41)
--> Day : 3
-> Request 0
38
(4, 1, 1)
2
(15, 71)
-> Request 1
231
(4, 3, 1)
2
(28, 73)
-> Request 2
417
(4, 1, 1)
2
(45, 2)
-> Request 3
778
(4, 1, 1)
3
(38, 25)
-> Request 4
1088
(4, 2, 1)
1
(39, 38)
--> Day : 4
-> Request 0
306
(4, 1, 1)
2
(70, 48)
-> Request 1
325
(4, 2, 1)
2
(13, 2)
-> Request 2
719
(4, 1, 1)
3
(12, 37)
-> Request 3
1329
(4, 3, 1)
3
(1, 58)
---> Week : 8
--> Day : 0
-> Request 0
248
(4, 2, 1)
3
(3, 70)
-> Request 1
291
(4, 3, 1)
3
(8, 33)
-> Request 2
671
(4, 1, 1)
1
(42, 41)
-> Request 3
1106
(4, 1, 1)
3
(22, 37)
-> Request 4
1317
(4, 2, 1)
2
(48, 35)
--> Day : 1
-> Request 0
193
(4, 3, 1)
2
(16, 62)
-> Request 1
493
(4, 2, 1)
3
(4, 32)
-> Request 2
729
(4, 1, 1)
2
(79, 60)
-> Request 3
733
(4, 3, 1)
2
(70, 72)
-> Request 4
1188
(4, 3, 1)
3
(66, 49)
-> Request 5
1216
(4, 1, 1)
2
(28, 2)
--> Day : 2
-> Request 0
22
(4, 3, 1)
3
(28, 18)
-> Request 1
306
(4, 1, 1)
3
(1, 77)
-> Request 2
413
(4, 1, 1)
1
(65, 44)
-> Request 3
469
(4, 3, 1)
1
(69, 41)
-> Request 4
585
(4, 3, 1)
2
(14, 73)
-> Request 5
708
(4, 1, 1)
1
(63, 24)
-> Request 6
737
(4, 2, 1)
2
(69, 18)
--> Day : 3
-> Request 0
203
(4, 3, 1)
1
(63, 71)
-> Request 1
677
(4, 1, 1)
1
(73, 49)
-> Request 2
876
(4, 1, 1)
1
(62, 31)
-> Request 3
949
(4, 2, 1)
1
(27, 18)
--> Day : 4
-> Request 0
214
(4, 3, 1)
1
(45, 30)
-> Request 1
1064
(4, 2, 1)
2
(79, 64)
-> Request 2
1341
(4, 1, 1)
3
(67, 52)
-> Request 3
1425
(4, 3, 1)
2
(32, 39)
---> Week : 9
--> Day : 0
-> Request 0
3
(4, 3, 1)
1
(45, 52)
-> Request 1
575
(4, 2, 1)
1
(2, 71)
-> Request 2
881
(4, 3, 1)
1
(14, 19)
-> Request 3
1310
(4, 2, 1)
1
(29, 3)
--> Day : 1
-> Request 0
138
(4, 3, 1)
2
(66, 35)
-> Request 1
330
(4, 1, 1)
2
(57, 46)
-> Request 2
362
(4, 2, 1)
1
(27, 41)
-> Request 3
983
(4, 2, 1)
1
(60, 4)
-> Request 4
1032
(4, 1, 1)
1
(71, 38)
-> Request 5
1075
(4, 3, 1)
2
(8, 35)
--> Day : 2
-> Request 0
122
(4, 3, 1)
1
(38, 13)
-> Request 1
174
(4, 3, 1)
2
(30, 65)
-> Request 2
928
(4, 2, 1)
2
(1, 22)
-> Request 3
1218
(4, 1, 1)
2
(5, 36)
--> Day : 3
-> Request 0
29
(4, 2, 1)
2
(20, 32)
-> Request 1
774
(4, 1, 1)
2
(12, 51)
-> Request 2
1050
(4, 3, 1)
3
(7, 79)
-> Request 3
1147
(4, 1, 1)
2
(32, 49)
-> Request 4
1148
(4, 1, 1)
2
(13, 32)
--> Day : 4
-> Request 0
129
(4, 2, 1)
3
(52, 75)
-> Request 1
948
(4, 3, 1)
1
(72, 19)
---> Week : 10
--> Day : 0
-> Request 0
457
(4, 2, 1)
1
(20, 66)
-> Request 1
704
(4, 3, 1)
2
(2, 79)
-> Request 2
738
(4, 2, 1)
2
(50, 73)
-> Request 3
866
(4, 2, 1)
1
(45, 76)
-> Request 4
1037
(4, 1, 1)
1
(70, 39)
-> Request 5
1043
(4, 3, 1)
2
(12, 74)
-> Request 6
1063
(4, 1, 1)
3
(53, 48)
--> Day : 1
-> Request 0
47
(4, 3, 1)
1
(45, 41)
-> Request 1
301
(4, 3, 1)
2
(72, 36)
-> Request 2
440
(4, 3, 1)
1
(6, 42)
-> Request 3
708
(4, 2, 1)
1
(21, 69)
-> Request 4
739
(4, 2, 1)
3
(70, 30)
-> Request 5
797
(4, 1, 1)
2
(69, 60)
-> Request 6
817
(4, 3, 1)
3
(12, 72)
--> Day : 2
-> Request 0
102
(4, 2, 1)
2
(18, 50)
-> Request 1
152
(4, 1, 1)
2
(61, 79)
-> Request 2
284
(4, 3, 1)
1
(76, 28)
-> Request 3
356
(4, 1, 1)
3
(0, 15)
-> Request 4
407
(4, 2, 1)
2
(23, 70)
-> Request 5
602
(4, 1, 1)
1
(67, 60)
-> Request 6
644
(4, 3, 1)
1
(31, 40)
-> Request 7
810
(4, 3, 1)
1
(52, 36)
-> Request 8
950
(4, 3, 1)
1
(70, 75)
-> Request 9
1188
(4, 2, 1)
2
(1, 8)
-> Request 10
1422
(4, 3, 1)
1
(0, 47)
--> Day : 3
-> Request 0
288
(4, 3, 1)
2
(67, 18)
-> Request 1
428
(4, 3, 1)
1
(69, 12)
-> Request 2
873
(4, 3, 1)
1
(38, 68)
-> Request 3
1173
(4, 3, 1)
3
(70, 76)
--> Day : 4
-> Request 0
34
(4, 3, 1)
3
(60, 16)
-> Request 1
79
(4, 2, 1)
3
(49, 2)
-> Request 2
327
(4, 3, 1)
3
(30, 29)
-> Request 3
1068
(4, 2, 1)
3
(15, 35)
-> Request 4
1304
(4, 1, 1)
2
(55, 53)
---> Week : 11
--> Day : 0
-> Request 0
360
(4, 3, 1)
2
(62, 75)
-> Request 1
681
(4, 2, 1)
3
(68, 39)
-> Request 2
899
(4, 1, 1)
3
(29, 22)
-> Request 3
981
(4, 3, 1)
2
(17, 50)
-> Request 4
1055
(4, 3, 1)
2
(29, 55)
-> Request 5
1202
(4, 3, 1)
3
(75, 7)
-> Request 6
1255
(4, 1, 1)
1
(57, 10)
-> Request 7
1308
(4, 1, 1)
1
(29, 26)
--> Day : 1
-> Request 0
217
(4, 1, 1)
2
(21, 39)
-> Request 1
243
(4, 1, 1)
3
(20, 5)
-> Request 2
456
(4, 3, 1)
2
(18, 7)
-> Request 3
465
(4, 3, 1)
3
(64, 45)
-> Request 4
485
(4, 3, 1)
1
(42, 17)
-> Request 5
773
(4, 3, 1)
3
(6, 62)
-> Request 6
1061
(4, 3, 1)
2
(29, 69)
-> Request 7
1092
(4, 1, 1)
3
(41, 3)
--> Day : 2
-> Request 0
622
(4, 3, 1)
2
(6, 21)
-> Request 1
983
(4, 1, 1)
1
(52, 46)
-> Request 2
1169
(4, 3, 1)
3
(24, 41)
-> Request 3
1374
(4, 3, 1)
2
(35, 7)
--> Day : 3
-> Request 0
439
(4, 3, 1)
1
(48, 38)
-> Request 1
1122
(4, 3, 1)
1
(71, 37)
-> Request 2
1300
(4, 2, 1)
3
(49, 18)
--> Day : 4
-> Request 0
948
(4, 2, 1)
1
(22, 73)
-> Request 1
1218
(4, 2, 1)
1
(64, 35)
-> Request 2
1422
(4, 2, 1)
3
(41, 15)
-> Request 3
1432
(4, 2, 1)
2
(31, 50)
---> Week : 12
--> Day : 0
-> Request 0
75
(4, 2, 1)
1
(5, 62)
-> Request 1
76
(4, 3, 1)
3
(51, 68)
-> Request 2
145
(4, 2, 1)
3
(27, 22)
--> Day : 1
-> Request 0
162
(4, 1, 1)
2
(53, 37)
-> Request 1
300
(4, 3, 1)
3
(57, 65)
-> Request 2
638
(4, 2, 1)
3
(47, 17)
-> Request 3
806
(4, 3, 1)
2
(22, 53)
-> Request 4
1046
(4, 1, 1)
2
(36, 52)
-> Request 5
1191
(4, 3, 1)
1
(68, 43)
-> Request 6
1251
(4, 2, 1)
2
(22, 21)
-> Request 7
1399
(4, 3, 1)
1
(40, 23)
--> Day : 2
-> Request 0
208
(4, 2, 1)
3
(62, 60)
-> Request 1
504
(4, 3, 1)
1
(46, 27)
-> Request 2
770
(4, 2, 1)
1
(74, 36)
-> Request 3
911
(4, 2, 1)
3
(47, 37)
-> Request 4
1281
(4, 2, 1)
1
(50, 72)
--> Day : 3
-> Request 0
73
(4, 3, 1)
3
(39, 22)
-> Request 1
268
(4, 1, 1)
2
(2, 29)
-> Request 2
325
(4, 1, 1)
1
(51, 27)
-> Request 3
896
(4, 1, 1)
2
(42, 58)
-> Request 4
1284
(4, 3, 1)
2
(59, 72)
-> Request 5
1288
(4, 3, 1)
1
(57, 19)
--> Day : 4
-> Request 0
793
(4, 3, 1)
2
(62, 1)
-> Request 1
905
(4, 3, 1)
2
(74, 5)
-> Request 2
1001
(4, 1, 1)
2
(45, 6)
-> Request 3
1252
(4, 2, 1)
3
(17, 59)
-> Request 4
1256
(4, 3, 1)
2
(56, 27)
---> Week : 13
--> Day : 0
-> Request 0
99
(4, 2, 1)
1
(51, 4)
-> Request 1
428
(4, 2, 1)
3
(36, 43)
-> Request 2
564
(4, 3, 1)
3
(33, 2)
-> Request 3
859
(4, 2, 1)
1
(70, 72)
-> Request 4
948
(4, 1, 1)
2
(17, 79)
-> Request 5
1284
(4, 1, 1)
1
(29, 29)
--> Day : 1
-> Request 0
194
(4, 2, 1)
3
(56, 34)
-> Request 1
313
(4, 2, 1)
1
(72, 36)
-> Request 2
446
(4, 3, 1)
3
(33, 30)
-> Request 3
585
(4, 3, 1)
3
(9, 24)
-> Request 4
1056
(4, 3, 1)
2
(54, 49)
-> Request 5
1102
(4, 3, 1)
3
(42, 1)
-> Request 6
1124
(4, 1, 1)
2
(29, 19)
-> Request 7
1157
(4, 3, 1)
2
(46, 69)
-> Request 8
1171
(4, 1, 1)
1
(3, 13)
--> Day : 2
-> Request 0
508
(4, 3, 1)
1
(79, 14)
-> Request 1
508
(4, 3, 1)
2
(46, 7)
-> Request 2
639
(4, 2, 1)
1
(10, 23)
-> Request 3
690
(4, 3, 1)
3
(21, 47)
-> Request 4
868
(4, 2, 1)
3
(43, 39)
-> Request 5
921
(4, 2, 1)
3
(43, 73)
-> Request 6
1342
(4, 1, 1)
2
(37, 68)
-> Request 7
1406
(4, 1, 1)
1
(13, 30)
--> Day : 3
-> Request 0
8
(4, 1, 1)
1
(74, 69)
-> Request 1
57
(4, 1, 1)
2
(41, 56)
-> Request 2
252
(4, 2, 1)
1
(51, 32)
-> Request 3
935
(4, 1, 1)
2
(48, 64)
-> Request 4
1015
(4, 3, 1)
1
(45, 52)
-> Request 5
1327
(4, 1, 1)
1
(18, 35)
-> Request 6
1373
(4, 3, 1)
2
(29, 63)
--> Day : 4
-> Request 0
120
(4, 2, 1)
3
(57, 62)
-> Request 1
1144
(4, 1, 1)
3
(18, 22)
-> Request 2
1315
(4, 2, 1)
3
(34, 76)
---> Week : 14
--> Day : 0
-> Request 0
71
(4, 3, 1)
1
(33, 10)
-> Request 1
194
(4, 1, 1)
3
(60, 59)
-> Request 2
581
(4, 2, 1)
3
(49, 32)
-> Request 3
708
(4, 1, 1)
1
(73, 2)
-> Request 4
829
(4, 1, 1)
1
(68, 13)
-> Request 5
1019
(4, 3, 1)
3
(64, 20)
-> Request 6
1147
(4, 3, 1)
1
(69, 19)
-> Request 7
1285
(4, 2, 1)
3
(25, 0)
--> Day : 1
-> Request 0
258
(4, 3, 1)
2
(72, 38)
-> Request 1
448
(4, 3, 1)
1
(11, 70)
-> Request 2
836
(4, 2, 1)
1
(14, 79)
-> Request 3
932
(4, 1, 1)
1
(65, 41)
-> Request 4
1113
(4, 3, 1)
2
(18, 76)
-> Request 5
1156
(4, 3, 1)
3
(15, 72)
-> Request 6
1275
(4, 1, 1)
3
(47, 65)
--> Day : 2
-> Request 0
86
(4, 3, 1)
2
(11, 34)
-> Request 1
712
(4, 3, 1)
3
(1, 48)
-> Request 2
728
(4, 3, 1)
3
(68, 55)
-> Request 3
1015
(4, 3, 1)
1
(77, 59)
-> Request 4
1051
(4, 1, 1)
1
(46, 63)
-> Request 5
1115
(4, 3, 1)
3
(7, 40)
-> Request 6
1145
(4, 2, 1)
3
(69, 32)
-> Request 7
1371
(4, 2, 1)
2
(0, 78)
--> Day : 3
-> Request 0
79
(4, 2, 1)
2
(35, 11)
-> Request 1
131
(4, 1, 1)
3
(24, 62)
-> Request 2
212
(4, 1, 1)
3
(69, 76)
-> Request 3
296
(4, 2, 1)
1
(55, 9)
-> Request 4
612
(4, 3, 1)
2
(8, 49)
-> Request 5
928
(4, 3, 1)
1
(1, 44)
-> Request 6
1124
(4, 2, 1)
2
(23, 29)
-> Request 7
1250
(4, 3, 1)
1
(67, 19)
--> Day : 4
-> Request 0
683
(4, 2, 1)
1
(74, 39)
-> Request 1
694
(4, 1, 1)
3
(64, 78)
-> Request 2
746
(4, 1, 1)
1
(39, 15)
-> Request 3
822
(4, 2, 1)
1
(64, 19)
-> Request 4
857
(4, 2, 1)
2
(8, 57)
-> Request 5
963
(4, 3, 1)
1
(7, 18)
-> Request 6
1108
(4, 3, 1)
2
(27, 7)
---> Week : 15
--> Day : 0
-> Request 0
213
(4, 1, 1)
2
(22, 37)
-> Request 1
583
(4, 2, 1)
2
(42, 72)
-> Request 2
869
(4, 2, 1)
2
(15, 3)
-> Request 3
1271
(4, 1, 1)
1
(74, 78)
-> Request 4
1388
(4, 2, 1)
3
(70, 76)
--> Day : 1
-> Request 0
44
(4, 2, 1)
2
(52, 63)
-> Request 1
331
(4, 2, 1)
1
(71, 31)
-> Request 2
362
(4, 1, 1)
3
(48, 27)
-> Request 3
466
(4, 1, 1)
3
(15, 59)
-> Request 4
779
(4, 3, 1)
3
(47, 66)
-> Request 5
846
(4, 1, 1)
1
(24, 8)
--> Day : 2
--> Day : 3
-> Request 0
114
(4, 3, 1)
1
(17, 12)
-> Request 1
126
(4, 3, 1)
2
(59, 53)
-> Request 2
535
(4, 1, 1)
2
(56, 53)
-> Request 3
640
(4, 2, 1)
1
(45, 20)
-> Request 4
1260
(4, 3, 1)
1
(45, 6)
--> Day : 4
-> Request 0
106
(4, 1, 1)
2
(45, 20)
-> Request 1
786
(4, 3, 1)
3
(19, 30)
---> Week : 16
--> Day : 0
-> Request 0
223
(4, 2, 1)
1
(43, 39)
-> Request 1
580
(4, 2, 1)
3
(45, 48)
-> Request 2
604
(4, 2, 1)
1
(54, 50)
-> Request 3
1158
(4, 1, 1)
2
(42, 51)
-> Request 4
1235
(4, 3, 1)
3
(8, 76)
-> Request 5
1428
(4, 1, 1)
2
(28, 48)
--> Day : 1
-> Request 0
8
(4, 2, 1)
1
(74, 14)
-> Request 1
357
(4, 2, 1)
2
(73, 66)
-> Request 2
683
(4, 1, 1)
3
(56, 63)
-> Request 3
904
(4, 3, 1)
1
(66, 39)
-> Request 4
1273
(4, 2, 1)
2
(73, 53)
--> Day : 2
-> Request 0
3
(4, 1, 1)
1
(25, 32)
-> Request 1
88
(4, 3, 1)
1
(75, 44)
-> Request 2
206
(4, 2, 1)
3
(71, 52)
-> Request 3
229
(4, 1, 1)
2
(75, 60)
-> Request 4
338
(4, 1, 1)
1
(5, 71)
-> Request 5
374
(4, 1, 1)
1
(76, 4)
-> Request 6
384
(4, 2, 1)
1
(31, 40)
-> Request 7
459
(4, 1, 1)
1
(19, 39)
-> Request 8
731
(4, 3, 1)
2
(42, 10)
-> Request 9
816
(4, 2, 1)
2
(71, 12)
-> Request 10
1266
(4, 1, 1)
3
(59, 74)
--> Day : 3
-> Request 0
1244
(4, 3, 1)
1
(31, 76)
--> Day : 4
-> Request 0
70
(4, 1, 1)
3
(71, 78)
-> Request 1
262
(4, 1, 1)
1
(14, 6)
-> Request 2
376
(4, 3, 1)
1
(9, 40)
-> Request 3
425
(4, 2, 1)
1
(24, 60)
-> Request 4
526
(4, 3, 1)
1
(46, 43)
-> Request 5
670
(4, 2, 1)
3
(38, 14)
-> Request 6
882
(4, 3, 1)
2
(55, 75)
-> Request 7
929
(4, 1, 1)
2
(60, 73)
-> Request 8
1344
(4, 2, 1)
1
(38, 45)
-> Request 9
1433
(4, 1, 1)
1
(78, 50)
---> Week : 17
--> Day : 0
-> Request 0
248
(4, 1, 1)
1
(45, 45)
-> Request 1
268
(4, 1, 1)
3
(12, 62)
-> Request 2
491
(4, 1, 1)
3
(18, 24)
-> Request 3
500
(4, 2, 1)
3
(57, 43)
-> Request 4
838
(4, 3, 1)
3
(46, 22)
-> Request 5
856
(4, 1, 1)
2
(43, 63)
-> Request 6
1232
(4, 3, 1)
3
(70, 5)
--> Day : 1
-> Request 0
46
(4, 2, 1)
3
(8, 26)
-> Request 1
457
(4, 3, 1)
1
(46, 64)
-> Request 2
485
(4, 2, 1)
2
(70, 27)
-> Request 3
924
(4, 2, 1)
3
(56, 57)
-> Request 4
954
(4, 1, 1)
2
(32, 8)
--> Day : 2
-> Request 0
140
(4, 3, 1)
3
(4, 57)
-> Request 1
319
(4, 3, 1)
2
(14, 55)
-> Request 2
626
(4, 2, 1)
1
(66, 27)
-> Request 3
724
(4, 3, 1)
1
(23, 60)
-> Request 4
1003
(4, 2, 1)
3
(71, 52)
-> Request 5
1018
(4, 1, 1)
2
(31, 52)
-> Request 6
1156
(4, 3, 1)
1
(61, 63)
--> Day : 3
-> Request 0
73
(4, 1, 1)
3
(19, 64)
-> Request 1
263
(4, 2, 1)
3
(17, 58)
-> Request 2
398
(4, 1, 1)
3
(31, 79)
-> Request 3
563
(4, 1, 1)
1
(63, 64)
-> Request 4
572
(4, 3, 1)
2
(76, 6)
--> Day : 4
-> Request 0
181
(4, 3, 1)
2
(5, 71)
-> Request 1
447
(4, 3, 1)
1
(33, 50)
-> Request 2
614
(4, 1, 1)
3
(39, 69)
-> Request 3
733
(4, 3, 1)
3
(65, 74)
-> Request 4
908
(4, 2, 1)
2
(17, 63)
-> Request 5
1022
(4, 3, 1)
2
(36, 65)
-> Request 6
1037
(4, 3, 1)
2
(23, 11)
-> Request 7
1158
(4, 1, 1)
2
(18, 64)
-> Request 8
1276
(4, 3, 1)
1
(52, 35)
---> Week : 18
--> Day : 0
-> Request 0
189
(4, 3, 1)
3
(73, 11)
-> Request 1
264
(4, 3, 1)
3
(62, 66)
-> Request 2
365
(4, 1, 1)
1
(59, 7)
-> Request 3
674
(4, 1, 1)
3
(22, 5)
-> Request 4
694
(4, 1, 1)
3
(6, 35)
-> Request 5
798
(4, 3, 1)
2
(10, 66)
-> Request 6
847
(4, 1, 1)
1
(69, 22)
-> Request 7
860
(4, 2, 1)
1
(27, 56)
-> Request 8
893
(4, 3, 1)
2
(61, 32)
-> Request 9
990
(4, 1, 1)
3
(25, 1)
-> Request 10
1072
(4, 1, 1)
1
(62, 10)
--> Day : 1
-> Request 0
35
(4, 2, 1)
3
(71, 5)
-> Request 1
310
(4, 3, 1)
2
(32, 78)
-> Request 2
372
(4, 1, 1)
3
(26, 30)
-> Request 3
685
(4, 3, 1)
2
(43, 27)
-> Request 4
689
(4, 1, 1)
1
(5, 70)
--> Day : 2
-> Request 0
138
(4, 2, 1)
1
(73, 62)
-> Request 1
181
(4, 2, 1)
2
(33, 62)
-> Request 2
526
(4, 2, 1)
1
(18, 36)
-> Request 3
541
(4, 3, 1)
3
(56, 35)
-> Request 4
684
(4, 3, 1)
2
(78, 75)
-> Request 5
696
(4, 2, 1)
1
(50, 14)
-> Request 6
1102
(4, 1, 1)
1
(63, 38)
--> Day : 3
-> Request 0
908
(4, 1, 1)
3
(69, 64)
-> Request 1
1273
(4, 3, 1)
3
(24, 44)
--> Day : 4
-> Request 0
10
(4, 1, 1)
1
(66, 2)
-> Request 1
121
(4, 1, 1)
2
(6, 76)
-> Request 2
628
(4, 3, 1)
2
(67, 7)
-> Request 3
808
(4, 2, 1)
2
(3, 45)
-> Request 4
1082
(4, 2, 1)
3
(74, 65)
-> Request 5
1153
(4, 1, 1)
1
(28, 8)
-> Request 6
1250
(4, 3, 1)
1
(54, 65)
---> Week : 19
--> Day : 0
-> Request 0
497
(4, 1, 1)
1
(3, 72)
-> Request 1
871
(4, 3, 1)
3
(68, 35)
-> Request 2
1043
(4, 1, 1)
3
(68, 62)
-> Request 3
1087
(4, 3, 1)
3
(62, 13)
--> Day : 1
-> Request 0
516
(4, 2, 1)
2
(76, 39)
-> Request 1
580
(4, 3, 1)
3
(52, 4)
-> Request 2
665
(4, 1, 1)
3
(68, 49)
-> Request 3
716
(4, 3, 1)
3
(47, 21)
-> Request 4
1103
(4, 2, 1)
3
(58, 79)
--> Day : 2
-> Request 0
299
(4, 1, 1)
3
(9, 48)
-> Request 1
543
(4, 2, 1)
2
(53, 0)
-> Request 2
721
(4, 3, 1)
2
(29, 18)
-> Request 3
892
(4, 1, 1)
3
(34, 48)
-> Request 4
898
(4, 1, 1)
3
(0, 43)
-> Request 5
905
(4, 1, 1)
1
(39, 0)
-> Request 6
1261
(4, 2, 1)
1
(47, 75)
--> Day : 3
-> Request 0
588
(4, 2, 1)
2
(17, 53)
-> Request 1
850
(4, 1, 1)
1
(51, 67)
-> Request 2
985
(4, 1, 1)
2
(74, 35)
--> Day : 4
-> Request 0
166
(4, 1, 1)
2
(25, 14)
-> Request 1
225
(4, 2, 1)
2
(16, 18)
-> Request 2
688
(4, 1, 1)
1
(36, 54)
