---> Week : 0
--> Day : 0
-> Request 0
172
(4, 2, 1)
3
(56, 1)
-> Request 1
180
(4, 1, 1)
2
(16, 17)
-> Request 2
278
(4, 3, 1)
3
(36, 26)
-> Request 3
480
(4, 2, 1)
3
(2, 40)
-> Request 4
481
(4, 3, 1)
1
(62, 35)
-> Request 5
557
(4, 3, 1)
1
(47, 21)
-> Request 6
608
(4, 1, 1)
1
(48, 69)
-> Request 7
923
(4, 1, 1)
3
(0, 1)
-> Request 8
945
(4, 3, 1)
1
(10, 25)
-> Request 9
969
(4, 3, 1)
1
(13, 34)
-> Request 10
1187
(4, 3, 1)
3
(51, 18)
-> Request 11
1213
(4, 2, 1)
2
(48, 35)
--> Day : 1
-> Request 0
10
(4, 1, 1)
2
(10, 64)
-> Request 1
40
(4, 3, 1)
1
(38, 62)
-> Request 2
464
(4, 3, 1)
3
(64, 51)
-> Request 3
509
(4, 2, 1)
2
(29, 62)
--> Day : 2
-> Request 0
46
(4, 3, 1)
3
(57, 50)
-> Request 1
340
(4, 2, 1)
2
(31, 14)
-> Request 2
400
(4, 3, 1)
3
(76, 20)
-> Request 3
426
(4, 2, 1)
2
(41, 42)
-> Request 4
690
(4, 3, 1)
2
(75, 54)
-> Request 5
1327
(4, 2, 1)
3
(52, 32)
--> Day : 3
-> Request 0
251
(4, 2, 1)
2
(23, 36)
-> Request 1
545
(4, 1, 1)
2
(8, 38)
-> Request 2
664
(4, 2, 1)
3
(21, 36)
-> Request 3
849
(4, 3, 1)
2
(32, 58)
-> Request 4
1040
(4, 2, 1)
3
(77, 67)
-> Request 5
1232
(4, 2, 1)
3
(57, 59)
-> Request 6
1396
(4, 3, 1)
1
(5, 7)
--> Day : 4
-> Request 0
9
(4, 1, 1)
3
(47, 50)
-> Request 1
39
(4, 2, 1)
2
(62, 50)
-> Request 2
382
(4, 2, 1)
3
(53, 10)
-> Request 3
672
(4, 2, 1)
3
(61, 15)
-> Request 4
797
(4, 2, 1)
1
(4, 76)
-> Request 5
951
(4, 3, 1)
2
(75, 30)
-> Request 6
1076
(4, 3, 1)
1
(25, 78)
-> Request 7
1207
(4, 3, 1)
3
(70, 5)
---> Week : 1
--> Day : 0
-> Request 0
273
(4, 1, 1)
2
(63, 33)
-> Request 1
315
(4, 1, 1)
2
(59, 37)
-> Request 2
531
(4, 2, 1)
2
(9, 10)
-> Request 3
754
(4, 3, 1)
3
(31, 40)
--> Day : 1
-> Request 0
189
(4, 2, 1)
3
(34, 28)
-> Request 1
837
(4, 3, 1)
2
(78, 11)
-> Request 2
870
(4, 3, 1)
3
(33, 4)
--> Day : 2
-> Request 0
397
(4, 2, 1)
1
(35, 74)
-> Request 1
414
(4, 2, 1)
1
(50, 8)
-> Request 2
1090
(4, 3, 1)
2
(22, 60)
-> Request 3
1211
(4, 1, 1)
2
(9, 63)
--> Day : 3
-> Request 0
108
(4, 2, 1)
1
(60, 19)
-> Request 1
274
(4, 2, 1)
2
(10, 39)
-> Request 2
421
(4, 2, 1)
3
(40, 14)
-> Request 3
642
(4, 1, 1)
3
(77, 64)
-> Request 4
647
(4, 1, 1)
3
(72, 3)
--> Day : 4
-> Request 0
207
(4, 2, 1)
1
(11, 47)
-> Request 1
323
(4, 3, 1)
1
(2, 63)
-> Request 2
490
(4, 1, 1)
3
(34, 41)
-> Request 3
600
(4, 3, 1)
2
(3, 63)
-> Request 4
733
(4, 3, 1)
2
(18, 63)
-> Request 5
751
(4, 2, 1)
1
(31, 17)
-> Request 6
801
(4, 3, 1)
2
(53, 75)
-> Request 7
1030
(4, 1, 1)
3
(29, 38)
---> Week : 2
--> Day : 0
-> Request 0
288
(4, 2, 1)
1
(34, 61)
-> Request 1
424
(4, 1, 1)
3
(47, 40)
-> Request 2
468
(4, 3, 1)
3
(36, 52)
-> Request 3
565
(4, 2, 1)
1
(18, 43)
-> Request 4
639
(4, 3, 1)
2
(77, 42)
-> Request 5
658
(4, 2, 1)
2
(54, 28)
--> Day : 1
-> Request 0
178
(4, 3, 1)
3
(32, 63)
-> Request 1
250
(4, 3, 1)
3
(27, 24)
-> Request 2
275
(4, 2, 1)
1
(46, 12)
-> Request 3
588
(4, 3, 1)
3
(69, 34)
-> Request 4
683
(4, 3, 1)
1
(63, 11)
-> Request 5
1203
(4, 3, 1)
2
(45, 40)
--> Day : 2
-> Request 0
26
(4, 3, 1)
1
(63, 51)
-> Request 1
41
(4, 1, 1)
3
(69, 64)
-> Request 2
714
(4, 3, 1)
1
(32, 78)
-> Request 3
809
(4, 3, 1)
2
(61, 47)
-> Request 4
1059
(4, 2, 1)
2
(40, 37)
--> Day : 3
-> Request 0
12
(4, 2, 1)
3
(58, 44)
-> Request 1
344
(4, 2, 1)
3
(76, 43)
-> Request 2
578
(4, 1, 1)
1
(0, 39)
-> Request 3
810
(4, 3, 1)
1
(43, 25)
-> Request 4
1395
(4, 1, 1)
1
(10, 71)
--> Day : 4
-> Request 0
38
(4, 2, 1)
2
(11, 20)
-> Request 1
134
(4, 3, 1)
1
(7, 21)
-> Request 2
403
(4, 2, 1)
2
(26, 4)
-> Request 3
432
(4, 1, 1)
1
(72, 78)
-> Request 4
501
(4, 3, 1)
1
(41, 31)
-> Request 5
529
(4, 3, 1)
1
(25, 49)
-> Request 6
585
(4, 3, 1)
3
(46, 12)
-> Request 7
695
(4, 3, 1)
2
(62, 15)
-> Request 8
818
(4, 3, 1)
2
(4, 32)
-> Request 9
829
(4, 3, 1)
2
(62, 32)
-> Request 10
949
(4, 2, 1)
3
(47, 42)
-> Request 11
1122
(4, 2, 1)
2
(75, 71)
-> Request 12
1325
(4, 1, 1)
1
(20, 6)
-> Request 13
1377
(4, 2, 1)
3
(4, 39)
---> Week : 3
--> Day : 0
-> Request 0
871
(4, 1, 1)
1
(24, 7)
-> Request 1
931
(4, 2, 1)
3
(1, 69)
-> Request 2
1082
(4, 2, 1)
2
(53, 16)
--> Day : 1
-> Request 0
244
(4, 1, 1)
3
(74, 63)
-> Request 1
725
(4, 1, 1)
3
(53, 19)
-> Request 2
865
(4, 2, 1)
2
(9, 77)
-> Request 3
1120
(4, 2, 1)
3
(38, 68)
-> Request 4
1204
(4, 2, 1)
3
(78, 38)
--> Day : 2
-> Request 0
197
(4, 2, 1)
2
(15, 16)
-> Request 1
900
(4, 1, 1)
1
(63, 60)
-> Request 2
1034
(4, 1, 1)
2
(10, 15)
-> Request 3
1076
(4, 1, 1)
3
(42, 39)
-> Request 4
1269
(4, 2, 1)
3
(70, 16)
-> Request 5
1351
(4, 3, 1)
1
(71, 4)
-> Request 6
1435
(4, 1, 1)
1
(79, 21)
--> Day : 3
-> Request 0
299
(4, 3, 1)
1
(29, 1)
-> Request 1
532
(4, 3, 1)
3
(46, 60)
-> Request 2
886
(4, 1, 1)
3
(11, 67)
-> Request 3
976
(4, 3, 1)
2
(4, 13)
-> Request 4
1335
(4, 3, 1)
1
(72, 45)
--> Day : 4
-> Request 0
163
(4, 1, 1)
2
(8, 70)
-> Request 1
339
(4, 2, 1)
1
(45, 23)
-> Request 2
436
(4, 1, 1)
2
(7, 79)
-> Request 3
1289
(4, 1, 1)
3
(62, 71)
-> Request 4
1339
(4, 2, 1)
3
(29, 11)
---> Week : 4
--> Day : 0
-> Request 0
196
(4, 3, 1)
2
(49, 17)
-> Request 1
271
(4, 3, 1)
3
(57, 12)
-> Request 2
400
(4, 1, 1)
3
(25, 48)
-> Request 3
804
(4, 2, 1)
1
(21, 36)
-> Request 4
1040
(4, 3, 1)
3
(71, 32)
-> Request 5
1088
(4, 1, 1)
3
(23, 35)
--> Day : 1
-> Request 0
165
(4, 2, 1)
3
(3, 15)
-> Request 1
428
(4, 3, 1)
2
(59, 42)
-> Request 2
473
(4, 1, 1)
1
(36, 75)
-> Request 3
574
(4, 2, 1)
1
(32, 61)
-> Request 4
1207
(4, 2, 1)
1
(23, 18)
--> Day : 2
-> Request 0
145
(4, 1, 1)
1
(57, 39)
-> Request 1
197
(4, 1, 1)
3
(62, 67)
-> Request 2
436
(4, 1, 1)
1
(8, 20)
-> Request 3
544
(4, 2, 1)
2
(40, 20)
-> Request 4
591
(4, 1, 1)
3
(3, 21)
-> Request 5
641
(4, 2, 1)
3
(47, 76)
-> Request 6
673
(4, 1, 1)
1
(65, 58)
-> Request 7
1089
(4, 1, 1)
1
(39, 75)
-> Request 8
1316
(4, 2, 1)
3
(65, 47)
-> Request 9
1338
(4, 1, 1)
2
(33, 72)
--> Day : 3
-> Request 0
75
(4, 3, 1)
1
(1, 72)
-> Request 1
181
(4, 1, 1)
1
(43, 0)
-> Request 2
467
(4, 1, 1)
2
(33, 65)
-> Request 3
1047
(4, 3, 1)
3
(28, 74)
-> Request 4
1099
(4, 1, 1)
1
(7, 50)
-> Request 5
1152
(4, 3, 1)
2
(22, 9)
--> Day : 4
-> Request 0
504
(4, 3, 1)
2
(66, 21)
-> Request 1
692
(4, 2, 1)
3
(63, 30)
-> Request 2
1005
(4, 1, 1)
1
(73, 77)
-> Request 3
1052
(4, 3, 1)
1
(50, 65)
-> Request 4
1060
(4, 1, 1)
1
(63, 16)
-> Request 5
1150
(4, 2, 1)
3
(45, 2)
---> Week : 5
--> Day : 0
-> Request 0
119
(4, 3, 1)
2
(46, 45)
-> Request 1
260
(4, 3, 1)
2
(22, 77)
-> Request 2
527
(4, 3, 1)
3
(15, 35)
-> Request 3
877
(4, 2, 1)
2
(11, 67)
-> Request 4
1409
(4, 2, 1)
3
(37, 6)
--> Day : 1
-> Request 0
11
(4, 2, 1)
2
(16, 24)
-> Request 1
67
(4, 2, 1)
2
(77, 61)
-> Request 2
204
(4, 2, 1)
2
(56, 58)
-> Request 3
636
(4, 2, 1)
1
(3, 67)
-> Request 4
940
(4, 2, 1)
2
(77, 16)
-> Request 5
1432
(4, 2, 1)
1
(64, 51)
--> Day : 2
-> Request 0
450
(4, 2, 1)
2
(23, 24)
-> Request 1
476
(4, 3, 1)
1
(14, 33)
-> Request 2
810
(4, 1, 1)
3
(33, 55)
--> Day : 3
-> Request 0
94
(4, 2, 1)
2
(49, 24)
-> Request 1
163
(4, 2, 1)
3
(15, 33)
-> Request 2
238
(4, 1, 1)
2
(11, 60)
-> Request 3
286
(4, 2, 1)
1
(63, 13)
-> Request 4
731
(4, 2, 1)
2
(22, 35)
-> Request 5
739
(4, 3, 1)
2
(67, 35)
-> Request 6
888
(4, 2, 1)
3
(55, 8)
-> Request 7
955
(4, 3, 1)
2
(47, 24)
-> Request 8
997
(4, 2, 1)
1
(56, 32)
--> Day : 4
-> Request 0
100
(4, 3, 1)
2
(68, 13)
-> Request 1
221
(4, 2, 1)
3
(71, 62)
-> Request 2
433
(4, 2, 1)
3
(16, 1)
-> Request 3
658
(4, 2, 1)
1
(45, 73)
-> Request 4
740
(4, 2, 1)
2
(63, 30)
-> Request 5
880
(4, 3, 1)
2
(78, 28)
-> Request 6
999
(4, 3, 1)
1
(26, 18)
---> Week : 6
--> Day : 0
-> Request 0
53
(4, 1, 1)
1
(20, 9)
-> Request 1
70
(4, 2, 1)
1
(45, 10)
-> Request 2
424
(4, 3, 1)
1
(49, 3)
-> Request 3
465
(4, 2, 1)
3
(73, 68)
-> Request 4
503
(4, 1, 1)
3
(55, 74)
-> Request 5
599
(4, 2, 1)
2
(19, 26)
-> Request 6
988
(4, 2, 1)
1
(9, 54)
-> Request 7
1074
(4, 1, 1)
1
(71, 71)
-> Request 8
1104
(4, 1, 1)
1
(39, 37)
--> Day : 1
-> Request 0
502
(4, 1, 1)
1
(38, 42)
-> Request 1
932
(4, 2, 1)
1
(33, 31)
-> Request 2
1066
(4, 1, 1)
3
(58, 30)
-> Request 3
1272
(4, 2, 1)
1
(56, 33)
-> Request 4
1325
(4, 2, 1)
1
(72, 45)
--> Day : 2
-> Request 0
259
(4, 3, 1)
2
(51, 6)
-> Request 1
588
(4, 2, 1)
2
(6, 77)
-> Request 2
620
(4, 3, 1)
2
(58, 61)
-> Request 3
882
(4, 3, 1)
2
(2, 23)
-> Request 4
1064
(4, 2, 1)
3
(18, 16)
-> Request 5
1419
(4, 2, 1)
3
(1, 18)
--> Day : 3
-> Request 0
402
(4, 3, 1)
2
(51, 38)
-> Request 1
487
(4, 3, 1)
2
(29, 64)
-> Request 2
1173
(4, 1, 1)
3
(9, 71)
-> Request 3
1382
(4, 1, 1)
1
(58, 74)
--> Day : 4
-> Request 0
349
(4, 2, 1)
3
(34, 47)
-> Request 1
423
(4, 2, 1)
2
(41, 24)
-> Request 2
546
(4, 3, 1)
2
(58, 57)
-> Request 3
569
(4, 3, 1)
1
(62, 71)
-> Request 4
1255
(4, 1, 1)
2
(24, 79)
-> Request 5
1258
(4, 1, 1)
1
(69, 47)
---> Week : 7
--> Day : 0
-> Request 0
95
(4, 3, 1)
2
(40, 38)
-> Request 1
775
(4, 2, 1)
1
(77, 7)
-> Request 2
784
(4, 1, 1)
2
(69, 27)
-> Request 3
858
(4, 3, 1)
3
(71, 12)
-> Request 4
1175
(4, 1, 1)
1
(4, 34)
--> Day : 1
-> Request 0
21
(4, 3, 1)
2
(11, 9)
-> Request 1
192
(4, 3, 1)
2
(78, 32)
-> Request 2
197
(4, 2, 1)
1
(66, 53)
-> Request 3
470
(4, 1, 1)
3
(9, 78)
-> Request 4
653
(4, 1, 1)
2
(28, 53)
-> Request 5
708
(4, 1, 1)
3
(60, 13)
-> Request 6
1169
(4, 2, 1)
2
(60, 14)
-> Request 7
1331
(4, 2, 1)
2
(77, 32)
--> Day : 2
-> Request 0
82
(4, 2, 1)
3
(57, 72)
-> Request 1
333
(4, 3, 1)
2
(15, 48)
-> Request 2
338
(4, 2, 1)
1
(12, 28)
-> Request 3
476
(4, 2, 1)
2
(39, 29)
-> Request 4
720
(4, 3, 1)
3
(37, 20)
-> Request 5
982
(4, 2, 1)
1
(1, 48)
-> Request 6
1181
(4, 3, 1)
2
(42, 62)
-> Request 7
1244
(4, 1, 1)
3
(43, 52)
--> Day : 3
-> Request 0
161
(4, 1, 1)
1
(63, 23)
-> Request 1
709
(4, 2, 1)
2
(32, 53)
-> Request 2
803
(4, 3, 1)
1
(78, 48)
-> Request 3
1290
(4, 1, 1)
2
(61, 53)
--> Day : 4
-> Request 0
17
(4, 3, 1)
1
(43, 76)
-> Request 1
171
(4, 1, 1)
1
(7, 40)
-> Request 2
291
(4, 3, 1)
3
(32, 17)
-> Request 3
572
(4, 3, 1)
1
(52, 10)
-> Request 4
678
(4, 2, 1)
2
(18, 33)
-> Request 5
699
(4, 1, 1)
1
(40, 3)
-> Request 6
741
(4, 2, 1)
1
(56, 15)
-> Request 7
808
(4, 2, 1)
2
(36, 71)
-> Request 8
1336
(4, 2, 1)
1
(9, 2)
-> Request 9
1375
(4, 1, 1)
3
(66, 64)
---> Week : 8
--> Day : 0
-> Request 0
10
(4, 1, 1)
3
(45, 13)
-> Request 1
151
(4, 3, 1)
2
(54, 31)
-> Request 2
339
(4, 1, 1)
2
(41, 6)
-> Request 3
493
(4, 3, 1)
2
(28, 71)
-> Request 4
639
(4, 1, 1)
3
(49, 28)
-> Request 5
755
(4, 2, 1)
1
(70, 2)
-> Request 6
811
(4, 1, 1)
1
(9, 32)
-> Request 7
987
(4, 1, 1)
2
(42, 19)
-> Request 8
1001
(4, 2, 1)
2
(45, 46)
-> Request 9
1378
(4, 2, 1)
2
(67, 2)
-> Request 10
1431
(4, 3, 1)
3
(49, 65)
--> Day : 1
-> Request 0
221
(4, 2, 1)
1
(62, 71)
-> Request 1
258
(4, 1, 1)
3
(5, 58)
-> Request 2
562
(4, 3, 1)
2
(24, 48)
-> Request 3
857
(4, 3, 1)
2
(45, 52)
--> Day : 2
-> Request 0
112
(4, 1, 1)
2
(42, 54)
-> Request 1
898
(4, 2, 1)
2
(32, 77)
--> Day : 3
-> Request 0
229
(4, 3, 1)
2
(14, 17)
-> Request 1
799
(4, 2, 1)
2
(63, 75)
-> Request 2
923
(4, 1, 1)
1
(73, 70)
-> Request 3
1073
(4, 2, 1)
2
(12, 35)
-> Request 4
1136
(4, 2, 1)
1
(61, 44)
--> Day : 4
-> Request 0
336
(4, 2, 1)
2
(41, 13)
-> Request 1
771
(4, 2, 1)
3
(51, 38)
-> Request 2
920
(4, 3, 1)
1
(6, 65)
-> Request 3
996
(4, 2, 1)
3
(76, 62)
-> Request 4
1050
(4, 3, 1)
1
(25, 22)
-> Request 5
1088
(4, 2, 1)
3
(12, 11)
-> Request 6
1237
(4, 3, 1)
2
(43, 79)
-> Request 7
1240
(4, 3, 1)
2
(68, 7)
---> Week : 9
--> Day : 0
-> Request 0
108
(4, 1, 1)
3
(50, 62)
-> Request 1
180
(4, 3, 1)
1
(27, 10)
-> Request 2
189
(4, 1, 1)
2
(44, 3)
-> Request 3
231
(4, 2, 1)
1
(18, 48)
-> Request 4
302
(4, 3, 1)
1
(33, 61)
-> Request 5
390
(4, 2, 1)
3
(48, 47)
-> Request 6
982
(4, 1, 1)
2
(34, 24)
-> Request 7
1179
(4, 1, 1)
3
(78, 22)
-> Request 8
1274
(4, 1, 1)
3
(16, 46)
-> Request 9
1412
(4, 1, 1)
1
(63, 2)
--> Day : 1
-> Request 0
425
(4, 2, 1)
1
(61, 27)
-> Request 1
426
(4, 3, 1)
3
(24, 16)
-> Request 2
607
(4, 1, 1)
1
(58, 51)
-> Request 3
1200
(4, 2, 1)
2
(44, 23)
-> Request 4
1226
(4, 2, 1)
1
(13, 76)
-> Request 5
1352
(4, 1, 1)
3
(77, 32)
--> Day : 2
-> Request 0
41
(4, 1, 1)
3
(3, 40)
-> Request 1
530
(4, 3, 1)
2
(41, 17)
-> Request 2
675
(4, 3, 1)
1
(52, 12)
-> Request 3
839
(4, 2, 1)
1
(71, 38)
-> Request 4
1243
(4, 2, 1)
3
(46, 52)
--> Day : 3
-> Request 0
23
(4, 2, 1)
1
(30, 19)
-> Request 1
284
(4, 1, 1)
1
(28, 54)
-> Request 2
327
(4, 3, 1)
1
(46, 73)
-> Request 3
515
(4, 2, 1)
3
(71, 69)
-> Request 4
732
(4, 1, 1)
1
(54, 40)
-> Request 5
907
(4, 2, 1)
2
(48, 25)
-> Request 6
933
(4, 3, 1)
2
(71, 3)
-> Request 7
1065
(4, 1, 1)
3
(50, 74)
--> Day : 4
-> Request 0
109
(4, 2, 1)
3
(34, 31)
-> Request 1
251
(4, 2, 1)
1
(26, 9)
-> Request 2
697
(4, 2, 1)
3
(72, 20)
-> Request 3
741
(4, 1, 1)
1
(71, 47)
-> Request 4
817
(4, 2, 1)
3
(68, 79)
-> Request 5
1242
(4, 1, 1)
3
(1, 5)
-> Request 6
1325
(4, 2, 1)
2
(78, 68)
---> Week : 10
--> Day : 0
-> Request 0
28
(4, 1, 1)
3
(77, 29)
-> Request 1
31
(4, 3, 1)
3
(65, 61)
-> Request 2
690
(4, 2, 1)
2
(64, 48)
-> Request 3
828
(4, 1, 1)
3
(60, 73)
-> Request 4
1020
(4, 3, 1)
2
(1, 23)
-> Request 5
1048
(4, 1, 1)
2
(52, 44)
-> Request 6
1137
(4, 3, 1)
1
(60, 40)
-> Request 7
1429
(4, 3, 1)
1
(68, 58)
--> Day : 1
-> Request 0
89
(4, 2, 1)
2
(28, 64)
-> Request 1
178
(4, 1, 1)
3
(53, 53)
-> Request 2
448
(4, 2, 1)
3
(8, 64)
-> Request 3
629
(4, 2, 1)
1
(50, 33)
-> Request 4
1365
(4, 3, 1)
2
(23, 26)
--> Day : 2
-> Request 0
663
(4, 1, 1)
2
(42, 65)
-> Request 1
668
(4, 3, 1)
3
(7, 25)
-> Request 2
1077
(4, 1, 1)
3
(64, 26)
-> Request 3
1102
(4, 3, 1)
2
(71, 9)
--> Day : 3
-> Request 0
7
(4, 1, 1)
2
(11, 8)
-> Request 1
643
(4, 3, 1)
2
(15, 60)
-> Request 2
865
(4, 1, 1)
2
(5, 29)
-> Request 3
896
(4, 3, 1)
3
(58, 22)
-> Request 4
1387
(4, 1, 1)
1
(36, 21)
--> Day : 4
-> Request 0
246
(4, 1, 1)
3
(67, 51)
-> Request 1
308
(4, 3, 1)
1
(41, 36)
-> Request 2
580
(4, 2, 1)
1
(49, 72)
-> Request 3
796
(4, 3, 1)
2
(15, 62)
-> Request 4
911
(4, 3, 1)
2
(51, 65)
-> Request 5
942
(4, 2, 1)
1
(54, 57)
-> Request 6
1144
(4, 1, 1)
2
(14, 71)
-> Request 7
1371
(4, 3, 1)
1
(44, 56)
---> Week : 11
--> Day : 0
-> Request 0
34
(4, 1, 1)
2
(11, 23)
-> Request 1
462
(4, 2, 1)
3
(20, 50)
-> Request 2
514
(4, 3, 1)
1
(18, 29)
-> Request 3
547
(4, 2, 1)
2
(15, 45)
-> Request 4
748
(4, 1, 1)
3
(15, 7)
-> Request 5
1093
(4, 1, 1)
2
(10, 10)
-> Request 6
1106
(4, 2, 1)
2
(31, 71)
--> Day : 1
-> Request 0
2
(4, 1, 1)
1
(45, 28)
-> Request 1
247
(4, 2, 1)
2
(72, 18)
-> Request 2
353
(4, 2, 1)
3
(19, 38)
-> Request 3
369
(4, 2, 1)
3
(34, 46)
-> Request 4
414
(4, 1, 1)
2
(5, 53)
-> Request 5
474
(4, 1, 1)
2
(22, 63)
-> Request 6
566
(4, 3, 1)
1
(72, 24)
-> Request 7
1118
(4, 3, 1)
2
(59, 39)
-> Request 8
1180
(4, 2, 1)
1
(48, 20)
-> Request 9
1327
(4, 3, 1)
3
(71, 62)
-> Request 10
1329
(4, 2, 1)
2
(43, 71)
--> Day : 2
-> Request 0
93
(4, 1, 1)
1
(36, 6)
-> Request 1
314
(4, 1, 1)
2
(60, 28)
-> Request 2
762
(4, 1, 1)
1
(68, 47)
-> Request 3
786
(4, 2, 1)
1
(38, 58)
-> Request 4
920
(4, 3, 1)
3
(61, 47)
-> Request 5
1403
(4, 1, 1)
1
(65, 23)
--> Day : 3
-> Request 0
139
(4, 1, 1)
1
(26, 25)
-> Request 1
312
(4, 2, 1)
2
(15, 78)
-> Request 2
322
(4, 2, 1)
3
(39, 26)
-> Request 3
828
(4, 1, 1)
2
(61, 0)
-> Request 4
977
(4, 3, 1)
3
(44, 66)
-> Request 5
1009
(4, 3, 1)
1
(59, 33)
-> Request 6
1280
(4, 1, 1)
3
(13, 18)
-> Request 7
1362
(4, 1, 1)
3
(36, 60)
--> Day : 4
-> Request 0
54
(4, 3, 1)
1
(37, 25)
-> Request 1
140
(4, 1, 1)
1
(45, 47)
-> Request 2
165
(4, 1, 1)
1
(17, 33)
-> Request 3
559
(4, 1, 1)
3
(4, 0)
-> Request 4
703
(4, 3, 1)
2
(43, 42)
-> Request 5
737
(4, 1, 1)
2
(13, 36)
-> Request 6
956
(4, 3, 1)
2
(28, 47)
-> Request 7
1143
(4, 1, 1)
2
(41, 47)
-> Request 8
1248
(4, 3, 1)
1
(53, 22)
---> Week : 12
--> Day : 0
-> Request 0
0
(4, 2, 1)
2
(38, 69)
-> Request 1
34
(4, 1, 1)
1
(46, 53)
-> Request 2
115
(4, 1, 1)
1
(33, 56)
-> Request 3
310
(4, 1, 1)
3
(62, 61)
-> Request 4
552
(4, 2, 1)
2
(56, 61)
-> Request 5
648
(4, 2, 1)
2
(31, 50)
-> Request 6
682
(4, 2, 1)
2
(31, 74)
-> Request 7
999
(4, 1, 1)
1
(22, 18)
--> Day : 1
-> Request 0
3
(4, 3, 1)
2
(40, 74)
-> Request 1
202
(4, 2, 1)
1
(16, 26)
-> Request 2
516
(4, 2, 1)
3
(3, 4)
-> Request 3
887
(4, 1, 1)
3
(3, 9)
-> Request 4
1055
(4, 2, 1)
3
(3, 11)
-> Request 5
1062
(4, 3, 1)
1
(66, 11)
-> Request 6
1119
(4, 1, 1)
2
(79, 31)
-> Request 7
1168
(4, 1, 1)
3
(59, 44)
--> Day : 2
-> Request 0
84
(4, 1, 1)
2
(65, 49)
-> Request 1
288
(4, 1, 1)
1
(77, 49)
-> Request 2
433
(4, 2, 1)
2
(56, 79)
-> Request 3
456
(4, 1, 1)
2
(54, 4)
-> Request 4
504
(4, 3, 1)
1
(68, 37)
-> Request 5
622
(4, 2, 1)
1
(64, 33)
-> Request 6
956
(4, 3, 1)
1
(33, 7)
-> Request 7
1025
(4, 2, 1)
1
(42, 36)
-> Request 8
1124
(4, 1, 1)
3
(5, 64)
-> Request 9
1245
(4, 1, 1)
2
(12, 51)
--> Day : 3
-> Request 0
227
(4, 3, 1)
1
(8, 0)
-> Request 1
472
(4, 1, 1)
1
(41, 68)
-> Request 2
864
(4, 3, 1)
3
(41, 42)
-> Request 3
869
(4, 3, 1)
1
(35, 31)
-> Request 4
877
(4, 3, 1)
3
(35, 28)
-> Request 5
1390
(4, 1, 1)
1
(27, 9)
--> Day : 4
-> Request 0
99
(4, 2, 1)
2
(3, 19)
-> Request 1
249
(4, 3, 1)
3
(77, 22)
-> Request 2
1223
(4, 3, 1)
1
(62, 69)
---> Week : 13
--> Day : 0
-> Request 0
163
(4, 3, 1)
3
(33, 40)
-> Request 1
273
(4, 1, 1)
1
(13, 58)
-> Request 2
507
(4, 2, 1)
2
(62, 46)
-> Request 3
688
(4, 2, 1)
2
(18, 50)
--> Day : 1
-> Request 0
214
(4, 2, 1)
3
(6, 7)
-> Request 1
521
(4, 3, 1)
1
(28, 0)
--> Day : 2
-> Request 0
374
(4, 1, 1)
2
(18, 29)
-> Request 1
633
(4, 1, 1)
2
(65, 0)
-> Request 2
830
(4, 3, 1)
2
(17, 56)
-> Request 3
848
(4, 2, 1)
3
(74, 37)
-> Request 4
953
(4, 2, 1)
1
(31, 1)
--> Day : 3
-> Request 0
581
(4, 2, 1)
2
(38, 12)
-> Request 1
947
(4, 2, 1)
1
(58, 38)
--> Day : 4
-> Request 0
322
(4, 2, 1)
3
(33, 73)
-> Request 1
734
(4, 2, 1)
1
(45, 0)
-> Request 2
1269
(4, 3, 1)
1
(76, 43)
-> Request 3
1278
(4, 2, 1)
2
(46, 53)
---> Week : 14
--> Day : 0
-> Request 0
140
(4, 3, 1)
3
(18, 49)
-> Request 1
201
(4, 1, 1)
2
(27, 67)
-> Request 2
454
(4, 1, 1)
3
(3, 66)
-> Request 3
514
(4, 2, 1)
1
(25, 53)
-> Request 4
901
(4, 1, 1)
1
(46, 68)
-> Request 5
933
(4, 3, 1)
3
(49, 77)
-> Request 6
967
(4, 1, 1)
3
(68, 39)
-> Request 7
1142
(4, 3, 1)
2
(60, 71)
-> Request 8
1334
(4, 3, 1)
2
(42, 27)
--> Day : 1
-> Request 0
21
(4, 1, 1)
3
(5, 21)
-> Request 1
1291
(4, 1, 1)
3
(19, 7)
--> Day : 2
-> Request 0
412
(4, 3, 1)
1
(19, 27)
-> Request 1
422
(4, 3, 1)
2
(67, 17)
-> Request 2
536
(4, 2, 1)
3
(71, 63)
-> Request 3
546
(4, 2, 1)
1
(67, 4)
-> Request 4
905
(4, 1, 1)
3
(14, 47)
-> Request 5
1128
(4, 2, 1)
3
(54, 77)
-> Request 6
1413
(4, 3, 1)
2
(33, 53)
--> Day : 3
-> Request 0
155
(4, 3, 1)
2
(32, 67)
-> Request 1
493
(4, 2, 1)
2
(26, 76)
-> Request 2
521
(4, 3, 1)
2
(75, 58)
-> Request 3
1022
(4, 2, 1)
3
(35, 8)
-> Request 4
1235
(4, 3, 1)
2
(51, 65)
--> Day : 4
-> Request 0
351
(4, 1, 1)
1
(76, 61)
-> Request 1
365
(4, 2, 1)
1
(76, 21)
-> Request 2
436
(4, 1, 1)
2
(25, 49)
-> Request 3
692
(4, 3, 1)
2
(53, 13)
-> Request 4
743
(4, 1, 1)
3
(40, 73)
-> Request 5
873
(4, 1, 1)
2
(68, 75)
-> Request 6
876
(4, 2, 1)
1
(62, 24)
-> Request 7
950
(4, 3, 1)
1
(57, 76)
---> Week : 15
--> Day : 0
-> Request 0
196
(4, 2, 1)
3
(20, 65)
-> Request 1
613
(4, 3, 1)
2
(58, 66)
-> Request 2
917
(4, 1, 1)
2
(32, 24)
-> Request 3
1017
(4, 1, 1)
2
(1, 71)
-> Request 4
1036
(4, 3, 1)
1
(48, 31)
-> Request 5
1125
(4, 1, 1)
1
(21, 37)
-> Request 6
1405
(4, 1, 1)
3
(61, 46)
--> Day : 1
-> Request 0
147
(4, 2, 1)
1
(22, 25)
-> Request 1
462
(4, 3, 1)
3
(6, 26)
-> Request 2
523
(4, 2, 1)
3
(50, 4)
-> Request 3
644
(4, 1, 1)
3
(75, 11)
-> Request 4
725
(4, 2, 1)
3
(49, 73)
-> Request 5
1273
(4, 1, 1)
2
(60, 51)
-> Request 6
1276
(4, 3, 1)
2
(41, 39)
-> Request 7
1329
(4, 2, 1)
2
(3, 4)
--> Day : 2
-> Request 0
308
(4, 2, 1)
1
(52, 78)
-> Request 1
420
(4, 1, 1)
2
(56, 71)
-> Request 2
436
(4, 3, 1)
2
(40, 12)
-> Request 3
522
(4, 3, 1)
3
(64, 7)
-> Request 4
629
(4, 1, 1)
1
(10, 67)
-> Request 5
657
(4, 2, 1)
1
(36, 44)
-> Request 6
981
(4, 3, 1)
3
(76, 55)
--> Day : 3
-> Request 0
660
(4, 2, 1)
1
(61, 37)
-> Request 1
719
(4, 3, 1)
1
(51, 44)
-> Request 2
742
(4, 1, 1)
3
(59, 72)
-> Request 3
1264
(4, 1, 1)
1
(9, 15)
--> Day : 4
-> Request 0
373
(4, 2, 1)
1
(16, 68)
-> Request 1
427
(4, 1, 1)
1
(75, 27)
-> Request 2
1101
(4, 3, 1)
2
(29, 64)
-> Request 3
1328
(4, 2, 1)
2
(44, 74)
---> Week : 16
--> Day : 0
-> Request 0
250
(4, 2, 1)
2
(39, 53)
-> Request 1
270
(4, 3, 1)
1
(48, 14)
-> Request 2
277
(4, 3, 1)
3
(63, 53)
-> Request 3
520
(4, 3, 1)
1
(24, 40)
-> Request 4
698
(4, 3, 1)
1
(22, 68)
-> Request 5
997
(4, 3, 1)
3
(46, 59)
--> Day : 1
-> Request 0
327
(4, 3, 1)
1
(37, 1)
-> Request 1
368
(4, 1, 1)
1
(64, 14)
-> Request 2
1050
(4, 2, 1)
3
(77, 25)
-> Request 3
1175
(4, 2, 1)
3
(10, 20)
-> Request 4
1341
(4, 1, 1)
3
(69, 34)
--> Day : 2
-> Request 0
262
(4, 2, 1)
2
(32, 62)
-> Request 1
537
(4, 1, 1)
1
(61, 74)
-> Request 2
958
(4, 3, 1)
3
(78, 71)
--> Day : 3
-> Request 0
18
(4, 3, 1)
2
(16, 8)
-> Request 1
385
(4, 3, 1)
3
(28, 27)
-> Request 2
454
(4, 3, 1)
1
(31, 63)
-> Request 3
530
(4, 3, 1)
2
(52, 53)
-> Request 4
888
(4, 1, 1)
3
(39, 9)
-> Request 5
1436
(4, 1, 1)
2
(55, 10)
--> Day : 4
-> Request 0
1142
(4, 1, 1)
2
(1, 61)
-> Request 1
1168
(4, 2, 1)
1
(64, 62)
-> Request 2
1295
(4, 1, 1)
2
(75, 44)
-> Request 3
1374
(4, 1, 1)
3
(0, 36)
---> Week : 17
--> Day : 0
-> Request 0
325
(4, 3, 1)
2
(49, 0)
-> Request 1
653
(4, 3, 1)
3
(56, 39)
--> Day : 1
-> Request 0
18
(4, 2, 1)
1
(38, 45)
-> Request 1
209
(4, 2, 1)
1
(36, 57)
-> Request 2
400
(4, 2, 1)
2
(78, 12)
-> Request 3
559
(4, 1, 1)
1
(44, 75)
-> Request 4
926
(4, 2, 1)
2
(56, 65)
--> Day : 2
-> Request 0
46
(4, 1, 1)
1
(2, 45)
-> Request 1
367
(4, 3, 1)
1
(31, 4)
-> Request 2
523
(4, 1, 1)
3
(37, 69)
-> Request 3
969
(4, 3, 1)
3
(11, 78)
-> Request 4
971
(4, 1, 1)
1
(47, 3)
-> Request 5
1196
(4, 1, 1)
1
(66, 73)
-> Request 6
1337
(4, 2, 1)
2
(60, 49)
--> Day : 3
-> Request 0
576
(4, 3, 1)
3
(63, 68)
-> Request 1
587
(4, 1, 1)
3
(19, 64)
-> Request 2
769
(4, 3, 1)
3
(19, 6)
-> Request 3
1004
(4, 2, 1)
2
(59, 16)
-> Request 4
1045
(4, 3, 1)
3
(9, 6)
-> Request 5
1234
(4, 1, 1)
1
(23, 16)
-> Request 6
1295
(4, 1, 1)
1
(57, 35)
--> Day : 4
-> Request 0
166
(4, 1, 1)
3
(78, 49)
-> Request 1
524
(4, 3, 1)
1
(1, 27)
---> Week : 18
--> Day : 0
-> Request 0
454
(4, 2, 1)
1
(14, 19)
-> Request 1
519
(4, 3, 1)
2
(16, 41)
-> Request 2
541
(4, 3, 1)
1
(39, 17)
-> Request 3
635
(4, 3, 1)
1
(78, 71)
-> Request 4
1162
(4, 1, 1)
3
(7, 27)
--> Day : 1
-> Request 0
308
(4, 3, 1)
3
(20, 72)
-> Request 1
420
(4, 1, 1)
1
(62, 22)
-> Request 2
595
(4, 1, 1)
2
(79, 39)
-> Request 3
698
(4, 3, 1)
1
(51, 42)
-> Request 4
789
(4, 3, 1)
1
(43, 16)
-> Request 5
1269
(4, 1, 1)
3
(79, 73)
-> Request 6
1386
(4, 1, 1)
1
(55, 27)
--> Day : 2
-> Request 0
155
(4, 3, 1)
2
(21, 63)
-> Request 1
207
(4, 2, 1)
1
(45, 63)
-> Request 2
416
(4, 3, 1)
2
(67, 24)
-> Request 3
593
(4, 3, 1)
3
(48, 42)
-> Request 4
1271
(4, 3, 1)
2
(54, 23)
-> Request 5
1357
(4, 2, 1)
3
(41, 76)
--> Day : 3
-> Request 0
142
(4, 2, 1)
3
(50, 55)
-> Request 1
206
(4, 3, 1)
1
(23, 79)
-> Request 2
390
(4, 1, 1)
2
(46, 16)
-> Request 3
734
(4, 2, 1)
1
(11, 28)
-> Request 4
847
(4, 1, 1)
3
(62, 48)
-> Request 5
1124
(4, 1, 1)
3
(47, 63)
-> Request 6
1178
(4, 3, 1)
2
(28, 44)
-> Request 7
1321
(4, 3, 1)
2
(56, 66)
--> Day : 4
-> Request 0
527
(4, 3, 1)
3
(15, 14)
-> Request 1
737
(4, 3, 1)
1
(2, 31)
-> Request 2
766
(4, 1, 1)
2
(43, 29)
-> Request 3
1316
(4, 1, 1)
3
(47, 34)
-> Request 4
1431
(4, 2, 1)
2
(21, 48)
---> Week : 19
--> Day : 0
-> Request 0
206
(4, 1, 1)
1
(31, 45)
-> Request 1
252
(4, 3, 1)
1
(11, 49)
-> Request 2
423
(4, 2, 1)
1
(0, 30)
-> Request 3
582
(4, 2, 1)
3
(2, 4)
-> Request 4
584
(4, 2, 1)
1
(69, 39)
-> Request 5
650
(4, 2, 1)
2
(56, 33)
-> Request 6
1223
(4, 3, 1)
3
(13, 12)
--> Day : 1
-> Request 0
153
(4, 1, 1)
1
(49, 51)
-> Request 1
310
(4, 1, 1)
2
(68, 26)
-> Request 2
311
(4, 2, 1)
1
(13, 58)
-> Request 3
320
(4, 1, 1)
3
(61, 11)
-> Request 4
359
(4, 3, 1)
3
(8, 57)
-> Request 5
588
(4, 3, 1)
2
(55, 36)
-> Request 6
674
(4, 2, 1)
3
(45, 74)
-> Request 7
985
(4, 2, 1)
1
(42, 50)
-> Request 8
1005
(4, 1, 1)
2
(48, 75)
-> Request 9
1055
(4, 1, 1)
3
(74, 7)
-> Request 10
1352
(4, 1, 1)
2
(57, 0)
--> Day : 2
-> Request 0
117
(4, 3, 1)
2
(28, 1)
-> Request 1
300
(4, 2, 1)
1
(41, 15)
-> Request 2
303
(4, 2, 1)
1
(72, 46)
-> Request 3
337
(4, 2, 1)
2
(61, 14)
-> Request 4
461
(4, 3, 1)
1
(35, 6)
-> Request 5
989
(4, 2, 1)
1
(68, 0)
-> Request 6
1311
(4, 2, 1)
3
(42, 52)
-> Request 7
1315
(4, 2, 1)
2
(3, 35)
--> Day : 3
-> Request 0
113
(4, 2, 1)
2
(12, 17)
-> Request 1
429
(4, 3, 1)
1
(71, 37)
-> Request 2
793
(4, 2, 1)
3
(36, 70)
--> Day : 4
-> Request 0
24
(4, 2, 1)
1
(64, 1)
-> Request 1
221
(4, 2, 1)
1
(57, 32)
-> Request 2
362
(4, 2, 1)
1
(74, 60)
-> Request 3
1022
(4, 1, 1)
1
(17, 1)
