---> Week : 0
--> Day : 0
-> Request 0
224
(4, 2, 1)
2
(37, 16)
-> Request 1
274
(4, 1, 1)
3
(69, 77)
-> Request 2
352
(4, 3, 1)
1
(64, 60)
-> Request 3
1309
(4, 3, 1)
2
(2, 28)
-> Request 4
1396
(4, 3, 1)
1
(73, 62)
--> Day : 1
-> Request 0
8
(4, 3, 1)
3
(76, 16)
-> Request 1
310
(4, 3, 1)
1
(36, 1)
-> Request 2
399
(4, 1, 1)
1
(77, 28)
-> Request 3
506
(4, 1, 1)
2
(77, 78)
--> Day : 2
-> Request 0
349
(4, 3, 1)
3
(0, 55)
-> Request 1
904
(4, 2, 1)
3
(15, 1)
-> Request 2
1094
(4, 1, 1)
3
(49, 23)
-> Request 3
1431
(4, 2, 1)
1
(32, 44)
--> Day : 3
-> Request 0
111
(4, 3, 1)
2
(24, 11)
-> Request 1
148
(4, 3, 1)
3
(65, 35)
-> Request 2
766
(4, 3, 1)
2
(24, 64)
-> Request 3
922
(4, 1, 1)
3
(7, 58)
-> Request 4
982
(4, 2, 1)
3
(35, 26)
--> Day : 4
-> Request 0
214
(4, 2, 1)
2
(6, 40)
-> Request 1
469
(4, 3, 1)
3
(32, 57)
-> Request 2
482
(4, 1, 1)
3
(27, 77)
-> Request 3
486
(4, 2, 1)
1
(39, 36)
-> Request 4
939
(4, 2, 1)
3
(47, 18)
-> Request 5
1008
(4, 3, 1)
3
(4, 0)
-> Request 6
1279
(4, 1, 1)
1
(38, 64)
---> Week : 1
--> Day : 0
-> Request 0
309
(4, 1, 1)
1
(24, 29)
-> Request 1
329
(4, 1, 1)
1
(20, 29)
-> Request 2
410
(4, 2, 1)
2
(67, 37)
-> Request 3
1027
(4, 2, 1)
3
(19, 61)
-> Request 4
1402
(4, 1, 1)
2
(28, 69)
--> Day : 1
-> Request 0
238
(4, 3, 1)
3
(11, 52)
-> Request 1
633
(4, 2, 1)
3
(21, 53)
-> Request 2
893
(4, 1, 1)
2
(33, 74)
-> Request 3
1352
(4, 1, 1)
1
(12, 73)
--> Day : 2
-> Request 0
354
(4, 3, 1)
3
(63, 58)
-> Request 1
462
(4, 3, 1)
2
(47, 53)
-> Request 2
596
(4, 3, 1)
3
(5, 32)
-> Request 3
645
(4, 2, 1)
3
(62, 59)
-> Request 4
676
(4, 3, 1)
2
(66, 8)
-> Request 5
834
(4, 1, 1)
1
(17, 36)
-> Request 6
1111
(4, 2, 1)
3
(20, 16)
-> Request 7
1346
(4, 2, 1)
2
(76, 44)
--> Day : 3
-> Request 0
310
(4, 3, 1)
3
(31, 34)
-> Request 1
805
(4, 2, 1)
2
(31, 20)
-> Request 2
1117
(4, 3, 1)
1
(17, 73)
-> Request 3
1432
(4, 3, 1)
2
(64, 60)
-> Request 4
1432
(4, 1, 1)
3
(16, 79)
--> Day : 4
-> Request 0
79
(4, 1, 1)
3
(30, 60)
-> Request 1
642
(4, 1, 1)
1
(46, 59)
-> Request 2
927
(4, 2, 1)
1
(60, 56)
-> Request 3
929
(4, 1, 1)
1
(51, 79)
-> Request 4
960
(4, 1, 1)
1
(53, 19)
-> Request 5
1017
(4, 1, 1)
3
(43, 76)
-> Request 6
1304
(4, 1, 1)
2
(19, 9)
---> Week : 2
--> Day : 0
-> Request 0
242
(4, 1, 1)
2
(14, 73)
-> Request 1
460
(4, 2, 1)
3
(4, 31)
-> Request 2
578
(4, 1, 1)
3
(63, 66)
-> Request 3
685
(4, 1, 1)
1
(5, 65)
-> Request 4
759
(4, 3, 1)
1
(13, 44)
-> Request 5
809
(4, 2, 1)
3
(56, 79)
-> Request 6
809
(4, 1, 1)
2
(63, 10)
-> Request 7
1073
(4, 1, 1)
1
(44, 8)
--> Day : 1
-> Request 0
257
(4, 3, 1)
3
(78, 60)
-> Request 1
546
(4, 1, 1)
3
(64, 65)
-> Request 2
1023
(4, 3, 1)
3
(63, 13)
-> Request 3
1042
(4, 1, 1)
3
(56, 77)
-> Request 4
1283
(4, 2, 1)
2
(50, 48)
-> Request 5
1289
(4, 1, 1)
3
(76, 2)
-> Request 6
1396
(4, 2, 1)
2
(12, 42)
--> Day : 2
-> Request 0
472
(4, 2, 1)
3
(39, 10)
-> Request 1
556
(4, 1, 1)
2
(17, 61)
-> Request 2
1097
(4, 2, 1)
3
(68, 32)
-> Request 3
1128
(4, 2, 1)
1
(23, 29)
-> Request 4
1177
(4, 2, 1)
2
(15, 35)
-> Request 5
1192
(4, 2, 1)
1
(54, 25)
--> Day : 3
-> Request 0
526
(4, 1, 1)
1
(20, 59)
-> Request 1
660
(4, 1, 1)
1
(4, 41)
-> Request 2
814
(4, 1, 1)
3
(65, 7)
-> Request 3
923
(4, 1, 1)
2
(2, 79)
-> Request 4
1116
(4, 3, 1)
3
(72, 62)
-> Request 5
1316
(4, 3, 1)
1
(41, 6)
--> Day : 4
-> Request 0
1160
(4, 3, 1)
2
(65, 52)
---> Week : 3
--> Day : 0
-> Request 0
3
(4, 2, 1)
3
(4, 67)
-> Request 1
114
(4, 3, 1)
2
(13, 19)
-> Request 2
706
(4, 2, 1)
1
(33, 41)
-> Request 3
886
(4, 2, 1)
3
(46, 71)
-> Request 4
1109
(4, 2, 1)
3
(6, 48)
-> Request 5
1306
(4, 3, 1)
1
(6, 45)
--> Day : 1
-> Request 0
687
(4, 1, 1)
2
(34, 67)
-> Request 1
801
(4, 3, 1)
2
(69, 71)
-> Request 2
1226
(4, 2, 1)
2
(1, 29)
-> Request 3
1253
(4, 2, 1)
3
(25, 26)
-> Request 4
1270
(4, 1, 1)
2
(29, 74)
--> Day : 2
-> Request 0
905
(4, 2, 1)
3
(42, 40)
-> Request 1
978
(4, 1, 1)
2
(2, 36)
-> Request 2
1276
(4, 3, 1)
1
(18, 57)
-> Request 3
1398
(4, 3, 1)
3
(0, 34)
--> Day : 3
-> Request 0
196
(4, 3, 1)
1
(4, 20)
-> Request 1
360
(4, 3, 1)
1
(22, 58)
-> Request 2
678
(4, 3, 1)
3
(45, 20)
-> Request 3
784
(4, 3, 1)
1
(4, 34)
-> Request 4
1112
(4, 3, 1)
2
(40, 77)
-> Request 5
1117
(4, 2, 1)
2
(12, 76)
--> Day : 4
-> Request 0
489
(4, 3, 1)
2
(63, 59)
-> Request 1
820
(4, 3, 1)
3
(79, 50)
-> Request 2
1107
(4, 3, 1)
1
(47, 52)
-> Request 3
1154
(4, 1, 1)
1
(36, 46)
---> Week : 4
--> Day : 0
-> Request 0
487
(4, 2, 1)
1
(70, 37)
-> Request 1
520
(4, 1, 1)
1
(38, 20)
-> Request 2
1211
(4, 1, 1)
2
(32, 0)
--> Day : 1
-> Request 0
263
(4, 1, 1)
2
(67, 65)
-> Request 1
316
(4, 1, 1)
2
(66, 15)
-> Request 2
551
(4, 2, 1)
1
(49, 43)
-> Request 3
1219
(4, 1, 1)
3
(16, 43)
--> Day : 2
-> Request 0
388
(4, 2, 1)
3
(43, 57)
-> Request 1
422
(4, 2, 1)
3
(71, 44)
-> Request 2
1292
(4, 2, 1)
3
(57, 14)
--> Day : 3
-> Request 0
22
(4, 3, 1)
1
(29, 35)
-> Request 1
451
(4, 1, 1)
3
(13, 9)
-> Request 2
1094
(4, 2, 1)
2
(37, 63)
--> Day : 4
-> Request 0
414
(4, 3, 1)
3
(11, 27)
-> Request 1
515
(4, 1, 1)
3
(12, 18)
-> Request 2
553
(4, 2, 1)
2
(61, 38)
-> Request 3
712
(4, 3, 1)
2
(51, 15)
-> Request 4
982
(4, 1, 1)
1
(45, 40)
-> Request 5
1124
(4, 1, 1)
3
(43, 77)
---> Week : 5
--> Day : 0
-> Request 0
339
(4, 1, 1)
1
(5, 68)
-> Request 1
1351
(4, 2, 1)
2
(39, 44)
-> Request 2
1385
(4, 2, 1)
2
(73, 76)
--> Day : 1
-> Request 0
349
(4, 1, 1)
1
(41, 68)
-> Request 1
829
(4, 3, 1)
1
(8, 67)
-> Request 2
920
(4, 1, 1)
3
(55, 22)
-> Request 3
948
(4, 1, 1)
2
(30, 2)
-> Request 4
986
(4, 3, 1)
3
(7, 55)
-> Request 5
1256
(4, 3, 1)
2
(58, 66)
-> Request 6
1399
(4, 3, 1)
3
(71, 8)
--> Day : 2
-> Request 0
39
(4, 3, 1)
3
(4, 44)
-> Request 1
930
(4, 3, 1)
2
(42, 59)
-> Request 2
977
(4, 3, 1)
3
(55, 49)
-> Request 3
1197
(4, 1, 1)
1
(67, 0)
-> Request 4
1334
(4, 1, 1)
2
(23, 18)
--> Day : 3
-> Request 0
168
(4, 1, 1)
3
(6, 28)
-> Request 1
380
(4, 3, 1)
2
(53, 7)
-> Request 2
479
(4, 1, 1)
3
(59, 43)
-> Request 3
747
(4, 2, 1)
3
(42, 4)
-> Request 4
1272
(4, 1, 1)
3
(7, 47)
-> Request 5
1378
(4, 1, 1)
3
(52, 13)
--> Day : 4
-> Request 0
7
(4, 2, 1)
2
(20, 7)
-> Request 1
37
(4, 2, 1)
1
(10, 78)
-> Request 2
157
(4, 1, 1)
2
(12, 43)
-> Request 3
401
(4, 1, 1)
3
(35, 23)
-> Request 4
566
(4, 1, 1)
1
(12, 60)
-> Request 5
656
(4, 2, 1)
1
(6, 56)
-> Request 6
709
(4, 3, 1)
3
(23, 75)
-> Request 7
856
(4, 2, 1)
2
(35, 52)
-> Request 8
1243
(4, 3, 1)
3
(68, 72)
---> Week : 6
--> Day : 0
-> Request 0
460
(4, 2, 1)
1
(64, 76)
-> Request 1
668
(4, 1, 1)
3
(6, 64)
-> Request 2
991
(4, 2, 1)
2
(48, 42)
--> Day : 1
-> Request 0
88
(4, 1, 1)
1
(74, 17)
-> Request 1
630
(4, 2, 1)
3
(47, 28)
-> Request 2
1088
(4, 3, 1)
2
(63, 40)
-> Request 3
1177
(4, 1, 1)
1
(57, 47)
--> Day : 2
-> Request 0
436
(4, 3, 1)
2
(76, 7)
-> Request 1
1063
(4, 1, 1)
3
(7, 39)
-> Request 2
1112
(4, 1, 1)
3
(41, 76)
-> Request 3
1208
(4, 2, 1)
3
(75, 79)
--> Day : 3
-> Request 0
45
(4, 3, 1)
2
(56, 72)
-> Request 1
225
(4, 3, 1)
1
(78, 59)
-> Request 2
300
(4, 3, 1)
1
(1, 73)
-> Request 3
357
(4, 1, 1)
3
(56, 31)
-> Request 4
564
(4, 2, 1)
2
(32, 62)
-> Request 5
833
(4, 1, 1)
2
(17, 7)
-> Request 6
1023
(4, 1, 1)
1
(76, 28)
-> Request 7
1088
(4, 3, 1)
2
(60, 30)
-> Request 8
1200
(4, 3, 1)
2
(70, 53)
--> Day : 4
-> Request 0
323
(4, 1, 1)
2
(40, 38)
-> Request 1
500
(4, 3, 1)
3
(14, 72)
-> Request 2
1394
(4, 3, 1)
2
(28, 22)
---> Week : 7
--> Day : 0
-> Request 0
623
(4, 1, 1)
3
(8, 40)
-> Request 1
646
(4, 3, 1)
1
(6, 69)
-> Request 2
647
(4, 2, 1)
3
(16, 22)
-> Request 3
931
(4, 3, 1)
3
(30, 36)
-> Request 4
952
(4, 1, 1)
2
(27, 39)
-> Request 5
1004
(4, 3, 1)
3
(75, 18)
-> Request 6
1223
(4, 1, 1)
1
(11, 59)
--> Day : 1
-> Request 0
34
(4, 2, 1)
3
(14, 66)
-> Request 1
239
(4, 2, 1)
1
(37, 38)
-> Request 2
351
(4, 1, 1)
3
(62, 26)
-> Request 3
367
(4, 2, 1)
1
(77, 0)
-> Request 4
524
(4, 1, 1)
1
(11, 30)
-> Request 5
719
(4, 1, 1)
3
(40, 64)
-> Request 6
946
(4, 2, 1)
1
(41, 8)
-> Request 7
1058
(4, 2, 1)
1
(15, 32)
-> Request 8
1119
(4, 2, 1)
1
(74, 39)
-> Request 9
1198
(4, 1, 1)
2
(55, 36)
-> Request 10
1329
(4, 2, 1)
3
(51, 6)
--> Day : 2
-> Request 0
379
(4, 1, 1)
1
(17, 15)
-> Request 1
588
(4, 3, 1)
1
(14, 38)
-> Request 2
837
(4, 2, 1)
3
(19, 46)
-> Request 3
1223
(4, 2, 1)
2
(68, 37)
-> Request 4
1305
(4, 3, 1)
1
(26, 62)
-> Request 5
1316
(4, 2, 1)
1
(14, 29)
--> Day : 3
-> Request 0
916
(4, 1, 1)
1
(42, 61)
-> Request 1
956
(4, 1, 1)
1
(47, 30)
--> Day : 4
-> Request 0
56
(4, 2, 1)
1
(57, 62)
-> Request 1
59
(4, 2, 1)
1
(53, 33)
-> Request 2
120
(4, 2, 1)
1
(66, 13)
-> Request 3
140
(4, 1, 1)
2
(15, 23)
-> Request 4
746
(4, 1, 1)
3
(52, 21)
-> Request 5
1147
(4, 3, 1)
3
(38, 31)
-> Request 6
1403
(4, 3, 1)
1
(49, 70)
---> Week : 8
--> Day : 0
-> Request 0
567
(4, 1, 1)
1
(70, 49)
-> Request 1
810
(4, 1, 1)
3
(71, 78)
-> Request 2
830
(4, 3, 1)
3
(60, 30)
-> Request 3
980
(4, 1, 1)
1
(42, 37)
-> Request 4
1149
(4, 1, 1)
3
(78, 16)
-> Request 5
1189
(4, 3, 1)
1
(4, 29)
--> Day : 1
-> Request 0
118
(4, 1, 1)
3
(61, 15)
-> Request 1
347
(4, 2, 1)
3
(43, 32)
-> Request 2
465
(4, 1, 1)
3
(17, 10)
-> Request 3
1311
(4, 1, 1)
2
(1, 13)
-> Request 4
1430
(4, 1, 1)
3
(11, 78)
--> Day : 2
-> Request 0
30
(4, 1, 1)
3
(58, 48)
-> Request 1
62
(4, 3, 1)
3
(23, 67)
-> Request 2
494
(4, 3, 1)
1
(43, 52)
-> Request 3
799
(4, 1, 1)
1
(27, 45)
-> Request 4
812
(4, 2, 1)
3
(1, 79)
-> Request 5
1111
(4, 3, 1)
2
(75, 10)
--> Day : 3
-> Request 0
22
(4, 3, 1)
1
(53, 16)
-> Request 1
78
(4, 1, 1)
2
(76, 13)
-> Request 2
465
(4, 2, 1)
1
(63, 6)
-> Request 3
643
(4, 1, 1)
3
(5, 79)
-> Request 4
1312
(4, 1, 1)
3
(56, 75)
-> Request 5
1317
(4, 1, 1)
1
(39, 34)
-> Request 6
1371
(4, 3, 1)
1
(10, 1)
--> Day : 4
-> Request 0
19
(4, 3, 1)
2
(41, 20)
-> Request 1
249
(4, 3, 1)
1
(78, 68)
-> Request 2
871
(4, 2, 1)
3
(22, 15)
-> Request 3
1361
(4, 3, 1)
3
(31, 60)
---> Week : 9
--> Day : 0
-> Request 0
53
(4, 2, 1)
1
(44, 64)
-> Request 1
165
(4, 2, 1)
2
(29, 65)
-> Request 2
753
(4, 2, 1)
3
(34, 40)
-> Request 3
888
(4, 2, 1)
1
(29, 15)
--> Day : 1
-> Request 0
19
(4, 1, 1)
3
(45, 74)
-> Request 1
133
(4, 1, 1)
1
(9, 2)
-> Request 2
234
(4, 3, 1)
3
(75, 73)
-> Request 3
1012
(4, 1, 1)
3
(77, 76)
-> Request 4
1279
(4, 1, 1)
3
(55, 75)
--> Day : 2
-> Request 0
243
(4, 1, 1)
2
(18, 2)
-> Request 1
574
(4, 3, 1)
3
(62, 67)
-> Request 2
594
(4, 2, 1)
1
(15, 62)
-> Request 3
823
(4, 1, 1)
2
(58, 31)
-> Request 4
1005
(4, 1, 1)
2
(30, 26)
--> Day : 3
-> Request 0
314
(4, 1, 1)
1
(11, 26)
-> Request 1
951
(4, 3, 1)
2
(42, 13)
-> Request 2
997
(4, 1, 1)
1
(55, 51)
-> Request 3
1132
(4, 1, 1)
3
(56, 26)
-> Request 4
1154
(4, 1, 1)
3
(2, 15)
-> Request 5
1198
(4, 3, 1)
1
(15, 61)
-> Request 6
1315
(4, 3, 1)
3
(4, 18)
-> Request 7
1324
(4, 2, 1)
1
(43, 30)
--> Day : 4
-> Request 0
7
(4, 1, 1)
1
(38, 2)
-> Request 1
173
(4, 1, 1)
1
(21, 20)
-> Request 2
670
(4, 3, 1)
1
(41, 59)
-> Request 3
1054
(4, 3, 1)
1
(33, 13)
-> Request 4
1176
(4, 3, 1)
1
(65, 68)
---> Week : 10
--> Day : 0
-> Request 0
262
(4, 2, 1)
1
(72, 45)
-> Request 1
575
(4, 1, 1)
2
(69, 11)
-> Request 2
832
(4, 3, 1)
2
(69, 41)
-> Request 3
983
(4, 2, 1)
3
(38, 3)
--> Day : 1
-> Request 0
351
(4, 3, 1)
3
(30, 71)
-> Request 1
890
(4, 1, 1)
1
(18, 32)
-> Request 2
1039
(4, 2, 1)
2
(41, 35)
--> Day : 2
-> Request 0
205
(4, 2, 1)
1
(19, 30)
-> Request 1
219
(4, 1, 1)
2
(75, 54)
-> Request 2
880
(4, 1, 1)
2
(43, 46)
--> Day : 3
-> Request 0
92
(4, 2, 1)
1
(64, 36)
-> Request 1
123
(4, 1, 1)
1
(1, 77)
-> Request 2
156
(4, 2, 1)
3
(54, 50)
-> Request 3
544
(4, 3, 1)
1
(52, 37)
-> Request 4
834
(4, 3, 1)
2
(65, 18)
-> Request 5
944
(4, 2, 1)
1
(48, 31)
-> Request 6
1061
(4, 1, 1)
1
(17, 46)
-> Request 7
1240
(4, 1, 1)
3
(33, 40)
-> Request 8
1327
(4, 3, 1)
3
(13, 77)
--> Day : 4
-> Request 0
110
(4, 2, 1)
1
(52, 53)
-> Request 1
365
(4, 3, 1)
3
(28, 25)
-> Request 2
506
(4, 3, 1)
2
(29, 34)
-> Request 3
650
(4, 2, 1)
1
(74, 44)
-> Request 4
922
(4, 3, 1)
3
(29, 77)
-> Request 5
1232
(4, 1, 1)
2
(34, 46)
---> Week : 11
--> Day : 0
-> Request 0
167
(4, 1, 1)
1
(66, 40)
-> Request 1
374
(4, 3, 1)
3
(70, 54)
-> Request 2
438
(4, 3, 1)
2
(43, 21)
-> Request 3
543
(4, 1, 1)
2
(61, 64)
-> Request 4
616
(4, 2, 1)
3
(60, 65)
-> Request 5
736
(4, 3, 1)
1
(16, 31)
-> Request 6
1257
(4, 1, 1)
1
(27, 29)
-> Request 7
1273
(4, 2, 1)
1
(78, 57)
--> Day : 1
-> Request 0
13
(4, 3, 1)
2
(5, 61)
-> Request 1
171
(4, 3, 1)
3
(19, 77)
-> Request 2
271
(4, 2, 1)
1
(61, 37)
-> Request 3
392
(4, 1, 1)
2
(17, 76)
-> Request 4
496
(4, 1, 1)
1
(59, 69)
-> Request 5
861
(4, 3, 1)
3
(25, 15)
-> Request 6
877
(4, 2, 1)
2
(73, 64)
-> Request 7
915
(4, 1, 1)
1
(67, 41)
-> Request 8
1192
(4, 3, 1)
2
(43, 50)
-> Request 9
1206
(4, 3, 1)
2
(63, 54)
--> Day : 2
-> Request 0
234
(4, 1, 1)
1
(18, 75)
-> Request 1
605
(4, 2, 1)
2
(55, 76)
-> Request 2
924
(4, 1, 1)
3
(8, 32)
-> Request 3
981
(4, 3, 1)
1
(17, 45)
-> Request 4
1379
(4, 1, 1)
3
(49, 36)
-> Request 5
1397
(4, 3, 1)
2
(5, 63)
--> Day : 3
-> Request 0
95
(4, 1, 1)
2
(78, 15)
-> Request 1
186
(4, 1, 1)
3
(1, 27)
-> Request 2
795
(4, 3, 1)
1
(46, 26)
-> Request 3
845
(4, 3, 1)
2
(28, 12)
-> Request 4
846
(4, 3, 1)
2
(59, 52)
-> Request 5
1032
(4, 1, 1)
2
(37, 64)
-> Request 6
1090
(4, 2, 1)
3
(22, 31)
-> Request 7
1311
(4, 2, 1)
2
(15, 13)
--> Day : 4
-> Request 0
30
(4, 3, 1)
1
(74, 30)
-> Request 1
354
(4, 2, 1)
2
(25, 58)
-> Request 2
660
(4, 2, 1)
3
(27, 18)
-> Request 3
690
(4, 3, 1)
2
(44, 2)
-> Request 4
948
(4, 1, 1)
2
(22, 37)
-> Request 5
976
(4, 3, 1)
1
(61, 41)
-> Request 6
1044
(4, 3, 1)
2
(52, 64)
-> Request 7
1102
(4, 3, 1)
2
(32, 28)
-> Request 8
1327
(4, 3, 1)
3
(41, 10)
---> Week : 12
--> Day : 0
-> Request 0
247
(4, 3, 1)
2
(67, 16)
-> Request 1
957
(4, 2, 1)
2
(37, 27)
-> Request 2
1380
(4, 3, 1)
2
(57, 13)
-> Request 3
1394
(4, 3, 1)
1
(17, 38)
--> Day : 1
-> Request 0
127
(4, 1, 1)
2
(19, 27)
-> Request 1
198
(4, 1, 1)
1
(53, 57)
-> Request 2
348
(4, 2, 1)
2
(37, 47)
-> Request 3
468
(4, 2, 1)
2
(7, 47)
-> Request 4
591
(4, 3, 1)
3
(59, 20)
-> Request 5
866
(4, 1, 1)
3
(17, 36)
-> Request 6
1058
(4, 1, 1)
3
(30, 26)
--> Day : 2
-> Request 0
631
(4, 3, 1)
1
(1, 53)
-> Request 1
865
(4, 3, 1)
1
(63, 74)
-> Request 2
1167
(4, 3, 1)
3
(22, 53)
--> Day : 3
-> Request 0
66
(4, 2, 1)
2
(9, 53)
-> Request 1
195
(4, 1, 1)
3
(6, 13)
-> Request 2
418
(4, 1, 1)
2
(67, 48)
-> Request 3
513
(4, 1, 1)
1
(48, 11)
-> Request 4
640
(4, 2, 1)
2
(33, 46)
-> Request 5
672
(4, 1, 1)
2
(59, 19)
-> Request 6
689
(4, 2, 1)
1
(75, 71)
-> Request 7
869
(4, 3, 1)
2
(41, 78)
-> Request 8
906
(4, 1, 1)
2
(62, 64)
-> Request 9
1062
(4, 2, 1)
1
(6, 6)
-> Request 10
1248
(4, 3, 1)
2
(66, 4)
-> Request 11
1293
(4, 1, 1)
1
(35, 51)
--> Day : 4
-> Request 0
613
(4, 1, 1)
2
(73, 65)
-> Request 1
634
(4, 2, 1)
3
(65, 66)
-> Request 2
777
(4, 1, 1)
1
(61, 26)
-> Request 3
1368
(4, 2, 1)
3
(73, 70)
---> Week : 13
--> Day : 0
-> Request 0
133
(4, 2, 1)
2
(70, 9)
-> Request 1
146
(4, 2, 1)
2
(41, 9)
-> Request 2
166
(4, 3, 1)
3
(9, 70)
-> Request 3
346
(4, 3, 1)
2
(65, 33)
-> Request 4
563
(4, 2, 1)
3
(73, 10)
-> Request 5
610
(4, 3, 1)
1
(47, 57)
-> Request 6
723
(4, 3, 1)
3
(65, 54)
-> Request 7
837
(4, 3, 1)
1
(69, 68)
-> Request 8
1095
(4, 2, 1)
1
(54, 21)
-> Request 9
1155
(4, 1, 1)
2
(23, 73)
-> Request 10
1201
(4, 3, 1)
2
(67, 37)
--> Day : 1
-> Request 0
178
(4, 3, 1)
2
(40, 30)
-> Request 1
616
(4, 2, 1)
1
(57, 35)
-> Request 2
976
(4, 3, 1)
1
(16, 0)
-> Request 3
1333
(4, 1, 1)
1
(20, 42)
--> Day : 2
-> Request 0
16
(4, 2, 1)
2
(9, 69)
-> Request 1
28
(4, 3, 1)
2
(13, 6)
-> Request 2
323
(4, 2, 1)
2
(58, 56)
-> Request 3
819
(4, 3, 1)
2
(41, 15)
-> Request 4
1208
(4, 2, 1)
1
(61, 40)
-> Request 5
1414
(4, 2, 1)
3
(37, 14)
--> Day : 3
-> Request 0
81
(4, 1, 1)
3
(55, 25)
-> Request 1
529
(4, 3, 1)
3
(36, 21)
-> Request 2
890
(4, 1, 1)
3
(24, 32)
-> Request 3
1126
(4, 3, 1)
1
(68, 57)
-> Request 4
1354
(4, 3, 1)
1
(61, 46)
--> Day : 4
-> Request 0
172
(4, 2, 1)
3
(31, 50)
-> Request 1
177
(4, 2, 1)
1
(79, 78)
-> Request 2
1042
(4, 2, 1)
3
(46, 1)
-> Request 3
1195
(4, 3, 1)
1
(60, 33)
---> Week : 14
--> Day : 0
-> Request 0
342
(4, 1, 1)
3
(72, 69)
-> Request 1
875
(4, 1, 1)
1
(12, 3)
-> Request 2
1047
(4, 3, 1)
3
(66, 58)
-> Request 3
1379
(4, 1, 1)
3
(49, 14)
--> Day : 1
-> Request 0
130
(4, 1, 1)
1
(47, 60)
-> Request 1
316
(4, 3, 1)
1
(12, 17)
-> Request 2
351
(4, 1, 1)
3
(74, 14)
-> Request 3
881
(4, 3, 1)
2
(61, 15)
-> Request 4
1379
(4, 2, 1)
3
(22, 24)
--> Day : 2
-> Request 0
125
(4, 1, 1)
1
(11, 32)
-> Request 1
707
(4, 1, 1)
3
(3, 33)
-> Request 2
899
(4, 3, 1)
3
(62, 65)
-> Request 3
1027
(4, 3, 1)
1
(23, 11)
--> Day : 3
-> Request 0
138
(4, 1, 1)
2
(17, 48)
-> Request 1
396
(4, 3, 1)
1
(56, 29)
-> Request 2
490
(4, 2, 1)
1
(14, 75)
-> Request 3
592
(4, 1, 1)
2
(15, 29)
-> Request 4
686
(4, 3, 1)
3
(21, 21)
-> Request 5
708
(4, 3, 1)
3
(27, 23)
-> Request 6
1345
(4, 2, 1)
3
(49, 42)
--> Day : 4
-> Request 0
92
(4, 2, 1)
1
(79, 17)
-> Request 1
579
(4, 2, 1)
1
(42, 7)
-> Request 2
593
(4, 1, 1)
2
(17, 33)
-> Request 3
858
(4, 1, 1)
1
(78, 15)
-> Request 4
1053
(4, 2, 1)
1
(21, 66)
-> Request 5
1191
(4, 3, 1)
2
(72, 36)
-> Request 6
1214
(4, 2, 1)
3
(69, 72)
---> Week : 15
--> Day : 0
-> Request 0
10
(4, 3, 1)
3
(47, 43)
-> Request 1
52
(4, 1, 1)
2
(64, 67)
-> Request 2
362
(4, 1, 1)
2
(1, 0)
-> Request 3
763
(4, 1, 1)
3
(6, 74)
-> Request 4
839
(4, 3, 1)
1
(65, 58)
-> Request 5
870
(4, 3, 1)
2
(37, 74)
-> Request 6
946
(4, 1, 1)
2
(17, 29)
-> Request 7
1176
(4, 3, 1)
1
(5, 18)
--> Day : 1
-> Request 0
28
(4, 2, 1)
1
(27, 11)
-> Request 1
312
(4, 2, 1)
1
(73, 2)
-> Request 2
472
(4, 1, 1)
1
(57, 17)
-> Request 3
519
(4, 1, 1)
2
(63, 61)
-> Request 4
748
(4, 1, 1)
3
(42, 66)
-> Request 5
758
(4, 1, 1)
2
(50, 29)
-> Request 6
764
(4, 3, 1)
3
(71, 6)
--> Day : 2
-> Request 0
332
(4, 2, 1)
3
(48, 39)
-> Request 1
499
(4, 2, 1)
3
(33, 19)
-> Request 2
818
(4, 2, 1)
1
(52, 43)
-> Request 3
1026
(4, 2, 1)
1
(54, 3)
-> Request 4
1351
(4, 3, 1)
2
(61, 55)
--> Day : 3
-> Request 0
200
(4, 3, 1)
2
(12, 78)
-> Request 1
456
(4, 3, 1)
3
(13, 49)
--> Day : 4
-> Request 0
51
(4, 3, 1)
1
(5, 55)
-> Request 1
112
(4, 3, 1)
3
(53, 68)
-> Request 2
314
(4, 2, 1)
2
(68, 77)
-> Request 3
374
(4, 3, 1)
1
(51, 5)
-> Request 4
437
(4, 1, 1)
3
(59, 47)
-> Request 5
1178
(4, 3, 1)
3
(58, 43)
-> Request 6
1419
(4, 1, 1)
2
(71, 44)
---> Week : 16
--> Day : 0
-> Request 0
588
(4, 1, 1)
2
(54, 72)
-> Request 1
763
(4, 3, 1)
1
(42, 50)
-> Request 2
934
(4, 2, 1)
2
(44, 44)
-> Request 3
1238
(4, 3, 1)
1
(30, 58)
-> Request 4
1362
(4, 1, 1)
2
(8, 2)
--> Day : 1
-> Request 0
4
(4, 2, 1)
1
(39, 53)
-> Request 1
64
(4, 2, 1)
3
(22, 70)
-> Request 2
189
(4, 2, 1)
1
(16, 1)
-> Request 3
203
(4, 2, 1)
1
(13, 49)
-> Request 4
352
(4, 3, 1)
2
(17, 61)
-> Request 5
702
(4, 1, 1)
3
(0, 68)
-> Request 6
819
(4, 1, 1)
2
(22, 77)
-> Request 7
862
(4, 1, 1)
3
(31, 5)
-> Request 8
959
(4, 1, 1)
2
(28, 31)
--> Day : 2
-> Request 0
222
(4, 1, 1)
2
(49, 66)
-> Request 1
1109
(4, 1, 1)
2
(67, 73)
--> Day : 3
-> Request 0
134
(4, 1, 1)
1
(8, 12)
-> Request 1
236
(4, 2, 1)
1
(41, 77)
-> Request 2
474
(4, 2, 1)
3
(52, 42)
-> Request 3
708
(4, 3, 1)
1
(25, 69)
--> Day : 4
-> Request 0
127
(4, 2, 1)
3
(13, 37)
-> Request 1
177
(4, 3, 1)
3
(57, 61)
-> Request 2
182
(4, 1, 1)
1
(27, 1)
-> Request 3
250
(4, 2, 1)
3
(59, 73)
-> Request 4
707
(4, 1, 1)
3
(34, 2)
-> Request 5
1027
(4, 3, 1)
3
(8, 59)
-> Request 6
1267
(4, 3, 1)
3
(45, 7)
---> Week : 17
--> Day : 0
-> Request 0
276
(4, 2, 1)
1
(45, 25)
-> Request 1
368
(4, 2, 1)
2
(67, 71)
-> Request 2
437
(4, 3, 1)
3
(20, 62)
-> Request 3
613
(4, 2, 1)
2
(69, 14)
-> Request 4
681
(4, 1, 1)
3
(51, 16)
-> Request 5
712
(4, 1, 1)
1
(72, 9)
-> Request 6
739
(4, 2, 1)
2
(24, 0)
-> Request 7
928
(4, 1, 1)
3
(52, 27)
-> Request 8
1172
(4, 2, 1)
2
(47, 6)
-> Request 9
1411
(4, 3, 1)
1
(44, 8)
--> Day : 1
-> Request 0
104
(4, 2, 1)
2
(59, 61)
-> Request 1
148
(4, 1, 1)
3
(23, 71)
-> Request 2
739
(4, 3, 1)
3
(42, 71)
-> Request 3
953
(4, 3, 1)
2
(62, 19)
-> Request 4
971
(4, 2, 1)
1
(34, 66)
-> Request 5
1073
(4, 2, 1)
3
(67, 73)
-> Request 6
1242
(4, 2, 1)
3
(65, 53)
--> Day : 2
-> Request 0
410
(4, 2, 1)
3
(15, 70)
-> Request 1
702
(4, 1, 1)
2
(33, 73)
-> Request 2
783
(4, 2, 1)
1
(30, 19)
-> Request 3
930
(4, 1, 1)
1
(35, 41)
--> Day : 3
-> Request 0
350
(4, 3, 1)
1
(73, 28)
-> Request 1
491
(4, 1, 1)
1
(79, 16)
-> Request 2
606
(4, 2, 1)
1
(61, 47)
-> Request 3
643
(4, 2, 1)
1
(2, 20)
-> Request 4
993
(4, 3, 1)
1
(60, 17)
-> Request 5
1083
(4, 2, 1)
2
(30, 44)
-> Request 6
1141
(4, 2, 1)
3
(21, 8)
-> Request 7
1395
(4, 3, 1)
1
(24, 19)
--> Day : 4
-> Request 0
237
(4, 2, 1)
3
(63, 76)
-> Request 1
348
(4, 1, 1)
3
(26, 16)
-> Request 2
352
(4, 2, 1)
2
(17, 24)
-> Request 3
419
(4, 1, 1)
2
(30, 61)
-> Request 4
429
(4, 3, 1)
3
(33, 18)
-> Request 5
831
(4, 3, 1)
2
(9, 8)
-> Request 6
831
(4, 3, 1)
2
(72, 50)
-> Request 7
1112
(4, 1, 1)
2
(76, 55)
-> Request 8
1392
(4, 3, 1)
3
(44, 19)
---> Week : 18
--> Day : 0
-> Request 0
408
(4, 1, 1)
2
(72, 43)
-> Request 1
732
(4, 3, 1)
1
(23, 32)
-> Request 2
771
(4, 3, 1)
3
(18, 53)
-> Request 3
887
(4, 2, 1)
2
(23, 39)
-> Request 4
1396
(4, 3, 1)
3
(74, 69)
-> Request 5
1411
(4, 1, 1)
2
(54, 40)
--> Day : 1
-> Request 0
55
(4, 2, 1)
3
(49, 75)
-> Request 1
538
(4, 1, 1)
2
(23, 72)
-> Request 2
746
(4, 3, 1)
2
(41, 36)
-> Request 3
862
(4, 3, 1)
1
(40, 50)
-> Request 4
1060
(4, 1, 1)
3
(46, 15)
-> Request 5
1139
(4, 2, 1)
1
(60, 44)
-> Request 6
1272
(4, 1, 1)
3
(13, 37)
-> Request 7
1398
(4, 2, 1)
2
(7, 65)
--> Day : 2
-> Request 0
396
(4, 1, 1)
1
(25, 19)
-> Request 1
915
(4, 1, 1)
3
(26, 62)
-> Request 2
1392
(4, 1, 1)
1
(32, 9)
--> Day : 3
-> Request 0
19
(4, 3, 1)
1
(37, 13)
-> Request 1
53
(4, 3, 1)
1
(2, 55)
-> Request 2
306
(4, 3, 1)
1
(19, 72)
-> Request 3
469
(4, 3, 1)
3
(32, 49)
-> Request 4
962
(4, 3, 1)
2
(44, 4)
-> Request 5
1226
(4, 3, 1)
1
(68, 51)
--> Day : 4
-> Request 0
71
(4, 1, 1)
3
(47, 41)
-> Request 1
690
(4, 1, 1)
3
(72, 79)
-> Request 2
914
(4, 3, 1)
2
(56, 48)
-> Request 3
1074
(4, 3, 1)
3
(18, 53)
-> Request 4
1131
(4, 3, 1)
1
(78, 30)
---> Week : 19
--> Day : 0
-> Request 0
77
(4, 2, 1)
1
(45, 11)
-> Request 1
98
(4, 2, 1)
1
(75, 4)
-> Request 2
294
(4, 1, 1)
3
(22, 37)
-> Request 3
542
(4, 3, 1)
2
(37, 30)
-> Request 4
600
(4, 2, 1)
3
(8, 5)
-> Request 5
768
(4, 3, 1)
1
(2, 34)
-> Request 6
1028
(4, 2, 1)
1
(41, 20)
-> Request 7
1044
(4, 3, 1)
3
(64, 23)
--> Day : 1
-> Request 0
185
(4, 3, 1)
3
(45, 19)
-> Request 1
223
(4, 2, 1)
1
(63, 38)
-> Request 2
759
(4, 2, 1)
1
(21, 37)
-> Request 3
864
(4, 2, 1)
1
(33, 11)
-> Request 4
1138
(4, 1, 1)
2
(76, 56)
-> Request 5
1224
(4, 1, 1)
1
(61, 49)
--> Day : 2
-> Request 0
593
(4, 3, 1)
1
(73, 16)
-> Request 1
598
(4, 2, 1)
3
(27, 76)
-> Request 2
617
(4, 1, 1)
2
(10, 15)
-> Request 3
651
(4, 2, 1)
1
(3, 76)
-> Request 4
735
(4, 1, 1)
3
(49, 70)
-> Request 5
884
(4, 2, 1)
3
(77, 31)
-> Request 6
1162
(4, 2, 1)
3
(74, 64)
-> Request 7
1223
(4, 3, 1)
3
(7, 71)
--> Day : 3
-> Request 0
851
(4, 3, 1)
3
(58, 1)
-> Request 1
1168
(4, 3, 1)
1
(11, 13)
-> Request 2
1256
(4, 3, 1)
2
(52, 69)
--> Day : 4
-> Request 0
67
(4, 3, 1)
2
(54, 77)
-> Request 1
500
(4, 1, 1)
3
(74, 40)
-> Request 2
537
(4, 3, 1)
1
(52, 39)
-> Request 3
633
(4, 3, 1)
2
(15, 55)
-> Request 4
670
(4, 1, 1)
1
(1, 40)
-> Request 5
733
(4, 2, 1)
2
(39, 36)
-> Request 6
837
(4, 1, 1)
2
(32, 72)
-> Request 7
1062
(4, 3, 1)
1
(67, 11)
-> Request 8
1099
(4, 3, 1)
3
(63, 58)
-> Request 9
1376
(4, 1, 1)
1
(16, 29)
-> Request 10
1377
(4, 1, 1)
2
(59, 30)
-> Request 11
1381
(4, 3, 1)
3
(40, 28)
