---> Week : 0
--> Day : 0
-> Request 0
168
(4, 1, 1)
3
(77, 75)
-> Request 1
374
(4, 3, 1)
2
(32, 77)
-> Request 2
399
(4, 2, 1)
1
(0, 24)
-> Request 3
483
(4, 3, 1)
3
(48, 33)
-> Request 4
609
(4, 2, 1)
2
(28, 39)
-> Request 5
1412
(4, 1, 1)
3
(29, 47)
--> Day : 1
-> Request 0
34
(4, 3, 1)
1
(30, 40)
-> Request 1
235
(4, 1, 1)
2
(66, 50)
-> Request 2
784
(4, 3, 1)
3
(66, 71)
-> Request 3
1305
(4, 3, 1)
3
(37, 9)
-> Request 4
1329
(4, 1, 1)
3
(32, 66)
--> Day : 2
-> Request 0
114
(4, 2, 1)
1
(26, 76)
-> Request 1
217
(4, 2, 1)
1
(43, 59)
-> Request 2
230
(4, 1, 1)
1
(32, 53)
-> Request 3
883
(4, 3, 1)
2
(1, 7)
--> Day : 3
-> Request 0
371
(4, 1, 1)
3
(27, 41)
-> Request 1
694
(4, 3, 1)
1
(5, 19)
--> Day : 4
-> Request 0
490
(4, 3, 1)
1
(66, 16)
-> Request 1
577
(4, 2, 1)
1
(55, 17)
-> Request 2
701
(4, 3, 1)
1
(1, 53)
-> Request 3
968
(4, 3, 1)
2
(69, 52)
-> Request 4
969
(4, 2, 1)
3
(26, 2)
-> Request 5
1215
(4, 2, 1)
3
(52, 76)
---> Week : 1
--> Day : 0
-> Request 0
403
(4, 1, 1)
2
(18, 54)
-> Request 1
552
(4, 2, 1)
3
(30, 78)
-> Request 2
940
(4, 2, 1)
2
(48, 62)
-> Request 3
981
(4, 1, 1)
3
(73, 57)
-> Request 4
1125
(4, 1, 1)
3
(24, 5)
--> Day : 1
-> Request 0
82
(4, 2, 1)
2
(40, 46)
-> Request 1
163
(4, 2, 1)
3
(2, 38)
-> Request 2
363
(4, 3, 1)
1
(72, 50)
-> Request 3
968
(4, 3, 1)
2
(69, 2)
-> Request 4
1301
(4, 2, 1)
3
(35, 45)
-> Request 5
1306
(4, 2, 1)
3
(63, 68)
-> Request 6
1337
(4, 2, 1)
1
(13, 63)
--> Day : 2
-> Request 0
287
(4, 1, 1)
3
(32, 20)
-> Request 1
818
(4, 2, 1)
3
(21, 21)
-> Request 2
1130
(4, 2, 1)
1
(14, 19)
-> Request 3
1202
(4, 1, 1)
1
(57, 26)
-> Request 4
1436
(4, 3, 1)
1
(0, 79)
--> Day : 3
-> Request 0
124
(4, 3, 1)
3
(62, 19)
-> Request 1
146
(4, 1, 1)
1
(2, 19)
-> Request 2
457
(4, 3, 1)
2
(48, 24)
-> Request 3
577
(4, 3, 1)
1
(63, 27)
-> Request 4
887
(4, 1, 1)
3
(20, 11)
-> Request 5
1087
(4, 2, 1)
1
(8, 10)
-> Request 6
1396
(4, 3, 1)
2
(8, 58)
--> Day : 4
-> Request 0
36
(4, 3, 1)
1
(46, 58)
-> Request 1
124
(4, 2, 1)
3
(73, 45)
-> Request 2
671
(4, 2, 1)
3
(14, 25)
-> Request 3
890
(4, 3, 1)
1
(53, 33)
-> Request 4
1064
(4, 1, 1)
3
(66, 45)
-> Request 5
1370
(4, 2, 1)
1
(32, 39)
---> Week : 2
--> Day : 0
-> Request 0
145
(4, 3, 1)
1
(51, 51)
-> Request 1
147
(4, 1, 1)
2
(75, 4)
-> Request 2
408
(4, 1, 1)
1
(1, 51)
-> Request 3
420
(4, 3, 1)
3
(26, 57)
-> Request 4
824
(4, 3, 1)
2
(64, 15)
-> Request 5
1164
(4, 1, 1)
3
(38, 57)
-> Request 6
1195
(4, 2, 1)
2
(46, 42)
-> Request 7
1261
(4, 1, 1)
3
(75, 1)
-> Request 8
1417
(4, 1, 1)
3
(49, 63)
--> Day : 1
-> Request 0
393
(4, 1, 1)
3
(1, 39)
-> Request 1
524
(4, 1, 1)
3
(65, 56)
-> Request 2
1202
(4, 1, 1)
2
(74, 41)
-> Request 3
1412
(4, 2, 1)
3
(75, 62)
--> Day : 2
-> Request 0
173
(4, 1, 1)
3
(18, 4)
-> Request 1
268
(4, 1, 1)
3
(22, 59)
-> Request 2
282
(4, 3, 1)
2
(72, 73)
-> Request 3
789
(4, 2, 1)
3
(52, 0)
-> Request 4
972
(4, 1, 1)
2
(1, 71)
-> Request 5
1040
(4, 1, 1)
2
(30, 17)
-> Request 6
1241
(4, 2, 1)
3
(60, 33)
-> Request 7
1412
(4, 3, 1)
1
(0, 2)
-> Request 8
1425
(4, 1, 1)
3
(57, 39)
--> Day : 3
-> Request 0
246
(4, 1, 1)
1
(22, 37)
-> Request 1
1185
(4, 3, 1)
2
(40, 26)
--> Day : 4
-> Request 0
159
(4, 2, 1)
2
(1, 43)
-> Request 1
479
(4, 2, 1)
1
(43, 20)
-> Request 2
488
(4, 3, 1)
1
(20, 1)
-> Request 3
1172
(4, 3, 1)
3
(52, 10)
-> Request 4
1196
(4, 3, 1)
3
(48, 46)
-> Request 5
1204
(4, 2, 1)
3
(43, 12)
-> Request 6
1283
(4, 3, 1)
3
(75, 30)
---> Week : 3
--> Day : 0
-> Request 0
501
(4, 3, 1)
2
(77, 27)
-> Request 1
784
(4, 1, 1)
2
(8, 26)
-> Request 2
1338
(4, 2, 1)
2
(45, 15)
--> Day : 1
-> Request 0
115
(4, 3, 1)
1
(11, 74)
-> Request 1
375
(4, 1, 1)
3
(31, 14)
-> Request 2
458
(4, 1, 1)
1
(13, 70)
-> Request 3
751
(4, 3, 1)
3
(58, 17)
-> Request 4
1056
(4, 1, 1)
3
(35, 45)
-> Request 5
1065
(4, 1, 1)
1
(6, 45)
-> Request 6
1307
(4, 1, 1)
3
(73, 46)
-> Request 7
1417
(4, 2, 1)
2
(74, 25)
--> Day : 2
-> Request 0
2
(4, 3, 1)
1
(42, 20)
-> Request 1
80
(4, 3, 1)
1
(7, 15)
-> Request 2
183
(4, 2, 1)
2
(14, 70)
-> Request 3
511
(4, 3, 1)
1
(45, 51)
-> Request 4
800
(4, 1, 1)
3
(43, 7)
-> Request 5
1133
(4, 3, 1)
1
(13, 29)
-> Request 6
1242
(4, 2, 1)
3
(37, 47)
-> Request 7
1348
(4, 3, 1)
3
(22, 27)
-> Request 8
1397
(4, 3, 1)
2
(56, 41)
--> Day : 3
-> Request 0
28
(4, 1, 1)
1
(74, 13)
-> Request 1
307
(4, 1, 1)
2
(51, 66)
-> Request 2
361
(4, 1, 1)
2
(7, 13)
-> Request 3
867
(4, 3, 1)
2
(47, 16)
-> Request 4
1002
(4, 1, 1)
3
(69, 24)
--> Day : 4
-> Request 0
7
(4, 3, 1)
2
(3, 32)
-> Request 1
132
(4, 2, 1)
1
(27, 29)
-> Request 2
1106
(4, 3, 1)
2
(22, 19)
-> Request 3
1121
(4, 2, 1)
2
(70, 36)
-> Request 4
1185
(4, 1, 1)
3
(27, 32)
---> Week : 4
--> Day : 0
-> Request 0
351
(4, 1, 1)
1
(57, 17)
-> Request 1
675
(4, 1, 1)
3
(41, 47)
-> Request 2
677
(4, 3, 1)
3
(2, 15)
-> Request 3
798
(4, 2, 1)
3
(70, 11)
-> Request 4
1138
(4, 1, 1)
3
(79, 28)
-> Request 5
1162
(4, 1, 1)
1
(30, 63)
--> Day : 1
-> Request 0
133
(4, 2, 1)
2
(10, 12)
-> Request 1
204
(4, 1, 1)
3
(38, 68)
-> Request 2
215
(4, 3, 1)
2
(58, 40)
-> Request 3
380
(4, 2, 1)
1
(79, 1)
-> Request 4
501
(4, 1, 1)
1
(34, 5)
-> Request 5
764
(4, 3, 1)
3
(0, 20)
-> Request 6
971
(4, 1, 1)
2
(44, 41)
-> Request 7
982
(4, 2, 1)
1
(46, 32)
-> Request 8
1027
(4, 3, 1)
3
(33, 42)
-> Request 9
1051
(4, 2, 1)
2
(37, 75)
--> Day : 2
-> Request 0
21
(4, 2, 1)
1
(41, 34)
-> Request 1
620
(4, 2, 1)
3
(29, 57)
-> Request 2
762
(4, 3, 1)
2
(58, 49)
-> Request 3
1042
(4, 3, 1)
2
(57, 71)
-> Request 4
1153
(4, 3, 1)
3
(66, 47)
-> Request 5
1193
(4, 1, 1)
1
(33, 20)
--> Day : 3
-> Request 0
15
(4, 3, 1)
1
(32, 63)
-> Request 1
94
(4, 1, 1)
3
(44, 30)
-> Request 2
217
(4, 1, 1)
2
(47, 33)
-> Request 3
219
(4, 3, 1)
3
(1, 10)
-> Request 4
235
(4, 2, 1)
1
(49, 1)
-> Request 5
457
(4, 1, 1)
1
(61, 15)
-> Request 6
667
(4, 3, 1)
2
(9, 33)
-> Request 7
895
(4, 2, 1)
2
(77, 71)
-> Request 8
1102
(4, 3, 1)
3
(42, 9)
-> Request 9
1343
(4, 2, 1)
2
(72, 69)
--> Day : 4
-> Request 0
398
(4, 3, 1)
3
(8, 33)
-> Request 1
756
(4, 2, 1)
2
(6, 16)
-> Request 2
876
(4, 2, 1)
3
(2, 25)
-> Request 3
892
(4, 1, 1)
1
(18, 33)
-> Request 4
989
(4, 3, 1)
1
(57, 45)
-> Request 5
1145
(4, 1, 1)
2
(15, 15)
-> Request 6
1274
(4, 2, 1)
1
(48, 63)
-> Request 7
1394
(4, 3, 1)
3
(8, 18)
---> Week : 5
--> Day : 0
-> Request 0
16
(4, 2, 1)
1
(73, 21)
-> Request 1
125
(4, 3, 1)
3
(29, 13)
-> Request 2
309
(4, 1, 1)
2
(35, 23)
-> Request 3
772
(4, 1, 1)
3
(26, 29)
-> Request 4
1394
(4, 2, 1)
2
(11, 71)
-> Request 5
1408
(4, 1, 1)
2
(69, 69)
--> Day : 1
-> Request 0
6
(4, 3, 1)
3
(60, 69)
-> Request 1
514
(4, 3, 1)
1
(66, 53)
-> Request 2
793
(4, 1, 1)
2
(77, 69)
-> Request 3
828
(4, 3, 1)
3
(59, 60)
-> Request 4
1071
(4, 2, 1)
3
(14, 71)
-> Request 5
1200
(4, 1, 1)
1
(49, 4)
-> Request 6
1229
(4, 3, 1)
3
(15, 55)
-> Request 7
1396
(4, 2, 1)
1
(41, 32)
--> Day : 2
-> Request 0
201
(4, 3, 1)
1
(68, 15)
-> Request 1
548
(4, 2, 1)
1
(52, 35)
-> Request 2
764
(4, 2, 1)
1
(32, 65)
-> Request 3
1152
(4, 3, 1)
3
(54, 34)
-> Request 4
1394
(4, 2, 1)
2
(29, 24)
-> Request 5
1418
(4, 3, 1)
2
(42, 32)
--> Day : 3
-> Request 0
393
(4, 3, 1)
2
(40, 3)
-> Request 1
944
(4, 3, 1)
3
(67, 66)
-> Request 2
961
(4, 3, 1)
3
(42, 22)
-> Request 3
1188
(4, 2, 1)
2
(3, 37)
--> Day : 4
-> Request 0
46
(4, 2, 1)
2
(58, 53)
-> Request 1
330
(4, 2, 1)
3
(34, 73)
-> Request 2
454
(4, 2, 1)
3
(25, 7)
-> Request 3
648
(4, 3, 1)
3
(0, 71)
-> Request 4
775
(4, 2, 1)
2
(54, 50)
-> Request 5
1286
(4, 1, 1)
1
(53, 51)
-> Request 6
1330
(4, 3, 1)
3
(29, 60)
-> Request 7
1341
(4, 3, 1)
1
(60, 52)
-> Request 8
1383
(4, 3, 1)
1
(47, 1)
-> Request 9
1387
(4, 3, 1)
1
(32, 15)
---> Week : 6
--> Day : 0
-> Request 0
29
(4, 1, 1)
2
(19, 23)
-> Request 1
50
(4, 1, 1)
2
(75, 4)
-> Request 2
127
(4, 3, 1)
2
(40, 9)
-> Request 3
146
(4, 1, 1)
2
(3, 31)
-> Request 4
523
(4, 2, 1)
1
(40, 30)
-> Request 5
546
(4, 3, 1)
3
(6, 26)
-> Request 6
1011
(4, 3, 1)
2
(19, 23)
-> Request 7
1017
(4, 2, 1)
3
(51, 46)
-> Request 8
1028
(4, 1, 1)
2
(4, 30)
-> Request 9
1322
(4, 2, 1)
3
(71, 1)
-> Request 10
1423
(4, 1, 1)
1
(71, 58)
--> Day : 1
-> Request 0
175
(4, 3, 1)
2
(65, 75)
-> Request 1
806
(4, 1, 1)
3
(38, 21)
-> Request 2
1001
(4, 3, 1)
1
(63, 42)
-> Request 3
1318
(4, 2, 1)
2
(56, 22)
--> Day : 2
-> Request 0
47
(4, 1, 1)
3
(42, 70)
-> Request 1
261
(4, 2, 1)
3
(26, 13)
-> Request 2
292
(4, 1, 1)
3
(16, 41)
-> Request 3
542
(4, 2, 1)
1
(78, 55)
-> Request 4
737
(4, 2, 1)
1
(6, 71)
-> Request 5
814
(4, 1, 1)
1
(21, 58)
-> Request 6
1160
(4, 1, 1)
2
(78, 5)
-> Request 7
1311
(4, 3, 1)
1
(61, 5)
-> Request 8
1371
(4, 2, 1)
1
(40, 37)
--> Day : 3
-> Request 0
77
(4, 2, 1)
1
(39, 19)
-> Request 1
132
(4, 3, 1)
3
(76, 30)
-> Request 2
258
(4, 2, 1)
2
(46, 4)
-> Request 3
681
(4, 3, 1)
3
(1, 21)
-> Request 4
848
(4, 1, 1)
3
(76, 70)
-> Request 5
946
(4, 2, 1)
1
(36, 72)
-> Request 6
1039
(4, 3, 1)
3
(19, 6)
-> Request 7
1415
(4, 2, 1)
3
(66, 33)
--> Day : 4
-> Request 0
438
(4, 1, 1)
2
(69, 29)
-> Request 1
578
(4, 3, 1)
1
(11, 37)
-> Request 2
626
(4, 1, 1)
2
(79, 25)
-> Request 3
631
(4, 2, 1)
3
(65, 32)
-> Request 4
849
(4, 2, 1)
2
(48, 44)
-> Request 5
1104
(4, 1, 1)
1
(73, 37)
-> Request 6
1125
(4, 3, 1)
2
(2, 24)
-> Request 7
1208
(4, 3, 1)
1
(33, 72)
---> Week : 7
--> Day : 0
-> Request 0
105
(4, 2, 1)
2
(2, 37)
-> Request 1
304
(4, 3, 1)
3
(22, 50)
-> Request 2
552
(4, 1, 1)
1
(51, 40)
-> Request 3
725
(4, 2, 1)
1
(64, 38)
-> Request 4
883
(4, 1, 1)
1
(52, 34)
-> Request 5
901
(4, 1, 1)
2
(21, 39)
-> Request 6
928
(4, 2, 1)
3
(40, 20)
-> Request 7
1113
(4, 3, 1)
3
(4, 31)
--> Day : 1
-> Request 0
50
(4, 1, 1)
2
(27, 67)
-> Request 1
50
(4, 2, 1)
2
(4, 55)
-> Request 2
602
(4, 2, 1)
3
(59, 71)
-> Request 3
680
(4, 3, 1)
1
(19, 18)
-> Request 4
882
(4, 1, 1)
2
(41, 68)
-> Request 5
1083
(4, 3, 1)
1
(79, 50)
-> Request 6
1090
(4, 1, 1)
3
(19, 12)
-> Request 7
1302
(4, 1, 1)
2
(39, 25)
-> Request 8
1412
(4, 3, 1)
1
(70, 27)
--> Day : 2
-> Request 0
371
(4, 1, 1)
2
(0, 20)
-> Request 1
687
(4, 2, 1)
1
(1, 25)
-> Request 2
741
(4, 2, 1)
3
(43, 56)
-> Request 3
960
(4, 3, 1)
1
(69, 55)
-> Request 4
1024
(4, 1, 1)
2
(32, 22)
-> Request 5
1027
(4, 2, 1)
1
(23, 53)
-> Request 6
1271
(4, 1, 1)
1
(59, 34)
--> Day : 3
-> Request 0
67
(4, 3, 1)
2
(43, 47)
-> Request 1
95
(4, 2, 1)
3
(67, 19)
-> Request 2
484
(4, 3, 1)
3
(28, 28)
-> Request 3
539
(4, 1, 1)
2
(21, 35)
-> Request 4
854
(4, 2, 1)
3
(4, 33)
-> Request 5
1045
(4, 3, 1)
3
(6, 51)
--> Day : 4
-> Request 0
423
(4, 3, 1)
1
(60, 3)
-> Request 1
893
(4, 3, 1)
2
(79, 14)
---> Week : 8
--> Day : 0
-> Request 0
239
(4, 2, 1)
1
(32, 40)
-> Request 1
300
(4, 2, 1)
1
(77, 11)
-> Request 2
469
(4, 2, 1)
3
(14, 31)
-> Request 3
480
(4, 2, 1)
1
(68, 72)
-> Request 4
505
(4, 2, 1)
2
(29, 1)
-> Request 5
645
(4, 3, 1)
2
(47, 18)
-> Request 6
725
(4, 3, 1)
2
(16, 76)
-> Request 7
725
(4, 1, 1)
2
(39, 60)
-> Request 8
813
(4, 3, 1)
2
(58, 18)
--> Day : 1
-> Request 0
47
(4, 2, 1)
2
(31, 44)
-> Request 1
66
(4, 1, 1)
2
(58, 51)
-> Request 2
90
(4, 1, 1)
2
(48, 14)
-> Request 3
292
(4, 2, 1)
3
(27, 27)
-> Request 4
618
(4, 1, 1)
2
(41, 58)
-> Request 5
641
(4, 2, 1)
1
(30, 22)
-> Request 6
870
(4, 1, 1)
3
(79, 68)
-> Request 7
1100
(4, 3, 1)
2
(51, 6)
-> Request 8
1221
(4, 1, 1)
2
(27, 46)
-> Request 9
1360
(4, 2, 1)
1
(57, 70)
--> Day : 2
-> Request 0
90
(4, 3, 1)
2
(31, 18)
-> Request 1
174
(4, 3, 1)
3
(48, 6)
-> Request 2
278
(4, 1, 1)
3
(23, 62)
-> Request 3
283
(4, 3, 1)
2
(1, 59)
-> Request 4
336
(4, 1, 1)
3
(74, 1)
-> Request 5
397
(4, 1, 1)
1
(32, 47)
-> Request 6
780
(4, 3, 1)
1
(59, 17)
-> Request 7
843
(4, 1, 1)
2
(74, 30)
-> Request 8
875
(4, 1, 1)
3
(25, 17)
-> Request 9
911
(4, 3, 1)
1
(73, 26)
-> Request 10
1107
(4, 3, 1)
2
(21, 9)
--> Day : 3
-> Request 0
293
(4, 2, 1)
3
(28, 16)
-> Request 1
408
(4, 2, 1)
1
(15, 0)
-> Request 2
458
(4, 3, 1)
1
(78, 46)
-> Request 3
490
(4, 3, 1)
3
(54, 78)
-> Request 4
503
(4, 3, 1)
1
(17, 56)
-> Request 5
613
(4, 1, 1)
2
(64, 73)
-> Request 6
1329
(4, 3, 1)
3
(18, 51)
-> Request 7
1403
(4, 2, 1)
3
(34, 20)
--> Day : 4
-> Request 0
77
(4, 2, 1)
3
(12, 68)
-> Request 1
113
(4, 3, 1)
3
(60, 40)
-> Request 2
256
(4, 1, 1)
2
(22, 14)
---> Week : 9
--> Day : 0
-> Request 0
68
(4, 1, 1)
3
(2, 67)
-> Request 1
122
(4, 3, 1)
3
(68, 34)
-> Request 2
239
(4, 2, 1)
3
(23, 50)
-> Request 3
503
(4, 1, 1)
1
(23, 73)
-> Request 4
503
(4, 2, 1)
2
(69, 16)
-> Request 5
582
(4, 1, 1)
2
(72, 29)
-> Request 6
622
(4, 2, 1)
1
(54, 45)
-> Request 7
629
(4, 2, 1)
2
(13, 35)
-> Request 8
802
(4, 3, 1)
2
(12, 10)
-> Request 9
1199
(4, 2, 1)
1
(34, 62)
-> Request 10
1242
(4, 3, 1)
3
(77, 63)
-> Request 11
1419
(4, 3, 1)
3
(65, 11)
--> Day : 1
-> Request 0
119
(4, 3, 1)
3
(34, 18)
-> Request 1
423
(4, 3, 1)
2
(33, 35)
-> Request 2
564
(4, 3, 1)
2
(29, 48)
-> Request 3
872
(4, 1, 1)
3
(14, 24)
-> Request 4
995
(4, 1, 1)
2
(68, 25)
-> Request 5
1054
(4, 3, 1)
3
(36, 3)
-> Request 6
1139
(4, 3, 1)
3
(69, 40)
-> Request 7
1352
(4, 3, 1)
2
(78, 38)
-> Request 8
1420
(4, 3, 1)
3
(49, 48)
--> Day : 2
-> Request 0
114
(4, 3, 1)
2
(13, 74)
-> Request 1
188
(4, 3, 1)
2
(44, 50)
-> Request 2
254
(4, 3, 1)
3
(34, 67)
-> Request 3
749
(4, 1, 1)
1
(25, 9)
-> Request 4
1207
(4, 2, 1)
1
(37, 60)
--> Day : 3
-> Request 0
0
(4, 3, 1)
3
(12, 8)
-> Request 1
55
(4, 3, 1)
2
(36, 69)
-> Request 2
69
(4, 1, 1)
3
(36, 21)
-> Request 3
475
(4, 1, 1)
2
(77, 30)
-> Request 4
534
(4, 2, 1)
3
(44, 9)
-> Request 5
810
(4, 1, 1)
2
(55, 33)
-> Request 6
974
(4, 1, 1)
3
(78, 56)
-> Request 7
1068
(4, 2, 1)
3
(49, 1)
-> Request 8
1201
(4, 3, 1)
1
(47, 43)
--> Day : 4
-> Request 0
372
(4, 2, 1)
2
(2, 38)
-> Request 1
554
(4, 1, 1)
3
(49, 56)
-> Request 2
1358
(4, 3, 1)
2
(41, 7)
---> Week : 10
--> Day : 0
-> Request 0
82
(4, 3, 1)
2
(9, 71)
-> Request 1
118
(4, 1, 1)
3
(23, 77)
-> Request 2
207
(4, 3, 1)
2
(46, 46)
-> Request 3
263
(4, 1, 1)
1
(7, 72)
-> Request 4
316
(4, 3, 1)
3
(47, 41)
-> Request 5
445
(4, 2, 1)
3
(71, 7)
-> Request 6
643
(4, 3, 1)
2
(61, 42)
-> Request 7
729
(4, 1, 1)
1
(8, 45)
-> Request 8
880
(4, 2, 1)
1
(33, 6)
-> Request 9
1277
(4, 1, 1)
2
(55, 9)
--> Day : 1
-> Request 0
1231
(4, 3, 1)
3
(44, 8)
-> Request 1
1344
(4, 2, 1)
1
(55, 20)
--> Day : 2
-> Request 0
562
(4, 1, 1)
3
(13, 62)
-> Request 1
603
(4, 2, 1)
3
(69, 62)
-> Request 2
926
(4, 3, 1)
3
(25, 13)
-> Request 3
1352
(4, 2, 1)
2
(10, 55)
--> Day : 3
-> Request 0
108
(4, 2, 1)
2
(62, 51)
-> Request 1
291
(4, 3, 1)
2
(70, 75)
-> Request 2
880
(4, 2, 1)
1
(24, 54)
-> Request 3
1297
(4, 2, 1)
2
(61, 71)
-> Request 4
1329
(4, 2, 1)
3
(28, 77)
--> Day : 4
-> Request 0
950
(4, 3, 1)
1
(7, 79)
-> Request 1
1030
(4, 3, 1)
1
(2, 14)
-> Request 2
1180
(4, 3, 1)
1
(40, 78)
-> Request 3
1433
(4, 3, 1)
3
(64, 9)
---> Week : 11
--> Day : 0
-> Request 0
102
(4, 2, 1)
1
(57, 38)
-> Request 1
704
(4, 2, 1)
3
(12, 67)
-> Request 2
847
(4, 2, 1)
3
(57, 8)
-> Request 3
922
(4, 1, 1)
2
(10, 59)
-> Request 4
975
(4, 1, 1)
3
(70, 36)
-> Request 5
1110
(4, 3, 1)
3
(51, 64)
--> Day : 1
-> Request 0
10
(4, 2, 1)
1
(40, 10)
-> Request 1
389
(4, 2, 1)
3
(29, 53)
-> Request 2
401
(4, 3, 1)
1
(73, 41)
-> Request 3
747
(4, 3, 1)
2
(60, 50)
-> Request 4
786
(4, 3, 1)
3
(31, 25)
-> Request 5
1061
(4, 2, 1)
3
(48, 35)
-> Request 6
1190
(4, 2, 1)
3
(73, 59)
-> Request 7
1223
(4, 2, 1)
1
(58, 60)
-> Request 8
1244
(4, 1, 1)
3
(48, 38)
-> Request 9
1274
(4, 3, 1)
3
(62, 40)
--> Day : 2
-> Request 0
58
(4, 1, 1)
3
(58, 56)
-> Request 1
182
(4, 3, 1)
1
(32, 79)
-> Request 2
360
(4, 1, 1)
3
(43, 71)
-> Request 3
533
(4, 2, 1)
3
(68, 64)
-> Request 4
556
(4, 3, 1)
2
(63, 20)
-> Request 5
646
(4, 3, 1)
1
(77, 48)
-> Request 6
678
(4, 1, 1)
2
(3, 19)
-> Request 7
965
(4, 2, 1)
2
(30, 33)
-> Request 8
1393
(4, 1, 1)
1
(62, 70)
--> Day : 3
-> Request 0
93
(4, 1, 1)
3
(59, 52)
-> Request 1
298
(4, 3, 1)
2
(70, 57)
-> Request 2
977
(4, 3, 1)
2
(44, 75)
--> Day : 4
-> Request 0
187
(4, 1, 1)
1
(64, 16)
-> Request 1
247
(4, 3, 1)
2
(32, 47)
-> Request 2
426
(4, 1, 1)
3
(35, 23)
-> Request 3
658
(4, 3, 1)
1
(53, 37)
-> Request 4
878
(4, 3, 1)
1
(65, 47)
---> Week : 12
--> Day : 0
-> Request 0
592
(4, 1, 1)
3
(35, 46)
-> Request 1
765
(4, 3, 1)
2
(10, 46)
-> Request 2
819
(4, 1, 1)
2
(76, 76)
-> Request 3
967
(4, 2, 1)
3
(75, 72)
-> Request 4
1029
(4, 2, 1)
2
(68, 43)
-> Request 5
1117
(4, 2, 1)
2
(72, 4)
--> Day : 1
-> Request 0
475
(4, 1, 1)
1
(58, 60)
-> Request 1
623
(4, 1, 1)
3
(26, 35)
-> Request 2
648
(4, 1, 1)
3
(73, 61)
-> Request 3
755
(4, 2, 1)
1
(37, 57)
-> Request 4
833
(4, 1, 1)
1
(69, 67)
-> Request 5
871
(4, 2, 1)
3
(33, 15)
--> Day : 2
-> Request 0
246
(4, 1, 1)
3
(43, 37)
-> Request 1
506
(4, 3, 1)
2
(63, 0)
-> Request 2
822
(4, 1, 1)
1
(38, 38)
-> Request 3
1152
(4, 2, 1)
2
(6, 13)
-> Request 4
1361
(4, 1, 1)
2
(40, 49)
-> Request 5
1421
(4, 3, 1)
2
(50, 56)
--> Day : 3
-> Request 0
144
(4, 1, 1)
3
(58, 32)
-> Request 1
627
(4, 3, 1)
2
(33, 3)
-> Request 2
1063
(4, 1, 1)
1
(23, 29)
--> Day : 4
-> Request 0
1287
(4, 3, 1)
1
(36, 71)
---> Week : 13
--> Day : 0
-> Request 0
139
(4, 2, 1)
1
(73, 11)
-> Request 1
325
(4, 2, 1)
2
(78, 14)
-> Request 2
464
(4, 3, 1)
3
(35, 3)
-> Request 3
537
(4, 1, 1)
3
(42, 48)
-> Request 4
572
(4, 2, 1)
2
(26, 28)
-> Request 5
843
(4, 3, 1)
3
(1, 64)
-> Request 6
1284
(4, 1, 1)
3
(44, 28)
-> Request 7
1322
(4, 1, 1)
1
(66, 24)
--> Day : 1
-> Request 0
213
(4, 1, 1)
2
(11, 34)
-> Request 1
835
(4, 2, 1)
2
(47, 34)
-> Request 2
855
(4, 3, 1)
2
(24, 79)
-> Request 3
969
(4, 1, 1)
2
(74, 10)
-> Request 4
1010
(4, 3, 1)
2
(62, 17)
-> Request 5
1104
(4, 3, 1)
3
(18, 65)
-> Request 6
1121
(4, 2, 1)
2
(7, 75)
-> Request 7
1357
(4, 1, 1)
2
(11, 36)
--> Day : 2
-> Request 0
101
(4, 1, 1)
1
(64, 52)
-> Request 1
216
(4, 3, 1)
3
(46, 49)
-> Request 2
591
(4, 2, 1)
2
(16, 36)
-> Request 3
684
(4, 3, 1)
3
(73, 9)
-> Request 4
799
(4, 2, 1)
2
(72, 79)
-> Request 5
811
(4, 1, 1)
2
(32, 31)
--> Day : 3
-> Request 0
175
(4, 2, 1)
3
(4, 74)
-> Request 1
253
(4, 3, 1)
3
(65, 26)
-> Request 2
417
(4, 2, 1)
2
(31, 19)
-> Request 3
441
(4, 1, 1)
1
(7, 33)
-> Request 4
468
(4, 2, 1)
3
(65, 57)
-> Request 5
648
(4, 2, 1)
3
(34, 69)
-> Request 6
685
(4, 1, 1)
2
(39, 14)
-> Request 7
718
(4, 1, 1)
3
(57, 43)
-> Request 8
758
(4, 2, 1)
1
(72, 22)
-> Request 9
997
(4, 1, 1)
3
(74, 38)
-> Request 10
1177
(4, 3, 1)
1
(32, 17)
-> Request 11
1249
(4, 1, 1)
3
(5, 66)
-> Request 12
1362
(4, 2, 1)
3
(27, 11)
-> Request 13
1395
(4, 1, 1)
3
(9, 57)
--> Day : 4
-> Request 0
305
(4, 2, 1)
2
(58, 73)
-> Request 1
400
(4, 1, 1)
3
(59, 9)
-> Request 2
485
(4, 1, 1)
1
(26, 11)
-> Request 3
1055
(4, 1, 1)
3
(15, 45)
---> Week : 14
--> Day : 0
-> Request 0
76
(4, 1, 1)
1
(73, 21)
-> Request 1
398
(4, 1, 1)
3
(24, 14)
-> Request 2
789
(4, 3, 1)
3
(79, 40)
-> Request 3
1016
(4, 1, 1)
3
(12, 37)
-> Request 4
1124
(4, 1, 1)
1
(8, 33)
-> Request 5
1145
(4, 1, 1)
2
(73, 79)
-> Request 6
1177
(4, 3, 1)
3
(37, 56)
-> Request 7
1190
(4, 3, 1)
2
(67, 21)
-> Request 8
1409
(4, 1, 1)
3
(49, 79)
--> Day : 1
-> Request 0
87
(4, 3, 1)
1
(21, 40)
-> Request 1
660
(4, 3, 1)
2
(53, 73)
-> Request 2
712
(4, 3, 1)
2
(53, 36)
-> Request 3
926
(4, 1, 1)
3
(47, 21)
-> Request 4
1128
(4, 1, 1)
1
(74, 16)
-> Request 5
1411
(4, 1, 1)
1
(33, 51)
--> Day : 2
-> Request 0
710
(4, 3, 1)
2
(45, 35)
-> Request 1
1337
(4, 3, 1)
3
(66, 16)
--> Day : 3
-> Request 0
231
(4, 1, 1)
2
(8, 25)
-> Request 1
479
(4, 2, 1)
3
(55, 28)
-> Request 2
536
(4, 3, 1)
3
(10, 11)
-> Request 3
675
(4, 3, 1)
1
(27, 47)
-> Request 4
730
(4, 2, 1)
2
(78, 65)
-> Request 5
1371
(4, 2, 1)
3
(2, 36)
--> Day : 4
-> Request 0
6
(4, 3, 1)
3
(48, 63)
-> Request 1
876
(4, 3, 1)
2
(45, 73)
---> Week : 15
--> Day : 0
-> Request 0
48
(4, 3, 1)
2
(17, 53)
-> Request 1
527
(4, 3, 1)
1
(18, 10)
-> Request 2
1120
(4, 2, 1)
2
(68, 6)
-> Request 3
1279
(4, 3, 1)
2
(74, 17)
--> Day : 1
-> Request 0
138
(4, 1, 1)
1
(16, 21)
-> Request 1
282
(4, 3, 1)
1
(52, 35)
-> Request 2
398
(4, 1, 1)
2
(40, 72)
-> Request 3
687
(4, 1, 1)
1
(0, 17)
-> Request 4
893
(4, 2, 1)
1
(43, 22)
-> Request 5
1005
(4, 2, 1)
3
(79, 14)
-> Request 6
1087
(4, 1, 1)
3
(43, 79)
-> Request 7
1151
(4, 2, 1)
3
(60, 77)
-> Request 8
1327
(4, 1, 1)
1
(45, 8)
--> Day : 2
-> Request 0
181
(4, 3, 1)
1
(55, 66)
-> Request 1
303
(4, 2, 1)
1
(18, 33)
-> Request 2
372
(4, 3, 1)
2
(42, 33)
-> Request 3
870
(4, 3, 1)
1
(19, 42)
-> Request 4
917
(4, 2, 1)
2
(14, 56)
-> Request 5
1109
(4, 3, 1)
3
(23, 38)
--> Day : 3
-> Request 0
53
(4, 2, 1)
3
(19, 14)
-> Request 1
342
(4, 1, 1)
3
(6, 46)
-> Request 2
708
(4, 1, 1)
1
(30, 71)
--> Day : 4
-> Request 0
17
(4, 1, 1)
1
(64, 53)
-> Request 1
204
(4, 3, 1)
1
(51, 21)
-> Request 2
531
(4, 1, 1)
3
(35, 41)
-> Request 3
823
(4, 1, 1)
3
(57, 55)
-> Request 4
920
(4, 2, 1)
3
(55, 72)
-> Request 5
944
(4, 3, 1)
3
(33, 59)
-> Request 6
967
(4, 3, 1)
3
(79, 37)
---> Week : 16
--> Day : 0
-> Request 0
330
(4, 2, 1)
2
(64, 1)
-> Request 1
664
(4, 2, 1)
3
(19, 2)
-> Request 2
854
(4, 3, 1)
2
(77, 25)
-> Request 3
1105
(4, 1, 1)
1
(34, 75)
-> Request 4
1264
(4, 3, 1)
1
(59, 66)
-> Request 5
1344
(4, 3, 1)
3
(79, 67)
--> Day : 1
-> Request 0
90
(4, 1, 1)
1
(3, 73)
-> Request 1
138
(4, 1, 1)
2
(35, 53)
-> Request 2
244
(4, 2, 1)
3
(61, 44)
-> Request 3
546
(4, 2, 1)
1
(57, 78)
-> Request 4
658
(4, 2, 1)
1
(0, 40)
-> Request 5
1301
(4, 2, 1)
1
(5, 51)
-> Request 6
1304
(4, 1, 1)
2
(48, 4)
--> Day : 2
-> Request 0
352
(4, 2, 1)
1
(8, 60)
-> Request 1
790
(4, 1, 1)
3
(14, 69)
-> Request 2
1309
(4, 2, 1)
2
(15, 22)
-> Request 3
1350
(4, 1, 1)
2
(47, 56)
--> Day : 3
-> Request 0
81
(4, 3, 1)
1
(57, 4)
-> Request 1
389
(4, 1, 1)
2
(21, 76)
-> Request 2
390
(4, 1, 1)
3
(61, 34)
-> Request 3
652
(4, 1, 1)
1
(78, 39)
-> Request 4
945
(4, 1, 1)
3
(69, 79)
-> Request 5
1045
(4, 2, 1)
1
(9, 38)
-> Request 6
1349
(4, 2, 1)
1
(76, 12)
--> Day : 4
-> Request 0
32
(4, 3, 1)
3
(77, 34)
-> Request 1
70
(4, 3, 1)
1
(45, 79)
-> Request 2
271
(4, 2, 1)
2
(62, 6)
-> Request 3
301
(4, 3, 1)
3
(58, 8)
-> Request 4
711
(4, 2, 1)
3
(72, 21)
-> Request 5
909
(4, 3, 1)
1
(11, 56)
-> Request 6
927
(4, 1, 1)
2
(41, 36)
-> Request 7
1025
(4, 3, 1)
2
(50, 27)
---> Week : 17
--> Day : 0
-> Request 0
83
(4, 1, 1)
1
(49, 25)
-> Request 1
151
(4, 2, 1)
1
(58, 67)
-> Request 2
372
(4, 1, 1)
2
(39, 45)
-> Request 3
451
(4, 3, 1)
2
(67, 2)
-> Request 4
462
(4, 3, 1)
3
(56, 37)
-> Request 5
487
(4, 2, 1)
3
(30, 59)
-> Request 6
712
(4, 3, 1)
1
(57, 67)
-> Request 7
845
(4, 2, 1)
1
(48, 18)
--> Day : 1
-> Request 0
75
(4, 1, 1)
1
(50, 52)
-> Request 1
553
(4, 3, 1)
3
(47, 27)
-> Request 2
838
(4, 2, 1)
2
(56, 74)
-> Request 3
878
(4, 1, 1)
2
(54, 47)
--> Day : 2
-> Request 0
70
(4, 3, 1)
3
(76, 39)
-> Request 1
75
(4, 1, 1)
1
(4, 51)
-> Request 2
308
(4, 2, 1)
1
(38, 33)
-> Request 3
322
(4, 3, 1)
3
(54, 17)
-> Request 4
326
(4, 1, 1)
1
(63, 23)
-> Request 5
1079
(4, 1, 1)
1
(73, 46)
-> Request 6
1123
(4, 3, 1)
3
(36, 44)
-> Request 7
1421
(4, 2, 1)
2
(65, 6)
--> Day : 3
-> Request 0
110
(4, 2, 1)
2
(32, 14)
-> Request 1
137
(4, 3, 1)
2
(0, 72)
-> Request 2
485
(4, 3, 1)
2
(4, 60)
-> Request 3
763
(4, 3, 1)
1
(18, 33)
-> Request 4
973
(4, 3, 1)
2
(78, 57)
-> Request 5
1116
(4, 2, 1)
2
(51, 55)
-> Request 6
1145
(4, 1, 1)
1
(54, 6)
--> Day : 4
-> Request 0
63
(4, 2, 1)
1
(34, 63)
-> Request 1
231
(4, 3, 1)
1
(63, 26)
-> Request 2
1111
(4, 1, 1)
2
(53, 28)
-> Request 3
1141
(4, 3, 1)
3
(69, 25)
-> Request 4
1141
(4, 2, 1)
2
(11, 68)
-> Request 5
1257
(4, 3, 1)
2
(27, 65)
-> Request 6
1411
(4, 1, 1)
2
(14, 48)
-> Request 7
1424
(4, 1, 1)
1
(47, 67)
---> Week : 18
--> Day : 0
-> Request 0
148
(4, 3, 1)
2
(66, 59)
-> Request 1
664
(4, 1, 1)
3
(47, 6)
-> Request 2
990
(4, 1, 1)
2
(74, 28)
-> Request 3
1081
(4, 2, 1)
1
(66, 55)
-> Request 4
1162
(4, 1, 1)
3
(74, 2)
-> Request 5
1301
(4, 3, 1)
1
(35, 3)
--> Day : 1
-> Request 0
95
(4, 1, 1)
2
(57, 32)
-> Request 1
162
(4, 1, 1)
3
(20, 11)
-> Request 2
465
(4, 3, 1)
3
(49, 52)
-> Request 3
657
(4, 2, 1)
3
(29, 30)
-> Request 4
1352
(4, 3, 1)
1
(50, 31)
--> Day : 2
-> Request 0
156
(4, 1, 1)
2
(70, 66)
-> Request 1
439
(4, 1, 1)
2
(3, 76)
-> Request 2
451
(4, 3, 1)
2
(47, 62)
-> Request 3
553
(4, 1, 1)
3
(67, 22)
-> Request 4
585
(4, 3, 1)
2
(74, 31)
-> Request 5
635
(4, 2, 1)
3
(64, 32)
-> Request 6
1309
(4, 3, 1)
1
(14, 71)
--> Day : 3
-> Request 0
63
(4, 3, 1)
2
(55, 49)
--> Day : 4
-> Request 0
330
(4, 3, 1)
3
(27, 8)
-> Request 1
641
(4, 2, 1)
2
(23, 54)
-> Request 2
1011
(4, 2, 1)
1
(13, 76)
-> Request 3
1105
(4, 2, 1)
1
(67, 55)
-> Request 4
1119
(4, 3, 1)
2
(45, 31)
-> Request 5
1135
(4, 3, 1)
2
(59, 66)
-> Request 6
1202
(4, 2, 1)
2
(14, 36)
-> Request 7
1218
(4, 2, 1)
2
(31, 22)
-> Request 8
1237
(4, 1, 1)
3
(69, 35)
-> Request 9
1342
(4, 3, 1)
2
(11, 15)
---> Week : 19
--> Day : 0
-> Request 0
37
(4, 2, 1)
2
(63, 71)
-> Request 1
572
(4, 2, 1)
2
(5, 26)
-> Request 2
713
(4, 3, 1)
1
(15, 24)
-> Request 3
813
(4, 3, 1)
3
(79, 17)
-> Request 4
895
(4, 3, 1)
2
(32, 57)
-> Request 5
935
(4, 1, 1)
2
(14, 53)
-> Request 6
1113
(4, 3, 1)
1
(73, 60)
--> Day : 1
-> Request 0
220
(4, 3, 1)
1
(31, 56)
-> Request 1
346
(4, 2, 1)
1
(63, 13)
-> Request 2
394
(4, 2, 1)
2
(68, 53)
-> Request 3
420
(4, 3, 1)
1
(42, 76)
-> Request 4
765
(4, 2, 1)
2
(47, 39)
-> Request 5
837
(4, 1, 1)
2
(64, 11)
-> Request 6
1112
(4, 2, 1)
3
(13, 66)
--> Day : 2
-> Request 0
270
(4, 2, 1)
3
(71, 72)
-> Request 1
926
(4, 2, 1)
3
(26, 74)
-> Request 2
990
(4, 1, 1)
1
(62, 56)
--> Day : 3
-> Request 0
95
(4, 2, 1)
2
(76, 27)
-> Request 1
622
(4, 3, 1)
2
(8, 79)
-> Request 2
842
(4, 2, 1)
3
(12, 9)
-> Request 3
955
(4, 3, 1)
3
(30, 79)
-> Request 4
1083
(4, 3, 1)
1
(46, 69)
-> Request 5
1093
(4, 1, 1)
3
(78, 69)
-> Request 6
1241
(4, 1, 1)
3
(3, 49)
-> Request 7
1265
(4, 3, 1)
2
(24, 13)
--> Day : 4
-> Request 0
197
(4, 1, 1)
2
(56, 18)
-> Request 1
394
(4, 3, 1)
2
(31, 18)
-> Request 2
669
(4, 3, 1)
2
(58, 20)
-> Request 3
682
(4, 1, 1)
2
(61, 14)
-> Request 4
1200
(4, 2, 1)
2
(7, 39)
-> Request 5
1242
(4, 3, 1)
2
(13, 11)
-> Request 6
1344
(4, 3, 1)
1
(36, 68)
