---> Week : 0
--> Day : 0
-> Request 0
367
(4, 2, 2)
1
(36, 48)
-> Request 1
371
(4, 1, 1)
2
(47, 17)
-> Request 2
394
(1, 1, 1)
1
(56, 37)
-> Request 3
721
(3, 1, 2)
2
(60, 63)
-> Request 4
785
(2, 3, 1)
3
(51, 28)
-> Request 5
933
(4, 1, 2)
3
(54, 45)
-> Request 6
1055
(2, 3, 1)
3
(75, 29)
-> Request 7
1353
(2, 2, 1)
1
(63, 78)
--> Day : 1
-> Request 0
51
(3, 2, 1)
1
(11, 49)
-> Request 1
895
(3, 3, 1)
1
(68, 54)
-> Request 2
982
(1, 1, 1)
1
(49, 56)
-> Request 3
1093
(4, 1, 2)
1
(55, 62)
-> Request 4
1313
(2, 2, 1)
2
(51, 36)
--> Day : 2
-> Request 0
497
(1, 1, 1)
1
(47, 54)
-> Request 1
744
(1, 2, 2)
3
(62, 70)
-> Request 2
1279
(4, 1, 1)
2
(45, 22)
-> Request 3
1372
(4, 2, 2)
3
(53, 68)
-> Request 4
1433
(3, 3, 1)
1
(11, 41)
--> Day : 3
-> Request 0
53
(4, 3, 2)
3
(11, 28)
-> Request 1
163
(1, 3, 2)
3
(14, 28)
-> Request 2
285
(3, 1, 2)
1
(76, 65)
-> Request 3
719
(1, 1, 1)
1
(38, 32)
-> Request 4
745
(4, 2, 1)
1
(47, 38)
-> Request 5
811
(1, 2, 1)
2
(49, 24)
--> Day : 4
-> Request 0
183
(2, 2, 1)
3
(59, 70)
-> Request 1
389
(4, 1, 2)
1
(61, 43)
-> Request 2
429
(2, 1, 2)
1
(51, 27)
-> Request 3
975
(4, 3, 2)
3
(14, 52)
---> Week : 1
--> Day : 0
--> Day : 1
-> Request 0
817
(3, 1, 2)
2
(56, 13)
-> Request 1
933
(1, 3, 1)
3
(66, 67)
-> Request 2
1386
(1, 2, 1)
3
(14, 10)
--> Day : 2
-> Request 0
523
(3, 2, 1)
1
(57, 32)
--> Day : 3
-> Request 0
408
(2, 2, 2)
3
(65, 76)
-> Request 1
534
(2, 2, 1)
3
(62, 38)
-> Request 2
582
(3, 3, 2)
2
(39, 30)
-> Request 3
682
(1, 2, 2)
3
(66, 67)
--> Day : 4
-> Request 0
1017
(1, 2, 2)
3
(55, 32)
-> Request 1
1028
(4, 2, 1)
3
(59, 42)
-> Request 2
1172
(1, 1, 2)
3
(47, 37)
-> Request 3
1227
(4, 3, 1)
2
(25, 2)
-> Request 4
1307
(3, 3, 2)
2
(56, 36)
---> Week : 2
--> Day : 0
-> Request 0
34
(2, 2, 2)
1
(34, 44)
-> Request 1
68
(1, 2, 1)
1
(53, 76)
-> Request 2
1270
(3, 3, 2)
1
(66, 71)
-> Request 3
1352
(3, 1, 1)
1
(52, 39)
--> Day : 1
-> Request 0
225
(3, 2, 2)
1
(58, 77)
-> Request 1
370
(2, 3, 2)
2
(44, 41)
-> Request 2
985
(3, 2, 1)
2
(30, 28)
-> Request 3
1324
(2, 3, 1)
1
(2, 15)
--> Day : 2
-> Request 0
117
(3, 2, 1)
3
(13, 23)
-> Request 1
205
(4, 1, 2)
3
(11, 63)
-> Request 2
419
(2, 1, 1)
2
(7, 46)
-> Request 3
512
(1, 3, 2)
3
(32, 58)
-> Request 4
893
(2, 3, 2)
1
(43, 30)
-> Request 5
1380
(2, 2, 1)
2
(65, 62)
-> Request 6
1425
(4, 3, 2)
1
(53, 37)
--> Day : 3
-> Request 0
593
(3, 3, 1)
2
(56, 30)
-> Request 1
725
(4, 3, 2)
3
(8, 21)
-> Request 2
991
(1, 1, 1)
2
(47, 30)
-> Request 3
1138
(3, 2, 2)
1
(22, 39)
-> Request 4
1313
(1, 1, 1)
1
(14, 25)
-> Request 5
1377
(4, 2, 2)
1
(52, 37)
--> Day : 4
-> Request 0
285
(3, 1, 2)
2
(58, 44)
-> Request 1
1177
(1, 2, 1)
2
(4, 17)
---> Week : 3
--> Day : 0
-> Request 0
85
(1, 3, 2)
2
(75, 32)
-> Request 1
89
(2, 1, 2)
2
(50, 19)
-> Request 2
283
(1, 3, 2)
3
(21, 57)
-> Request 3
447
(2, 3, 1)
3
(27, 56)
-> Request 4
878
(4, 1, 1)
1
(18, 41)
-> Request 5
1245
(2, 3, 2)
2
(48, 60)
--> Day : 1
-> Request 0
109
(2, 2, 1)
1
(41, 61)
-> Request 1
137
(4, 3, 2)
3
(62, 69)
-> Request 2
223
(4, 1, 2)
3
(60, 73)
-> Request 3
343
(3, 3, 1)
1
(31, 34)
-> Request 4
841
(1, 2, 2)
2
(41, 43)
-> Request 5
851
(1, 1, 2)
1
(51, 27)
-> Request 6
1257
(1, 2, 2)
1
(67, 35)
--> Day : 2
-> Request 0
109
(3, 2, 1)
1
(66, 73)
-> Request 1
228
(2, 2, 1)
2
(46, 29)
-> Request 2
1380
(4, 2, 2)
3
(8, 25)
--> Day : 3
-> Request 0
227
(3, 3, 2)
3
(5, 41)
-> Request 1
241
(4, 2, 2)
2
(54, 44)
-> Request 2
540
(3, 2, 1)
1
(32, 32)
-> Request 3
547
(3, 2, 1)
3
(14, 26)
-> Request 4
584
(4, 2, 1)
3
(60, 40)
-> Request 5
893
(2, 1, 2)
1
(58, 64)
--> Day : 4
-> Request 0
19
(3, 3, 2)
3
(27, 25)
-> Request 1
421
(1, 1, 2)
1
(59, 78)
-> Request 2
981
(1, 1, 1)
2
(56, 42)
---> Week : 4
--> Day : 0
-> Request 0
18
(2, 2, 2)
2
(54, 78)
-> Request 1
435
(1, 3, 2)
2
(60, 32)
-> Request 2
1199
(3, 1, 2)
2
(58, 68)
--> Day : 1
-> Request 0
183
(2, 3, 2)
2
(76, 47)
-> Request 1
568
(3, 3, 1)
3
(62, 30)
-> Request 2
1216
(1, 3, 1)
3
(78, 53)
-> Request 3
1254
(2, 3, 2)
2
(1, 75)
-> Request 4
1425
(1, 2, 2)
2
(59, 30)
--> Day : 2
-> Request 0
979
(3, 1, 1)
1
(54, 44)
-> Request 1
1193
(3, 1, 1)
3
(49, 71)
-> Request 2
1356
(1, 3, 2)
2
(30, 65)
-> Request 3
1414
(2, 2, 2)
3
(68, 49)
--> Day : 3
-> Request 0
500
(3, 1, 2)
3
(45, 34)
-> Request 1
525
(2, 2, 2)
1
(75, 65)
-> Request 2
919
(2, 3, 2)
3
(54, 32)
-> Request 3
1151
(4, 2, 2)
2
(17, 23)
--> Day : 4
-> Request 0
243
(1, 3, 1)
3
(74, 3)
-> Request 1
642
(2, 3, 2)
3
(29, 48)
-> Request 2
679
(4, 1, 1)
3
(59, 31)
-> Request 3
987
(2, 2, 2)
1
(47, 32)
---> Week : 5
--> Day : 0
-> Request 0
41
(2, 3, 2)
1
(59, 75)
-> Request 1
160
(1, 1, 2)
1
(58, 71)
-> Request 2
1029
(2, 3, 2)
1
(49, 44)
-> Request 3
1118
(2, 2, 1)
1
(62, 64)
-> Request 4
1386
(4, 1, 1)
3
(9, 44)
--> Day : 1
-> Request 0
136
(2, 3, 1)
1
(69, 72)
-> Request 1
282
(1, 2, 2)
1
(58, 77)
-> Request 2
738
(3, 3, 1)
1
(45, 44)
-> Request 3
836
(4, 2, 2)
2
(60, 77)
--> Day : 2
-> Request 0
377
(4, 2, 1)
3
(44, 32)
-> Request 1
1019
(3, 1, 1)
2
(43, 31)
-> Request 2
1100
(1, 2, 1)
2
(57, 24)
--> Day : 3
-> Request 0
362
(1, 1, 2)
3
(59, 46)
-> Request 1
613
(3, 3, 2)
2
(8, 79)
-> Request 2
881
(2, 3, 2)
2
(56, 69)
-> Request 3
930
(2, 2, 2)
1
(50, 30)
-> Request 4
1092
(1, 1, 1)
3
(41, 25)
--> Day : 4
-> Request 0
114
(1, 3, 2)
3
(43, 34)
-> Request 1
403
(2, 2, 1)
2
(43, 40)
-> Request 2
971
(4, 2, 2)
1
(68, 55)
-> Request 3
1281
(2, 3, 1)
3
(57, 45)
---> Week : 6
--> Day : 0
-> Request 0
37
(1, 3, 1)
2
(22, 78)
-> Request 1
317
(3, 2, 2)
3
(54, 45)
-> Request 2
1400
(3, 2, 1)
1
(13, 22)
--> Day : 1
-> Request 0
728
(3, 1, 1)
2
(60, 27)
--> Day : 2
-> Request 0
38
(2, 1, 2)
2
(57, 75)
-> Request 1
1002
(2, 2, 1)
3
(8, 23)
-> Request 2
1187
(2, 3, 2)
1
(10, 26)
--> Day : 3
-> Request 0
358
(4, 1, 1)
2
(68, 54)
-> Request 1
403
(4, 3, 1)
1
(46, 52)
-> Request 2
412
(4, 3, 2)
1
(47, 30)
-> Request 3
602
(1, 1, 2)
1
(50, 46)
-> Request 4
1415
(1, 3, 1)
2
(58, 31)
--> Day : 4
-> Request 0
413
(4, 1, 2)
2
(9, 20)
-> Request 1
845
(2, 2, 2)
3
(26, 31)
---> Week : 7
--> Day : 0
-> Request 0
231
(3, 3, 2)
3
(42, 78)
-> Request 1
335
(4, 3, 1)
1
(15, 26)
-> Request 2
425
(3, 1, 2)
1
(1, 60)
-> Request 3
693
(4, 2, 1)
1
(62, 27)
-> Request 4
928
(2, 1, 1)
1
(61, 54)
-> Request 5
1116
(2, 3, 2)
1
(66, 68)
--> Day : 1
-> Request 0
78
(4, 3, 1)
2
(71, 58)
-> Request 1
126
(1, 1, 2)
1
(3, 7)
-> Request 2
140
(1, 3, 1)
2
(38, 10)
-> Request 3
744
(4, 1, 1)
1
(5, 40)
-> Request 4
926
(2, 3, 2)
1
(58, 4)
-> Request 5
1109
(4, 1, 1)
2
(67, 71)
--> Day : 2
-> Request 0
24
(2, 3, 2)
1
(75, 52)
--> Day : 3
-> Request 0
267
(3, 1, 1)
1
(36, 35)
-> Request 1
674
(3, 3, 2)
3
(28, 42)
--> Day : 4
-> Request 0
89
(3, 3, 2)
3
(28, 9)
-> Request 1
454
(4, 3, 2)
3
(54, 65)
-> Request 2
1097
(2, 2, 2)
2
(11, 22)
---> Week : 8
--> Day : 0
-> Request 0
126
(3, 2, 2)
1
(17, 24)
-> Request 1
296
(4, 2, 2)
3
(33, 60)
-> Request 2
610
(1, 3, 2)
2
(58, 51)
-> Request 3
849
(3, 2, 2)
1
(50, 18)
-> Request 4
1015
(2, 2, 2)
1
(53, 39)
--> Day : 1
-> Request 0
65
(3, 3, 1)
3
(54, 29)
-> Request 1
685
(2, 1, 2)
2
(65, 67)
--> Day : 2
-> Request 0
523
(3, 3, 2)
3
(56, 78)
--> Day : 3
-> Request 0
9
(4, 2, 1)
2
(9, 27)
-> Request 1
502
(2, 3, 2)
2
(60, 73)
-> Request 2
1092
(1, 2, 2)
1
(45, 33)
--> Day : 4
-> Request 0
163
(3, 2, 2)
1
(49, 30)
-> Request 1
170
(3, 2, 1)
1
(59, 9)
-> Request 2
839
(4, 2, 1)
1
(41, 48)
-> Request 3
952
(1, 3, 1)
3
(25, 4)
-> Request 4
1226
(1, 1, 1)
3
(57, 33)
-> Request 5
1393
(1, 1, 2)
1
(11, 22)
---> Week : 9
--> Day : 0
-> Request 0
67
(2, 1, 2)
3
(53, 18)
-> Request 1
1060
(1, 2, 1)
2
(12, 29)
--> Day : 1
-> Request 0
236
(1, 1, 2)
2
(72, 49)
-> Request 1
239
(1, 1, 1)
2
(1, 43)
-> Request 2
353
(1, 2, 2)
1
(56, 71)
-> Request 3
382
(3, 1, 1)
3
(45, 77)
-> Request 4
650
(1, 3, 1)
3
(30, 14)
-> Request 5
814
(1, 3, 1)
3
(78, 15)
--> Day : 2
-> Request 0
233
(3, 2, 2)
1
(5, 79)
-> Request 1
390
(3, 3, 1)
2
(47, 44)
-> Request 2
591
(1, 2, 2)
1
(52, 76)
-> Request 3
749
(1, 3, 1)
2
(58, 64)
--> Day : 3
-> Request 0
622
(1, 2, 2)
1
(52, 45)
-> Request 1
1246
(2, 3, 2)
3
(14, 28)
--> Day : 4
-> Request 0
126
(1, 2, 2)
1
(43, 36)
-> Request 1
197
(1, 1, 2)
1
(53, 45)
-> Request 2
302
(3, 3, 2)
2
(63, 64)
-> Request 3
1081
(2, 2, 2)
3
(54, 36)
-> Request 4
1096
(4, 1, 1)
1
(42, 53)
---> Week : 10
--> Day : 0
-> Request 0
388
(1, 2, 1)
3
(49, 27)
-> Request 1
625
(4, 3, 1)
3
(52, 68)
-> Request 2
1214
(2, 2, 2)
1
(52, 70)
-> Request 3
1377
(2, 3, 2)
2
(47, 43)
--> Day : 1
-> Request 0
431
(1, 2, 1)
3
(32, 13)
-> Request 1
767
(1, 2, 1)
2
(52, 65)
-> Request 2
1378
(3, 3, 1)
2
(59, 35)
-> Request 3
1427
(3, 3, 1)
1
(55, 67)
--> Day : 2
-> Request 0
633
(4, 2, 2)
1
(63, 73)
-> Request 1
664
(4, 3, 1)
3
(11, 29)
--> Day : 3
-> Request 0
491
(4, 1, 2)
2
(36, 67)
-> Request 1
785
(2, 2, 2)
3
(31, 57)
-> Request 2
841
(1, 1, 1)
1
(52, 36)
--> Day : 4
-> Request 0
195
(1, 3, 2)
2
(61, 27)
-> Request 1
837
(1, 1, 1)
1
(1, 27)
-> Request 2
1030
(3, 2, 1)
1
(55, 76)
-> Request 3
1375
(1, 1, 1)
2
(47, 36)
---> Week : 11
--> Day : 0
-> Request 0
70
(1, 2, 1)
1
(9, 28)
-> Request 1
116
(4, 3, 1)
2
(23, 15)
-> Request 2
180
(3, 3, 2)
2
(43, 46)
-> Request 3
267
(2, 2, 1)
1
(54, 39)
-> Request 4
538
(3, 2, 2)
2
(46, 60)
-> Request 5
1160
(3, 1, 2)
2
(58, 75)
--> Day : 1
-> Request 0
99
(3, 2, 2)
2
(53, 28)
-> Request 1
301
(2, 2, 1)
2
(51, 49)
-> Request 2
605
(4, 3, 2)
2
(64, 61)
-> Request 3
679
(1, 1, 1)
3
(62, 73)
-> Request 4
798
(1, 2, 1)
3
(43, 32)
-> Request 5
1014
(3, 1, 2)
1
(20, 28)
-> Request 6
1241
(4, 1, 2)
1
(78, 56)
-> Request 7
1252
(2, 1, 2)
1
(22, 0)
-> Request 8
1405
(4, 3, 1)
2
(61, 37)
--> Day : 2
-> Request 0
108
(2, 2, 1)
1
(53, 76)
-> Request 1
124
(3, 1, 2)
2
(9, 63)
-> Request 2
1159
(4, 2, 1)
3
(46, 41)
-> Request 3
1163
(2, 3, 2)
2
(55, 45)
-> Request 4
1229
(2, 1, 1)
3
(35, 50)
-> Request 5
1354
(2, 1, 2)
2
(56, 77)
--> Day : 3
-> Request 0
218
(4, 2, 1)
1
(50, 69)
-> Request 1
522
(2, 2, 1)
1
(47, 46)
-> Request 2
817
(2, 1, 1)
3
(47, 46)
-> Request 3
909
(1, 3, 2)
3
(9, 23)
-> Request 4
931
(1, 2, 2)
2
(36, 50)
-> Request 5
1095
(3, 1, 1)
2
(58, 33)
-> Request 6
1216
(3, 2, 2)
1
(56, 39)
-> Request 7
1384
(2, 1, 2)
3
(69, 47)
--> Day : 4
-> Request 0
823
(4, 1, 2)
2
(53, 78)
-> Request 1
843
(1, 1, 2)
2
(54, 78)
---> Week : 12
--> Day : 0
-> Request 0
60
(1, 1, 1)
3
(46, 27)
-> Request 1
77
(3, 3, 1)
3
(49, 37)
-> Request 2
276
(3, 2, 2)
1
(58, 33)
-> Request 3
849
(1, 3, 1)
2
(9, 27)
-> Request 4
1154
(3, 1, 1)
2
(7, 2)
--> Day : 1
-> Request 0
55
(1, 2, 2)
2
(56, 41)
-> Request 1
968
(1, 3, 1)
3
(79, 7)
-> Request 2
1129
(3, 1, 2)
1
(77, 35)
--> Day : 2
-> Request 0
134
(2, 2, 1)
2
(50, 31)
-> Request 1
627
(4, 1, 1)
1
(54, 64)
-> Request 2
1009
(3, 2, 2)
1
(62, 71)
-> Request 3
1437
(3, 1, 2)
3
(48, 38)
--> Day : 3
-> Request 0
448
(3, 1, 2)
2
(18, 20)
-> Request 1
789
(4, 1, 2)
2
(47, 45)
-> Request 2
1059
(3, 1, 2)
2
(28, 6)
-> Request 3
1215
(2, 3, 2)
1
(63, 78)
--> Day : 4
-> Request 0
607
(1, 3, 1)
1
(55, 44)
-> Request 1
703
(4, 3, 2)
2
(41, 13)
-> Request 2
902
(2, 1, 1)
3
(77, 6)
---> Week : 13
--> Day : 0
-> Request 0
168
(1, 1, 2)
3
(35, 57)
-> Request 1
608
(2, 2, 2)
3
(60, 54)
-> Request 2
1173
(4, 3, 1)
2
(38, 4)
-> Request 3
1261
(1, 2, 2)
1
(65, 78)
--> Day : 1
-> Request 0
1061
(4, 3, 2)
3
(49, 32)
-> Request 1
1180
(2, 3, 1)
2
(58, 46)
-> Request 2
1433
(3, 2, 2)
3
(56, 76)
--> Day : 2
-> Request 0
872
(4, 1, 1)
1
(45, 34)
-> Request 1
1172
(1, 3, 1)
2
(63, 68)
--> Day : 3
-> Request 0
131
(3, 3, 1)
1
(58, 39)
-> Request 1
288
(2, 3, 2)
3
(62, 60)
-> Request 2
629
(1, 2, 2)
2
(11, 20)
--> Day : 4
-> Request 0
289
(3, 3, 2)
3
(61, 68)
-> Request 1
873
(2, 2, 1)
2
(63, 58)
-> Request 2
1034
(1, 3, 1)
2
(62, 41)
-> Request 3
1382
(2, 3, 2)
1
(45, 28)
---> Week : 14
--> Day : 0
-> Request 0
733
(4, 2, 1)
3
(59, 68)
-> Request 1
1261
(4, 1, 2)
1
(66, 75)
--> Day : 1
-> Request 0
412
(2, 1, 2)
2
(55, 31)
-> Request 1
963
(1, 1, 1)
3
(21, 53)
--> Day : 2
-> Request 0
686
(4, 2, 1)
3
(40, 4)
-> Request 1
1031
(3, 1, 2)
3
(8, 1)
--> Day : 3
-> Request 0
838
(3, 2, 1)
3
(53, 37)
--> Day : 4
-> Request 0
671
(1, 1, 2)
3
(50, 60)
-> Request 1
693
(4, 3, 1)
1
(63, 78)
---> Week : 15
--> Day : 0
-> Request 0
454
(4, 3, 2)
1
(54, 77)
-> Request 1
608
(3, 1, 1)
3
(55, 70)
-> Request 2
618
(4, 3, 1)
3
(46, 63)
-> Request 3
1222
(4, 3, 2)
1
(7, 33)
--> Day : 1
-> Request 0
57
(1, 2, 2)
1
(47, 45)
-> Request 1
143
(4, 1, 1)
1
(74, 43)
-> Request 2
330
(4, 2, 2)
3
(15, 26)
-> Request 3
543
(2, 1, 1)
1
(75, 28)
-> Request 4
984
(1, 2, 2)
1
(48, 37)
--> Day : 2
-> Request 0
4
(2, 2, 1)
2
(20, 26)
-> Request 1
139
(2, 1, 2)
2
(55, 65)
-> Request 2
143
(1, 2, 2)
1
(53, 71)
-> Request 3
794
(2, 1, 1)
2
(17, 29)
-> Request 4
1222
(1, 1, 2)
1
(43, 36)
--> Day : 3
-> Request 0
216
(4, 2, 2)
1
(53, 28)
-> Request 1
1162
(2, 1, 1)
3
(43, 29)
--> Day : 4
-> Request 0
968
(4, 1, 1)
1
(12, 24)
-> Request 1
1185
(1, 2, 2)
2
(10, 40)
---> Week : 16
--> Day : 0
-> Request 0
93
(3, 2, 1)
1
(50, 40)
-> Request 1
183
(4, 2, 2)
1
(59, 38)
-> Request 2
413
(3, 2, 2)
2
(54, 77)
-> Request 3
736
(1, 3, 2)
2
(57, 40)
-> Request 4
861
(4, 3, 2)
2
(24, 19)
-> Request 5
1129
(4, 2, 1)
3
(49, 14)
-> Request 6
1154
(2, 2, 1)
2
(55, 36)
-> Request 7
1243
(2, 3, 2)
3
(65, 71)
-> Request 8
1305
(4, 1, 2)
2
(8, 26)
--> Day : 1
-> Request 0
860
(1, 1, 2)
1
(44, 38)
-> Request 1
1305
(3, 2, 2)
3
(47, 41)
--> Day : 2
-> Request 0
128
(4, 2, 2)
3
(4, 1)
-> Request 1
350
(3, 1, 1)
2
(65, 64)
-> Request 2
441
(4, 3, 2)
3
(52, 75)
-> Request 3
581
(4, 3, 2)
1
(11, 22)
-> Request 4
645
(3, 1, 2)
2
(63, 74)
-> Request 5
1223
(4, 2, 1)
2
(48, 43)
-> Request 6
1391
(2, 2, 1)
1
(58, 41)
--> Day : 3
-> Request 0
7
(3, 3, 2)
2
(54, 53)
-> Request 1
164
(3, 3, 1)
2
(28, 74)
-> Request 2
282
(4, 3, 2)
3
(41, 7)
-> Request 3
433
(2, 1, 2)
1
(49, 52)
--> Day : 4
-> Request 0
54
(1, 3, 2)
2
(17, 8)
-> Request 1
169
(4, 1, 1)
1
(23, 64)
-> Request 2
791
(3, 1, 2)
1
(59, 34)
-> Request 3
867
(2, 3, 2)
1
(46, 67)
---> Week : 17
--> Day : 0
-> Request 0
542
(2, 1, 2)
1
(19, 0)
-> Request 1
635
(1, 2, 1)
3
(66, 65)
-> Request 2
1118
(1, 2, 2)
1
(61, 38)
-> Request 3
1158
(3, 2, 2)
2
(53, 45)
--> Day : 1
-> Request 0
397
(1, 2, 2)
3
(47, 33)
-> Request 1
1057
(2, 2, 2)
2
(57, 69)
-> Request 2
1245
(4, 1, 2)
1
(21, 34)
--> Day : 2
-> Request 0
186
(4, 1, 2)
3
(8, 24)
-> Request 1
1249
(2, 2, 2)
3
(43, 42)
-> Request 2
1250
(1, 1, 2)
3
(75, 79)
-> Request 3
1304
(1, 3, 1)
1
(56, 69)
--> Day : 3
-> Request 0
460
(2, 2, 2)
3
(61, 37)
-> Request 1
790
(2, 2, 2)
1
(54, 72)
-> Request 2
1038
(4, 1, 1)
2
(48, 75)
--> Day : 4
-> Request 0
250
(4, 3, 1)
1
(65, 77)
-> Request 1
602
(2, 1, 2)
2
(57, 78)
-> Request 2
937
(4, 2, 2)
3
(33, 51)
-> Request 3
1061
(4, 1, 2)
1
(62, 2)
-> Request 4
1075
(3, 1, 2)
1
(43, 50)
-> Request 5
1242
(4, 3, 2)
2
(43, 37)
---> Week : 18
--> Day : 0
-> Request 0
709
(3, 3, 2)
2
(44, 35)
-> Request 1
881
(2, 1, 1)
1
(59, 32)
-> Request 2
1314
(4, 3, 1)
1
(46, 45)
-> Request 3
1407
(3, 2, 1)
2
(61, 42)
--> Day : 1
-> Request 0
159
(1, 1, 1)
1
(66, 28)
--> Day : 2
-> Request 0
1006
(4, 3, 1)
2
(57, 46)
-> Request 1
1391
(3, 3, 1)
1
(61, 74)
--> Day : 3
-> Request 0
68
(2, 3, 2)
2
(13, 64)
-> Request 1
515
(3, 2, 1)
1
(12, 20)
-> Request 2
1263
(4, 2, 1)
1
(49, 77)
-> Request 3
1297
(2, 3, 1)
3
(65, 68)
--> Day : 4
-> Request 0
1400
(1, 2, 1)
3
(63, 73)
---> Week : 19
--> Day : 0
-> Request 0
975
(3, 3, 2)
1
(12, 28)
-> Request 1
1004
(3, 1, 2)
1
(53, 42)
--> Day : 1
-> Request 0
209
(1, 2, 1)
3
(53, 37)
-> Request 1
253
(4, 2, 1)
1
(50, 60)
-> Request 2
1407
(1, 1, 1)
2
(68, 19)
--> Day : 2
-> Request 0
19
(4, 3, 1)
1
(35, 0)
-> Request 1
36
(2, 3, 1)
3
(55, 57)
-> Request 2
320
(3, 2, 1)
1
(56, 38)
-> Request 3
346
(3, 2, 1)
1
(55, 66)
-> Request 4
373
(2, 1, 2)
1
(53, 0)
-> Request 5
796
(2, 2, 1)
1
(45, 79)
-> Request 6
828
(1, 3, 1)
3
(60, 69)
-> Request 7
1436
(2, 1, 1)
2
(20, 71)
--> Day : 3
-> Request 0
709
(2, 1, 2)
2
(73, 1)
--> Day : 4
-> Request 0
1113
(4, 3, 1)
1
(61, 61)
-> Request 1
1373
(4, 3, 2)
3
(21, 70)
