---> Week : 0
--> Day : 0
-> Request 0
309
(3, 2, 1)
1
(1, 25)
-> Request 1
929
(4, 2, 2)
3
(27, 50)
-> Request 2
990
(1, 2, 1)
3
(36, 11)
-> Request 3
1071
(3, 1, 1)
3
(54, 27)
--> Day : 1
-> Request 0
923
(1, 1, 1)
3
(58, 40)
-> Request 1
924
(2, 2, 2)
3
(63, 72)
--> Day : 2
-> Request 0
943
(3, 3, 1)
2
(37, 63)
--> Day : 3
-> Request 0
447
(2, 3, 2)
3
(50, 33)
-> Request 1
1401
(2, 2, 2)
1
(57, 73)
--> Day : 4
-> Request 0
530
(4, 2, 2)
3
(64, 24)
-> Request 1
1421
(1, 2, 2)
2
(3, 13)
-> Request 2
1422
(2, 3, 2)
1
(29, 74)
---> Week : 1
--> Day : 0
-> Request 0
577
(2, 2, 2)
1
(16, 53)
--> Day : 1
-> Request 0
232
(3, 2, 2)
3
(48, 52)
-> Request 1
282
(1, 2, 2)
2
(51, 31)
-> Request 2
540
(1, 3, 2)
3
(20, 76)
-> Request 3
583
(1, 2, 2)
3
(29, 49)
--> Day : 2
-> Request 0
413
(4, 3, 2)
3
(55, 64)
-> Request 1
688
(4, 1, 2)
3
(59, 30)
-> Request 2
942
(2, 3, 1)
1
(1, 72)
--> Day : 3
-> Request 0
255
(3, 1, 1)
1
(30, 10)
-> Request 1
283
(1, 1, 1)
1
(55, 31)
-> Request 2
1129
(3, 1, 1)
2
(10, 64)
--> Day : 4
-> Request 0
488
(4, 3, 2)
1
(46, 41)
---> Week : 2
--> Day : 0
-> Request 0
181
(1, 2, 1)
3
(48, 40)
-> Request 1
304
(2, 3, 2)
1
(17, 23)
-> Request 2
419
(3, 1, 1)
2
(56, 32)
-> Request 3
774
(3, 1, 1)
1
(16, 55)
-> Request 4
904
(3, 1, 1)
3
(50, 62)
-> Request 5
1237
(2, 1, 2)
3
(41, 40)
--> Day : 1
-> Request 0
708
(1, 1, 2)
1
(61, 27)
-> Request 1
1284
(3, 3, 2)
3
(52, 72)
--> Day : 2
-> Request 0
22
(3, 1, 2)
3
(63, 78)
-> Request 1
560
(1, 3, 1)
2
(58, 12)
-> Request 2
914
(2, 1, 2)
3
(36, 42)
-> Request 3
987
(1, 1, 1)
1
(62, 30)
-> Request 4
1160
(2, 1, 1)
1
(77, 62)
--> Day : 3
-> Request 0
190
(3, 1, 2)
1
(39, 36)
-> Request 1
629
(1, 3, 2)
3
(13, 29)
-> Request 2
1142
(3, 2, 2)
1
(53, 66)
--> Day : 4
-> Request 0
657
(3, 2, 1)
1
(65, 28)
-> Request 1
813
(1, 1, 1)
3
(39, 56)
---> Week : 3
--> Day : 0
-> Request 0
106
(2, 2, 2)
2
(52, 34)
-> Request 1
462
(3, 1, 2)
3
(56, 40)
-> Request 2
671
(1, 3, 2)
3
(25, 63)
-> Request 3
976
(3, 3, 1)
3
(54, 67)
--> Day : 1
-> Request 0
28
(3, 3, 2)
1
(29, 39)
-> Request 1
401
(3, 3, 2)
2
(32, 3)
-> Request 2
571
(2, 2, 1)
2
(74, 2)
-> Request 3
629
(2, 1, 2)
2
(7, 68)
-> Request 4
787
(4, 3, 1)
2
(69, 8)
-> Request 5
1035
(2, 1, 2)
2
(43, 20)
-> Request 6
1226
(1, 1, 1)
1
(58, 72)
-> Request 7
1242
(1, 1, 2)
1
(40, 65)
--> Day : 2
-> Request 0
171
(3, 3, 2)
1
(39, 22)
-> Request 1
464
(3, 3, 1)
1
(30, 24)
-> Request 2
1145
(2, 1, 2)
1
(47, 29)
-> Request 3
1312
(2, 2, 1)
1
(44, 40)
-> Request 4
1417
(4, 3, 1)
3
(79, 27)
--> Day : 3
-> Request 0
664
(2, 1, 1)
3
(59, 44)
-> Request 1
1180
(3, 3, 1)
2
(57, 78)
-> Request 2
1340
(2, 1, 2)
2
(24, 61)
-> Request 3
1411
(2, 3, 2)
1
(57, 46)
-> Request 4
1433
(1, 2, 1)
1
(33, 74)
--> Day : 4
-> Request 0
105
(4, 3, 1)
2
(50, 31)
-> Request 1
610
(1, 1, 1)
3
(62, 64)
-> Request 2
651
(1, 1, 1)
1
(79, 31)
---> Week : 4
--> Day : 0
-> Request 0
622
(4, 3, 1)
1
(59, 45)
-> Request 1
629
(4, 3, 1)
3
(32, 15)
-> Request 2
1198
(4, 3, 2)
3
(58, 46)
-> Request 3
1346
(2, 3, 1)
2
(26, 63)
--> Day : 1
-> Request 0
455
(4, 1, 2)
2
(61, 45)
-> Request 1
562
(3, 1, 2)
2
(59, 78)
-> Request 2
592
(1, 3, 1)
3
(23, 31)
-> Request 3
1240
(2, 2, 1)
2
(56, 75)
--> Day : 2
-> Request 0
14
(3, 3, 1)
1
(43, 32)
-> Request 1
329
(1, 3, 1)
2
(9, 28)
-> Request 2
412
(4, 3, 2)
3
(65, 74)
-> Request 3
772
(4, 1, 2)
2
(40, 56)
--> Day : 3
-> Request 0
1316
(2, 3, 1)
3
(10, 24)
--> Day : 4
-> Request 0
422
(3, 1, 1)
3
(65, 74)
-> Request 1
462
(2, 3, 2)
2
(3, 69)
-> Request 2
590
(2, 1, 1)
2
(56, 44)
-> Request 3
650
(1, 1, 2)
1
(73, 59)
-> Request 4
791
(1, 3, 1)
2
(17, 21)
-> Request 5
803
(2, 2, 1)
1
(74, 64)
---> Week : 5
--> Day : 0
-> Request 0
48
(2, 1, 2)
2
(49, 27)
-> Request 1
64
(4, 3, 1)
1
(34, 2)
-> Request 2
157
(2, 2, 1)
2
(24, 5)
-> Request 3
468
(3, 3, 2)
1
(48, 27)
-> Request 4
899
(4, 3, 1)
3
(64, 70)
-> Request 5
1189
(4, 3, 1)
1
(21, 17)
-> Request 6
1339
(1, 1, 2)
1
(54, 28)
--> Day : 1
-> Request 0
356
(4, 3, 1)
1
(58, 63)
-> Request 1
1033
(4, 3, 2)
3
(51, 72)
-> Request 2
1132
(3, 1, 1)
2
(57, 46)
-> Request 3
1233
(1, 3, 1)
3
(68, 29)
--> Day : 2
-> Request 0
285
(3, 2, 1)
2
(0, 56)
-> Request 1
572
(1, 3, 1)
3
(50, 45)
-> Request 2
853
(4, 3, 2)
1
(59, 40)
-> Request 3
994
(3, 1, 1)
2
(69, 48)
-> Request 4
1150
(3, 3, 1)
3
(79, 14)
-> Request 5
1319
(2, 3, 1)
2
(26, 18)
--> Day : 3
-> Request 0
255
(4, 3, 2)
2
(59, 36)
-> Request 1
948
(2, 3, 1)
3
(54, 35)
--> Day : 4
-> Request 0
18
(1, 1, 2)
2
(50, 28)
-> Request 1
162
(2, 3, 2)
3
(42, 4)
-> Request 2
369
(3, 2, 2)
3
(11, 16)
-> Request 3
510
(1, 2, 1)
1
(17, 24)
---> Week : 6
--> Day : 0
-> Request 0
717
(3, 2, 2)
2
(72, 78)
-> Request 1
1371
(2, 1, 2)
2
(57, 46)
--> Day : 1
-> Request 0
617
(4, 2, 2)
3
(12, 26)
-> Request 1
825
(1, 3, 1)
3
(79, 12)
--> Day : 2
--> Day : 3
-> Request 0
70
(3, 3, 2)
1
(56, 45)
-> Request 1
727
(3, 1, 1)
3
(53, 25)
-> Request 2
766
(2, 2, 1)
1
(58, 40)
--> Day : 4
-> Request 0
509
(4, 2, 2)
2
(54, 70)
-> Request 1
807
(2, 1, 1)
3
(59, 6)
-> Request 2
842
(1, 2, 1)
2
(52, 64)
-> Request 3
1212
(2, 3, 1)
2
(20, 61)
---> Week : 7
--> Day : 0
-> Request 0
94
(1, 2, 2)
3
(63, 67)
-> Request 1
728
(1, 2, 2)
3
(60, 37)
-> Request 2
810
(2, 3, 2)
3
(71, 49)
-> Request 3
1433
(4, 3, 1)
3
(57, 43)
--> Day : 1
-> Request 0
123
(2, 3, 2)
1
(73, 5)
-> Request 1
795
(4, 3, 1)
2
(6, 46)
--> Day : 2
-> Request 0
168
(3, 2, 2)
3
(13, 30)
-> Request 1
512
(1, 1, 2)
1
(44, 30)
-> Request 2
649
(2, 2, 2)
1
(23, 30)
--> Day : 3
-> Request 0
172
(2, 1, 1)
1
(56, 72)
-> Request 1
607
(3, 1, 1)
3
(55, 30)
-> Request 2
767
(4, 1, 2)
3
(45, 16)
-> Request 3
1182
(3, 1, 2)
3
(34, 59)
-> Request 4
1231
(1, 3, 2)
2
(48, 31)
-> Request 5
1234
(1, 1, 2)
1
(40, 66)
--> Day : 4
-> Request 0
853
(2, 1, 2)
3
(27, 22)
---> Week : 8
--> Day : 0
-> Request 0
173
(2, 1, 2)
1
(1, 0)
-> Request 1
537
(1, 1, 2)
1
(47, 5)
-> Request 2
544
(4, 1, 1)
3
(54, 33)
-> Request 3
894
(1, 3, 1)
2
(15, 28)
-> Request 4
942
(1, 2, 2)
2
(12, 21)
-> Request 5
1219
(1, 2, 1)
3
(53, 44)
--> Day : 1
-> Request 0
515
(4, 1, 1)
1
(12, 39)
-> Request 1
743
(1, 2, 1)
2
(34, 3)
--> Day : 2
-> Request 0
6
(1, 1, 2)
2
(46, 57)
-> Request 1
853
(4, 1, 2)
3
(79, 51)
-> Request 2
940
(1, 3, 1)
2
(61, 75)
-> Request 3
1250
(4, 3, 1)
3
(60, 42)
--> Day : 3
-> Request 0
156
(1, 1, 2)
1
(69, 60)
-> Request 1
515
(1, 1, 2)
2
(12, 23)
-> Request 2
670
(4, 1, 2)
2
(73, 56)
-> Request 3
1313
(2, 3, 1)
1
(44, 45)
--> Day : 4
-> Request 0
146
(3, 2, 1)
2
(78, 63)
-> Request 1
211
(3, 1, 1)
2
(43, 29)
-> Request 2
454
(1, 3, 1)
3
(69, 6)
-> Request 3
461
(4, 1, 1)
1
(43, 40)
-> Request 4
722
(3, 1, 1)
3
(54, 41)
---> Week : 9
--> Day : 0
-> Request 0
55
(4, 3, 2)
3
(12, 21)
-> Request 1
75
(4, 2, 2)
2
(55, 77)
-> Request 2
207
(4, 2, 1)
3
(55, 69)
-> Request 3
923
(2, 1, 2)
2
(56, 31)
-> Request 4
1071
(2, 3, 2)
2
(37, 41)
--> Day : 1
-> Request 0
0
(4, 2, 2)
1
(23, 31)
-> Request 1
105
(3, 2, 2)
3
(11, 4)
-> Request 2
141
(1, 1, 2)
2
(6, 48)
-> Request 3
241
(4, 1, 2)
3
(50, 40)
-> Request 4
346
(2, 1, 2)
3
(62, 32)
-> Request 5
358
(4, 1, 1)
3
(55, 35)
-> Request 6
422
(1, 3, 1)
3
(61, 67)
-> Request 7
504
(2, 1, 1)
3
(65, 42)
--> Day : 2
-> Request 0
140
(3, 3, 1)
2
(52, 74)
-> Request 1
908
(2, 2, 1)
1
(42, 44)
--> Day : 3
-> Request 0
695
(1, 2, 2)
1
(59, 59)
-> Request 1
1064
(2, 3, 2)
3
(36, 30)
--> Day : 4
-> Request 0
250
(4, 2, 2)
1
(18, 47)
-> Request 1
1253
(4, 2, 1)
2
(13, 20)
-> Request 2
1407
(4, 3, 2)
1
(16, 24)
---> Week : 10
--> Day : 0
-> Request 0
801
(3, 1, 1)
3
(61, 27)
-> Request 1
1079
(4, 3, 1)
3
(4, 50)
-> Request 2
1150
(3, 3, 2)
2
(8, 27)
-> Request 3
1328
(2, 1, 2)
1
(30, 73)
-> Request 4
1433
(3, 3, 2)
2
(72, 19)
--> Day : 1
-> Request 0
221
(2, 3, 1)
3
(71, 15)
-> Request 1
1078
(1, 3, 1)
1
(60, 67)
--> Day : 2
-> Request 0
238
(1, 3, 2)
1
(60, 75)
-> Request 1
592
(4, 1, 1)
1
(17, 68)
--> Day : 3
-> Request 0
109
(1, 1, 1)
3
(70, 12)
--> Day : 4
-> Request 0
284
(2, 2, 1)
3
(59, 31)
-> Request 1
597
(3, 2, 2)
1
(51, 50)
-> Request 2
608
(1, 1, 1)
2
(14, 23)
-> Request 3
676
(1, 1, 1)
3
(58, 27)
-> Request 4
792
(2, 1, 2)
3
(63, 64)
-> Request 5
804
(3, 1, 2)
2
(79, 66)
-> Request 6
912
(4, 3, 1)
3
(61, 62)
-> Request 7
1415
(2, 2, 2)
2
(60, 76)
---> Week : 11
--> Day : 0
-> Request 0
620
(4, 1, 2)
3
(54, 34)
-> Request 1
699
(4, 1, 2)
1
(47, 32)
--> Day : 1
-> Request 0
115
(3, 2, 1)
3
(57, 38)
-> Request 1
153
(2, 2, 1)
2
(61, 39)
-> Request 2
231
(3, 2, 1)
1
(8, 3)
-> Request 3
234
(1, 2, 1)
1
(73, 32)
-> Request 4
665
(1, 2, 2)
1
(10, 21)
-> Request 5
856
(1, 3, 2)
3
(57, 71)
-> Request 6
1424
(2, 1, 1)
2
(50, 32)
--> Day : 2
-> Request 0
64
(4, 2, 2)
2
(44, 79)
-> Request 1
89
(3, 1, 1)
1
(17, 8)
-> Request 2
90
(1, 1, 2)
1
(76, 58)
--> Day : 3
-> Request 0
743
(2, 1, 1)
2
(38, 26)
-> Request 1
1127
(2, 3, 2)
3
(44, 38)
--> Day : 4
-> Request 0
530
(3, 3, 2)
3
(28, 50)
-> Request 1
651
(1, 1, 1)
3
(48, 29)
-> Request 2
874
(4, 2, 1)
3
(50, 27)
-> Request 3
1215
(3, 3, 2)
1
(75, 44)
---> Week : 12
--> Day : 0
-> Request 0
72
(2, 3, 2)
2
(58, 46)
-> Request 1
258
(2, 1, 1)
2
(32, 9)
-> Request 2
558
(3, 2, 2)
2
(3, 10)
--> Day : 1
-> Request 0
482
(1, 1, 1)
3
(53, 47)
-> Request 1
937
(4, 2, 1)
2
(0, 7)
-> Request 2
982
(4, 1, 2)
3
(58, 33)
-> Request 3
1163
(4, 1, 1)
2
(65, 53)
-> Request 4
1245
(2, 1, 2)
1
(66, 66)
--> Day : 2
-> Request 0
159
(4, 1, 2)
1
(46, 41)
-> Request 1
371
(2, 2, 2)
2
(72, 28)
-> Request 2
712
(2, 2, 1)
1
(10, 50)
-> Request 3
778
(4, 3, 2)
3
(47, 12)
-> Request 4
929
(1, 2, 1)
3
(11, 76)
--> Day : 3
-> Request 0
958
(2, 2, 1)
2
(17, 23)
--> Day : 4
-> Request 0
376
(4, 1, 1)
1
(18, 73)
-> Request 1
1127
(2, 1, 2)
1
(43, 44)
---> Week : 13
--> Day : 0
-> Request 0
249
(3, 1, 2)
2
(64, 74)
-> Request 1
341
(4, 3, 1)
2
(55, 66)
-> Request 2
539
(2, 2, 2)
3
(44, 58)
-> Request 3
808
(1, 2, 1)
3
(44, 27)
-> Request 4
962
(4, 1, 1)
3
(48, 41)
-> Request 5
1000
(1, 1, 1)
1
(49, 32)
--> Day : 1
-> Request 0
27
(2, 2, 1)
1
(61, 65)
-> Request 1
40
(2, 3, 1)
2
(57, 66)
-> Request 2
134
(2, 1, 2)
3
(73, 27)
-> Request 3
497
(2, 1, 1)
1
(56, 31)
-> Request 4
661
(2, 3, 1)
3
(53, 66)
-> Request 5
1198
(2, 1, 1)
1
(56, 70)
--> Day : 2
-> Request 0
144
(3, 1, 2)
3
(66, 67)
-> Request 1
246
(3, 1, 1)
2
(45, 36)
-> Request 2
1269
(4, 1, 1)
1
(50, 61)
-> Request 3
1331
(2, 2, 1)
3
(52, 42)
--> Day : 3
-> Request 0
393
(4, 3, 1)
1
(57, 31)
-> Request 1
614
(4, 1, 2)
2
(13, 27)
-> Request 2
733
(1, 1, 2)
2
(15, 18)
-> Request 3
766
(4, 2, 1)
3
(13, 14)
-> Request 4
781
(2, 1, 2)
3
(33, 79)
--> Day : 4
-> Request 0
3
(1, 3, 1)
1
(41, 58)
-> Request 1
433
(3, 2, 1)
1
(14, 74)
-> Request 2
549
(2, 3, 2)
1
(52, 34)
-> Request 3
555
(1, 1, 2)
3
(59, 77)
-> Request 4
805
(3, 2, 1)
2
(62, 66)
-> Request 5
1228
(2, 2, 2)
2
(54, 30)
---> Week : 14
--> Day : 0
-> Request 0
159
(2, 2, 1)
3
(55, 72)
-> Request 1
656
(1, 2, 1)
1
(66, 16)
-> Request 2
711
(1, 2, 1)
2
(41, 43)
--> Day : 1
--> Day : 2
-> Request 0
929
(4, 2, 2)
1
(52, 45)
-> Request 1
950
(2, 1, 1)
2
(57, 75)
-> Request 2
1049
(3, 1, 2)
2
(7, 41)
--> Day : 3
-> Request 0
97
(2, 3, 1)
1
(32, 19)
-> Request 1
964
(2, 2, 1)
3
(57, 40)
--> Day : 4
-> Request 0
24
(3, 1, 2)
2
(28, 34)
-> Request 1
89
(4, 3, 1)
2
(52, 65)
-> Request 2
134
(2, 3, 1)
2
(53, 31)
-> Request 3
778
(3, 1, 1)
3
(31, 55)
-> Request 4
993
(3, 1, 2)
1
(22, 63)
-> Request 5
1308
(2, 1, 2)
1
(46, 41)
---> Week : 15
--> Day : 0
-> Request 0
313
(1, 1, 1)
2
(1, 57)
-> Request 1
620
(1, 2, 2)
1
(46, 76)
-> Request 2
798
(3, 1, 1)
3
(16, 78)
-> Request 3
827
(4, 3, 2)
2
(63, 67)
-> Request 4
1198
(2, 3, 1)
3
(48, 29)
-> Request 5
1258
(2, 3, 2)
1
(44, 37)
--> Day : 1
-> Request 0
763
(3, 3, 2)
2
(58, 43)
--> Day : 2
-> Request 0
410
(3, 1, 2)
1
(66, 68)
-> Request 1
1025
(1, 1, 1)
3
(54, 76)
-> Request 2
1149
(3, 3, 1)
3
(59, 8)
--> Day : 3
-> Request 0
747
(3, 2, 1)
2
(23, 32)
-> Request 1
826
(3, 1, 2)
1
(78, 6)
-> Request 2
942
(2, 2, 2)
1
(78, 4)
-> Request 3
1239
(1, 3, 1)
1
(58, 70)
--> Day : 4
-> Request 0
4
(2, 1, 2)
1
(56, 28)
-> Request 1
266
(3, 3, 2)
3
(47, 40)
-> Request 2
301
(4, 1, 1)
1
(40, 19)
-> Request 3
490
(3, 2, 2)
2
(53, 35)
-> Request 4
629
(3, 2, 1)
2
(54, 64)
-> Request 5
1081
(2, 2, 1)
2
(26, 16)
-> Request 6
1245
(1, 2, 1)
3
(37, 35)
-> Request 7
1388
(2, 1, 1)
2
(44, 45)
---> Week : 16
--> Day : 0
-> Request 0
289
(1, 3, 1)
1
(53, 37)
-> Request 1
1255
(3, 2, 1)
3
(12, 25)
--> Day : 1
-> Request 0
590
(4, 1, 1)
2
(66, 25)
-> Request 1
914
(3, 3, 2)
1
(44, 40)
-> Request 2
949
(4, 1, 2)
2
(6, 75)
-> Request 3
1050
(1, 2, 1)
3
(65, 69)
-> Request 4
1420
(2, 2, 2)
3
(66, 30)
-> Request 5
1433
(4, 1, 1)
2
(52, 34)
--> Day : 2
-> Request 0
913
(3, 2, 1)
1
(64, 48)
-> Request 1
1099
(4, 3, 2)
2
(32, 56)
--> Day : 3
-> Request 0
577
(3, 3, 2)
3
(27, 6)
-> Request 1
1018
(1, 1, 1)
1
(45, 35)
--> Day : 4
-> Request 0
353
(1, 1, 1)
3
(51, 46)
-> Request 1
683
(1, 2, 2)
1
(61, 77)
-> Request 2
1108
(3, 1, 1)
1
(14, 24)
-> Request 3
1256
(2, 1, 1)
2
(62, 31)
---> Week : 17
--> Day : 0
-> Request 0
372
(1, 1, 2)
2
(26, 62)
-> Request 1
443
(1, 2, 1)
3
(52, 69)
-> Request 2
809
(1, 3, 1)
2
(45, 44)
-> Request 3
1027
(2, 3, 2)
2
(54, 60)
--> Day : 1
-> Request 0
124
(1, 3, 1)
1
(57, 68)
-> Request 1
365
(3, 3, 2)
3
(47, 27)
--> Day : 2
-> Request 0
627
(3, 2, 2)
3
(66, 76)
-> Request 1
991
(1, 3, 2)
2
(25, 11)
-> Request 2
1048
(1, 2, 2)
1
(16, 28)
--> Day : 3
-> Request 0
94
(1, 2, 2)
1
(50, 46)
-> Request 1
982
(2, 3, 2)
3
(70, 12)
-> Request 2
1070
(1, 3, 2)
3
(51, 33)
-> Request 3
1113
(2, 2, 1)
3
(54, 35)
-> Request 4
1395
(1, 1, 2)
3
(59, 65)
--> Day : 4
-> Request 0
901
(4, 1, 2)
3
(64, 76)
-> Request 1
947
(3, 3, 1)
3
(65, 41)
---> Week : 18
--> Day : 0
-> Request 0
214
(4, 3, 1)
2
(77, 48)
-> Request 1
1172
(4, 1, 1)
3
(66, 65)
-> Request 2
1178
(2, 2, 1)
1
(54, 31)
-> Request 3
1266
(2, 3, 2)
3
(56, 34)
--> Day : 1
-> Request 0
154
(2, 1, 2)
1
(61, 31)
-> Request 1
756
(2, 2, 2)
3
(61, 32)
-> Request 2
1079
(1, 2, 2)
3
(46, 32)
-> Request 3
1106
(3, 3, 2)
3
(16, 23)
-> Request 4
1205
(1, 2, 1)
1
(0, 27)
-> Request 5
1370
(1, 1, 1)
3
(55, 39)
--> Day : 2
-> Request 0
98
(4, 1, 1)
3
(60, 35)
-> Request 1
173
(1, 3, 2)
2
(68, 12)
-> Request 2
189
(3, 3, 1)
1
(62, 35)
-> Request 3
234
(1, 3, 2)
3
(37, 19)
-> Request 4
679
(3, 3, 1)
1
(21, 0)
-> Request 5
745
(1, 3, 2)
2
(46, 20)
-> Request 6
1027
(1, 2, 1)
1
(64, 77)
-> Request 7
1192
(1, 3, 1)
2
(23, 19)
-> Request 8
1355
(2, 3, 2)
2
(18, 57)
--> Day : 3
-> Request 0
72
(4, 2, 1)
3
(56, 66)
-> Request 1
134
(1, 3, 1)
2
(3, 46)
-> Request 2
151
(4, 2, 1)
2
(55, 65)
-> Request 3
241
(1, 3, 2)
1
(50, 46)
-> Request 4
416
(1, 3, 2)
3
(54, 64)
-> Request 5
933
(1, 2, 1)
1
(61, 29)
-> Request 6
987
(1, 2, 1)
1
(52, 75)
-> Request 7
1135
(2, 2, 1)
3
(65, 66)
-> Request 8
1181
(1, 1, 1)
1
(6, 21)
--> Day : 4
-> Request 0
19
(4, 2, 2)
1
(74, 28)
-> Request 1
602
(1, 1, 1)
1
(8, 14)
-> Request 2
628
(4, 2, 2)
1
(75, 33)
-> Request 3
1121
(3, 3, 2)
3
(46, 16)
-> Request 4
1415
(2, 2, 2)
3
(16, 28)
---> Week : 19
--> Day : 0
-> Request 0
299
(3, 2, 1)
1
(63, 71)
-> Request 1
518
(2, 3, 2)
3
(44, 41)
-> Request 2
604
(1, 2, 1)
3
(47, 27)
-> Request 3
749
(2, 3, 2)
2
(48, 32)
-> Request 4
948
(1, 1, 2)
3
(16, 29)
--> Day : 1
-> Request 0
44
(2, 3, 2)
3
(57, 71)
-> Request 1
789
(3, 2, 1)
1
(33, 77)
-> Request 2
1153
(3, 1, 2)
2
(57, 44)
--> Day : 2
-> Request 0
305
(2, 3, 2)
3
(48, 47)
-> Request 1
839
(3, 3, 1)
3
(55, 77)
-> Request 2
1148
(2, 3, 1)
1
(64, 4)
-> Request 3
1413
(1, 1, 1)
2
(43, 39)
--> Day : 3
-> Request 0
137
(2, 2, 1)
3
(67, 71)
-> Request 1
646
(3, 1, 2)
2
(22, 60)
-> Request 2
1063
(2, 2, 2)
1
(33, 65)
-> Request 3
1351
(1, 2, 1)
3
(66, 27)
--> Day : 4
-> Request 0
610
(4, 2, 1)
1
(48, 42)
-> Request 1
1151
(2, 2, 2)
2
(64, 69)
-> Request 2
1151
(4, 1, 2)
1
(67, 11)
-> Request 3
1206
(2, 2, 1)
2
(47, 39)
