---> Week : 0
--> Day : 0
-> Request 0
160
(3, 2, 2)
2
(50, 4)
-> Request 1
399
(3, 2, 1)
1
(10, 18)
-> Request 2
667
(4, 2, 1)
1
(52, 44)
-> Request 3
1202
(3, 3, 2)
2
(53, 31)
--> Day : 1
-> Request 0
340
(2, 1, 1)
1
(61, 44)
-> Request 1
1226
(2, 1, 2)
2
(5, 1)
-> Request 2
1396
(4, 2, 1)
1
(54, 33)
--> Day : 2
-> Request 0
150
(2, 1, 2)
2
(66, 77)
-> Request 1
1281
(4, 3, 1)
2
(56, 44)
-> Request 2
1302
(1, 2, 1)
2
(59, 43)
--> Day : 3
-> Request 0
304
(1, 3, 2)
1
(43, 39)
-> Request 1
698
(2, 1, 1)
2
(66, 50)
--> Day : 4
-> Request 0
190
(4, 2, 2)
3
(31, 46)
-> Request 1
781
(4, 2, 1)
2
(11, 20)
-> Request 2
806
(1, 2, 2)
2
(54, 31)
-> Request 3
885
(1, 1, 1)
1
(70, 11)
-> Request 4
1007
(1, 3, 1)
3
(50, 33)
---> Week : 1
--> Day : 0
-> Request 0
232
(1, 3, 2)
1
(38, 14)
-> Request 1
1157
(1, 3, 2)
3
(62, 77)
--> Day : 1
-> Request 0
824
(2, 2, 2)
1
(45, 35)
--> Day : 2
-> Request 0
100
(2, 3, 1)
3
(31, 37)
-> Request 1
234
(1, 3, 1)
3
(4, 34)
-> Request 2
257
(1, 2, 2)
3
(60, 33)
-> Request 3
543
(3, 2, 1)
2
(67, 40)
-> Request 4
661
(4, 1, 2)
2
(37, 79)
-> Request 5
1154
(1, 1, 1)
1
(55, 31)
--> Day : 3
-> Request 0
196
(3, 3, 2)
2
(11, 25)
-> Request 1
225
(2, 1, 1)
1
(17, 24)
-> Request 2
546
(3, 1, 1)
2
(52, 13)
--> Day : 4
-> Request 0
1414
(3, 1, 1)
2
(57, 32)
---> Week : 2
--> Day : 0
-> Request 0
253
(4, 3, 2)
1
(44, 36)
-> Request 1
378
(2, 1, 2)
1
(54, 35)
-> Request 2
1038
(2, 1, 2)
1
(13, 65)
--> Day : 1
-> Request 0
8
(3, 2, 2)
1
(2, 62)
-> Request 1
123
(3, 1, 1)
2
(25, 2)
-> Request 2
986
(4, 1, 1)
2
(52, 78)
--> Day : 2
-> Request 0
193
(3, 2, 1)
1
(71, 73)
-> Request 1
346
(1, 2, 2)
3
(59, 39)
-> Request 2
351
(3, 1, 2)
1
(60, 46)
-> Request 3
378
(2, 3, 2)
1
(31, 70)
-> Request 4
391
(4, 2, 2)
1
(45, 78)
-> Request 5
810
(4, 2, 1)
1
(63, 71)
--> Day : 3
-> Request 0
425
(3, 2, 1)
1
(45, 37)
-> Request 1
573
(2, 2, 1)
2
(55, 73)
-> Request 2
983
(1, 3, 1)
3
(59, 27)
-> Request 3
1108
(4, 2, 1)
2
(6, 45)
--> Day : 4
-> Request 0
314
(1, 2, 2)
3
(1, 19)
-> Request 1
388
(2, 1, 2)
2
(53, 39)
-> Request 2
559
(1, 1, 2)
1
(14, 26)
-> Request 3
935
(3, 1, 1)
2
(52, 44)
---> Week : 3
--> Day : 0
-> Request 0
205
(2, 1, 2)
3
(11, 25)
-> Request 1
1360
(2, 1, 2)
1
(48, 53)
--> Day : 1
-> Request 0
1
(3, 3, 1)
2
(63, 69)
-> Request 1
121
(1, 2, 2)
3
(36, 8)
-> Request 2
454
(3, 1, 2)
1
(13, 20)
-> Request 3
490
(1, 2, 1)
2
(27, 34)
-> Request 4
685
(4, 3, 1)
3
(47, 1)
-> Request 5
759
(4, 3, 2)
2
(59, 77)
-> Request 6
802
(3, 1, 2)
3
(62, 78)
-> Request 7
878
(4, 1, 1)
2
(17, 28)
--> Day : 2
-> Request 0
473
(3, 3, 2)
1
(14, 25)
-> Request 1
541
(1, 3, 1)
2
(66, 64)
-> Request 2
615
(3, 1, 2)
1
(20, 20)
-> Request 3
1332
(4, 2, 2)
2
(53, 36)
--> Day : 3
-> Request 0
453
(2, 2, 2)
1
(45, 18)
-> Request 1
891
(1, 3, 1)
3
(59, 33)
-> Request 2
964
(1, 1, 2)
3
(12, 21)
-> Request 3
1202
(4, 3, 1)
2
(43, 30)
-> Request 4
1287
(1, 2, 2)
3
(76, 4)
-> Request 5
1429
(2, 3, 1)
3
(47, 74)
--> Day : 4
-> Request 0
326
(3, 2, 1)
3
(12, 21)
-> Request 1
1346
(3, 1, 1)
2
(78, 44)
-> Request 2
1378
(3, 2, 1)
2
(54, 43)
-> Request 3
1380
(1, 3, 2)
2
(45, 44)
---> Week : 4
--> Day : 0
-> Request 0
394
(2, 1, 1)
2
(55, 30)
-> Request 1
458
(2, 2, 1)
3
(27, 13)
-> Request 2
519
(4, 1, 1)
1
(68, 59)
-> Request 3
688
(1, 1, 2)
3
(63, 75)
-> Request 4
859
(2, 3, 1)
2
(47, 47)
-> Request 5
926
(4, 1, 2)
2
(67, 13)
--> Day : 1
-> Request 0
132
(2, 3, 2)
2
(44, 44)
-> Request 1
558
(3, 1, 2)
3
(8, 22)
-> Request 2
1148
(3, 2, 2)
1
(13, 26)
--> Day : 2
-> Request 0
430
(4, 1, 2)
1
(54, 15)
-> Request 1
506
(1, 2, 1)
3
(73, 3)
-> Request 2
1089
(1, 1, 2)
1
(31, 21)
-> Request 3
1439
(3, 2, 2)
3
(60, 65)
--> Day : 3
-> Request 0
148
(3, 2, 2)
1
(14, 31)
-> Request 1
959
(1, 2, 2)
3
(15, 23)
--> Day : 4
-> Request 0
5
(1, 1, 1)
2
(54, 57)
-> Request 1
387
(1, 2, 2)
2
(48, 43)
-> Request 2
638
(1, 3, 2)
3
(48, 41)
-> Request 3
1378
(4, 3, 1)
1
(40, 47)
---> Week : 5
--> Day : 0
-> Request 0
311
(4, 2, 1)
3
(14, 20)
-> Request 1
433
(1, 1, 1)
3
(9, 14)
-> Request 2
508
(3, 1, 2)
2
(10, 34)
-> Request 3
899
(3, 3, 1)
1
(75, 35)
-> Request 4
933
(4, 3, 2)
1
(76, 20)
-> Request 5
1111
(1, 3, 2)
3
(51, 30)
--> Day : 1
-> Request 0
412
(4, 2, 1)
1
(55, 65)
-> Request 1
631
(2, 2, 1)
3
(53, 64)
-> Request 2
787
(4, 1, 1)
2
(55, 32)
-> Request 3
821
(3, 2, 1)
1
(73, 51)
-> Request 4
1069
(1, 2, 2)
2
(16, 28)
--> Day : 2
-> Request 0
169
(4, 1, 2)
2
(2, 78)
-> Request 1
504
(2, 3, 1)
3
(59, 34)
--> Day : 3
-> Request 0
509
(4, 3, 2)
3
(43, 41)
-> Request 1
892
(3, 2, 1)
1
(40, 5)
-> Request 2
1083
(4, 3, 1)
2
(56, 43)
-> Request 3
1122
(2, 1, 2)
3
(45, 49)
--> Day : 4
-> Request 0
252
(2, 2, 1)
2
(12, 26)
-> Request 1
410
(4, 3, 1)
2
(49, 42)
-> Request 2
540
(1, 1, 2)
1
(66, 41)
-> Request 3
554
(3, 2, 1)
1
(60, 69)
-> Request 4
960
(3, 3, 2)
2
(59, 70)
-> Request 5
1176
(4, 2, 1)
3
(44, 40)
-> Request 6
1236
(1, 2, 1)
2
(2, 10)
---> Week : 6
--> Day : 0
-> Request 0
175
(3, 1, 2)
2
(40, 53)
-> Request 1
510
(4, 3, 2)
1
(49, 28)
-> Request 2
772
(3, 2, 1)
3
(12, 25)
-> Request 3
859
(4, 1, 1)
1
(51, 37)
-> Request 4
989
(4, 3, 2)
1
(38, 57)
-> Request 5
1218
(2, 1, 1)
3
(40, 67)
--> Day : 1
-> Request 0
30
(4, 2, 1)
2
(17, 71)
-> Request 1
70
(3, 1, 1)
1
(68, 78)
-> Request 2
530
(2, 3, 2)
3
(67, 21)
-> Request 3
1129
(2, 3, 2)
2
(56, 46)
--> Day : 2
--> Day : 3
-> Request 0
40
(1, 2, 1)
1
(62, 35)
-> Request 1
52
(4, 1, 2)
1
(52, 29)
-> Request 2
129
(1, 1, 1)
1
(57, 33)
-> Request 3
329
(2, 2, 2)
1
(53, 4)
-> Request 4
755
(3, 2, 2)
1
(8, 23)
-> Request 5
881
(3, 2, 2)
1
(51, 61)
-> Request 6
1102
(3, 3, 2)
1
(14, 23)
-> Request 7
1111
(4, 1, 1)
3
(1, 56)
--> Day : 4
-> Request 0
63
(4, 2, 1)
1
(46, 33)
-> Request 1
267
(3, 1, 1)
2
(2, 9)
-> Request 2
340
(2, 2, 1)
2
(17, 27)
-> Request 3
925
(1, 1, 2)
3
(10, 24)
-> Request 4
1169
(2, 2, 1)
2
(62, 67)
---> Week : 7
--> Day : 0
-> Request 0
157
(4, 1, 1)
3
(17, 24)
-> Request 1
578
(2, 3, 1)
1
(60, 34)
-> Request 2
777
(4, 3, 2)
1
(14, 60)
--> Day : 1
-> Request 0
187
(3, 2, 1)
2
(60, 74)
-> Request 1
694
(4, 1, 1)
2
(55, 71)
-> Request 2
942
(4, 1, 1)
1
(54, 65)
--> Day : 2
-> Request 0
531
(2, 2, 1)
3
(62, 7)
--> Day : 3
-> Request 0
694
(4, 1, 1)
2
(54, 33)
-> Request 1
1290
(1, 3, 2)
1
(12, 4)
-> Request 2
1298
(2, 1, 1)
1
(57, 74)
--> Day : 4
-> Request 0
230
(4, 1, 2)
3
(2, 51)
-> Request 1
238
(3, 3, 1)
2
(12, 24)
-> Request 2
315
(4, 3, 2)
2
(43, 44)
-> Request 3
423
(3, 3, 1)
1
(44, 40)
-> Request 4
754
(2, 3, 1)
2
(71, 68)
-> Request 5
847
(1, 1, 2)
3
(19, 14)
---> Week : 8
--> Day : 0
-> Request 0
5
(2, 1, 2)
2
(57, 64)
-> Request 1
403
(1, 2, 1)
1
(11, 24)
-> Request 2
724
(4, 2, 2)
3
(11, 39)
-> Request 3
801
(2, 3, 2)
3
(54, 70)
-> Request 4
1299
(4, 1, 2)
3
(24, 13)
--> Day : 1
-> Request 0
416
(2, 1, 1)
2
(44, 43)
-> Request 1
672
(3, 2, 2)
2
(61, 66)
-> Request 2
1247
(4, 1, 1)
2
(12, 38)
-> Request 3
1439
(4, 1, 1)
3
(49, 35)
--> Day : 2
-> Request 0
276
(1, 3, 1)
2
(45, 56)
-> Request 1
415
(3, 1, 2)
3
(60, 45)
-> Request 2
581
(4, 2, 2)
3
(63, 74)
-> Request 3
595
(1, 2, 1)
2
(3, 23)
-> Request 4
896
(3, 3, 2)
3
(56, 31)
-> Request 5
940
(2, 3, 1)
3
(36, 0)
-> Request 6
1199
(2, 3, 2)
1
(21, 40)
--> Day : 3
-> Request 0
417
(3, 1, 1)
3
(55, 66)
-> Request 1
911
(2, 3, 1)
1
(64, 78)
--> Day : 4
-> Request 0
1146
(1, 3, 2)
3
(58, 32)
---> Week : 9
--> Day : 0
-> Request 0
200
(4, 3, 2)
1
(19, 43)
-> Request 1
492
(2, 1, 1)
2
(79, 19)
-> Request 2
548
(1, 1, 2)
1
(52, 72)
-> Request 3
856
(2, 2, 1)
2
(53, 32)
-> Request 4
1325
(4, 3, 2)
3
(72, 67)
-> Request 5
1338
(4, 2, 1)
1
(47, 46)
--> Day : 1
-> Request 0
149
(1, 1, 1)
3
(52, 45)
-> Request 1
735
(3, 1, 2)
1
(66, 37)
-> Request 2
840
(2, 2, 1)
2
(30, 5)
-> Request 3
1233
(2, 2, 2)
1
(0, 31)
-> Request 4
1320
(1, 3, 2)
2
(56, 73)
-> Request 5
1325
(3, 3, 1)
2
(40, 58)
--> Day : 2
-> Request 0
423
(3, 2, 2)
1
(60, 67)
-> Request 1
429
(3, 1, 2)
3
(48, 38)
--> Day : 3
-> Request 0
29
(1, 3, 2)
3
(62, 38)
-> Request 1
186
(4, 1, 2)
2
(62, 45)
-> Request 2
237
(4, 2, 2)
1
(33, 71)
-> Request 3
1324
(3, 3, 2)
2
(59, 46)
--> Day : 4
-> Request 0
51
(4, 1, 2)
1
(45, 34)
-> Request 1
954
(3, 2, 2)
2
(61, 64)
-> Request 2
979
(2, 3, 2)
1
(43, 36)
---> Week : 10
--> Day : 0
-> Request 0
101
(2, 1, 1)
1
(7, 66)
-> Request 1
384
(2, 1, 2)
2
(48, 27)
-> Request 2
542
(2, 2, 2)
3
(40, 12)
-> Request 3
577
(1, 2, 1)
3
(22, 43)
--> Day : 1
-> Request 0
572
(1, 2, 1)
1
(38, 44)
-> Request 1
1168
(4, 1, 1)
3
(34, 25)
--> Day : 2
--> Day : 3
-> Request 0
76
(1, 2, 1)
3
(47, 29)
-> Request 1
150
(3, 3, 2)
3
(57, 71)
-> Request 2
283
(1, 3, 2)
3
(57, 33)
-> Request 3
472
(4, 3, 2)
1
(15, 39)
-> Request 4
668
(3, 1, 1)
1
(62, 70)
-> Request 5
712
(4, 2, 2)
1
(40, 35)
-> Request 6
949
(4, 3, 1)
1
(70, 46)
-> Request 7
1249
(3, 3, 1)
1
(64, 77)
--> Day : 4
-> Request 0
1089
(1, 3, 1)
2
(52, 54)
---> Week : 11
--> Day : 0
-> Request 0
916
(1, 1, 2)
1
(8, 47)
-> Request 1
968
(4, 3, 1)
2
(46, 39)
-> Request 2
1124
(4, 3, 2)
2
(56, 23)
-> Request 3
1208
(2, 1, 2)
1
(39, 60)
--> Day : 1
-> Request 0
107
(2, 1, 2)
1
(2, 42)
-> Request 1
189
(4, 1, 1)
3
(56, 70)
-> Request 2
1139
(3, 1, 2)
1
(50, 46)
-> Request 3
1270
(3, 2, 2)
2
(17, 41)
--> Day : 2
-> Request 0
494
(2, 3, 2)
3
(23, 38)
-> Request 1
646
(4, 2, 2)
2
(24, 22)
-> Request 2
1377
(2, 3, 1)
2
(54, 43)
--> Day : 3
-> Request 0
11
(3, 3, 2)
3
(71, 77)
-> Request 1
209
(4, 2, 1)
2
(17, 24)
-> Request 2
323
(4, 2, 1)
1
(11, 24)
-> Request 3
431
(4, 1, 2)
1
(47, 40)
-> Request 4
790
(2, 1, 1)
1
(3, 54)
-> Request 5
1061
(1, 1, 1)
1
(63, 75)
-> Request 6
1105
(2, 2, 1)
3
(60, 36)
--> Day : 4
-> Request 0
456
(2, 1, 2)
3
(45, 29)
-> Request 1
572
(3, 3, 2)
3
(46, 44)
-> Request 2
609
(3, 3, 1)
2
(66, 67)
-> Request 3
695
(2, 3, 1)
3
(49, 38)
-> Request 4
713
(2, 3, 2)
1
(55, 71)
-> Request 5
969
(3, 3, 1)
1
(3, 41)
---> Week : 12
--> Day : 0
-> Request 0
532
(1, 2, 1)
3
(29, 71)
-> Request 1
981
(3, 1, 1)
3
(63, 72)
--> Day : 1
-> Request 0
431
(1, 2, 2)
2
(61, 41)
-> Request 1
507
(2, 1, 1)
2
(58, 78)
-> Request 2
658
(1, 2, 2)
1
(56, 30)
-> Request 3
812
(1, 3, 2)
2
(61, 64)
-> Request 4
1283
(1, 1, 2)
1
(52, 32)
--> Day : 2
-> Request 0
1
(3, 2, 2)
1
(12, 37)
-> Request 1
859
(3, 3, 2)
3
(57, 47)
--> Day : 3
-> Request 0
111
(3, 1, 1)
2
(75, 65)
-> Request 1
361
(1, 2, 1)
2
(67, 66)
-> Request 2
543
(1, 3, 1)
2
(69, 22)
-> Request 3
857
(3, 1, 1)
1
(61, 29)
-> Request 4
1047
(4, 2, 1)
3
(58, 29)
-> Request 5
1438
(3, 1, 1)
3
(60, 30)
--> Day : 4
-> Request 0
66
(4, 1, 1)
1
(54, 30)
-> Request 1
805
(4, 1, 1)
3
(44, 27)
-> Request 2
962
(2, 2, 2)
3
(69, 54)
---> Week : 13
--> Day : 0
-> Request 0
274
(2, 1, 2)
3
(57, 31)
-> Request 1
348
(1, 1, 2)
2
(5, 22)
-> Request 2
936
(2, 1, 1)
3
(56, 44)
-> Request 3
1292
(4, 3, 2)
2
(44, 78)
-> Request 4
1402
(3, 2, 2)
3
(62, 42)
--> Day : 1
-> Request 0
142
(4, 3, 2)
2
(51, 30)
-> Request 1
197
(2, 3, 1)
2
(58, 41)
-> Request 2
220
(2, 3, 1)
1
(76, 8)
-> Request 3
270
(2, 3, 2)
3
(10, 22)
-> Request 4
363
(2, 2, 1)
2
(58, 68)
-> Request 5
1296
(2, 2, 1)
3
(44, 35)
--> Day : 2
-> Request 0
88
(3, 3, 1)
3
(16, 42)
-> Request 1
533
(2, 1, 1)
2
(55, 40)
-> Request 2
936
(2, 1, 1)
2
(74, 59)
-> Request 3
1105
(1, 1, 1)
2
(63, 68)
-> Request 4
1344
(1, 3, 1)
3
(0, 77)
--> Day : 3
-> Request 0
416
(3, 2, 1)
1
(43, 26)
-> Request 1
536
(2, 3, 2)
2
(49, 32)
-> Request 2
632
(4, 3, 2)
3
(48, 32)
-> Request 3
830
(3, 3, 2)
1
(47, 34)
-> Request 4
1209
(2, 3, 1)
1
(65, 27)
-> Request 5
1245
(3, 3, 1)
2
(60, 40)
-> Request 6
1333
(2, 1, 1)
2
(54, 72)
-> Request 7
1398
(2, 3, 2)
2
(8, 39)
--> Day : 4
-> Request 0
12
(4, 2, 2)
3
(55, 65)
-> Request 1
97
(2, 3, 2)
1
(51, 28)
-> Request 2
401
(2, 2, 1)
3
(29, 38)
-> Request 3
679
(4, 2, 2)
3
(53, 68)
-> Request 4
1029
(3, 3, 2)
3
(8, 22)
-> Request 5
1222
(3, 2, 2)
3
(32, 48)
-> Request 6
1382
(1, 2, 2)
2
(64, 73)
---> Week : 14
--> Day : 0
-> Request 0
23
(4, 2, 2)
2
(10, 62)
-> Request 1
509
(3, 3, 1)
3
(71, 62)
-> Request 2
786
(1, 1, 2)
1
(50, 18)
--> Day : 1
-> Request 0
284
(1, 1, 1)
2
(50, 30)
-> Request 1
879
(4, 1, 1)
1
(59, 36)
--> Day : 2
-> Request 0
1159
(3, 1, 1)
3
(70, 22)
-> Request 1
1206
(4, 3, 2)
3
(20, 22)
--> Day : 3
-> Request 0
377
(4, 1, 2)
1
(4, 50)
-> Request 1
426
(1, 3, 1)
3
(8, 22)
-> Request 2
661
(4, 2, 1)
2
(50, 37)
-> Request 3
851
(2, 2, 2)
3
(20, 33)
--> Day : 4
-> Request 0
829
(1, 2, 2)
2
(54, 18)
-> Request 1
979
(2, 1, 1)
2
(63, 68)
-> Request 2
1144
(3, 1, 1)
1
(21, 65)
-> Request 3
1345
(1, 3, 1)
2
(62, 78)
---> Week : 15
--> Day : 0
-> Request 0
182
(2, 2, 1)
1
(16, 37)
-> Request 1
206
(4, 2, 2)
3
(58, 35)
-> Request 2
585
(1, 1, 1)
1
(57, 66)
-> Request 3
838
(3, 1, 2)
3
(50, 46)
-> Request 4
1027
(1, 3, 1)
1
(58, 45)
--> Day : 1
-> Request 0
795
(3, 2, 2)
3
(9, 26)
--> Day : 2
-> Request 0
245
(1, 1, 1)
2
(66, 76)
-> Request 1
421
(1, 1, 1)
3
(50, 31)
-> Request 2
628
(1, 3, 1)
1
(54, 45)
-> Request 3
1033
(3, 1, 2)
1
(44, 35)
--> Day : 3
-> Request 0
137
(4, 1, 2)
2
(9, 33)
-> Request 1
231
(1, 3, 2)
2
(1, 78)
-> Request 2
323
(2, 3, 1)
2
(57, 31)
-> Request 3
651
(3, 1, 1)
2
(60, 41)
-> Request 4
674
(1, 2, 1)
3
(75, 10)
--> Day : 4
-> Request 0
91
(1, 3, 2)
3
(11, 54)
-> Request 1
1088
(1, 2, 2)
1
(49, 25)
-> Request 2
1144
(3, 2, 1)
3
(22, 62)
---> Week : 16
--> Day : 0
-> Request 0
16
(2, 1, 2)
1
(15, 51)
-> Request 1
25
(2, 1, 1)
1
(45, 75)
-> Request 2
143
(4, 1, 2)
2
(12, 23)
-> Request 3
246
(3, 1, 1)
3
(46, 37)
-> Request 4
914
(2, 3, 2)
3
(46, 35)
-> Request 5
1014
(2, 2, 1)
2
(14, 32)
--> Day : 1
-> Request 0
100
(1, 1, 2)
2
(45, 34)
-> Request 1
160
(1, 2, 1)
3
(31, 23)
-> Request 2
553
(1, 2, 2)
1
(47, 36)
-> Request 3
553
(3, 2, 2)
3
(37, 54)
-> Request 4
591
(1, 1, 1)
2
(54, 69)
-> Request 5
883
(2, 2, 1)
3
(55, 71)
-> Request 6
1214
(3, 1, 2)
3
(50, 46)
-> Request 7
1216
(2, 3, 2)
2
(20, 8)
-> Request 8
1284
(1, 2, 1)
2
(22, 47)
-> Request 9
1359
(3, 3, 2)
3
(59, 68)
--> Day : 2
-> Request 0
168
(1, 3, 1)
2
(16, 63)
-> Request 1
776
(2, 1, 2)
2
(59, 43)
--> Day : 3
-> Request 0
193
(1, 1, 1)
3
(11, 53)
-> Request 1
458
(4, 1, 2)
1
(15, 25)
-> Request 2
975
(3, 1, 1)
2
(4, 10)
-> Request 3
989
(4, 2, 1)
1
(56, 64)
-> Request 4
1245
(3, 1, 2)
2
(50, 33)
--> Day : 4
-> Request 0
114
(2, 1, 2)
1
(40, 19)
-> Request 1
137
(3, 2, 1)
1
(43, 39)
-> Request 2
142
(2, 1, 1)
1
(55, 31)
-> Request 3
835
(3, 3, 2)
3
(64, 71)
-> Request 4
872
(2, 1, 1)
1
(59, 75)
-> Request 5
970
(4, 3, 1)
1
(9, 25)
---> Week : 17
--> Day : 0
-> Request 0
237
(4, 3, 2)
1
(9, 51)
-> Request 1
357
(2, 2, 1)
3
(42, 12)
-> Request 2
572
(2, 1, 1)
3
(66, 14)
-> Request 3
837
(2, 3, 1)
1
(49, 46)
-> Request 4
1420
(3, 2, 2)
3
(64, 70)
--> Day : 1
-> Request 0
265
(1, 3, 1)
2
(77, 49)
-> Request 1
912
(2, 1, 2)
3
(68, 30)
-> Request 2
1293
(1, 2, 1)
2
(46, 44)
--> Day : 2
-> Request 0
305
(1, 3, 1)
1
(62, 36)
-> Request 1
375
(3, 1, 1)
3
(60, 76)
-> Request 2
458
(4, 3, 2)
2
(62, 30)
-> Request 3
565
(1, 2, 1)
1
(15, 28)
-> Request 4
736
(4, 2, 1)
2
(71, 71)
-> Request 5
868
(2, 2, 2)
1
(43, 36)
-> Request 6
909
(2, 2, 1)
2
(14, 12)
--> Day : 3
-> Request 0
840
(2, 2, 1)
2
(29, 71)
-> Request 1
1269
(3, 3, 2)
3
(72, 79)
--> Day : 4
-> Request 0
566
(4, 2, 1)
3
(79, 19)
-> Request 1
827
(4, 1, 2)
2
(54, 35)
-> Request 2
1011
(3, 3, 2)
1
(42, 24)
---> Week : 18
--> Day : 0
-> Request 0
559
(3, 1, 1)
2
(53, 44)
-> Request 1
885
(2, 2, 2)
1
(58, 60)
-> Request 2
1391
(3, 1, 1)
2
(29, 73)
--> Day : 1
-> Request 0
464
(1, 2, 2)
1
(52, 28)
-> Request 1
539
(3, 2, 1)
3
(63, 69)
-> Request 2
925
(4, 1, 2)
2
(49, 78)
-> Request 3
1000
(3, 3, 1)
3
(17, 25)
--> Day : 2
-> Request 0
136
(2, 2, 1)
1
(53, 67)
-> Request 1
137
(1, 3, 2)
2
(31, 46)
-> Request 2
384
(3, 1, 2)
2
(38, 3)
-> Request 3
676
(1, 1, 2)
3
(55, 20)
--> Day : 3
-> Request 0
457
(3, 2, 1)
3
(55, 0)
-> Request 1
481
(4, 2, 1)
3
(10, 9)
-> Request 2
968
(2, 2, 1)
1
(59, 0)
-> Request 3
1062
(2, 2, 2)
3
(45, 36)
--> Day : 4
-> Request 0
287
(1, 2, 2)
3
(48, 31)
---> Week : 19
--> Day : 0
-> Request 0
1157
(1, 3, 2)
1
(34, 28)
-> Request 1
1302
(2, 2, 2)
3
(11, 63)
--> Day : 1
-> Request 0
79
(1, 1, 2)
1
(65, 8)
-> Request 1
259
(1, 1, 2)
1
(27, 61)
-> Request 2
291
(4, 3, 1)
3
(52, 69)
-> Request 3
600
(1, 1, 2)
2
(49, 32)
-> Request 4
788
(2, 3, 2)
2
(44, 31)
-> Request 5
936
(2, 3, 1)
3
(16, 20)
-> Request 6
1354
(3, 1, 1)
3
(55, 39)
--> Day : 2
-> Request 0
404
(3, 2, 2)
3
(63, 28)
-> Request 1
636
(3, 1, 1)
1
(14, 22)
-> Request 2
1089
(3, 1, 1)
3
(62, 27)
--> Day : 3
-> Request 0
42
(1, 2, 2)
3
(61, 36)
-> Request 1
62
(4, 1, 1)
2
(43, 1)
-> Request 2
143
(1, 1, 2)
2
(7, 5)
-> Request 3
160
(1, 1, 1)
1
(45, 23)
-> Request 4
370
(4, 3, 1)
1
(42, 14)
-> Request 5
1121
(1, 3, 1)
1
(62, 70)
--> Day : 4
-> Request 0
91
(3, 3, 1)
2
(48, 39)
-> Request 1
296
(3, 3, 1)
3
(75, 22)
-> Request 2
1048
(2, 3, 1)
2
(13, 42)
