---> Week : 0
--> Day : 0
-> Request 0
100
(1, 1, 1)
2
(47, 25)
-> Request 1
231
(1, 1, 1)
3
(56, 68)
-> Request 2
720
(3, 2, 2)
2
(6, 65)
-> Request 3
1062
(2, 1, 1)
3
(37, 18)
--> Day : 1
-> Request 0
1242
(2, 1, 2)
1
(58, 29)
--> Day : 2
-> Request 0
371
(3, 1, 2)
1
(65, 2)
-> Request 1
744
(1, 2, 1)
3
(53, 28)
-> Request 2
944
(1, 2, 1)
2
(53, 72)
-> Request 3
1150
(1, 3, 1)
3
(26, 61)
-> Request 4
1253
(2, 1, 1)
1
(22, 79)
-> Request 5
1430
(2, 2, 1)
1
(8, 19)
--> Day : 3
-> Request 0
58
(2, 3, 1)
3
(50, 11)
-> Request 1
368
(1, 1, 1)
2
(70, 16)
-> Request 2
525
(1, 1, 2)
2
(19, 37)
-> Request 3
1308
(4, 3, 2)
3
(38, 9)
--> Day : 4
-> Request 0
587
(4, 3, 2)
2
(63, 5)
-> Request 1
1171
(1, 3, 2)
1
(1, 35)
---> Week : 1
--> Day : 0
-> Request 0
508
(2, 2, 2)
3
(45, 33)
-> Request 1
509
(4, 1, 2)
1
(54, 69)
-> Request 2
544
(2, 3, 2)
3
(5, 47)
-> Request 3
626
(1, 1, 1)
1
(51, 34)
-> Request 4
822
(4, 2, 2)
1
(8, 24)
--> Day : 1
-> Request 0
437
(2, 3, 2)
3
(56, 36)
-> Request 1
589
(1, 2, 1)
1
(21, 79)
-> Request 2
774
(1, 1, 2)
3
(73, 19)
-> Request 3
1298
(3, 1, 1)
3
(46, 46)
--> Day : 2
-> Request 0
663
(2, 3, 1)
3
(37, 64)
-> Request 1
677
(2, 3, 1)
2
(53, 34)
-> Request 2
1088
(1, 1, 1)
2
(44, 35)
-> Request 3
1333
(4, 3, 2)
3
(20, 76)
--> Day : 3
-> Request 0
306
(3, 2, 1)
3
(75, 8)
-> Request 1
527
(1, 1, 1)
1
(55, 34)
-> Request 2
640
(2, 1, 2)
1
(28, 2)
-> Request 3
1271
(2, 1, 2)
2
(76, 13)
-> Request 4
1333
(4, 1, 2)
1
(46, 33)
--> Day : 4
-> Request 0
712
(2, 1, 1)
1
(17, 9)
-> Request 1
902
(4, 1, 2)
2
(57, 51)
---> Week : 2
--> Day : 0
-> Request 0
156
(2, 3, 1)
3
(72, 59)
-> Request 1
335
(1, 1, 1)
1
(58, 4)
-> Request 2
478
(1, 3, 1)
3
(63, 75)
-> Request 3
905
(3, 1, 2)
2
(69, 48)
-> Request 4
1082
(1, 3, 1)
2
(17, 45)
-> Request 5
1437
(4, 1, 2)
3
(66, 43)
--> Day : 1
-> Request 0
383
(3, 2, 1)
2
(47, 34)
-> Request 1
838
(1, 2, 1)
2
(11, 23)
-> Request 2
916
(1, 1, 2)
1
(3, 31)
--> Day : 2
-> Request 0
736
(1, 3, 2)
3
(62, 36)
--> Day : 3
-> Request 0
238
(4, 2, 2)
2
(45, 27)
-> Request 1
474
(1, 1, 1)
1
(77, 78)
-> Request 2
507
(2, 3, 2)
1
(61, 76)
-> Request 3
606
(3, 3, 2)
2
(59, 79)
-> Request 4
1083
(4, 1, 2)
1
(60, 32)
--> Day : 4
-> Request 0
399
(3, 1, 2)
3
(66, 37)
-> Request 1
936
(4, 3, 1)
2
(31, 41)
-> Request 2
1318
(4, 3, 2)
2
(43, 36)
---> Week : 3
--> Day : 0
-> Request 0
52
(3, 3, 2)
2
(37, 73)
-> Request 1
873
(2, 1, 2)
3
(53, 31)
-> Request 2
976
(3, 3, 2)
2
(44, 39)
-> Request 3
1289
(4, 2, 1)
2
(43, 24)
--> Day : 1
-> Request 0
1018
(1, 1, 2)
3
(54, 76)
--> Day : 2
-> Request 0
58
(4, 3, 2)
3
(62, 44)
-> Request 1
664
(2, 3, 2)
3
(55, 42)
-> Request 2
910
(1, 1, 1)
2
(42, 48)
-> Request 3
998
(4, 2, 1)
3
(65, 65)
-> Request 4
1392
(1, 1, 1)
1
(45, 40)
-> Request 5
1397
(4, 1, 1)
3
(66, 65)
--> Day : 3
-> Request 0
291
(4, 1, 2)
3
(54, 77)
-> Request 1
821
(2, 1, 2)
3
(61, 30)
-> Request 2
1281
(3, 3, 1)
1
(75, 28)
-> Request 3
1417
(3, 1, 2)
1
(55, 32)
--> Day : 4
-> Request 0
158
(3, 2, 1)
1
(24, 24)
-> Request 1
1021
(2, 2, 1)
2
(44, 40)
-> Request 2
1422
(4, 1, 1)
2
(12, 27)
---> Week : 4
--> Day : 0
-> Request 0
726
(3, 2, 2)
3
(74, 70)
-> Request 1
730
(4, 2, 1)
3
(23, 43)
-> Request 2
1015
(4, 1, 1)
2
(60, 3)
--> Day : 1
-> Request 0
56
(1, 3, 1)
2
(63, 0)
-> Request 1
56
(3, 1, 1)
2
(66, 50)
-> Request 2
422
(4, 2, 1)
1
(63, 25)
-> Request 3
716
(2, 3, 1)
3
(51, 38)
-> Request 4
865
(1, 2, 1)
1
(53, 16)
-> Request 5
922
(1, 3, 2)
3
(49, 32)
-> Request 6
1256
(3, 2, 1)
1
(65, 67)
--> Day : 2
-> Request 0
2
(2, 3, 2)
1
(55, 40)
-> Request 1
41
(2, 2, 2)
3
(77, 42)
-> Request 2
276
(4, 2, 2)
3
(49, 34)
-> Request 3
1376
(3, 1, 2)
3
(16, 60)
--> Day : 3
-> Request 0
35
(4, 1, 1)
3
(9, 15)
-> Request 1
297
(1, 2, 2)
2
(56, 32)
-> Request 2
399
(3, 2, 2)
1
(60, 29)
-> Request 3
524
(3, 1, 1)
2
(47, 37)
-> Request 4
694
(2, 3, 2)
3
(54, 36)
-> Request 5
826
(3, 3, 1)
1
(58, 68)
-> Request 6
1305
(4, 3, 2)
3
(62, 53)
--> Day : 4
-> Request 0
151
(2, 3, 1)
3
(7, 72)
-> Request 1
1229
(3, 2, 2)
3
(22, 66)
---> Week : 5
--> Day : 0
-> Request 0
3
(3, 2, 2)
2
(60, 23)
-> Request 1
780
(2, 1, 1)
3
(55, 72)
-> Request 2
868
(2, 1, 1)
3
(52, 74)
-> Request 3
1013
(3, 2, 1)
2
(72, 35)
-> Request 4
1049
(3, 1, 1)
3
(28, 54)
-> Request 5
1171
(3, 3, 2)
3
(47, 79)
-> Request 6
1249
(1, 1, 2)
1
(19, 47)
--> Day : 1
-> Request 0
33
(1, 2, 1)
1
(6, 40)
-> Request 1
309
(3, 2, 1)
3
(38, 60)
-> Request 2
353
(3, 2, 2)
3
(0, 5)
-> Request 3
637
(3, 2, 1)
1
(4, 15)
-> Request 4
737
(4, 2, 1)
3
(14, 25)
-> Request 5
895
(1, 1, 1)
2
(10, 14)
-> Request 6
1190
(3, 1, 1)
1
(70, 21)
-> Request 7
1242
(2, 3, 1)
2
(55, 31)
--> Day : 2
-> Request 0
210
(4, 3, 1)
3
(49, 2)
-> Request 1
277
(2, 1, 2)
3
(43, 61)
-> Request 2
1029
(4, 2, 1)
2
(64, 73)
-> Request 3
1127
(3, 2, 2)
1
(63, 6)
-> Request 4
1194
(1, 2, 1)
2
(0, 24)
-> Request 5
1235
(2, 3, 2)
1
(16, 44)
--> Day : 3
-> Request 0
121
(3, 1, 2)
3
(57, 43)
-> Request 1
354
(4, 3, 2)
3
(25, 24)
-> Request 2
408
(4, 3, 1)
1
(61, 77)
-> Request 3
684
(2, 1, 2)
3
(47, 33)
-> Request 4
688
(3, 1, 2)
1
(38, 28)
-> Request 5
779
(3, 3, 2)
1
(43, 65)
-> Request 6
792
(1, 3, 1)
3
(51, 41)
-> Request 7
912
(4, 1, 1)
1
(69, 53)
-> Request 8
961
(2, 3, 1)
2
(45, 31)
-> Request 9
1113
(4, 2, 1)
2
(52, 32)
-> Request 10
1137
(2, 3, 2)
3
(26, 54)
-> Request 11
1150
(2, 2, 2)
2
(1, 36)
-> Request 12
1340
(4, 3, 2)
2
(20, 25)
--> Day : 4
-> Request 0
536
(2, 1, 2)
2
(58, 36)
-> Request 1
754
(1, 3, 1)
3
(74, 24)
-> Request 2
898
(4, 3, 2)
3
(36, 9)
-> Request 3
934
(4, 3, 2)
2
(54, 66)
---> Week : 6
--> Day : 0
-> Request 0
53
(4, 1, 1)
1
(1, 66)
-> Request 1
223
(3, 2, 1)
3
(64, 77)
-> Request 2
502
(2, 1, 2)
3
(41, 64)
-> Request 3
1188
(3, 1, 2)
1
(77, 0)
-> Request 4
1325
(4, 3, 1)
1
(23, 8)
-> Request 5
1378
(1, 1, 1)
2
(4, 73)
--> Day : 1
-> Request 0
840
(3, 3, 1)
1
(69, 1)
-> Request 1
1031
(4, 1, 2)
1
(60, 35)
--> Day : 2
-> Request 0
164
(2, 2, 1)
1
(18, 4)
-> Request 1
320
(1, 2, 1)
3
(59, 28)
-> Request 2
1150
(1, 1, 2)
2
(68, 32)
--> Day : 3
-> Request 0
2
(2, 3, 1)
2
(1, 9)
-> Request 1
581
(2, 3, 1)
2
(60, 41)
-> Request 2
697
(4, 2, 2)
1
(1, 24)
-> Request 3
1127
(3, 3, 2)
3
(53, 36)
--> Day : 4
-> Request 0
494
(1, 1, 2)
1
(48, 33)
-> Request 1
550
(1, 3, 1)
3
(10, 51)
-> Request 2
680
(3, 2, 2)
2
(59, 29)
-> Request 3
718
(3, 2, 2)
3
(16, 7)
-> Request 4
774
(1, 1, 1)
2
(33, 70)
-> Request 5
842
(2, 1, 2)
2
(15, 65)
---> Week : 7
--> Day : 0
-> Request 0
149
(1, 3, 2)
1
(46, 41)
-> Request 1
221
(1, 3, 2)
2
(19, 66)
-> Request 2
390
(2, 2, 2)
1
(26, 79)
-> Request 3
430
(3, 3, 1)
3
(55, 46)
-> Request 4
998
(2, 2, 1)
3
(48, 33)
--> Day : 1
-> Request 0
128
(2, 1, 2)
2
(59, 30)
-> Request 1
1430
(1, 1, 2)
1
(43, 37)
--> Day : 2
-> Request 0
87
(3, 3, 1)
3
(44, 39)
-> Request 1
124
(1, 1, 1)
3
(14, 20)
-> Request 2
146
(4, 1, 1)
1
(47, 39)
-> Request 3
254
(1, 1, 1)
1
(58, 39)
-> Request 4
268
(1, 2, 1)
1
(45, 10)
-> Request 5
365
(2, 2, 2)
2
(46, 41)
-> Request 6
1036
(4, 1, 1)
2
(9, 38)
-> Request 7
1082
(1, 3, 1)
3
(17, 33)
-> Request 8
1313
(2, 3, 1)
1
(51, 31)
-> Request 9
1333
(1, 3, 2)
1
(43, 39)
-> Request 10
1394
(2, 2, 2)
2
(54, 37)
--> Day : 3
-> Request 0
241
(3, 1, 2)
2
(62, 72)
-> Request 1
755
(4, 1, 1)
3
(16, 59)
-> Request 2
976
(4, 3, 1)
3
(31, 59)
-> Request 3
1212
(3, 3, 2)
3
(26, 77)
-> Request 4
1249
(1, 1, 1)
3
(54, 32)
--> Day : 4
-> Request 0
399
(1, 2, 2)
1
(43, 32)
-> Request 1
536
(4, 3, 2)
2
(60, 63)
-> Request 2
707
(4, 2, 2)
3
(63, 66)
-> Request 3
805
(1, 3, 2)
3
(46, 6)
---> Week : 8
--> Day : 0
-> Request 0
4
(4, 2, 2)
2
(60, 27)
-> Request 1
1022
(4, 1, 2)
1
(75, 16)
--> Day : 1
-> Request 0
35
(3, 3, 1)
2
(55, 35)
-> Request 1
711
(3, 2, 1)
1
(59, 33)
--> Day : 2
-> Request 0
884
(2, 1, 1)
2
(53, 38)
-> Request 1
998
(3, 3, 2)
1
(16, 61)
-> Request 2
1021
(4, 1, 1)
2
(55, 73)
--> Day : 3
-> Request 0
258
(4, 2, 2)
2
(71, 30)
-> Request 1
414
(1, 2, 2)
1
(63, 71)
-> Request 2
428
(4, 2, 2)
2
(16, 13)
-> Request 3
598
(1, 3, 1)
2
(2, 49)
--> Day : 4
-> Request 0
919
(1, 2, 2)
2
(16, 61)
-> Request 1
926
(2, 3, 2)
3
(52, 72)
-> Request 2
964
(3, 3, 1)
3
(45, 14)
-> Request 3
1003
(2, 3, 2)
1
(72, 54)
-> Request 4
1229
(2, 2, 2)
3
(41, 43)
---> Week : 9
--> Day : 0
-> Request 0
314
(4, 2, 2)
3
(60, 43)
-> Request 1
537
(2, 3, 2)
3
(56, 27)
-> Request 2
1077
(4, 3, 2)
1
(65, 65)
--> Day : 1
-> Request 0
79
(4, 3, 2)
3
(46, 37)
-> Request 1
167
(1, 2, 2)
1
(63, 64)
-> Request 2
651
(2, 1, 1)
3
(55, 71)
-> Request 3
1416
(4, 2, 1)
3
(48, 41)
--> Day : 2
-> Request 0
259
(3, 2, 2)
2
(59, 66)
-> Request 1
706
(1, 3, 2)
3
(39, 35)
-> Request 2
745
(4, 1, 2)
2
(57, 77)
-> Request 3
896
(1, 2, 1)
1
(2, 58)
-> Request 4
1005
(4, 1, 1)
3
(64, 70)
-> Request 5
1009
(4, 3, 2)
2
(45, 31)
--> Day : 3
-> Request 0
243
(4, 1, 2)
3
(49, 39)
-> Request 1
736
(3, 1, 2)
2
(48, 44)
-> Request 2
1196
(1, 1, 1)
1
(57, 32)
-> Request 3
1244
(1, 3, 1)
1
(14, 29)
--> Day : 4
-> Request 0
108
(2, 2, 2)
3
(61, 30)
-> Request 1
671
(2, 2, 2)
2
(2, 19)
-> Request 2
1126
(2, 3, 2)
2
(73, 0)
---> Week : 10
--> Day : 0
-> Request 0
6
(1, 2, 2)
3
(78, 53)
-> Request 1
213
(4, 3, 2)
3
(59, 32)
-> Request 2
382
(2, 3, 2)
1
(17, 22)
-> Request 3
1310
(4, 1, 1)
2
(48, 17)
--> Day : 1
-> Request 0
147
(1, 2, 1)
1
(15, 24)
-> Request 1
278
(4, 3, 2)
2
(6, 39)
-> Request 2
455
(1, 3, 2)
2
(70, 3)
-> Request 3
1428
(2, 1, 1)
1
(53, 63)
--> Day : 2
-> Request 0
257
(2, 3, 1)
1
(50, 44)
-> Request 1
257
(2, 1, 1)
1
(10, 29)
-> Request 2
257
(4, 3, 1)
1
(72, 54)
-> Request 3
420
(4, 1, 1)
2
(59, 62)
-> Request 4
794
(1, 1, 1)
2
(56, 65)
-> Request 5
960
(1, 3, 2)
2
(15, 14)
-> Request 6
1298
(2, 1, 1)
2
(12, 21)
-> Request 7
1389
(2, 1, 1)
3
(69, 47)
--> Day : 3
-> Request 0
46
(4, 3, 2)
1
(65, 65)
-> Request 1
62
(1, 2, 2)
3
(67, 28)
-> Request 2
277
(1, 2, 2)
3
(6, 52)
-> Request 3
785
(1, 1, 2)
1
(58, 48)
-> Request 4
1265
(1, 3, 1)
1
(62, 69)
-> Request 5
1279
(1, 3, 1)
2
(55, 72)
--> Day : 4
-> Request 0
28
(2, 3, 2)
3
(65, 65)
-> Request 1
33
(2, 3, 2)
2
(68, 53)
-> Request 2
203
(3, 1, 1)
3
(8, 24)
-> Request 3
497
(1, 2, 2)
3
(60, 67)
-> Request 4
903
(2, 1, 1)
3
(61, 28)
-> Request 5
1165
(3, 1, 2)
1
(65, 18)
---> Week : 11
--> Day : 0
-> Request 0
390
(1, 2, 2)
2
(32, 78)
-> Request 1
608
(4, 3, 1)
1
(62, 29)
-> Request 2
613
(3, 3, 2)
3
(59, 29)
-> Request 3
615
(2, 1, 1)
1
(21, 65)
-> Request 4
1218
(2, 1, 2)
3
(43, 32)
--> Day : 1
-> Request 0
340
(2, 2, 2)
2
(63, 63)
-> Request 1
973
(3, 3, 2)
1
(59, 75)
-> Request 2
1311
(1, 2, 2)
3
(52, 28)
-> Request 3
1317
(3, 1, 2)
2
(11, 21)
--> Day : 2
-> Request 0
39
(4, 1, 2)
2
(55, 43)
-> Request 1
67
(4, 1, 1)
3
(12, 71)
-> Request 2
539
(4, 2, 1)
3
(65, 71)
-> Request 3
567
(4, 3, 2)
1
(31, 60)
-> Request 4
666
(3, 1, 1)
1
(61, 67)
-> Request 5
900
(3, 3, 2)
1
(25, 70)
-> Request 6
1120
(4, 3, 2)
3
(78, 59)
--> Day : 3
-> Request 0
42
(2, 3, 2)
2
(1, 18)
-> Request 1
233
(1, 1, 1)
2
(49, 29)
-> Request 2
454
(4, 3, 1)
3
(30, 32)
-> Request 3
875
(1, 3, 2)
3
(55, 36)
-> Request 4
1002
(4, 1, 1)
2
(66, 76)
-> Request 5
1108
(4, 3, 2)
3
(47, 56)
-> Request 6
1301
(3, 3, 2)
1
(61, 46)
--> Day : 4
-> Request 0
121
(3, 2, 1)
3
(20, 0)
-> Request 1
623
(1, 1, 1)
3
(56, 73)
-> Request 2
1006
(3, 3, 2)
2
(63, 72)
-> Request 3
1059
(3, 2, 2)
2
(52, 65)
---> Week : 12
--> Day : 0
-> Request 0
459
(1, 2, 2)
1
(57, 35)
-> Request 1
632
(2, 3, 2)
1
(14, 26)
-> Request 2
1002
(2, 3, 1)
2
(54, 72)
--> Day : 1
-> Request 0
618
(1, 3, 2)
1
(57, 77)
-> Request 1
630
(3, 1, 1)
2
(61, 53)
-> Request 2
772
(1, 3, 2)
2
(35, 2)
-> Request 3
806
(2, 1, 1)
1
(59, 16)
-> Request 4
1037
(4, 2, 2)
3
(9, 55)
-> Request 5
1387
(2, 2, 2)
3
(48, 33)
-> Request 6
1437
(1, 3, 1)
2
(57, 45)
--> Day : 2
-> Request 0
36
(4, 3, 1)
2
(5, 25)
-> Request 1
465
(2, 2, 2)
1
(66, 70)
-> Request 2
681
(2, 3, 1)
2
(53, 70)
-> Request 3
718
(2, 2, 1)
1
(41, 26)
-> Request 4
882
(1, 2, 2)
1
(50, 41)
-> Request 5
1269
(4, 3, 2)
2
(48, 42)
-> Request 6
1409
(2, 1, 1)
3
(47, 34)
--> Day : 3
-> Request 0
241
(2, 3, 1)
1
(69, 42)
-> Request 1
607
(2, 2, 1)
1
(54, 45)
-> Request 2
656
(2, 1, 1)
3
(23, 75)
-> Request 3
838
(3, 1, 2)
2
(62, 66)
--> Day : 4
-> Request 0
204
(1, 1, 2)
2
(41, 64)
-> Request 1
225
(4, 1, 2)
2
(57, 57)
---> Week : 13
--> Day : 0
-> Request 0
14
(1, 1, 2)
2
(61, 46)
-> Request 1
1085
(4, 2, 1)
1
(46, 0)
-> Request 2
1093
(3, 1, 1)
2
(58, 29)
-> Request 3
1431
(1, 3, 2)
2
(10, 21)
--> Day : 1
-> Request 0
1102
(3, 3, 1)
3
(43, 40)
--> Day : 2
-> Request 0
120
(1, 1, 1)
3
(44, 14)
-> Request 1
150
(4, 3, 2)
3
(32, 30)
-> Request 2
209
(3, 3, 2)
3
(58, 70)
-> Request 3
524
(3, 1, 2)
2
(55, 76)
-> Request 4
1365
(2, 3, 1)
3
(1, 40)
--> Day : 3
-> Request 0
367
(3, 2, 1)
1
(38, 11)
-> Request 1
542
(4, 3, 2)
2
(70, 73)
-> Request 2
882
(3, 1, 2)
2
(11, 79)
-> Request 3
1076
(2, 2, 1)
2
(9, 20)
-> Request 4
1133
(3, 1, 1)
3
(56, 65)
-> Request 5
1406
(1, 3, 1)
2
(51, 41)
--> Day : 4
-> Request 0
47
(4, 1, 2)
3
(65, 4)
-> Request 1
333
(2, 3, 1)
3
(0, 66)
-> Request 2
1061
(3, 2, 1)
1
(54, 75)
-> Request 3
1173
(2, 1, 1)
1
(79, 55)
-> Request 4
1205
(3, 2, 1)
2
(62, 71)
---> Week : 14
--> Day : 0
-> Request 0
441
(2, 2, 1)
1
(51, 34)
-> Request 1
704
(4, 2, 1)
2
(62, 74)
-> Request 2
1324
(4, 1, 2)
3
(59, 71)
-> Request 3
1406
(3, 1, 2)
2
(35, 66)
--> Day : 1
-> Request 0
255
(2, 1, 1)
3
(48, 46)
-> Request 1
852
(3, 3, 1)
2
(52, 41)
-> Request 2
1036
(2, 1, 1)
1
(61, 38)
-> Request 3
1102
(2, 1, 1)
3
(42, 11)
-> Request 4
1143
(2, 2, 1)
1
(52, 6)
-> Request 5
1272
(1, 2, 1)
2
(21, 30)
--> Day : 2
-> Request 0
218
(2, 3, 2)
3
(61, 31)
-> Request 1
1053
(4, 2, 1)
1
(57, 29)
-> Request 2
1231
(1, 3, 1)
3
(57, 11)
--> Day : 3
-> Request 0
40
(3, 2, 1)
3
(26, 69)
-> Request 1
190
(3, 2, 1)
1
(43, 5)
-> Request 2
343
(4, 1, 1)
2
(66, 59)
-> Request 3
1071
(3, 3, 1)
2
(56, 67)
--> Day : 4
-> Request 0
287
(4, 1, 2)
1
(57, 78)
-> Request 1
483
(2, 2, 2)
1
(26, 79)
-> Request 2
1142
(4, 3, 2)
2
(49, 19)
---> Week : 15
--> Day : 0
-> Request 0
171
(1, 3, 1)
3
(33, 45)
-> Request 1
614
(2, 2, 2)
3
(58, 34)
-> Request 2
803
(3, 2, 2)
3
(61, 68)
-> Request 3
1346
(4, 3, 2)
2
(26, 58)
--> Day : 1
-> Request 0
153
(1, 2, 2)
1
(57, 75)
-> Request 1
426
(1, 2, 2)
3
(47, 35)
-> Request 2
782
(1, 1, 2)
1
(9, 25)
-> Request 3
860
(3, 1, 1)
2
(45, 40)
-> Request 4
919
(4, 3, 2)
2
(27, 10)
-> Request 5
1012
(3, 1, 1)
3
(27, 69)
-> Request 6
1148
(3, 2, 2)
1
(77, 18)
-> Request 7
1410
(4, 1, 1)
3
(47, 30)
--> Day : 2
-> Request 0
100
(2, 1, 1)
2
(13, 77)
-> Request 1
764
(3, 2, 1)
1
(5, 2)
-> Request 2
881
(1, 1, 2)
1
(30, 71)
-> Request 3
886
(1, 2, 2)
1
(34, 50)
-> Request 4
1022
(2, 3, 1)
1
(25, 54)
-> Request 5
1033
(2, 2, 2)
3
(17, 24)
-> Request 6
1052
(1, 3, 1)
1
(9, 22)
-> Request 7
1069
(4, 3, 2)
2
(63, 71)
--> Day : 3
-> Request 0
353
(3, 1, 1)
1
(16, 33)
-> Request 1
537
(4, 2, 2)
2
(46, 79)
-> Request 2
739
(2, 1, 2)
1
(29, 79)
-> Request 3
996
(1, 2, 2)
3
(79, 54)
-> Request 4
1209
(2, 3, 2)
2
(58, 26)
-> Request 5
1338
(4, 1, 2)
1
(43, 46)
--> Day : 4
-> Request 0
711
(2, 1, 1)
1
(6, 13)
-> Request 1
922
(3, 2, 1)
1
(55, 35)
---> Week : 16
--> Day : 0
-> Request 0
215
(1, 3, 1)
2
(50, 39)
-> Request 1
246
(1, 1, 1)
3
(17, 20)
-> Request 2
1135
(4, 2, 2)
3
(52, 29)
-> Request 3
1375
(2, 1, 1)
2
(56, 70)
--> Day : 1
-> Request 0
388
(4, 2, 1)
1
(72, 26)
-> Request 1
553
(3, 2, 2)
1
(49, 40)
-> Request 2
1171
(4, 3, 1)
1
(59, 28)
--> Day : 2
-> Request 0
652
(1, 3, 1)
3
(16, 21)
-> Request 1
1045
(3, 2, 2)
3
(69, 16)
--> Day : 3
-> Request 0
112
(3, 3, 1)
3
(54, 36)
-> Request 1
317
(2, 1, 1)
1
(45, 34)
-> Request 2
924
(4, 1, 2)
1
(47, 30)
-> Request 3
1056
(4, 3, 1)
3
(53, 72)
-> Request 4
1412
(1, 1, 2)
3
(44, 23)
--> Day : 4
-> Request 0
105
(1, 3, 2)
2
(22, 66)
-> Request 1
348
(2, 2, 1)
1
(55, 11)
-> Request 2
639
(2, 3, 2)
2
(12, 21)
-> Request 3
846
(2, 1, 2)
2
(37, 11)
-> Request 4
864
(2, 2, 1)
2
(56, 4)
---> Week : 17
--> Day : 0
-> Request 0
697
(1, 2, 1)
2
(9, 22)
-> Request 1
902
(3, 1, 2)
3
(48, 62)
-> Request 2
982
(4, 1, 1)
1
(50, 27)
-> Request 3
1025
(4, 1, 1)
2
(29, 6)
-> Request 4
1287
(2, 1, 2)
2
(44, 45)
--> Day : 1
-> Request 0
49
(2, 2, 1)
2
(43, 44)
-> Request 1
573
(1, 2, 2)
2
(62, 3)
-> Request 2
789
(3, 1, 2)
1
(40, 37)
-> Request 3
841
(4, 2, 2)
2
(59, 77)
-> Request 4
1131
(4, 1, 2)
2
(52, 44)
-> Request 5
1178
(4, 3, 1)
2
(60, 77)
--> Day : 2
-> Request 0
434
(4, 1, 1)
3
(17, 23)
-> Request 1
522
(3, 2, 1)
1
(47, 30)
-> Request 2
1063
(1, 3, 1)
2
(61, 79)
--> Day : 3
-> Request 0
1139
(4, 3, 2)
2
(45, 2)
-> Request 1
1207
(4, 2, 1)
2
(13, 20)
--> Day : 4
-> Request 0
273
(1, 2, 2)
1
(32, 62)
-> Request 1
278
(4, 2, 2)
2
(51, 32)
-> Request 2
384
(4, 2, 2)
2
(52, 78)
-> Request 3
432
(4, 3, 2)
2
(4, 65)
-> Request 4
822
(4, 1, 2)
1
(47, 37)
-> Request 5
866
(3, 3, 2)
3
(75, 39)
-> Request 6
1284
(3, 2, 1)
3
(54, 33)
-> Request 7
1388
(2, 2, 1)
1
(20, 65)
---> Week : 18
--> Day : 0
-> Request 0
314
(2, 2, 2)
3
(69, 14)
-> Request 1
607
(2, 2, 2)
3
(43, 33)
-> Request 2
731
(2, 1, 2)
2
(55, 32)
--> Day : 1
-> Request 0
298
(3, 2, 2)
3
(50, 0)
-> Request 1
367
(2, 3, 1)
3
(1, 37)
-> Request 2
769
(1, 1, 1)
2
(60, 37)
-> Request 3
1039
(3, 2, 1)
1
(71, 47)
--> Day : 2
-> Request 0
478
(3, 1, 2)
3
(49, 30)
-> Request 1
481
(3, 2, 2)
3
(54, 73)
-> Request 2
587
(1, 3, 1)
3
(51, 45)
-> Request 3
706
(4, 2, 1)
1
(43, 29)
-> Request 4
1398
(3, 2, 1)
3
(66, 69)
--> Day : 3
-> Request 0
1005
(2, 3, 1)
2
(61, 74)
--> Day : 4
---> Week : 19
--> Day : 0
-> Request 0
153
(3, 1, 1)
3
(54, 36)
-> Request 1
515
(4, 1, 1)
3
(11, 27)
-> Request 2
1161
(4, 1, 1)
2
(45, 46)
-> Request 3
1277
(3, 3, 1)
3
(46, 32)
--> Day : 1
-> Request 0
778
(4, 2, 2)
3
(43, 79)
-> Request 1
901
(1, 2, 2)
1
(62, 39)
-> Request 2
1012
(2, 1, 1)
1
(6, 48)
-> Request 3
1193
(4, 2, 1)
3
(59, 40)
--> Day : 2
-> Request 0
349
(2, 2, 1)
3
(47, 27)
-> Request 1
1191
(1, 3, 1)
3
(63, 77)
-> Request 2
1308
(2, 1, 2)
3
(50, 45)
--> Day : 3
-> Request 0
1359
(1, 2, 2)
1
(57, 33)
-> Request 1
1363
(3, 1, 2)
1
(50, 39)
-> Request 2
1378
(2, 2, 1)
1
(76, 8)
--> Day : 4
-> Request 0
335
(1, 2, 1)
2
(66, 43)
-> Request 1
677
(1, 3, 1)
1
(66, 65)
-> Request 2
853
(1, 3, 1)
3
(79, 52)
-> Request 3
1370
(1, 1, 1)
1
(66, 66)
