---> Week : 0
--> Day : 0
-> Request 0
429
(2, 3, 2)
2
(48, 43)
-> Request 1
1120
(1, 2, 2)
2
(60, 33)
--> Day : 1
-> Request 0
34
(1, 2, 1)
2
(27, 64)
-> Request 1
69
(1, 2, 1)
1
(59, 18)
-> Request 2
270
(4, 2, 2)
3
(45, 34)
-> Request 3
330
(4, 2, 1)
2
(46, 42)
-> Request 4
920
(1, 3, 2)
3
(17, 37)
--> Day : 2
-> Request 0
64
(2, 2, 2)
3
(45, 61)
-> Request 1
134
(1, 3, 1)
3
(12, 23)
-> Request 2
169
(3, 1, 1)
2
(2, 43)
-> Request 3
492
(1, 2, 1)
1
(19, 37)
-> Request 4
604
(2, 1, 1)
1
(47, 43)
-> Request 5
1079
(1, 2, 2)
2
(61, 30)
-> Request 6
1396
(4, 1, 1)
2
(26, 64)
-> Request 7
1406
(4, 1, 1)
1
(60, 40)
--> Day : 3
-> Request 0
308
(1, 3, 1)
2
(13, 24)
-> Request 1
631
(1, 1, 2)
3
(14, 25)
-> Request 2
757
(1, 1, 1)
1
(53, 64)
-> Request 3
763
(2, 3, 1)
2
(8, 29)
-> Request 4
954
(1, 1, 1)
3
(79, 8)
-> Request 5
1039
(1, 2, 1)
1
(1, 51)
-> Request 6
1057
(4, 3, 1)
1
(72, 48)
-> Request 7
1150
(3, 3, 1)
1
(62, 66)
--> Day : 4
-> Request 0
20
(2, 3, 1)
3
(26, 79)
-> Request 1
189
(3, 1, 2)
2
(44, 38)
-> Request 2
219
(4, 2, 2)
3
(13, 24)
-> Request 3
384
(1, 2, 1)
3
(74, 65)
-> Request 4
401
(3, 1, 2)
2
(66, 64)
-> Request 5
487
(1, 1, 2)
1
(13, 55)
-> Request 6
536
(4, 2, 1)
1
(53, 28)
-> Request 7
717
(3, 2, 1)
1
(57, 50)
-> Request 8
786
(3, 2, 2)
3
(50, 43)
-> Request 9
957
(3, 3, 2)
3
(34, 19)
-> Request 10
1179
(3, 1, 2)
3
(8, 22)
---> Week : 1
--> Day : 0
-> Request 0
245
(4, 2, 2)
2
(53, 31)
-> Request 1
279
(4, 1, 2)
1
(61, 41)
-> Request 2
319
(2, 3, 2)
2
(56, 2)
-> Request 3
1087
(2, 2, 2)
3
(78, 21)
--> Day : 1
-> Request 0
1024
(4, 2, 1)
1
(8, 27)
-> Request 1
1276
(1, 2, 1)
3
(57, 39)
-> Request 2
1357
(2, 2, 1)
2
(7, 15)
-> Request 3
1416
(2, 2, 1)
1
(49, 57)
--> Day : 2
-> Request 0
349
(2, 1, 2)
2
(45, 40)
-> Request 1
757
(2, 2, 1)
2
(61, 27)
-> Request 2
843
(2, 3, 1)
2
(50, 70)
-> Request 3
1056
(1, 1, 1)
3
(45, 37)
--> Day : 3
-> Request 0
548
(2, 2, 1)
3
(51, 35)
-> Request 1
818
(3, 3, 2)
2
(78, 57)
-> Request 2
856
(1, 1, 2)
2
(62, 75)
-> Request 3
995
(2, 2, 2)
1
(61, 28)
-> Request 4
1194
(4, 1, 2)
2
(50, 36)
--> Day : 4
-> Request 0
402
(2, 1, 2)
1
(16, 57)
-> Request 1
622
(1, 1, 1)
1
(24, 30)
-> Request 2
814
(1, 3, 1)
2
(32, 22)
-> Request 3
1254
(3, 1, 2)
3
(8, 20)
-> Request 4
1358
(2, 2, 2)
3
(54, 41)
-> Request 5
1363
(3, 2, 1)
3
(59, 66)
---> Week : 2
--> Day : 0
-> Request 0
117
(3, 3, 2)
3
(48, 33)
-> Request 1
325
(2, 2, 1)
1
(4, 45)
-> Request 2
335
(2, 2, 2)
1
(70, 38)
-> Request 3
884
(1, 2, 1)
2
(1, 12)
--> Day : 1
-> Request 0
80
(1, 3, 2)
1
(67, 15)
-> Request 1
112
(2, 3, 1)
3
(32, 63)
-> Request 2
179
(1, 3, 1)
3
(46, 36)
-> Request 3
445
(4, 1, 1)
1
(2, 8)
-> Request 4
551
(3, 2, 2)
3
(58, 41)
-> Request 5
770
(3, 1, 1)
2
(65, 72)
-> Request 6
1034
(1, 2, 1)
3
(17, 27)
-> Request 7
1125
(1, 3, 2)
3
(16, 1)
-> Request 8
1144
(4, 3, 1)
2
(49, 28)
-> Request 9
1288
(4, 3, 2)
3
(59, 40)
-> Request 10
1290
(4, 3, 2)
3
(48, 39)
--> Day : 2
-> Request 0
146
(1, 2, 2)
3
(25, 47)
-> Request 1
239
(1, 1, 1)
2
(52, 46)
-> Request 2
344
(3, 2, 2)
1
(54, 79)
-> Request 3
642
(4, 2, 1)
3
(48, 36)
-> Request 4
810
(2, 1, 1)
2
(53, 72)
-> Request 5
872
(3, 3, 2)
2
(75, 30)
-> Request 6
1086
(3, 3, 2)
3
(13, 5)
-> Request 7
1156
(3, 3, 1)
2
(25, 14)
--> Day : 3
-> Request 0
298
(2, 2, 1)
2
(6, 70)
-> Request 1
384
(4, 3, 1)
2
(11, 55)
-> Request 2
797
(4, 1, 2)
2
(9, 32)
-> Request 3
831
(3, 3, 1)
3
(58, 74)
-> Request 4
1084
(3, 1, 1)
1
(3, 0)
-> Request 5
1179
(4, 1, 2)
2
(28, 0)
-> Request 6
1392
(1, 2, 1)
3
(60, 31)
--> Day : 4
-> Request 0
189
(3, 2, 2)
2
(55, 72)
-> Request 1
310
(4, 2, 1)
3
(65, 78)
-> Request 2
397
(4, 3, 2)
1
(15, 13)
-> Request 3
725
(4, 2, 2)
3
(67, 24)
---> Week : 3
--> Day : 0
-> Request 0
88
(2, 1, 1)
2
(49, 59)
-> Request 1
1026
(3, 1, 1)
3
(59, 40)
-> Request 2
1167
(3, 1, 1)
3
(20, 52)
-> Request 3
1350
(1, 1, 1)
2
(64, 12)
--> Day : 1
-> Request 0
833
(1, 1, 1)
2
(45, 41)
--> Day : 2
-> Request 0
962
(2, 3, 2)
3
(45, 46)
-> Request 1
1076
(2, 1, 1)
3
(5, 38)
--> Day : 3
-> Request 0
1144
(2, 1, 1)
2
(61, 73)
--> Day : 4
-> Request 0
951
(4, 1, 1)
3
(45, 39)
-> Request 1
1438
(2, 3, 2)
3
(54, 74)
---> Week : 4
--> Day : 0
-> Request 0
736
(4, 2, 1)
1
(74, 36)
-> Request 1
1020
(4, 3, 1)
3
(53, 64)
--> Day : 1
-> Request 0
200
(2, 2, 1)
1
(15, 29)
-> Request 1
611
(4, 3, 1)
3
(76, 13)
-> Request 2
832
(4, 1, 2)
2
(63, 67)
-> Request 3
1148
(1, 2, 2)
3
(55, 30)
--> Day : 2
-> Request 0
304
(4, 3, 1)
1
(51, 65)
-> Request 1
425
(4, 2, 2)
1
(54, 39)
-> Request 2
481
(4, 3, 1)
1
(59, 70)
-> Request 3
824
(3, 2, 2)
3
(24, 37)
-> Request 4
1161
(1, 3, 1)
2
(65, 70)
-> Request 5
1303
(1, 1, 2)
3
(64, 69)
-> Request 6
1338
(4, 3, 1)
2
(64, 65)
--> Day : 3
-> Request 0
325
(4, 1, 2)
1
(57, 69)
-> Request 1
419
(3, 1, 2)
1
(54, 34)
-> Request 2
868
(1, 3, 1)
3
(15, 49)
--> Day : 4
-> Request 0
142
(1, 3, 2)
1
(47, 43)
-> Request 1
493
(4, 3, 1)
2
(17, 22)
-> Request 2
694
(2, 1, 1)
1
(27, 78)
-> Request 3
1002
(2, 3, 1)
1
(44, 43)
-> Request 4
1393
(1, 2, 1)
1
(48, 44)
---> Week : 5
--> Day : 0
-> Request 0
628
(3, 3, 2)
1
(56, 76)
-> Request 1
991
(4, 2, 2)
2
(54, 40)
-> Request 2
1102
(1, 1, 1)
1
(2, 28)
-> Request 3
1387
(1, 1, 2)
1
(10, 0)
--> Day : 1
-> Request 0
378
(2, 2, 2)
3
(57, 43)
-> Request 1
976
(3, 2, 1)
2
(61, 64)
-> Request 2
1273
(1, 3, 1)
2
(58, 78)
--> Day : 2
-> Request 0
707
(3, 2, 2)
1
(76, 17)
-> Request 1
735
(4, 1, 1)
2
(43, 33)
-> Request 2
1075
(4, 1, 1)
2
(16, 44)
--> Day : 3
-> Request 0
110
(3, 2, 1)
2
(29, 9)
-> Request 1
358
(2, 1, 2)
3
(64, 71)
-> Request 2
404
(2, 3, 1)
1
(12, 58)
-> Request 3
668
(2, 3, 2)
3
(73, 30)
-> Request 4
965
(3, 3, 1)
2
(65, 21)
-> Request 5
1404
(3, 3, 1)
2
(75, 34)
--> Day : 4
-> Request 0
304
(2, 2, 2)
2
(75, 0)
-> Request 1
514
(2, 2, 1)
3
(48, 43)
-> Request 2
629
(2, 3, 2)
3
(47, 42)
-> Request 3
743
(2, 1, 2)
3
(61, 34)
-> Request 4
996
(4, 3, 1)
1
(47, 31)
-> Request 5
1027
(1, 1, 2)
1
(52, 57)
-> Request 6
1161
(3, 1, 2)
3
(5, 6)
---> Week : 6
--> Day : 0
-> Request 0
221
(3, 2, 2)
2
(59, 41)
-> Request 1
224
(3, 1, 2)
1
(77, 70)
-> Request 2
527
(1, 1, 1)
3
(31, 75)
--> Day : 1
-> Request 0
103
(3, 2, 1)
3
(59, 38)
-> Request 1
201
(2, 1, 1)
3
(56, 28)
-> Request 2
797
(1, 3, 2)
3
(17, 27)
--> Day : 2
-> Request 0
192
(1, 2, 1)
2
(51, 34)
-> Request 1
319
(4, 2, 2)
1
(60, 75)
-> Request 2
568
(4, 1, 1)
1
(16, 23)
-> Request 3
641
(2, 1, 1)
3
(9, 27)
-> Request 4
849
(4, 3, 1)
3
(62, 69)
--> Day : 3
-> Request 0
220
(4, 1, 1)
1
(51, 29)
-> Request 1
440
(2, 2, 1)
1
(66, 12)
-> Request 2
793
(2, 3, 1)
1
(52, 37)
--> Day : 4
-> Request 0
141
(3, 1, 1)
2
(47, 55)
-> Request 1
158
(2, 3, 1)
2
(77, 24)
-> Request 2
468
(1, 3, 2)
2
(10, 74)
-> Request 3
1182
(1, 2, 1)
1
(59, 78)
---> Week : 7
--> Day : 0
-> Request 0
247
(2, 2, 2)
3
(12, 21)
-> Request 1
1061
(4, 2, 2)
1
(57, 18)
-> Request 2
1182
(4, 2, 2)
1
(47, 40)
--> Day : 1
-> Request 0
425
(1, 2, 1)
1
(11, 23)
-> Request 1
444
(1, 3, 2)
3
(55, 43)
-> Request 2
736
(2, 3, 2)
2
(32, 15)
--> Day : 2
-> Request 0
369
(1, 2, 1)
3
(45, 39)
-> Request 1
653
(1, 3, 1)
2
(36, 59)
--> Day : 3
-> Request 0
408
(4, 2, 2)
1
(78, 30)
-> Request 1
971
(1, 2, 1)
3
(4, 24)
-> Request 2
994
(4, 3, 1)
2
(69, 62)
-> Request 3
1340
(2, 2, 2)
1
(44, 32)
--> Day : 4
-> Request 0
281
(3, 2, 2)
3
(47, 58)
-> Request 1
588
(3, 1, 2)
2
(46, 22)
-> Request 2
769
(4, 1, 2)
3
(50, 38)
-> Request 3
1127
(4, 3, 1)
2
(33, 41)
-> Request 4
1322
(3, 1, 1)
1
(20, 75)
---> Week : 8
--> Day : 0
-> Request 0
480
(1, 1, 1)
2
(31, 71)
-> Request 1
987
(3, 3, 2)
2
(13, 18)
-> Request 2
1392
(4, 2, 2)
1
(3, 16)
--> Day : 1
-> Request 0
115
(4, 3, 1)
3
(58, 38)
-> Request 1
120
(4, 2, 2)
2
(48, 27)
-> Request 2
694
(2, 2, 1)
3
(2, 62)
-> Request 3
803
(2, 1, 1)
1
(53, 70)
--> Day : 2
-> Request 0
263
(1, 1, 1)
3
(61, 27)
-> Request 1
303
(3, 1, 2)
3
(70, 43)
-> Request 2
1341
(2, 2, 1)
1
(54, 31)
-> Request 3
1421
(1, 3, 2)
2
(52, 32)
--> Day : 3
-> Request 0
805
(1, 1, 2)
3
(58, 5)
-> Request 1
971
(4, 3, 1)
2
(35, 9)
-> Request 2
1012
(2, 2, 2)
1
(61, 7)
-> Request 3
1032
(2, 2, 2)
3
(43, 39)
--> Day : 4
-> Request 0
164
(1, 3, 2)
3
(44, 29)
-> Request 1
169
(3, 3, 2)
3
(32, 25)
-> Request 2
404
(2, 3, 1)
3
(61, 65)
---> Week : 9
--> Day : 0
-> Request 0
22
(4, 1, 1)
1
(41, 10)
-> Request 1
122
(1, 3, 2)
2
(59, 70)
-> Request 2
653
(2, 1, 2)
2
(61, 44)
-> Request 3
657
(1, 1, 1)
2
(8, 27)
-> Request 4
1030
(4, 3, 1)
3
(22, 74)
-> Request 5
1089
(2, 2, 2)
3
(72, 61)
-> Request 6
1215
(3, 1, 1)
1
(45, 28)
-> Request 7
1290
(4, 3, 1)
2
(59, 72)
--> Day : 1
-> Request 0
173
(1, 3, 1)
3
(52, 28)
-> Request 1
309
(4, 1, 2)
2
(47, 32)
-> Request 2
486
(2, 1, 2)
1
(59, 56)
-> Request 3
959
(3, 1, 1)
3
(63, 72)
--> Day : 2
-> Request 0
7
(3, 1, 2)
3
(62, 72)
-> Request 1
226
(3, 3, 2)
1
(53, 79)
-> Request 2
410
(4, 2, 2)
2
(39, 25)
-> Request 3
626
(1, 2, 1)
3
(61, 30)
-> Request 4
1019
(1, 2, 2)
3
(47, 27)
-> Request 5
1120
(1, 3, 2)
2
(9, 29)
-> Request 6
1418
(2, 2, 2)
2
(23, 73)
--> Day : 3
-> Request 0
30
(2, 3, 1)
1
(60, 9)
-> Request 1
410
(2, 1, 2)
2
(52, 72)
-> Request 2
748
(1, 3, 2)
3
(21, 33)
-> Request 3
853
(1, 2, 1)
1
(30, 57)
-> Request 4
874
(1, 3, 2)
2
(45, 52)
-> Request 5
965
(2, 1, 1)
2
(62, 77)
-> Request 6
1152
(4, 1, 2)
3
(52, 33)
-> Request 7
1357
(1, 1, 2)
3
(47, 37)
--> Day : 4
-> Request 0
15
(3, 2, 1)
1
(49, 15)
-> Request 1
659
(3, 2, 2)
1
(62, 43)
-> Request 2
1352
(4, 1, 2)
2
(57, 38)
---> Week : 10
--> Day : 0
-> Request 0
246
(1, 1, 2)
1
(54, 36)
-> Request 1
432
(1, 3, 2)
3
(55, 74)
-> Request 2
795
(2, 2, 2)
1
(45, 69)
-> Request 3
1057
(4, 1, 1)
2
(43, 28)
--> Day : 1
-> Request 0
302
(3, 1, 2)
1
(20, 53)
-> Request 1
439
(4, 2, 2)
1
(30, 59)
-> Request 2
749
(2, 2, 1)
1
(38, 43)
-> Request 3
870
(1, 1, 2)
3
(54, 38)
-> Request 4
1229
(2, 2, 2)
3
(36, 31)
-> Request 5
1323
(4, 3, 1)
2
(41, 70)
-> Request 6
1417
(4, 2, 2)
2
(43, 44)
--> Day : 2
-> Request 0
1115
(2, 1, 2)
1
(3, 29)
-> Request 1
1173
(4, 3, 1)
1
(45, 44)
--> Day : 3
-> Request 0
22
(1, 2, 2)
3
(41, 7)
-> Request 1
302
(4, 3, 1)
3
(32, 66)
-> Request 2
313
(3, 1, 1)
3
(46, 43)
-> Request 3
645
(3, 1, 2)
3
(63, 75)
-> Request 4
923
(4, 2, 2)
3
(44, 21)
-> Request 5
1321
(3, 1, 1)
2
(30, 77)
-> Request 6
1329
(2, 1, 1)
2
(15, 8)
-> Request 7
1388
(3, 3, 2)
2
(57, 70)
--> Day : 4
-> Request 0
404
(2, 1, 2)
1
(34, 63)
-> Request 1
417
(1, 2, 1)
2
(59, 71)
-> Request 2
544
(4, 3, 2)
2
(37, 44)
-> Request 3
799
(1, 2, 1)
2
(62, 73)
-> Request 4
896
(4, 3, 1)
1
(57, 77)
-> Request 5
1396
(1, 2, 1)
3
(57, 56)
---> Week : 11
--> Day : 0
-> Request 0
194
(1, 1, 2)
1
(7, 35)
-> Request 1
739
(2, 1, 2)
1
(20, 55)
-> Request 2
876
(2, 3, 2)
3
(29, 62)
-> Request 3
980
(3, 2, 2)
3
(38, 41)
--> Day : 1
-> Request 0
673
(1, 3, 2)
1
(41, 42)
--> Day : 2
-> Request 0
333
(1, 1, 1)
2
(71, 49)
-> Request 1
364
(2, 2, 1)
1
(75, 1)
-> Request 2
1036
(1, 1, 2)
1
(54, 32)
--> Day : 3
-> Request 0
641
(2, 3, 2)
1
(66, 77)
-> Request 1
1358
(4, 1, 1)
1
(42, 16)
-> Request 2
1370
(3, 1, 1)
1
(67, 5)
--> Day : 4
-> Request 0
33
(2, 2, 1)
1
(53, 38)
-> Request 1
533
(3, 3, 1)
2
(24, 8)
---> Week : 12
--> Day : 0
-> Request 0
43
(3, 1, 2)
3
(76, 69)
-> Request 1
84
(3, 3, 2)
3
(65, 68)
-> Request 2
852
(3, 1, 1)
3
(60, 78)
-> Request 3
1140
(3, 1, 2)
2
(31, 13)
--> Day : 1
--> Day : 2
-> Request 0
1110
(3, 1, 1)
1
(59, 67)
--> Day : 3
-> Request 0
250
(1, 2, 2)
3
(44, 28)
-> Request 1
871
(3, 3, 1)
1
(53, 76)
-> Request 2
1227
(3, 3, 2)
2
(37, 64)
-> Request 3
1242
(4, 1, 2)
2
(15, 27)
--> Day : 4
-> Request 0
256
(3, 1, 1)
1
(59, 42)
-> Request 1
572
(3, 2, 1)
3
(48, 42)
-> Request 2
751
(1, 2, 2)
1
(47, 58)
-> Request 3
829
(3, 1, 2)
1
(24, 55)
-> Request 4
864
(1, 1, 1)
3
(46, 41)
-> Request 5
1338
(4, 2, 1)
3
(60, 38)
---> Week : 13
--> Day : 0
--> Day : 1
-> Request 0
71
(2, 1, 1)
3
(36, 5)
-> Request 1
204
(4, 1, 2)
2
(62, 5)
--> Day : 2
-> Request 0
120
(4, 3, 2)
2
(7, 44)
-> Request 1
214
(2, 3, 1)
1
(79, 57)
-> Request 2
887
(3, 1, 2)
2
(56, 27)
-> Request 3
1099
(4, 2, 1)
1
(58, 71)
-> Request 4
1325
(3, 1, 2)
3
(60, 41)
--> Day : 3
-> Request 0
289
(3, 3, 2)
2
(53, 31)
-> Request 1
949
(1, 1, 2)
2
(32, 15)
--> Day : 4
-> Request 0
188
(3, 3, 2)
2
(51, 38)
-> Request 1
253
(2, 1, 1)
1
(63, 66)
-> Request 2
421
(1, 2, 1)
2
(42, 14)
-> Request 3
1429
(1, 2, 1)
1
(61, 65)
---> Week : 14
--> Day : 0
-> Request 0
219
(2, 2, 2)
2
(58, 75)
-> Request 1
286
(1, 3, 1)
1
(33, 10)
-> Request 2
303
(4, 2, 1)
2
(64, 74)
-> Request 3
306
(2, 1, 2)
3
(50, 46)
-> Request 4
943
(3, 3, 2)
3
(58, 45)
-> Request 5
1161
(1, 3, 2)
3
(56, 71)
-> Request 6
1270
(3, 2, 1)
2
(14, 23)
-> Request 7
1373
(2, 3, 2)
1
(8, 23)
--> Day : 1
-> Request 0
332
(4, 2, 2)
2
(45, 41)
-> Request 1
451
(1, 3, 2)
1
(8, 69)
-> Request 2
720
(3, 3, 2)
3
(8, 10)
-> Request 3
1348
(2, 3, 1)
3
(60, 27)
-> Request 4
1388
(2, 3, 2)
2
(65, 76)
--> Day : 2
-> Request 0
35
(3, 3, 2)
1
(78, 79)
-> Request 1
616
(3, 2, 1)
1
(54, 62)
-> Request 2
821
(3, 2, 2)
1
(38, 37)
-> Request 3
1230
(4, 1, 1)
2
(79, 17)
-> Request 4
1353
(2, 2, 2)
1
(20, 33)
-> Request 5
1378
(4, 2, 2)
2
(68, 1)
--> Day : 3
-> Request 0
394
(3, 2, 1)
2
(51, 38)
-> Request 1
951
(2, 3, 1)
3
(55, 65)
-> Request 2
953
(3, 2, 2)
1
(68, 11)
-> Request 3
1096
(1, 3, 2)
2
(17, 22)
-> Request 4
1173
(3, 3, 2)
2
(49, 35)
--> Day : 4
-> Request 0
675
(2, 2, 2)
1
(64, 68)
-> Request 1
810
(1, 3, 1)
3
(26, 32)
-> Request 2
859
(3, 2, 2)
1
(9, 24)
---> Week : 15
--> Day : 0
-> Request 0
415
(2, 1, 2)
2
(36, 1)
-> Request 1
747
(2, 2, 2)
1
(35, 78)
-> Request 2
1130
(3, 1, 2)
1
(7, 8)
--> Day : 1
-> Request 0
127
(4, 1, 2)
2
(54, 28)
-> Request 1
441
(3, 2, 1)
1
(69, 11)
-> Request 2
1301
(1, 1, 1)
3
(51, 32)
--> Day : 2
-> Request 0
275
(3, 3, 1)
3
(59, 25)
-> Request 1
278
(3, 1, 2)
1
(64, 57)
-> Request 2
305
(1, 1, 1)
3
(54, 37)
-> Request 3
723
(2, 1, 2)
2
(61, 74)
-> Request 4
758
(4, 3, 1)
3
(48, 33)
-> Request 5
805
(3, 2, 2)
2
(35, 36)
-> Request 6
1065
(3, 1, 1)
2
(43, 30)
--> Day : 3
-> Request 0
485
(1, 1, 2)
1
(64, 74)
-> Request 1
568
(2, 2, 2)
3
(45, 45)
-> Request 2
1026
(1, 3, 1)
3
(12, 27)
-> Request 3
1074
(3, 2, 1)
2
(45, 35)
-> Request 4
1349
(4, 1, 2)
1
(76, 51)
-> Request 5
1389
(1, 2, 2)
3
(58, 64)
--> Day : 4
---> Week : 16
--> Day : 0
-> Request 0
163
(2, 2, 1)
1
(63, 74)
-> Request 1
212
(2, 2, 2)
1
(7, 58)
-> Request 2
853
(4, 1, 1)
2
(52, 33)
-> Request 3
999
(2, 1, 1)
3
(59, 69)
-> Request 4
1060
(2, 3, 2)
3
(64, 59)
--> Day : 1
-> Request 0
724
(1, 1, 2)
1
(61, 3)
-> Request 1
1144
(4, 3, 2)
1
(51, 41)
-> Request 2
1401
(3, 1, 2)
2
(56, 44)
--> Day : 2
-> Request 0
88
(4, 3, 1)
2
(21, 43)
-> Request 1
792
(2, 2, 2)
2
(62, 68)
-> Request 2
990
(3, 3, 1)
2
(62, 41)
-> Request 3
1008
(3, 2, 1)
3
(62, 75)
-> Request 4
1056
(1, 3, 2)
1
(57, 44)
-> Request 5
1201
(1, 1, 2)
2
(50, 49)
-> Request 6
1310
(1, 2, 1)
2
(59, 50)
-> Request 7
1431
(2, 1, 1)
2
(8, 27)
--> Day : 3
-> Request 0
99
(4, 1, 1)
1
(32, 27)
-> Request 1
158
(1, 1, 2)
1
(61, 29)
-> Request 2
502
(3, 1, 2)
1
(10, 22)
-> Request 3
689
(3, 3, 1)
1
(0, 69)
-> Request 4
1339
(2, 3, 2)
1
(54, 29)
--> Day : 4
-> Request 0
96
(4, 1, 2)
1
(17, 22)
-> Request 1
676
(3, 1, 1)
1
(79, 58)
-> Request 2
1415
(2, 2, 2)
2
(44, 35)
-> Request 3
1426
(2, 3, 2)
1
(62, 30)
---> Week : 17
--> Day : 0
-> Request 0
384
(1, 1, 2)
3
(60, 34)
-> Request 1
401
(1, 2, 2)
2
(64, 74)
-> Request 2
677
(4, 2, 1)
2
(54, 40)
-> Request 3
787
(4, 2, 1)
2
(16, 40)
-> Request 4
1291
(3, 2, 1)
3
(75, 69)
--> Day : 1
-> Request 0
14
(3, 1, 1)
2
(8, 20)
-> Request 1
778
(4, 1, 1)
2
(8, 56)
-> Request 2
1177
(3, 2, 2)
1
(45, 42)
-> Request 3
1200
(4, 2, 1)
1
(54, 29)
--> Day : 2
-> Request 0
189
(1, 3, 1)
3
(14, 63)
-> Request 1
383
(2, 2, 1)
1
(65, 43)
-> Request 2
533
(3, 3, 2)
2
(11, 37)
-> Request 3
668
(4, 2, 2)
2
(56, 58)
-> Request 4
1290
(2, 2, 1)
2
(64, 37)
-> Request 5
1421
(2, 2, 1)
3
(56, 75)
-> Request 6
1438
(4, 3, 1)
1
(11, 55)
--> Day : 3
-> Request 0
284
(3, 3, 2)
3
(43, 41)
-> Request 1
637
(4, 1, 1)
2
(56, 51)
-> Request 2
701
(3, 3, 1)
2
(7, 21)
-> Request 3
716
(4, 2, 1)
3
(61, 64)
--> Day : 4
-> Request 0
1165
(2, 2, 1)
2
(13, 39)
-> Request 1
1202
(1, 2, 1)
3
(61, 32)
---> Week : 18
--> Day : 0
-> Request 0
127
(1, 2, 2)
2
(49, 41)
-> Request 1
519
(3, 3, 1)
2
(47, 45)
-> Request 2
712
(3, 3, 1)
3
(45, 45)
-> Request 3
1095
(1, 3, 2)
3
(34, 6)
-> Request 4
1324
(4, 3, 2)
2
(55, 45)
--> Day : 1
-> Request 0
274
(3, 3, 1)
1
(63, 71)
-> Request 1
1437
(3, 3, 1)
3
(46, 39)
--> Day : 2
-> Request 0
30
(2, 1, 2)
3
(65, 66)
-> Request 1
495
(3, 3, 1)
2
(67, 29)
-> Request 2
768
(4, 2, 1)
1
(46, 39)
-> Request 3
1226
(4, 3, 1)
3
(55, 65)
--> Day : 3
-> Request 0
412
(2, 3, 1)
2
(55, 39)
-> Request 1
806
(2, 3, 2)
1
(58, 45)
-> Request 2
889
(3, 2, 1)
3
(16, 50)
-> Request 3
1082
(1, 1, 2)
3
(38, 18)
-> Request 4
1182
(2, 1, 1)
1
(63, 16)
--> Day : 4
-> Request 0
725
(4, 1, 2)
1
(57, 64)
-> Request 1
920
(3, 3, 1)
1
(34, 0)
-> Request 2
1390
(4, 3, 1)
1
(52, 50)
---> Week : 19
--> Day : 0
-> Request 0
22
(4, 2, 2)
1
(19, 43)
-> Request 1
351
(3, 1, 2)
1
(50, 43)
-> Request 2
848
(1, 3, 1)
1
(51, 32)
-> Request 3
1278
(1, 3, 1)
2
(63, 77)
--> Day : 1
-> Request 0
604
(2, 2, 2)
1
(40, 41)
-> Request 1
856
(2, 1, 2)
2
(54, 78)
-> Request 2
934
(4, 2, 1)
1
(4, 18)
--> Day : 2
-> Request 0
298
(1, 2, 2)
3
(55, 37)
-> Request 1
343
(2, 3, 1)
2
(53, 68)
-> Request 2
381
(1, 1, 1)
2
(62, 75)
-> Request 3
723
(3, 1, 2)
3
(54, 31)
-> Request 4
762
(4, 2, 1)
1
(68, 75)
-> Request 5
861
(2, 2, 1)
3
(46, 42)
-> Request 6
1126
(3, 3, 2)
1
(54, 29)
--> Day : 3
-> Request 0
275
(1, 1, 2)
3
(48, 36)
-> Request 1
1271
(4, 3, 2)
1
(54, 32)
-> Request 2
1290
(2, 2, 1)
2
(55, 32)
--> Day : 4
-> Request 0
37
(1, 2, 1)
1
(15, 25)
