---> Week : 0
--> Day : 0
-> Request 0
259
(1, 1, 2)
2
(58, 35)
-> Request 1
384
(1, 1, 2)
2
(66, 78)
-> Request 2
387
(1, 3, 2)
3
(10, 9)
-> Request 3
679
(4, 3, 2)
2
(22, 50)
--> Day : 1
-> Request 0
902
(2, 1, 2)
3
(15, 26)
-> Request 1
923
(3, 1, 2)
1
(17, 29)
-> Request 2
971
(1, 1, 1)
3
(38, 55)
-> Request 3
1185
(3, 1, 1)
1
(59, 72)
--> Day : 2
-> Request 0
135
(1, 2, 2)
2
(59, 12)
-> Request 1
186
(1, 1, 2)
3
(14, 24)
-> Request 2
728
(3, 2, 2)
1
(46, 38)
-> Request 3
1021
(4, 3, 2)
3
(14, 69)
--> Day : 3
-> Request 0
175
(1, 3, 1)
2
(58, 68)
-> Request 1
590
(1, 1, 1)
3
(8, 26)
-> Request 2
592
(3, 2, 2)
3
(45, 29)
-> Request 3
1306
(3, 3, 2)
3
(69, 75)
--> Day : 4
-> Request 0
288
(3, 1, 1)
3
(13, 22)
---> Week : 1
--> Day : 0
-> Request 0
501
(3, 3, 1)
2
(54, 12)
-> Request 1
507
(2, 1, 1)
3
(62, 65)
-> Request 2
583
(2, 1, 2)
3
(64, 44)
-> Request 3
835
(4, 1, 2)
2
(54, 62)
-> Request 4
1071
(4, 3, 2)
2
(26, 67)
--> Day : 1
-> Request 0
34
(1, 1, 2)
1
(62, 70)
-> Request 1
201
(2, 1, 1)
1
(54, 77)
-> Request 2
261
(2, 1, 2)
2
(17, 34)
-> Request 3
440
(2, 2, 2)
3
(51, 43)
-> Request 4
899
(4, 1, 2)
2
(32, 14)
-> Request 5
990
(2, 2, 1)
3
(53, 65)
--> Day : 2
-> Request 0
373
(3, 1, 2)
1
(27, 72)
-> Request 1
634
(3, 1, 2)
1
(77, 59)
-> Request 2
699
(2, 1, 1)
2
(51, 28)
-> Request 3
1154
(4, 3, 2)
1
(61, 76)
-> Request 4
1425
(3, 3, 2)
2
(55, 27)
--> Day : 3
-> Request 0
1173
(2, 1, 2)
3
(12, 22)
--> Day : 4
-> Request 0
256
(3, 3, 2)
2
(40, 10)
-> Request 1
479
(2, 3, 1)
3
(51, 9)
-> Request 2
665
(2, 2, 1)
1
(56, 26)
-> Request 3
1102
(1, 2, 1)
3
(78, 58)
-> Request 4
1123
(2, 3, 1)
3
(13, 47)
---> Week : 2
--> Day : 0
-> Request 0
484
(1, 1, 1)
2
(56, 43)
-> Request 1
621
(1, 1, 2)
3
(47, 28)
-> Request 2
987
(1, 3, 1)
2
(58, 38)
--> Day : 1
-> Request 0
261
(1, 1, 2)
3
(60, 78)
-> Request 1
408
(1, 2, 1)
1
(46, 21)
-> Request 2
610
(1, 1, 2)
3
(5, 31)
-> Request 3
811
(1, 2, 2)
3
(60, 71)
-> Request 4
965
(2, 3, 1)
1
(66, 64)
-> Request 5
1262
(3, 1, 1)
3
(45, 37)
-> Request 6
1373
(2, 3, 1)
2
(9, 45)
--> Day : 2
-> Request 0
99
(1, 3, 2)
2
(57, 77)
-> Request 1
220
(4, 2, 2)
3
(32, 38)
-> Request 2
715
(3, 3, 2)
2
(63, 75)
-> Request 3
1372
(3, 3, 1)
2
(60, 68)
--> Day : 3
-> Request 0
1249
(3, 2, 1)
1
(67, 72)
-> Request 1
1418
(1, 2, 2)
1
(77, 13)
--> Day : 4
-> Request 0
774
(4, 2, 2)
2
(8, 54)
-> Request 1
1351
(2, 3, 2)
2
(62, 50)
---> Week : 3
--> Day : 0
-> Request 0
101
(1, 1, 1)
1
(59, 71)
-> Request 1
995
(3, 1, 1)
1
(55, 46)
-> Request 2
1284
(1, 1, 1)
2
(15, 1)
--> Day : 1
-> Request 0
715
(2, 3, 2)
3
(20, 34)
--> Day : 2
-> Request 0
106
(2, 2, 2)
2
(53, 42)
-> Request 1
397
(4, 3, 2)
2
(41, 38)
-> Request 2
512
(2, 3, 1)
1
(53, 27)
-> Request 3
580
(3, 3, 1)
2
(48, 46)
-> Request 4
1300
(4, 1, 1)
2
(47, 32)
-> Request 5
1381
(3, 1, 2)
2
(72, 6)
-> Request 6
1419
(1, 1, 2)
2
(59, 9)
--> Day : 3
-> Request 0
146
(3, 2, 1)
1
(14, 29)
-> Request 1
529
(2, 1, 1)
1
(60, 72)
-> Request 2
611
(2, 1, 2)
2
(63, 68)
-> Request 3
851
(1, 3, 1)
2
(2, 72)
-> Request 4
954
(2, 2, 2)
3
(9, 30)
-> Request 5
1146
(1, 1, 2)
1
(24, 77)
--> Day : 4
-> Request 0
32
(2, 1, 2)
3
(48, 19)
-> Request 1
110
(1, 3, 2)
2
(14, 75)
-> Request 2
237
(4, 2, 2)
1
(66, 76)
-> Request 3
706
(4, 1, 1)
1
(15, 33)
-> Request 4
808
(1, 1, 1)
2
(60, 76)
-> Request 5
1278
(4, 3, 1)
3
(48, 32)
---> Week : 4
--> Day : 0
-> Request 0
115
(2, 1, 1)
1
(44, 44)
-> Request 1
251
(3, 1, 2)
2
(3, 70)
-> Request 2
687
(2, 1, 2)
3
(61, 71)
--> Day : 1
-> Request 0
192
(4, 2, 2)
1
(52, 65)
-> Request 1
1047
(3, 1, 2)
3
(12, 24)
--> Day : 2
-> Request 0
161
(2, 3, 1)
3
(68, 26)
-> Request 1
252
(1, 2, 2)
1
(63, 79)
-> Request 2
472
(4, 2, 1)
1
(2, 52)
-> Request 3
924
(1, 1, 1)
1
(55, 67)
--> Day : 3
-> Request 0
230
(2, 3, 1)
3
(39, 54)
-> Request 1
616
(1, 3, 2)
2
(57, 27)
-> Request 2
723
(2, 1, 1)
1
(52, 42)
-> Request 3
773
(3, 3, 2)
3
(22, 57)
-> Request 4
1182
(1, 2, 1)
3
(45, 28)
-> Request 5
1342
(2, 3, 1)
2
(50, 12)
--> Day : 4
-> Request 0
357
(4, 2, 2)
2
(47, 37)
-> Request 1
615
(2, 1, 1)
3
(57, 15)
---> Week : 5
--> Day : 0
-> Request 0
137
(1, 2, 2)
1
(51, 39)
-> Request 1
506
(4, 3, 1)
2
(51, 39)
-> Request 2
807
(4, 2, 1)
1
(12, 74)
--> Day : 1
-> Request 0
61
(4, 3, 1)
3
(17, 25)
-> Request 1
262
(4, 2, 2)
1
(56, 42)
-> Request 2
274
(3, 2, 2)
1
(30, 7)
-> Request 3
843
(3, 3, 2)
1
(44, 31)
-> Request 4
1039
(4, 3, 2)
1
(67, 68)
-> Request 5
1131
(4, 2, 2)
3
(47, 33)
-> Request 6
1433
(3, 3, 2)
3
(50, 22)
--> Day : 2
-> Request 0
768
(1, 1, 1)
3
(45, 44)
-> Request 1
1246
(4, 2, 1)
1
(55, 34)
-> Request 2
1326
(1, 1, 2)
1
(24, 3)
--> Day : 3
-> Request 0
56
(3, 2, 1)
2
(18, 73)
-> Request 1
1380
(1, 1, 1)
2
(54, 78)
--> Day : 4
-> Request 0
341
(1, 1, 2)
1
(76, 42)
-> Request 1
709
(4, 1, 2)
3
(49, 31)
-> Request 2
846
(3, 1, 2)
3
(45, 27)
---> Week : 6
--> Day : 0
-> Request 0
369
(2, 1, 2)
2
(16, 29)
-> Request 1
372
(1, 2, 1)
1
(48, 28)
-> Request 2
437
(4, 3, 1)
3
(7, 52)
-> Request 3
487
(4, 2, 1)
3
(63, 68)
-> Request 4
521
(2, 1, 1)
3
(1, 67)
-> Request 5
972
(3, 3, 1)
1
(13, 24)
-> Request 6
1080
(4, 1, 2)
2
(58, 74)
-> Request 7
1428
(4, 1, 1)
2
(70, 24)
--> Day : 1
-> Request 0
615
(4, 2, 1)
2
(48, 8)
-> Request 1
1336
(3, 2, 2)
2
(74, 59)
--> Day : 2
-> Request 0
718
(1, 1, 2)
3
(52, 47)
--> Day : 3
-> Request 0
55
(2, 2, 2)
3
(77, 0)
-> Request 1
655
(4, 1, 1)
2
(76, 8)
-> Request 2
829
(2, 3, 2)
2
(67, 69)
-> Request 3
885
(1, 3, 1)
3
(55, 22)
-> Request 4
1129
(4, 2, 2)
2
(10, 72)
--> Day : 4
-> Request 0
58
(2, 1, 1)
2
(52, 45)
-> Request 1
427
(4, 2, 2)
1
(49, 36)
-> Request 2
439
(4, 3, 1)
3
(44, 57)
-> Request 3
445
(3, 2, 1)
2
(65, 76)
-> Request 4
482
(1, 3, 1)
1
(62, 30)
-> Request 5
1082
(2, 3, 1)
1
(47, 35)
-> Request 6
1275
(2, 2, 1)
2
(61, 75)
---> Week : 7
--> Day : 0
-> Request 0
489
(4, 3, 1)
2
(52, 38)
-> Request 1
824
(2, 3, 2)
1
(60, 41)
-> Request 2
856
(3, 1, 2)
3
(32, 61)
-> Request 3
1016
(4, 3, 1)
1
(15, 57)
--> Day : 1
-> Request 0
361
(2, 3, 1)
1
(20, 20)
-> Request 1
699
(1, 2, 2)
1
(55, 34)
-> Request 2
1424
(4, 1, 1)
1
(48, 28)
--> Day : 2
--> Day : 3
-> Request 0
67
(4, 2, 2)
3
(45, 38)
-> Request 1
250
(4, 3, 2)
3
(8, 46)
-> Request 2
397
(2, 2, 2)
3
(59, 76)
-> Request 3
439
(1, 3, 1)
1
(47, 39)
-> Request 4
587
(3, 2, 2)
3
(55, 42)
-> Request 5
1344
(2, 2, 1)
1
(76, 58)
--> Day : 4
-> Request 0
360
(1, 3, 1)
3
(72, 41)
-> Request 1
599
(1, 2, 1)
2
(71, 8)
-> Request 2
980
(1, 2, 1)
2
(55, 40)
-> Request 3
1047
(4, 2, 1)
3
(65, 70)
---> Week : 8
--> Day : 0
-> Request 0
212
(2, 2, 2)
1
(56, 65)
-> Request 1
357
(4, 2, 1)
1
(77, 4)
-> Request 2
386
(3, 1, 2)
2
(11, 71)
-> Request 3
619
(1, 3, 2)
2
(61, 78)
-> Request 4
1227
(2, 2, 2)
1
(11, 5)
--> Day : 1
-> Request 0
15
(4, 3, 2)
3
(59, 68)
-> Request 1
136
(3, 1, 2)
1
(35, 39)
-> Request 2
722
(1, 1, 2)
3
(9, 20)
-> Request 3
1095
(1, 2, 2)
3
(61, 38)
-> Request 4
1218
(4, 3, 1)
1
(59, 68)
-> Request 5
1249
(3, 1, 1)
3
(44, 34)
-> Request 6
1305
(4, 1, 1)
2
(33, 35)
-> Request 7
1410
(4, 2, 2)
2
(60, 68)
-> Request 8
1439
(3, 3, 2)
3
(61, 43)
--> Day : 2
-> Request 0
286
(2, 1, 1)
2
(50, 36)
-> Request 1
598
(2, 3, 1)
1
(62, 34)
-> Request 2
1419
(3, 2, 2)
1
(50, 32)
--> Day : 3
-> Request 0
38
(4, 2, 2)
1
(43, 42)
-> Request 1
139
(3, 1, 1)
1
(57, 43)
-> Request 2
351
(3, 3, 2)
1
(4, 55)
-> Request 3
847
(3, 1, 2)
2
(40, 52)
-> Request 4
931
(4, 1, 1)
3
(13, 31)
-> Request 5
1244
(4, 1, 2)
1
(58, 74)
--> Day : 4
-> Request 0
330
(3, 1, 2)
1
(22, 49)
-> Request 1
1145
(2, 3, 2)
1
(64, 66)
-> Request 2
1412
(4, 3, 2)
2
(76, 29)
---> Week : 9
--> Day : 0
-> Request 0
120
(1, 2, 1)
1
(16, 29)
-> Request 1
556
(1, 1, 1)
1
(26, 9)
-> Request 2
588
(3, 1, 2)
3
(59, 21)
-> Request 3
1424
(4, 1, 1)
1
(62, 8)
--> Day : 1
-> Request 0
17
(4, 3, 1)
3
(28, 56)
-> Request 1
1244
(1, 2, 2)
2
(9, 26)
--> Day : 2
-> Request 0
80
(2, 2, 1)
1
(60, 65)
-> Request 1
82
(2, 2, 2)
2
(61, 53)
-> Request 2
162
(2, 2, 1)
1
(61, 70)
-> Request 3
436
(4, 3, 2)
1
(64, 69)
-> Request 4
490
(1, 3, 2)
2
(57, 72)
-> Request 5
1390
(2, 3, 2)
2
(57, 77)
--> Day : 3
-> Request 0
621
(4, 3, 2)
2
(57, 42)
-> Request 1
1371
(3, 3, 1)
3
(65, 69)
-> Request 2
1376
(3, 3, 2)
1
(61, 35)
--> Day : 4
-> Request 0
497
(4, 3, 2)
1
(19, 61)
-> Request 1
646
(3, 2, 1)
2
(43, 36)
-> Request 2
1076
(3, 2, 2)
3
(27, 22)
---> Week : 10
--> Day : 0
-> Request 0
319
(4, 3, 1)
2
(58, 77)
-> Request 1
1300
(3, 3, 1)
1
(66, 66)
-> Request 2
1420
(1, 3, 1)
1
(14, 34)
--> Day : 1
-> Request 0
404
(1, 3, 1)
1
(45, 58)
-> Request 1
467
(1, 1, 1)
1
(4, 13)
-> Request 2
1045
(4, 2, 1)
2
(26, 2)
-> Request 3
1420
(1, 3, 1)
2
(45, 66)
--> Day : 2
-> Request 0
713
(1, 1, 1)
3
(34, 60)
-> Request 1
895
(2, 3, 2)
2
(53, 46)
-> Request 2
1424
(1, 2, 2)
2
(64, 38)
--> Day : 3
-> Request 0
96
(3, 1, 2)
3
(13, 19)
-> Request 1
1423
(3, 2, 2)
2
(56, 27)
--> Day : 4
-> Request 0
87
(1, 3, 2)
3
(50, 28)
-> Request 1
783
(4, 3, 2)
1
(78, 37)
-> Request 2
916
(3, 2, 2)
2
(73, 66)
-> Request 3
1015
(3, 1, 1)
2
(11, 27)
-> Request 4
1313
(2, 2, 1)
2
(22, 30)
---> Week : 11
--> Day : 0
-> Request 0
769
(4, 2, 2)
3
(52, 69)
-> Request 1
989
(4, 1, 2)
1
(17, 65)
-> Request 2
1202
(3, 1, 2)
1
(62, 75)
--> Day : 1
-> Request 0
12
(3, 2, 2)
1
(45, 46)
-> Request 1
245
(4, 1, 2)
3
(43, 32)
-> Request 2
662
(4, 2, 1)
2
(53, 41)
-> Request 3
1235
(3, 1, 1)
3
(38, 5)
--> Day : 2
-> Request 0
716
(4, 3, 2)
3
(46, 40)
-> Request 1
833
(2, 1, 2)
1
(48, 34)
-> Request 2
905
(3, 1, 2)
3
(62, 35)
-> Request 3
947
(1, 3, 2)
2
(0, 32)
-> Request 4
1234
(1, 3, 1)
2
(62, 36)
-> Request 5
1344
(1, 3, 2)
1
(67, 47)
--> Day : 3
-> Request 0
779
(4, 2, 1)
1
(45, 45)
--> Day : 4
-> Request 0
147
(4, 2, 1)
2
(65, 70)
-> Request 1
302
(1, 2, 1)
1
(54, 37)
-> Request 2
318
(2, 2, 1)
1
(8, 79)
-> Request 3
327
(4, 2, 2)
3
(48, 27)
-> Request 4
367
(2, 2, 1)
2
(9, 22)
-> Request 5
628
(1, 3, 1)
1
(17, 52)
-> Request 6
938
(3, 2, 2)
3
(10, 29)
-> Request 7
1358
(4, 2, 1)
2
(18, 73)
-> Request 8
1409
(4, 3, 2)
1
(45, 51)
---> Week : 12
--> Day : 0
-> Request 0
540
(2, 2, 2)
3
(44, 52)
-> Request 1
556
(4, 1, 2)
1
(59, 67)
-> Request 2
755
(2, 1, 2)
1
(56, 35)
-> Request 3
1366
(3, 2, 2)
2
(49, 7)
--> Day : 1
-> Request 0
242
(2, 1, 1)
2
(7, 47)
-> Request 1
427
(4, 2, 1)
1
(47, 29)
-> Request 2
925
(1, 3, 1)
2
(64, 72)
-> Request 3
1046
(2, 2, 2)
1
(39, 8)
--> Day : 2
-> Request 0
92
(4, 1, 2)
3
(72, 15)
-> Request 1
926
(2, 1, 2)
3
(56, 64)
-> Request 2
1136
(4, 2, 2)
3
(13, 56)
--> Day : 3
-> Request 0
1000
(2, 3, 1)
1
(72, 51)
-> Request 1
1136
(1, 3, 1)
2
(69, 58)
-> Request 2
1139
(4, 3, 2)
3
(35, 73)
-> Request 3
1218
(1, 1, 2)
1
(6, 63)
-> Request 4
1369
(2, 3, 2)
1
(64, 75)
-> Request 5
1415
(1, 2, 1)
2
(7, 72)
--> Day : 4
-> Request 0
257
(4, 3, 1)
2
(53, 38)
-> Request 1
377
(1, 2, 1)
2
(58, 44)
-> Request 2
662
(3, 2, 2)
3
(60, 43)
---> Week : 13
--> Day : 0
-> Request 0
489
(1, 2, 1)
1
(11, 24)
--> Day : 1
-> Request 0
8
(2, 1, 2)
3
(20, 69)
-> Request 1
307
(4, 3, 1)
1
(61, 70)
-> Request 2
717
(2, 2, 1)
2
(46, 39)
-> Request 3
746
(1, 3, 1)
2
(62, 61)
-> Request 4
837
(4, 1, 1)
2
(10, 29)
-> Request 5
1399
(4, 2, 1)
1
(59, 67)
--> Day : 2
-> Request 0
200
(3, 2, 2)
2
(52, 40)
-> Request 1
446
(4, 2, 1)
3
(59, 77)
-> Request 2
589
(1, 3, 1)
2
(59, 64)
-> Request 3
608
(1, 2, 2)
2
(7, 56)
-> Request 4
779
(4, 1, 2)
2
(55, 78)
-> Request 5
788
(2, 1, 2)
3
(52, 40)
-> Request 6
897
(4, 3, 1)
1
(54, 38)
--> Day : 3
--> Day : 4
-> Request 0
87
(4, 1, 1)
2
(51, 14)
-> Request 1
618
(1, 3, 2)
2
(71, 1)
-> Request 2
686
(1, 2, 2)
1
(15, 20)
---> Week : 14
--> Day : 0
-> Request 0
655
(3, 2, 1)
3
(59, 37)
-> Request 1
704
(1, 3, 2)
3
(58, 68)
-> Request 2
1251
(4, 2, 2)
1
(46, 44)
--> Day : 1
-> Request 0
145
(1, 1, 2)
2
(63, 69)
-> Request 1
595
(2, 1, 1)
1
(15, 11)
-> Request 2
1317
(3, 2, 2)
3
(54, 73)
--> Day : 2
-> Request 0
454
(1, 3, 1)
3
(68, 12)
-> Request 1
1073
(2, 2, 2)
2
(13, 29)
-> Request 2
1174
(3, 3, 2)
1
(52, 29)
--> Day : 3
-> Request 0
116
(1, 1, 1)
3
(50, 42)
-> Request 1
158
(1, 3, 1)
3
(46, 27)
-> Request 2
240
(2, 3, 2)
3
(31, 67)
-> Request 3
346
(2, 1, 2)
1
(8, 26)
-> Request 4
660
(4, 3, 2)
3
(23, 42)
-> Request 5
816
(2, 2, 1)
3
(61, 69)
-> Request 6
870
(3, 3, 1)
3
(16, 1)
--> Day : 4
-> Request 0
276
(3, 2, 2)
2
(65, 65)
-> Request 1
926
(2, 3, 1)
2
(21, 44)
-> Request 2
1295
(2, 3, 2)
1
(79, 20)
---> Week : 15
--> Day : 0
-> Request 0
568
(4, 2, 1)
3
(10, 72)
-> Request 1
671
(1, 2, 2)
2
(63, 77)
-> Request 2
805
(1, 2, 1)
2
(54, 28)
-> Request 3
812
(3, 3, 1)
1
(18, 67)
-> Request 4
889
(4, 3, 2)
2
(75, 36)
--> Day : 1
-> Request 0
114
(1, 1, 1)
3
(45, 42)
-> Request 1
586
(3, 3, 2)
2
(52, 16)
-> Request 2
1089
(1, 2, 2)
3
(47, 30)
-> Request 3
1383
(3, 1, 2)
2
(58, 43)
--> Day : 2
-> Request 0
223
(3, 3, 1)
3
(21, 41)
--> Day : 3
-> Request 0
275
(4, 1, 2)
3
(44, 3)
-> Request 1
412
(2, 3, 1)
3
(70, 51)
-> Request 2
787
(3, 3, 2)
1
(69, 45)
-> Request 3
862
(3, 3, 1)
2
(50, 34)
-> Request 4
1058
(2, 3, 1)
1
(0, 27)
-> Request 5
1150
(1, 1, 1)
1
(66, 68)
--> Day : 4
-> Request 0
326
(1, 2, 1)
3
(58, 38)
-> Request 1
463
(1, 1, 2)
2
(40, 76)
-> Request 2
555
(4, 2, 1)
2
(46, 32)
-> Request 3
1277
(4, 1, 2)
2
(34, 29)
---> Week : 16
--> Day : 0
-> Request 0
79
(1, 1, 1)
2
(45, 34)
-> Request 1
100
(2, 3, 2)
2
(8, 78)
-> Request 2
454
(1, 2, 1)
3
(61, 68)
--> Day : 1
-> Request 0
133
(4, 2, 1)
1
(1, 29)
-> Request 1
481
(1, 3, 1)
1
(45, 65)
-> Request 2
847
(1, 1, 2)
1
(16, 16)
-> Request 3
1078
(2, 3, 1)
3
(15, 25)
--> Day : 2
-> Request 0
442
(2, 3, 1)
2
(61, 34)
-> Request 1
478
(1, 1, 2)
1
(38, 68)
-> Request 2
1019
(1, 1, 1)
2
(64, 75)
-> Request 3
1112
(2, 2, 2)
2
(50, 37)
-> Request 4
1124
(3, 1, 1)
3
(13, 64)
-> Request 5
1183
(3, 1, 2)
1
(52, 44)
--> Day : 3
-> Request 0
371
(4, 3, 1)
1
(56, 56)
-> Request 1
846
(3, 2, 2)
3
(46, 21)
-> Request 2
1214
(3, 1, 2)
2
(58, 8)
-> Request 3
1429
(2, 3, 1)
3
(75, 43)
--> Day : 4
-> Request 0
16
(1, 3, 2)
3
(7, 13)
-> Request 1
366
(2, 1, 2)
2
(74, 3)
-> Request 2
618
(3, 1, 2)
1
(58, 73)
-> Request 3
1086
(1, 3, 1)
2
(66, 78)
-> Request 4
1142
(1, 3, 2)
3
(67, 37)
-> Request 5
1161
(3, 2, 1)
2
(54, 46)
-> Request 6
1187
(2, 3, 1)
2
(52, 66)
-> Request 7
1400
(3, 3, 2)
3
(67, 34)
---> Week : 17
--> Day : 0
-> Request 0
64
(4, 1, 1)
2
(68, 76)
-> Request 1
86
(2, 3, 2)
3
(46, 29)
-> Request 2
971
(1, 2, 2)
2
(58, 36)
-> Request 3
1014
(4, 1, 1)
3
(60, 28)
--> Day : 1
-> Request 0
426
(1, 3, 1)
1
(60, 27)
-> Request 1
625
(1, 2, 1)
1
(58, 75)
-> Request 2
998
(1, 3, 1)
1
(32, 28)
-> Request 3
1029
(3, 1, 2)
1
(52, 5)
-> Request 4
1377
(4, 2, 2)
2
(52, 42)
--> Day : 2
-> Request 0
123
(1, 3, 2)
1
(34, 31)
-> Request 1
443
(3, 3, 1)
1
(54, 38)
-> Request 2
868
(3, 2, 2)
2
(47, 39)
-> Request 3
1155
(2, 1, 2)
1
(44, 39)
--> Day : 3
-> Request 0
461
(3, 1, 1)
2
(42, 14)
-> Request 1
529
(2, 1, 1)
2
(40, 2)
-> Request 2
985
(4, 2, 1)
1
(56, 40)
-> Request 3
1147
(2, 3, 1)
3
(57, 68)
-> Request 4
1400
(1, 2, 2)
1
(58, 38)
--> Day : 4
-> Request 0
149
(4, 2, 2)
1
(41, 74)
-> Request 1
210
(4, 1, 2)
3
(15, 34)
-> Request 2
410
(4, 3, 1)
1
(4, 46)
-> Request 3
1248
(1, 3, 2)
3
(10, 16)
---> Week : 18
--> Day : 0
-> Request 0
129
(3, 3, 1)
2
(49, 45)
-> Request 1
544
(2, 2, 2)
3
(55, 29)
-> Request 2
894
(2, 1, 1)
3
(57, 37)
-> Request 3
1122
(1, 2, 2)
3
(10, 23)
-> Request 4
1158
(3, 3, 1)
3
(49, 78)
-> Request 5
1217
(4, 2, 1)
2
(53, 70)
-> Request 6
1238
(1, 1, 1)
2
(70, 41)
--> Day : 1
-> Request 0
25
(2, 3, 1)
2
(20, 13)
-> Request 1
203
(2, 1, 1)
2
(76, 18)
-> Request 2
1129
(1, 2, 2)
1
(59, 58)
--> Day : 2
-> Request 0
201
(4, 1, 2)
1
(55, 40)
-> Request 1
1045
(2, 1, 2)
1
(20, 20)
-> Request 2
1178
(1, 3, 1)
1
(55, 70)
--> Day : 3
-> Request 0
8
(2, 1, 2)
3
(48, 8)
-> Request 1
511
(3, 3, 1)
3
(65, 67)
--> Day : 4
-> Request 0
137
(1, 3, 2)
1
(6, 17)
-> Request 1
223
(3, 1, 2)
1
(67, 78)
-> Request 2
942
(3, 3, 2)
3
(66, 5)
-> Request 3
975
(3, 3, 1)
2
(46, 29)
-> Request 4
980
(1, 2, 1)
1
(41, 13)
-> Request 5
1081
(1, 3, 2)
2
(7, 28)
-> Request 6
1397
(1, 3, 2)
1
(65, 67)
---> Week : 19
--> Day : 0
-> Request 0
110
(2, 1, 1)
1
(62, 10)
-> Request 1
403
(2, 1, 1)
3
(59, 52)
-> Request 2
1284
(4, 2, 1)
1
(66, 70)
--> Day : 1
-> Request 0
21
(4, 1, 2)
3
(55, 78)
-> Request 1
633
(3, 3, 2)
1
(47, 64)
--> Day : 2
-> Request 0
805
(2, 2, 2)
3
(58, 41)
-> Request 1
892
(2, 1, 2)
3
(31, 28)
-> Request 2
1023
(2, 2, 1)
1
(52, 37)
--> Day : 3
-> Request 0
207
(1, 1, 1)
1
(48, 41)
-> Request 1
523
(3, 2, 2)
1
(1, 11)
-> Request 2
827
(1, 1, 1)
3
(58, 69)
-> Request 3
1350
(1, 1, 1)
2
(58, 33)
--> Day : 4
-> Request 0
129
(3, 1, 1)
1
(55, 67)
-> Request 1
327
(3, 2, 1)
2
(51, 41)
-> Request 2
619
(2, 2, 2)
3
(52, 42)
-> Request 3
623
(2, 3, 1)
2
(44, 9)
-> Request 4
1386
(3, 1, 2)
2
(15, 65)
