---> Week : 0
--> Day : 0
-> Request 0
196
(1, 1, 2)
2
(8, 22)
-> Request 1
272
(2, 1, 2)
2
(76, 79)
-> Request 2
1246
(4, 3, 1)
3
(59, 41)
--> Day : 1
-> Request 0
194
(1, 3, 2)
2
(42, 52)
-> Request 1
324
(1, 3, 1)
2
(10, 70)
-> Request 2
426
(4, 2, 1)
2
(31, 78)
-> Request 3
1051
(4, 2, 2)
2
(50, 37)
-> Request 4
1159
(3, 1, 2)
1
(63, 75)
--> Day : 2
-> Request 0
727
(4, 3, 2)
3
(62, 46)
-> Request 1
878
(3, 3, 2)
3
(65, 65)
-> Request 2
1439
(4, 2, 1)
1
(62, 66)
--> Day : 3
-> Request 0
308
(1, 3, 2)
2
(71, 75)
-> Request 1
349
(1, 3, 2)
1
(63, 4)
-> Request 2
614
(4, 3, 1)
1
(21, 2)
-> Request 3
920
(1, 2, 1)
1
(11, 21)
-> Request 4
1214
(1, 2, 1)
3
(49, 76)
-> Request 5
1273
(3, 3, 2)
2
(36, 29)
-> Request 6
1382
(4, 1, 2)
3
(47, 44)
-> Request 7
1408
(4, 1, 2)
1
(70, 73)
--> Day : 4
-> Request 0
195
(1, 3, 1)
3
(6, 46)
-> Request 1
818
(1, 2, 1)
3
(52, 27)
-> Request 2
1185
(2, 3, 1)
1
(54, 76)
-> Request 3
1185
(1, 3, 1)
3
(71, 30)
---> Week : 1
--> Day : 0
-> Request 0
572
(4, 1, 2)
2
(59, 27)
-> Request 1
670
(3, 1, 1)
1
(60, 46)
-> Request 2
718
(2, 1, 2)
2
(55, 45)
-> Request 3
756
(4, 2, 2)
1
(55, 68)
-> Request 4
938
(2, 1, 1)
3
(54, 73)
--> Day : 1
-> Request 0
491
(1, 2, 2)
1
(38, 18)
--> Day : 2
-> Request 0
642
(2, 2, 1)
2
(64, 74)
-> Request 1
890
(4, 2, 2)
1
(31, 5)
-> Request 2
1015
(2, 3, 2)
2
(50, 37)
--> Day : 3
-> Request 0
251
(1, 1, 2)
1
(34, 17)
-> Request 1
308
(2, 3, 1)
3
(45, 37)
-> Request 2
463
(2, 2, 2)
2
(12, 41)
-> Request 3
584
(1, 3, 2)
3
(15, 36)
-> Request 4
886
(2, 3, 2)
3
(48, 44)
-> Request 5
1150
(4, 1, 1)
3
(47, 28)
-> Request 6
1196
(2, 3, 2)
3
(36, 1)
-> Request 7
1203
(1, 3, 1)
3
(54, 28)
--> Day : 4
-> Request 0
1327
(2, 1, 2)
2
(52, 61)
---> Week : 2
--> Day : 0
-> Request 0
378
(3, 3, 1)
1
(78, 76)
-> Request 1
378
(1, 1, 2)
1
(28, 56)
-> Request 2
433
(3, 3, 2)
2
(4, 66)
-> Request 3
580
(2, 2, 1)
3
(61, 72)
-> Request 4
601
(4, 3, 2)
1
(76, 48)
-> Request 5
809
(3, 3, 2)
2
(35, 10)
--> Day : 1
-> Request 0
120
(3, 3, 2)
1
(49, 40)
-> Request 1
409
(4, 2, 2)
2
(53, 16)
-> Request 2
692
(1, 2, 2)
2
(55, 34)
-> Request 3
729
(2, 1, 1)
2
(59, 71)
-> Request 4
1317
(2, 1, 2)
3
(62, 33)
-> Request 5
1325
(4, 1, 1)
3
(53, 73)
-> Request 6
1406
(1, 3, 2)
2
(43, 50)
--> Day : 2
-> Request 0
26
(4, 1, 2)
3
(6, 77)
-> Request 1
40
(1, 2, 2)
3
(58, 76)
-> Request 2
46
(3, 2, 2)
1
(48, 45)
-> Request 3
189
(2, 3, 2)
3
(53, 32)
-> Request 4
251
(4, 1, 1)
3
(8, 26)
-> Request 5
323
(1, 1, 2)
2
(14, 25)
-> Request 6
1028
(4, 2, 2)
2
(56, 73)
-> Request 7
1158
(2, 3, 1)
1
(11, 26)
--> Day : 3
-> Request 0
184
(2, 2, 2)
3
(72, 73)
-> Request 1
551
(2, 3, 2)
3
(73, 20)
--> Day : 4
-> Request 0
89
(4, 2, 1)
1
(62, 72)
-> Request 1
348
(1, 3, 2)
1
(28, 26)
-> Request 2
524
(3, 1, 2)
2
(23, 65)
-> Request 3
866
(1, 1, 2)
3
(15, 28)
---> Week : 3
--> Day : 0
-> Request 0
20
(4, 2, 2)
2
(49, 36)
-> Request 1
213
(2, 2, 1)
1
(44, 34)
-> Request 2
349
(3, 2, 2)
1
(60, 34)
-> Request 3
723
(2, 2, 2)
2
(59, 46)
-> Request 4
868
(3, 2, 2)
3
(37, 42)
-> Request 5
1082
(2, 2, 2)
3
(14, 21)
-> Request 6
1104
(1, 2, 2)
2
(70, 7)
-> Request 7
1433
(2, 3, 2)
3
(46, 31)
--> Day : 1
-> Request 0
385
(4, 1, 2)
3
(61, 72)
-> Request 1
463
(1, 1, 1)
3
(8, 21)
-> Request 2
629
(2, 3, 2)
3
(12, 28)
-> Request 3
1305
(1, 3, 2)
3
(38, 23)
-> Request 4
1327
(4, 2, 1)
3
(67, 60)
--> Day : 2
-> Request 0
175
(4, 2, 1)
2
(5, 59)
-> Request 1
379
(4, 1, 1)
1
(62, 5)
-> Request 2
447
(3, 1, 1)
3
(14, 61)
-> Request 3
492
(3, 1, 2)
3
(66, 72)
-> Request 4
710
(3, 3, 1)
1
(63, 67)
-> Request 5
831
(2, 3, 1)
3
(33, 52)
-> Request 6
1044
(1, 1, 2)
2
(62, 33)
-> Request 7
1321
(1, 3, 2)
3
(28, 27)
--> Day : 3
-> Request 0
647
(4, 1, 1)
3
(30, 3)
-> Request 1
1046
(4, 2, 1)
2
(37, 32)
-> Request 2
1120
(1, 2, 2)
2
(55, 40)
--> Day : 4
-> Request 0
443
(1, 2, 2)
1
(45, 34)
-> Request 1
643
(2, 3, 2)
2
(77, 60)
-> Request 2
1130
(1, 1, 2)
1
(1, 70)
---> Week : 4
--> Day : 0
-> Request 0
359
(4, 1, 2)
3
(56, 36)
-> Request 1
786
(3, 3, 1)
3
(29, 44)
-> Request 2
1254
(3, 3, 1)
3
(54, 31)
-> Request 3
1285
(2, 3, 1)
2
(32, 10)
-> Request 4
1439
(4, 1, 1)
2
(55, 37)
--> Day : 1
-> Request 0
186
(4, 2, 1)
1
(58, 74)
-> Request 1
685
(3, 1, 1)
1
(34, 19)
-> Request 2
959
(2, 3, 1)
3
(62, 75)
--> Day : 2
-> Request 0
201
(4, 1, 2)
3
(47, 42)
-> Request 1
226
(2, 2, 2)
2
(54, 75)
-> Request 2
304
(2, 1, 2)
2
(48, 32)
-> Request 3
461
(4, 2, 2)
1
(46, 41)
-> Request 4
507
(2, 2, 2)
3
(73, 15)
-> Request 5
1073
(3, 2, 1)
2
(53, 32)
--> Day : 3
-> Request 0
102
(2, 2, 1)
1
(64, 33)
-> Request 1
1228
(3, 3, 2)
3
(3, 40)
--> Day : 4
-> Request 0
246
(3, 3, 1)
2
(62, 47)
-> Request 1
273
(1, 1, 2)
3
(21, 27)
-> Request 2
530
(2, 3, 2)
1
(25, 35)
-> Request 3
560
(2, 2, 1)
3
(31, 3)
---> Week : 5
--> Day : 0
-> Request 0
90
(2, 2, 1)
2
(61, 74)
-> Request 1
130
(1, 1, 2)
2
(17, 20)
-> Request 2
271
(2, 1, 2)
3
(52, 41)
-> Request 3
321
(3, 3, 1)
3
(68, 22)
-> Request 4
618
(2, 2, 1)
2
(61, 29)
-> Request 5
982
(4, 2, 2)
1
(56, 65)
-> Request 6
1261
(2, 2, 1)
2
(37, 10)
--> Day : 1
-> Request 0
291
(1, 2, 1)
3
(66, 71)
-> Request 1
369
(4, 3, 2)
2
(45, 44)
-> Request 2
1159
(1, 2, 2)
2
(67, 43)
-> Request 3
1413
(4, 3, 2)
2
(17, 25)
--> Day : 2
-> Request 0
463
(2, 2, 2)
3
(0, 22)
--> Day : 3
-> Request 0
168
(1, 3, 2)
1
(8, 52)
-> Request 1
334
(3, 2, 1)
3
(41, 17)
-> Request 2
596
(1, 2, 1)
1
(53, 41)
--> Day : 4
-> Request 0
1200
(1, 2, 1)
2
(47, 79)
-> Request 1
1337
(2, 1, 1)
3
(29, 49)
---> Week : 6
--> Day : 0
-> Request 0
332
(3, 2, 1)
1
(61, 40)
-> Request 1
958
(1, 2, 1)
2
(60, 29)
-> Request 2
1000
(2, 1, 2)
2
(48, 44)
-> Request 3
1107
(4, 3, 1)
2
(60, 52)
-> Request 4
1328
(2, 2, 2)
2
(58, 72)
-> Request 5
1433
(3, 3, 1)
3
(48, 45)
--> Day : 1
-> Request 0
134
(4, 2, 2)
3
(44, 42)
-> Request 1
157
(1, 1, 2)
3
(1, 45)
-> Request 2
329
(1, 3, 2)
1
(14, 22)
-> Request 3
1037
(4, 3, 2)
3
(16, 43)
--> Day : 2
-> Request 0
324
(1, 2, 2)
3
(9, 26)
-> Request 1
465
(2, 1, 1)
1
(40, 66)
-> Request 2
559
(4, 2, 2)
2
(14, 69)
-> Request 3
882
(4, 3, 1)
1
(78, 78)
-> Request 4
1094
(2, 1, 2)
2
(59, 54)
-> Request 5
1099
(4, 1, 1)
1
(27, 71)
--> Day : 3
-> Request 0
177
(3, 2, 1)
3
(10, 42)
-> Request 1
468
(3, 2, 2)
2
(13, 75)
-> Request 2
1134
(3, 1, 2)
1
(60, 16)
--> Day : 4
-> Request 0
230
(2, 1, 2)
1
(53, 71)
-> Request 1
369
(1, 1, 1)
2
(47, 34)
-> Request 2
1228
(3, 3, 2)
2
(63, 71)
-> Request 3
1238
(4, 1, 2)
1
(15, 22)
-> Request 4
1360
(2, 2, 1)
1
(13, 18)
-> Request 5
1388
(4, 3, 2)
3
(73, 37)
-> Request 6
1406
(3, 1, 1)
2
(49, 1)
-> Request 7
1411
(1, 1, 2)
3
(60, 57)
---> Week : 7
--> Day : 0
-> Request 0
241
(1, 1, 2)
3
(59, 40)
--> Day : 1
-> Request 0
1030
(3, 1, 2)
2
(74, 32)
-> Request 1
1134
(1, 1, 1)
1
(56, 69)
-> Request 2
1136
(2, 2, 1)
1
(58, 7)
-> Request 3
1335
(3, 2, 2)
2
(68, 70)
--> Day : 2
-> Request 0
272
(1, 3, 2)
3
(30, 57)
-> Request 1
682
(1, 2, 2)
2
(14, 5)
-> Request 2
1004
(1, 2, 2)
3
(58, 36)
-> Request 3
1243
(3, 1, 2)
2
(21, 8)
--> Day : 3
-> Request 0
69
(3, 3, 1)
2
(61, 45)
-> Request 1
864
(2, 1, 2)
2
(62, 39)
-> Request 2
872
(3, 2, 1)
1
(61, 77)
-> Request 3
1201
(3, 1, 1)
2
(16, 20)
--> Day : 4
-> Request 0
318
(3, 1, 2)
1
(16, 22)
-> Request 1
1139
(4, 1, 2)
2
(12, 79)
-> Request 2
1177
(2, 2, 2)
2
(64, 72)
-> Request 3
1201
(2, 1, 1)
2
(55, 35)
---> Week : 8
--> Day : 0
-> Request 0
422
(1, 2, 1)
3
(78, 72)
-> Request 1
935
(4, 3, 1)
1
(45, 42)
-> Request 2
1164
(1, 2, 2)
1
(60, 36)
--> Day : 1
-> Request 0
511
(2, 1, 1)
1
(59, 67)
-> Request 1
699
(1, 2, 1)
1
(6, 43)
-> Request 2
983
(2, 3, 2)
2
(2, 46)
-> Request 3
1334
(1, 1, 2)
3
(44, 55)
--> Day : 2
-> Request 0
129
(1, 1, 1)
3
(53, 45)
-> Request 1
675
(1, 2, 1)
1
(17, 25)
-> Request 2
1229
(4, 3, 2)
1
(58, 14)
--> Day : 3
-> Request 0
886
(1, 1, 2)
1
(56, 78)
-> Request 1
961
(2, 1, 2)
3
(50, 37)
--> Day : 4
-> Request 0
418
(1, 2, 1)
2
(6, 23)
-> Request 1
428
(2, 2, 2)
1
(25, 41)
-> Request 2
735
(1, 3, 2)
3
(62, 39)
-> Request 3
1370
(3, 3, 1)
2
(20, 15)
---> Week : 9
--> Day : 0
-> Request 0
107
(3, 2, 1)
1
(57, 36)
-> Request 1
129
(4, 1, 2)
1
(55, 71)
-> Request 2
827
(4, 2, 1)
1
(77, 46)
-> Request 3
1177
(1, 1, 2)
1
(52, 76)
--> Day : 1
-> Request 0
165
(4, 3, 2)
1
(54, 79)
-> Request 1
900
(3, 2, 1)
1
(56, 67)
-> Request 2
1323
(4, 3, 1)
1
(47, 53)
--> Day : 2
-> Request 0
386
(4, 3, 2)
1
(61, 15)
-> Request 1
488
(4, 2, 2)
1
(2, 8)
-> Request 2
518
(3, 3, 1)
2
(20, 9)
-> Request 3
616
(4, 2, 2)
1
(43, 44)
-> Request 4
860
(1, 1, 2)
1
(40, 18)
-> Request 5
1182
(2, 2, 2)
1
(51, 9)
--> Day : 3
-> Request 0
57
(4, 3, 1)
2
(59, 31)
-> Request 1
364
(1, 1, 1)
1
(55, 31)
-> Request 2
995
(3, 1, 1)
2
(32, 66)
--> Day : 4
-> Request 0
353
(1, 3, 1)
1
(58, 36)
-> Request 1
763
(3, 2, 2)
2
(64, 58)
-> Request 2
764
(2, 3, 1)
2
(63, 77)
-> Request 3
764
(1, 2, 1)
3
(55, 65)
-> Request 4
770
(4, 2, 1)
2
(52, 31)
---> Week : 10
--> Day : 0
-> Request 0
28
(2, 1, 1)
2
(52, 46)
-> Request 1
410
(3, 3, 1)
3
(46, 40)
-> Request 2
540
(2, 3, 2)
2
(34, 61)
-> Request 3
907
(3, 1, 2)
1
(13, 20)
-> Request 4
1241
(3, 1, 1)
2
(53, 34)
-> Request 5
1357
(3, 3, 1)
3
(77, 4)
--> Day : 1
-> Request 0
756
(4, 1, 1)
2
(21, 5)
-> Request 1
891
(2, 1, 1)
2
(11, 77)
--> Day : 2
-> Request 0
46
(3, 3, 2)
3
(4, 25)
-> Request 1
256
(2, 1, 2)
2
(56, 74)
-> Request 2
412
(2, 2, 2)
1
(70, 63)
-> Request 3
433
(2, 1, 1)
2
(2, 31)
-> Request 4
445
(1, 1, 1)
1
(43, 30)
-> Request 5
564
(2, 1, 2)
1
(74, 47)
-> Request 6
771
(1, 3, 2)
1
(44, 38)
-> Request 7
961
(4, 1, 2)
3
(58, 67)
-> Request 8
1003
(3, 3, 2)
1
(49, 50)
--> Day : 3
-> Request 0
95
(4, 3, 2)
2
(58, 46)
-> Request 1
145
(4, 2, 1)
2
(59, 28)
-> Request 2
287
(1, 3, 1)
1
(48, 45)
-> Request 3
917
(2, 3, 2)
1
(57, 66)
-> Request 4
1331
(4, 3, 1)
3
(62, 78)
--> Day : 4
-> Request 0
458
(3, 3, 2)
2
(32, 14)
-> Request 1
583
(4, 2, 2)
2
(14, 25)
-> Request 2
1040
(1, 2, 2)
2
(48, 45)
-> Request 3
1251
(3, 2, 2)
1
(67, 52)
-> Request 4
1356
(4, 2, 1)
2
(56, 75)
-> Request 5
1380
(4, 1, 2)
3
(41, 6)
---> Week : 11
--> Day : 0
-> Request 0
108
(1, 2, 2)
3
(54, 65)
-> Request 1
145
(1, 1, 1)
3
(60, 33)
-> Request 2
246
(4, 3, 1)
3
(19, 26)
-> Request 3
449
(3, 1, 1)
3
(48, 29)
-> Request 4
557
(3, 1, 2)
3
(16, 59)
-> Request 5
1003
(3, 1, 2)
1
(25, 9)
--> Day : 1
-> Request 0
114
(4, 1, 1)
2
(73, 78)
-> Request 1
193
(3, 1, 2)
3
(52, 45)
-> Request 2
586
(4, 1, 2)
2
(54, 38)
-> Request 3
1228
(2, 1, 1)
1
(59, 43)
--> Day : 2
-> Request 0
171
(3, 1, 2)
1
(10, 24)
-> Request 1
773
(4, 2, 2)
3
(58, 40)
--> Day : 3
-> Request 0
53
(3, 1, 2)
1
(59, 66)
-> Request 1
164
(2, 2, 2)
1
(6, 32)
-> Request 2
315
(1, 1, 1)
1
(59, 69)
-> Request 3
487
(1, 2, 1)
3
(48, 41)
-> Request 4
1107
(3, 3, 1)
1
(33, 58)
--> Day : 4
-> Request 0
1024
(4, 2, 1)
1
(44, 37)
-> Request 1
1126
(3, 2, 1)
2
(68, 60)
-> Request 2
1419
(2, 3, 2)
1
(33, 12)
---> Week : 12
--> Day : 0
-> Request 0
195
(4, 1, 2)
2
(47, 45)
-> Request 1
376
(4, 2, 1)
3
(39, 28)
-> Request 2
464
(2, 2, 1)
1
(47, 40)
-> Request 3
554
(2, 3, 1)
3
(11, 26)
-> Request 4
653
(3, 1, 2)
1
(61, 72)
-> Request 5
763
(2, 2, 1)
3
(56, 34)
-> Request 6
887
(1, 1, 1)
3
(52, 40)
-> Request 7
960
(3, 1, 2)
1
(52, 31)
-> Request 8
1023
(2, 3, 1)
3
(42, 65)
-> Request 9
1266
(1, 3, 1)
2
(59, 63)
-> Request 10
1353
(4, 2, 2)
3
(61, 74)
--> Day : 1
-> Request 0
560
(4, 3, 2)
1
(34, 78)
-> Request 1
898
(1, 2, 1)
1
(59, 74)
-> Request 2
902
(4, 2, 2)
3
(60, 69)
-> Request 3
1180
(2, 3, 2)
3
(59, 68)
-> Request 4
1348
(4, 1, 1)
3
(74, 60)
-> Request 5
1394
(2, 3, 2)
2
(43, 35)
--> Day : 2
-> Request 0
197
(4, 1, 2)
1
(59, 75)
-> Request 1
1335
(3, 3, 2)
2
(53, 73)
-> Request 2
1349
(1, 3, 2)
2
(54, 68)
--> Day : 3
-> Request 0
733
(2, 3, 1)
3
(63, 70)
-> Request 1
1126
(2, 2, 2)
2
(54, 78)
-> Request 2
1335
(2, 3, 2)
3
(46, 27)
--> Day : 4
-> Request 0
33
(4, 1, 1)
3
(9, 24)
-> Request 1
912
(3, 1, 1)
2
(12, 8)
---> Week : 13
--> Day : 0
-> Request 0
194
(2, 3, 1)
1
(55, 69)
-> Request 1
279
(4, 1, 2)
3
(43, 44)
-> Request 2
400
(1, 3, 2)
3
(55, 4)
-> Request 3
448
(1, 1, 2)
3
(0, 62)
-> Request 4
726
(4, 2, 1)
3
(16, 50)
-> Request 5
812
(2, 3, 1)
1
(63, 70)
-> Request 6
1411
(3, 2, 1)
2
(11, 25)
--> Day : 1
-> Request 0
44
(3, 2, 1)
1
(37, 56)
-> Request 1
231
(3, 1, 2)
1
(9, 20)
-> Request 2
856
(2, 3, 2)
1
(43, 69)
-> Request 3
1379
(2, 3, 2)
3
(73, 12)
--> Day : 2
-> Request 0
111
(2, 1, 2)
3
(59, 37)
-> Request 1
777
(3, 2, 2)
1
(47, 68)
-> Request 2
1185
(4, 2, 1)
2
(44, 1)
-> Request 3
1432
(2, 1, 1)
1
(61, 77)
--> Day : 3
-> Request 0
393
(3, 1, 1)
2
(13, 4)
-> Request 1
1112
(1, 3, 1)
1
(33, 31)
-> Request 2
1245
(1, 1, 1)
2
(48, 35)
--> Day : 4
-> Request 0
133
(2, 2, 1)
2
(39, 61)
-> Request 1
785
(2, 3, 2)
3
(62, 39)
-> Request 2
942
(4, 1, 1)
2
(23, 2)
-> Request 3
1142
(4, 3, 2)
1
(11, 21)
---> Week : 14
--> Day : 0
-> Request 0
7
(3, 2, 1)
2
(9, 45)
-> Request 1
538
(3, 1, 2)
1
(47, 20)
-> Request 2
1219
(4, 1, 2)
3
(60, 46)
-> Request 3
1261
(3, 2, 1)
3
(13, 6)
-> Request 4
1312
(3, 1, 2)
2
(66, 73)
-> Request 5
1424
(3, 2, 2)
1
(44, 2)
--> Day : 1
-> Request 0
8
(2, 1, 1)
2
(53, 72)
-> Request 1
11
(2, 1, 1)
2
(45, 31)
-> Request 2
175
(2, 2, 1)
2
(44, 42)
--> Day : 2
-> Request 0
942
(3, 1, 2)
3
(10, 68)
-> Request 1
1208
(3, 1, 2)
1
(54, 38)
-> Request 2
1311
(1, 3, 2)
1
(21, 75)
--> Day : 3
-> Request 0
533
(2, 1, 1)
1
(24, 72)
--> Day : 4
-> Request 0
258
(4, 2, 2)
2
(66, 76)
-> Request 1
267
(2, 2, 2)
1
(48, 29)
-> Request 2
480
(4, 1, 2)
2
(21, 38)
-> Request 3
956
(3, 2, 1)
1
(14, 35)
-> Request 4
957
(2, 1, 1)
1
(24, 24)
-> Request 5
1062
(4, 2, 2)
2
(55, 33)
-> Request 6
1143
(4, 3, 2)
2
(46, 61)
-> Request 7
1178
(2, 3, 2)
2
(50, 3)
---> Week : 15
--> Day : 0
-> Request 0
454
(1, 1, 1)
1
(54, 17)
-> Request 1
917
(4, 1, 1)
3
(42, 40)
-> Request 2
1378
(1, 3, 1)
2
(59, 42)
--> Day : 1
-> Request 0
326
(3, 2, 1)
1
(59, 72)
-> Request 1
433
(2, 3, 1)
2
(51, 39)
-> Request 2
468
(2, 2, 1)
1
(45, 69)
-> Request 3
787
(3, 3, 2)
1
(55, 29)
-> Request 4
1328
(4, 1, 1)
2
(51, 16)
--> Day : 2
-> Request 0
157
(1, 1, 2)
2
(56, 40)
-> Request 1
245
(3, 2, 2)
2
(14, 47)
-> Request 2
427
(3, 3, 2)
1
(47, 46)
-> Request 3
479
(4, 2, 2)
3
(79, 56)
-> Request 4
571
(4, 1, 1)
2
(14, 32)
-> Request 5
663
(3, 1, 1)
2
(63, 27)
-> Request 6
1307
(2, 2, 2)
3
(58, 30)
--> Day : 3
-> Request 0
1025
(4, 2, 2)
2
(42, 49)
-> Request 1
1242
(2, 2, 2)
3
(38, 5)
-> Request 2
1339
(4, 3, 2)
3
(1, 31)
--> Day : 4
-> Request 0
444
(1, 2, 2)
2
(8, 23)
-> Request 1
895
(3, 2, 1)
1
(1, 75)
-> Request 2
979
(2, 2, 1)
1
(69, 19)
-> Request 3
1323
(1, 2, 2)
2
(53, 76)
---> Week : 16
--> Day : 0
-> Request 0
437
(1, 2, 1)
3
(22, 23)
-> Request 1
558
(1, 2, 2)
2
(9, 10)
-> Request 2
698
(3, 3, 1)
1
(62, 10)
-> Request 3
948
(2, 1, 1)
1
(54, 39)
-> Request 4
1019
(4, 1, 1)
2
(61, 26)
--> Day : 1
-> Request 0
364
(2, 1, 2)
1
(31, 58)
-> Request 1
840
(2, 3, 1)
2
(59, 33)
--> Day : 2
-> Request 0
65
(4, 3, 2)
2
(67, 21)
--> Day : 3
-> Request 0
481
(4, 3, 1)
1
(79, 13)
-> Request 1
1029
(3, 3, 2)
3
(46, 70)
-> Request 2
1234
(2, 3, 1)
2
(29, 51)
--> Day : 4
-> Request 0
69
(3, 1, 1)
1
(20, 4)
-> Request 1
69
(3, 1, 2)
1
(66, 78)
-> Request 2
448
(2, 3, 2)
2
(7, 0)
-> Request 3
544
(4, 2, 1)
2
(26, 74)
-> Request 4
634
(1, 2, 2)
3
(22, 79)
-> Request 5
1353
(3, 2, 1)
2
(39, 77)
-> Request 6
1390
(4, 1, 2)
2
(1, 32)
---> Week : 17
--> Day : 0
-> Request 0
333
(1, 3, 1)
3
(11, 26)
-> Request 1
443
(1, 3, 1)
3
(52, 37)
-> Request 2
950
(1, 1, 2)
2
(38, 44)
-> Request 3
1196
(2, 3, 1)
1
(17, 24)
-> Request 4
1429
(2, 2, 2)
2
(11, 21)
--> Day : 1
-> Request 0
75
(2, 2, 2)
2
(24, 52)
-> Request 1
284
(1, 2, 2)
3
(6, 24)
-> Request 2
326
(1, 3, 1)
2
(62, 74)
-> Request 3
529
(2, 3, 2)
3
(58, 6)
-> Request 4
964
(4, 2, 1)
3
(57, 41)
--> Day : 2
--> Day : 3
-> Request 0
519
(2, 2, 1)
3
(11, 14)
-> Request 1
712
(2, 1, 2)
1
(55, 27)
--> Day : 4
-> Request 0
111
(1, 2, 2)
3
(56, 75)
-> Request 1
574
(1, 2, 2)
3
(68, 42)
-> Request 2
926
(3, 1, 1)
1
(45, 31)
-> Request 3
1000
(3, 3, 2)
1
(79, 29)
---> Week : 18
--> Day : 0
-> Request 0
1139
(2, 2, 1)
1
(7, 17)
--> Day : 1
-> Request 0
20
(4, 1, 2)
1
(61, 39)
-> Request 1
41
(3, 2, 2)
3
(77, 36)
-> Request 2
422
(3, 1, 1)
1
(51, 62)
-> Request 3
594
(3, 3, 1)
1
(16, 24)
-> Request 4
674
(2, 2, 1)
3
(11, 27)
-> Request 5
937
(2, 2, 1)
3
(12, 22)
-> Request 6
1163
(1, 1, 2)
1
(41, 29)
-> Request 7
1193
(3, 3, 2)
2
(51, 46)
-> Request 8
1293
(4, 2, 1)
3
(13, 29)
--> Day : 2
--> Day : 3
-> Request 0
308
(3, 3, 2)
1
(58, 39)
-> Request 1
381
(3, 1, 2)
2
(54, 41)
-> Request 2
558
(3, 2, 1)
3
(15, 69)
-> Request 3
1369
(4, 2, 2)
2
(30, 61)
-> Request 4
1402
(3, 2, 2)
2
(78, 22)
--> Day : 4
-> Request 0
186
(4, 2, 1)
3
(54, 28)
-> Request 1
232
(3, 2, 1)
2
(53, 44)
-> Request 2
668
(4, 1, 1)
2
(60, 62)
-> Request 3
794
(3, 1, 1)
2
(58, 12)
-> Request 4
806
(4, 1, 2)
2
(7, 58)
-> Request 5
1272
(3, 2, 1)
2
(26, 62)
---> Week : 19
--> Day : 0
-> Request 0
222
(3, 1, 1)
1
(60, 73)
-> Request 1
308
(3, 3, 2)
1
(17, 20)
-> Request 2
868
(1, 1, 2)
1
(63, 7)
-> Request 3
1416
(4, 1, 1)
1
(64, 74)
--> Day : 1
-> Request 0
58
(3, 3, 2)
2
(66, 47)
--> Day : 2
-> Request 0
12
(4, 2, 2)
1
(58, 72)
-> Request 1
338
(3, 1, 1)
2
(55, 36)
-> Request 2
441
(2, 2, 2)
1
(20, 23)
-> Request 3
946
(3, 3, 2)
3
(39, 22)
-> Request 4
1026
(4, 3, 2)
3
(27, 72)
-> Request 5
1035
(2, 3, 2)
3
(6, 63)
-> Request 6
1162
(4, 3, 2)
1
(33, 59)
--> Day : 3
-> Request 0
985
(4, 2, 2)
2
(46, 69)
-> Request 1
1035
(3, 2, 1)
1
(60, 39)
--> Day : 4
-> Request 0
77
(1, 1, 2)
3
(32, 8)
-> Request 1
360
(1, 1, 1)
1
(55, 42)
-> Request 2
1051
(1, 1, 1)
2
(49, 46)
-> Request 3
1434
(4, 3, 2)
2
(9, 27)
