---> Week : 0
--> Day : 0
-> Request 0
105
(3, 3, 2)
3
(59, 64)
-> Request 1
274
(4, 3, 1)
3
(63, 33)
-> Request 2
493
(4, 1, 2)
1
(60, 31)
-> Request 3
919
(2, 1, 1)
3
(65, 74)
-> Request 4
1279
(4, 3, 1)
3
(52, 32)
-> Request 5
1387
(4, 1, 1)
3
(59, 38)
--> Day : 1
-> Request 0
852
(1, 3, 2)
2
(49, 77)
-> Request 1
944
(1, 3, 1)
2
(49, 0)
-> Request 2
1035
(4, 3, 1)
2
(5, 46)
-> Request 3
1107
(1, 3, 1)
1
(72, 75)
-> Request 4
1227
(2, 2, 1)
1
(55, 70)
-> Request 5
1228
(3, 3, 2)
2
(55, 31)
-> Request 6
1330
(4, 3, 2)
2
(44, 32)
--> Day : 2
-> Request 0
1
(3, 3, 1)
1
(57, 73)
-> Request 1
203
(3, 1, 1)
1
(60, 29)
-> Request 2
996
(1, 3, 2)
2
(52, 73)
-> Request 3
1239
(2, 1, 2)
3
(16, 25)
-> Request 4
1351
(1, 3, 2)
2
(65, 39)
--> Day : 3
-> Request 0
38
(4, 1, 1)
2
(58, 37)
-> Request 1
511
(2, 1, 2)
3
(18, 4)
-> Request 2
533
(2, 3, 2)
3
(66, 68)
-> Request 3
725
(3, 3, 1)
1
(61, 66)
--> Day : 4
-> Request 0
4
(3, 2, 1)
1
(50, 32)
-> Request 1
104
(2, 3, 1)
2
(66, 78)
-> Request 2
176
(1, 2, 2)
2
(17, 20)
-> Request 3
1196
(2, 1, 2)
1
(62, 70)
---> Week : 1
--> Day : 0
-> Request 0
911
(4, 1, 1)
1
(77, 8)
-> Request 1
962
(2, 2, 1)
1
(60, 69)
-> Request 2
974
(2, 3, 2)
1
(70, 55)
-> Request 3
1037
(1, 2, 2)
1
(60, 64)
--> Day : 1
-> Request 0
928
(1, 1, 1)
2
(49, 39)
-> Request 1
990
(2, 1, 1)
2
(57, 67)
-> Request 2
994
(3, 3, 2)
2
(65, 55)
-> Request 3
1099
(2, 1, 1)
1
(46, 33)
-> Request 4
1213
(4, 1, 2)
1
(44, 29)
--> Day : 2
-> Request 0
400
(4, 3, 1)
2
(4, 23)
-> Request 1
952
(2, 1, 2)
1
(58, 38)
-> Request 2
1086
(4, 1, 1)
1
(52, 15)
-> Request 3
1254
(4, 1, 1)
1
(39, 32)
-> Request 4
1438
(4, 1, 1)
1
(62, 39)
--> Day : 3
-> Request 0
393
(1, 1, 1)
2
(55, 72)
-> Request 1
565
(4, 2, 1)
2
(53, 29)
-> Request 2
976
(4, 2, 2)
2
(15, 72)
-> Request 3
1303
(3, 1, 2)
3
(29, 66)
--> Day : 4
-> Request 0
644
(1, 1, 2)
1
(16, 60)
---> Week : 2
--> Day : 0
-> Request 0
576
(3, 3, 1)
3
(55, 30)
-> Request 1
951
(4, 2, 2)
2
(54, 67)
-> Request 2
1148
(2, 3, 1)
1
(7, 27)
-> Request 3
1271
(3, 1, 1)
2
(43, 70)
--> Day : 1
-> Request 0
19
(4, 3, 2)
2
(62, 71)
-> Request 1
238
(2, 3, 2)
1
(6, 21)
-> Request 2
391
(4, 2, 2)
1
(19, 57)
-> Request 3
1234
(2, 2, 2)
1
(48, 9)
-> Request 4
1316
(2, 3, 2)
3
(44, 13)
--> Day : 2
-> Request 0
289
(2, 2, 1)
1
(76, 64)
-> Request 1
532
(2, 1, 2)
2
(33, 67)
-> Request 2
550
(1, 2, 1)
1
(22, 69)
-> Request 3
1028
(2, 3, 2)
3
(53, 68)
-> Request 4
1234
(4, 2, 2)
1
(17, 24)
--> Day : 3
-> Request 0
506
(1, 1, 1)
1
(50, 42)
-> Request 1
522
(4, 2, 2)
1
(10, 76)
-> Request 2
834
(1, 3, 1)
2
(56, 68)
--> Day : 4
-> Request 0
455
(2, 1, 1)
2
(14, 21)
-> Request 1
1230
(3, 3, 2)
2
(58, 45)
-> Request 2
1276
(1, 2, 2)
3
(55, 45)
---> Week : 3
--> Day : 0
-> Request 0
386
(2, 2, 2)
3
(58, 69)
-> Request 1
488
(3, 2, 1)
3
(15, 20)
-> Request 2
577
(1, 2, 2)
1
(65, 67)
-> Request 3
644
(2, 1, 2)
2
(44, 22)
-> Request 4
1147
(3, 2, 1)
2
(71, 75)
-> Request 5
1202
(1, 3, 2)
2
(60, 69)
--> Day : 1
-> Request 0
850
(1, 1, 2)
1
(53, 77)
-> Request 1
941
(2, 3, 2)
1
(24, 12)
-> Request 2
1047
(4, 3, 2)
1
(43, 27)
-> Request 3
1174
(2, 2, 2)
3
(60, 27)
-> Request 4
1266
(3, 2, 1)
3
(58, 1)
--> Day : 2
-> Request 0
627
(1, 3, 2)
3
(63, 73)
-> Request 1
1023
(1, 2, 2)
3
(52, 66)
-> Request 2
1293
(3, 2, 1)
1
(78, 38)
--> Day : 3
-> Request 0
65
(4, 3, 1)
1
(18, 57)
-> Request 1
268
(2, 2, 2)
2
(46, 28)
-> Request 2
682
(4, 3, 1)
2
(11, 63)
-> Request 3
764
(4, 3, 2)
3
(46, 46)
-> Request 4
1374
(2, 3, 1)
2
(64, 12)
--> Day : 4
-> Request 0
109
(4, 3, 1)
2
(15, 25)
-> Request 1
194
(2, 1, 1)
2
(43, 32)
-> Request 2
275
(3, 1, 1)
1
(55, 39)
-> Request 3
867
(4, 3, 1)
2
(56, 36)
-> Request 4
1092
(3, 1, 1)
2
(58, 76)
---> Week : 4
--> Day : 0
-> Request 0
335
(4, 2, 2)
2
(61, 42)
-> Request 1
542
(2, 1, 1)
2
(20, 56)
-> Request 2
1178
(1, 3, 2)
2
(13, 23)
-> Request 3
1202
(2, 3, 2)
1
(53, 72)
-> Request 4
1243
(4, 3, 1)
2
(70, 59)
--> Day : 1
-> Request 0
276
(3, 2, 1)
1
(49, 45)
-> Request 1
939
(4, 1, 1)
2
(29, 15)
-> Request 2
977
(2, 2, 2)
3
(58, 30)
--> Day : 2
-> Request 0
37
(1, 1, 1)
2
(39, 19)
-> Request 1
525
(4, 2, 1)
1
(52, 36)
-> Request 2
803
(2, 2, 1)
1
(2, 44)
-> Request 3
838
(1, 1, 1)
2
(79, 7)
-> Request 4
1038
(3, 1, 2)
2
(13, 26)
--> Day : 3
-> Request 0
210
(3, 1, 2)
3
(63, 26)
-> Request 1
250
(3, 3, 1)
1
(17, 24)
-> Request 2
541
(2, 1, 2)
1
(48, 31)
-> Request 3
1429
(2, 1, 1)
2
(47, 35)
--> Day : 4
-> Request 0
247
(2, 1, 1)
3
(18, 10)
-> Request 1
750
(1, 2, 2)
2
(73, 16)
-> Request 2
1115
(2, 2, 1)
3
(52, 4)
---> Week : 5
--> Day : 0
-> Request 0
742
(2, 3, 2)
2
(53, 32)
-> Request 1
1267
(4, 2, 2)
2
(10, 26)
-> Request 2
1385
(4, 2, 1)
1
(52, 31)
-> Request 3
1402
(1, 1, 2)
2
(57, 25)
--> Day : 1
-> Request 0
374
(3, 2, 1)
3
(56, 23)
-> Request 1
450
(2, 3, 1)
3
(73, 26)
-> Request 2
538
(2, 2, 1)
1
(54, 43)
--> Day : 2
-> Request 0
152
(1, 3, 2)
2
(68, 1)
-> Request 1
414
(1, 3, 1)
3
(48, 42)
-> Request 2
1120
(3, 1, 1)
3
(50, 38)
--> Day : 3
-> Request 0
513
(3, 1, 2)
3
(79, 4)
-> Request 1
721
(3, 1, 2)
2
(59, 40)
-> Request 2
983
(4, 3, 1)
3
(59, 31)
-> Request 3
1325
(1, 3, 1)
2
(20, 64)
-> Request 4
1415
(2, 1, 1)
2
(8, 27)
--> Day : 4
-> Request 0
568
(4, 2, 2)
2
(25, 3)
-> Request 1
1006
(3, 3, 2)
1
(47, 46)
---> Week : 6
--> Day : 0
-> Request 0
439
(1, 1, 1)
1
(74, 79)
-> Request 1
1408
(3, 1, 2)
1
(68, 31)
--> Day : 1
-> Request 0
925
(3, 1, 1)
1
(8, 23)
-> Request 1
1276
(4, 1, 1)
1
(4, 70)
-> Request 2
1296
(3, 1, 1)
3
(26, 39)
-> Request 3
1409
(1, 3, 2)
3
(47, 36)
--> Day : 2
-> Request 0
159
(1, 2, 2)
3
(55, 74)
-> Request 1
529
(4, 3, 1)
1
(23, 76)
-> Request 2
585
(3, 2, 2)
1
(73, 75)
-> Request 3
819
(1, 2, 1)
1
(21, 51)
-> Request 4
1339
(1, 1, 2)
3
(4, 14)
-> Request 5
1344
(4, 1, 2)
1
(47, 44)
--> Day : 3
-> Request 0
771
(1, 1, 1)
2
(14, 46)
-> Request 1
778
(3, 1, 1)
1
(15, 30)
--> Day : 4
-> Request 0
359
(3, 2, 1)
1
(62, 69)
-> Request 1
855
(1, 3, 1)
2
(54, 71)
-> Request 2
1208
(2, 2, 1)
1
(12, 78)
-> Request 3
1398
(3, 1, 2)
3
(52, 55)
---> Week : 7
--> Day : 0
-> Request 0
543
(1, 2, 1)
1
(56, 27)
-> Request 1
1087
(1, 3, 1)
3
(3, 54)
--> Day : 1
-> Request 0
361
(3, 2, 1)
1
(8, 21)
-> Request 1
386
(4, 1, 1)
3
(56, 71)
--> Day : 2
-> Request 0
464
(1, 3, 2)
1
(75, 78)
-> Request 1
829
(2, 2, 2)
1
(43, 34)
-> Request 2
1336
(2, 1, 2)
2
(60, 39)
--> Day : 3
-> Request 0
259
(3, 1, 2)
1
(49, 29)
--> Day : 4
-> Request 0
47
(3, 1, 1)
3
(48, 42)
-> Request 1
57
(4, 3, 2)
3
(75, 52)
-> Request 2
778
(4, 2, 1)
3
(47, 34)
-> Request 3
1263
(2, 3, 1)
1
(44, 37)
---> Week : 8
--> Day : 0
-> Request 0
14
(3, 3, 2)
1
(58, 29)
-> Request 1
120
(2, 3, 1)
2
(61, 69)
-> Request 2
360
(2, 3, 1)
3
(58, 58)
-> Request 3
686
(4, 1, 2)
3
(7, 24)
-> Request 4
791
(4, 1, 1)
2
(55, 66)
-> Request 5
829
(4, 3, 2)
1
(13, 29)
-> Request 6
863
(4, 2, 1)
3
(6, 19)
-> Request 7
880
(3, 1, 2)
3
(52, 75)
--> Day : 1
-> Request 0
1108
(2, 1, 1)
1
(76, 4)
-> Request 1
1407
(2, 1, 2)
1
(27, 25)
--> Day : 2
-> Request 0
596
(4, 2, 1)
2
(53, 71)
-> Request 1
989
(4, 2, 1)
1
(54, 35)
-> Request 2
1235
(4, 2, 1)
1
(44, 60)
--> Day : 3
-> Request 0
339
(4, 2, 1)
3
(28, 25)
-> Request 1
424
(4, 1, 2)
2
(55, 73)
-> Request 2
770
(1, 2, 1)
1
(54, 65)
-> Request 3
862
(3, 3, 1)
3
(27, 78)
-> Request 4
1229
(2, 3, 2)
1
(63, 69)
--> Day : 4
-> Request 0
550
(4, 1, 1)
3
(31, 35)
-> Request 1
871
(3, 3, 2)
3
(58, 40)
-> Request 2
939
(1, 3, 2)
3
(75, 21)
-> Request 3
995
(3, 3, 2)
2
(52, 43)
-> Request 4
1245
(1, 3, 1)
3
(68, 3)
---> Week : 9
--> Day : 0
-> Request 0
477
(4, 3, 1)
2
(45, 38)
-> Request 1
658
(2, 3, 1)
2
(49, 41)
-> Request 2
804
(3, 3, 2)
1
(63, 42)
-> Request 3
941
(4, 3, 1)
2
(46, 36)
-> Request 4
1147
(2, 3, 1)
3
(8, 22)
-> Request 5
1318
(2, 3, 2)
3
(55, 31)
-> Request 6
1365
(1, 3, 1)
2
(54, 33)
--> Day : 1
-> Request 0
168
(4, 3, 2)
3
(21, 2)
-> Request 1
416
(3, 3, 2)
3
(32, 71)
-> Request 2
509
(3, 2, 2)
2
(34, 49)
-> Request 3
614
(1, 3, 1)
2
(78, 53)
-> Request 4
654
(1, 1, 2)
2
(41, 79)
-> Request 5
817
(3, 3, 2)
2
(46, 4)
-> Request 6
991
(1, 1, 1)
3
(8, 33)
-> Request 7
1281
(1, 2, 1)
1
(6, 23)
-> Request 8
1380
(1, 1, 1)
1
(39, 38)
-> Request 9
1416
(1, 1, 2)
1
(67, 33)
--> Day : 2
-> Request 0
8
(1, 2, 2)
1
(52, 36)
-> Request 1
37
(4, 3, 2)
1
(64, 79)
-> Request 2
926
(4, 3, 2)
3
(71, 77)
-> Request 3
1382
(3, 3, 1)
1
(44, 38)
--> Day : 3
-> Request 0
674
(4, 2, 1)
2
(26, 7)
-> Request 1
763
(1, 2, 2)
2
(53, 28)
-> Request 2
1014
(3, 2, 2)
2
(10, 28)
-> Request 3
1060
(3, 3, 2)
2
(43, 40)
--> Day : 4
-> Request 0
185
(4, 3, 1)
1
(59, 70)
-> Request 1
552
(1, 3, 2)
3
(15, 79)
-> Request 2
1070
(3, 1, 2)
3
(63, 72)
---> Week : 10
--> Day : 0
-> Request 0
249
(2, 1, 2)
2
(55, 65)
-> Request 1
1268
(1, 1, 2)
1
(43, 35)
--> Day : 1
-> Request 0
194
(1, 1, 1)
3
(56, 77)
-> Request 1
335
(4, 1, 2)
3
(71, 9)
-> Request 2
532
(4, 3, 2)
3
(59, 34)
-> Request 3
591
(2, 2, 2)
3
(60, 69)
-> Request 4
809
(3, 1, 2)
2
(48, 21)
-> Request 5
852
(4, 2, 1)
1
(70, 1)
-> Request 6
1303
(4, 1, 2)
2
(76, 51)
-> Request 7
1333
(1, 2, 2)
1
(17, 21)
--> Day : 2
-> Request 0
38
(3, 3, 2)
3
(40, 6)
-> Request 1
351
(1, 1, 2)
2
(66, 68)
-> Request 2
829
(3, 3, 1)
3
(52, 76)
-> Request 3
1266
(4, 3, 2)
3
(44, 27)
--> Day : 3
-> Request 0
9
(3, 1, 2)
3
(58, 41)
-> Request 1
435
(3, 3, 1)
1
(48, 17)
-> Request 2
1380
(3, 1, 1)
2
(59, 38)
--> Day : 4
-> Request 0
198
(3, 2, 1)
2
(57, 69)
---> Week : 11
--> Day : 0
-> Request 0
5
(2, 3, 2)
3
(42, 28)
-> Request 1
841
(3, 1, 1)
3
(24, 43)
-> Request 2
1298
(2, 1, 2)
1
(49, 48)
--> Day : 1
-> Request 0
478
(3, 1, 1)
1
(13, 27)
-> Request 1
767
(1, 2, 1)
2
(58, 42)
-> Request 2
1008
(1, 3, 1)
2
(9, 26)
-> Request 3
1369
(4, 3, 2)
1
(60, 67)
--> Day : 2
-> Request 0
190
(3, 3, 1)
2
(58, 32)
-> Request 1
612
(2, 1, 2)
1
(49, 36)
-> Request 2
1049
(1, 3, 2)
2
(3, 55)
-> Request 3
1182
(3, 1, 1)
2
(68, 17)
--> Day : 3
-> Request 0
414
(2, 2, 2)
1
(7, 3)
-> Request 1
734
(3, 2, 1)
2
(50, 39)
-> Request 2
1374
(4, 3, 1)
2
(61, 67)
-> Request 3
1390
(4, 1, 2)
1
(53, 41)
--> Day : 4
-> Request 0
7
(4, 1, 2)
3
(47, 43)
-> Request 1
495
(3, 1, 1)
1
(16, 19)
-> Request 2
836
(4, 1, 1)
3
(48, 43)
-> Request 3
938
(2, 2, 2)
3
(66, 75)
-> Request 4
977
(3, 3, 2)
2
(61, 42)
-> Request 5
1072
(4, 2, 1)
1
(48, 45)
---> Week : 12
--> Day : 0
-> Request 0
1407
(3, 3, 2)
2
(11, 27)
--> Day : 1
-> Request 0
731
(4, 2, 1)
2
(8, 10)
--> Day : 2
-> Request 0
71
(4, 1, 1)
3
(54, 28)
-> Request 1
261
(4, 2, 2)
1
(53, 42)
-> Request 2
725
(2, 2, 1)
3
(52, 50)
--> Day : 3
-> Request 0
87
(3, 1, 2)
1
(45, 33)
-> Request 1
261
(1, 2, 2)
1
(54, 4)
-> Request 2
485
(4, 1, 2)
1
(15, 26)
-> Request 3
612
(1, 3, 2)
1
(56, 70)
-> Request 4
913
(2, 3, 2)
2
(28, 12)
--> Day : 4
-> Request 0
202
(3, 3, 2)
3
(54, 28)
-> Request 1
475
(4, 3, 1)
2
(55, 66)
-> Request 2
1251
(3, 2, 1)
3
(38, 12)
---> Week : 13
--> Day : 0
-> Request 0
62
(1, 3, 2)
1
(40, 26)
-> Request 1
68
(3, 3, 1)
3
(65, 65)
-> Request 2
122
(3, 2, 1)
1
(48, 22)
-> Request 3
242
(2, 3, 2)
3
(57, 32)
-> Request 4
653
(2, 2, 2)
1
(45, 35)
-> Request 5
675
(1, 1, 1)
1
(37, 14)
-> Request 6
752
(4, 2, 2)
3
(48, 38)
-> Request 7
815
(1, 1, 2)
3
(26, 78)
--> Day : 1
-> Request 0
860
(2, 3, 2)
3
(17, 21)
-> Request 1
909
(3, 3, 2)
3
(10, 24)
-> Request 2
1231
(2, 3, 2)
1
(2, 29)
-> Request 3
1342
(2, 1, 1)
1
(62, 78)
--> Day : 2
-> Request 0
151
(3, 3, 1)
1
(73, 15)
-> Request 1
288
(4, 1, 1)
3
(44, 36)
-> Request 2
323
(1, 3, 1)
1
(44, 32)
-> Request 3
442
(1, 1, 1)
3
(58, 34)
-> Request 4
782
(1, 3, 1)
1
(51, 43)
-> Request 5
801
(3, 1, 2)
2
(0, 17)
-> Request 6
1148
(3, 3, 2)
3
(57, 44)
--> Day : 3
-> Request 0
517
(4, 2, 2)
3
(59, 23)
-> Request 1
1089
(2, 1, 2)
2
(76, 6)
--> Day : 4
-> Request 0
1022
(2, 2, 2)
2
(62, 64)
-> Request 1
1404
(4, 1, 1)
1
(31, 1)
---> Week : 14
--> Day : 0
--> Day : 1
-> Request 0
714
(3, 1, 2)
3
(49, 35)
-> Request 1
1012
(1, 1, 2)
1
(53, 63)
-> Request 2
1089
(1, 3, 1)
2
(14, 28)
-> Request 3
1332
(2, 3, 1)
2
(14, 26)
--> Day : 2
-> Request 0
400
(3, 1, 2)
2
(57, 27)
--> Day : 3
-> Request 0
347
(4, 2, 1)
1
(17, 22)
-> Request 1
515
(2, 3, 1)
2
(71, 39)
-> Request 2
682
(2, 1, 2)
3
(8, 23)
-> Request 3
1306
(3, 1, 2)
2
(17, 26)
--> Day : 4
-> Request 0
47
(1, 3, 2)
2
(24, 76)
-> Request 1
62
(3, 3, 2)
1
(29, 8)
-> Request 2
569
(4, 1, 1)
2
(60, 37)
-> Request 3
595
(3, 1, 2)
3
(43, 37)
-> Request 4
609
(4, 3, 1)
2
(14, 13)
-> Request 5
843
(3, 1, 2)
3
(69, 79)
-> Request 6
976
(4, 2, 2)
3
(6, 9)
---> Week : 15
--> Day : 0
-> Request 0
1065
(4, 1, 2)
3
(55, 45)
-> Request 1
1067
(3, 3, 1)
3
(2, 74)
-> Request 2
1291
(4, 1, 1)
2
(77, 0)
-> Request 3
1346
(2, 3, 2)
3
(53, 73)
--> Day : 1
-> Request 0
84
(4, 1, 1)
1
(41, 40)
-> Request 1
121
(1, 3, 1)
3
(52, 74)
-> Request 2
261
(2, 2, 1)
1
(4, 18)
-> Request 3
884
(1, 2, 2)
2
(62, 70)
-> Request 4
933
(4, 1, 2)
1
(69, 47)
-> Request 5
1415
(1, 1, 2)
1
(17, 27)
--> Day : 2
-> Request 0
321
(2, 1, 2)
3
(58, 5)
-> Request 1
411
(3, 1, 2)
2
(57, 39)
-> Request 2
602
(2, 3, 1)
1
(48, 29)
-> Request 3
936
(1, 2, 1)
3
(64, 61)
-> Request 4
953
(1, 3, 1)
3
(41, 1)
--> Day : 3
-> Request 0
1207
(3, 3, 1)
2
(43, 29)
-> Request 1
1261
(4, 3, 2)
3
(49, 43)
-> Request 2
1280
(4, 1, 2)
3
(53, 69)
--> Day : 4
-> Request 0
205
(4, 2, 2)
1
(13, 7)
-> Request 1
506
(3, 3, 2)
1
(58, 68)
-> Request 2
625
(1, 2, 1)
1
(17, 25)
-> Request 3
649
(3, 1, 1)
2
(1, 57)
-> Request 4
759
(1, 2, 1)
2
(75, 26)
-> Request 5
944
(4, 1, 2)
1
(20, 7)
-> Request 6
1070
(2, 2, 1)
3
(7, 23)
---> Week : 16
--> Day : 0
--> Day : 1
-> Request 0
726
(1, 2, 1)
3
(0, 51)
-> Request 1
747
(4, 2, 2)
1
(5, 55)
--> Day : 2
-> Request 0
174
(3, 1, 1)
2
(66, 36)
-> Request 1
306
(1, 3, 1)
2
(56, 29)
-> Request 2
335
(4, 3, 2)
1
(32, 46)
-> Request 3
495
(4, 2, 1)
1
(59, 28)
-> Request 4
694
(3, 2, 1)
3
(10, 27)
-> Request 5
938
(1, 3, 1)
1
(11, 28)
-> Request 6
941
(3, 1, 1)
3
(49, 39)
--> Day : 3
-> Request 0
320
(2, 3, 2)
2
(15, 31)
-> Request 1
321
(4, 1, 1)
2
(62, 71)
-> Request 2
561
(2, 2, 2)
1
(23, 27)
-> Request 3
760
(3, 1, 2)
1
(51, 33)
-> Request 4
831
(2, 1, 2)
1
(53, 36)
-> Request 5
994
(1, 1, 1)
1
(59, 45)
-> Request 6
1098
(3, 1, 1)
2
(56, 39)
-> Request 7
1153
(1, 1, 2)
2
(50, 37)
--> Day : 4
-> Request 0
36
(2, 3, 1)
2
(71, 44)
-> Request 1
271
(2, 3, 2)
2
(17, 24)
-> Request 2
471
(3, 1, 1)
1
(75, 39)
-> Request 3
549
(2, 2, 2)
3
(9, 22)
-> Request 4
1091
(4, 2, 1)
1
(49, 43)
-> Request 5
1228
(4, 3, 1)
2
(49, 33)
---> Week : 17
--> Day : 0
-> Request 0
170
(2, 1, 1)
1
(5, 14)
-> Request 1
393
(3, 3, 2)
3
(41, 62)
-> Request 2
855
(1, 1, 2)
2
(56, 36)
-> Request 3
1293
(4, 3, 1)
3
(21, 47)
-> Request 4
1377
(1, 2, 2)
3
(48, 43)
--> Day : 1
-> Request 0
136
(1, 3, 1)
2
(78, 48)
-> Request 1
514
(2, 1, 2)
1
(50, 0)
--> Day : 2
-> Request 0
374
(3, 3, 2)
1
(11, 29)
-> Request 1
616
(4, 2, 1)
1
(76, 25)
-> Request 2
829
(1, 1, 1)
3
(8, 26)
-> Request 3
887
(1, 3, 2)
3
(59, 42)
-> Request 4
1139
(2, 3, 2)
1
(45, 46)
--> Day : 3
-> Request 0
439
(2, 1, 1)
1
(51, 35)
-> Request 1
1029
(3, 2, 2)
2
(62, 34)
-> Request 2
1048
(2, 2, 2)
3
(14, 2)
-> Request 3
1075
(4, 1, 2)
1
(27, 42)
-> Request 4
1127
(4, 2, 2)
1
(61, 39)
--> Day : 4
-> Request 0
251
(4, 3, 2)
3
(59, 77)
-> Request 1
953
(1, 3, 1)
3
(48, 40)
---> Week : 18
--> Day : 0
-> Request 0
15
(4, 2, 2)
3
(52, 72)
-> Request 1
41
(2, 2, 2)
3
(53, 45)
-> Request 2
67
(3, 1, 1)
2
(54, 65)
-> Request 3
187
(1, 3, 1)
2
(46, 32)
-> Request 4
226
(4, 1, 1)
3
(51, 46)
-> Request 5
510
(3, 3, 2)
1
(47, 38)
-> Request 6
938
(4, 3, 1)
2
(18, 53)
-> Request 7
1135
(3, 2, 2)
3
(56, 34)
--> Day : 1
-> Request 0
272
(1, 3, 1)
1
(19, 10)
-> Request 1
827
(3, 3, 1)
2
(11, 57)
-> Request 2
1041
(2, 1, 1)
2
(22, 76)
--> Day : 2
-> Request 0
793
(1, 3, 2)
1
(59, 41)
-> Request 1
821
(4, 1, 1)
3
(60, 8)
-> Request 2
890
(4, 1, 2)
3
(50, 35)
-> Request 3
1098
(1, 1, 2)
1
(13, 66)
-> Request 4
1216
(1, 2, 2)
1
(6, 40)
-> Request 5
1363
(4, 2, 1)
3
(1, 17)
--> Day : 3
-> Request 0
165
(2, 1, 1)
1
(71, 43)
-> Request 1
230
(3, 2, 1)
1
(61, 73)
-> Request 2
854
(4, 2, 2)
1
(40, 52)
--> Day : 4
-> Request 0
197
(3, 3, 2)
2
(72, 63)
-> Request 1
463
(2, 2, 1)
2
(60, 68)
-> Request 2
522
(1, 1, 2)
1
(62, 41)
-> Request 3
794
(3, 3, 2)
2
(59, 65)
---> Week : 19
--> Day : 0
-> Request 0
1090
(1, 3, 2)
2
(14, 21)
--> Day : 1
-> Request 0
10
(2, 2, 1)
2
(64, 73)
-> Request 1
502
(1, 2, 1)
2
(51, 27)
-> Request 2
800
(3, 3, 2)
3
(41, 4)
--> Day : 2
-> Request 0
613
(3, 3, 2)
1
(56, 68)
-> Request 1
915
(3, 2, 2)
1
(9, 0)
-> Request 2
1000
(2, 1, 1)
1
(76, 73)
-> Request 3
1413
(3, 2, 2)
2
(8, 46)
--> Day : 3
-> Request 0
957
(2, 2, 2)
3
(56, 78)
-> Request 1
1276
(1, 2, 2)
3
(63, 27)
-> Request 2
1282
(1, 2, 2)
3
(17, 12)
-> Request 3
1302
(3, 1, 1)
2
(65, 77)
--> Day : 4
-> Request 0
265
(3, 1, 2)
1
(68, 53)
-> Request 1
354
(1, 3, 2)
2
(57, 45)
-> Request 2
538
(1, 3, 1)
1
(57, 36)
-> Request 3
1207
(3, 2, 2)
3
(14, 32)
