---> Week : 0
--> Day : 0
--> Day : 1
-> Request 0
26
(4, 3, 2)
3
(47, 37)
-> Request 1
134
(1, 2, 2)
3
(56, 59)
-> Request 2
524
(1, 3, 2)
3
(56, 52)
-> Request 3
1091
(1, 1, 1)
2
(55, 27)
--> Day : 2
-> Request 0
517
(2, 1, 2)
3
(50, 29)
-> Request 1
979
(4, 1, 1)
1
(47, 29)
-> Request 2
1003
(1, 3, 2)
3
(64, 52)
-> Request 3
1355
(1, 1, 2)
3
(48, 29)
--> Day : 3
-> Request 0
542
(3, 1, 2)
2
(60, 33)
-> Request 1
714
(3, 2, 2)
3
(61, 75)
-> Request 2
1068
(2, 2, 2)
1
(54, 65)
-> Request 3
1310
(3, 2, 1)
3
(61, 38)
-> Request 4
1369
(1, 3, 2)
3
(15, 38)
--> Day : 4
-> Request 0
22
(3, 1, 2)
2
(59, 29)
-> Request 1
490
(3, 1, 1)
2
(46, 6)
---> Week : 1
--> Day : 0
-> Request 0
247
(2, 3, 1)
1
(13, 27)
-> Request 1
346
(4, 3, 2)
1
(0, 47)
-> Request 2
545
(3, 2, 2)
1
(11, 26)
-> Request 3
650
(1, 1, 1)
3
(50, 44)
-> Request 4
770
(2, 1, 1)
3
(14, 1)
-> Request 5
939
(1, 1, 1)
2
(53, 50)
--> Day : 1
-> Request 0
1098
(3, 3, 2)
1
(63, 32)
-> Request 1
1190
(1, 1, 2)
2
(33, 16)
-> Request 2
1245
(3, 3, 1)
2
(36, 46)
--> Day : 2
-> Request 0
300
(4, 1, 2)
3
(60, 75)
-> Request 1
572
(4, 2, 1)
2
(18, 31)
-> Request 2
885
(3, 3, 2)
2
(43, 46)
-> Request 3
1074
(4, 2, 1)
3
(11, 27)
-> Request 4
1421
(4, 2, 2)
1
(3, 25)
--> Day : 3
-> Request 0
144
(1, 3, 2)
1
(27, 68)
-> Request 1
324
(2, 3, 1)
2
(50, 7)
--> Day : 4
-> Request 0
455
(1, 1, 2)
1
(18, 69)
-> Request 1
971
(3, 3, 2)
2
(78, 56)
-> Request 2
1332
(4, 2, 1)
2
(16, 24)
---> Week : 2
--> Day : 0
-> Request 0
542
(4, 3, 1)
3
(45, 9)
-> Request 1
638
(1, 3, 1)
2
(44, 34)
--> Day : 1
-> Request 0
78
(3, 1, 2)
2
(66, 33)
-> Request 1
143
(2, 3, 1)
1
(43, 10)
-> Request 2
240
(2, 1, 2)
1
(58, 43)
-> Request 3
885
(2, 2, 2)
2
(50, 63)
--> Day : 2
-> Request 0
146
(2, 1, 2)
3
(60, 33)
-> Request 1
674
(4, 3, 2)
2
(46, 43)
-> Request 2
959
(1, 2, 2)
3
(58, 31)
-> Request 3
973
(4, 3, 1)
3
(77, 59)
-> Request 4
1024
(1, 2, 2)
2
(77, 21)
-> Request 5
1028
(2, 2, 1)
1
(15, 52)
--> Day : 3
-> Request 0
573
(3, 3, 2)
2
(26, 56)
-> Request 1
704
(4, 3, 1)
1
(53, 42)
-> Request 2
1015
(1, 3, 2)
2
(14, 28)
-> Request 3
1115
(1, 2, 1)
1
(43, 35)
--> Day : 4
-> Request 0
93
(3, 3, 2)
1
(1, 69)
-> Request 1
223
(3, 3, 1)
2
(59, 46)
-> Request 2
289
(4, 2, 1)
3
(45, 46)
-> Request 3
689
(3, 2, 2)
2
(58, 61)
-> Request 4
708
(3, 2, 2)
2
(60, 28)
-> Request 5
939
(2, 2, 1)
3
(11, 8)
-> Request 6
1232
(1, 1, 2)
2
(49, 43)
---> Week : 3
--> Day : 0
-> Request 0
90
(4, 2, 2)
1
(57, 18)
-> Request 1
1380
(1, 2, 2)
1
(16, 61)
--> Day : 1
-> Request 0
303
(4, 2, 1)
1
(50, 27)
-> Request 1
678
(4, 2, 1)
1
(48, 31)
-> Request 2
745
(2, 2, 1)
3
(53, 76)
-> Request 3
861
(2, 1, 1)
3
(67, 0)
-> Request 4
941
(3, 2, 2)
2
(11, 26)
--> Day : 2
-> Request 0
17
(3, 3, 2)
1
(50, 37)
-> Request 1
212
(3, 3, 2)
3
(48, 29)
-> Request 2
248
(2, 1, 1)
1
(12, 61)
-> Request 3
1087
(4, 2, 1)
3
(56, 64)
-> Request 4
1192
(1, 1, 1)
1
(48, 60)
--> Day : 3
-> Request 0
36
(2, 3, 1)
2
(48, 27)
-> Request 1
501
(3, 3, 2)
3
(38, 14)
-> Request 2
1325
(1, 2, 2)
2
(43, 55)
-> Request 3
1372
(3, 2, 2)
2
(62, 70)
--> Day : 4
-> Request 0
594
(4, 3, 2)
3
(62, 73)
---> Week : 4
--> Day : 0
-> Request 0
13
(4, 1, 1)
1
(69, 16)
-> Request 1
173
(1, 2, 2)
1
(36, 26)
-> Request 2
212
(4, 3, 2)
1
(62, 65)
-> Request 3
478
(1, 2, 1)
3
(57, 43)
-> Request 4
552
(2, 1, 2)
3
(22, 6)
-> Request 5
1089
(2, 3, 1)
1
(61, 36)
-> Request 6
1366
(4, 3, 2)
1
(17, 56)
--> Day : 1
-> Request 0
20
(4, 1, 1)
2
(46, 30)
-> Request 1
829
(2, 3, 2)
3
(63, 64)
-> Request 2
1048
(4, 1, 1)
1
(7, 49)
-> Request 3
1131
(2, 2, 2)
1
(61, 33)
-> Request 4
1171
(4, 2, 1)
1
(56, 45)
--> Day : 2
-> Request 0
156
(2, 2, 1)
3
(17, 20)
-> Request 1
162
(1, 3, 2)
3
(19, 35)
-> Request 2
178
(3, 3, 2)
3
(64, 2)
-> Request 3
960
(4, 1, 2)
2
(56, 33)
-> Request 4
1187
(2, 1, 1)
3
(11, 26)
-> Request 5
1297
(4, 2, 1)
3
(46, 43)
--> Day : 3
-> Request 0
423
(3, 2, 1)
2
(54, 31)
-> Request 1
665
(4, 2, 2)
3
(71, 36)
-> Request 2
1133
(2, 1, 2)
1
(55, 40)
-> Request 3
1282
(2, 1, 2)
2
(57, 53)
-> Request 4
1312
(2, 2, 1)
3
(56, 65)
--> Day : 4
-> Request 0
226
(4, 1, 1)
1
(57, 64)
-> Request 1
845
(1, 2, 2)
1
(45, 42)
-> Request 2
1103
(4, 2, 2)
2
(53, 77)
-> Request 3
1265
(2, 2, 2)
1
(70, 57)
---> Week : 5
--> Day : 0
-> Request 0
69
(1, 2, 2)
3
(53, 35)
-> Request 1
224
(3, 3, 2)
3
(65, 14)
--> Day : 1
-> Request 0
421
(4, 3, 1)
1
(65, 77)
-> Request 1
961
(1, 2, 2)
3
(66, 74)
-> Request 2
1176
(4, 3, 1)
2
(47, 27)
-> Request 3
1313
(2, 3, 1)
1
(68, 21)
--> Day : 2
-> Request 0
306
(4, 2, 2)
3
(59, 76)
-> Request 1
809
(2, 3, 2)
2
(17, 39)
-> Request 2
1255
(3, 1, 1)
1
(4, 8)
--> Day : 3
-> Request 0
58
(3, 2, 1)
3
(48, 2)
-> Request 1
385
(1, 3, 2)
3
(66, 78)
-> Request 2
447
(3, 3, 1)
1
(59, 4)
-> Request 3
1038
(1, 3, 2)
1
(52, 68)
-> Request 4
1064
(3, 2, 1)
3
(58, 31)
-> Request 5
1104
(4, 2, 2)
1
(57, 33)
-> Request 6
1150
(3, 1, 2)
2
(51, 41)
--> Day : 4
-> Request 0
175
(4, 3, 1)
3
(59, 42)
-> Request 1
256
(3, 1, 2)
3
(8, 29)
---> Week : 6
--> Day : 0
-> Request 0
754
(3, 3, 1)
1
(46, 33)
-> Request 1
1321
(1, 1, 2)
1
(51, 72)
-> Request 2
1393
(4, 2, 1)
1
(42, 21)
--> Day : 1
-> Request 0
28
(1, 2, 1)
3
(57, 28)
-> Request 1
346
(3, 2, 2)
2
(50, 49)
-> Request 2
455
(2, 2, 2)
3
(58, 77)
-> Request 3
599
(2, 2, 1)
2
(61, 40)
-> Request 4
767
(4, 2, 2)
3
(59, 23)
-> Request 5
852
(4, 2, 2)
1
(39, 0)
-> Request 6
986
(2, 2, 2)
1
(59, 35)
-> Request 7
1020
(2, 1, 1)
2
(0, 49)
-> Request 8
1091
(2, 1, 1)
2
(56, 73)
-> Request 9
1152
(3, 2, 1)
2
(74, 33)
--> Day : 2
-> Request 0
354
(4, 2, 1)
3
(49, 32)
-> Request 1
548
(3, 2, 2)
1
(65, 18)
-> Request 2
1040
(4, 2, 2)
3
(53, 67)
-> Request 3
1210
(3, 3, 1)
2
(8, 28)
-> Request 4
1228
(2, 2, 1)
2
(16, 24)
-> Request 5
1340
(4, 2, 1)
3
(52, 37)
--> Day : 3
-> Request 0
1212
(1, 3, 1)
3
(8, 78)
--> Day : 4
-> Request 0
117
(1, 3, 2)
2
(72, 76)
-> Request 1
346
(4, 3, 2)
2
(28, 5)
-> Request 2
430
(4, 2, 2)
1
(53, 71)
-> Request 3
451
(2, 2, 1)
1
(16, 29)
-> Request 4
480
(2, 1, 1)
3
(0, 39)
-> Request 5
656
(4, 3, 2)
2
(47, 44)
-> Request 6
1105
(3, 1, 2)
1
(57, 65)
-> Request 7
1247
(2, 1, 2)
3
(64, 71)
-> Request 8
1260
(1, 1, 2)
2
(49, 32)
---> Week : 7
--> Day : 0
-> Request 0
562
(2, 2, 2)
1
(17, 22)
-> Request 1
1009
(2, 2, 1)
2
(52, 34)
-> Request 2
1048
(4, 2, 2)
3
(56, 69)
--> Day : 1
-> Request 0
225
(4, 2, 1)
2
(9, 18)
-> Request 1
226
(3, 3, 2)
3
(44, 45)
-> Request 2
237
(2, 1, 1)
2
(55, 73)
-> Request 3
1110
(3, 2, 2)
3
(48, 71)
--> Day : 2
-> Request 0
118
(4, 3, 1)
1
(60, 66)
-> Request 1
343
(3, 3, 2)
1
(55, 72)
-> Request 2
979
(1, 1, 1)
2
(55, 72)
--> Day : 3
-> Request 0
105
(1, 2, 2)
3
(4, 36)
-> Request 1
601
(4, 1, 1)
2
(16, 62)
-> Request 2
728
(2, 3, 1)
2
(53, 53)
--> Day : 4
-> Request 0
229
(4, 2, 1)
2
(43, 41)
-> Request 1
529
(4, 1, 1)
3
(4, 79)
---> Week : 8
--> Day : 0
-> Request 0
277
(2, 3, 1)
1
(62, 12)
-> Request 1
303
(3, 3, 2)
3
(14, 0)
-> Request 2
555
(3, 1, 1)
2
(60, 52)
-> Request 3
790
(2, 2, 1)
1
(62, 78)
-> Request 4
1018
(2, 2, 1)
1
(53, 45)
-> Request 5
1429
(3, 3, 1)
3
(27, 64)
--> Day : 1
-> Request 0
21
(4, 2, 1)
3
(25, 53)
-> Request 1
236
(2, 3, 1)
2
(62, 66)
-> Request 2
308
(1, 1, 2)
1
(6, 77)
-> Request 3
364
(4, 3, 2)
2
(63, 74)
-> Request 4
374
(4, 3, 1)
3
(58, 69)
-> Request 5
661
(3, 1, 1)
1
(3, 66)
-> Request 6
827
(3, 3, 2)
1
(49, 33)
-> Request 7
1293
(1, 3, 2)
1
(31, 25)
--> Day : 2
-> Request 0
143
(2, 2, 2)
3
(50, 67)
-> Request 1
150
(2, 3, 2)
3
(9, 26)
-> Request 2
781
(1, 1, 1)
2
(58, 39)
-> Request 3
986
(1, 1, 1)
3
(58, 38)
-> Request 4
1419
(3, 1, 1)
2
(24, 20)
--> Day : 3
-> Request 0
153
(1, 1, 1)
3
(49, 45)
-> Request 1
447
(4, 1, 1)
1
(44, 43)
-> Request 2
1095
(1, 2, 1)
3
(52, 41)
-> Request 3
1236
(3, 1, 1)
2
(48, 38)
-> Request 4
1324
(2, 2, 2)
2
(59, 76)
--> Day : 4
-> Request 0
694
(2, 3, 2)
2
(4, 39)
-> Request 1
821
(2, 2, 2)
2
(55, 40)
-> Request 2
1092
(4, 3, 2)
2
(58, 38)
-> Request 3
1171
(2, 3, 1)
3
(47, 31)
---> Week : 9
--> Day : 0
-> Request 0
933
(3, 1, 2)
3
(25, 66)
-> Request 1
1372
(2, 1, 1)
2
(54, 73)
--> Day : 1
-> Request 0
389
(3, 1, 2)
3
(8, 39)
-> Request 1
736
(1, 2, 1)
2
(44, 34)
-> Request 2
826
(1, 1, 1)
2
(69, 58)
-> Request 3
1175
(1, 2, 2)
1
(65, 65)
-> Request 4
1331
(1, 2, 1)
2
(58, 24)
--> Day : 2
-> Request 0
117
(4, 3, 1)
1
(21, 63)
-> Request 1
316
(3, 2, 1)
3
(55, 66)
-> Request 2
402
(2, 1, 2)
1
(7, 78)
-> Request 3
407
(1, 1, 1)
1
(47, 6)
-> Request 4
1275
(1, 2, 2)
2
(42, 40)
-> Request 5
1420
(4, 1, 1)
1
(72, 75)
--> Day : 3
-> Request 0
691
(1, 2, 1)
2
(56, 27)
-> Request 1
1306
(3, 2, 1)
2
(54, 1)
-> Request 2
1324
(3, 2, 1)
1
(54, 39)
--> Day : 4
---> Week : 10
--> Day : 0
-> Request 0
79
(3, 3, 2)
3
(12, 23)
-> Request 1
401
(1, 2, 1)
1
(52, 45)
-> Request 2
538
(1, 2, 1)
3
(54, 74)
-> Request 3
570
(1, 2, 1)
1
(59, 74)
-> Request 4
1056
(3, 2, 2)
2
(79, 71)
-> Request 5
1158
(4, 1, 2)
2
(47, 37)
-> Request 6
1208
(1, 1, 1)
1
(9, 21)
-> Request 7
1399
(2, 3, 2)
3
(58, 56)
--> Day : 1
-> Request 0
98
(4, 1, 2)
2
(55, 43)
-> Request 1
447
(2, 1, 1)
3
(63, 72)
-> Request 2
644
(1, 3, 2)
3
(55, 32)
-> Request 3
1030
(4, 3, 1)
2
(78, 70)
-> Request 4
1330
(2, 2, 2)
2
(56, 45)
--> Day : 2
-> Request 0
338
(1, 1, 1)
2
(26, 53)
-> Request 1
914
(1, 1, 2)
2
(12, 44)
-> Request 2
945
(1, 3, 1)
1
(21, 15)
--> Day : 3
-> Request 0
366
(4, 2, 1)
2
(16, 24)
-> Request 1
1087
(4, 3, 2)
1
(5, 43)
--> Day : 4
-> Request 0
228
(4, 3, 2)
2
(61, 35)
-> Request 1
621
(3, 3, 1)
2
(35, 38)
-> Request 2
1195
(1, 1, 1)
2
(20, 45)
-> Request 3
1418
(4, 2, 2)
1
(37, 59)
---> Week : 11
--> Day : 0
-> Request 0
390
(2, 2, 1)
3
(60, 37)
-> Request 1
623
(3, 2, 1)
2
(59, 39)
-> Request 2
1283
(4, 1, 1)
1
(36, 73)
-> Request 3
1290
(3, 1, 2)
1
(48, 46)
--> Day : 1
-> Request 0
87
(1, 3, 1)
2
(7, 65)
-> Request 1
173
(1, 2, 1)
3
(49, 39)
-> Request 2
896
(4, 2, 1)
3
(53, 72)
-> Request 3
1378
(3, 3, 2)
3
(43, 37)
-> Request 4
1385
(4, 1, 1)
2
(36, 34)
--> Day : 2
-> Request 0
179
(1, 1, 2)
2
(16, 69)
-> Request 1
454
(2, 2, 2)
3
(5, 35)
-> Request 2
956
(2, 1, 2)
1
(28, 38)
--> Day : 3
-> Request 0
161
(4, 1, 1)
2
(9, 29)
-> Request 1
401
(2, 2, 2)
2
(16, 20)
--> Day : 4
-> Request 0
1118
(3, 3, 1)
1
(55, 28)
---> Week : 12
--> Day : 0
-> Request 0
1006
(4, 1, 2)
3
(57, 69)
-> Request 1
1167
(1, 2, 2)
1
(12, 49)
-> Request 2
1208
(3, 3, 2)
2
(3, 42)
-> Request 3
1261
(4, 2, 1)
1
(70, 30)
--> Day : 1
-> Request 0
542
(4, 2, 1)
1
(26, 30)
-> Request 1
759
(3, 2, 1)
3
(63, 18)
-> Request 2
1424
(2, 1, 2)
1
(60, 36)
-> Request 3
1428
(3, 3, 2)
3
(76, 43)
--> Day : 2
-> Request 0
85
(1, 3, 1)
3
(14, 23)
-> Request 1
97
(1, 1, 1)
2
(17, 51)
-> Request 2
807
(4, 2, 1)
1
(43, 46)
-> Request 3
1212
(1, 1, 1)
1
(61, 69)
-> Request 4
1318
(1, 2, 2)
2
(70, 7)
--> Day : 3
-> Request 0
967
(1, 1, 2)
1
(61, 77)
-> Request 1
968
(1, 1, 1)
3
(12, 20)
--> Day : 4
-> Request 0
207
(2, 3, 1)
2
(1, 55)
-> Request 1
250
(4, 2, 2)
2
(50, 46)
-> Request 2
389
(3, 3, 1)
1
(4, 31)
-> Request 3
403
(1, 3, 2)
3
(44, 31)
---> Week : 13
--> Day : 0
-> Request 0
477
(4, 2, 2)
3
(56, 36)
-> Request 1
807
(4, 1, 2)
1
(47, 34)
-> Request 2
817
(1, 1, 2)
1
(53, 40)
-> Request 3
922
(1, 1, 2)
3
(58, 1)
-> Request 4
1390
(3, 2, 1)
2
(58, 72)
--> Day : 1
-> Request 0
353
(1, 2, 2)
1
(55, 41)
-> Request 1
612
(2, 2, 2)
3
(22, 43)
-> Request 2
916
(1, 1, 1)
3
(61, 75)
-> Request 3
1047
(4, 3, 1)
3
(8, 4)
-> Request 4
1062
(1, 3, 2)
2
(15, 0)
-> Request 5
1136
(4, 2, 1)
3
(61, 40)
-> Request 6
1372
(2, 3, 2)
1
(68, 8)
--> Day : 2
-> Request 0
203
(4, 3, 1)
1
(62, 79)
-> Request 1
461
(1, 1, 1)
2
(57, 66)
-> Request 2
792
(2, 1, 2)
3
(21, 3)
-> Request 3
885
(2, 3, 1)
1
(72, 0)
-> Request 4
1035
(2, 2, 2)
1
(50, 28)
-> Request 5
1337
(4, 1, 1)
1
(19, 4)
-> Request 6
1337
(3, 2, 1)
3
(35, 68)
--> Day : 3
-> Request 0
1371
(1, 1, 1)
2
(71, 45)
--> Day : 4
-> Request 0
363
(3, 3, 2)
3
(26, 5)
-> Request 1
558
(1, 2, 1)
2
(56, 71)
-> Request 2
592
(1, 3, 2)
3
(28, 43)
-> Request 3
613
(4, 1, 1)
3
(42, 13)
-> Request 4
900
(1, 3, 2)
2
(65, 68)
-> Request 5
917
(1, 2, 2)
3
(57, 78)
-> Request 6
1287
(1, 2, 2)
2
(53, 48)
-> Request 7
1296
(3, 3, 1)
1
(55, 74)
---> Week : 14
--> Day : 0
-> Request 0
812
(3, 1, 2)
3
(19, 37)
-> Request 1
830
(4, 1, 1)
2
(54, 67)
-> Request 2
1352
(1, 2, 2)
2
(44, 55)
--> Day : 1
-> Request 0
3
(3, 2, 2)
2
(8, 26)
-> Request 1
263
(2, 3, 2)
3
(52, 68)
-> Request 2
712
(2, 2, 2)
1
(59, 64)
-> Request 3
843
(2, 2, 1)
3
(50, 36)
-> Request 4
1015
(1, 3, 2)
1
(2, 8)
-> Request 5
1219
(1, 3, 1)
2
(49, 41)
-> Request 6
1249
(3, 1, 1)
1
(45, 32)
-> Request 7
1301
(2, 3, 1)
3
(63, 70)
-> Request 8
1307
(1, 1, 2)
3
(31, 1)
--> Day : 2
-> Request 0
185
(2, 1, 2)
1
(54, 44)
-> Request 1
329
(1, 3, 2)
3
(63, 75)
-> Request 2
481
(3, 1, 2)
1
(52, 72)
-> Request 3
840
(4, 2, 1)
3
(69, 43)
-> Request 4
917
(2, 1, 1)
2
(64, 66)
--> Day : 3
-> Request 0
1318
(4, 3, 2)
1
(65, 75)
--> Day : 4
-> Request 0
1361
(3, 2, 1)
3
(59, 32)
---> Week : 15
--> Day : 0
-> Request 0
240
(4, 3, 2)
3
(14, 22)
-> Request 1
957
(4, 3, 2)
2
(63, 20)
-> Request 2
1019
(3, 3, 2)
1
(50, 33)
--> Day : 1
-> Request 0
392
(3, 3, 1)
3
(45, 31)
-> Request 1
531
(1, 1, 2)
1
(14, 24)
-> Request 2
978
(1, 1, 2)
1
(48, 45)
--> Day : 2
-> Request 0
71
(2, 3, 2)
1
(14, 28)
-> Request 1
149
(4, 3, 1)
1
(56, 77)
-> Request 2
633
(4, 2, 1)
2
(16, 25)
-> Request 3
1091
(2, 2, 2)
3
(0, 10)
-> Request 4
1308
(1, 3, 2)
2
(47, 32)
--> Day : 3
-> Request 0
399
(1, 2, 2)
3
(15, 26)
-> Request 1
586
(4, 1, 1)
1
(58, 13)
-> Request 2
674
(3, 1, 2)
2
(13, 26)
-> Request 3
849
(4, 1, 1)
2
(60, 44)
-> Request 4
868
(2, 2, 2)
2
(57, 72)
-> Request 5
1140
(1, 3, 2)
1
(60, 34)
-> Request 6
1313
(1, 3, 1)
2
(66, 14)
-> Request 7
1423
(1, 1, 1)
2
(49, 45)
--> Day : 4
-> Request 0
312
(2, 3, 2)
2
(36, 11)
-> Request 1
1201
(4, 2, 2)
1
(57, 71)
---> Week : 16
--> Day : 0
-> Request 0
238
(4, 3, 1)
2
(6, 20)
-> Request 1
1311
(2, 1, 2)
1
(43, 45)
--> Day : 1
-> Request 0
177
(1, 3, 1)
3
(6, 18)
-> Request 1
628
(3, 3, 2)
2
(52, 66)
-> Request 2
1335
(2, 2, 2)
2
(55, 39)
--> Day : 2
-> Request 0
477
(2, 3, 1)
3
(79, 24)
-> Request 1
544
(3, 2, 1)
3
(60, 75)
-> Request 2
781
(4, 3, 2)
2
(47, 34)
-> Request 3
862
(4, 2, 1)
1
(33, 62)
-> Request 4
959
(4, 3, 1)
2
(52, 49)
-> Request 5
1021
(3, 3, 2)
3
(20, 35)
--> Day : 3
-> Request 0
13
(4, 3, 1)
1
(59, 75)
-> Request 1
46
(4, 3, 1)
1
(67, 40)
-> Request 2
298
(4, 3, 1)
2
(8, 13)
-> Request 3
1253
(1, 3, 1)
3
(8, 23)
--> Day : 4
-> Request 0
415
(4, 2, 1)
2
(54, 46)
-> Request 1
689
(1, 3, 1)
1
(39, 75)
-> Request 2
1018
(1, 2, 2)
1
(26, 47)
---> Week : 17
--> Day : 0
-> Request 0
192
(4, 3, 1)
1
(2, 28)
-> Request 1
613
(3, 3, 2)
3
(16, 12)
-> Request 2
623
(4, 1, 2)
1
(17, 21)
-> Request 3
837
(1, 3, 1)
2
(54, 72)
-> Request 4
992
(2, 3, 2)
1
(53, 65)
-> Request 5
1042
(2, 3, 1)
1
(62, 67)
--> Day : 1
-> Request 0
70
(3, 1, 1)
2
(43, 57)
-> Request 1
103
(2, 1, 2)
3
(51, 35)
-> Request 2
165
(4, 1, 2)
3
(40, 73)
-> Request 3
637
(1, 3, 2)
3
(62, 65)
-> Request 4
695
(4, 2, 1)
2
(57, 47)
-> Request 5
1390
(1, 1, 2)
1
(56, 72)
--> Day : 2
-> Request 0
220
(4, 2, 2)
3
(61, 78)
-> Request 1
521
(3, 1, 2)
3
(53, 45)
-> Request 2
542
(2, 2, 2)
3
(27, 29)
--> Day : 3
-> Request 0
116
(4, 1, 2)
2
(19, 62)
-> Request 1
437
(1, 3, 1)
2
(39, 49)
-> Request 2
565
(1, 2, 2)
2
(55, 29)
-> Request 3
1178
(1, 3, 2)
3
(22, 72)
-> Request 4
1185
(2, 2, 1)
2
(53, 69)
-> Request 5
1329
(3, 1, 1)
1
(57, 45)
--> Day : 4
-> Request 0
169
(2, 3, 1)
3
(59, 75)
-> Request 1
1038
(3, 3, 2)
3
(2, 72)
-> Request 2
1138
(2, 3, 2)
1
(62, 69)
-> Request 3
1193
(4, 1, 2)
1
(47, 42)
-> Request 4
1321
(1, 3, 1)
3
(51, 30)
---> Week : 18
--> Day : 0
-> Request 0
14
(1, 1, 1)
3
(66, 77)
--> Day : 1
-> Request 0
407
(2, 3, 1)
1
(49, 37)
-> Request 1
494
(4, 3, 1)
2
(56, 27)
-> Request 2
975
(2, 1, 2)
1
(15, 19)
--> Day : 2
-> Request 0
39
(4, 2, 1)
3
(58, 45)
-> Request 1
315
(1, 3, 1)
1
(64, 9)
-> Request 2
327
(2, 3, 2)
1
(36, 22)
-> Request 3
621
(1, 2, 1)
2
(59, 27)
--> Day : 3
-> Request 0
259
(1, 1, 2)
2
(16, 26)
-> Request 1
392
(2, 3, 1)
1
(50, 43)
-> Request 2
706
(3, 2, 1)
2
(3, 49)
-> Request 3
1145
(2, 2, 2)
2
(6, 19)
--> Day : 4
-> Request 0
238
(4, 1, 2)
2
(13, 29)
-> Request 1
292
(3, 2, 2)
2
(54, 29)
-> Request 2
842
(3, 1, 1)
3
(55, 45)
-> Request 3
1136
(1, 1, 2)
2
(15, 28)
-> Request 4
1330
(4, 2, 1)
3
(68, 15)
-> Request 5
1416
(2, 1, 1)
3
(3, 74)
---> Week : 19
--> Day : 0
--> Day : 1
-> Request 0
678
(2, 2, 2)
3
(57, 68)
--> Day : 2
-> Request 0
763
(3, 2, 2)
3
(55, 67)
-> Request 1
1096
(2, 1, 1)
1
(57, 32)
-> Request 2
1204
(1, 1, 1)
1
(49, 46)
--> Day : 3
-> Request 0
87
(4, 3, 2)
1
(71, 5)
-> Request 1
338
(4, 2, 1)
1
(8, 5)
-> Request 2
1334
(2, 2, 2)
1
(62, 45)
--> Day : 4
-> Request 0
42
(1, 3, 1)
3
(75, 50)
-> Request 1
777
(3, 2, 1)
3
(64, 68)
-> Request 2
1034
(2, 3, 2)
1
(62, 30)
-> Request 3
1152
(3, 1, 2)
3
(31, 52)
-> Request 4
1228
(1, 1, 1)
1
(62, 28)
-> Request 5
1298
(3, 2, 2)
3
(58, 40)
-> Request 6
1345
(4, 1, 2)
3
(56, 68)
