---> Week : 0
--> Day : 0
-> Request 0
349
(2, 2, 1)
3
(47, 25)
-> Request 1
352
(4, 1, 1)
3
(23, 60)
-> Request 2
571
(1, 2, 1)
3
(49, 43)
-> Request 3
816
(1, 3, 1)
2
(11, 29)
-> Request 4
1036
(3, 2, 1)
1
(5, 26)
-> Request 5
1325
(3, 2, 1)
2
(56, 7)
--> Day : 1
-> Request 0
161
(4, 1, 2)
3
(8, 13)
-> Request 1
640
(2, 1, 1)
2
(34, 59)
-> Request 2
950
(1, 2, 1)
1
(10, 78)
-> Request 3
1037
(1, 3, 2)
1
(56, 10)
-> Request 4
1329
(4, 1, 1)
3
(50, 43)
--> Day : 2
-> Request 0
57
(2, 2, 2)
2
(47, 30)
-> Request 1
137
(2, 3, 2)
2
(58, 39)
-> Request 2
172
(1, 2, 2)
1
(40, 29)
-> Request 3
590
(3, 2, 1)
1
(52, 30)
-> Request 4
598
(1, 2, 1)
2
(45, 27)
-> Request 5
602
(4, 1, 2)
3
(40, 46)
-> Request 6
824
(3, 3, 2)
2
(45, 32)
-> Request 7
1037
(2, 1, 2)
2
(59, 71)
--> Day : 3
-> Request 0
57
(3, 3, 1)
3
(57, 40)
-> Request 1
939
(2, 2, 1)
2
(48, 30)
--> Day : 4
-> Request 0
500
(2, 1, 1)
2
(44, 30)
-> Request 1
1169
(2, 2, 2)
3
(51, 55)
-> Request 2
1298
(2, 1, 1)
2
(66, 71)
---> Week : 1
--> Day : 0
-> Request 0
92
(3, 2, 1)
2
(62, 42)
-> Request 1
1178
(2, 1, 1)
2
(29, 63)
-> Request 2
1318
(2, 2, 1)
1
(53, 78)
--> Day : 1
-> Request 0
1285
(1, 1, 2)
2
(34, 57)
-> Request 1
1425
(4, 3, 2)
2
(6, 22)
--> Day : 2
-> Request 0
452
(2, 2, 1)
3
(73, 6)
-> Request 1
1414
(4, 3, 1)
1
(33, 4)
--> Day : 3
-> Request 0
217
(2, 3, 1)
2
(2, 11)
-> Request 1
259
(2, 2, 2)
3
(57, 73)
-> Request 2
385
(1, 1, 2)
1
(66, 6)
-> Request 3
780
(2, 3, 1)
2
(44, 78)
-> Request 4
833
(1, 1, 1)
2
(44, 36)
-> Request 5
1155
(3, 1, 2)
1
(63, 76)
-> Request 6
1160
(2, 2, 2)
2
(24, 14)
-> Request 7
1270
(1, 3, 1)
3
(58, 72)
--> Day : 4
-> Request 0
169
(4, 1, 1)
1
(53, 71)
-> Request 1
503
(3, 2, 1)
2
(60, 42)
-> Request 2
925
(2, 1, 2)
2
(32, 15)
---> Week : 2
--> Day : 0
-> Request 0
333
(2, 1, 2)
1
(56, 68)
-> Request 1
629
(4, 2, 2)
1
(34, 68)
-> Request 2
832
(1, 2, 2)
3
(59, 31)
-> Request 3
1123
(3, 1, 2)
1
(23, 75)
--> Day : 1
-> Request 0
607
(1, 3, 1)
2
(58, 26)
-> Request 1
754
(3, 2, 2)
1
(28, 14)
-> Request 2
949
(3, 2, 1)
2
(61, 67)
-> Request 3
1225
(4, 2, 2)
1
(55, 38)
-> Request 4
1294
(3, 2, 2)
2
(50, 44)
--> Day : 2
-> Request 0
89
(4, 3, 2)
3
(61, 33)
-> Request 1
911
(2, 1, 1)
3
(48, 42)
-> Request 2
1213
(1, 2, 2)
1
(62, 41)
--> Day : 3
-> Request 0
85
(1, 2, 2)
1
(57, 37)
-> Request 1
138
(3, 1, 2)
2
(4, 10)
-> Request 2
246
(2, 3, 1)
1
(25, 19)
-> Request 3
825
(3, 2, 2)
1
(16, 27)
-> Request 4
994
(3, 2, 1)
1
(70, 56)
-> Request 5
1414
(2, 1, 2)
2
(45, 42)
--> Day : 4
-> Request 0
168
(4, 3, 2)
2
(47, 34)
-> Request 1
169
(4, 1, 1)
1
(55, 45)
-> Request 2
606
(1, 3, 1)
2
(62, 8)
-> Request 3
1123
(2, 3, 1)
3
(57, 37)
-> Request 4
1320
(3, 2, 2)
2
(43, 37)
---> Week : 3
--> Day : 0
-> Request 0
15
(4, 1, 2)
3
(63, 77)
-> Request 1
734
(1, 1, 2)
3
(67, 77)
-> Request 2
1333
(2, 3, 2)
2
(41, 24)
--> Day : 1
-> Request 0
649
(2, 1, 1)
3
(73, 6)
-> Request 1
1261
(1, 3, 2)
2
(54, 29)
--> Day : 2
-> Request 0
13
(1, 3, 1)
1
(71, 74)
-> Request 1
135
(4, 3, 2)
2
(59, 21)
-> Request 2
256
(4, 1, 1)
1
(57, 46)
--> Day : 3
-> Request 0
135
(3, 2, 2)
1
(56, 67)
-> Request 1
1225
(4, 2, 1)
1
(47, 46)
--> Day : 4
-> Request 0
43
(2, 3, 1)
3
(34, 7)
-> Request 1
713
(1, 1, 1)
3
(53, 36)
-> Request 2
742
(4, 3, 1)
3
(43, 33)
-> Request 3
778
(4, 3, 2)
3
(42, 0)
-> Request 4
1328
(3, 1, 2)
1
(51, 37)
---> Week : 4
--> Day : 0
-> Request 0
463
(2, 1, 1)
2
(37, 15)
-> Request 1
1196
(4, 2, 2)
3
(70, 32)
-> Request 2
1251
(4, 2, 1)
1
(45, 40)
-> Request 3
1406
(2, 2, 1)
1
(4, 70)
--> Day : 1
-> Request 0
262
(2, 2, 1)
2
(24, 49)
-> Request 1
995
(2, 2, 1)
3
(64, 77)
-> Request 2
1088
(4, 1, 2)
2
(61, 50)
--> Day : 2
-> Request 0
282
(3, 2, 1)
3
(12, 36)
-> Request 1
620
(2, 1, 1)
1
(65, 76)
-> Request 2
850
(4, 3, 1)
2
(59, 69)
-> Request 3
1284
(3, 3, 2)
2
(57, 39)
--> Day : 3
-> Request 0
127
(4, 3, 2)
3
(17, 22)
-> Request 1
178
(3, 1, 1)
3
(52, 28)
-> Request 2
622
(1, 2, 2)
3
(34, 77)
-> Request 3
693
(3, 3, 2)
1
(54, 32)
-> Request 4
1010
(3, 3, 1)
3
(61, 71)
--> Day : 4
-> Request 0
310
(3, 3, 1)
3
(50, 60)
-> Request 1
627
(2, 3, 1)
1
(2, 24)
-> Request 2
737
(3, 1, 2)
3
(60, 29)
-> Request 3
747
(1, 3, 1)
3
(13, 71)
-> Request 4
955
(4, 1, 2)
1
(62, 77)
---> Week : 5
--> Day : 0
-> Request 0
41
(4, 3, 1)
1
(60, 42)
-> Request 1
104
(3, 2, 1)
1
(46, 31)
-> Request 2
882
(4, 3, 2)
3
(73, 61)
-> Request 3
1210
(4, 3, 1)
3
(69, 79)
-> Request 4
1370
(3, 3, 2)
1
(28, 58)
--> Day : 1
-> Request 0
543
(2, 3, 1)
2
(60, 29)
-> Request 1
774
(4, 2, 2)
3
(57, 46)
--> Day : 2
-> Request 0
106
(2, 3, 2)
3
(15, 25)
-> Request 1
191
(2, 2, 1)
3
(60, 36)
-> Request 2
386
(1, 3, 2)
2
(43, 35)
-> Request 3
900
(3, 3, 2)
3
(67, 9)
-> Request 4
1052
(1, 3, 2)
3
(24, 73)
-> Request 5
1123
(2, 2, 2)
2
(18, 11)
--> Day : 3
-> Request 0
21
(3, 2, 2)
2
(52, 67)
-> Request 1
284
(2, 1, 1)
3
(48, 46)
-> Request 2
324
(2, 2, 1)
1
(76, 62)
-> Request 3
445
(3, 1, 1)
3
(63, 77)
-> Request 4
669
(2, 3, 1)
2
(58, 64)
-> Request 5
973
(1, 1, 1)
3
(55, 38)
-> Request 6
983
(3, 2, 1)
2
(39, 15)
-> Request 7
1314
(2, 2, 2)
2
(58, 56)
--> Day : 4
-> Request 0
62
(2, 1, 1)
3
(51, 44)
-> Request 1
64
(3, 1, 1)
1
(62, 2)
-> Request 2
195
(1, 2, 1)
2
(53, 33)
-> Request 3
454
(1, 3, 2)
1
(40, 69)
-> Request 4
758
(1, 3, 1)
3
(46, 52)
-> Request 5
864
(2, 2, 1)
1
(38, 10)
-> Request 6
1088
(2, 1, 1)
2
(63, 41)
---> Week : 6
--> Day : 0
-> Request 0
367
(1, 1, 2)
3
(78, 43)
-> Request 1
582
(3, 2, 2)
1
(58, 38)
--> Day : 1
-> Request 0
71
(2, 2, 2)
3
(31, 36)
-> Request 1
932
(2, 3, 1)
3
(47, 39)
--> Day : 2
-> Request 0
222
(2, 3, 2)
2
(17, 46)
-> Request 1
777
(2, 1, 2)
3
(61, 70)
-> Request 2
852
(3, 1, 1)
2
(47, 29)
-> Request 3
1080
(4, 2, 2)
2
(9, 15)
-> Request 4
1244
(4, 1, 1)
3
(51, 39)
--> Day : 3
-> Request 0
302
(3, 3, 2)
1
(8, 39)
-> Request 1
348
(2, 2, 2)
2
(6, 79)
-> Request 2
1135
(4, 1, 2)
3
(52, 16)
--> Day : 4
-> Request 0
301
(4, 2, 1)
2
(14, 21)
-> Request 1
1091
(3, 3, 2)
1
(27, 53)
-> Request 2
1104
(1, 1, 1)
3
(16, 32)
---> Week : 7
--> Day : 0
-> Request 0
46
(3, 2, 1)
2
(51, 36)
-> Request 1
51
(4, 1, 1)
2
(57, 31)
-> Request 2
1066
(1, 1, 1)
1
(11, 46)
--> Day : 1
-> Request 0
814
(1, 1, 2)
3
(45, 27)
-> Request 1
958
(4, 3, 1)
2
(58, 1)
-> Request 2
1377
(4, 2, 2)
3
(46, 41)
--> Day : 2
-> Request 0
31
(3, 2, 2)
3
(56, 75)
-> Request 1
565
(1, 2, 2)
2
(49, 31)
-> Request 2
847
(3, 1, 1)
3
(26, 48)
-> Request 3
1295
(1, 2, 1)
2
(57, 64)
-> Request 4
1315
(1, 3, 2)
3
(63, 65)
--> Day : 3
-> Request 0
140
(2, 3, 2)
1
(65, 76)
-> Request 1
490
(2, 2, 2)
1
(49, 39)
-> Request 2
1113
(3, 1, 2)
3
(60, 72)
--> Day : 4
-> Request 0
228
(4, 1, 2)
1
(63, 68)
-> Request 1
556
(4, 1, 1)
2
(29, 21)
-> Request 2
656
(1, 2, 1)
3
(58, 69)
-> Request 3
775
(3, 1, 2)
3
(24, 77)
-> Request 4
843
(2, 3, 2)
2
(52, 68)
-> Request 5
954
(1, 3, 2)
3
(16, 28)
-> Request 6
1408
(4, 1, 2)
3
(53, 42)
---> Week : 8
--> Day : 0
-> Request 0
368
(4, 1, 1)
1
(45, 34)
-> Request 1
553
(1, 2, 2)
1
(61, 75)
-> Request 2
605
(2, 3, 1)
1
(5, 33)
-> Request 3
780
(1, 1, 1)
1
(60, 70)
-> Request 4
850
(4, 1, 2)
3
(28, 62)
-> Request 5
859
(3, 3, 2)
2
(50, 43)
--> Day : 1
-> Request 0
65
(3, 2, 2)
3
(59, 36)
-> Request 1
65
(2, 3, 1)
1
(32, 78)
--> Day : 2
-> Request 0
207
(1, 1, 2)
3
(16, 20)
-> Request 1
311
(1, 3, 2)
3
(47, 31)
-> Request 2
1006
(3, 1, 1)
2
(47, 27)
-> Request 3
1361
(1, 1, 2)
1
(48, 32)
--> Day : 3
-> Request 0
199
(1, 1, 2)
3
(66, 71)
-> Request 1
466
(4, 1, 2)
2
(68, 29)
-> Request 2
850
(1, 3, 2)
2
(52, 33)
-> Request 3
1304
(2, 1, 1)
1
(57, 78)
--> Day : 4
-> Request 0
730
(4, 2, 1)
3
(52, 28)
-> Request 1
987
(1, 1, 2)
2
(11, 27)
-> Request 2
990
(3, 3, 2)
2
(50, 22)
-> Request 3
1180
(4, 3, 2)
1
(51, 69)
-> Request 4
1428
(3, 1, 1)
1
(43, 39)
---> Week : 9
--> Day : 0
-> Request 0
364
(4, 2, 1)
3
(43, 29)
-> Request 1
891
(3, 1, 1)
3
(16, 25)
-> Request 2
905
(1, 2, 1)
3
(28, 9)
-> Request 3
1007
(1, 2, 1)
3
(55, 34)
--> Day : 1
-> Request 0
906
(4, 1, 2)
3
(78, 5)
-> Request 1
996
(4, 3, 1)
3
(63, 74)
-> Request 2
1051
(2, 2, 2)
1
(10, 25)
-> Request 3
1131
(4, 3, 1)
2
(52, 35)
-> Request 4
1207
(3, 3, 2)
3
(54, 64)
--> Day : 2
-> Request 0
7
(3, 3, 2)
1
(47, 45)
-> Request 1
930
(4, 2, 1)
1
(45, 37)
-> Request 2
1178
(1, 3, 2)
2
(11, 38)
--> Day : 3
-> Request 0
426
(1, 3, 2)
2
(54, 68)
-> Request 1
597
(3, 2, 1)
3
(62, 4)
-> Request 2
662
(1, 3, 2)
2
(52, 29)
-> Request 3
1136
(2, 3, 1)
1
(53, 49)
--> Day : 4
-> Request 0
15
(1, 2, 2)
3
(46, 32)
-> Request 1
98
(1, 3, 1)
2
(6, 48)
-> Request 2
290
(1, 1, 2)
2
(56, 41)
-> Request 3
369
(2, 1, 1)
3
(50, 16)
-> Request 4
1069
(2, 3, 2)
2
(55, 27)
---> Week : 10
--> Day : 0
-> Request 0
292
(1, 2, 2)
3
(11, 77)
-> Request 1
779
(4, 3, 2)
3
(20, 13)
-> Request 2
978
(3, 1, 2)
2
(46, 11)
--> Day : 1
-> Request 0
228
(2, 1, 1)
2
(13, 48)
-> Request 1
470
(2, 3, 1)
3
(45, 56)
-> Request 2
498
(2, 2, 2)
2
(58, 34)
-> Request 3
699
(3, 3, 1)
2
(32, 56)
-> Request 4
967
(3, 2, 1)
1
(44, 39)
--> Day : 2
-> Request 0
673
(1, 3, 1)
3
(11, 25)
-> Request 1
779
(1, 1, 2)
2
(60, 69)
-> Request 2
1119
(3, 1, 2)
1
(55, 76)
-> Request 3
1429
(2, 3, 1)
3
(43, 44)
--> Day : 3
-> Request 0
129
(3, 2, 1)
2
(44, 71)
-> Request 1
531
(1, 3, 1)
3
(35, 68)
-> Request 2
671
(4, 1, 1)
2
(62, 39)
-> Request 3
729
(4, 2, 2)
1
(57, 36)
-> Request 4
756
(1, 1, 1)
2
(66, 73)
--> Day : 4
-> Request 0
149
(3, 1, 1)
3
(1, 25)
-> Request 1
238
(2, 3, 2)
3
(67, 22)
-> Request 2
318
(1, 1, 1)
2
(47, 29)
-> Request 3
866
(3, 2, 2)
1
(45, 39)
---> Week : 11
--> Day : 0
-> Request 0
422
(1, 1, 2)
1
(62, 72)
-> Request 1
446
(3, 3, 1)
2
(63, 72)
-> Request 2
846
(4, 2, 1)
1
(44, 29)
-> Request 3
863
(3, 2, 1)
1
(68, 57)
--> Day : 1
-> Request 0
251
(2, 3, 1)
2
(39, 46)
-> Request 1
413
(3, 1, 2)
3
(55, 45)
-> Request 2
540
(3, 1, 1)
3
(9, 68)
-> Request 3
540
(3, 3, 1)
2
(58, 9)
-> Request 4
594
(1, 2, 2)
1
(56, 28)
-> Request 5
890
(1, 3, 1)
1
(60, 44)
--> Day : 2
-> Request 0
466
(3, 1, 1)
2
(65, 42)
--> Day : 3
-> Request 0
872
(1, 1, 1)
3
(62, 69)
-> Request 1
922
(3, 3, 2)
3
(60, 70)
-> Request 2
1253
(1, 2, 2)
3
(14, 28)
--> Day : 4
-> Request 0
706
(4, 1, 1)
2
(56, 55)
---> Week : 12
--> Day : 0
-> Request 0
109
(3, 3, 1)
3
(51, 10)
-> Request 1
751
(3, 1, 1)
2
(25, 49)
-> Request 2
1010
(2, 2, 1)
2
(66, 69)
--> Day : 1
-> Request 0
253
(3, 3, 1)
2
(70, 36)
-> Request 1
539
(4, 3, 1)
1
(48, 42)
-> Request 2
1287
(1, 3, 2)
3
(59, 77)
--> Day : 2
-> Request 0
754
(1, 3, 1)
1
(17, 41)
--> Day : 3
-> Request 0
354
(1, 2, 1)
1
(15, 20)
-> Request 1
369
(2, 1, 1)
1
(57, 46)
-> Request 2
721
(1, 3, 1)
2
(57, 37)
-> Request 3
912
(3, 1, 2)
3
(37, 8)
--> Day : 4
-> Request 0
164
(1, 3, 1)
2
(51, 1)
-> Request 1
180
(2, 3, 1)
1
(62, 74)
-> Request 2
256
(1, 1, 2)
3
(58, 36)
-> Request 3
1088
(4, 2, 1)
2
(11, 22)
-> Request 4
1406
(2, 1, 2)
2
(45, 38)
---> Week : 13
--> Day : 0
-> Request 0
43
(4, 2, 2)
2
(41, 31)
-> Request 1
793
(1, 1, 2)
2
(52, 70)
-> Request 2
896
(4, 2, 1)
2
(53, 27)
-> Request 3
1135
(3, 1, 2)
3
(58, 73)
-> Request 4
1173
(4, 3, 1)
2
(61, 43)
--> Day : 1
-> Request 0
840
(4, 1, 1)
3
(54, 36)
-> Request 1
900
(1, 2, 2)
1
(56, 32)
--> Day : 2
-> Request 0
5
(1, 2, 2)
1
(12, 29)
-> Request 1
81
(1, 1, 2)
1
(65, 72)
-> Request 2
105
(4, 2, 1)
1
(9, 27)
-> Request 3
618
(1, 1, 2)
2
(11, 23)
-> Request 4
1154
(2, 1, 1)
1
(45, 34)
-> Request 5
1416
(2, 1, 1)
3
(57, 58)
--> Day : 3
-> Request 0
400
(1, 3, 2)
1
(66, 43)
-> Request 1
924
(1, 3, 2)
3
(51, 27)
-> Request 2
953
(3, 2, 2)
1
(1, 31)
-> Request 3
1175
(4, 1, 1)
1
(20, 13)
-> Request 4
1254
(4, 2, 2)
1
(21, 36)
--> Day : 4
-> Request 0
190
(4, 3, 2)
3
(42, 12)
-> Request 1
288
(4, 2, 2)
3
(9, 22)
-> Request 2
475
(3, 1, 2)
3
(70, 41)
-> Request 3
695
(4, 2, 1)
1
(52, 45)
-> Request 4
965
(3, 2, 1)
2
(1, 63)
-> Request 5
1174
(3, 1, 2)
3
(43, 53)
---> Week : 14
--> Day : 0
-> Request 0
112
(4, 1, 1)
1
(63, 67)
-> Request 1
1145
(1, 3, 2)
3
(59, 37)
-> Request 2
1248
(1, 3, 1)
2
(8, 53)
-> Request 3
1339
(4, 1, 1)
2
(34, 18)
--> Day : 1
-> Request 0
481
(4, 2, 1)
1
(47, 38)
-> Request 1
552
(1, 3, 2)
1
(19, 19)
-> Request 2
1046
(4, 2, 2)
3
(56, 41)
-> Request 3
1053
(2, 1, 2)
1
(14, 21)
--> Day : 2
-> Request 0
569
(2, 3, 2)
2
(64, 75)
-> Request 1
813
(2, 2, 2)
2
(6, 53)
--> Day : 3
-> Request 0
197
(3, 1, 2)
1
(17, 25)
-> Request 1
327
(2, 2, 2)
2
(52, 73)
-> Request 2
789
(1, 2, 2)
1
(65, 9)
-> Request 3
915
(2, 1, 2)
2
(64, 32)
-> Request 4
1019
(2, 1, 1)
1
(61, 77)
--> Day : 4
-> Request 0
153
(3, 1, 1)
3
(48, 2)
-> Request 1
338
(2, 3, 1)
3
(76, 9)
-> Request 2
664
(2, 2, 2)
2
(44, 44)
-> Request 3
1024
(3, 2, 2)
3
(57, 34)
-> Request 4
1435
(1, 1, 2)
1
(59, 66)
---> Week : 15
--> Day : 0
-> Request 0
215
(2, 1, 2)
1
(48, 75)
-> Request 1
233
(3, 3, 2)
3
(56, 78)
-> Request 2
471
(4, 1, 1)
2
(71, 33)
-> Request 3
486
(3, 2, 2)
1
(59, 37)
-> Request 4
1056
(2, 1, 2)
2
(58, 66)
-> Request 5
1100
(4, 1, 1)
3
(78, 8)
--> Day : 1
-> Request 0
197
(2, 2, 2)
2
(59, 42)
--> Day : 2
-> Request 0
213
(2, 2, 1)
1
(66, 35)
-> Request 1
540
(4, 1, 1)
1
(58, 74)
-> Request 2
1022
(2, 1, 2)
2
(58, 40)
-> Request 3
1158
(4, 2, 1)
2
(14, 28)
-> Request 4
1192
(3, 1, 2)
1
(38, 8)
--> Day : 3
-> Request 0
19
(2, 3, 1)
1
(62, 69)
-> Request 1
34
(3, 3, 1)
1
(11, 23)
-> Request 2
341
(4, 3, 2)
3
(77, 49)
-> Request 3
397
(4, 2, 2)
3
(5, 5)
-> Request 4
996
(2, 2, 2)
1
(17, 28)
--> Day : 4
-> Request 0
445
(3, 3, 2)
2
(54, 28)
-> Request 1
472
(2, 2, 2)
2
(19, 7)
-> Request 2
539
(2, 1, 1)
1
(45, 8)
-> Request 3
859
(1, 1, 1)
1
(15, 22)
-> Request 4
1142
(2, 3, 2)
1
(10, 22)
---> Week : 16
--> Day : 0
-> Request 0
327
(2, 2, 2)
3
(35, 64)
-> Request 1
1171
(4, 3, 2)
1
(23, 61)
-> Request 2
1297
(4, 2, 1)
1
(17, 68)
--> Day : 1
-> Request 0
471
(4, 1, 1)
2
(49, 56)
-> Request 1
736
(2, 3, 2)
2
(29, 76)
-> Request 2
1104
(4, 3, 1)
2
(71, 29)
-> Request 3
1152
(3, 2, 2)
2
(8, 58)
-> Request 4
1267
(1, 2, 1)
1
(19, 20)
-> Request 5
1378
(4, 3, 2)
1
(72, 69)
-> Request 6
1397
(2, 2, 2)
1
(8, 27)
--> Day : 2
-> Request 0
644
(1, 1, 1)
1
(46, 34)
--> Day : 3
-> Request 0
67
(4, 2, 2)
2
(58, 62)
-> Request 1
466
(3, 1, 2)
1
(53, 35)
-> Request 2
824
(2, 1, 1)
1
(62, 70)
--> Day : 4
-> Request 0
620
(2, 1, 1)
2
(4, 37)
-> Request 1
687
(4, 3, 2)
3
(75, 47)
-> Request 2
987
(3, 3, 1)
1
(46, 29)
-> Request 3
1211
(3, 3, 1)
3
(41, 23)
-> Request 4
1425
(1, 3, 2)
1
(60, 74)
---> Week : 17
--> Day : 0
-> Request 0
157
(2, 2, 2)
1
(4, 4)
-> Request 1
657
(4, 3, 1)
3
(55, 21)
-> Request 2
1030
(3, 2, 2)
1
(52, 65)
-> Request 3
1370
(3, 3, 2)
1
(20, 32)
--> Day : 1
-> Request 0
85
(2, 2, 2)
3
(59, 72)
-> Request 1
246
(4, 3, 1)
2
(8, 20)
-> Request 2
519
(4, 3, 1)
1
(54, 45)
-> Request 3
695
(2, 1, 1)
3
(5, 55)
--> Day : 2
-> Request 0
11
(2, 3, 2)
2
(54, 29)
-> Request 1
792
(1, 2, 1)
1
(56, 31)
-> Request 2
852
(4, 2, 2)
2
(59, 9)
-> Request 3
967
(3, 3, 1)
3
(55, 23)
-> Request 4
1197
(2, 1, 2)
3
(77, 63)
--> Day : 3
-> Request 0
291
(3, 2, 2)
1
(40, 48)
-> Request 1
428
(4, 1, 2)
2
(16, 67)
-> Request 2
485
(1, 2, 1)
3
(44, 9)
-> Request 3
715
(3, 1, 1)
2
(52, 45)
-> Request 4
727
(1, 1, 1)
3
(48, 29)
--> Day : 4
-> Request 0
248
(1, 2, 1)
2
(59, 27)
-> Request 1
785
(1, 1, 1)
3
(68, 75)
-> Request 2
1093
(3, 2, 2)
1
(70, 1)
-> Request 3
1388
(1, 3, 1)
1
(54, 38)
---> Week : 18
--> Day : 0
-> Request 0
90
(2, 2, 2)
1
(35, 36)
-> Request 1
594
(4, 1, 1)
2
(62, 66)
--> Day : 1
-> Request 0
115
(3, 3, 1)
3
(65, 76)
-> Request 1
710
(1, 3, 2)
1
(55, 40)
-> Request 2
1033
(1, 2, 2)
1
(21, 16)
-> Request 3
1267
(1, 2, 2)
3
(53, 76)
--> Day : 2
-> Request 0
5
(4, 2, 2)
2
(54, 36)
-> Request 1
414
(3, 1, 1)
2
(73, 15)
-> Request 2
1185
(2, 2, 1)
3
(49, 46)
--> Day : 3
-> Request 0
62
(1, 2, 1)
2
(68, 7)
-> Request 1
1076
(3, 3, 1)
1
(67, 15)
-> Request 2
1086
(2, 3, 2)
3
(56, 43)
--> Day : 4
-> Request 0
577
(1, 1, 1)
3
(78, 77)
-> Request 1
1417
(3, 2, 1)
2
(64, 61)
---> Week : 19
--> Day : 0
-> Request 0
245
(1, 3, 2)
3
(76, 78)
-> Request 1
287
(3, 2, 1)
3
(46, 36)
-> Request 2
289
(3, 1, 2)
1
(45, 10)
--> Day : 1
-> Request 0
297
(1, 3, 2)
2
(38, 40)
-> Request 1
642
(3, 3, 2)
3
(76, 66)
-> Request 2
921
(2, 1, 1)
2
(57, 67)
-> Request 3
1055
(3, 1, 2)
1
(10, 26)
-> Request 4
1087
(4, 1, 1)
1
(16, 21)
-> Request 5
1099
(3, 2, 2)
1
(16, 10)
-> Request 6
1146
(4, 1, 1)
1
(50, 39)
-> Request 7
1269
(1, 3, 2)
2
(63, 64)
-> Request 8
1370
(1, 1, 2)
1
(53, 44)
--> Day : 2
-> Request 0
86
(3, 1, 2)
3
(5, 43)
-> Request 1
303
(4, 2, 1)
1
(51, 49)
-> Request 2
484
(4, 2, 2)
3
(45, 27)
-> Request 3
958
(3, 1, 2)
2
(37, 17)
-> Request 4
1203
(1, 2, 1)
2
(64, 72)
-> Request 5
1300
(4, 3, 2)
1
(9, 65)
-> Request 6
1425
(1, 2, 1)
2
(75, 69)
--> Day : 3
-> Request 0
466
(4, 2, 2)
3
(4, 47)
-> Request 1
1029
(3, 2, 1)
3
(48, 33)
--> Day : 4
-> Request 0
423
(4, 1, 2)
2
(58, 64)
-> Request 1
453
(2, 3, 1)
1
(48, 30)
-> Request 2
1427
(4, 3, 2)
2
(35, 4)
