---> Week : 0
--> Day : 0
-> Request 0
606
(4, 1, 2)
2
(15, 71)
-> Request 1
949
(4, 3, 2)
3
(59, 45)
-> Request 2
1012
(3, 2, 2)
1
(50, 41)
-> Request 3
1165
(1, 1, 1)
3
(60, 65)
-> Request 4
1319
(2, 2, 2)
1
(49, 27)
--> Day : 1
-> Request 0
464
(2, 3, 1)
1
(14, 26)
-> Request 1
465
(2, 1, 1)
3
(72, 79)
-> Request 2
1331
(3, 1, 2)
2
(62, 76)
--> Day : 2
-> Request 0
17
(2, 2, 1)
2
(9, 39)
-> Request 1
231
(4, 2, 2)
3
(49, 5)
-> Request 2
281
(3, 3, 1)
1
(56, 29)
-> Request 3
1012
(4, 1, 2)
2
(20, 23)
-> Request 4
1310
(3, 1, 2)
1
(46, 23)
--> Day : 3
-> Request 0
161
(2, 1, 2)
2
(48, 27)
-> Request 1
362
(3, 2, 1)
3
(7, 35)
-> Request 2
504
(4, 1, 2)
3
(66, 3)
-> Request 3
903
(4, 1, 1)
3
(64, 65)
-> Request 4
1060
(4, 1, 2)
2
(78, 30)
--> Day : 4
-> Request 0
171
(4, 3, 2)
3
(19, 31)
-> Request 1
952
(4, 1, 2)
3
(29, 79)
---> Week : 1
--> Day : 0
-> Request 0
103
(3, 2, 2)
3
(12, 29)
-> Request 1
338
(2, 2, 2)
2
(19, 28)
-> Request 2
853
(1, 1, 1)
2
(55, 28)
-> Request 3
960
(1, 2, 2)
3
(66, 72)
-> Request 4
1145
(1, 3, 2)
2
(40, 15)
--> Day : 1
-> Request 0
17
(3, 1, 1)
3
(55, 67)
-> Request 1
403
(2, 3, 1)
1
(63, 9)
-> Request 2
412
(1, 3, 1)
2
(45, 34)
-> Request 3
864
(2, 1, 1)
2
(57, 78)
--> Day : 2
-> Request 0
75
(1, 3, 1)
2
(51, 39)
-> Request 1
411
(3, 3, 2)
2
(14, 73)
-> Request 2
1322
(2, 3, 2)
2
(50, 40)
-> Request 3
1360
(1, 1, 1)
1
(51, 44)
--> Day : 3
-> Request 0
143
(1, 3, 2)
2
(39, 60)
-> Request 1
1078
(3, 2, 1)
1
(29, 26)
--> Day : 4
-> Request 0
145
(2, 3, 1)
2
(64, 70)
-> Request 1
314
(1, 1, 2)
3
(57, 38)
---> Week : 2
--> Day : 0
-> Request 0
262
(3, 2, 2)
1
(62, 36)
-> Request 1
323
(4, 1, 2)
2
(52, 41)
-> Request 2
393
(1, 3, 2)
2
(44, 3)
-> Request 3
576
(3, 2, 2)
1
(63, 3)
-> Request 4
798
(2, 3, 1)
3
(74, 49)
-> Request 5
866
(2, 3, 1)
2
(35, 42)
-> Request 6
937
(2, 1, 1)
3
(52, 77)
-> Request 7
1187
(4, 3, 2)
2
(54, 45)
--> Day : 1
-> Request 0
252
(3, 1, 2)
3
(50, 43)
-> Request 1
440
(1, 3, 2)
3
(54, 44)
-> Request 2
934
(3, 3, 2)
2
(58, 37)
-> Request 3
963
(2, 3, 1)
2
(73, 59)
-> Request 4
1227
(1, 1, 1)
1
(50, 27)
--> Day : 2
-> Request 0
920
(3, 3, 1)
2
(42, 41)
-> Request 1
1220
(1, 2, 1)
2
(65, 70)
--> Day : 3
-> Request 0
503
(1, 2, 1)
3
(15, 1)
-> Request 1
629
(3, 3, 1)
3
(52, 75)
-> Request 2
831
(2, 2, 1)
3
(53, 43)
-> Request 3
1089
(2, 1, 2)
1
(62, 70)
--> Day : 4
-> Request 0
25
(1, 2, 2)
2
(58, 74)
-> Request 1
348
(1, 2, 1)
1
(48, 35)
-> Request 2
579
(3, 1, 2)
3
(32, 65)
-> Request 3
666
(4, 1, 1)
3
(52, 33)
-> Request 4
703
(4, 3, 1)
3
(55, 72)
-> Request 5
1054
(2, 2, 1)
3
(45, 45)
---> Week : 3
--> Day : 0
-> Request 0
233
(4, 3, 1)
3
(13, 23)
-> Request 1
975
(4, 1, 1)
3
(47, 19)
-> Request 2
1258
(4, 2, 2)
2
(36, 37)
--> Day : 1
-> Request 0
539
(4, 3, 2)
1
(54, 32)
-> Request 1
607
(3, 2, 1)
3
(54, 33)
-> Request 2
628
(1, 2, 1)
1
(22, 37)
-> Request 3
1300
(4, 1, 1)
2
(60, 34)
-> Request 4
1306
(4, 1, 2)
1
(60, 74)
-> Request 5
1414
(2, 3, 2)
2
(17, 28)
--> Day : 2
-> Request 0
688
(1, 3, 1)
2
(62, 38)
--> Day : 3
-> Request 0
101
(4, 3, 2)
3
(60, 45)
-> Request 1
469
(2, 2, 1)
1
(60, 68)
-> Request 2
792
(1, 2, 1)
3
(42, 15)
-> Request 3
1063
(1, 3, 1)
3
(42, 52)
--> Day : 4
-> Request 0
159
(4, 1, 1)
2
(44, 33)
-> Request 1
474
(1, 3, 2)
1
(66, 68)
-> Request 2
1020
(3, 2, 2)
3
(59, 43)
-> Request 3
1054
(1, 2, 2)
2
(74, 56)
-> Request 4
1089
(3, 1, 1)
3
(51, 34)
---> Week : 4
--> Day : 0
-> Request 0
284
(4, 3, 2)
3
(43, 24)
-> Request 1
379
(3, 1, 1)
2
(46, 38)
-> Request 2
440
(4, 2, 2)
1
(35, 50)
-> Request 3
811
(3, 1, 2)
1
(76, 37)
-> Request 4
1292
(3, 2, 1)
3
(45, 35)
--> Day : 1
-> Request 0
145
(3, 3, 2)
3
(17, 26)
-> Request 1
477
(2, 1, 1)
2
(46, 38)
-> Request 2
712
(3, 2, 2)
2
(44, 33)
-> Request 3
759
(4, 3, 1)
3
(78, 43)
-> Request 4
1067
(4, 2, 1)
2
(38, 31)
-> Request 5
1069
(2, 1, 2)
3
(16, 27)
--> Day : 2
-> Request 0
839
(2, 1, 1)
2
(53, 68)
--> Day : 3
-> Request 0
1174
(1, 3, 2)
2
(52, 27)
--> Day : 4
-> Request 0
1017
(2, 3, 2)
1
(57, 36)
---> Week : 5
--> Day : 0
-> Request 0
564
(3, 2, 1)
2
(49, 27)
-> Request 1
1302
(4, 3, 2)
1
(44, 8)
--> Day : 1
-> Request 0
28
(3, 2, 2)
1
(77, 64)
-> Request 1
100
(4, 2, 1)
3
(32, 64)
-> Request 2
173
(4, 2, 2)
1
(57, 39)
--> Day : 2
-> Request 0
199
(4, 2, 2)
1
(73, 75)
-> Request 1
875
(4, 1, 2)
2
(70, 35)
-> Request 2
989
(2, 3, 2)
1
(30, 20)
-> Request 3
1221
(2, 1, 1)
1
(56, 74)
-> Request 4
1383
(3, 2, 1)
1
(55, 70)
--> Day : 3
-> Request 0
438
(3, 1, 2)
2
(62, 31)
-> Request 1
986
(1, 1, 1)
2
(73, 37)
-> Request 2
1397
(4, 2, 1)
3
(48, 45)
--> Day : 4
-> Request 0
176
(4, 2, 1)
3
(8, 28)
-> Request 1
318
(3, 1, 2)
1
(44, 30)
---> Week : 6
--> Day : 0
-> Request 0
144
(1, 3, 2)
1
(64, 23)
-> Request 1
194
(1, 3, 2)
1
(62, 27)
--> Day : 1
-> Request 0
184
(3, 3, 1)
3
(45, 10)
-> Request 1
262
(3, 1, 1)
1
(59, 75)
-> Request 2
297
(3, 3, 2)
2
(45, 47)
-> Request 3
420
(1, 2, 1)
2
(60, 39)
-> Request 4
779
(3, 3, 2)
2
(26, 18)
-> Request 5
887
(1, 1, 1)
2
(42, 66)
-> Request 6
1267
(2, 2, 2)
3
(61, 45)
-> Request 7
1323
(4, 3, 1)
3
(51, 69)
--> Day : 2
-> Request 0
723
(4, 3, 1)
1
(47, 10)
-> Request 1
801
(2, 2, 1)
1
(56, 34)
-> Request 2
916
(4, 3, 1)
3
(15, 29)
--> Day : 3
-> Request 0
187
(1, 2, 1)
3
(52, 64)
-> Request 1
630
(1, 2, 2)
1
(55, 37)
-> Request 2
945
(3, 2, 1)
1
(16, 25)
--> Day : 4
-> Request 0
2
(1, 1, 1)
2
(47, 40)
-> Request 1
19
(2, 1, 2)
1
(11, 73)
-> Request 2
410
(4, 1, 1)
2
(58, 77)
-> Request 3
1011
(2, 2, 2)
1
(62, 76)
---> Week : 7
--> Day : 0
-> Request 0
399
(1, 1, 2)
2
(39, 30)
-> Request 1
631
(2, 3, 1)
3
(54, 46)
-> Request 2
985
(4, 2, 1)
3
(57, 35)
--> Day : 1
-> Request 0
509
(1, 1, 2)
3
(60, 34)
-> Request 1
987
(3, 1, 1)
2
(68, 20)
-> Request 2
1425
(1, 1, 2)
1
(73, 54)
--> Day : 2
-> Request 0
57
(2, 1, 1)
3
(37, 71)
-> Request 1
486
(2, 1, 2)
1
(58, 31)
-> Request 2
497
(3, 3, 1)
1
(10, 22)
-> Request 3
721
(3, 2, 2)
3
(13, 60)
-> Request 4
740
(1, 1, 2)
1
(54, 29)
-> Request 5
959
(2, 2, 1)
1
(62, 37)
-> Request 6
1047
(3, 2, 1)
1
(49, 57)
-> Request 7
1252
(1, 3, 1)
1
(9, 48)
--> Day : 3
-> Request 0
315
(3, 3, 2)
3
(58, 12)
-> Request 1
369
(1, 3, 1)
2
(63, 67)
-> Request 2
916
(1, 1, 2)
2
(43, 40)
-> Request 3
1017
(1, 2, 1)
3
(8, 27)
-> Request 4
1309
(2, 3, 2)
3
(11, 23)
--> Day : 4
-> Request 0
72
(1, 1, 2)
1
(56, 73)
-> Request 1
144
(4, 1, 1)
3
(60, 34)
-> Request 2
565
(1, 2, 1)
2
(35, 76)
-> Request 3
804
(4, 3, 2)
3
(2, 66)
---> Week : 8
--> Day : 0
-> Request 0
303
(3, 1, 2)
1
(71, 64)
-> Request 1
1147
(2, 1, 1)
3
(51, 13)
-> Request 2
1437
(3, 3, 2)
1
(19, 34)
--> Day : 1
-> Request 0
282
(1, 1, 2)
2
(55, 38)
-> Request 1
679
(1, 1, 2)
1
(53, 32)
-> Request 2
723
(2, 1, 2)
2
(48, 29)
--> Day : 2
--> Day : 3
-> Request 0
248
(1, 3, 2)
1
(49, 76)
-> Request 1
502
(4, 2, 1)
1
(0, 45)
-> Request 2
531
(1, 1, 1)
1
(15, 27)
-> Request 3
833
(2, 2, 1)
2
(45, 55)
-> Request 4
1347
(1, 1, 2)
2
(56, 78)
--> Day : 4
-> Request 0
1
(1, 1, 2)
1
(11, 5)
-> Request 1
146
(4, 2, 1)
3
(53, 71)
-> Request 2
298
(4, 3, 2)
3
(37, 18)
-> Request 3
477
(4, 3, 2)
1
(44, 35)
-> Request 4
511
(2, 3, 1)
1
(0, 13)
-> Request 5
665
(3, 3, 2)
2
(40, 21)
-> Request 6
718
(3, 3, 2)
1
(64, 75)
-> Request 7
1135
(2, 3, 1)
3
(0, 33)
-> Request 8
1137
(4, 2, 2)
1
(38, 78)
---> Week : 9
--> Day : 0
--> Day : 1
-> Request 0
491
(3, 3, 1)
1
(58, 42)
-> Request 1
977
(1, 3, 2)
1
(38, 42)
-> Request 2
1128
(3, 3, 1)
3
(34, 55)
-> Request 3
1333
(3, 2, 1)
1
(55, 29)
--> Day : 2
-> Request 0
473
(4, 3, 2)
3
(66, 74)
-> Request 1
849
(3, 2, 2)
3
(6, 58)
-> Request 2
951
(3, 2, 2)
3
(17, 27)
-> Request 3
1187
(4, 2, 1)
3
(11, 21)
--> Day : 3
-> Request 0
526
(2, 2, 1)
3
(70, 3)
-> Request 1
848
(3, 1, 2)
3
(2, 14)
-> Request 2
1154
(4, 3, 2)
2
(65, 68)
-> Request 3
1160
(1, 1, 1)
1
(63, 66)
-> Request 4
1163
(4, 1, 2)
3
(54, 32)
--> Day : 4
-> Request 0
869
(1, 3, 1)
3
(62, 36)
-> Request 1
967
(4, 2, 1)
3
(55, 38)
-> Request 2
1134
(2, 3, 1)
3
(57, 40)
---> Week : 10
--> Day : 0
-> Request 0
149
(3, 3, 1)
3
(63, 64)
--> Day : 1
-> Request 0
128
(1, 3, 1)
1
(73, 15)
-> Request 1
177
(4, 1, 1)
3
(66, 70)
-> Request 2
1010
(4, 3, 1)
3
(11, 25)
-> Request 3
1160
(4, 3, 1)
1
(62, 70)
-> Request 4
1338
(2, 1, 1)
1
(57, 68)
-> Request 5
1413
(1, 2, 1)
2
(12, 69)
--> Day : 2
-> Request 0
53
(4, 3, 1)
2
(58, 69)
-> Request 1
164
(2, 1, 1)
1
(78, 69)
-> Request 2
219
(1, 3, 2)
2
(55, 45)
-> Request 3
366
(4, 2, 1)
2
(11, 67)
-> Request 4
509
(4, 2, 1)
3
(21, 75)
-> Request 5
862
(1, 1, 1)
3
(57, 69)
-> Request 6
1206
(2, 1, 2)
3
(49, 42)
-> Request 7
1358
(4, 3, 2)
2
(47, 43)
--> Day : 3
-> Request 0
188
(2, 3, 2)
3
(43, 64)
-> Request 1
294
(3, 3, 2)
1
(59, 75)
-> Request 2
593
(3, 2, 1)
3
(20, 5)
--> Day : 4
-> Request 0
711
(2, 1, 2)
1
(24, 42)
-> Request 1
748
(2, 1, 2)
3
(41, 75)
---> Week : 11
--> Day : 0
-> Request 0
729
(4, 1, 1)
3
(8, 28)
-> Request 1
815
(1, 2, 2)
1
(13, 20)
-> Request 2
1342
(2, 1, 2)
3
(33, 59)
-> Request 3
1428
(3, 2, 2)
3
(61, 45)
--> Day : 1
-> Request 0
151
(1, 1, 1)
1
(5, 57)
-> Request 1
784
(1, 1, 2)
3
(54, 63)
-> Request 2
866
(2, 3, 1)
3
(53, 29)
-> Request 3
1023
(4, 1, 2)
1
(14, 15)
--> Day : 2
-> Request 0
889
(2, 2, 2)
3
(54, 45)
-> Request 1
893
(3, 3, 1)
3
(64, 74)
-> Request 2
1268
(3, 1, 1)
2
(1, 3)
-> Request 3
1392
(3, 1, 1)
3
(48, 48)
--> Day : 3
-> Request 0
137
(1, 1, 1)
3
(73, 15)
-> Request 1
461
(4, 1, 1)
3
(59, 50)
-> Request 2
566
(2, 2, 1)
2
(46, 40)
-> Request 3
955
(2, 1, 1)
3
(0, 67)
-> Request 4
1284
(1, 3, 1)
2
(57, 68)
--> Day : 4
-> Request 0
255
(2, 3, 2)
1
(52, 38)
-> Request 1
781
(3, 2, 1)
3
(30, 22)
---> Week : 12
--> Day : 0
-> Request 0
175
(2, 1, 2)
1
(42, 23)
-> Request 1
426
(3, 1, 1)
2
(54, 12)
-> Request 2
550
(3, 2, 2)
1
(13, 19)
-> Request 3
749
(3, 2, 2)
2
(50, 43)
-> Request 4
1046
(2, 1, 1)
1
(45, 27)
-> Request 5
1148
(2, 1, 2)
2
(62, 36)
-> Request 6
1260
(1, 2, 2)
2
(40, 34)
--> Day : 1
-> Request 0
352
(4, 3, 2)
2
(61, 57)
--> Day : 2
-> Request 0
653
(1, 1, 2)
1
(48, 36)
-> Request 1
714
(4, 1, 1)
3
(65, 69)
-> Request 2
1252
(1, 1, 1)
1
(60, 69)
-> Request 3
1380
(2, 3, 1)
3
(9, 7)
--> Day : 3
-> Request 0
572
(2, 1, 1)
1
(52, 40)
-> Request 1
928
(2, 3, 2)
3
(17, 60)
-> Request 2
1222
(1, 3, 2)
3
(10, 22)
--> Day : 4
-> Request 0
961
(4, 2, 2)
3
(63, 71)
-> Request 1
1425
(3, 2, 2)
2
(25, 70)
---> Week : 13
--> Day : 0
-> Request 0
728
(3, 2, 2)
2
(69, 69)
-> Request 1
1056
(2, 1, 1)
1
(14, 26)
-> Request 2
1366
(3, 1, 1)
1
(32, 39)
--> Day : 1
-> Request 0
271
(3, 3, 1)
2
(59, 73)
-> Request 1
605
(2, 1, 1)
3
(38, 72)
--> Day : 2
-> Request 0
114
(4, 1, 1)
2
(46, 66)
-> Request 1
150
(2, 1, 2)
1
(57, 50)
-> Request 2
278
(2, 2, 1)
1
(55, 66)
-> Request 3
374
(4, 3, 1)
1
(3, 3)
--> Day : 3
-> Request 0
157
(1, 3, 1)
1
(71, 69)
-> Request 1
213
(3, 3, 2)
2
(63, 69)
-> Request 2
297
(2, 1, 1)
3
(33, 19)
-> Request 3
454
(1, 1, 1)
1
(51, 29)
-> Request 4
541
(1, 3, 2)
2
(76, 20)
-> Request 5
605
(2, 1, 1)
3
(34, 63)
-> Request 6
949
(2, 3, 2)
1
(59, 27)
-> Request 7
1046
(3, 1, 1)
1
(41, 29)
-> Request 8
1166
(3, 2, 2)
2
(56, 28)
--> Day : 4
-> Request 0
8
(2, 1, 2)
2
(6, 66)
-> Request 1
27
(3, 1, 2)
3
(57, 43)
-> Request 2
191
(1, 1, 1)
1
(45, 35)
-> Request 3
615
(2, 2, 1)
1
(55, 72)
-> Request 4
725
(2, 3, 1)
1
(71, 0)
-> Request 5
1056
(2, 3, 2)
3
(66, 71)
-> Request 6
1068
(2, 3, 2)
3
(12, 27)
-> Request 7
1412
(1, 1, 1)
3
(45, 45)
---> Week : 14
--> Day : 0
-> Request 0
618
(3, 1, 1)
1
(40, 19)
-> Request 1
708
(3, 3, 1)
2
(66, 22)
--> Day : 1
-> Request 0
472
(2, 2, 1)
3
(58, 30)
-> Request 1
512
(4, 1, 1)
2
(48, 45)
-> Request 2
1272
(1, 3, 2)
3
(57, 35)
-> Request 3
1284
(2, 2, 1)
3
(48, 48)
--> Day : 2
-> Request 0
787
(1, 2, 1)
3
(45, 37)
-> Request 1
1168
(2, 2, 2)
2
(43, 44)
-> Request 2
1314
(4, 1, 2)
2
(53, 44)
--> Day : 3
-> Request 0
76
(2, 1, 1)
3
(58, 78)
-> Request 1
232
(2, 3, 1)
2
(60, 71)
-> Request 2
455
(3, 3, 2)
2
(4, 13)
-> Request 3
1023
(1, 3, 1)
1
(8, 26)
--> Day : 4
-> Request 0
21
(1, 1, 2)
2
(50, 52)
-> Request 1
312
(2, 3, 2)
3
(75, 57)
-> Request 2
395
(3, 2, 2)
1
(47, 39)
-> Request 3
442
(2, 1, 1)
1
(49, 37)
-> Request 4
864
(1, 3, 2)
3
(16, 71)
-> Request 5
1214
(2, 2, 1)
2
(20, 23)
---> Week : 15
--> Day : 0
-> Request 0
88
(1, 1, 2)
2
(57, 75)
-> Request 1
486
(1, 1, 1)
2
(2, 68)
-> Request 2
701
(1, 3, 1)
3
(6, 23)
-> Request 3
1382
(2, 3, 1)
3
(16, 29)
--> Day : 1
-> Request 0
431
(1, 3, 1)
3
(56, 35)
-> Request 1
1316
(4, 1, 1)
1
(54, 74)
--> Day : 2
-> Request 0
304
(1, 2, 1)
1
(40, 3)
-> Request 1
390
(2, 2, 1)
3
(13, 28)
-> Request 2
826
(2, 1, 2)
1
(27, 37)
-> Request 3
852
(3, 2, 2)
1
(52, 46)
-> Request 4
1324
(2, 3, 1)
1
(47, 40)
--> Day : 3
-> Request 0
223
(2, 3, 2)
2
(8, 29)
-> Request 1
272
(3, 1, 1)
1
(12, 28)
-> Request 2
745
(4, 2, 2)
3
(60, 37)
-> Request 3
780
(2, 3, 1)
1
(58, 11)
--> Day : 4
-> Request 0
235
(3, 1, 2)
1
(47, 43)
-> Request 1
947
(2, 3, 1)
1
(58, 46)
-> Request 2
1200
(3, 1, 2)
2
(52, 44)
-> Request 3
1413
(4, 2, 2)
3
(44, 40)
---> Week : 16
--> Day : 0
-> Request 0
307
(1, 3, 1)
2
(54, 72)
-> Request 1
1223
(1, 1, 2)
1
(30, 60)
--> Day : 1
-> Request 0
587
(4, 2, 2)
2
(60, 43)
-> Request 1
892
(1, 3, 1)
3
(56, 30)
--> Day : 2
-> Request 0
295
(3, 3, 1)
2
(78, 2)
-> Request 1
305
(4, 3, 2)
3
(55, 77)
-> Request 2
460
(3, 2, 2)
3
(61, 32)
-> Request 3
671
(4, 1, 2)
1
(61, 67)
-> Request 4
766
(4, 3, 2)
1
(72, 79)
-> Request 5
1076
(1, 1, 2)
3
(66, 14)
-> Request 6
1167
(2, 1, 1)
2
(9, 71)
-> Request 7
1181
(3, 3, 1)
2
(52, 39)
-> Request 8
1304
(2, 3, 2)
3
(49, 0)
--> Day : 3
-> Request 0
458
(4, 3, 2)
1
(54, 46)
-> Request 1
484
(2, 3, 2)
2
(60, 43)
-> Request 2
688
(1, 1, 2)
2
(76, 0)
-> Request 3
1056
(4, 3, 1)
2
(52, 71)
-> Request 4
1411
(4, 3, 2)
1
(14, 24)
--> Day : 4
-> Request 0
65
(1, 1, 1)
3
(72, 56)
-> Request 1
72
(3, 3, 1)
1
(5, 31)
-> Request 2
773
(4, 3, 2)
2
(12, 25)
-> Request 3
783
(1, 3, 1)
2
(43, 45)
-> Request 4
1165
(3, 3, 1)
1
(28, 45)
---> Week : 17
--> Day : 0
-> Request 0
801
(2, 1, 2)
2
(14, 23)
-> Request 1
868
(3, 2, 2)
1
(47, 60)
-> Request 2
959
(4, 1, 2)
1
(65, 66)
-> Request 3
976
(4, 3, 2)
1
(57, 36)
-> Request 4
1173
(3, 3, 1)
3
(23, 7)
-> Request 5
1401
(1, 2, 2)
1
(67, 48)
--> Day : 1
-> Request 0
87
(2, 2, 1)
3
(79, 21)
-> Request 1
94
(1, 1, 1)
3
(58, 40)
-> Request 2
464
(2, 3, 1)
3
(15, 24)
-> Request 3
721
(1, 2, 1)
2
(58, 74)
-> Request 4
906
(4, 1, 1)
2
(65, 69)
--> Day : 2
-> Request 0
570
(4, 3, 2)
2
(40, 69)
-> Request 1
989
(3, 3, 1)
3
(10, 21)
-> Request 2
994
(1, 2, 2)
1
(6, 45)
-> Request 3
1205
(4, 2, 1)
1
(10, 64)
--> Day : 3
-> Request 0
274
(1, 1, 1)
2
(24, 22)
-> Request 1
317
(1, 1, 2)
3
(66, 67)
-> Request 2
339
(1, 2, 1)
3
(2, 62)
-> Request 3
547
(2, 1, 1)
1
(47, 30)
-> Request 4
861
(1, 3, 2)
1
(57, 29)
-> Request 5
963
(2, 3, 1)
1
(57, 77)
-> Request 6
1066
(2, 3, 2)
1
(52, 29)
-> Request 7
1180
(4, 3, 1)
1
(69, 33)
--> Day : 4
-> Request 0
190
(4, 3, 1)
2
(58, 45)
-> Request 1
448
(2, 3, 2)
1
(47, 40)
-> Request 2
833
(4, 3, 2)
1
(56, 30)
-> Request 3
920
(4, 1, 1)
2
(56, 64)
---> Week : 18
--> Day : 0
-> Request 0
341
(2, 3, 1)
3
(44, 40)
-> Request 1
934
(3, 3, 1)
1
(54, 68)
-> Request 2
1359
(2, 1, 2)
2
(47, 29)
--> Day : 1
-> Request 0
406
(2, 1, 2)
2
(57, 35)
-> Request 1
1067
(3, 1, 2)
3
(66, 68)
--> Day : 2
-> Request 0
197
(1, 3, 1)
3
(36, 18)
-> Request 1
437
(4, 1, 1)
3
(46, 44)
-> Request 2
920
(1, 2, 1)
1
(48, 54)
-> Request 3
1118
(1, 3, 2)
2
(31, 74)
--> Day : 3
-> Request 0
324
(4, 1, 2)
2
(57, 33)
-> Request 1
380
(1, 1, 1)
1
(44, 36)
--> Day : 4
---> Week : 19
--> Day : 0
-> Request 0
277
(2, 2, 1)
2
(61, 77)
-> Request 1
338
(3, 2, 2)
3
(3, 14)
-> Request 2
410
(2, 2, 2)
2
(53, 76)
--> Day : 1
-> Request 0
7
(3, 3, 2)
3
(65, 65)
-> Request 1
157
(2, 1, 1)
2
(43, 3)
-> Request 2
657
(2, 2, 1)
3
(59, 38)
-> Request 3
950
(4, 2, 1)
2
(43, 46)
-> Request 4
1048
(3, 2, 1)
1
(49, 73)
-> Request 5
1127
(1, 2, 2)
2
(73, 65)
--> Day : 2
-> Request 0
126
(3, 1, 2)
3
(30, 69)
--> Day : 3
-> Request 0
246
(3, 2, 2)
1
(3, 59)
-> Request 1
598
(2, 3, 1)
2
(48, 39)
-> Request 2
789
(1, 1, 1)
1
(69, 59)
-> Request 3
991
(3, 1, 2)
1
(21, 47)
-> Request 4
1041
(3, 1, 1)
1
(44, 42)
-> Request 5
1111
(2, 3, 1)
3
(45, 5)
--> Day : 4
-> Request 0
626
(2, 3, 1)
3
(7, 50)
-> Request 1
1066
(4, 1, 1)
1
(47, 42)
