---> Week : 0
--> Day : 0
-> Request 0
1075
(2, 2, 2)
2
(59, 46)
-> Request 1
1146
(1, 2, 2)
1
(55, 68)
-> Request 2
1153
(2, 2, 1)
1
(51, 45)
--> Day : 1
-> Request 0
240
(3, 2, 1)
1
(52, 70)
-> Request 1
353
(1, 1, 2)
3
(44, 50)
-> Request 2
707
(3, 1, 2)
1
(1, 77)
-> Request 3
1007
(2, 1, 2)
1
(44, 10)
-> Request 4
1072
(2, 1, 1)
2
(58, 0)
-> Request 5
1392
(4, 3, 2)
3
(62, 33)
--> Day : 2
-> Request 0
166
(4, 3, 2)
1
(63, 31)
-> Request 1
181
(2, 1, 1)
3
(53, 71)
-> Request 2
622
(4, 3, 1)
3
(56, 33)
-> Request 3
1166
(1, 2, 2)
3
(59, 30)
--> Day : 3
-> Request 0
67
(4, 3, 1)
2
(52, 78)
-> Request 1
108
(3, 1, 1)
1
(45, 58)
-> Request 2
112
(4, 2, 1)
3
(44, 40)
-> Request 3
392
(4, 2, 1)
2
(59, 64)
-> Request 4
442
(3, 1, 2)
1
(52, 46)
-> Request 5
690
(2, 2, 2)
3
(60, 37)
-> Request 6
913
(3, 3, 2)
3
(1, 26)
-> Request 7
1088
(3, 3, 2)
2
(32, 76)
-> Request 8
1153
(1, 2, 2)
1
(49, 38)
-> Request 9
1192
(4, 1, 1)
1
(9, 21)
--> Day : 4
-> Request 0
239
(3, 3, 1)
1
(8, 27)
-> Request 1
316
(4, 2, 2)
2
(8, 17)
-> Request 2
797
(2, 3, 2)
2
(60, 44)
-> Request 3
868
(3, 2, 2)
2
(56, 30)
-> Request 4
1096
(4, 2, 1)
3
(41, 64)
---> Week : 1
--> Day : 0
-> Request 0
107
(4, 2, 2)
2
(76, 35)
-> Request 1
152
(1, 1, 1)
2
(71, 21)
-> Request 2
174
(4, 2, 2)
1
(63, 66)
-> Request 3
485
(2, 3, 2)
2
(52, 30)
-> Request 4
563
(2, 1, 2)
3
(49, 42)
-> Request 5
575
(4, 2, 2)
1
(39, 76)
-> Request 6
1338
(2, 1, 2)
1
(77, 8)
--> Day : 1
-> Request 0
547
(3, 2, 2)
3
(17, 27)
-> Request 1
702
(3, 1, 2)
3
(57, 64)
-> Request 2
708
(4, 2, 1)
2
(65, 77)
--> Day : 2
-> Request 0
344
(3, 2, 2)
1
(16, 66)
--> Day : 3
-> Request 0
268
(4, 2, 1)
3
(3, 19)
-> Request 1
611
(2, 2, 2)
3
(62, 45)
-> Request 2
869
(2, 3, 2)
2
(52, 45)
-> Request 3
1069
(3, 1, 1)
2
(2, 77)
-> Request 4
1306
(2, 3, 1)
2
(63, 60)
-> Request 5
1417
(1, 3, 1)
3
(78, 66)
--> Day : 4
-> Request 0
284
(1, 3, 2)
1
(13, 27)
-> Request 1
659
(2, 1, 2)
3
(49, 33)
---> Week : 2
--> Day : 0
-> Request 0
36
(3, 1, 2)
2
(79, 39)
-> Request 1
979
(4, 1, 1)
3
(57, 64)
-> Request 2
1310
(3, 3, 2)
3
(29, 38)
--> Day : 1
-> Request 0
31
(2, 1, 1)
3
(67, 67)
-> Request 1
202
(4, 3, 2)
1
(23, 66)
-> Request 2
473
(4, 2, 1)
2
(18, 51)
-> Request 3
1189
(3, 2, 2)
3
(65, 70)
--> Day : 2
-> Request 0
62
(1, 3, 1)
3
(15, 23)
-> Request 1
294
(2, 2, 1)
3
(48, 32)
-> Request 2
955
(4, 3, 2)
1
(55, 17)
-> Request 3
1243
(2, 3, 1)
1
(8, 24)
--> Day : 3
-> Request 0
38
(2, 3, 1)
2
(62, 34)
-> Request 1
827
(3, 3, 2)
1
(43, 25)
-> Request 2
925
(3, 2, 1)
3
(62, 44)
--> Day : 4
-> Request 0
343
(4, 3, 2)
1
(30, 42)
-> Request 1
402
(4, 3, 1)
1
(58, 33)
-> Request 2
533
(2, 1, 1)
1
(64, 43)
-> Request 3
907
(2, 3, 1)
1
(41, 35)
-> Request 4
1017
(2, 2, 2)
3
(9, 28)
-> Request 5
1162
(3, 2, 2)
2
(61, 66)
---> Week : 3
--> Day : 0
-> Request 0
441
(4, 3, 1)
1
(61, 30)
-> Request 1
501
(2, 2, 2)
3
(43, 28)
-> Request 2
1337
(4, 3, 1)
1
(25, 21)
--> Day : 1
-> Request 0
339
(3, 2, 1)
2
(4, 11)
-> Request 1
467
(2, 3, 1)
2
(61, 70)
--> Day : 2
-> Request 0
874
(3, 3, 2)
3
(52, 39)
-> Request 1
1226
(3, 3, 2)
3
(54, 44)
-> Request 2
1409
(2, 1, 1)
1
(72, 27)
--> Day : 3
-> Request 0
10
(2, 2, 2)
3
(74, 14)
-> Request 1
738
(3, 1, 1)
3
(38, 63)
--> Day : 4
-> Request 0
262
(3, 3, 1)
2
(66, 66)
-> Request 1
362
(2, 1, 2)
2
(13, 21)
-> Request 2
1033
(2, 1, 1)
1
(60, 27)
---> Week : 4
--> Day : 0
-> Request 0
745
(2, 3, 1)
1
(9, 41)
-> Request 1
831
(3, 3, 2)
2
(46, 34)
--> Day : 1
-> Request 0
1371
(4, 1, 1)
3
(56, 27)
--> Day : 2
-> Request 0
445
(3, 2, 2)
3
(18, 13)
-> Request 1
1129
(1, 1, 1)
1
(2, 38)
-> Request 2
1381
(2, 1, 2)
3
(20, 20)
-> Request 3
1412
(1, 1, 1)
1
(45, 12)
--> Day : 3
-> Request 0
38
(2, 3, 1)
2
(79, 29)
-> Request 1
130
(4, 3, 1)
1
(64, 64)
-> Request 2
207
(3, 1, 2)
1
(77, 65)
--> Day : 4
-> Request 0
1
(2, 1, 2)
2
(55, 74)
-> Request 1
882
(1, 1, 2)
3
(41, 11)
-> Request 2
1009
(1, 1, 2)
1
(53, 36)
-> Request 3
1021
(3, 1, 1)
2
(73, 11)
-> Request 4
1117
(4, 3, 2)
3
(51, 44)
---> Week : 5
--> Day : 0
-> Request 0
76
(2, 3, 1)
3
(54, 64)
-> Request 1
378
(2, 3, 1)
1
(44, 33)
-> Request 2
381
(4, 2, 1)
1
(60, 42)
-> Request 3
479
(3, 2, 1)
3
(54, 18)
-> Request 4
524
(4, 3, 2)
2
(70, 43)
-> Request 5
562
(3, 2, 2)
3
(29, 27)
-> Request 6
1151
(3, 1, 1)
2
(63, 64)
--> Day : 1
-> Request 0
108
(2, 2, 1)
2
(55, 39)
-> Request 1
439
(3, 2, 2)
3
(54, 41)
-> Request 2
904
(4, 3, 1)
1
(64, 10)
--> Day : 2
-> Request 0
726
(4, 2, 2)
1
(6, 7)
-> Request 1
1308
(1, 3, 2)
2
(77, 30)
--> Day : 3
-> Request 0
136
(1, 2, 2)
3
(1, 36)
-> Request 1
428
(3, 2, 2)
1
(12, 24)
-> Request 2
635
(2, 3, 2)
3
(43, 29)
-> Request 3
1113
(4, 2, 1)
2
(55, 41)
--> Day : 4
-> Request 0
314
(1, 3, 2)
2
(56, 44)
-> Request 1
433
(1, 2, 2)
3
(62, 74)
-> Request 2
487
(4, 3, 1)
1
(52, 7)
-> Request 3
487
(1, 2, 2)
3
(40, 22)
-> Request 4
1082
(4, 3, 1)
1
(55, 68)
-> Request 5
1431
(3, 2, 1)
2
(62, 49)
---> Week : 6
--> Day : 0
-> Request 0
163
(2, 2, 1)
1
(3, 28)
-> Request 1
194
(4, 3, 1)
2
(3, 60)
-> Request 2
771
(2, 1, 2)
1
(56, 74)
-> Request 3
982
(2, 1, 2)
3
(10, 26)
-> Request 4
1400
(4, 1, 1)
2
(66, 70)
-> Request 5
1401
(4, 1, 1)
1
(61, 28)
--> Day : 1
-> Request 0
511
(4, 1, 1)
1
(64, 66)
-> Request 1
986
(1, 1, 1)
1
(70, 41)
-> Request 2
1238
(1, 3, 2)
2
(10, 27)
-> Request 3
1432
(4, 3, 2)
2
(66, 36)
--> Day : 2
-> Request 0
584
(3, 3, 2)
3
(53, 30)
-> Request 1
683
(2, 2, 1)
3
(9, 24)
-> Request 2
789
(2, 3, 2)
1
(77, 7)
-> Request 3
810
(1, 3, 2)
3
(55, 71)
-> Request 4
1003
(4, 1, 1)
1
(59, 73)
-> Request 5
1197
(4, 1, 1)
2
(66, 67)
-> Request 6
1322
(4, 2, 1)
1
(16, 27)
-> Request 7
1325
(3, 2, 1)
2
(45, 31)
--> Day : 3
-> Request 0
40
(2, 2, 1)
1
(48, 44)
-> Request 1
90
(1, 1, 1)
3
(73, 61)
-> Request 2
575
(4, 2, 1)
3
(45, 37)
-> Request 3
1124
(3, 1, 2)
2
(60, 38)
--> Day : 4
-> Request 0
87
(1, 3, 2)
2
(60, 70)
-> Request 1
106
(4, 1, 1)
3
(64, 65)
-> Request 2
378
(4, 2, 1)
2
(51, 33)
-> Request 3
456
(3, 1, 1)
2
(59, 41)
---> Week : 7
--> Day : 0
-> Request 0
122
(4, 1, 2)
2
(39, 0)
-> Request 1
173
(3, 1, 2)
2
(53, 40)
-> Request 2
630
(1, 2, 1)
1
(65, 73)
-> Request 3
746
(2, 3, 2)
1
(55, 66)
-> Request 4
938
(4, 3, 2)
2
(31, 60)
-> Request 5
1140
(2, 2, 2)
3
(1, 60)
--> Day : 1
-> Request 0
964
(4, 1, 2)
3
(55, 42)
-> Request 1
1072
(4, 1, 2)
3
(49, 36)
-> Request 2
1165
(3, 2, 2)
2
(8, 56)
-> Request 3
1288
(3, 1, 1)
2
(44, 30)
-> Request 4
1433
(2, 3, 2)
2
(25, 58)
--> Day : 2
-> Request 0
316
(3, 3, 1)
2
(52, 52)
-> Request 1
997
(3, 1, 1)
2
(44, 28)
-> Request 2
1030
(4, 2, 1)
1
(64, 67)
-> Request 3
1035
(1, 1, 1)
3
(58, 33)
-> Request 4
1106
(4, 2, 2)
2
(1, 10)
--> Day : 3
-> Request 0
124
(2, 2, 1)
1
(59, 57)
-> Request 1
265
(1, 3, 2)
1
(17, 51)
-> Request 2
1196
(3, 2, 1)
3
(12, 24)
-> Request 3
1412
(4, 1, 2)
2
(11, 28)
--> Day : 4
-> Request 0
431
(1, 2, 1)
3
(47, 32)
-> Request 1
770
(1, 3, 2)
2
(32, 48)
-> Request 2
1091
(3, 1, 2)
3
(52, 28)
---> Week : 8
--> Day : 0
-> Request 0
355
(3, 1, 2)
1
(34, 59)
-> Request 1
744
(4, 1, 2)
3
(33, 57)
-> Request 2
1192
(2, 3, 2)
2
(2, 21)
--> Day : 1
-> Request 0
64
(4, 3, 2)
2
(51, 36)
-> Request 1
114
(2, 2, 1)
1
(47, 32)
-> Request 2
191
(3, 2, 2)
1
(79, 51)
-> Request 3
577
(3, 1, 2)
1
(38, 14)
-> Request 4
637
(1, 3, 1)
3
(49, 29)
-> Request 5
848
(3, 3, 2)
2
(48, 33)
-> Request 6
1155
(2, 1, 1)
1
(48, 29)
-> Request 7
1321
(2, 3, 2)
3
(52, 27)
--> Day : 2
-> Request 0
4
(3, 1, 2)
1
(59, 42)
-> Request 1
675
(2, 3, 1)
1
(67, 32)
-> Request 2
1159
(1, 3, 2)
2
(54, 37)
--> Day : 3
-> Request 0
353
(3, 2, 1)
1
(52, 27)
-> Request 1
369
(2, 1, 2)
3
(47, 42)
-> Request 2
510
(4, 1, 2)
2
(41, 33)
-> Request 3
569
(1, 2, 2)
3
(63, 68)
-> Request 4
1209
(3, 2, 1)
2
(62, 74)
-> Request 5
1265
(2, 1, 2)
1
(72, 55)
-> Request 6
1330
(3, 2, 1)
3
(46, 32)
--> Day : 4
-> Request 0
32
(2, 2, 2)
1
(10, 63)
-> Request 1
1168
(4, 2, 2)
3
(1, 65)
---> Week : 9
--> Day : 0
-> Request 0
249
(3, 1, 2)
1
(37, 76)
-> Request 1
365
(4, 1, 1)
2
(30, 69)
-> Request 2
963
(1, 1, 1)
2
(45, 37)
-> Request 3
1225
(1, 2, 2)
1
(46, 38)
--> Day : 1
-> Request 0
847
(2, 1, 2)
1
(9, 17)
-> Request 1
1028
(4, 3, 1)
2
(56, 36)
-> Request 2
1111
(4, 2, 2)
2
(49, 31)
--> Day : 2
-> Request 0
413
(3, 3, 2)
1
(57, 71)
-> Request 1
921
(2, 2, 1)
2
(39, 15)
--> Day : 3
-> Request 0
434
(2, 3, 1)
3
(0, 5)
-> Request 1
558
(2, 2, 2)
2
(47, 20)
-> Request 2
1149
(1, 3, 1)
1
(60, 56)
-> Request 3
1272
(4, 2, 2)
2
(61, 75)
--> Day : 4
-> Request 0
379
(4, 3, 2)
1
(58, 72)
-> Request 1
1099
(3, 1, 1)
1
(13, 18)
-> Request 2
1123
(3, 2, 1)
1
(3, 6)
-> Request 3
1183
(1, 3, 1)
3
(58, 28)
-> Request 4
1205
(4, 3, 2)
1
(52, 46)
---> Week : 10
--> Day : 0
-> Request 0
101
(3, 3, 2)
3
(43, 36)
-> Request 1
481
(4, 2, 1)
1
(50, 43)
-> Request 2
936
(2, 2, 2)
2
(33, 77)
-> Request 3
1010
(3, 3, 2)
1
(15, 34)
-> Request 4
1035
(2, 3, 2)
3
(63, 69)
--> Day : 1
-> Request 0
952
(2, 2, 1)
2
(48, 10)
-> Request 1
1388
(4, 1, 2)
3
(58, 27)
--> Day : 2
-> Request 0
282
(4, 1, 2)
3
(48, 35)
-> Request 1
698
(3, 2, 1)
3
(66, 68)
-> Request 2
963
(1, 3, 2)
2
(66, 75)
--> Day : 3
-> Request 0
174
(1, 3, 1)
1
(56, 67)
-> Request 1
803
(1, 1, 2)
3
(60, 28)
-> Request 2
918
(2, 1, 1)
3
(29, 72)
-> Request 3
1074
(2, 3, 2)
3
(77, 41)
--> Day : 4
-> Request 0
525
(1, 1, 1)
3
(62, 30)
-> Request 1
562
(1, 3, 2)
2
(69, 45)
-> Request 2
603
(1, 3, 2)
3
(6, 48)
-> Request 3
936
(3, 3, 2)
3
(54, 75)
-> Request 4
1313
(4, 1, 1)
2
(50, 56)
---> Week : 11
--> Day : 0
-> Request 0
57
(4, 2, 1)
2
(46, 30)
-> Request 1
166
(3, 1, 2)
3
(14, 28)
-> Request 2
724
(2, 3, 1)
1
(58, 49)
-> Request 3
752
(1, 2, 1)
2
(2, 44)
-> Request 4
1169
(3, 1, 1)
1
(1, 77)
-> Request 5
1204
(2, 2, 2)
3
(42, 18)
--> Day : 1
-> Request 0
656
(3, 3, 2)
3
(41, 52)
-> Request 1
1219
(4, 2, 2)
3
(57, 65)
-> Request 2
1349
(2, 3, 1)
3
(47, 41)
--> Day : 2
-> Request 0
255
(1, 2, 1)
1
(42, 41)
-> Request 1
354
(4, 1, 1)
3
(74, 17)
-> Request 2
742
(1, 1, 1)
2
(72, 30)
-> Request 3
1006
(3, 1, 1)
2
(77, 34)
-> Request 4
1099
(3, 2, 1)
2
(66, 1)
-> Request 5
1288
(2, 3, 2)
2
(54, 74)
--> Day : 3
-> Request 0
1
(1, 1, 2)
3
(59, 75)
--> Day : 4
-> Request 0
6
(2, 1, 2)
3
(31, 6)
-> Request 1
534
(4, 1, 2)
2
(58, 70)
-> Request 2
709
(1, 3, 1)
2
(6, 63)
-> Request 3
1142
(1, 1, 2)
2
(49, 35)
-> Request 4
1154
(3, 3, 2)
2
(21, 70)
-> Request 5
1210
(3, 3, 1)
1
(65, 13)
---> Week : 12
--> Day : 0
-> Request 0
197
(3, 3, 1)
1
(65, 77)
-> Request 1
521
(4, 3, 1)
2
(75, 52)
-> Request 2
584
(1, 2, 2)
3
(43, 35)
--> Day : 1
-> Request 0
420
(4, 2, 1)
1
(55, 64)
-> Request 1
847
(4, 3, 1)
2
(49, 34)
--> Day : 2
-> Request 0
441
(2, 3, 2)
3
(56, 37)
-> Request 1
465
(1, 3, 1)
2
(20, 46)
-> Request 2
1073
(4, 2, 1)
2
(60, 76)
--> Day : 3
-> Request 0
58
(4, 2, 1)
3
(77, 56)
-> Request 1
200
(3, 3, 1)
2
(43, 73)
-> Request 2
546
(3, 3, 1)
3
(35, 76)
--> Day : 4
-> Request 0
76
(2, 1, 2)
2
(57, 67)
-> Request 1
111
(3, 1, 2)
3
(59, 44)
-> Request 2
188
(1, 2, 2)
2
(14, 21)
-> Request 3
483
(4, 1, 2)
1
(13, 66)
-> Request 4
639
(2, 1, 2)
1
(77, 66)
-> Request 5
642
(3, 2, 1)
2
(16, 34)
-> Request 6
927
(2, 1, 1)
3
(4, 50)
-> Request 7
985
(2, 2, 2)
1
(59, 35)
---> Week : 13
--> Day : 0
-> Request 0
213
(3, 3, 2)
1
(75, 23)
-> Request 1
418
(1, 1, 2)
1
(25, 53)
-> Request 2
1306
(1, 2, 1)
2
(76, 57)
--> Day : 1
-> Request 0
431
(1, 1, 1)
3
(2, 29)
-> Request 1
818
(3, 3, 2)
2
(12, 60)
-> Request 2
1417
(3, 3, 2)
2
(62, 36)
--> Day : 2
-> Request 0
531
(3, 3, 1)
1
(45, 43)
-> Request 1
605
(3, 3, 1)
3
(67, 77)
-> Request 2
636
(4, 1, 1)
3
(76, 65)
-> Request 3
733
(1, 3, 1)
1
(9, 22)
-> Request 4
964
(3, 3, 1)
1
(47, 19)
--> Day : 3
-> Request 0
710
(2, 3, 2)
2
(60, 69)
-> Request 1
907
(1, 3, 1)
1
(74, 24)
-> Request 2
1109
(1, 2, 1)
3
(53, 37)
--> Day : 4
-> Request 0
268
(2, 2, 2)
3
(24, 51)
-> Request 1
303
(4, 2, 2)
3
(59, 1)
-> Request 2
1072
(1, 1, 2)
1
(41, 77)
-> Request 3
1108
(3, 2, 2)
2
(48, 40)
---> Week : 14
--> Day : 0
-> Request 0
141
(3, 3, 1)
2
(51, 44)
-> Request 1
600
(3, 3, 2)
3
(39, 18)
--> Day : 1
-> Request 0
103
(3, 3, 2)
2
(50, 42)
-> Request 1
637
(2, 3, 1)
1
(57, 71)
-> Request 2
911
(1, 1, 2)
3
(61, 28)
--> Day : 2
-> Request 0
265
(3, 2, 1)
2
(56, 68)
-> Request 1
1407
(4, 1, 1)
1
(31, 8)
-> Request 2
1408
(1, 1, 1)
2
(48, 7)
--> Day : 3
-> Request 0
438
(1, 3, 2)
3
(58, 65)
-> Request 1
1114
(4, 3, 1)
1
(60, 30)
--> Day : 4
-> Request 0
201
(1, 1, 1)
1
(45, 11)
-> Request 1
222
(1, 2, 1)
1
(53, 45)
-> Request 2
500
(3, 3, 2)
3
(49, 28)
-> Request 3
1040
(2, 1, 1)
2
(17, 14)
-> Request 4
1420
(1, 2, 1)
1
(29, 55)
---> Week : 15
--> Day : 0
-> Request 0
770
(3, 3, 2)
2
(43, 37)
-> Request 1
1185
(4, 2, 2)
1
(42, 32)
--> Day : 1
-> Request 0
282
(4, 3, 1)
1
(1, 18)
-> Request 1
785
(3, 1, 1)
2
(37, 37)
-> Request 2
1371
(1, 3, 1)
3
(18, 67)
-> Request 3
1423
(1, 3, 2)
2
(61, 34)
--> Day : 2
-> Request 0
363
(2, 3, 2)
1
(61, 45)
-> Request 1
1104
(1, 1, 2)
1
(46, 23)
-> Request 2
1258
(3, 1, 1)
3
(17, 21)
--> Day : 3
--> Day : 4
-> Request 0
122
(4, 3, 2)
2
(50, 35)
-> Request 1
225
(1, 3, 2)
2
(76, 50)
-> Request 2
651
(4, 1, 1)
2
(8, 43)
-> Request 3
938
(4, 2, 1)
2
(58, 67)
-> Request 4
973
(4, 3, 2)
3
(58, 27)
-> Request 5
1033
(3, 2, 2)
2
(58, 65)
---> Week : 16
--> Day : 0
-> Request 0
762
(2, 1, 2)
2
(63, 77)
-> Request 1
942
(2, 3, 2)
1
(17, 21)
--> Day : 1
-> Request 0
91
(3, 3, 1)
2
(76, 8)
-> Request 1
547
(3, 1, 1)
3
(46, 44)
-> Request 2
776
(1, 2, 2)
1
(18, 33)
-> Request 3
805
(3, 2, 1)
3
(52, 65)
-> Request 4
833
(4, 1, 2)
1
(47, 42)
-> Request 5
982
(4, 3, 1)
1
(72, 62)
-> Request 6
990
(3, 1, 2)
2
(55, 53)
--> Day : 2
-> Request 0
548
(4, 2, 2)
1
(67, 31)
-> Request 1
676
(4, 2, 1)
3
(27, 32)
--> Day : 3
-> Request 0
203
(1, 1, 2)
3
(20, 34)
-> Request 1
214
(3, 2, 2)
2
(38, 3)
-> Request 2
293
(1, 1, 2)
2
(61, 37)
-> Request 3
537
(2, 3, 2)
1
(44, 28)
-> Request 4
782
(1, 2, 2)
1
(41, 24)
--> Day : 4
-> Request 0
168
(4, 2, 1)
1
(54, 66)
-> Request 1
257
(1, 1, 2)
2
(77, 51)
-> Request 2
320
(1, 2, 1)
1
(7, 66)
-> Request 3
435
(4, 2, 2)
2
(65, 40)
-> Request 4
494
(1, 3, 2)
3
(41, 74)
-> Request 5
531
(3, 1, 2)
3
(51, 21)
-> Request 6
1165
(2, 3, 2)
2
(57, 64)
-> Request 7
1283
(4, 3, 2)
1
(52, 5)
-> Request 8
1343
(2, 1, 2)
2
(30, 49)
---> Week : 17
--> Day : 0
-> Request 0
329
(4, 1, 1)
1
(63, 0)
-> Request 1
553
(2, 3, 2)
2
(44, 42)
-> Request 2
586
(4, 2, 2)
3
(56, 43)
-> Request 3
643
(4, 2, 1)
1
(75, 20)
-> Request 4
1017
(4, 2, 2)
3
(59, 73)
-> Request 5
1025
(3, 1, 1)
2
(6, 72)
-> Request 6
1195
(2, 3, 2)
3
(14, 28)
--> Day : 1
-> Request 0
371
(4, 1, 1)
3
(66, 65)
-> Request 1
371
(1, 3, 1)
2
(12, 24)
-> Request 2
705
(3, 1, 1)
2
(46, 42)
--> Day : 2
-> Request 0
34
(1, 1, 2)
1
(51, 46)
-> Request 1
400
(3, 1, 2)
2
(52, 74)
-> Request 2
686
(4, 3, 1)
2
(49, 29)
-> Request 3
923
(1, 1, 1)
2
(56, 76)
--> Day : 3
-> Request 0
591
(2, 1, 1)
3
(55, 71)
--> Day : 4
-> Request 0
260
(3, 1, 2)
1
(48, 35)
-> Request 1
698
(3, 3, 2)
1
(55, 38)
-> Request 2
966
(1, 2, 2)
3
(57, 71)
-> Request 3
1063
(2, 3, 2)
1
(53, 37)
-> Request 4
1405
(1, 3, 2)
2
(51, 46)
---> Week : 18
--> Day : 0
-> Request 0
146
(4, 3, 1)
1
(79, 50)
-> Request 1
234
(3, 1, 1)
2
(64, 72)
-> Request 2
410
(4, 2, 2)
2
(51, 74)
-> Request 3
491
(2, 3, 2)
3
(75, 55)
--> Day : 1
-> Request 0
381
(2, 3, 1)
2
(10, 20)
-> Request 1
383
(4, 1, 1)
3
(62, 12)
-> Request 2
893
(4, 3, 2)
1
(70, 9)
-> Request 3
1426
(4, 1, 2)
3
(21, 37)
--> Day : 2
-> Request 0
415
(2, 3, 1)
3
(62, 65)
-> Request 1
499
(4, 1, 2)
2
(15, 11)
-> Request 2
577
(4, 1, 2)
1
(51, 44)
-> Request 3
1421
(1, 1, 1)
3
(49, 45)
--> Day : 3
-> Request 0
3
(2, 3, 1)
3
(15, 73)
-> Request 1
168
(4, 3, 2)
2
(51, 53)
-> Request 2
241
(2, 2, 2)
3
(19, 16)
-> Request 3
528
(4, 3, 2)
3
(62, 34)
-> Request 4
672
(4, 3, 1)
1
(49, 38)
-> Request 5
967
(1, 2, 1)
1
(45, 35)
-> Request 6
1053
(3, 2, 1)
3
(4, 28)
--> Day : 4
-> Request 0
913
(2, 3, 2)
1
(24, 57)
---> Week : 19
--> Day : 0
-> Request 0
487
(3, 1, 1)
3
(24, 21)
-> Request 1
680
(1, 1, 1)
1
(0, 0)
-> Request 2
1310
(2, 2, 1)
3
(74, 33)
--> Day : 1
-> Request 0
562
(2, 3, 1)
2
(53, 28)
-> Request 1
615
(3, 2, 2)
3
(54, 43)
-> Request 2
1164
(1, 3, 2)
1
(76, 68)
-> Request 3
1209
(4, 2, 2)
2
(44, 34)
--> Day : 2
-> Request 0
317
(3, 2, 2)
2
(9, 22)
-> Request 1
657
(4, 1, 1)
3
(33, 2)
-> Request 2
827
(2, 1, 1)
2
(61, 72)
-> Request 3
842
(2, 2, 1)
2
(27, 16)
--> Day : 3
-> Request 0
329
(3, 3, 1)
2
(13, 56)
-> Request 1
831
(4, 2, 1)
2
(63, 65)
-> Request 2
1249
(3, 3, 1)
3
(6, 47)
-> Request 3
1392
(1, 3, 1)
1
(50, 31)
--> Day : 4
-> Request 0
77
(1, 3, 1)
1
(39, 9)
-> Request 1
151
(1, 1, 1)
2
(63, 65)
-> Request 2
462
(4, 3, 1)
2
(62, 72)
-> Request 3
1080
(1, 3, 2)
1
(64, 49)
-> Request 4
1135
(2, 1, 1)
2
(43, 39)
-> Request 5
1295
(1, 1, 2)
1
(27, 66)
