---> Week : 0
--> Day : 0
-> Request 0
149
(1, 2, 2)
1
(57, 35)
-> Request 1
258
(1, 2, 1)
3
(51, 68)
-> Request 2
472
(3, 2, 1)
3
(49, 32)
-> Request 3
887
(3, 3, 1)
3
(56, 64)
-> Request 4
1115
(4, 2, 2)
3
(10, 67)
-> Request 5
1399
(4, 1, 2)
2
(10, 29)
--> Day : 1
-> Request 0
15
(3, 3, 2)
1
(47, 30)
-> Request 1
185
(3, 1, 1)
3
(54, 64)
-> Request 2
539
(2, 1, 2)
3
(52, 69)
-> Request 3
1306
(1, 2, 2)
1
(46, 44)
-> Request 4
1344
(1, 2, 2)
2
(28, 40)
--> Day : 2
-> Request 0
232
(1, 2, 1)
3
(10, 27)
-> Request 1
1400
(4, 1, 2)
2
(51, 43)
--> Day : 3
-> Request 0
368
(1, 2, 1)
1
(57, 29)
-> Request 1
613
(3, 2, 1)
2
(60, 32)
-> Request 2
1019
(4, 1, 2)
1
(41, 10)
-> Request 3
1064
(1, 3, 1)
2
(54, 68)
-> Request 4
1120
(2, 3, 2)
3
(40, 12)
-> Request 5
1122
(3, 3, 2)
2
(16, 27)
-> Request 6
1192
(3, 1, 1)
3
(13, 24)
--> Day : 4
-> Request 0
419
(4, 2, 1)
1
(19, 67)
-> Request 1
837
(1, 2, 2)
2
(59, 29)
-> Request 2
943
(4, 1, 1)
3
(1, 66)
-> Request 3
992
(3, 3, 1)
3
(54, 64)
-> Request 4
1208
(1, 1, 1)
3
(13, 62)
---> Week : 1
--> Day : 0
-> Request 0
165
(2, 2, 2)
1
(47, 43)
-> Request 1
249
(2, 1, 2)
3
(65, 65)
-> Request 2
345
(3, 3, 2)
1
(49, 37)
-> Request 3
420
(2, 3, 1)
3
(42, 5)
--> Day : 1
-> Request 0
115
(4, 1, 2)
1
(66, 63)
-> Request 1
487
(2, 2, 2)
2
(26, 51)
-> Request 2
620
(1, 3, 2)
3
(17, 58)
-> Request 3
1136
(3, 3, 1)
3
(11, 27)
--> Day : 2
-> Request 0
607
(4, 2, 2)
2
(12, 26)
-> Request 1
1198
(1, 1, 1)
2
(58, 42)
-> Request 2
1274
(1, 2, 2)
3
(62, 74)
--> Day : 3
-> Request 0
780
(4, 1, 1)
3
(17, 21)
--> Day : 4
-> Request 0
130
(1, 1, 1)
3
(11, 27)
-> Request 1
176
(1, 1, 1)
3
(73, 38)
-> Request 2
239
(4, 1, 1)
1
(60, 28)
-> Request 3
261
(3, 3, 2)
1
(16, 27)
-> Request 4
658
(4, 3, 1)
3
(66, 67)
-> Request 5
705
(4, 1, 2)
3
(66, 71)
-> Request 6
1189
(3, 1, 1)
1
(77, 67)
-> Request 7
1237
(2, 1, 2)
3
(14, 22)
---> Week : 2
--> Day : 0
-> Request 0
167
(4, 3, 2)
3
(46, 44)
-> Request 1
308
(4, 3, 1)
2
(55, 65)
-> Request 2
495
(3, 2, 1)
1
(47, 46)
-> Request 3
647
(3, 1, 2)
3
(56, 43)
-> Request 4
1120
(4, 1, 2)
2
(71, 53)
--> Day : 1
-> Request 0
102
(3, 3, 1)
1
(45, 42)
-> Request 1
403
(1, 1, 1)
2
(54, 43)
-> Request 2
902
(2, 2, 2)
3
(48, 76)
-> Request 3
1137
(4, 3, 2)
1
(61, 22)
-> Request 4
1423
(1, 1, 1)
3
(59, 27)
--> Day : 2
-> Request 0
42
(3, 3, 2)
3
(49, 44)
--> Day : 3
-> Request 0
34
(3, 1, 1)
1
(71, 15)
-> Request 1
286
(1, 3, 1)
3
(57, 39)
-> Request 2
726
(2, 2, 2)
1
(53, 69)
--> Day : 4
-> Request 0
612
(1, 2, 2)
3
(57, 45)
-> Request 1
1108
(4, 3, 2)
3
(36, 52)
---> Week : 3
--> Day : 0
-> Request 0
50
(4, 1, 1)
3
(2, 79)
-> Request 1
868
(3, 3, 2)
3
(39, 22)
-> Request 2
1065
(1, 1, 1)
3
(45, 36)
--> Day : 1
-> Request 0
259
(1, 3, 1)
2
(42, 50)
-> Request 1
273
(2, 2, 1)
3
(61, 36)
-> Request 2
318
(3, 1, 1)
3
(50, 34)
-> Request 3
954
(2, 2, 2)
3
(58, 72)
-> Request 4
1006
(1, 2, 2)
1
(30, 65)
--> Day : 2
-> Request 0
555
(3, 3, 2)
2
(58, 39)
-> Request 1
775
(1, 3, 2)
2
(60, 70)
--> Day : 3
-> Request 0
1194
(1, 1, 1)
2
(71, 67)
-> Request 1
1263
(2, 1, 2)
2
(60, 27)
--> Day : 4
-> Request 0
111
(3, 3, 2)
3
(62, 24)
-> Request 1
269
(3, 2, 2)
3
(79, 58)
-> Request 2
398
(4, 2, 1)
3
(64, 1)
---> Week : 4
--> Day : 0
-> Request 0
89
(1, 3, 2)
1
(65, 70)
-> Request 1
699
(3, 1, 1)
3
(10, 69)
--> Day : 1
-> Request 0
929
(2, 3, 2)
1
(59, 72)
-> Request 1
1038
(4, 3, 1)
1
(14, 24)
-> Request 2
1232
(4, 2, 1)
1
(14, 20)
--> Day : 2
-> Request 0
953
(3, 2, 2)
1
(11, 22)
-> Request 1
1013
(2, 1, 2)
1
(58, 9)
-> Request 2
1362
(3, 1, 2)
1
(58, 74)
--> Day : 3
-> Request 0
83
(2, 2, 1)
2
(11, 35)
-> Request 1
141
(2, 3, 1)
1
(43, 78)
-> Request 2
182
(4, 1, 1)
3
(46, 71)
-> Request 3
458
(3, 2, 2)
2
(10, 14)
--> Day : 4
-> Request 0
211
(2, 2, 1)
3
(46, 31)
-> Request 1
265
(4, 1, 2)
2
(43, 27)
-> Request 2
537
(2, 1, 2)
3
(9, 55)
---> Week : 5
--> Day : 0
-> Request 0
461
(3, 1, 1)
2
(56, 44)
-> Request 1
887
(1, 3, 1)
1
(56, 27)
-> Request 2
1011
(3, 1, 1)
2
(13, 13)
-> Request 3
1163
(2, 3, 2)
1
(62, 67)
--> Day : 1
-> Request 0
698
(3, 2, 1)
1
(32, 46)
-> Request 1
914
(2, 2, 1)
2
(49, 33)
-> Request 2
933
(1, 2, 1)
3
(60, 27)
-> Request 3
1315
(2, 3, 2)
1
(30, 3)
--> Day : 2
-> Request 0
869
(4, 2, 2)
3
(57, 75)
-> Request 1
1387
(2, 2, 2)
3
(43, 36)
-> Request 2
1403
(1, 3, 2)
1
(52, 13)
-> Request 3
1427
(3, 3, 1)
1
(54, 25)
--> Day : 3
-> Request 0
700
(4, 3, 2)
2
(58, 46)
-> Request 1
773
(4, 2, 1)
3
(43, 32)
-> Request 2
1050
(1, 1, 1)
3
(66, 68)
--> Day : 4
-> Request 0
156
(1, 2, 1)
1
(15, 23)
-> Request 1
257
(3, 3, 1)
2
(58, 77)
-> Request 2
681
(3, 1, 2)
2
(54, 28)
-> Request 3
853
(2, 2, 1)
3
(56, 41)
-> Request 4
1350
(1, 3, 2)
3
(63, 18)
---> Week : 6
--> Day : 0
-> Request 0
138
(1, 2, 1)
3
(52, 76)
-> Request 1
381
(4, 1, 2)
3
(13, 66)
-> Request 2
391
(3, 2, 2)
2
(65, 70)
-> Request 3
720
(4, 3, 2)
1
(51, 30)
-> Request 4
797
(2, 2, 2)
1
(51, 45)
--> Day : 1
-> Request 0
4
(1, 1, 1)
2
(16, 21)
-> Request 1
238
(4, 2, 2)
2
(77, 40)
-> Request 2
395
(4, 2, 1)
1
(53, 33)
-> Request 3
657
(3, 2, 1)
1
(56, 73)
--> Day : 2
-> Request 0
345
(4, 3, 1)
2
(46, 0)
-> Request 1
459
(3, 3, 1)
2
(9, 29)
-> Request 2
531
(2, 2, 2)
3
(56, 28)
-> Request 3
1053
(1, 2, 1)
1
(44, 43)
-> Request 4
1053
(2, 3, 1)
1
(76, 41)
-> Request 5
1168
(2, 3, 2)
3
(2, 32)
--> Day : 3
-> Request 0
339
(4, 3, 2)
3
(54, 43)
-> Request 1
939
(2, 1, 1)
2
(12, 27)
-> Request 2
1269
(4, 1, 2)
2
(62, 68)
--> Day : 4
-> Request 0
12
(1, 1, 2)
2
(9, 27)
-> Request 1
135
(4, 2, 2)
1
(69, 6)
-> Request 2
524
(2, 1, 2)
2
(63, 69)
-> Request 3
551
(1, 2, 2)
1
(11, 20)
-> Request 4
981
(2, 2, 1)
3
(75, 67)
-> Request 5
1043
(1, 2, 1)
3
(79, 12)
-> Request 6
1081
(1, 3, 2)
3
(49, 34)
-> Request 7
1184
(1, 2, 1)
3
(46, 77)
---> Week : 7
--> Day : 0
-> Request 0
218
(3, 2, 2)
1
(53, 69)
-> Request 1
562
(4, 3, 2)
2
(9, 26)
-> Request 2
602
(4, 3, 1)
1
(34, 44)
-> Request 3
1141
(4, 3, 2)
2
(72, 43)
-> Request 4
1417
(1, 2, 1)
1
(17, 3)
--> Day : 1
-> Request 0
101
(1, 2, 1)
1
(61, 27)
-> Request 1
983
(4, 3, 1)
2
(48, 29)
--> Day : 2
-> Request 0
602
(1, 1, 1)
2
(59, 74)
-> Request 1
842
(2, 1, 2)
3
(14, 62)
-> Request 2
995
(1, 1, 2)
2
(57, 27)
--> Day : 3
-> Request 0
149
(4, 3, 1)
2
(56, 74)
-> Request 1
818
(4, 2, 2)
2
(9, 62)
-> Request 2
952
(3, 2, 1)
3
(59, 31)
-> Request 3
1006
(4, 3, 1)
1
(63, 27)
-> Request 4
1011
(2, 1, 1)
1
(55, 40)
-> Request 5
1050
(2, 1, 2)
2
(54, 78)
-> Request 6
1151
(2, 1, 2)
2
(10, 23)
-> Request 7
1152
(3, 1, 2)
3
(12, 49)
--> Day : 4
-> Request 0
77
(4, 1, 2)
3
(55, 75)
-> Request 1
730
(4, 2, 1)
2
(49, 28)
-> Request 2
907
(1, 3, 2)
1
(66, 76)
-> Request 3
1143
(2, 3, 2)
3
(57, 46)
-> Request 4
1356
(2, 2, 2)
1
(7, 22)
---> Week : 8
--> Day : 0
-> Request 0
254
(3, 2, 1)
3
(11, 71)
-> Request 1
428
(4, 2, 2)
1
(23, 15)
-> Request 2
786
(3, 1, 2)
1
(55, 78)
-> Request 3
1192
(3, 3, 1)
1
(45, 7)
-> Request 4
1240
(3, 1, 2)
3
(27, 38)
-> Request 5
1437
(3, 3, 2)
1
(38, 37)
--> Day : 1
-> Request 0
333
(3, 1, 1)
3
(67, 29)
-> Request 1
1334
(2, 2, 1)
3
(60, 62)
--> Day : 2
-> Request 0
83
(3, 3, 2)
3
(61, 39)
-> Request 1
324
(3, 1, 1)
2
(12, 25)
-> Request 2
419
(2, 2, 2)
2
(55, 76)
-> Request 3
586
(1, 1, 2)
3
(10, 29)
-> Request 4
741
(3, 3, 2)
3
(48, 41)
-> Request 5
824
(2, 1, 1)
2
(54, 77)
-> Request 6
1026
(1, 1, 1)
3
(67, 75)
-> Request 7
1077
(4, 1, 1)
2
(24, 41)
--> Day : 3
--> Day : 4
-> Request 0
207
(3, 3, 1)
3
(76, 53)
-> Request 1
461
(2, 3, 2)
2
(58, 38)
-> Request 2
550
(2, 1, 1)
3
(66, 75)
-> Request 3
747
(1, 3, 1)
1
(12, 24)
-> Request 4
1112
(1, 2, 2)
2
(14, 30)
---> Week : 9
--> Day : 0
-> Request 0
127
(4, 3, 1)
3
(49, 45)
-> Request 1
142
(4, 1, 1)
1
(45, 73)
-> Request 2
242
(3, 3, 2)
1
(15, 9)
-> Request 3
399
(1, 3, 2)
2
(61, 29)
-> Request 4
531
(1, 3, 2)
2
(45, 34)
-> Request 5
634
(2, 3, 2)
3
(28, 55)
-> Request 6
693
(4, 2, 1)
3
(62, 41)
-> Request 7
1036
(3, 2, 1)
2
(71, 40)
--> Day : 1
-> Request 0
232
(1, 3, 1)
2
(43, 44)
-> Request 1
418
(4, 2, 1)
1
(52, 34)
-> Request 2
591
(1, 3, 1)
3
(64, 71)
-> Request 3
1201
(2, 3, 2)
3
(11, 26)
--> Day : 2
-> Request 0
14
(1, 2, 1)
1
(57, 43)
-> Request 1
32
(1, 3, 2)
2
(60, 34)
-> Request 2
435
(2, 2, 2)
1
(62, 28)
-> Request 3
957
(1, 2, 2)
3
(44, 28)
--> Day : 3
-> Request 0
248
(4, 2, 2)
3
(67, 41)
-> Request 1
766
(3, 1, 1)
2
(44, 40)
-> Request 2
1112
(3, 3, 1)
2
(14, 29)
-> Request 3
1156
(2, 1, 1)
3
(55, 73)
-> Request 4
1414
(2, 3, 1)
1
(31, 15)
--> Day : 4
-> Request 0
279
(2, 1, 2)
1
(43, 45)
-> Request 1
703
(1, 1, 1)
3
(76, 32)
-> Request 2
1322
(4, 3, 2)
1
(6, 14)
-> Request 3
1389
(3, 2, 1)
3
(66, 68)
---> Week : 10
--> Day : 0
-> Request 0
785
(4, 1, 2)
1
(51, 78)
-> Request 1
1385
(2, 1, 1)
1
(58, 41)
--> Day : 1
-> Request 0
234
(3, 2, 1)
3
(12, 27)
-> Request 1
240
(3, 2, 1)
3
(58, 74)
-> Request 2
588
(3, 2, 2)
3
(29, 50)
-> Request 3
621
(2, 3, 2)
1
(52, 72)
-> Request 4
923
(2, 2, 2)
2
(50, 28)
-> Request 5
1301
(2, 2, 2)
1
(50, 35)
--> Day : 2
-> Request 0
801
(2, 1, 2)
3
(3, 75)
-> Request 1
897
(4, 3, 1)
1
(32, 16)
--> Day : 3
-> Request 0
759
(4, 3, 1)
2
(47, 28)
-> Request 1
1152
(2, 3, 2)
1
(72, 52)
--> Day : 4
-> Request 0
711
(1, 1, 2)
2
(14, 1)
-> Request 1
857
(4, 2, 1)
2
(61, 72)
-> Request 2
1209
(1, 3, 2)
3
(43, 31)
---> Week : 11
--> Day : 0
-> Request 0
61
(4, 1, 1)
1
(52, 39)
-> Request 1
156
(4, 1, 2)
3
(28, 78)
-> Request 2
199
(4, 1, 2)
1
(54, 39)
-> Request 3
409
(2, 1, 1)
2
(65, 69)
-> Request 4
411
(3, 2, 2)
3
(49, 44)
-> Request 5
1032
(3, 2, 2)
1
(48, 41)
--> Day : 1
-> Request 0
755
(2, 1, 2)
1
(60, 34)
--> Day : 2
-> Request 0
45
(4, 1, 2)
3
(8, 25)
-> Request 1
202
(3, 3, 2)
3
(11, 33)
-> Request 2
793
(3, 1, 1)
2
(17, 20)
-> Request 3
1096
(1, 1, 1)
2
(56, 43)
--> Day : 3
-> Request 0
954
(1, 3, 1)
2
(44, 15)
-> Request 1
1322
(4, 2, 2)
1
(55, 33)
--> Day : 4
-> Request 0
259
(1, 2, 2)
2
(60, 67)
-> Request 1
367
(1, 2, 1)
1
(62, 27)
-> Request 2
1062
(4, 1, 1)
2
(56, 34)
---> Week : 12
--> Day : 0
-> Request 0
241
(1, 2, 1)
2
(76, 13)
-> Request 1
330
(2, 3, 1)
1
(37, 41)
-> Request 2
354
(1, 3, 1)
3
(50, 38)
-> Request 3
1207
(3, 2, 2)
2
(55, 28)
--> Day : 1
-> Request 0
819
(1, 2, 1)
1
(66, 70)
-> Request 1
819
(4, 3, 2)
1
(58, 35)
--> Day : 2
-> Request 0
28
(1, 2, 1)
1
(35, 53)
-> Request 1
1170
(2, 3, 2)
3
(43, 38)
-> Request 2
1355
(1, 2, 2)
2
(21, 46)
--> Day : 3
-> Request 0
233
(4, 2, 1)
1
(57, 77)
-> Request 1
646
(4, 2, 1)
1
(59, 73)
-> Request 2
1082
(4, 3, 2)
2
(14, 23)
--> Day : 4
-> Request 0
416
(2, 1, 1)
3
(15, 25)
-> Request 1
581
(4, 3, 2)
2
(34, 72)
---> Week : 13
--> Day : 0
-> Request 0
202
(1, 3, 2)
3
(53, 41)
-> Request 1
259
(2, 2, 2)
3
(62, 77)
--> Day : 1
-> Request 0
311
(4, 3, 2)
3
(20, 31)
-> Request 1
707
(3, 1, 1)
2
(56, 40)
-> Request 2
947
(1, 3, 1)
1
(75, 55)
-> Request 3
1105
(2, 3, 1)
1
(43, 38)
--> Day : 2
-> Request 0
467
(3, 1, 2)
2
(64, 70)
-> Request 1
1029
(3, 3, 2)
3
(38, 20)
--> Day : 3
-> Request 0
684
(1, 2, 2)
2
(62, 39)
-> Request 1
802
(4, 2, 2)
2
(53, 32)
-> Request 2
1417
(4, 2, 1)
3
(52, 30)
--> Day : 4
-> Request 0
239
(4, 2, 2)
2
(30, 0)
-> Request 1
648
(2, 3, 2)
1
(11, 76)
-> Request 2
687
(3, 2, 2)
1
(3, 29)
---> Week : 14
--> Day : 0
--> Day : 1
-> Request 0
218
(1, 1, 1)
3
(50, 30)
-> Request 1
387
(4, 1, 2)
2
(60, 33)
-> Request 2
486
(4, 1, 2)
2
(66, 49)
-> Request 3
729
(4, 2, 2)
1
(45, 30)
-> Request 4
1253
(3, 1, 1)
3
(31, 55)
-> Request 5
1291
(4, 1, 1)
3
(59, 32)
-> Request 6
1411
(1, 2, 1)
3
(62, 74)
--> Day : 2
-> Request 0
197
(1, 1, 1)
1
(48, 31)
-> Request 1
694
(4, 3, 2)
2
(54, 44)
-> Request 2
1042
(1, 3, 1)
2
(54, 6)
--> Day : 3
-> Request 0
231
(2, 2, 2)
1
(57, 74)
-> Request 1
343
(4, 1, 2)
1
(57, 72)
-> Request 2
386
(2, 3, 1)
2
(60, 76)
-> Request 3
404
(1, 1, 1)
1
(49, 38)
-> Request 4
448
(1, 1, 2)
2
(3, 34)
-> Request 5
502
(4, 1, 1)
2
(43, 27)
-> Request 6
1434
(3, 2, 2)
2
(49, 42)
--> Day : 4
---> Week : 15
--> Day : 0
-> Request 0
125
(4, 1, 1)
2
(41, 55)
-> Request 1
789
(4, 3, 1)
1
(54, 44)
-> Request 2
1278
(4, 3, 1)
2
(71, 13)
-> Request 3
1344
(2, 1, 2)
2
(57, 77)
-> Request 4
1369
(1, 2, 1)
2
(57, 36)
--> Day : 1
-> Request 0
397
(2, 3, 2)
1
(48, 33)
-> Request 1
497
(1, 1, 1)
1
(58, 75)
-> Request 2
1381
(4, 3, 2)
2
(50, 28)
--> Day : 2
-> Request 0
188
(1, 1, 1)
2
(55, 66)
-> Request 1
688
(4, 2, 2)
3
(16, 52)
-> Request 2
758
(4, 2, 1)
3
(57, 75)
-> Request 3
1013
(2, 1, 1)
2
(11, 23)
--> Day : 3
-> Request 0
29
(4, 3, 2)
1
(46, 48)
-> Request 1
545
(3, 3, 2)
3
(15, 27)
-> Request 2
829
(1, 2, 1)
2
(61, 68)
-> Request 3
833
(4, 3, 1)
1
(41, 69)
--> Day : 4
-> Request 0
567
(2, 3, 2)
1
(4, 30)
-> Request 1
609
(2, 1, 1)
3
(32, 55)
-> Request 2
830
(3, 2, 1)
3
(60, 78)
---> Week : 16
--> Day : 0
-> Request 0
265
(4, 1, 2)
2
(64, 56)
-> Request 1
369
(1, 3, 2)
2
(10, 20)
-> Request 2
737
(1, 3, 2)
3
(59, 68)
-> Request 3
979
(1, 1, 1)
1
(32, 74)
-> Request 4
1174
(2, 1, 1)
3
(72, 56)
-> Request 5
1176
(1, 1, 1)
1
(59, 35)
-> Request 6
1430
(3, 1, 2)
3
(59, 77)
--> Day : 1
-> Request 0
961
(3, 3, 1)
2
(54, 37)
-> Request 1
1129
(4, 1, 1)
2
(68, 33)
--> Day : 2
-> Request 0
531
(4, 3, 2)
3
(44, 38)
-> Request 1
827
(2, 3, 2)
2
(60, 59)
-> Request 2
914
(1, 3, 1)
1
(65, 48)
--> Day : 3
-> Request 0
259
(4, 1, 2)
2
(62, 68)
-> Request 1
350
(3, 3, 1)
3
(36, 17)
-> Request 2
456
(1, 2, 1)
2
(48, 34)
-> Request 3
1363
(1, 1, 1)
3
(60, 68)
--> Day : 4
-> Request 0
448
(4, 2, 1)
3
(14, 21)
-> Request 1
810
(1, 2, 1)
2
(62, 37)
-> Request 2
876
(4, 3, 1)
3
(62, 31)
---> Week : 17
--> Day : 0
-> Request 0
657
(1, 1, 2)
1
(20, 6)
-> Request 1
1048
(3, 3, 1)
1
(61, 25)
-> Request 2
1198
(3, 3, 1)
2
(55, 43)
-> Request 3
1437
(1, 1, 2)
2
(14, 26)
--> Day : 1
-> Request 0
333
(4, 1, 2)
3
(54, 36)
-> Request 1
941
(1, 2, 1)
2
(59, 33)
-> Request 2
1140
(2, 1, 2)
3
(58, 34)
--> Day : 2
-> Request 0
293
(1, 3, 1)
2
(3, 43)
-> Request 1
861
(1, 2, 2)
1
(66, 71)
-> Request 2
1364
(2, 2, 1)
3
(56, 69)
--> Day : 3
-> Request 0
611
(2, 1, 1)
1
(38, 33)
--> Day : 4
-> Request 0
237
(3, 1, 1)
2
(47, 8)
-> Request 1
294
(4, 1, 1)
1
(15, 20)
-> Request 2
877
(3, 2, 1)
3
(60, 64)
-> Request 3
1067
(2, 2, 1)
3
(47, 54)
---> Week : 18
--> Day : 0
-> Request 0
1103
(1, 2, 2)
2
(60, 44)
--> Day : 1
-> Request 0
463
(3, 2, 1)
1
(47, 35)
-> Request 1
746
(1, 3, 1)
3
(31, 53)
-> Request 2
943
(4, 1, 1)
3
(32, 47)
-> Request 3
1386
(4, 3, 2)
3
(62, 64)
--> Day : 2
-> Request 0
214
(1, 1, 2)
1
(77, 14)
-> Request 1
441
(2, 2, 1)
1
(64, 67)
-> Request 2
787
(1, 2, 2)
2
(60, 75)
-> Request 3
935
(1, 1, 2)
1
(14, 28)
-> Request 4
1063
(4, 1, 1)
1
(10, 56)
-> Request 5
1128
(4, 1, 2)
1
(46, 35)
--> Day : 3
-> Request 0
302
(2, 2, 1)
2
(69, 46)
-> Request 1
696
(3, 2, 1)
3
(57, 71)
--> Day : 4
-> Request 0
665
(4, 1, 1)
1
(14, 24)
-> Request 1
791
(1, 2, 1)
2
(59, 38)
-> Request 2
1174
(2, 2, 1)
1
(22, 56)
-> Request 3
1182
(3, 2, 1)
3
(37, 16)
-> Request 4
1423
(3, 2, 2)
1
(58, 40)
---> Week : 19
--> Day : 0
-> Request 0
599
(4, 1, 2)
2
(9, 22)
-> Request 1
602
(2, 1, 1)
1
(9, 24)
-> Request 2
780
(3, 3, 2)
1
(55, 19)
-> Request 3
996
(1, 2, 1)
2
(13, 29)
-> Request 4
1429
(1, 3, 2)
2
(53, 65)
--> Day : 1
-> Request 0
49
(4, 3, 2)
2
(57, 76)
-> Request 1
724
(3, 1, 1)
1
(63, 75)
-> Request 2
925
(1, 1, 1)
1
(5, 68)
--> Day : 2
-> Request 0
101
(4, 2, 1)
3
(19, 37)
-> Request 1
844
(1, 3, 1)
3
(39, 73)
--> Day : 3
-> Request 0
189
(3, 3, 1)
2
(9, 39)
-> Request 1
598
(4, 1, 2)
3
(21, 55)
--> Day : 4
-> Request 0
943
(3, 1, 2)
1
(49, 34)
