---> Week : 0
--> Day : 0
-> Request 0
59
(4, 3, 1)
1
(16, 55)
-> Request 1
133
(4, 2, 2)
1
(6, 47)
-> Request 2
321
(3, 3, 1)
2
(73, 48)
-> Request 3
394
(2, 3, 2)
3
(36, 5)
-> Request 4
812
(4, 2, 1)
3
(3, 77)
-> Request 5
815
(4, 3, 1)
2
(30, 3)
-> Request 6
934
(3, 3, 1)
1
(53, 58)
-> Request 7
941
(2, 3, 2)
1
(40, 66)
-> Request 8
964
(3, 3, 1)
2
(65, 16)
-> Request 9
1027
(3, 2, 2)
3
(11, 10)
-> Request 10
1318
(4, 2, 1)
3
(76, 53)
-> Request 11
1434
(2, 3, 2)
3
(4, 63)
--> Day : 1
-> Request 0
393
(3, 3, 1)
1
(72, 29)
-> Request 1
785
(4, 3, 2)
1
(72, 65)
-> Request 2
1083
(4, 2, 1)
2
(0, 58)
-> Request 3
1359
(3, 3, 2)
3
(33, 57)
--> Day : 2
-> Request 0
60
(3, 3, 2)
3
(72, 71)
-> Request 1
355
(3, 3, 2)
3
(19, 72)
-> Request 2
397
(4, 2, 1)
1
(54, 49)
-> Request 3
667
(4, 2, 1)
2
(17, 45)
-> Request 4
688
(4, 3, 2)
2
(50, 16)
-> Request 5
768
(4, 3, 2)
1
(27, 34)
-> Request 6
939
(3, 3, 2)
1
(65, 49)
-> Request 7
1213
(4, 3, 2)
3
(59, 15)
-> Request 8
1223
(4, 3, 1)
2
(2, 21)
-> Request 9
1375
(2, 2, 1)
2
(41, 44)
--> Day : 3
-> Request 0
48
(1, 3, 2)
3
(19, 23)
-> Request 1
455
(4, 3, 1)
3
(44, 75)
-> Request 2
633
(3, 2, 2)
3
(26, 13)
-> Request 3
854
(3, 3, 1)
2
(29, 12)
-> Request 4
991
(4, 2, 2)
3
(68, 39)
-> Request 5
1331
(3, 3, 1)
1
(35, 76)
--> Day : 4
-> Request 0
219
(3, 3, 2)
2
(75, 13)
-> Request 1
557
(2, 3, 1)
1
(50, 62)
-> Request 2
608
(4, 1, 2)
2
(63, 71)
-> Request 3
638
(3, 3, 2)
2
(43, 55)
-> Request 4
714
(1, 2, 2)
3
(12, 12)
-> Request 5
1047
(2, 2, 1)
2
(6, 5)
-> Request 6
1377
(4, 2, 2)
3
(22, 24)
-> Request 7
1433
(3, 2, 2)
1
(29, 74)
---> Week : 1
--> Day : 0
-> Request 0
60
(1, 2, 1)
1
(30, 35)
-> Request 1
256
(3, 3, 2)
1
(52, 67)
-> Request 2
279
(2, 2, 1)
1
(36, 45)
-> Request 3
419
(3, 3, 2)
2
(66, 18)
-> Request 4
865
(4, 2, 1)
1
(49, 57)
-> Request 5
1036
(4, 3, 1)
2
(70, 20)
-> Request 6
1144
(1, 2, 2)
1
(41, 63)
-> Request 7
1164
(2, 3, 2)
2
(50, 70)
-> Request 8
1255
(4, 3, 2)
3
(56, 53)
--> Day : 1
-> Request 0
89
(3, 3, 2)
1
(28, 64)
-> Request 1
303
(4, 3, 2)
1
(8, 38)
-> Request 2
417
(4, 2, 1)
1
(66, 4)
-> Request 3
572
(3, 3, 2)
2
(6, 3)
-> Request 4
800
(4, 3, 2)
3
(30, 73)
-> Request 5
802
(3, 3, 2)
2
(7, 78)
-> Request 6
846
(2, 2, 1)
3
(10, 16)
-> Request 7
902
(2, 3, 2)
3
(21, 49)
-> Request 8
1400
(2, 3, 1)
1
(52, 15)
--> Day : 2
-> Request 0
99
(3, 3, 1)
3
(26, 54)
-> Request 1
252
(3, 3, 2)
2
(30, 35)
-> Request 2
309
(4, 2, 1)
1
(15, 74)
-> Request 3
345
(2, 3, 1)
1
(57, 64)
-> Request 4
621
(4, 3, 1)
1
(12, 68)
-> Request 5
955
(3, 3, 1)
1
(39, 6)
-> Request 6
1060
(3, 1, 2)
1
(13, 60)
-> Request 7
1293
(4, 3, 1)
1
(73, 0)
-> Request 8
1355
(4, 2, 2)
2
(27, 59)
-> Request 9
1378
(3, 2, 1)
2
(8, 20)
--> Day : 3
-> Request 0
463
(3, 2, 2)
1
(30, 14)
-> Request 1
501
(3, 2, 2)
3
(6, 13)
-> Request 2
760
(4, 2, 1)
1
(11, 73)
-> Request 3
1153
(4, 3, 1)
1
(57, 16)
-> Request 4
1299
(3, 3, 1)
2
(39, 4)
--> Day : 4
-> Request 0
143
(3, 2, 1)
2
(24, 57)
-> Request 1
232
(4, 3, 1)
3
(10, 79)
-> Request 2
430
(4, 3, 2)
1
(9, 22)
-> Request 3
455
(4, 2, 2)
3
(1, 37)
-> Request 4
802
(3, 3, 1)
2
(67, 14)
-> Request 5
1045
(4, 3, 1)
2
(52, 67)
-> Request 6
1135
(4, 3, 1)
2
(68, 73)
-> Request 7
1235
(4, 2, 2)
1
(75, 14)
---> Week : 2
--> Day : 0
-> Request 0
1
(4, 3, 1)
1
(34, 26)
-> Request 1
29
(3, 2, 1)
2
(42, 79)
-> Request 2
31
(3, 3, 2)
3
(43, 21)
-> Request 3
223
(4, 3, 2)
1
(12, 74)
-> Request 4
248
(3, 3, 1)
2
(70, 22)
-> Request 5
329
(1, 3, 1)
3
(60, 0)
-> Request 6
362
(3, 3, 1)
3
(57, 13)
-> Request 7
577
(2, 2, 2)
1
(50, 57)
-> Request 8
581
(2, 3, 2)
2
(62, 68)
-> Request 9
637
(4, 3, 1)
1
(65, 65)
-> Request 10
896
(4, 2, 2)
2
(67, 1)
-> Request 11
902
(3, 3, 1)
3
(21, 77)
-> Request 12
1024
(4, 3, 2)
2
(60, 61)
-> Request 13
1305
(4, 2, 1)
1
(18, 49)
--> Day : 1
-> Request 0
67
(1, 3, 2)
3
(28, 69)
-> Request 1
85
(4, 3, 2)
3
(9, 14)
-> Request 2
488
(1, 3, 1)
2
(57, 26)
-> Request 3
505
(4, 2, 2)
1
(29, 39)
-> Request 4
551
(2, 3, 1)
1
(75, 60)
-> Request 5
658
(4, 3, 1)
1
(41, 75)
-> Request 6
787
(4, 3, 2)
1
(43, 66)
-> Request 7
937
(4, 3, 1)
1
(59, 25)
-> Request 8
948
(4, 2, 2)
2
(40, 36)
-> Request 9
985
(4, 2, 1)
2
(36, 74)
-> Request 10
1001
(3, 1, 2)
3
(54, 15)
--> Day : 2
-> Request 0
12
(4, 1, 1)
1
(16, 77)
-> Request 1
627
(4, 2, 1)
2
(41, 41)
-> Request 2
760
(4, 1, 1)
3
(46, 32)
-> Request 3
766
(4, 2, 1)
2
(69, 19)
-> Request 4
857
(2, 3, 2)
2
(35, 73)
-> Request 5
926
(4, 2, 2)
3
(20, 30)
-> Request 6
1210
(4, 3, 1)
2
(58, 50)
-> Request 7
1266
(3, 3, 2)
3
(1, 59)
-> Request 8
1285
(2, 2, 1)
1
(66, 34)
-> Request 9
1305
(1, 3, 2)
1
(21, 59)
-> Request 10
1419
(4, 3, 1)
1
(33, 55)
--> Day : 3
-> Request 0
275
(4, 2, 2)
3
(66, 19)
-> Request 1
294
(4, 3, 1)
2
(79, 68)
-> Request 2
391
(4, 2, 1)
2
(26, 71)
-> Request 3
496
(3, 2, 2)
2
(9, 44)
-> Request 4
593
(3, 3, 2)
1
(36, 50)
-> Request 5
601
(4, 3, 2)
2
(34, 30)
-> Request 6
769
(3, 3, 1)
2
(30, 39)
-> Request 7
773
(3, 2, 2)
2
(23, 52)
-> Request 8
821
(3, 3, 1)
3
(4, 70)
-> Request 9
838
(4, 2, 1)
1
(62, 4)
-> Request 10
894
(3, 3, 1)
3
(12, 64)
-> Request 11
1196
(4, 3, 1)
1
(68, 9)
-> Request 12
1320
(4, 3, 2)
1
(2, 56)
--> Day : 4
-> Request 0
199
(2, 3, 2)
2
(7, 53)
-> Request 1
239
(4, 3, 1)
2
(10, 56)
-> Request 2
479
(2, 3, 1)
1
(64, 50)
-> Request 3
880
(3, 2, 1)
2
(0, 76)
-> Request 4
1348
(4, 3, 1)
1
(45, 9)
-> Request 5
1392
(3, 3, 2)
1
(23, 16)
-> Request 6
1430
(3, 3, 2)
2
(42, 41)
-> Request 7
1430
(3, 3, 2)
1
(13, 67)
---> Week : 3
--> Day : 0
-> Request 0
42
(4, 2, 1)
3
(66, 41)
-> Request 1
128
(4, 3, 2)
1
(26, 21)
-> Request 2
158
(3, 3, 2)
1
(51, 0)
-> Request 3
200
(4, 3, 1)
1
(28, 47)
-> Request 4
253
(3, 3, 1)
3
(28, 46)
-> Request 5
286
(2, 2, 1)
1
(56, 58)
-> Request 6
556
(3, 3, 1)
2
(23, 58)
-> Request 7
603
(4, 3, 1)
1
(70, 45)
-> Request 8
694
(3, 3, 2)
1
(76, 67)
-> Request 9
696
(2, 2, 2)
1
(76, 39)
-> Request 10
726
(1, 3, 2)
3
(30, 67)
-> Request 11
806
(2, 3, 1)
2
(68, 32)
-> Request 12
1078
(3, 2, 2)
1
(25, 62)
-> Request 13
1106
(3, 2, 1)
2
(53, 64)
-> Request 14
1190
(4, 3, 1)
1
(39, 68)
-> Request 15
1210
(3, 2, 2)
2
(37, 62)
-> Request 16
1288
(3, 3, 2)
1
(50, 13)
--> Day : 1
-> Request 0
74
(1, 2, 1)
2
(76, 12)
-> Request 1
113
(4, 3, 1)
2
(54, 24)
-> Request 2
256
(4, 3, 2)
2
(30, 76)
-> Request 3
335
(4, 2, 2)
2
(50, 72)
-> Request 4
383
(4, 3, 2)
3
(26, 15)
-> Request 5
448
(4, 2, 1)
3
(79, 41)
-> Request 6
766
(4, 3, 1)
1
(51, 9)
-> Request 7
803
(4, 3, 1)
1
(9, 66)
-> Request 8
987
(4, 2, 1)
2
(33, 19)
-> Request 9
1043
(4, 2, 2)
2
(71, 27)
-> Request 10
1141
(3, 3, 2)
2
(51, 0)
--> Day : 2
-> Request 0
143
(4, 3, 2)
1
(72, 2)
-> Request 1
154
(4, 3, 2)
3
(4, 49)
-> Request 2
388
(3, 3, 2)
3
(47, 20)
-> Request 3
537
(3, 3, 2)
3
(58, 11)
-> Request 4
721
(4, 3, 2)
2
(73, 53)
-> Request 5
1060
(3, 3, 2)
3
(42, 16)
-> Request 6
1188
(1, 2, 1)
2
(3, 40)
-> Request 7
1317
(4, 3, 1)
1
(8, 44)
-> Request 8
1370
(3, 3, 1)
3
(58, 27)
--> Day : 3
-> Request 0
109
(4, 3, 1)
3
(70, 17)
-> Request 1
171
(4, 3, 2)
1
(78, 29)
-> Request 2
879
(4, 1, 2)
3
(56, 66)
-> Request 3
918
(4, 3, 2)
1
(5, 20)
-> Request 4
1000
(4, 2, 2)
3
(28, 55)
-> Request 5
1001
(3, 3, 1)
2
(76, 4)
-> Request 6
1237
(4, 2, 2)
3
(33, 7)
-> Request 7
1406
(3, 2, 1)
2
(61, 4)
--> Day : 4
-> Request 0
113
(3, 3, 2)
1
(79, 23)
-> Request 1
156
(4, 3, 2)
1
(75, 1)
-> Request 2
189
(1, 2, 2)
3
(74, 26)
-> Request 3
305
(4, 3, 1)
1
(1, 47)
-> Request 4
329
(4, 2, 2)
1
(17, 68)
-> Request 5
329
(4, 3, 1)
1
(38, 0)
-> Request 6
766
(4, 3, 2)
1
(33, 17)
-> Request 7
835
(4, 3, 1)
2
(37, 68)
-> Request 8
883
(4, 3, 1)
3
(8, 11)
-> Request 9
937
(3, 3, 2)
3
(74, 30)
-> Request 10
1167
(4, 2, 1)
2
(37, 34)
-> Request 11
1335
(3, 1, 1)
2
(2, 50)
---> Week : 4
--> Day : 0
-> Request 0
47
(4, 3, 2)
3
(56, 3)
-> Request 1
163
(3, 3, 1)
1
(52, 17)
-> Request 2
786
(2, 3, 2)
2
(31, 57)
--> Day : 1
-> Request 0
109
(2, 3, 2)
1
(5, 42)
-> Request 1
120
(3, 3, 1)
3
(7, 6)
-> Request 2
252
(1, 3, 1)
2
(47, 66)
-> Request 3
312
(4, 3, 1)
1
(36, 2)
-> Request 4
376
(4, 3, 2)
1
(41, 66)
-> Request 5
448
(4, 2, 2)
2
(26, 77)
-> Request 6
528
(3, 2, 1)
2
(9, 13)
-> Request 7
656
(4, 3, 1)
3
(19, 36)
-> Request 8
772
(4, 3, 1)
3
(59, 41)
-> Request 9
825
(2, 3, 2)
1
(0, 50)
-> Request 10
1027
(3, 2, 2)
2
(27, 3)
-> Request 11
1142
(3, 3, 2)
3
(11, 21)
-> Request 12
1329
(3, 3, 1)
2
(9, 21)
--> Day : 2
-> Request 0
133
(3, 2, 1)
3
(72, 71)
-> Request 1
169
(3, 3, 2)
1
(6, 29)
-> Request 2
349
(2, 2, 2)
1
(24, 79)
-> Request 3
461
(4, 2, 1)
1
(64, 27)
-> Request 4
588
(3, 3, 1)
1
(29, 75)
-> Request 5
868
(2, 3, 2)
1
(61, 27)
-> Request 6
1277
(4, 2, 1)
2
(7, 48)
-> Request 7
1346
(4, 3, 2)
1
(59, 50)
--> Day : 3
-> Request 0
10
(3, 3, 2)
1
(75, 26)
-> Request 1
12
(4, 1, 2)
1
(65, 37)
-> Request 2
43
(3, 3, 1)
1
(42, 29)
-> Request 3
203
(2, 2, 2)
2
(33, 44)
-> Request 4
600
(4, 3, 1)
2
(10, 73)
-> Request 5
707
(3, 3, 1)
1
(68, 57)
-> Request 6
715
(3, 3, 1)
2
(66, 4)
-> Request 7
1007
(4, 3, 2)
3
(9, 79)
-> Request 8
1131
(3, 2, 2)
1
(79, 29)
--> Day : 4
-> Request 0
308
(4, 2, 1)
3
(33, 20)
-> Request 1
511
(4, 3, 2)
2
(12, 61)
-> Request 2
627
(3, 3, 1)
2
(2, 51)
-> Request 3
1128
(3, 3, 1)
3
(75, 32)
---> Week : 5
--> Day : 0
-> Request 0
463
(4, 2, 1)
3
(48, 8)
-> Request 1
567
(4, 3, 2)
3
(79, 46)
-> Request 2
595
(4, 3, 2)
2
(76, 65)
-> Request 3
608
(3, 3, 1)
2
(11, 69)
-> Request 4
682
(4, 3, 2)
2
(35, 62)
-> Request 5
900
(3, 2, 2)
2
(37, 78)
-> Request 6
1309
(3, 3, 1)
1
(73, 49)
--> Day : 1
-> Request 0
1
(4, 3, 1)
1
(44, 4)
-> Request 1
209
(4, 3, 1)
3
(2, 15)
-> Request 2
209
(4, 3, 2)
1
(19, 27)
-> Request 3
269
(3, 3, 1)
2
(64, 8)
-> Request 4
342
(4, 3, 2)
1
(3, 59)
-> Request 5
440
(4, 3, 2)
2
(76, 38)
-> Request 6
448
(4, 3, 1)
1
(59, 60)
-> Request 7
487
(1, 3, 2)
2
(49, 8)
-> Request 8
521
(4, 3, 1)
3
(74, 44)
-> Request 9
636
(4, 3, 1)
2
(69, 36)
-> Request 10
831
(4, 3, 1)
2
(71, 36)
-> Request 11
851
(2, 3, 1)
3
(62, 64)
-> Request 12
908
(2, 3, 1)
2
(56, 24)
-> Request 13
960
(2, 3, 1)
3
(18, 53)
-> Request 14
1023
(4, 3, 2)
3
(20, 61)
-> Request 15
1029
(4, 2, 1)
1
(43, 43)
-> Request 16
1237
(4, 2, 1)
3
(60, 22)
-> Request 17
1282
(4, 3, 1)
3
(47, 38)
--> Day : 2
-> Request 0
119
(4, 2, 1)
2
(16, 50)
-> Request 1
275
(4, 2, 2)
2
(66, 39)
-> Request 2
389
(4, 3, 2)
3
(33, 75)
-> Request 3
393
(4, 3, 1)
3
(11, 38)
-> Request 4
537
(3, 2, 2)
2
(50, 8)
-> Request 5
562
(4, 2, 1)
3
(76, 38)
-> Request 6
1065
(2, 2, 1)
2
(36, 2)
-> Request 7
1157
(4, 2, 2)
2
(66, 62)
-> Request 8
1313
(2, 3, 1)
3
(24, 60)
--> Day : 3
-> Request 0
77
(3, 2, 2)
1
(33, 69)
-> Request 1
270
(4, 2, 1)
2
(65, 2)
-> Request 2
422
(4, 3, 2)
1
(49, 5)
-> Request 3
469
(4, 3, 2)
3
(32, 33)
-> Request 4
653
(3, 3, 1)
2
(37, 10)
-> Request 5
799
(4, 3, 2)
1
(69, 39)
-> Request 6
1169
(1, 2, 2)
1
(73, 4)
-> Request 7
1393
(4, 2, 2)
3
(50, 50)
--> Day : 4
-> Request 0
346
(4, 2, 1)
1
(56, 32)
-> Request 1
470
(4, 2, 2)
1
(11, 77)
-> Request 2
622
(2, 3, 2)
1
(11, 16)
-> Request 3
634
(3, 2, 2)
3
(34, 23)
-> Request 4
746
(4, 2, 1)
2
(69, 36)
-> Request 5
1128
(3, 1, 1)
3
(42, 3)
-> Request 6
1405
(4, 3, 2)
3
(54, 40)
-> Request 7
1427
(4, 2, 1)
3
(64, 2)
---> Week : 6
--> Day : 0
-> Request 0
88
(3, 3, 2)
2
(70, 7)
-> Request 1
152
(4, 3, 1)
1
(36, 40)
-> Request 2
274
(4, 3, 2)
3
(70, 30)
-> Request 3
299
(4, 3, 2)
3
(13, 23)
-> Request 4
310
(3, 3, 2)
3
(47, 49)
-> Request 5
727
(3, 3, 2)
3
(27, 35)
-> Request 6
734
(2, 3, 1)
3
(30, 9)
-> Request 7
955
(4, 3, 1)
2
(45, 44)
-> Request 8
966
(4, 3, 1)
1
(61, 41)
-> Request 9
1044
(4, 2, 1)
1
(53, 59)
-> Request 10
1239
(4, 1, 2)
3
(51, 51)
-> Request 11
1378
(4, 3, 2)
3
(29, 26)
--> Day : 1
-> Request 0
124
(3, 3, 1)
1
(12, 41)
-> Request 1
224
(2, 1, 2)
2
(71, 34)
-> Request 2
352
(4, 2, 1)
1
(47, 21)
-> Request 3
492
(4, 3, 1)
1
(69, 77)
-> Request 4
554
(3, 2, 2)
3
(35, 3)
-> Request 5
625
(3, 2, 1)
3
(38, 29)
-> Request 6
798
(3, 3, 2)
1
(6, 53)
-> Request 7
824
(3, 2, 2)
2
(69, 63)
-> Request 8
1074
(4, 3, 1)
1
(13, 55)
-> Request 9
1127
(2, 2, 1)
2
(69, 54)
-> Request 10
1162
(4, 2, 2)
3
(30, 60)
-> Request 11
1261
(4, 2, 2)
3
(39, 64)
--> Day : 2
-> Request 0
143
(4, 2, 1)
2
(5, 35)
-> Request 1
309
(3, 2, 2)
1
(55, 76)
-> Request 2
342
(3, 3, 2)
3
(4, 52)
-> Request 3
355
(4, 3, 1)
3
(50, 19)
-> Request 4
490
(2, 3, 1)
3
(65, 10)
-> Request 5
615
(4, 3, 2)
3
(4, 51)
-> Request 6
680
(3, 2, 1)
1
(38, 74)
-> Request 7
991
(4, 2, 2)
2
(33, 24)
-> Request 8
1026
(4, 3, 1)
2
(35, 50)
-> Request 9
1102
(4, 3, 2)
1
(56, 35)
-> Request 10
1194
(4, 3, 1)
1
(56, 35)
-> Request 11
1256
(3, 3, 1)
2
(26, 7)
-> Request 12
1336
(4, 2, 1)
1
(8, 44)
-> Request 13
1398
(3, 1, 1)
1
(14, 50)
-> Request 14
1400
(4, 3, 2)
2
(75, 33)
--> Day : 3
-> Request 0
204
(2, 3, 2)
1
(42, 5)
-> Request 1
338
(1, 2, 1)
3
(33, 46)
-> Request 2
393
(4, 3, 2)
3
(4, 59)
-> Request 3
532
(2, 1, 1)
2
(17, 71)
-> Request 4
840
(3, 3, 1)
1
(3, 69)
-> Request 5
1166
(4, 3, 2)
1
(3, 38)
-> Request 6
1338
(4, 3, 2)
1
(44, 15)
--> Day : 4
-> Request 0
329
(3, 2, 1)
3
(35, 34)
-> Request 1
483
(2, 2, 1)
2
(60, 28)
-> Request 2
579
(3, 2, 1)
2
(75, 21)
-> Request 3
622
(4, 3, 2)
1
(77, 61)
-> Request 4
724
(2, 2, 2)
2
(29, 24)
-> Request 5
763
(4, 3, 1)
1
(37, 32)
-> Request 6
888
(4, 2, 1)
1
(11, 6)
-> Request 7
999
(4, 3, 1)
1
(44, 77)
-> Request 8
1200
(4, 2, 1)
2
(32, 23)
-> Request 9
1272
(3, 3, 1)
3
(1, 75)
---> Week : 7
--> Day : 0
-> Request 0
251
(4, 2, 2)
3
(20, 78)
-> Request 1
406
(2, 3, 1)
2
(25, 7)
-> Request 2
421
(4, 2, 1)
2
(43, 6)
-> Request 3
444
(3, 3, 2)
1
(11, 57)
-> Request 4
473
(4, 2, 2)
1
(23, 51)
-> Request 5
476
(3, 3, 1)
2
(16, 76)
-> Request 6
710
(4, 3, 2)
3
(45, 56)
-> Request 7
734
(4, 3, 2)
1
(50, 9)
-> Request 8
1081
(3, 3, 1)
2
(40, 41)
-> Request 9
1375
(4, 2, 1)
3
(21, 35)
--> Day : 1
-> Request 0
201
(2, 2, 1)
3
(16, 1)
-> Request 1
441
(4, 3, 2)
2
(69, 52)
-> Request 2
944
(4, 3, 1)
3
(51, 4)
-> Request 3
1072
(3, 3, 1)
1
(74, 75)
-> Request 4
1104
(1, 3, 1)
1
(24, 69)
-> Request 5
1318
(4, 3, 1)
2
(4, 0)
-> Request 6
1359
(3, 2, 2)
2
(69, 51)
--> Day : 2
-> Request 0
147
(2, 3, 1)
2
(42, 13)
-> Request 1
209
(3, 3, 2)
1
(29, 60)
-> Request 2
327
(4, 2, 2)
3
(62, 23)
-> Request 3
411
(2, 3, 2)
2
(22, 1)
-> Request 4
442
(3, 2, 2)
2
(47, 68)
-> Request 5
535
(4, 2, 1)
2
(33, 25)
--> Day : 3
-> Request 0
7
(2, 2, 1)
1
(63, 16)
-> Request 1
252
(2, 3, 2)
3
(22, 5)
-> Request 2
762
(3, 3, 1)
1
(42, 8)
-> Request 3
864
(3, 3, 1)
1
(54, 30)
-> Request 4
864
(4, 2, 2)
2
(48, 60)
-> Request 5
1063
(3, 3, 2)
3
(48, 18)
-> Request 6
1395
(3, 2, 1)
3
(48, 6)
--> Day : 4
-> Request 0
32
(2, 3, 2)
3
(19, 34)
-> Request 1
92
(4, 1, 1)
2
(42, 59)
-> Request 2
254
(4, 3, 1)
2
(23, 39)
-> Request 3
407
(3, 3, 1)
3
(41, 45)
-> Request 4
605
(4, 2, 2)
1
(7, 61)
-> Request 5
619
(4, 3, 2)
1
(7, 48)
-> Request 6
719
(3, 3, 1)
3
(57, 11)
-> Request 7
907
(4, 2, 2)
2
(77, 41)
-> Request 8
932
(4, 2, 2)
2
(48, 13)
-> Request 9
944
(3, 2, 2)
1
(53, 77)
-> Request 10
1091
(4, 2, 1)
1
(46, 25)
-> Request 11
1112
(4, 3, 1)
3
(71, 62)
-> Request 12
1127
(3, 3, 2)
1
(18, 36)
-> Request 13
1162
(4, 2, 2)
2
(21, 76)
-> Request 14
1223
(2, 3, 1)
3
(54, 11)
---> Week : 8
--> Day : 0
-> Request 0
399
(2, 3, 1)
1
(48, 38)
-> Request 1
796
(3, 3, 2)
3
(10, 26)
-> Request 2
896
(2, 3, 2)
1
(34, 44)
-> Request 3
1081
(3, 3, 2)
3
(6, 46)
-> Request 4
1090
(3, 3, 2)
3
(54, 75)
-> Request 5
1225
(4, 2, 1)
3
(32, 1)
-> Request 6
1241
(4, 3, 1)
1
(49, 14)
--> Day : 1
-> Request 0
80
(2, 2, 2)
1
(29, 22)
-> Request 1
136
(4, 3, 1)
1
(44, 49)
-> Request 2
137
(3, 3, 1)
2
(27, 44)
-> Request 3
154
(2, 3, 2)
3
(74, 15)
-> Request 4
226
(4, 2, 1)
3
(52, 3)
-> Request 5
227
(2, 3, 1)
2
(61, 78)
-> Request 6
409
(2, 2, 2)
1
(31, 63)
-> Request 7
461
(4, 3, 1)
3
(12, 9)
-> Request 8
481
(4, 2, 1)
2
(50, 31)
-> Request 9
597
(2, 3, 2)
3
(13, 24)
-> Request 10
598
(4, 3, 2)
3
(51, 57)
-> Request 11
605
(4, 3, 1)
2
(10, 27)
-> Request 12
916
(3, 2, 2)
2
(40, 22)
-> Request 13
946
(4, 3, 1)
3
(48, 43)
-> Request 14
1065
(4, 3, 2)
3
(37, 21)
-> Request 15
1250
(1, 2, 1)
3
(24, 41)
-> Request 16
1323
(3, 2, 1)
2
(33, 20)
--> Day : 2
-> Request 0
259
(1, 2, 1)
1
(70, 22)
-> Request 1
328
(4, 3, 2)
3
(69, 76)
-> Request 2
382
(4, 3, 1)
2
(45, 73)
-> Request 3
624
(3, 3, 1)
1
(16, 78)
-> Request 4
834
(4, 3, 1)
2
(40, 39)
-> Request 5
926
(3, 3, 2)
3
(77, 54)
-> Request 6
959
(4, 3, 1)
1
(71, 53)
-> Request 7
1094
(3, 3, 1)
3
(12, 71)
-> Request 8
1104
(4, 3, 1)
2
(52, 8)
-> Request 9
1256
(2, 2, 1)
3
(16, 70)
-> Request 10
1301
(4, 3, 2)
1
(39, 20)
-> Request 11
1378
(2, 2, 1)
2
(78, 20)
-> Request 12
1397
(3, 2, 2)
2
(6, 25)
--> Day : 3
-> Request 0
147
(4, 1, 2)
3
(14, 72)
-> Request 1
205
(4, 1, 1)
1
(54, 47)
-> Request 2
243
(4, 3, 2)
2
(52, 22)
-> Request 3
647
(4, 3, 1)
3
(28, 30)
-> Request 4
792
(4, 3, 1)
2
(50, 11)
-> Request 5
942
(3, 3, 1)
2
(65, 4)
-> Request 6
1125
(3, 2, 2)
2
(7, 43)
-> Request 7
1172
(3, 3, 1)
2
(37, 10)
-> Request 8
1284
(3, 2, 2)
1
(32, 45)
-> Request 9
1374
(2, 2, 1)
1
(35, 51)
-> Request 10
1406
(4, 3, 1)
1
(48, 7)
--> Day : 4
-> Request 0
43
(2, 2, 2)
2
(55, 1)
-> Request 1
43
(4, 3, 1)
3
(71, 11)
-> Request 2
123
(1, 3, 2)
1
(49, 57)
-> Request 3
148
(4, 3, 1)
2
(41, 20)
-> Request 4
162
(2, 3, 1)
1
(6, 65)
-> Request 5
180
(4, 2, 1)
2
(41, 74)
-> Request 6
185
(4, 3, 2)
2
(30, 63)
-> Request 7
275
(3, 3, 2)
3
(26, 58)
-> Request 8
299
(3, 3, 2)
1
(24, 59)
-> Request 9
349
(3, 2, 1)
3
(72, 20)
-> Request 10
666
(2, 3, 1)
2
(1, 35)
-> Request 11
860
(3, 2, 2)
2
(62, 20)
-> Request 12
863
(2, 2, 1)
3
(22, 61)
-> Request 13
1075
(4, 3, 2)
2
(51, 52)
-> Request 14
1085
(4, 3, 2)
2
(8, 43)
-> Request 15
1101
(4, 2, 1)
1
(43, 47)
-> Request 16
1142
(4, 3, 2)
2
(48, 7)
-> Request 17
1158
(4, 3, 1)
3
(1, 36)
-> Request 18
1219
(3, 3, 1)
3
(11, 55)
---> Week : 9
--> Day : 0
-> Request 0
114
(2, 3, 2)
2
(58, 21)
-> Request 1
784
(4, 3, 2)
1
(30, 30)
-> Request 2
796
(2, 3, 1)
1
(77, 55)
-> Request 3
996
(4, 3, 2)
2
(69, 73)
-> Request 4
1058
(4, 3, 2)
1
(35, 5)
--> Day : 1
-> Request 0
103
(2, 2, 1)
3
(11, 77)
-> Request 1
222
(4, 2, 1)
1
(29, 12)
-> Request 2
306
(4, 3, 1)
3
(70, 48)
-> Request 3
537
(2, 2, 1)
1
(59, 31)
-> Request 4
612
(1, 1, 1)
2
(54, 41)
-> Request 5
998
(2, 3, 1)
1
(74, 16)
-> Request 6
1026
(4, 1, 2)
3
(41, 72)
-> Request 7
1418
(3, 3, 1)
2
(19, 44)
--> Day : 2
-> Request 0
76
(3, 2, 1)
1
(14, 53)
-> Request 1
109
(3, 3, 1)
3
(12, 45)
-> Request 2
235
(3, 3, 1)
1
(51, 48)
-> Request 3
309
(4, 3, 1)
3
(49, 47)
-> Request 4
350
(4, 3, 2)
1
(75, 54)
-> Request 5
990
(4, 3, 2)
3
(52, 62)
-> Request 6
1086
(2, 2, 2)
3
(57, 10)
--> Day : 3
-> Request 0
154
(2, 2, 2)
1
(55, 40)
-> Request 1
840
(4, 3, 2)
2
(48, 36)
-> Request 2
844
(4, 3, 2)
2
(45, 22)
-> Request 3
884
(2, 3, 1)
2
(27, 10)
-> Request 4
923
(3, 3, 1)
2
(4, 44)
-> Request 5
1013
(4, 3, 1)
3
(31, 46)
-> Request 6
1076
(4, 3, 2)
2
(14, 32)
-> Request 7
1094
(3, 2, 2)
1
(43, 14)
-> Request 8
1114
(3, 3, 1)
3
(49, 23)
-> Request 9
1408
(4, 3, 2)
2
(39, 17)
--> Day : 4
-> Request 0
168
(3, 3, 1)
2
(50, 43)
-> Request 1
263
(4, 3, 2)
2
(71, 4)
-> Request 2
1057
(4, 2, 1)
1
(25, 1)
-> Request 3
1098
(2, 3, 2)
2
(7, 0)
-> Request 4
1336
(4, 2, 2)
3
(18, 69)
-> Request 5
1439
(3, 2, 2)
1
(72, 49)
---> Week : 10
--> Day : 0
-> Request 0
31
(2, 3, 2)
3
(1, 50)
-> Request 1
76
(4, 3, 2)
1
(62, 9)
-> Request 2
289
(1, 3, 2)
1
(76, 11)
-> Request 3
312
(3, 1, 2)
1
(10, 30)
-> Request 4
425
(4, 3, 2)
1
(78, 24)
-> Request 5
620
(2, 3, 2)
1
(74, 3)
-> Request 6
681
(3, 3, 1)
1
(53, 53)
-> Request 7
691
(4, 3, 1)
3
(9, 64)
-> Request 8
701
(4, 3, 1)
2
(37, 45)
-> Request 9
783
(1, 2, 2)
2
(59, 71)
-> Request 10
913
(4, 2, 2)
1
(23, 57)
-> Request 11
980
(4, 3, 1)
3
(25, 66)
-> Request 12
1072
(2, 3, 1)
3
(74, 66)
-> Request 13
1235
(4, 2, 1)
3
(24, 49)
-> Request 14
1261
(3, 3, 2)
3
(15, 3)
--> Day : 1
-> Request 0
106
(3, 3, 2)
1
(68, 8)
-> Request 1
165
(2, 3, 1)
1
(47, 71)
-> Request 2
213
(4, 2, 1)
2
(31, 46)
-> Request 3
324
(4, 3, 1)
1
(35, 68)
-> Request 4
351
(3, 2, 1)
3
(1, 23)
-> Request 5
580
(2, 3, 1)
2
(44, 65)
-> Request 6
594
(2, 3, 2)
2
(64, 11)
-> Request 7
661
(3, 2, 1)
1
(21, 6)
-> Request 8
725
(2, 2, 1)
1
(59, 0)
-> Request 9
807
(4, 3, 2)
1
(64, 46)
-> Request 10
1024
(3, 2, 1)
2
(49, 72)
-> Request 11
1094
(4, 2, 1)
2
(66, 7)
-> Request 12
1109
(2, 2, 2)
2
(19, 63)
-> Request 13
1258
(3, 3, 2)
1
(33, 75)
-> Request 14
1344
(4, 3, 2)
1
(56, 70)
--> Day : 2
-> Request 0
349
(3, 3, 1)
3
(25, 33)
-> Request 1
378
(4, 3, 1)
3
(52, 76)
-> Request 2
500
(4, 3, 1)
1
(40, 62)
-> Request 3
1191
(2, 2, 2)
1
(26, 20)
--> Day : 3
-> Request 0
33
(4, 3, 2)
1
(33, 61)
-> Request 1
154
(2, 1, 2)
1
(49, 5)
-> Request 2
440
(2, 3, 1)
2
(51, 30)
-> Request 3
453
(4, 1, 2)
1
(77, 67)
-> Request 4
565
(2, 3, 2)
1
(8, 76)
-> Request 5
601
(3, 3, 1)
1
(36, 66)
-> Request 6
813
(3, 3, 1)
1
(16, 60)
-> Request 7
850
(4, 3, 1)
2
(14, 15)
-> Request 8
909
(4, 3, 1)
3
(61, 40)
-> Request 9
1038
(3, 3, 2)
1
(58, 49)
-> Request 10
1145
(4, 3, 2)
3
(34, 3)
-> Request 11
1147
(4, 3, 2)
3
(15, 2)
-> Request 12
1184
(4, 3, 1)
1
(13, 56)
-> Request 13
1380
(3, 1, 1)
3
(52, 29)
--> Day : 4
-> Request 0
162
(2, 1, 1)
1
(33, 27)
-> Request 1
485
(3, 3, 1)
1
(15, 24)
-> Request 2
617
(2, 1, 1)
3
(58, 1)
-> Request 3
842
(4, 3, 2)
3
(21, 46)
-> Request 4
890
(3, 3, 1)
1
(72, 76)
-> Request 5
1130
(4, 3, 1)
2
(23, 10)
---> Week : 11
--> Day : 0
-> Request 0
41
(3, 3, 1)
1
(25, 60)
-> Request 1
374
(4, 3, 1)
1
(77, 20)
-> Request 2
541
(3, 3, 2)
2
(74, 26)
-> Request 3
764
(1, 3, 1)
2
(63, 65)
-> Request 4
775
(4, 1, 1)
2
(17, 7)
-> Request 5
849
(3, 3, 2)
3
(47, 14)
-> Request 6
883
(4, 3, 1)
2
(31, 23)
-> Request 7
897
(2, 2, 1)
3
(67, 34)
-> Request 8
1048
(4, 3, 2)
1
(3, 10)
-> Request 9
1282
(3, 2, 1)
3
(77, 78)
-> Request 10
1293
(3, 3, 1)
1
(55, 26)
-> Request 11
1411
(4, 3, 2)
2
(61, 28)
--> Day : 1
-> Request 0
553
(3, 3, 2)
1
(33, 4)
-> Request 1
791
(3, 3, 1)
1
(11, 71)
-> Request 2
836
(3, 3, 1)
1
(2, 26)
--> Day : 2
-> Request 0
22
(4, 1, 2)
1
(58, 4)
-> Request 1
115
(1, 2, 1)
1
(26, 29)
-> Request 2
140
(3, 2, 2)
3
(34, 46)
-> Request 3
805
(4, 3, 2)
1
(26, 72)
--> Day : 3
-> Request 0
338
(3, 1, 2)
1
(68, 55)
-> Request 1
603
(4, 2, 2)
3
(27, 5)
-> Request 2
823
(3, 2, 2)
2
(5, 20)
-> Request 3
836
(2, 3, 2)
2
(6, 1)
-> Request 4
880
(4, 2, 1)
3
(26, 58)
-> Request 5
894
(4, 3, 1)
3
(78, 7)
-> Request 6
1110
(3, 3, 1)
3
(31, 5)
-> Request 7
1190
(1, 3, 2)
1
(68, 1)
-> Request 8
1191
(3, 2, 1)
3
(68, 69)
-> Request 9
1284
(4, 3, 2)
2
(52, 33)
--> Day : 4
-> Request 0
530
(3, 3, 2)
1
(66, 76)
-> Request 1
685
(4, 3, 2)
1
(69, 78)
-> Request 2
796
(4, 2, 2)
2
(2, 42)
-> Request 3
851
(4, 3, 1)
2
(37, 40)
-> Request 4
900
(4, 3, 2)
1
(16, 65)
-> Request 5
949
(3, 3, 1)
2
(77, 22)
-> Request 6
1257
(4, 3, 1)
1
(35, 21)
---> Week : 12
--> Day : 0
-> Request 0
98
(4, 3, 2)
1
(71, 50)
-> Request 1
454
(1, 2, 1)
3
(35, 59)
-> Request 2
482
(4, 3, 2)
1
(0, 20)
-> Request 3
739
(4, 2, 2)
1
(13, 32)
-> Request 4
742
(3, 3, 1)
2
(77, 79)
-> Request 5
746
(3, 2, 2)
1
(54, 50)
-> Request 6
1133
(1, 3, 1)
1
(15, 56)
--> Day : 1
-> Request 0
53
(4, 3, 2)
2
(22, 15)
-> Request 1
150
(3, 2, 2)
2
(29, 64)
-> Request 2
327
(1, 3, 1)
1
(65, 28)
-> Request 3
431
(4, 2, 2)
2
(47, 31)
-> Request 4
457
(4, 3, 1)
2
(42, 2)
-> Request 5
900
(2, 3, 1)
1
(25, 50)
-> Request 6
1181
(1, 3, 2)
3
(4, 16)
-> Request 7
1239
(4, 3, 1)
2
(34, 27)
-> Request 8
1301
(3, 3, 2)
2
(12, 44)
--> Day : 2
-> Request 0
5
(4, 3, 2)
2
(4, 14)
-> Request 1
93
(4, 3, 2)
3
(14, 20)
-> Request 2
99
(2, 2, 2)
2
(63, 3)
-> Request 3
172
(3, 3, 2)
1
(11, 71)
-> Request 4
188
(3, 3, 1)
2
(5, 77)
-> Request 5
251
(4, 2, 1)
2
(73, 63)
-> Request 6
267
(4, 2, 1)
2
(62, 16)
-> Request 7
281
(4, 2, 2)
2
(66, 22)
-> Request 8
298
(3, 3, 1)
2
(27, 64)
-> Request 9
546
(4, 3, 1)
2
(29, 14)
-> Request 10
555
(4, 3, 1)
1
(15, 71)
-> Request 11
712
(2, 1, 1)
1
(25, 32)
-> Request 12
931
(2, 2, 2)
2
(45, 41)
-> Request 13
1087
(3, 2, 1)
3
(73, 31)
-> Request 14
1213
(4, 2, 1)
2
(46, 43)
-> Request 15
1234
(2, 2, 1)
2
(37, 73)
-> Request 16
1299
(4, 2, 1)
2
(59, 51)
-> Request 17
1425
(4, 3, 2)
1
(60, 45)
-> Request 18
1432
(4, 2, 2)
3
(51, 5)
--> Day : 3
-> Request 0
18
(2, 3, 2)
2
(32, 18)
-> Request 1
257
(3, 2, 2)
1
(41, 7)
-> Request 2
261
(3, 3, 1)
2
(44, 62)
-> Request 3
542
(2, 3, 1)
2
(19, 51)
-> Request 4
713
(4, 3, 1)
3
(69, 12)
-> Request 5
925
(3, 3, 1)
3
(34, 72)
-> Request 6
1054
(4, 3, 2)
1
(76, 20)
-> Request 7
1061
(3, 3, 1)
1
(77, 39)
-> Request 8
1089
(4, 2, 2)
2
(49, 2)
-> Request 9
1100
(3, 2, 2)
2
(65, 50)
-> Request 10
1384
(2, 2, 1)
1
(60, 58)
--> Day : 4
-> Request 0
157
(4, 2, 2)
2
(9, 45)
-> Request 1
225
(4, 3, 2)
1
(37, 67)
-> Request 2
270
(4, 3, 1)
1
(47, 64)
-> Request 3
558
(3, 1, 1)
1
(2, 41)
-> Request 4
643
(3, 1, 2)
3
(17, 30)
-> Request 5
931
(4, 2, 1)
2
(52, 31)
-> Request 6
965
(4, 3, 1)
2
(11, 64)
-> Request 7
1021
(3, 3, 2)
3
(33, 31)
-> Request 8
1426
(3, 3, 2)
3
(75, 10)
---> Week : 13
--> Day : 0
-> Request 0
270
(4, 3, 1)
2
(79, 65)
-> Request 1
386
(4, 2, 2)
1
(76, 77)
-> Request 2
397
(4, 3, 2)
2
(37, 29)
-> Request 3
709
(4, 2, 2)
2
(40, 34)
-> Request 4
875
(4, 1, 2)
3
(79, 5)
-> Request 5
1086
(4, 3, 2)
3
(16, 59)
-> Request 6
1123
(4, 3, 1)
2
(22, 43)
--> Day : 1
-> Request 0
89
(3, 2, 2)
2
(20, 46)
-> Request 1
194
(2, 3, 2)
1
(12, 11)
-> Request 2
351
(2, 3, 1)
2
(59, 65)
-> Request 3
395
(2, 3, 2)
2
(79, 54)
-> Request 4
523
(2, 2, 1)
1
(64, 44)
-> Request 5
585
(2, 2, 1)
3
(13, 47)
-> Request 6
700
(2, 3, 1)
3
(77, 25)
-> Request 7
827
(3, 2, 1)
2
(79, 14)
-> Request 8
974
(3, 3, 2)
3
(16, 61)
--> Day : 2
-> Request 0
278
(4, 2, 1)
2
(11, 10)
-> Request 1
348
(1, 3, 2)
2
(55, 5)
-> Request 2
403
(3, 2, 2)
1
(72, 8)
-> Request 3
756
(4, 3, 1)
3
(13, 25)
-> Request 4
829
(3, 3, 1)
1
(44, 35)
-> Request 5
899
(4, 2, 2)
2
(54, 59)
-> Request 6
1212
(4, 3, 2)
2
(13, 44)
-> Request 7
1266
(4, 3, 1)
2
(57, 10)
-> Request 8
1311
(1, 1, 1)
2
(5, 43)
-> Request 9
1315
(3, 2, 2)
1
(46, 75)
-> Request 10
1401
(3, 2, 2)
3
(35, 30)
--> Day : 3
-> Request 0
72
(4, 3, 2)
3
(22, 9)
-> Request 1
275
(4, 2, 1)
2
(62, 59)
-> Request 2
296
(2, 2, 1)
3
(56, 44)
-> Request 3
357
(3, 3, 1)
2
(18, 21)
-> Request 4
480
(4, 1, 1)
2
(40, 55)
-> Request 5
830
(4, 3, 1)
2
(48, 74)
-> Request 6
1062
(4, 2, 2)
3
(0, 73)
-> Request 7
1097
(4, 2, 2)
3
(47, 79)
-> Request 8
1201
(2, 3, 1)
3
(67, 47)
-> Request 9
1262
(3, 2, 2)
2
(3, 20)
-> Request 10
1322
(4, 3, 1)
2
(50, 6)
-> Request 11
1340
(3, 3, 1)
1
(53, 1)
-> Request 12
1399
(3, 2, 2)
2
(41, 4)
-> Request 13
1399
(4, 2, 1)
2
(62, 26)
--> Day : 4
-> Request 0
12
(4, 2, 1)
1
(30, 58)
-> Request 1
134
(2, 3, 1)
2
(36, 20)
-> Request 2
761
(4, 1, 1)
2
(45, 3)
-> Request 3
836
(4, 2, 1)
1
(17, 32)
-> Request 4
1226
(3, 3, 1)
1
(73, 64)
-> Request 5
1336
(2, 1, 2)
1
(17, 67)
---> Week : 14
--> Day : 0
-> Request 0
263
(4, 3, 2)
2
(73, 18)
-> Request 1
300
(4, 2, 1)
2
(3, 57)
-> Request 2
483
(4, 3, 1)
3
(71, 7)
-> Request 3
613
(4, 3, 2)
2
(74, 65)
-> Request 4
728
(4, 3, 2)
2
(67, 51)
-> Request 5
731
(3, 3, 2)
2
(64, 39)
-> Request 6
735
(4, 2, 2)
1
(20, 29)
-> Request 7
1438
(4, 2, 2)
1
(75, 42)
--> Day : 1
-> Request 0
88
(4, 3, 2)
2
(13, 56)
-> Request 1
100
(2, 2, 1)
2
(2, 35)
-> Request 2
137
(2, 3, 1)
1
(39, 0)
-> Request 3
188
(4, 3, 2)
3
(68, 68)
-> Request 4
307
(2, 2, 1)
2
(9, 70)
-> Request 5
459
(3, 2, 1)
3
(46, 27)
-> Request 6
467
(2, 2, 1)
1
(53, 62)
-> Request 7
607
(4, 3, 2)
1
(11, 41)
-> Request 8
753
(4, 3, 1)
1
(41, 6)
-> Request 9
1408
(4, 2, 2)
2
(9, 68)
-> Request 10
1435
(3, 2, 1)
3
(4, 41)
--> Day : 2
-> Request 0
11
(3, 3, 1)
2
(37, 23)
-> Request 1
463
(4, 3, 2)
1
(39, 16)
-> Request 2
1160
(4, 2, 1)
3
(37, 73)
-> Request 3
1238
(2, 2, 2)
2
(23, 31)
-> Request 4
1265
(1, 2, 1)
2
(15, 26)
-> Request 5
1403
(4, 3, 2)
3
(12, 47)
--> Day : 3
-> Request 0
25
(3, 3, 1)
3
(60, 16)
-> Request 1
51
(4, 3, 2)
3
(42, 25)
-> Request 2
144
(2, 3, 1)
1
(40, 38)
-> Request 3
161
(4, 1, 2)
3
(79, 44)
-> Request 4
252
(4, 2, 1)
2
(70, 73)
-> Request 5
596
(1, 3, 2)
3
(20, 51)
-> Request 6
624
(2, 3, 1)
3
(55, 35)
-> Request 7
729
(3, 2, 2)
3
(43, 59)
-> Request 8
768
(4, 3, 1)
3
(31, 60)
-> Request 9
1069
(4, 3, 2)
1
(67, 47)
-> Request 10
1096
(4, 3, 1)
2
(27, 66)
-> Request 11
1124
(4, 3, 2)
3
(7, 47)
-> Request 12
1136
(4, 3, 1)
1
(29, 41)
-> Request 13
1163
(4, 3, 1)
2
(47, 21)
-> Request 14
1427
(2, 3, 1)
3
(27, 65)
--> Day : 4
-> Request 0
11
(2, 2, 1)
2
(61, 23)
-> Request 1
42
(2, 3, 2)
2
(36, 60)
-> Request 2
264
(4, 2, 2)
1
(49, 41)
-> Request 3
336
(3, 3, 2)
1
(60, 28)
-> Request 4
756
(3, 3, 2)
2
(24, 29)
-> Request 5
818
(2, 2, 1)
3
(32, 51)
-> Request 6
942
(3, 3, 1)
2
(10, 29)
-> Request 7
990
(4, 2, 2)
3
(47, 15)
-> Request 8
1255
(2, 2, 1)
3
(39, 8)
-> Request 9
1420
(4, 1, 2)
2
(34, 53)
-> Request 10
1439
(4, 2, 1)
2
(36, 58)
---> Week : 15
--> Day : 0
-> Request 0
346
(2, 2, 1)
3
(79, 78)
-> Request 1
593
(3, 3, 1)
1
(59, 68)
-> Request 2
893
(4, 3, 1)
2
(20, 73)
-> Request 3
952
(2, 2, 1)
3
(39, 70)
-> Request 4
1235
(3, 3, 2)
3
(42, 32)
-> Request 5
1341
(3, 3, 1)
2
(38, 12)
-> Request 6
1410
(3, 2, 1)
2
(2, 32)
--> Day : 1
-> Request 0
67
(3, 3, 1)
1
(13, 28)
-> Request 1
227
(2, 3, 2)
3
(6, 19)
-> Request 2
731
(3, 2, 2)
1
(60, 54)
-> Request 3
795
(4, 3, 1)
2
(46, 7)
-> Request 4
1064
(2, 2, 2)
1
(63, 1)
-> Request 5
1275
(2, 2, 2)
2
(67, 43)
--> Day : 2
-> Request 0
23
(2, 2, 1)
1
(52, 9)
-> Request 1
41
(1, 3, 2)
1
(6, 57)
-> Request 2
46
(4, 3, 1)
3
(2, 52)
-> Request 3
234
(3, 3, 1)
3
(14, 76)
-> Request 4
245
(1, 3, 2)
2
(13, 59)
-> Request 5
355
(4, 3, 2)
2
(24, 30)
-> Request 6
384
(4, 2, 2)
3
(40, 42)
-> Request 7
582
(3, 3, 2)
1
(10, 5)
-> Request 8
618
(4, 3, 1)
1
(29, 41)
-> Request 9
622
(4, 2, 1)
1
(1, 9)
-> Request 10
628
(4, 3, 1)
1
(53, 11)
-> Request 11
656
(2, 3, 2)
1
(41, 55)
-> Request 12
697
(3, 3, 2)
3
(31, 55)
-> Request 13
825
(4, 2, 2)
2
(17, 45)
-> Request 14
847
(2, 2, 1)
3
(72, 12)
-> Request 15
1006
(4, 2, 2)
3
(7, 6)
-> Request 16
1014
(4, 2, 1)
2
(72, 55)
-> Request 17
1021
(4, 2, 1)
1
(58, 68)
-> Request 18
1074
(1, 3, 2)
2
(64, 44)
-> Request 19
1170
(4, 2, 1)
3
(31, 24)
-> Request 20
1304
(3, 2, 1)
1
(44, 18)
--> Day : 3
-> Request 0
308
(1, 3, 2)
3
(44, 21)
-> Request 1
391
(3, 2, 1)
2
(39, 63)
-> Request 2
400
(2, 1, 2)
3
(64, 27)
-> Request 3
624
(4, 3, 1)
1
(55, 37)
-> Request 4
877
(4, 3, 2)
2
(55, 65)
-> Request 5
907
(4, 2, 2)
2
(51, 43)
-> Request 6
933
(3, 3, 1)
1
(38, 6)
-> Request 7
935
(2, 2, 1)
2
(64, 7)
-> Request 8
1083
(2, 3, 2)
1
(60, 47)
-> Request 9
1119
(3, 2, 2)
3
(58, 27)
--> Day : 4
-> Request 0
121
(4, 2, 1)
2
(60, 15)
-> Request 1
344
(3, 3, 1)
3
(6, 15)
-> Request 2
701
(4, 2, 2)
3
(79, 18)
-> Request 3
737
(3, 2, 1)
2
(59, 2)
-> Request 4
753
(4, 2, 1)
2
(13, 77)
-> Request 5
828
(4, 3, 1)
3
(24, 45)
-> Request 6
1002
(3, 3, 1)
1
(39, 54)
-> Request 7
1230
(4, 2, 2)
2
(14, 54)
-> Request 8
1306
(4, 2, 2)
3
(32, 24)
-> Request 9
1403
(4, 3, 2)
2
(38, 60)
---> Week : 16
--> Day : 0
-> Request 0
24
(3, 3, 1)
3
(16, 3)
-> Request 1
334
(4, 2, 2)
1
(55, 9)
-> Request 2
400
(3, 3, 2)
1
(73, 76)
-> Request 3
788
(4, 3, 2)
3
(41, 36)
-> Request 4
824
(4, 3, 2)
3
(52, 41)
-> Request 5
873
(3, 3, 1)
3
(62, 39)
-> Request 6
945
(4, 2, 2)
1
(22, 4)
-> Request 7
1350
(3, 3, 1)
3
(8, 4)
-> Request 8
1395
(4, 3, 1)
1
(29, 6)
--> Day : 1
-> Request 0
31
(4, 3, 2)
2
(65, 58)
-> Request 1
150
(4, 2, 2)
1
(5, 41)
-> Request 2
256
(2, 3, 2)
1
(29, 72)
-> Request 3
439
(4, 3, 1)
3
(31, 36)
-> Request 4
477
(4, 2, 1)
3
(43, 65)
-> Request 5
628
(3, 3, 2)
3
(49, 55)
-> Request 6
673
(3, 3, 1)
1
(56, 69)
-> Request 7
771
(2, 3, 1)
3
(30, 64)
-> Request 8
817
(4, 2, 2)
1
(9, 39)
-> Request 9
1035
(4, 3, 2)
2
(63, 25)
-> Request 10
1229
(4, 3, 1)
1
(50, 36)
-> Request 11
1275
(4, 2, 1)
2
(27, 43)
-> Request 12
1378
(4, 3, 2)
2
(12, 57)
--> Day : 2
-> Request 0
12
(2, 2, 2)
1
(33, 40)
-> Request 1
448
(4, 3, 2)
1
(58, 52)
-> Request 2
467
(3, 3, 1)
1
(58, 76)
-> Request 3
477
(4, 3, 1)
1
(79, 52)
-> Request 4
485
(4, 3, 1)
1
(76, 50)
-> Request 5
549
(4, 2, 1)
1
(52, 5)
-> Request 6
569
(3, 1, 1)
3
(43, 10)
-> Request 7
743
(2, 2, 1)
1
(34, 25)
-> Request 8
767
(4, 2, 1)
1
(35, 63)
-> Request 9
949
(4, 3, 2)
1
(70, 71)
-> Request 10
979
(4, 3, 2)
1
(29, 8)
-> Request 11
1015
(4, 3, 1)
3
(62, 9)
-> Request 12
1110
(4, 3, 2)
2
(48, 23)
-> Request 13
1140
(4, 1, 1)
3
(73, 76)
-> Request 14
1345
(4, 2, 2)
1
(36, 38)
-> Request 15
1415
(4, 3, 1)
3
(21, 59)
--> Day : 3
-> Request 0
15
(4, 3, 2)
2
(77, 34)
-> Request 1
321
(3, 3, 2)
1
(1, 41)
-> Request 2
670
(3, 2, 2)
2
(78, 49)
-> Request 3
680
(4, 1, 2)
2
(9, 38)
-> Request 4
858
(3, 2, 2)
1
(25, 63)
-> Request 5
913
(3, 1, 1)
3
(36, 28)
-> Request 6
933
(4, 2, 1)
2
(77, 34)
-> Request 7
1110
(4, 3, 2)
2
(76, 62)
-> Request 8
1279
(2, 1, 2)
2
(48, 74)
--> Day : 4
-> Request 0
22
(2, 2, 2)
1
(37, 12)
-> Request 1
95
(2, 3, 1)
1
(45, 23)
-> Request 2
309
(2, 2, 2)
2
(39, 38)
-> Request 3
442
(2, 2, 1)
2
(22, 10)
-> Request 4
613
(3, 3, 2)
1
(61, 4)
-> Request 5
1008
(2, 3, 2)
2
(21, 14)
-> Request 6
1062
(4, 3, 1)
2
(47, 5)
-> Request 7
1140
(4, 2, 2)
1
(67, 50)
-> Request 8
1146
(4, 3, 2)
1
(45, 68)
-> Request 9
1211
(4, 2, 2)
2
(76, 32)
-> Request 10
1397
(4, 3, 2)
3
(38, 38)
---> Week : 17
--> Day : 0
-> Request 0
41
(2, 1, 1)
3
(79, 45)
-> Request 1
628
(3, 2, 1)
1
(75, 38)
-> Request 2
783
(3, 3, 1)
3
(48, 41)
-> Request 3
841
(3, 3, 1)
3
(61, 65)
-> Request 4
959
(1, 3, 2)
2
(15, 16)
-> Request 5
1085
(3, 3, 2)
1
(40, 18)
-> Request 6
1306
(4, 3, 2)
3
(18, 17)
-> Request 7
1368
(4, 3, 2)
3
(43, 74)
-> Request 8
1414
(4, 3, 1)
3
(70, 11)
--> Day : 1
-> Request 0
217
(2, 3, 2)
2
(2, 33)
-> Request 1
551
(4, 2, 1)
1
(22, 34)
-> Request 2
706
(3, 2, 1)
3
(22, 29)
-> Request 3
712
(2, 3, 2)
1
(63, 10)
-> Request 4
844
(3, 2, 2)
2
(0, 31)
-> Request 5
886
(3, 2, 1)
1
(20, 27)
-> Request 6
1032
(4, 3, 1)
3
(35, 41)
-> Request 7
1034
(4, 3, 2)
1
(63, 65)
-> Request 8
1104
(2, 1, 2)
3
(61, 34)
-> Request 9
1332
(3, 2, 2)
2
(33, 5)
--> Day : 2
-> Request 0
404
(4, 3, 2)
2
(56, 65)
-> Request 1
681
(3, 3, 2)
2
(27, 63)
-> Request 2
1007
(3, 3, 1)
3
(65, 33)
-> Request 3
1123
(1, 2, 1)
1
(44, 46)
-> Request 4
1213
(3, 3, 1)
2
(58, 76)
-> Request 5
1380
(2, 3, 1)
1
(73, 77)
-> Request 6
1418
(3, 2, 1)
3
(2, 51)
--> Day : 3
-> Request 0
11
(2, 2, 2)
3
(24, 44)
-> Request 1
85
(1, 3, 1)
1
(53, 45)
-> Request 2
99
(3, 3, 1)
1
(76, 10)
-> Request 3
121
(4, 3, 1)
1
(43, 11)
-> Request 4
237
(3, 2, 2)
3
(39, 46)
-> Request 5
358
(4, 3, 1)
3
(56, 59)
-> Request 6
383
(1, 2, 1)
3
(20, 77)
-> Request 7
416
(4, 3, 1)
2
(59, 76)
-> Request 8
716
(2, 2, 2)
1
(3, 5)
-> Request 9
939
(4, 3, 1)
3
(17, 60)
-> Request 10
1057
(4, 3, 2)
2
(61, 15)
-> Request 11
1065
(4, 3, 1)
1
(68, 35)
-> Request 12
1151
(3, 1, 2)
3
(76, 43)
--> Day : 4
-> Request 0
12
(4, 3, 2)
3
(61, 15)
-> Request 1
54
(1, 3, 2)
1
(18, 6)
-> Request 2
127
(4, 3, 2)
1
(10, 14)
-> Request 3
198
(4, 2, 2)
3
(52, 67)
-> Request 4
304
(4, 3, 2)
3
(24, 22)
-> Request 5
307
(4, 3, 1)
1
(40, 2)
-> Request 6
309
(1, 3, 2)
3
(25, 32)
-> Request 7
610
(3, 3, 2)
1
(12, 50)
-> Request 8
674
(1, 3, 1)
3
(22, 25)
-> Request 9
762
(4, 3, 1)
3
(25, 42)
-> Request 10
824
(3, 2, 1)
3
(10, 44)
-> Request 11
959
(3, 3, 2)
1
(66, 76)
-> Request 12
988
(3, 3, 2)
2
(55, 11)
-> Request 13
1221
(3, 1, 2)
3
(20, 68)
-> Request 14
1244
(2, 3, 1)
1
(50, 51)
-> Request 15
1414
(4, 3, 1)
2
(60, 68)
---> Week : 18
--> Day : 0
-> Request 0
274
(3, 2, 1)
3
(38, 18)
-> Request 1
289
(2, 3, 1)
2
(19, 43)
-> Request 2
453
(4, 3, 1)
2
(59, 51)
-> Request 3
624
(4, 3, 2)
2
(28, 29)
-> Request 4
945
(2, 3, 1)
3
(56, 27)
-> Request 5
1163
(4, 3, 1)
3
(14, 0)
-> Request 6
1425
(3, 1, 2)
2
(72, 18)
-> Request 7
1439
(2, 3, 2)
3
(58, 7)
--> Day : 1
-> Request 0
118
(3, 3, 2)
1
(51, 21)
-> Request 1
154
(4, 2, 2)
2
(59, 41)
-> Request 2
212
(2, 2, 2)
3
(17, 12)
-> Request 3
256
(3, 2, 1)
2
(27, 24)
-> Request 4
333
(4, 2, 2)
1
(26, 48)
-> Request 5
396
(3, 2, 1)
2
(59, 15)
-> Request 6
403
(2, 3, 1)
1
(69, 44)
-> Request 7
479
(4, 3, 1)
2
(12, 9)
-> Request 8
613
(3, 2, 1)
1
(64, 1)
-> Request 9
662
(4, 2, 1)
2
(19, 8)
-> Request 10
917
(2, 3, 1)
3
(5, 61)
-> Request 11
1216
(3, 2, 1)
3
(68, 19)
-> Request 12
1292
(3, 3, 2)
2
(0, 71)
-> Request 13
1293
(4, 3, 2)
3
(60, 36)
-> Request 14
1331
(4, 2, 1)
3
(77, 8)
-> Request 15
1364
(4, 2, 1)
3
(2, 20)
--> Day : 2
-> Request 0
53
(4, 1, 2)
1
(35, 53)
-> Request 1
159
(4, 1, 1)
1
(51, 37)
-> Request 2
346
(3, 1, 2)
1
(12, 74)
-> Request 3
507
(3, 3, 2)
1
(54, 61)
-> Request 4
711
(4, 2, 2)
2
(3, 72)
-> Request 5
945
(1, 3, 2)
2
(67, 55)
-> Request 6
1039
(4, 3, 2)
3
(71, 57)
-> Request 7
1059
(3, 3, 2)
1
(0, 6)
--> Day : 3
-> Request 0
64
(4, 3, 1)
3
(45, 39)
-> Request 1
196
(4, 3, 2)
1
(17, 75)
-> Request 2
204
(4, 3, 2)
3
(51, 78)
-> Request 3
222
(4, 3, 1)
2
(44, 0)
-> Request 4
280
(1, 3, 2)
3
(46, 34)
-> Request 5
299
(4, 2, 2)
3
(59, 29)
-> Request 6
309
(3, 3, 2)
2
(10, 29)
-> Request 7
499
(4, 1, 2)
3
(64, 79)
-> Request 8
683
(4, 2, 1)
1
(16, 65)
-> Request 9
685
(3, 3, 1)
1
(43, 21)
-> Request 10
750
(2, 2, 2)
3
(26, 68)
-> Request 11
757
(2, 3, 1)
1
(79, 75)
-> Request 12
926
(1, 3, 1)
2
(65, 48)
-> Request 13
1135
(4, 2, 1)
2
(16, 63)
-> Request 14
1421
(3, 1, 1)
1
(56, 49)
--> Day : 4
-> Request 0
52
(4, 3, 1)
2
(72, 4)
-> Request 1
187
(4, 2, 1)
1
(2, 17)
-> Request 2
504
(4, 3, 1)
3
(19, 14)
-> Request 3
504
(3, 2, 2)
2
(11, 20)
-> Request 4
668
(4, 2, 2)
1
(64, 66)
-> Request 5
901
(2, 3, 1)
2
(1, 62)
---> Week : 19
--> Day : 0
-> Request 0
222
(4, 2, 1)
2
(43, 34)
-> Request 1
245
(4, 3, 1)
2
(74, 21)
-> Request 2
386
(2, 3, 2)
3
(42, 18)
-> Request 3
498
(3, 3, 2)
2
(76, 21)
-> Request 4
506
(4, 1, 1)
3
(12, 27)
-> Request 5
564
(2, 3, 1)
3
(59, 12)
-> Request 6
711
(4, 2, 2)
1
(72, 47)
-> Request 7
746
(4, 3, 1)
2
(7, 66)
-> Request 8
809
(3, 3, 2)
1
(54, 18)
-> Request 9
949
(4, 3, 2)
1
(24, 32)
-> Request 10
1003
(2, 3, 1)
2
(43, 39)
-> Request 11
1124
(3, 3, 2)
2
(8, 76)
-> Request 12
1223
(3, 3, 2)
1
(43, 59)
-> Request 13
1381
(3, 3, 1)
2
(42, 56)
--> Day : 1
-> Request 0
94
(4, 1, 2)
1
(68, 64)
-> Request 1
359
(4, 3, 1)
2
(68, 62)
-> Request 2
535
(3, 3, 1)
1
(1, 57)
-> Request 3
714
(4, 2, 2)
2
(14, 69)
-> Request 4
853
(3, 2, 2)
1
(78, 46)
-> Request 5
887
(2, 2, 2)
3
(65, 17)
-> Request 6
925
(2, 3, 2)
2
(39, 61)
-> Request 7
1159
(4, 3, 1)
1
(7, 70)
-> Request 8
1264
(3, 3, 1)
2
(19, 50)
--> Day : 2
-> Request 0
103
(4, 3, 1)
1
(14, 10)
-> Request 1
103
(2, 2, 2)
3
(41, 45)
-> Request 2
180
(4, 2, 2)
3
(16, 3)
-> Request 3
285
(2, 3, 1)
3
(24, 42)
-> Request 4
385
(3, 1, 1)
2
(20, 3)
-> Request 5
518
(4, 2, 2)
3
(25, 73)
-> Request 6
518
(4, 3, 2)
2
(33, 55)
-> Request 7
687
(4, 3, 1)
3
(18, 18)
-> Request 8
772
(2, 3, 2)
2
(57, 11)
-> Request 9
899
(4, 3, 1)
2
(16, 54)
-> Request 10
942
(2, 3, 1)
1
(76, 46)
-> Request 11
1115
(4, 2, 2)
2
(36, 14)
-> Request 12
1331
(4, 3, 1)
1
(53, 4)
--> Day : 3
-> Request 0
136
(4, 2, 2)
1
(29, 17)
-> Request 1
376
(2, 2, 1)
2
(55, 15)
-> Request 2
489
(3, 2, 2)
3
(76, 76)
-> Request 3
581
(3, 3, 1)
3
(52, 34)
-> Request 4
623
(3, 3, 2)
2
(74, 43)
-> Request 5
634
(4, 3, 1)
3
(73, 64)
-> Request 6
656
(3, 1, 2)
1
(61, 16)
-> Request 7
739
(3, 3, 2)
1
(6, 18)
-> Request 8
814
(2, 3, 1)
2
(72, 16)
-> Request 9
1145
(4, 2, 2)
3
(65, 58)
-> Request 10
1315
(3, 3, 1)
1
(28, 59)
--> Day : 4
-> Request 0
185
(2, 3, 2)
1
(37, 49)
-> Request 1
213
(4, 2, 1)
1
(6, 20)
-> Request 2
525
(2, 2, 2)
1
(63, 0)
-> Request 3
821
(3, 3, 2)
1
(1, 26)
-> Request 4
941
(4, 2, 1)
1
(62, 13)
-> Request 5
980
(4, 2, 2)
2
(14, 53)
-> Request 6
1004
(1, 3, 1)
1
(50, 23)
-> Request 7
1367
(3, 3, 2)
3
(59, 0)
