---> Week : 0
--> Day : 0
-> Request 0
131
(2, 3, 1)
2
(51, 19)
-> Request 1
322
(4, 3, 2)
1
(44, 66)
-> Request 2
527
(1, 3, 1)
3
(70, 11)
-> Request 3
612
(2, 3, 2)
1
(16, 19)
-> Request 4
696
(3, 3, 1)
1
(32, 23)
-> Request 5
712
(4, 2, 1)
2
(45, 48)
-> Request 6
936
(3, 3, 1)
2
(10, 13)
-> Request 7
1023
(3, 2, 1)
3
(68, 53)
-> Request 8
1070
(3, 2, 1)
3
(21, 63)
-> Request 9
1313
(3, 2, 1)
3
(55, 57)
--> Day : 1
-> Request 0
17
(4, 3, 2)
3
(52, 9)
-> Request 1
56
(3, 3, 1)
3
(8, 17)
-> Request 2
118
(1, 3, 2)
3
(9, 54)
-> Request 3
185
(4, 3, 2)
2
(62, 4)
-> Request 4
446
(2, 2, 1)
3
(16, 61)
-> Request 5
583
(3, 3, 1)
2
(46, 55)
-> Request 6
766
(4, 2, 2)
3
(1, 66)
-> Request 7
1041
(4, 3, 2)
3
(30, 9)
-> Request 8
1121
(4, 3, 2)
2
(58, 79)
-> Request 9
1143
(4, 2, 1)
1
(57, 52)
-> Request 10
1143
(3, 2, 1)
2
(49, 26)
--> Day : 2
-> Request 0
274
(3, 2, 1)
1
(27, 11)
-> Request 1
396
(4, 2, 1)
2
(28, 79)
-> Request 2
573
(2, 2, 2)
2
(53, 43)
-> Request 3
699
(2, 3, 1)
2
(77, 58)
-> Request 4
750
(2, 3, 1)
1
(75, 51)
-> Request 5
835
(3, 3, 2)
1
(48, 12)
-> Request 6
973
(2, 3, 2)
1
(21, 73)
-> Request 7
987
(3, 2, 1)
2
(36, 28)
-> Request 8
996
(4, 3, 2)
3
(42, 19)
-> Request 9
1009
(3, 2, 2)
1
(22, 78)
-> Request 10
1260
(2, 3, 2)
3
(50, 23)
--> Day : 3
-> Request 0
262
(4, 3, 1)
2
(27, 49)
-> Request 1
483
(2, 3, 2)
2
(20, 64)
-> Request 2
526
(4, 2, 1)
2
(72, 28)
-> Request 3
732
(4, 3, 1)
3
(57, 20)
-> Request 4
1074
(3, 3, 2)
3
(25, 65)
--> Day : 4
-> Request 0
36
(4, 2, 1)
1
(18, 3)
-> Request 1
83
(1, 3, 1)
1
(17, 0)
-> Request 2
152
(3, 2, 1)
3
(55, 52)
-> Request 3
194
(4, 2, 1)
3
(70, 2)
-> Request 4
409
(4, 2, 1)
3
(16, 28)
-> Request 5
614
(4, 3, 1)
2
(10, 50)
-> Request 6
953
(4, 3, 1)
3
(19, 32)
---> Week : 1
--> Day : 0
-> Request 0
394
(4, 2, 1)
3
(39, 5)
-> Request 1
530
(4, 3, 2)
3
(71, 16)
-> Request 2
679
(2, 3, 2)
1
(42, 8)
-> Request 3
741
(3, 2, 1)
3
(40, 35)
-> Request 4
855
(3, 3, 2)
1
(33, 49)
-> Request 5
862
(1, 2, 1)
1
(70, 66)
-> Request 6
1147
(3, 3, 1)
1
(27, 64)
-> Request 7
1250
(4, 2, 2)
2
(4, 50)
-> Request 8
1274
(4, 2, 2)
3
(42, 75)
-> Request 9
1356
(4, 3, 1)
2
(73, 71)
-> Request 10
1404
(4, 3, 2)
1
(70, 14)
--> Day : 1
-> Request 0
99
(4, 3, 2)
2
(10, 26)
-> Request 1
141
(2, 2, 2)
2
(6, 3)
-> Request 2
515
(2, 2, 2)
3
(5, 54)
-> Request 3
533
(2, 3, 1)
1
(57, 34)
-> Request 4
554
(2, 3, 1)
2
(38, 7)
-> Request 5
667
(2, 3, 1)
2
(42, 5)
-> Request 6
703
(4, 3, 1)
1
(31, 11)
-> Request 7
819
(4, 3, 1)
3
(38, 2)
-> Request 8
889
(3, 2, 1)
2
(58, 26)
-> Request 9
909
(4, 3, 1)
2
(58, 0)
-> Request 10
974
(4, 3, 1)
2
(76, 43)
-> Request 11
1006
(4, 3, 1)
3
(47, 51)
--> Day : 2
-> Request 0
77
(4, 3, 1)
1
(61, 1)
-> Request 1
297
(4, 2, 1)
2
(14, 7)
-> Request 2
414
(4, 3, 2)
2
(35, 37)
-> Request 3
617
(4, 3, 2)
1
(54, 15)
-> Request 4
730
(4, 2, 1)
1
(33, 18)
-> Request 5
820
(2, 1, 1)
3
(7, 34)
-> Request 6
1089
(4, 2, 1)
2
(21, 78)
-> Request 7
1170
(4, 3, 2)
2
(76, 74)
--> Day : 3
-> Request 0
541
(4, 3, 2)
3
(25, 70)
-> Request 1
845
(2, 2, 2)
3
(51, 71)
-> Request 2
913
(3, 3, 2)
1
(25, 68)
-> Request 3
986
(4, 2, 1)
3
(78, 73)
-> Request 4
1204
(2, 2, 2)
3
(16, 15)
-> Request 5
1323
(4, 3, 1)
2
(30, 12)
--> Day : 4
-> Request 0
78
(4, 3, 2)
3
(25, 79)
-> Request 1
90
(1, 3, 1)
2
(24, 77)
-> Request 2
185
(3, 3, 2)
1
(33, 46)
-> Request 3
328
(3, 2, 2)
2
(7, 33)
-> Request 4
1027
(4, 3, 1)
2
(53, 61)
-> Request 5
1107
(4, 3, 2)
3
(71, 6)
-> Request 6
1260
(3, 2, 1)
1
(57, 71)
---> Week : 2
--> Day : 0
-> Request 0
71
(3, 3, 2)
1
(36, 42)
-> Request 1
190
(4, 3, 1)
1
(27, 49)
-> Request 2
450
(4, 3, 2)
1
(13, 50)
-> Request 3
597
(3, 3, 2)
1
(62, 54)
-> Request 4
797
(3, 2, 1)
3
(72, 37)
-> Request 5
1038
(4, 3, 1)
3
(13, 12)
-> Request 6
1058
(1, 3, 2)
1
(11, 19)
-> Request 7
1157
(4, 3, 1)
1
(3, 53)
-> Request 8
1164
(4, 3, 1)
3
(21, 55)
-> Request 9
1167
(3, 3, 2)
3
(75, 12)
-> Request 10
1230
(3, 3, 1)
1
(48, 0)
-> Request 11
1302
(3, 3, 2)
3
(43, 23)
-> Request 12
1306
(4, 3, 2)
3
(50, 69)
-> Request 13
1323
(4, 3, 2)
1
(23, 16)
--> Day : 1
-> Request 0
173
(3, 3, 2)
3
(64, 5)
-> Request 1
530
(4, 3, 1)
3
(29, 34)
-> Request 2
653
(3, 3, 1)
2
(60, 44)
-> Request 3
811
(3, 3, 1)
1
(7, 25)
-> Request 4
813
(4, 1, 2)
1
(59, 36)
-> Request 5
828
(3, 2, 2)
2
(28, 21)
-> Request 6
956
(4, 3, 1)
2
(78, 61)
-> Request 7
989
(4, 2, 1)
3
(13, 23)
-> Request 8
1328
(1, 3, 1)
1
(16, 46)
-> Request 9
1380
(2, 3, 1)
3
(68, 69)
--> Day : 2
-> Request 0
159
(2, 3, 2)
1
(33, 49)
-> Request 1
289
(3, 2, 1)
2
(72, 5)
-> Request 2
412
(2, 3, 2)
2
(64, 30)
-> Request 3
834
(3, 3, 2)
3
(72, 20)
-> Request 4
960
(2, 3, 2)
2
(15, 14)
-> Request 5
1252
(4, 3, 2)
2
(30, 21)
-> Request 6
1418
(3, 3, 1)
3
(12, 11)
--> Day : 3
-> Request 0
250
(4, 3, 2)
1
(73, 20)
-> Request 1
254
(3, 3, 2)
3
(1, 63)
-> Request 2
442
(3, 2, 1)
1
(26, 9)
-> Request 3
926
(4, 2, 2)
3
(78, 52)
-> Request 4
1024
(4, 3, 2)
3
(56, 72)
-> Request 5
1382
(1, 3, 1)
3
(34, 69)
--> Day : 4
-> Request 0
637
(3, 3, 1)
1
(73, 30)
-> Request 1
645
(3, 3, 1)
3
(45, 19)
-> Request 2
845
(2, 3, 1)
2
(77, 76)
-> Request 3
1085
(4, 3, 1)
2
(42, 2)
-> Request 4
1239
(4, 3, 1)
3
(50, 18)
-> Request 5
1435
(2, 3, 2)
3
(20, 24)
---> Week : 3
--> Day : 0
-> Request 0
17
(4, 2, 2)
1
(37, 64)
-> Request 1
161
(4, 2, 1)
2
(60, 53)
-> Request 2
310
(4, 2, 1)
1
(25, 57)
-> Request 3
336
(4, 3, 2)
2
(4, 78)
-> Request 4
493
(3, 3, 2)
2
(32, 63)
-> Request 5
511
(3, 2, 1)
3
(56, 18)
-> Request 6
552
(3, 3, 1)
2
(19, 35)
-> Request 7
612
(4, 3, 2)
2
(43, 4)
-> Request 8
646
(4, 3, 1)
1
(22, 44)
-> Request 9
668
(4, 2, 1)
1
(37, 77)
-> Request 10
762
(4, 2, 1)
3
(51, 23)
-> Request 11
788
(3, 3, 1)
1
(40, 3)
-> Request 12
908
(3, 3, 2)
2
(66, 77)
-> Request 13
1254
(3, 3, 1)
1
(38, 43)
--> Day : 1
-> Request 0
146
(4, 3, 1)
3
(35, 39)
-> Request 1
280
(4, 2, 1)
2
(19, 2)
-> Request 2
442
(3, 3, 1)
1
(72, 77)
-> Request 3
1001
(2, 2, 2)
2
(34, 68)
-> Request 4
1004
(3, 3, 1)
3
(55, 68)
-> Request 5
1252
(4, 3, 2)
2
(56, 60)
-> Request 6
1332
(2, 3, 2)
2
(70, 13)
-> Request 7
1418
(4, 3, 2)
3
(56, 2)
--> Day : 2
-> Request 0
217
(4, 3, 2)
3
(50, 13)
-> Request 1
368
(4, 3, 1)
1
(66, 57)
-> Request 2
469
(4, 2, 1)
2
(21, 27)
-> Request 3
508
(3, 3, 2)
2
(18, 48)
-> Request 4
530
(4, 3, 1)
3
(6, 18)
-> Request 5
685
(3, 2, 1)
3
(24, 66)
-> Request 6
722
(4, 3, 1)
2
(36, 42)
-> Request 7
773
(2, 2, 1)
3
(51, 63)
-> Request 8
939
(2, 2, 1)
2
(56, 77)
-> Request 9
1045
(2, 3, 2)
2
(64, 49)
-> Request 10
1114
(4, 3, 1)
2
(34, 71)
-> Request 11
1136
(3, 2, 2)
3
(0, 66)
-> Request 12
1172
(4, 2, 1)
2
(43, 28)
--> Day : 3
-> Request 0
35
(4, 2, 1)
1
(58, 34)
-> Request 1
125
(2, 3, 2)
3
(48, 14)
-> Request 2
306
(3, 3, 1)
2
(12, 65)
-> Request 3
492
(4, 3, 2)
1
(56, 27)
-> Request 4
706
(1, 2, 2)
1
(12, 10)
-> Request 5
772
(3, 2, 1)
2
(76, 26)
-> Request 6
1031
(4, 2, 1)
3
(19, 17)
-> Request 7
1375
(4, 3, 1)
1
(74, 28)
-> Request 8
1416
(4, 3, 1)
3
(13, 5)
-> Request 9
1434
(4, 3, 2)
1
(77, 10)
--> Day : 4
-> Request 0
679
(4, 3, 1)
3
(60, 58)
-> Request 1
867
(4, 2, 2)
2
(50, 33)
-> Request 2
1134
(4, 3, 2)
3
(14, 64)
-> Request 3
1305
(4, 3, 1)
3
(29, 8)
-> Request 4
1391
(2, 2, 1)
2
(53, 25)
---> Week : 4
--> Day : 0
-> Request 0
42
(3, 3, 2)
1
(71, 13)
-> Request 1
158
(1, 2, 2)
2
(65, 36)
-> Request 2
545
(2, 3, 1)
2
(42, 76)
-> Request 3
1122
(3, 3, 2)
2
(77, 43)
--> Day : 1
-> Request 0
112
(3, 2, 1)
2
(57, 44)
-> Request 1
128
(1, 3, 2)
3
(60, 4)
-> Request 2
128
(4, 2, 2)
1
(71, 17)
-> Request 3
225
(3, 3, 2)
3
(49, 3)
-> Request 4
251
(4, 2, 1)
1
(25, 60)
-> Request 5
261
(4, 3, 2)
2
(8, 69)
-> Request 6
371
(2, 2, 1)
3
(41, 5)
-> Request 7
448
(3, 3, 1)
3
(49, 28)
-> Request 8
611
(4, 3, 1)
3
(17, 29)
-> Request 9
1032
(2, 3, 1)
1
(5, 14)
-> Request 10
1063
(2, 3, 2)
3
(25, 66)
-> Request 11
1116
(2, 3, 2)
2
(56, 60)
-> Request 12
1130
(4, 3, 1)
3
(74, 30)
--> Day : 2
-> Request 0
230
(3, 3, 2)
3
(59, 45)
-> Request 1
448
(3, 3, 2)
1
(57, 60)
-> Request 2
473
(2, 3, 1)
2
(15, 16)
-> Request 3
730
(1, 3, 1)
2
(57, 33)
-> Request 4
772
(4, 2, 1)
3
(25, 61)
-> Request 5
1229
(1, 3, 1)
3
(17, 30)
-> Request 6
1419
(3, 3, 2)
3
(5, 73)
--> Day : 3
-> Request 0
375
(2, 3, 2)
3
(71, 16)
-> Request 1
415
(3, 2, 1)
2
(42, 2)
-> Request 2
540
(4, 2, 2)
3
(62, 50)
-> Request 3
783
(4, 3, 1)
1
(39, 6)
-> Request 4
805
(4, 3, 1)
3
(50, 48)
-> Request 5
1127
(3, 2, 1)
3
(36, 78)
-> Request 6
1248
(1, 3, 2)
1
(8, 10)
-> Request 7
1353
(4, 3, 1)
3
(37, 53)
--> Day : 4
-> Request 0
264
(2, 2, 2)
3
(12, 69)
-> Request 1
432
(3, 3, 1)
2
(12, 32)
-> Request 2
502
(2, 2, 2)
3
(35, 79)
-> Request 3
525
(2, 2, 1)
1
(10, 14)
-> Request 4
537
(4, 3, 2)
3
(75, 19)
-> Request 5
892
(3, 3, 1)
1
(0, 77)
---> Week : 5
--> Day : 0
-> Request 0
59
(4, 3, 2)
1
(10, 23)
-> Request 1
379
(4, 1, 1)
2
(3, 66)
-> Request 2
493
(4, 3, 1)
3
(50, 54)
-> Request 3
827
(4, 3, 2)
3
(21, 61)
-> Request 4
975
(4, 2, 2)
1
(29, 45)
-> Request 5
1039
(2, 3, 2)
1
(9, 68)
-> Request 6
1079
(2, 3, 1)
1
(8, 44)
-> Request 7
1175
(3, 3, 1)
1
(11, 3)
-> Request 8
1232
(4, 2, 2)
2
(39, 22)
-> Request 9
1323
(2, 3, 2)
1
(56, 59)
-> Request 10
1367
(2, 3, 2)
1
(37, 31)
--> Day : 1
-> Request 0
15
(3, 3, 1)
1
(59, 32)
-> Request 1
432
(3, 3, 1)
2
(45, 67)
-> Request 2
876
(1, 3, 2)
2
(20, 3)
-> Request 3
1203
(4, 2, 2)
1
(0, 37)
-> Request 4
1420
(4, 2, 1)
2
(46, 30)
--> Day : 2
-> Request 0
52
(4, 2, 2)
1
(17, 10)
-> Request 1
167
(1, 2, 1)
1
(77, 56)
-> Request 2
193
(3, 2, 2)
3
(4, 62)
-> Request 3
603
(3, 3, 1)
2
(79, 29)
-> Request 4
1089
(4, 3, 1)
2
(35, 79)
-> Request 5
1103
(3, 2, 2)
2
(67, 61)
-> Request 6
1103
(4, 3, 1)
1
(17, 50)
-> Request 7
1150
(4, 3, 2)
1
(35, 27)
-> Request 8
1159
(2, 2, 2)
1
(46, 51)
-> Request 9
1347
(2, 3, 1)
2
(21, 32)
--> Day : 3
-> Request 0
152
(3, 3, 1)
1
(14, 50)
-> Request 1
240
(4, 2, 1)
2
(54, 52)
-> Request 2
361
(4, 2, 2)
1
(6, 25)
-> Request 3
372
(4, 3, 1)
1
(53, 67)
-> Request 4
372
(4, 1, 2)
2
(23, 31)
-> Request 5
602
(4, 3, 1)
3
(39, 70)
-> Request 6
608
(2, 2, 1)
3
(53, 60)
-> Request 7
877
(4, 2, 2)
2
(54, 12)
-> Request 8
929
(4, 3, 2)
3
(39, 59)
-> Request 9
965
(4, 3, 1)
3
(58, 29)
-> Request 10
1224
(4, 3, 2)
1
(79, 31)
--> Day : 4
-> Request 0
85
(3, 1, 2)
3
(15, 5)
-> Request 1
171
(4, 3, 1)
3
(70, 15)
-> Request 2
248
(4, 3, 2)
2
(66, 36)
-> Request 3
249
(3, 3, 1)
3
(34, 57)
-> Request 4
262
(3, 2, 2)
3
(52, 72)
-> Request 5
311
(2, 2, 2)
1
(76, 25)
-> Request 6
332
(3, 2, 2)
3
(8, 47)
-> Request 7
376
(4, 3, 1)
3
(34, 7)
-> Request 8
797
(3, 3, 2)
2
(33, 6)
-> Request 9
808
(4, 1, 2)
3
(71, 70)
-> Request 10
835
(3, 3, 2)
2
(62, 63)
-> Request 11
1051
(2, 3, 2)
1
(68, 11)
-> Request 12
1175
(2, 2, 2)
1
(19, 53)
-> Request 13
1263
(1, 2, 2)
1
(51, 22)
-> Request 14
1363
(4, 3, 2)
1
(31, 6)
---> Week : 6
--> Day : 0
-> Request 0
21
(2, 3, 2)
2
(32, 68)
-> Request 1
58
(3, 2, 1)
1
(32, 2)
-> Request 2
237
(4, 3, 2)
2
(41, 20)
-> Request 3
279
(3, 3, 1)
1
(19, 66)
-> Request 4
808
(2, 3, 2)
2
(7, 42)
-> Request 5
1105
(1, 2, 1)
1
(32, 71)
-> Request 6
1222
(4, 2, 1)
2
(17, 48)
-> Request 7
1384
(4, 2, 1)
2
(74, 38)
--> Day : 1
-> Request 0
42
(2, 2, 2)
3
(0, 39)
-> Request 1
374
(4, 3, 1)
3
(12, 34)
-> Request 2
596
(4, 2, 2)
3
(48, 19)
-> Request 3
676
(4, 3, 1)
2
(58, 67)
-> Request 4
685
(4, 3, 1)
1
(36, 31)
-> Request 5
717
(1, 3, 2)
2
(18, 52)
-> Request 6
749
(2, 3, 1)
3
(7, 40)
-> Request 7
754
(3, 3, 1)
3
(23, 0)
-> Request 8
797
(4, 2, 1)
1
(17, 45)
-> Request 9
968
(4, 2, 2)
3
(50, 73)
-> Request 10
1138
(4, 3, 1)
2
(7, 64)
-> Request 11
1206
(4, 2, 2)
3
(7, 54)
-> Request 12
1243
(3, 3, 2)
2
(19, 68)
-> Request 13
1288
(2, 3, 2)
1
(29, 18)
-> Request 14
1299
(4, 3, 2)
1
(23, 20)
--> Day : 2
-> Request 0
180
(4, 1, 1)
1
(29, 74)
-> Request 1
535
(2, 3, 2)
2
(51, 33)
-> Request 2
632
(3, 3, 1)
2
(76, 66)
-> Request 3
755
(3, 3, 2)
1
(33, 74)
-> Request 4
813
(1, 3, 1)
1
(71, 64)
-> Request 5
913
(4, 3, 1)
1
(32, 45)
-> Request 6
916
(4, 2, 2)
2
(38, 75)
-> Request 7
1169
(4, 2, 2)
3
(50, 71)
-> Request 8
1284
(4, 3, 2)
1
(47, 40)
-> Request 9
1332
(3, 3, 2)
1
(78, 24)
-> Request 10
1369
(3, 3, 2)
2
(3, 45)
--> Day : 3
-> Request 0
120
(4, 3, 1)
1
(6, 20)
-> Request 1
260
(4, 3, 2)
3
(56, 56)
-> Request 2
558
(2, 3, 2)
2
(1, 9)
-> Request 3
562
(4, 3, 2)
2
(65, 4)
-> Request 4
981
(1, 3, 1)
1
(1, 47)
-> Request 5
1378
(3, 2, 2)
3
(64, 44)
--> Day : 4
-> Request 0
685
(4, 3, 1)
2
(36, 6)
---> Week : 7
--> Day : 0
-> Request 0
324
(3, 2, 2)
2
(61, 8)
-> Request 1
504
(3, 3, 2)
2
(36, 4)
-> Request 2
604
(4, 1, 1)
3
(48, 19)
-> Request 3
855
(3, 3, 2)
3
(17, 49)
-> Request 4
933
(4, 2, 1)
3
(30, 31)
-> Request 5
1001
(2, 2, 2)
2
(72, 41)
-> Request 6
1043
(3, 3, 1)
2
(66, 6)
-> Request 7
1236
(3, 3, 2)
3
(43, 6)
--> Day : 1
-> Request 0
59
(2, 3, 1)
2
(75, 62)
-> Request 1
70
(3, 3, 2)
1
(74, 48)
-> Request 2
210
(4, 3, 2)
3
(48, 18)
-> Request 3
248
(3, 3, 2)
3
(29, 79)
-> Request 4
617
(3, 3, 2)
2
(9, 74)
-> Request 5
621
(4, 2, 1)
3
(11, 28)
-> Request 6
903
(4, 3, 2)
1
(12, 70)
-> Request 7
915
(4, 2, 2)
2
(74, 30)
-> Request 8
1237
(3, 2, 2)
3
(15, 31)
-> Request 9
1337
(2, 2, 1)
2
(79, 27)
--> Day : 2
-> Request 0
490
(2, 3, 2)
2
(73, 7)
-> Request 1
539
(3, 3, 2)
3
(53, 78)
-> Request 2
596
(4, 2, 2)
1
(21, 32)
-> Request 3
596
(4, 3, 2)
1
(30, 4)
-> Request 4
848
(4, 2, 2)
1
(14, 2)
-> Request 5
851
(3, 3, 1)
2
(25, 20)
-> Request 6
928
(2, 2, 1)
1
(51, 54)
-> Request 7
1378
(4, 3, 1)
3
(23, 79)
-> Request 8
1409
(4, 1, 2)
2
(77, 17)
--> Day : 3
-> Request 0
62
(4, 2, 1)
1
(43, 51)
-> Request 1
67
(2, 2, 2)
2
(24, 53)
-> Request 2
184
(4, 2, 2)
2
(9, 35)
-> Request 3
879
(3, 3, 1)
1
(18, 46)
-> Request 4
1010
(1, 3, 2)
2
(21, 1)
-> Request 5
1207
(4, 3, 2)
2
(76, 14)
-> Request 6
1245
(3, 3, 2)
2
(45, 44)
-> Request 7
1435
(1, 3, 1)
3
(6, 47)
--> Day : 4
-> Request 0
148
(4, 2, 1)
1
(19, 11)
-> Request 1
583
(2, 3, 1)
2
(5, 65)
-> Request 2
837
(3, 3, 2)
3
(12, 47)
-> Request 3
880
(4, 2, 2)
2
(38, 36)
-> Request 4
930
(4, 2, 1)
3
(44, 69)
-> Request 5
968
(4, 3, 1)
3
(50, 24)
-> Request 6
1175
(3, 2, 2)
3
(47, 19)
-> Request 7
1286
(3, 1, 1)
1
(29, 73)
-> Request 8
1359
(3, 3, 1)
2
(10, 30)
---> Week : 8
--> Day : 0
-> Request 0
172
(3, 2, 1)
1
(28, 44)
-> Request 1
265
(4, 2, 2)
3
(51, 58)
-> Request 2
288
(2, 1, 2)
1
(27, 18)
-> Request 3
642
(4, 3, 1)
3
(27, 29)
-> Request 4
858
(2, 3, 1)
2
(36, 15)
-> Request 5
946
(3, 2, 1)
2
(15, 5)
-> Request 6
1152
(3, 3, 2)
1
(41, 63)
-> Request 7
1162
(4, 2, 2)
3
(61, 12)
-> Request 8
1203
(4, 3, 1)
3
(45, 69)
-> Request 9
1406
(4, 2, 2)
1
(3, 1)
-> Request 10
1416
(3, 3, 2)
1
(58, 50)
--> Day : 1
-> Request 0
581
(2, 2, 1)
1
(15, 42)
-> Request 1
734
(4, 3, 1)
3
(61, 39)
-> Request 2
741
(4, 3, 1)
1
(54, 74)
-> Request 3
1051
(2, 3, 2)
1
(7, 34)
-> Request 4
1218
(4, 3, 2)
1
(70, 71)
-> Request 5
1248
(4, 3, 1)
1
(27, 14)
-> Request 6
1278
(4, 3, 2)
1
(76, 29)
-> Request 7
1292
(3, 1, 2)
1
(77, 42)
-> Request 8
1303
(4, 2, 2)
3
(46, 51)
-> Request 9
1318
(3, 2, 2)
3
(35, 11)
-> Request 10
1332
(3, 2, 2)
1
(15, 33)
--> Day : 2
-> Request 0
115
(4, 2, 1)
2
(61, 62)
-> Request 1
187
(4, 2, 2)
3
(26, 54)
-> Request 2
638
(3, 3, 1)
2
(47, 27)
-> Request 3
1316
(4, 3, 1)
2
(19, 19)
--> Day : 3
-> Request 0
36
(3, 3, 2)
1
(21, 78)
-> Request 1
173
(4, 3, 1)
1
(26, 61)
-> Request 2
325
(4, 3, 2)
2
(41, 40)
-> Request 3
348
(4, 2, 2)
3
(73, 53)
-> Request 4
582
(4, 2, 2)
1
(10, 55)
-> Request 5
729
(3, 2, 2)
1
(7, 25)
-> Request 6
735
(1, 3, 1)
2
(2, 74)
-> Request 7
1017
(4, 3, 2)
1
(12, 38)
-> Request 8
1168
(4, 3, 2)
3
(22, 0)
-> Request 9
1210
(4, 3, 2)
3
(2, 61)
-> Request 10
1378
(4, 2, 2)
2
(0, 7)
--> Day : 4
-> Request 0
416
(1, 3, 2)
2
(63, 10)
-> Request 1
531
(4, 3, 2)
2
(9, 63)
-> Request 2
928
(3, 2, 1)
1
(35, 43)
-> Request 3
1001
(4, 3, 2)
2
(13, 46)
-> Request 4
1037
(4, 2, 1)
2
(56, 32)
-> Request 5
1105
(3, 2, 1)
1
(9, 68)
---> Week : 9
--> Day : 0
-> Request 0
34
(2, 2, 1)
3
(69, 39)
-> Request 1
457
(4, 3, 2)
2
(66, 40)
-> Request 2
829
(3, 3, 1)
1
(23, 60)
-> Request 3
945
(3, 3, 2)
2
(41, 78)
-> Request 4
1132
(4, 3, 2)
2
(55, 47)
-> Request 5
1230
(4, 3, 2)
1
(69, 78)
--> Day : 1
-> Request 0
108
(4, 2, 2)
2
(32, 15)
-> Request 1
568
(3, 3, 2)
1
(15, 11)
-> Request 2
605
(4, 2, 2)
3
(12, 9)
-> Request 3
774
(2, 2, 1)
3
(65, 7)
-> Request 4
905
(2, 2, 2)
3
(66, 69)
-> Request 5
1199
(4, 2, 1)
2
(76, 40)
-> Request 6
1214
(3, 3, 2)
2
(50, 26)
-> Request 7
1275
(4, 3, 1)
1
(62, 69)
-> Request 8
1351
(4, 3, 2)
3
(17, 77)
-> Request 9
1379
(2, 3, 1)
3
(70, 55)
-> Request 10
1423
(3, 3, 2)
2
(27, 38)
--> Day : 2
-> Request 0
173
(4, 2, 2)
1
(67, 59)
-> Request 1
246
(4, 2, 1)
1
(2, 49)
-> Request 2
794
(3, 3, 1)
3
(39, 50)
-> Request 3
978
(4, 2, 2)
2
(14, 1)
-> Request 4
1044
(4, 3, 2)
3
(9, 66)
-> Request 5
1070
(4, 3, 1)
3
(16, 36)
-> Request 6
1409
(4, 3, 1)
3
(65, 30)
-> Request 7
1414
(1, 3, 2)
2
(51, 29)
--> Day : 3
-> Request 0
111
(3, 2, 1)
2
(70, 20)
-> Request 1
157
(4, 3, 2)
2
(79, 34)
-> Request 2
295
(3, 3, 1)
2
(69, 63)
-> Request 3
424
(4, 2, 1)
3
(40, 19)
-> Request 4
477
(2, 2, 2)
3
(35, 3)
-> Request 5
538
(3, 2, 1)
3
(79, 4)
-> Request 6
912
(4, 3, 1)
2
(45, 58)
-> Request 7
997
(3, 3, 2)
1
(13, 51)
-> Request 8
1038
(4, 3, 1)
3
(73, 0)
-> Request 9
1233
(1, 3, 2)
3
(66, 3)
-> Request 10
1252
(4, 2, 2)
1
(2, 38)
-> Request 11
1262
(3, 3, 1)
2
(48, 23)
-> Request 12
1306
(3, 3, 1)
2
(9, 24)
-> Request 13
1384
(2, 2, 1)
3
(27, 14)
--> Day : 4
-> Request 0
26
(4, 2, 2)
3
(75, 9)
-> Request 1
160
(4, 3, 1)
1
(38, 24)
-> Request 2
333
(2, 3, 2)
3
(7, 13)
-> Request 3
681
(4, 2, 2)
3
(14, 46)
-> Request 4
778
(3, 3, 1)
3
(54, 69)
-> Request 5
846
(4, 2, 2)
2
(6, 53)
-> Request 6
859
(4, 3, 2)
3
(14, 7)
-> Request 7
929
(4, 2, 2)
1
(35, 8)
-> Request 8
961
(1, 3, 2)
3
(24, 12)
-> Request 9
991
(4, 3, 2)
1
(6, 71)
-> Request 10
1228
(3, 2, 2)
3
(54, 69)
---> Week : 10
--> Day : 0
-> Request 0
19
(2, 1, 2)
2
(49, 64)
-> Request 1
520
(4, 3, 2)
1
(27, 55)
-> Request 2
579
(2, 3, 1)
1
(64, 35)
-> Request 3
582
(3, 3, 2)
2
(65, 77)
-> Request 4
758
(3, 3, 1)
1
(72, 49)
-> Request 5
941
(2, 3, 2)
2
(24, 39)
-> Request 6
966
(4, 3, 2)
3
(3, 73)
-> Request 7
1035
(4, 2, 1)
2
(59, 27)
-> Request 8
1128
(3, 3, 1)
1
(34, 22)
-> Request 9
1210
(4, 3, 1)
3
(35, 24)
-> Request 10
1392
(3, 2, 1)
1
(14, 45)
--> Day : 1
-> Request 0
114
(3, 3, 1)
1
(51, 14)
-> Request 1
226
(4, 3, 2)
2
(16, 4)
-> Request 2
288
(4, 2, 2)
3
(61, 9)
-> Request 3
293
(4, 2, 1)
2
(26, 10)
-> Request 4
379
(4, 3, 1)
1
(13, 78)
-> Request 5
414
(3, 3, 2)
1
(45, 33)
-> Request 6
427
(3, 3, 2)
2
(53, 52)
-> Request 7
743
(4, 3, 2)
3
(13, 33)
-> Request 8
908
(3, 3, 2)
2
(45, 42)
-> Request 9
1082
(3, 3, 1)
2
(8, 5)
-> Request 10
1328
(3, 3, 1)
1
(54, 3)
--> Day : 2
-> Request 0
92
(4, 2, 1)
3
(43, 63)
-> Request 1
436
(4, 3, 2)
1
(47, 3)
-> Request 2
729
(4, 3, 1)
2
(39, 75)
-> Request 3
810
(4, 3, 2)
1
(72, 48)
-> Request 4
952
(4, 3, 2)
3
(11, 37)
-> Request 5
1129
(1, 3, 2)
2
(66, 39)
-> Request 6
1258
(4, 1, 1)
3
(37, 13)
-> Request 7
1270
(3, 3, 1)
2
(11, 3)
-> Request 8
1344
(3, 2, 2)
1
(74, 20)
--> Day : 3
-> Request 0
22
(4, 3, 1)
3
(47, 12)
-> Request 1
177
(3, 3, 2)
3
(11, 46)
-> Request 2
197
(3, 3, 2)
3
(42, 25)
-> Request 3
204
(3, 3, 1)
1
(34, 3)
-> Request 4
243
(4, 3, 2)
2
(34, 56)
-> Request 5
373
(4, 3, 1)
2
(59, 26)
-> Request 6
466
(2, 3, 1)
2
(15, 33)
-> Request 7
642
(2, 3, 2)
1
(79, 20)
-> Request 8
644
(4, 2, 2)
3
(37, 19)
-> Request 9
1102
(2, 3, 2)
3
(13, 77)
-> Request 10
1344
(3, 2, 1)
1
(32, 76)
-> Request 11
1413
(3, 3, 2)
3
(28, 49)
--> Day : 4
-> Request 0
24
(2, 3, 2)
2
(40, 9)
-> Request 1
650
(4, 3, 2)
3
(27, 46)
-> Request 2
1037
(2, 3, 2)
2
(3, 35)
---> Week : 11
--> Day : 0
-> Request 0
182
(2, 3, 2)
2
(27, 47)
-> Request 1
346
(4, 2, 1)
2
(58, 41)
-> Request 2
762
(3, 2, 1)
3
(58, 40)
-> Request 3
786
(3, 3, 2)
1
(69, 59)
-> Request 4
845
(3, 3, 2)
3
(68, 58)
-> Request 5
1255
(3, 3, 1)
3
(2, 60)
-> Request 6
1255
(3, 3, 2)
2
(68, 12)
--> Day : 1
-> Request 0
81
(1, 1, 1)
1
(3, 25)
-> Request 1
218
(4, 3, 1)
3
(77, 53)
-> Request 2
348
(4, 3, 2)
2
(68, 26)
-> Request 3
465
(3, 3, 2)
1
(24, 30)
-> Request 4
553
(2, 3, 1)
2
(74, 36)
-> Request 5
586
(3, 3, 2)
3
(74, 1)
-> Request 6
1082
(4, 3, 2)
2
(11, 49)
-> Request 7
1102
(4, 3, 1)
1
(13, 6)
-> Request 8
1120
(3, 2, 1)
2
(71, 33)
-> Request 9
1181
(3, 2, 2)
2
(16, 61)
-> Request 10
1387
(4, 3, 1)
3
(36, 74)
-> Request 11
1413
(4, 3, 2)
2
(3, 5)
--> Day : 2
-> Request 0
112
(4, 2, 2)
3
(26, 49)
-> Request 1
303
(4, 3, 2)
2
(33, 60)
-> Request 2
516
(3, 3, 2)
3
(34, 39)
-> Request 3
594
(4, 3, 2)
2
(19, 53)
-> Request 4
671
(4, 3, 2)
1
(57, 40)
-> Request 5
680
(4, 2, 1)
3
(5, 33)
-> Request 6
785
(4, 3, 1)
1
(61, 36)
-> Request 7
994
(3, 2, 1)
1
(41, 16)
-> Request 8
1195
(4, 3, 2)
1
(17, 53)
--> Day : 3
-> Request 0
17
(2, 2, 1)
1
(79, 32)
-> Request 1
21
(3, 3, 1)
1
(37, 71)
-> Request 2
28
(4, 3, 2)
1
(18, 25)
-> Request 3
82
(2, 1, 2)
1
(11, 62)
-> Request 4
92
(3, 3, 2)
1
(7, 45)
-> Request 5
122
(4, 3, 2)
2
(61, 57)
-> Request 6
375
(3, 2, 2)
1
(49, 29)
-> Request 7
379
(3, 3, 1)
1
(73, 56)
-> Request 8
415
(4, 2, 1)
2
(4, 37)
-> Request 9
485
(2, 3, 1)
2
(42, 5)
-> Request 10
575
(2, 2, 1)
1
(32, 30)
-> Request 11
743
(2, 2, 2)
2
(47, 15)
-> Request 12
804
(1, 2, 2)
1
(70, 26)
-> Request 13
1226
(2, 2, 1)
1
(79, 11)
-> Request 14
1319
(2, 3, 2)
1
(13, 72)
-> Request 15
1406
(3, 3, 1)
3
(39, 8)
--> Day : 4
-> Request 0
47
(2, 3, 1)
2
(24, 73)
-> Request 1
147
(4, 3, 2)
1
(7, 52)
-> Request 2
314
(4, 3, 1)
3
(3, 45)
-> Request 3
390
(3, 3, 2)
1
(71, 8)
-> Request 4
411
(3, 3, 2)
3
(63, 51)
-> Request 5
808
(2, 2, 2)
1
(68, 46)
-> Request 6
860
(4, 2, 1)
2
(0, 42)
-> Request 7
882
(3, 2, 1)
1
(25, 3)
-> Request 8
1104
(4, 3, 1)
2
(48, 38)
-> Request 9
1296
(1, 1, 1)
2
(10, 47)
---> Week : 12
--> Day : 0
-> Request 0
134
(2, 3, 1)
2
(69, 27)
-> Request 1
195
(2, 3, 2)
1
(43, 48)
-> Request 2
399
(3, 3, 2)
3
(75, 60)
-> Request 3
592
(4, 3, 1)
1
(59, 26)
-> Request 4
939
(4, 3, 2)
3
(2, 20)
-> Request 5
1026
(4, 2, 2)
2
(33, 2)
-> Request 6
1136
(4, 2, 2)
1
(64, 70)
-> Request 7
1144
(3, 2, 1)
3
(29, 58)
-> Request 8
1248
(4, 2, 1)
3
(8, 40)
--> Day : 1
-> Request 0
22
(2, 3, 2)
1
(72, 39)
-> Request 1
555
(2, 3, 1)
3
(62, 24)
-> Request 2
699
(2, 3, 2)
3
(4, 73)
-> Request 3
922
(4, 3, 1)
3
(67, 58)
--> Day : 2
-> Request 0
74
(4, 1, 2)
3
(66, 3)
-> Request 1
79
(3, 1, 2)
3
(5, 67)
-> Request 2
203
(4, 3, 1)
2
(40, 48)
-> Request 3
339
(4, 2, 2)
2
(16, 18)
-> Request 4
405
(2, 2, 2)
1
(22, 35)
-> Request 5
429
(4, 2, 2)
1
(12, 65)
-> Request 6
461
(4, 3, 2)
1
(21, 36)
-> Request 7
670
(4, 3, 1)
2
(38, 4)
-> Request 8
932
(4, 3, 2)
1
(76, 54)
-> Request 9
954
(2, 2, 1)
1
(6, 21)
-> Request 10
1042
(2, 2, 1)
1
(10, 6)
-> Request 11
1097
(4, 3, 1)
3
(65, 42)
-> Request 12
1207
(3, 3, 1)
3
(74, 6)
--> Day : 3
-> Request 0
169
(3, 3, 1)
1
(79, 1)
-> Request 1
366
(3, 1, 2)
2
(66, 70)
-> Request 2
379
(3, 3, 1)
2
(73, 5)
-> Request 3
721
(3, 2, 2)
2
(39, 37)
-> Request 4
992
(4, 2, 1)
1
(64, 64)
-> Request 5
1036
(4, 3, 1)
2
(54, 33)
-> Request 6
1096
(4, 2, 1)
2
(31, 19)
-> Request 7
1104
(3, 2, 2)
2
(67, 61)
-> Request 8
1310
(2, 2, 1)
3
(17, 72)
-> Request 9
1313
(1, 2, 2)
1
(0, 56)
-> Request 10
1365
(4, 2, 2)
1
(37, 4)
--> Day : 4
-> Request 0
113
(4, 3, 2)
1
(3, 70)
-> Request 1
351
(3, 2, 2)
3
(31, 9)
-> Request 2
479
(4, 3, 2)
1
(24, 30)
-> Request 3
495
(3, 3, 1)
1
(18, 19)
-> Request 4
580
(3, 3, 1)
1
(25, 25)
-> Request 5
613
(3, 2, 1)
1
(28, 48)
-> Request 6
1055
(4, 3, 1)
2
(77, 69)
-> Request 7
1066
(4, 3, 2)
3
(17, 74)
-> Request 8
1178
(4, 3, 2)
2
(28, 13)
-> Request 9
1278
(4, 2, 1)
3
(3, 35)
-> Request 10
1357
(2, 2, 2)
2
(31, 0)
-> Request 11
1369
(4, 3, 2)
2
(29, 31)
-> Request 12
1374
(3, 3, 2)
3
(30, 18)
-> Request 13
1393
(4, 3, 2)
2
(10, 1)
---> Week : 13
--> Day : 0
-> Request 0
73
(4, 2, 1)
2
(13, 78)
-> Request 1
620
(4, 3, 2)
3
(8, 26)
-> Request 2
1091
(4, 3, 2)
2
(76, 17)
-> Request 3
1151
(4, 2, 2)
1
(7, 54)
-> Request 4
1396
(2, 1, 1)
3
(64, 55)
--> Day : 1
-> Request 0
24
(3, 2, 1)
3
(8, 18)
-> Request 1
159
(2, 3, 2)
3
(51, 2)
-> Request 2
458
(4, 2, 2)
1
(47, 73)
-> Request 3
467
(3, 3, 1)
3
(16, 55)
-> Request 4
534
(3, 2, 1)
2
(44, 16)
-> Request 5
564
(4, 3, 1)
3
(12, 5)
-> Request 6
851
(4, 2, 2)
1
(18, 31)
-> Request 7
871
(4, 2, 2)
1
(26, 16)
-> Request 8
940
(4, 3, 2)
1
(61, 72)
-> Request 9
1031
(3, 3, 2)
2
(46, 4)
-> Request 10
1049
(3, 3, 2)
3
(4, 12)
-> Request 11
1065
(3, 3, 1)
2
(66, 68)
-> Request 12
1204
(3, 3, 1)
1
(60, 30)
-> Request 13
1207
(3, 3, 1)
1
(8, 59)
-> Request 14
1412
(3, 3, 2)
2
(14, 52)
--> Day : 2
-> Request 0
312
(4, 3, 2)
2
(63, 38)
-> Request 1
474
(3, 3, 2)
2
(29, 72)
-> Request 2
559
(4, 2, 2)
3
(73, 13)
-> Request 3
572
(4, 2, 2)
3
(38, 38)
-> Request 4
669
(3, 3, 2)
2
(58, 27)
-> Request 5
748
(3, 3, 1)
3
(32, 79)
-> Request 6
874
(2, 3, 1)
2
(69, 55)
-> Request 7
1059
(2, 3, 1)
3
(43, 12)
-> Request 8
1094
(3, 2, 1)
3
(61, 76)
-> Request 9
1146
(4, 3, 2)
1
(49, 4)
--> Day : 3
-> Request 0
330
(4, 3, 1)
2
(13, 73)
-> Request 1
352
(4, 2, 2)
1
(24, 37)
-> Request 2
417
(3, 3, 2)
3
(50, 58)
-> Request 3
454
(3, 3, 2)
1
(23, 7)
-> Request 4
648
(3, 3, 1)
1
(61, 38)
-> Request 5
1266
(4, 3, 2)
2
(6, 51)
--> Day : 4
-> Request 0
148
(4, 3, 2)
2
(33, 67)
-> Request 1
528
(3, 2, 1)
1
(14, 64)
-> Request 2
663
(4, 3, 1)
1
(38, 79)
-> Request 3
838
(4, 3, 2)
2
(67, 44)
-> Request 4
872
(2, 3, 2)
3
(54, 30)
-> Request 5
950
(4, 3, 2)
2
(14, 39)
-> Request 6
995
(4, 3, 2)
2
(50, 28)
-> Request 7
1056
(4, 3, 2)
2
(42, 54)
-> Request 8
1112
(2, 1, 2)
3
(3, 15)
-> Request 9
1196
(2, 3, 2)
2
(53, 20)
-> Request 10
1357
(4, 2, 1)
3
(5, 78)
---> Week : 14
--> Day : 0
-> Request 0
83
(3, 2, 1)
2
(0, 5)
-> Request 1
633
(4, 2, 1)
2
(26, 4)
-> Request 2
800
(3, 2, 1)
3
(14, 39)
-> Request 3
858
(2, 2, 1)
1
(18, 32)
-> Request 4
903
(4, 1, 1)
3
(60, 11)
-> Request 5
974
(4, 2, 2)
1
(18, 76)
-> Request 6
1051
(3, 3, 2)
3
(71, 72)
-> Request 7
1347
(3, 3, 2)
1
(25, 62)
--> Day : 1
-> Request 0
65
(4, 3, 2)
3
(41, 35)
-> Request 1
156
(2, 3, 1)
2
(74, 27)
-> Request 2
297
(3, 3, 2)
3
(38, 32)
-> Request 3
407
(4, 3, 1)
3
(56, 13)
-> Request 4
499
(2, 2, 1)
3
(49, 48)
-> Request 5
794
(4, 3, 1)
2
(9, 61)
-> Request 6
851
(3, 2, 2)
3
(47, 21)
-> Request 7
1191
(3, 3, 2)
1
(33, 78)
-> Request 8
1266
(2, 2, 2)
1
(65, 4)
-> Request 9
1283
(4, 3, 1)
2
(32, 69)
-> Request 10
1437
(4, 3, 1)
2
(9, 38)
--> Day : 2
-> Request 0
11
(3, 3, 1)
1
(62, 0)
-> Request 1
54
(2, 3, 2)
2
(55, 38)
-> Request 2
115
(3, 3, 2)
1
(43, 70)
-> Request 3
201
(4, 3, 2)
2
(59, 72)
-> Request 4
291
(4, 2, 1)
3
(58, 27)
-> Request 5
999
(2, 3, 2)
1
(66, 52)
-> Request 6
1093
(3, 2, 1)
2
(45, 47)
-> Request 7
1182
(3, 2, 2)
1
(73, 1)
-> Request 8
1201
(4, 3, 1)
2
(1, 63)
-> Request 9
1290
(4, 3, 1)
3
(20, 68)
--> Day : 3
-> Request 0
138
(4, 2, 2)
3
(50, 78)
-> Request 1
309
(4, 2, 1)
3
(41, 79)
-> Request 2
381
(3, 1, 2)
1
(31, 9)
-> Request 3
698
(3, 3, 1)
1
(68, 19)
-> Request 4
713
(4, 3, 1)
1
(50, 67)
-> Request 5
816
(4, 3, 1)
3
(13, 5)
-> Request 6
1147
(1, 2, 1)
2
(19, 70)
-> Request 7
1289
(3, 2, 2)
2
(44, 25)
-> Request 8
1351
(3, 3, 1)
3
(14, 51)
-> Request 9
1433
(3, 3, 2)
2
(4, 8)
--> Day : 4
-> Request 0
217
(4, 3, 2)
1
(76, 52)
-> Request 1
236
(4, 3, 1)
2
(18, 22)
-> Request 2
503
(4, 3, 1)
3
(39, 19)
-> Request 3
503
(4, 3, 1)
1
(50, 65)
-> Request 4
603
(3, 3, 1)
1
(61, 79)
-> Request 5
1202
(3, 3, 1)
3
(28, 76)
-> Request 6
1312
(4, 3, 2)
1
(9, 75)
-> Request 7
1332
(3, 3, 1)
1
(8, 71)
-> Request 8
1422
(4, 3, 1)
3
(28, 28)
---> Week : 15
--> Day : 0
-> Request 0
116
(4, 3, 1)
3
(16, 79)
-> Request 1
286
(4, 3, 2)
1
(25, 77)
-> Request 2
340
(3, 2, 1)
3
(68, 44)
-> Request 3
580
(4, 2, 2)
2
(60, 1)
-> Request 4
1060
(4, 3, 2)
3
(69, 8)
-> Request 5
1123
(4, 2, 2)
2
(79, 65)
-> Request 6
1140
(3, 3, 1)
3
(39, 64)
--> Day : 1
-> Request 0
28
(3, 2, 1)
3
(2, 4)
-> Request 1
127
(4, 3, 1)
3
(65, 7)
-> Request 2
129
(2, 3, 1)
3
(77, 29)
-> Request 3
156
(4, 3, 1)
3
(59, 18)
-> Request 4
256
(4, 3, 1)
3
(79, 35)
-> Request 5
290
(3, 1, 1)
3
(15, 79)
-> Request 6
356
(3, 3, 1)
1
(61, 38)
-> Request 7
539
(4, 3, 1)
1
(63, 9)
-> Request 8
791
(2, 3, 1)
1
(18, 32)
-> Request 9
1222
(3, 2, 2)
3
(63, 16)
-> Request 10
1261
(4, 2, 2)
3
(36, 16)
-> Request 11
1296
(2, 3, 2)
3
(9, 69)
-> Request 12
1334
(4, 3, 1)
3
(2, 14)
-> Request 13
1404
(2, 3, 2)
1
(22, 43)
--> Day : 2
-> Request 0
0
(4, 3, 2)
3
(32, 29)
-> Request 1
134
(3, 3, 2)
1
(50, 57)
-> Request 2
362
(4, 2, 1)
1
(71, 71)
-> Request 3
446
(4, 2, 2)
3
(45, 28)
-> Request 4
471
(4, 3, 1)
3
(38, 7)
-> Request 5
639
(4, 3, 1)
2
(77, 28)
-> Request 6
728
(1, 3, 1)
1
(16, 63)
-> Request 7
780
(4, 3, 1)
1
(12, 28)
-> Request 8
834
(4, 3, 2)
3
(57, 49)
-> Request 9
932
(4, 3, 1)
3
(16, 58)
-> Request 10
1102
(4, 3, 2)
1
(60, 63)
-> Request 11
1305
(1, 2, 2)
3
(59, 39)
-> Request 12
1438
(4, 2, 2)
2
(52, 32)
--> Day : 3
-> Request 0
33
(4, 2, 2)
3
(27, 11)
-> Request 1
663
(2, 3, 1)
1
(39, 54)
-> Request 2
725
(3, 2, 2)
1
(54, 26)
-> Request 3
832
(4, 3, 2)
2
(62, 30)
-> Request 4
952
(3, 3, 2)
1
(5, 61)
-> Request 5
1060
(4, 2, 1)
1
(21, 38)
-> Request 6
1393
(4, 2, 2)
2
(54, 56)
--> Day : 4
-> Request 0
9
(3, 2, 2)
2
(35, 55)
-> Request 1
214
(4, 2, 1)
3
(60, 45)
-> Request 2
306
(2, 3, 1)
3
(0, 16)
-> Request 3
619
(1, 3, 2)
3
(66, 77)
-> Request 4
795
(3, 2, 2)
1
(78, 68)
-> Request 5
942
(4, 2, 1)
2
(30, 75)
-> Request 6
1181
(4, 3, 1)
2
(30, 59)
-> Request 7
1329
(4, 3, 2)
1
(45, 76)
-> Request 8
1419
(4, 3, 1)
2
(13, 71)
---> Week : 16
--> Day : 0
-> Request 0
125
(4, 3, 2)
3
(63, 2)
-> Request 1
243
(2, 2, 2)
3
(9, 19)
-> Request 2
269
(3, 2, 1)
1
(33, 56)
-> Request 3
594
(3, 2, 1)
1
(34, 56)
-> Request 4
723
(4, 3, 1)
2
(19, 61)
-> Request 5
836
(4, 2, 1)
2
(61, 32)
-> Request 6
1011
(4, 3, 1)
3
(18, 61)
-> Request 7
1040
(4, 3, 1)
3
(54, 66)
-> Request 8
1105
(2, 2, 1)
1
(68, 37)
--> Day : 1
-> Request 0
155
(3, 3, 1)
1
(51, 38)
-> Request 1
232
(4, 3, 2)
2
(16, 54)
-> Request 2
324
(4, 3, 2)
3
(30, 34)
-> Request 3
672
(4, 3, 2)
3
(62, 18)
-> Request 4
682
(4, 3, 1)
3
(38, 76)
-> Request 5
984
(3, 3, 1)
1
(23, 44)
-> Request 6
1060
(4, 2, 2)
2
(35, 35)
-> Request 7
1287
(3, 3, 1)
2
(23, 47)
-> Request 8
1287
(2, 2, 2)
3
(66, 46)
--> Day : 2
-> Request 0
132
(3, 2, 2)
2
(39, 19)
-> Request 1
225
(4, 2, 2)
1
(13, 14)
-> Request 2
707
(4, 3, 1)
3
(61, 69)
-> Request 3
759
(4, 3, 1)
2
(69, 22)
-> Request 4
883
(2, 3, 1)
2
(77, 24)
-> Request 5
941
(2, 3, 1)
3
(8, 46)
-> Request 6
950
(4, 3, 2)
1
(61, 50)
-> Request 7
1242
(4, 3, 2)
2
(49, 44)
-> Request 8
1352
(4, 3, 2)
2
(38, 7)
-> Request 9
1384
(4, 1, 1)
2
(6, 44)
--> Day : 3
-> Request 0
247
(4, 1, 2)
1
(79, 77)
-> Request 1
307
(3, 3, 2)
3
(15, 10)
-> Request 2
518
(3, 3, 1)
1
(68, 4)
-> Request 3
518
(3, 3, 1)
2
(32, 77)
-> Request 4
646
(2, 2, 2)
1
(49, 72)
-> Request 5
729
(2, 3, 1)
2
(63, 58)
-> Request 6
1041
(4, 2, 2)
3
(59, 17)
-> Request 7
1205
(4, 2, 2)
2
(23, 29)
-> Request 8
1361
(4, 3, 2)
2
(23, 74)
-> Request 9
1421
(1, 2, 1)
2
(49, 35)
--> Day : 4
-> Request 0
182
(3, 2, 1)
3
(22, 0)
-> Request 1
217
(4, 3, 2)
3
(52, 64)
-> Request 2
346
(2, 3, 1)
3
(17, 7)
-> Request 3
1264
(3, 2, 2)
2
(10, 23)
-> Request 4
1301
(4, 2, 2)
3
(47, 65)
-> Request 5
1337
(3, 3, 1)
1
(42, 0)
---> Week : 17
--> Day : 0
-> Request 0
28
(4, 1, 1)
3
(72, 76)
-> Request 1
229
(4, 3, 1)
3
(42, 43)
-> Request 2
400
(2, 3, 1)
3
(64, 78)
-> Request 3
432
(3, 2, 1)
3
(46, 1)
-> Request 4
675
(3, 1, 1)
2
(0, 42)
-> Request 5
734
(4, 3, 1)
2
(49, 45)
-> Request 6
1274
(4, 3, 2)
2
(19, 54)
-> Request 7
1436
(3, 2, 1)
3
(72, 69)
--> Day : 1
-> Request 0
94
(1, 2, 2)
3
(30, 58)
-> Request 1
157
(2, 2, 1)
3
(79, 71)
-> Request 2
198
(4, 3, 1)
1
(40, 2)
-> Request 3
231
(3, 3, 2)
2
(52, 9)
-> Request 4
248
(2, 3, 2)
2
(61, 67)
-> Request 5
265
(3, 3, 2)
1
(5, 69)
-> Request 6
281
(4, 3, 2)
2
(57, 19)
-> Request 7
305
(4, 3, 1)
2
(52, 2)
-> Request 8
683
(4, 3, 1)
1
(77, 70)
-> Request 9
826
(4, 3, 1)
1
(33, 70)
-> Request 10
852
(4, 3, 1)
3
(8, 34)
-> Request 11
910
(4, 2, 1)
3
(11, 42)
-> Request 12
1332
(4, 3, 2)
1
(11, 31)
--> Day : 2
-> Request 0
10
(2, 2, 1)
2
(64, 43)
-> Request 1
271
(4, 2, 2)
1
(49, 72)
-> Request 2
272
(1, 3, 1)
3
(21, 2)
-> Request 3
313
(4, 3, 2)
3
(22, 29)
-> Request 4
352
(4, 2, 1)
1
(60, 28)
-> Request 5
382
(3, 3, 2)
2
(58, 33)
-> Request 6
429
(4, 2, 1)
2
(16, 64)
-> Request 7
454
(3, 2, 2)
2
(64, 22)
-> Request 8
542
(3, 3, 1)
2
(53, 77)
-> Request 9
847
(3, 3, 1)
3
(17, 27)
-> Request 10
888
(3, 2, 1)
2
(66, 37)
-> Request 11
930
(3, 2, 1)
1
(56, 59)
-> Request 12
1083
(3, 3, 2)
1
(47, 79)
-> Request 13
1104
(2, 2, 1)
1
(9, 48)
-> Request 14
1244
(4, 3, 1)
1
(8, 61)
-> Request 15
1347
(4, 3, 1)
3
(25, 17)
--> Day : 3
-> Request 0
279
(4, 3, 2)
3
(22, 57)
-> Request 1
515
(3, 3, 2)
1
(61, 37)
-> Request 2
713
(4, 3, 2)
2
(47, 54)
-> Request 3
735
(3, 3, 1)
1
(23, 16)
-> Request 4
735
(3, 3, 1)
3
(54, 71)
-> Request 5
1120
(4, 3, 1)
2
(7, 38)
-> Request 6
1125
(4, 3, 1)
3
(68, 58)
-> Request 7
1316
(4, 2, 1)
3
(22, 30)
-> Request 8
1419
(3, 3, 2)
3
(48, 54)
--> Day : 4
-> Request 0
110
(4, 3, 1)
3
(36, 7)
-> Request 1
511
(4, 3, 1)
2
(75, 18)
-> Request 2
531
(4, 2, 2)
2
(77, 52)
-> Request 3
593
(4, 3, 2)
3
(71, 41)
-> Request 4
708
(4, 3, 2)
1
(24, 23)
-> Request 5
810
(4, 2, 1)
2
(24, 0)
-> Request 6
941
(2, 1, 1)
1
(75, 19)
-> Request 7
1170
(3, 2, 2)
1
(24, 25)
-> Request 8
1193
(4, 2, 1)
2
(37, 55)
-> Request 9
1283
(4, 3, 1)
1
(1, 68)
---> Week : 18
--> Day : 0
-> Request 0
68
(3, 2, 2)
2
(28, 20)
-> Request 1
498
(3, 3, 2)
3
(68, 45)
-> Request 2
599
(2, 3, 1)
2
(20, 36)
-> Request 3
853
(4, 2, 2)
2
(26, 7)
-> Request 4
934
(4, 3, 1)
2
(8, 64)
-> Request 5
1035
(4, 3, 2)
2
(75, 24)
--> Day : 1
-> Request 0
295
(2, 3, 1)
2
(54, 23)
-> Request 1
340
(3, 3, 1)
2
(71, 0)
-> Request 2
638
(4, 3, 2)
3
(11, 39)
-> Request 3
899
(2, 3, 1)
2
(21, 43)
-> Request 4
1141
(3, 3, 2)
2
(24, 17)
-> Request 5
1385
(3, 3, 2)
1
(25, 61)
-> Request 6
1438
(2, 2, 1)
3
(45, 8)
--> Day : 2
-> Request 0
37
(2, 1, 1)
1
(59, 19)
-> Request 1
228
(2, 2, 2)
1
(30, 9)
-> Request 2
312
(3, 3, 1)
1
(45, 73)
-> Request 3
480
(3, 3, 2)
2
(31, 58)
-> Request 4
667
(4, 3, 2)
2
(56, 15)
-> Request 5
745
(3, 3, 2)
2
(62, 41)
-> Request 6
1018
(4, 3, 2)
1
(21, 40)
-> Request 7
1353
(2, 2, 1)
1
(20, 16)
-> Request 8
1384
(4, 3, 2)
2
(11, 35)
-> Request 9
1430
(3, 3, 2)
1
(64, 5)
--> Day : 3
-> Request 0
95
(4, 3, 2)
3
(63, 10)
-> Request 1
180
(3, 3, 2)
2
(47, 54)
-> Request 2
397
(2, 2, 2)
3
(47, 7)
-> Request 3
719
(2, 3, 2)
2
(64, 65)
-> Request 4
810
(4, 2, 2)
2
(67, 52)
-> Request 5
1119
(3, 3, 2)
2
(37, 67)
-> Request 6
1349
(2, 2, 2)
1
(63, 56)
--> Day : 4
-> Request 0
310
(2, 3, 2)
2
(0, 79)
-> Request 1
342
(4, 2, 1)
1
(70, 29)
-> Request 2
464
(3, 2, 1)
3
(63, 0)
-> Request 3
482
(3, 3, 2)
1
(63, 8)
-> Request 4
600
(4, 1, 1)
1
(9, 31)
-> Request 5
601
(4, 3, 1)
3
(42, 59)
-> Request 6
909
(4, 3, 2)
3
(17, 7)
-> Request 7
1197
(2, 2, 1)
2
(24, 18)
-> Request 8
1204
(2, 3, 2)
2
(27, 32)
-> Request 9
1247
(3, 3, 1)
1
(70, 9)
-> Request 10
1330
(4, 2, 1)
2
(24, 15)
-> Request 11
1350
(4, 1, 1)
1
(2, 42)
-> Request 12
1365
(3, 1, 1)
2
(71, 22)
---> Week : 19
--> Day : 0
-> Request 0
0
(4, 2, 1)
2
(42, 46)
-> Request 1
49
(3, 3, 1)
3
(11, 27)
-> Request 2
273
(4, 1, 1)
3
(72, 14)
-> Request 3
283
(2, 3, 1)
2
(44, 35)
-> Request 4
333
(4, 3, 1)
2
(43, 13)
-> Request 5
1355
(3, 2, 2)
3
(15, 74)
-> Request 6
1423
(3, 3, 1)
2
(78, 9)
--> Day : 1
-> Request 0
236
(2, 3, 1)
3
(54, 62)
-> Request 1
256
(3, 3, 1)
2
(75, 36)
-> Request 2
421
(4, 3, 1)
1
(10, 14)
-> Request 3
433
(1, 3, 1)
1
(70, 41)
-> Request 4
533
(4, 2, 1)
2
(21, 19)
-> Request 5
635
(4, 2, 2)
3
(44, 2)
-> Request 6
645
(4, 3, 2)
2
(23, 18)
-> Request 7
819
(4, 3, 1)
3
(11, 26)
-> Request 8
982
(3, 3, 2)
3
(27, 7)
-> Request 9
991
(1, 3, 2)
2
(69, 3)
-> Request 10
1080
(2, 3, 1)
1
(79, 77)
-> Request 11
1110
(2, 2, 2)
3
(31, 20)
-> Request 12
1223
(4, 3, 2)
1
(58, 51)
-> Request 13
1288
(4, 3, 1)
2
(56, 73)
-> Request 14
1291
(4, 3, 2)
3
(61, 48)
-> Request 15
1335
(4, 2, 1)
2
(29, 32)
--> Day : 2
-> Request 0
71
(4, 2, 2)
1
(45, 49)
-> Request 1
420
(3, 1, 2)
1
(65, 13)
-> Request 2
441
(4, 3, 2)
3
(46, 42)
-> Request 3
507
(3, 2, 1)
2
(22, 61)
-> Request 4
516
(2, 3, 2)
1
(22, 59)
-> Request 5
730
(4, 3, 2)
2
(29, 24)
-> Request 6
810
(2, 2, 2)
3
(27, 4)
-> Request 7
1377
(3, 3, 2)
1
(67, 1)
-> Request 8
1400
(2, 3, 1)
2
(12, 0)
--> Day : 3
-> Request 0
542
(3, 2, 1)
2
(3, 30)
-> Request 1
825
(4, 1, 1)
1
(7, 60)
-> Request 2
844
(4, 2, 2)
3
(31, 79)
-> Request 3
942
(4, 3, 2)
3
(24, 12)
-> Request 4
945
(3, 2, 1)
2
(30, 76)
-> Request 5
1298
(4, 2, 2)
1
(25, 34)
-> Request 6
1323
(3, 3, 1)
3
(9, 0)
--> Day : 4
-> Request 0
129
(1, 3, 2)
3
(4, 33)
-> Request 1
133
(1, 3, 1)
2
(24, 40)
-> Request 2
512
(2, 2, 2)
2
(7, 78)
-> Request 3
565
(2, 3, 2)
1
(15, 47)
-> Request 4
591
(3, 3, 2)
3
(50, 60)
-> Request 5
658
(4, 2, 2)
1
(19, 19)
-> Request 6
682
(4, 3, 2)
1
(28, 15)
-> Request 7
821
(1, 2, 1)
1
(26, 60)
-> Request 8
875
(4, 2, 2)
1
(0, 68)
-> Request 9
892
(4, 2, 1)
2
(26, 68)
-> Request 10
972
(1, 3, 1)
2
(35, 51)
-> Request 11
977
(4, 2, 2)
1
(13, 26)
-> Request 12
989
(3, 3, 2)
2
(39, 32)
-> Request 13
1299
(3, 3, 1)
2
(78, 8)
