---> Week : 0
--> Day : 0
-> Request 0
177
(3, 2, 2)
2
(37, 59)
-> Request 1
251
(4, 2, 1)
3
(36, 21)
-> Request 2
321
(1, 3, 2)
3
(69, 32)
-> Request 3
364
(4, 2, 2)
2
(47, 75)
-> Request 4
374
(4, 3, 1)
3
(46, 76)
-> Request 5
434
(4, 3, 1)
2
(36, 41)
-> Request 6
520
(4, 2, 2)
3
(2, 59)
-> Request 7
528
(2, 3, 1)
1
(74, 18)
-> Request 8
800
(3, 3, 1)
2
(9, 59)
-> Request 9
895
(2, 1, 1)
1
(75, 41)
-> Request 10
1083
(4, 1, 1)
2
(0, 76)
--> Day : 1
-> Request 0
356
(2, 3, 1)
3
(70, 65)
-> Request 1
649
(1, 3, 2)
2
(60, 28)
-> Request 2
1057
(3, 3, 2)
1
(28, 38)
-> Request 3
1124
(2, 3, 2)
3
(51, 58)
-> Request 4
1303
(3, 3, 1)
1
(73, 1)
-> Request 5
1311
(3, 2, 1)
2
(62, 75)
--> Day : 2
-> Request 0
85
(2, 3, 2)
3
(34, 27)
-> Request 1
215
(3, 3, 2)
3
(37, 58)
-> Request 2
326
(4, 3, 2)
2
(62, 25)
-> Request 3
359
(3, 3, 1)
2
(61, 11)
-> Request 4
632
(4, 3, 1)
2
(57, 79)
-> Request 5
692
(4, 3, 1)
3
(11, 28)
-> Request 6
1209
(4, 3, 2)
2
(51, 59)
-> Request 7
1363
(2, 2, 2)
1
(35, 78)
--> Day : 3
-> Request 0
319
(3, 2, 1)
3
(68, 47)
-> Request 1
386
(3, 2, 1)
2
(50, 63)
-> Request 2
400
(2, 2, 2)
2
(26, 72)
-> Request 3
485
(3, 3, 1)
1
(36, 3)
-> Request 4
1055
(4, 3, 1)
3
(49, 54)
-> Request 5
1292
(4, 2, 1)
1
(32, 58)
--> Day : 4
-> Request 0
334
(4, 3, 2)
3
(68, 21)
-> Request 1
354
(4, 3, 2)
1
(17, 0)
-> Request 2
568
(3, 3, 1)
3
(75, 17)
-> Request 3
606
(4, 2, 2)
3
(50, 29)
-> Request 4
798
(1, 3, 2)
1
(50, 24)
-> Request 5
873
(2, 3, 1)
3
(23, 64)
-> Request 6
1110
(4, 2, 2)
3
(36, 43)
-> Request 7
1365
(3, 2, 1)
2
(4, 60)
---> Week : 1
--> Day : 0
-> Request 0
307
(3, 2, 2)
2
(44, 72)
-> Request 1
474
(3, 3, 2)
1
(2, 61)
-> Request 2
701
(3, 3, 2)
3
(63, 15)
-> Request 3
1239
(3, 3, 1)
2
(42, 69)
-> Request 4
1248
(3, 3, 2)
2
(74, 75)
-> Request 5
1388
(2, 3, 1)
2
(23, 46)
--> Day : 1
-> Request 0
103
(3, 3, 1)
1
(57, 29)
-> Request 1
175
(4, 3, 2)
1
(47, 52)
-> Request 2
336
(4, 3, 2)
3
(50, 44)
-> Request 3
615
(4, 2, 2)
1
(14, 1)
-> Request 4
685
(4, 3, 2)
2
(53, 50)
-> Request 5
899
(4, 3, 1)
3
(13, 36)
-> Request 6
912
(3, 3, 1)
2
(15, 52)
-> Request 7
915
(4, 2, 1)
2
(26, 46)
-> Request 8
960
(4, 3, 1)
1
(46, 21)
-> Request 9
1072
(3, 2, 2)
3
(13, 31)
-> Request 10
1138
(4, 3, 2)
1
(75, 50)
-> Request 11
1333
(2, 2, 2)
1
(18, 31)
--> Day : 2
-> Request 0
32
(4, 3, 2)
2
(21, 1)
-> Request 1
196
(2, 2, 1)
2
(74, 71)
-> Request 2
256
(2, 3, 2)
3
(68, 50)
-> Request 3
462
(4, 3, 1)
3
(7, 58)
-> Request 4
632
(3, 3, 1)
3
(76, 68)
-> Request 5
916
(3, 2, 2)
2
(46, 78)
-> Request 6
1027
(1, 3, 1)
2
(12, 50)
-> Request 7
1211
(2, 2, 2)
2
(8, 37)
-> Request 8
1437
(4, 1, 1)
2
(9, 33)
--> Day : 3
-> Request 0
32
(3, 3, 2)
3
(71, 79)
-> Request 1
338
(1, 2, 2)
3
(78, 12)
-> Request 2
433
(3, 2, 1)
3
(31, 33)
-> Request 3
605
(4, 3, 2)
2
(41, 4)
-> Request 4
782
(2, 3, 2)
3
(79, 5)
-> Request 5
879
(4, 3, 1)
1
(53, 39)
-> Request 6
890
(4, 3, 2)
2
(21, 22)
-> Request 7
945
(3, 3, 2)
1
(9, 74)
-> Request 8
959
(4, 3, 1)
3
(34, 77)
-> Request 9
1240
(2, 3, 2)
2
(77, 21)
-> Request 10
1241
(3, 3, 2)
1
(47, 10)
-> Request 11
1381
(4, 2, 2)
3
(14, 51)
--> Day : 4
-> Request 0
96
(4, 2, 2)
2
(68, 15)
-> Request 1
265
(2, 2, 1)
2
(66, 5)
-> Request 2
283
(3, 3, 1)
3
(1, 69)
-> Request 3
337
(4, 1, 2)
1
(24, 37)
-> Request 4
460
(3, 3, 1)
1
(27, 69)
-> Request 5
503
(2, 2, 2)
1
(78, 9)
-> Request 6
567
(1, 3, 2)
2
(66, 46)
-> Request 7
896
(4, 3, 1)
1
(36, 61)
-> Request 8
909
(3, 3, 2)
2
(74, 74)
-> Request 9
996
(2, 3, 1)
2
(18, 25)
-> Request 10
1091
(4, 3, 1)
2
(16, 61)
-> Request 11
1291
(3, 2, 2)
2
(68, 79)
-> Request 12
1297
(4, 3, 1)
1
(30, 61)
-> Request 13
1376
(4, 2, 2)
2
(21, 4)
-> Request 14
1422
(4, 3, 2)
1
(52, 34)
---> Week : 2
--> Day : 0
-> Request 0
1402
(4, 3, 1)
2
(24, 55)
--> Day : 1
-> Request 0
126
(3, 3, 2)
2
(77, 36)
-> Request 1
354
(1, 3, 2)
2
(50, 63)
-> Request 2
426
(3, 2, 1)
1
(54, 21)
-> Request 3
482
(3, 2, 2)
2
(6, 8)
-> Request 4
585
(2, 2, 1)
1
(57, 78)
-> Request 5
1003
(1, 3, 1)
2
(38, 14)
-> Request 6
1346
(3, 3, 2)
2
(39, 57)
--> Day : 2
-> Request 0
100
(3, 3, 2)
3
(69, 74)
-> Request 1
347
(3, 3, 1)
3
(22, 37)
-> Request 2
426
(4, 1, 2)
1
(72, 31)
-> Request 3
490
(2, 3, 1)
1
(21, 15)
-> Request 4
574
(3, 2, 2)
3
(32, 42)
-> Request 5
602
(4, 2, 2)
1
(20, 77)
-> Request 6
935
(4, 2, 1)
1
(36, 54)
-> Request 7
1050
(4, 2, 1)
2
(56, 32)
-> Request 8
1383
(4, 2, 2)
2
(74, 11)
-> Request 9
1385
(3, 2, 1)
2
(29, 26)
--> Day : 3
-> Request 0
185
(3, 3, 2)
1
(26, 51)
-> Request 1
202
(4, 2, 1)
3
(75, 15)
-> Request 2
561
(4, 3, 2)
2
(18, 68)
-> Request 3
592
(1, 3, 2)
3
(11, 19)
-> Request 4
725
(3, 3, 1)
2
(64, 2)
-> Request 5
1051
(2, 3, 2)
1
(35, 79)
-> Request 6
1145
(3, 3, 1)
3
(76, 36)
-> Request 7
1190
(4, 2, 1)
2
(14, 0)
-> Request 8
1396
(2, 3, 2)
3
(43, 60)
--> Day : 4
-> Request 0
195
(3, 3, 1)
3
(31, 57)
-> Request 1
364
(4, 2, 2)
3
(23, 65)
-> Request 2
375
(3, 3, 2)
2
(7, 25)
-> Request 3
470
(4, 3, 2)
1
(28, 12)
-> Request 4
520
(4, 2, 2)
1
(48, 12)
-> Request 5
545
(4, 3, 2)
2
(0, 7)
-> Request 6
652
(4, 3, 1)
2
(48, 38)
-> Request 7
1080
(3, 3, 2)
1
(49, 31)
-> Request 8
1308
(1, 2, 1)
3
(65, 65)
---> Week : 3
--> Day : 0
-> Request 0
175
(3, 3, 2)
3
(68, 9)
-> Request 1
374
(4, 2, 2)
3
(66, 74)
-> Request 2
463
(3, 3, 1)
2
(12, 31)
-> Request 3
614
(4, 2, 2)
1
(17, 68)
--> Day : 1
-> Request 0
8
(2, 2, 1)
2
(71, 59)
-> Request 1
340
(4, 3, 2)
1
(40, 74)
-> Request 2
390
(4, 3, 1)
2
(4, 8)
-> Request 3
567
(4, 2, 1)
3
(12, 16)
-> Request 4
826
(4, 2, 2)
2
(48, 2)
-> Request 5
962
(4, 3, 1)
3
(68, 14)
-> Request 6
972
(2, 3, 2)
1
(49, 16)
-> Request 7
1024
(4, 3, 2)
2
(55, 41)
-> Request 8
1067
(3, 2, 2)
2
(4, 8)
--> Day : 2
-> Request 0
338
(4, 3, 2)
3
(60, 71)
-> Request 1
365
(4, 3, 1)
2
(23, 55)
-> Request 2
376
(4, 2, 1)
3
(46, 36)
-> Request 3
539
(4, 2, 1)
3
(24, 2)
-> Request 4
585
(4, 3, 2)
1
(61, 51)
-> Request 5
729
(2, 3, 1)
2
(42, 21)
-> Request 6
936
(2, 2, 1)
1
(16, 52)
-> Request 7
1047
(2, 2, 2)
3
(23, 50)
-> Request 8
1089
(3, 1, 1)
1
(75, 35)
-> Request 9
1186
(4, 3, 1)
1
(59, 73)
--> Day : 3
-> Request 0
16
(4, 3, 1)
1
(44, 57)
-> Request 1
70
(4, 2, 2)
1
(78, 23)
-> Request 2
213
(3, 2, 2)
1
(6, 29)
-> Request 3
253
(4, 3, 2)
3
(13, 29)
-> Request 4
279
(4, 3, 1)
1
(66, 75)
-> Request 5
412
(4, 2, 2)
3
(66, 62)
-> Request 6
543
(3, 3, 1)
2
(18, 23)
-> Request 7
545
(4, 3, 1)
1
(11, 67)
-> Request 8
584
(4, 3, 2)
2
(3, 57)
-> Request 9
669
(4, 3, 2)
2
(0, 50)
-> Request 10
729
(1, 3, 2)
2
(73, 14)
-> Request 11
1027
(4, 3, 1)
3
(19, 8)
-> Request 12
1406
(4, 3, 1)
1
(72, 55)
--> Day : 4
-> Request 0
27
(2, 2, 2)
1
(5, 70)
-> Request 1
69
(4, 2, 1)
2
(27, 49)
-> Request 2
274
(2, 3, 2)
2
(47, 4)
-> Request 3
337
(3, 2, 1)
3
(31, 38)
-> Request 4
524
(1, 3, 1)
2
(57, 65)
-> Request 5
583
(1, 3, 1)
2
(31, 74)
-> Request 6
585
(2, 2, 1)
2
(59, 66)
-> Request 7
791
(2, 3, 1)
2
(31, 54)
-> Request 8
1025
(4, 3, 1)
1
(27, 28)
---> Week : 4
--> Day : 0
-> Request 0
71
(1, 3, 2)
2
(45, 65)
-> Request 1
347
(4, 1, 1)
2
(58, 17)
-> Request 2
429
(1, 3, 1)
3
(18, 53)
-> Request 3
531
(2, 1, 2)
1
(10, 27)
-> Request 4
859
(4, 2, 1)
3
(17, 71)
-> Request 5
1237
(4, 3, 2)
2
(0, 29)
-> Request 6
1286
(4, 3, 1)
1
(74, 46)
-> Request 7
1374
(4, 2, 2)
1
(25, 1)
--> Day : 1
-> Request 0
126
(2, 3, 2)
1
(41, 57)
-> Request 1
150
(4, 3, 2)
1
(56, 27)
-> Request 2
270
(3, 3, 1)
1
(27, 53)
-> Request 3
469
(4, 2, 1)
2
(5, 49)
-> Request 4
535
(1, 3, 2)
2
(0, 54)
-> Request 5
643
(3, 3, 1)
2
(4, 79)
-> Request 6
1217
(1, 2, 2)
3
(35, 58)
-> Request 7
1352
(4, 3, 1)
1
(58, 78)
-> Request 8
1357
(3, 3, 1)
3
(75, 17)
--> Day : 2
-> Request 0
95
(1, 3, 1)
2
(27, 64)
-> Request 1
653
(4, 3, 2)
1
(69, 17)
-> Request 2
661
(4, 1, 1)
1
(25, 53)
-> Request 3
750
(2, 3, 1)
1
(68, 23)
-> Request 4
1087
(4, 2, 2)
3
(77, 65)
-> Request 5
1135
(4, 2, 2)
2
(10, 26)
-> Request 6
1181
(4, 2, 2)
2
(58, 58)
-> Request 7
1258
(4, 1, 1)
1
(46, 58)
-> Request 8
1364
(3, 3, 1)
1
(26, 9)
--> Day : 3
-> Request 0
34
(4, 2, 2)
2
(21, 37)
-> Request 1
270
(1, 3, 2)
3
(6, 16)
-> Request 2
533
(4, 2, 2)
3
(55, 65)
-> Request 3
563
(1, 2, 1)
1
(23, 74)
-> Request 4
651
(4, 2, 1)
1
(32, 1)
-> Request 5
841
(4, 3, 1)
3
(12, 3)
-> Request 6
867
(3, 2, 2)
1
(51, 6)
-> Request 7
943
(4, 3, 1)
2
(40, 23)
-> Request 8
951
(2, 2, 1)
1
(0, 53)
-> Request 9
1384
(3, 3, 2)
2
(20, 29)
--> Day : 4
-> Request 0
110
(4, 3, 2)
3
(71, 69)
-> Request 1
411
(4, 2, 2)
1
(77, 3)
-> Request 2
469
(4, 3, 2)
2
(76, 70)
-> Request 3
826
(4, 3, 1)
1
(54, 71)
-> Request 4
1215
(4, 3, 2)
3
(65, 25)
-> Request 5
1241
(4, 2, 1)
1
(22, 43)
-> Request 6
1322
(4, 3, 2)
1
(19, 61)
---> Week : 5
--> Day : 0
-> Request 0
40
(3, 3, 1)
2
(13, 28)
-> Request 1
135
(1, 3, 2)
2
(69, 58)
-> Request 2
280
(4, 3, 1)
1
(6, 59)
-> Request 3
367
(3, 3, 1)
1
(24, 28)
-> Request 4
384
(2, 3, 2)
3
(63, 40)
-> Request 5
577
(3, 3, 2)
1
(6, 61)
-> Request 6
602
(4, 3, 1)
2
(32, 17)
-> Request 7
683
(4, 1, 1)
1
(57, 47)
-> Request 8
896
(4, 2, 2)
2
(42, 40)
-> Request 9
956
(3, 3, 1)
1
(75, 23)
-> Request 10
1153
(4, 3, 1)
3
(68, 25)
-> Request 11
1383
(2, 3, 1)
2
(48, 73)
--> Day : 1
-> Request 0
7
(3, 1, 1)
2
(67, 32)
-> Request 1
274
(3, 2, 1)
3
(37, 62)
-> Request 2
311
(4, 3, 1)
2
(30, 43)
-> Request 3
445
(4, 3, 1)
3
(11, 8)
-> Request 4
696
(1, 2, 1)
1
(27, 12)
-> Request 5
953
(4, 3, 2)
2
(59, 74)
-> Request 6
1155
(1, 2, 2)
2
(79, 71)
-> Request 7
1197
(3, 2, 1)
1
(58, 76)
-> Request 8
1303
(3, 2, 2)
3
(45, 58)
--> Day : 2
-> Request 0
40
(4, 2, 2)
3
(69, 35)
-> Request 1
332
(2, 3, 1)
1
(17, 64)
-> Request 2
403
(4, 2, 1)
1
(46, 33)
-> Request 3
423
(3, 2, 1)
2
(77, 51)
-> Request 4
561
(4, 3, 1)
1
(42, 0)
-> Request 5
705
(4, 2, 2)
2
(26, 53)
-> Request 6
945
(4, 3, 2)
2
(12, 44)
-> Request 7
958
(2, 3, 2)
2
(21, 15)
-> Request 8
1170
(2, 1, 2)
3
(55, 73)
-> Request 9
1322
(4, 3, 1)
1
(72, 30)
--> Day : 3
-> Request 0
244
(3, 3, 1)
2
(13, 0)
-> Request 1
251
(2, 3, 1)
2
(78, 2)
-> Request 2
287
(2, 2, 1)
3
(0, 16)
-> Request 3
344
(1, 3, 1)
2
(20, 44)
-> Request 4
352
(2, 2, 1)
1
(37, 59)
-> Request 5
534
(3, 2, 1)
2
(22, 7)
-> Request 6
544
(4, 3, 2)
2
(45, 78)
-> Request 7
545
(4, 3, 1)
1
(77, 36)
-> Request 8
558
(3, 3, 1)
3
(45, 60)
-> Request 9
653
(3, 3, 1)
2
(36, 12)
-> Request 10
659
(1, 3, 2)
1
(44, 17)
-> Request 11
665
(4, 2, 2)
2
(56, 66)
-> Request 12
684
(2, 3, 1)
3
(79, 45)
-> Request 13
745
(3, 3, 2)
1
(34, 1)
-> Request 14
879
(4, 2, 1)
2
(4, 1)
-> Request 15
953
(3, 3, 2)
3
(16, 69)
-> Request 16
1067
(2, 2, 2)
2
(35, 23)
-> Request 17
1225
(4, 3, 1)
3
(21, 77)
-> Request 18
1344
(3, 3, 2)
2
(45, 73)
--> Day : 4
-> Request 0
74
(3, 1, 1)
1
(55, 77)
-> Request 1
103
(4, 3, 1)
3
(64, 72)
-> Request 2
122
(4, 3, 1)
1
(71, 53)
-> Request 3
313
(3, 3, 1)
2
(52, 7)
-> Request 4
336
(4, 3, 2)
1
(63, 12)
-> Request 5
497
(4, 3, 2)
2
(3, 42)
-> Request 6
519
(4, 3, 1)
2
(70, 30)
-> Request 7
1297
(4, 3, 1)
3
(63, 45)
-> Request 8
1336
(3, 3, 1)
2
(30, 10)
---> Week : 6
--> Day : 0
-> Request 0
6
(4, 2, 1)
3
(26, 66)
-> Request 1
550
(4, 3, 1)
2
(25, 7)
-> Request 2
613
(4, 3, 1)
1
(63, 27)
-> Request 3
632
(2, 3, 2)
3
(43, 69)
-> Request 4
687
(4, 3, 1)
1
(79, 72)
-> Request 5
726
(4, 3, 1)
1
(31, 1)
-> Request 6
783
(2, 3, 2)
1
(27, 77)
-> Request 7
1148
(4, 3, 1)
3
(40, 13)
-> Request 8
1201
(4, 3, 2)
3
(62, 40)
-> Request 9
1437
(3, 3, 1)
1
(41, 30)
--> Day : 1
-> Request 0
109
(3, 2, 1)
3
(66, 32)
-> Request 1
824
(2, 1, 1)
3
(77, 2)
-> Request 2
852
(3, 3, 2)
3
(74, 75)
-> Request 3
940
(4, 3, 2)
2
(57, 34)
-> Request 4
1180
(2, 3, 1)
3
(28, 27)
-> Request 5
1225
(4, 2, 1)
1
(26, 42)
-> Request 6
1293
(2, 3, 2)
3
(1, 17)
--> Day : 2
-> Request 0
27
(4, 3, 2)
1
(21, 47)
-> Request 1
41
(4, 3, 2)
2
(61, 22)
-> Request 2
251
(3, 3, 1)
3
(3, 28)
-> Request 3
278
(2, 3, 1)
1
(4, 4)
-> Request 4
512
(4, 3, 1)
1
(75, 79)
-> Request 5
626
(2, 3, 1)
1
(73, 38)
-> Request 6
718
(4, 2, 2)
2
(1, 34)
-> Request 7
853
(2, 3, 1)
1
(62, 79)
-> Request 8
960
(3, 2, 1)
2
(16, 25)
-> Request 9
972
(4, 2, 1)
3
(45, 15)
-> Request 10
1435
(3, 2, 1)
1
(67, 40)
--> Day : 3
-> Request 0
17
(4, 1, 1)
2
(74, 18)
-> Request 1
116
(4, 3, 1)
2
(5, 77)
-> Request 2
147
(4, 2, 1)
1
(75, 71)
-> Request 3
191
(3, 3, 2)
1
(79, 27)
-> Request 4
403
(4, 2, 2)
1
(10, 31)
-> Request 5
510
(4, 2, 2)
2
(4, 6)
-> Request 6
703
(3, 2, 1)
3
(74, 67)
-> Request 7
1044
(4, 2, 2)
1
(62, 39)
-> Request 8
1348
(2, 2, 1)
2
(20, 62)
-> Request 9
1370
(3, 1, 1)
1
(33, 75)
--> Day : 4
-> Request 0
3
(2, 2, 1)
2
(48, 34)
-> Request 1
135
(4, 2, 2)
2
(37, 51)
-> Request 2
227
(3, 3, 2)
1
(29, 5)
-> Request 3
444
(3, 2, 2)
2
(65, 44)
-> Request 4
502
(4, 2, 1)
3
(14, 67)
-> Request 5
601
(2, 3, 2)
2
(6, 6)
-> Request 6
709
(3, 3, 1)
3
(45, 69)
-> Request 7
717
(3, 1, 2)
2
(77, 20)
-> Request 8
728
(4, 3, 1)
1
(33, 2)
-> Request 9
1104
(4, 3, 2)
1
(75, 49)
-> Request 10
1166
(4, 2, 1)
2
(66, 50)
-> Request 11
1229
(2, 3, 1)
2
(38, 77)
-> Request 12
1437
(4, 3, 1)
1
(54, 55)
---> Week : 7
--> Day : 0
-> Request 0
98
(2, 2, 2)
3
(19, 4)
-> Request 1
164
(3, 3, 1)
1
(52, 2)
-> Request 2
315
(3, 1, 2)
2
(43, 54)
-> Request 3
760
(4, 2, 2)
3
(10, 36)
-> Request 4
1002
(4, 2, 2)
2
(25, 74)
-> Request 5
1240
(4, 3, 2)
1
(28, 53)
-> Request 6
1274
(4, 2, 1)
3
(10, 62)
-> Request 7
1295
(4, 2, 2)
3
(2, 35)
-> Request 8
1326
(3, 3, 1)
2
(31, 30)
--> Day : 1
-> Request 0
8
(4, 2, 2)
2
(13, 40)
-> Request 1
609
(4, 2, 2)
3
(26, 55)
-> Request 2
621
(2, 3, 1)
2
(64, 42)
-> Request 3
784
(4, 2, 1)
2
(78, 36)
-> Request 4
1037
(4, 3, 1)
2
(32, 40)
-> Request 5
1288
(4, 2, 1)
3
(45, 14)
--> Day : 2
-> Request 0
370
(3, 3, 1)
2
(74, 67)
-> Request 1
379
(3, 2, 2)
1
(14, 50)
-> Request 2
451
(4, 3, 1)
1
(76, 40)
-> Request 3
657
(4, 3, 2)
1
(58, 13)
-> Request 4
693
(4, 3, 1)
1
(0, 19)
--> Day : 3
-> Request 0
112
(4, 1, 2)
1
(32, 64)
-> Request 1
224
(4, 1, 1)
1
(34, 7)
-> Request 2
298
(3, 3, 1)
3
(20, 21)
-> Request 3
337
(4, 3, 1)
2
(5, 36)
-> Request 4
1223
(2, 3, 1)
1
(54, 46)
-> Request 5
1314
(4, 3, 1)
1
(59, 17)
-> Request 6
1381
(4, 2, 1)
1
(68, 69)
--> Day : 4
-> Request 0
48
(4, 3, 2)
1
(6, 18)
-> Request 1
236
(4, 3, 1)
3
(53, 61)
-> Request 2
424
(4, 2, 1)
3
(13, 3)
-> Request 3
475
(4, 2, 1)
3
(61, 79)
-> Request 4
560
(2, 3, 1)
3
(2, 60)
-> Request 5
823
(4, 3, 2)
1
(37, 75)
-> Request 6
976
(4, 3, 1)
2
(62, 59)
-> Request 7
1174
(1, 3, 2)
2
(52, 49)
-> Request 8
1200
(4, 3, 2)
3
(20, 35)
---> Week : 8
--> Day : 0
-> Request 0
66
(3, 3, 1)
3
(2, 8)
-> Request 1
66
(4, 2, 1)
3
(12, 5)
-> Request 2
481
(3, 3, 2)
3
(68, 38)
-> Request 3
531
(3, 3, 1)
3
(5, 48)
-> Request 4
1183
(4, 3, 2)
1
(73, 52)
-> Request 5
1297
(4, 2, 2)
2
(75, 75)
--> Day : 1
-> Request 0
13
(3, 2, 1)
3
(2, 28)
-> Request 1
188
(4, 3, 1)
1
(16, 12)
-> Request 2
192
(4, 2, 1)
1
(58, 4)
-> Request 3
510
(2, 3, 2)
2
(22, 44)
-> Request 4
537
(2, 2, 1)
1
(18, 44)
-> Request 5
586
(4, 3, 1)
2
(22, 43)
-> Request 6
1333
(2, 3, 1)
3
(37, 53)
-> Request 7
1372
(4, 3, 2)
2
(52, 78)
-> Request 8
1404
(4, 2, 2)
2
(72, 31)
-> Request 9
1424
(2, 3, 1)
1
(72, 68)
--> Day : 2
-> Request 0
2
(3, 2, 2)
3
(15, 61)
-> Request 1
124
(3, 3, 1)
1
(73, 30)
-> Request 2
187
(3, 3, 2)
2
(27, 29)
-> Request 3
670
(4, 3, 1)
1
(46, 3)
-> Request 4
681
(3, 3, 1)
2
(62, 67)
-> Request 5
696
(3, 2, 2)
2
(41, 48)
-> Request 6
916
(4, 3, 2)
2
(76, 42)
-> Request 7
1105
(2, 2, 1)
2
(57, 5)
-> Request 8
1290
(4, 2, 1)
1
(26, 48)
--> Day : 3
-> Request 0
70
(3, 2, 1)
1
(76, 19)
-> Request 1
449
(4, 2, 2)
3
(72, 74)
-> Request 2
518
(4, 2, 1)
1
(59, 4)
-> Request 3
537
(3, 2, 1)
3
(18, 26)
-> Request 4
593
(4, 3, 1)
2
(59, 57)
-> Request 5
620
(4, 3, 1)
3
(22, 67)
-> Request 6
1217
(4, 3, 2)
1
(8, 64)
-> Request 7
1381
(2, 3, 1)
2
(49, 37)
-> Request 8
1417
(4, 3, 2)
1
(73, 0)
--> Day : 4
-> Request 0
82
(2, 3, 1)
2
(28, 51)
-> Request 1
197
(3, 2, 2)
2
(48, 36)
-> Request 2
211
(3, 3, 2)
3
(77, 57)
-> Request 3
327
(2, 3, 1)
2
(53, 25)
-> Request 4
538
(2, 1, 1)
1
(61, 13)
-> Request 5
655
(4, 2, 2)
2
(24, 37)
-> Request 6
655
(4, 2, 1)
3
(3, 66)
-> Request 7
737
(3, 3, 2)
1
(37, 49)
-> Request 8
800
(3, 3, 2)
3
(76, 63)
-> Request 9
832
(4, 3, 1)
3
(65, 65)
-> Request 10
1131
(4, 3, 2)
3
(20, 58)
-> Request 11
1385
(4, 2, 2)
3
(68, 8)
-> Request 12
1392
(3, 2, 1)
2
(47, 78)
---> Week : 9
--> Day : 0
-> Request 0
188
(3, 3, 2)
1
(74, 8)
-> Request 1
318
(3, 3, 1)
2
(21, 59)
-> Request 2
354
(3, 3, 1)
1
(20, 29)
-> Request 3
497
(3, 3, 2)
3
(40, 62)
-> Request 4
786
(4, 3, 2)
2
(37, 55)
-> Request 5
837
(4, 1, 1)
1
(40, 12)
-> Request 6
1288
(4, 3, 2)
1
(77, 24)
--> Day : 1
-> Request 0
204
(2, 3, 2)
2
(68, 59)
-> Request 1
458
(4, 3, 2)
2
(28, 62)
-> Request 2
750
(4, 3, 2)
3
(61, 1)
-> Request 3
1085
(4, 2, 1)
3
(73, 75)
-> Request 4
1256
(4, 3, 2)
3
(7, 19)
-> Request 5
1272
(3, 2, 1)
1
(61, 53)
--> Day : 2
-> Request 0
31
(3, 3, 1)
3
(28, 50)
-> Request 1
211
(4, 3, 1)
1
(16, 73)
-> Request 2
606
(4, 2, 1)
3
(25, 14)
-> Request 3
722
(4, 2, 2)
1
(38, 47)
-> Request 4
741
(2, 1, 2)
1
(28, 50)
-> Request 5
925
(4, 3, 2)
1
(61, 38)
-> Request 6
925
(2, 2, 1)
1
(70, 40)
-> Request 7
1156
(4, 3, 1)
2
(5, 26)
-> Request 8
1276
(2, 2, 2)
2
(56, 7)
--> Day : 3
-> Request 0
16
(3, 1, 2)
3
(59, 8)
-> Request 1
135
(4, 3, 1)
2
(21, 34)
-> Request 2
154
(4, 3, 1)
2
(10, 78)
-> Request 3
190
(3, 2, 2)
1
(10, 27)
-> Request 4
265
(4, 3, 1)
2
(70, 6)
-> Request 5
287
(4, 3, 2)
3
(68, 48)
-> Request 6
365
(4, 3, 1)
3
(3, 67)
-> Request 7
406
(2, 3, 1)
1
(65, 43)
-> Request 8
504
(2, 3, 1)
2
(59, 51)
-> Request 9
927
(4, 1, 1)
2
(10, 59)
-> Request 10
1048
(4, 3, 1)
3
(42, 19)
-> Request 11
1104
(3, 3, 2)
2
(77, 28)
-> Request 12
1236
(4, 3, 1)
3
(55, 2)
-> Request 13
1259
(2, 2, 2)
2
(40, 16)
-> Request 14
1261
(4, 3, 2)
1
(44, 79)
-> Request 15
1288
(2, 2, 1)
3
(71, 57)
-> Request 16
1396
(3, 2, 1)
3
(17, 53)
--> Day : 4
-> Request 0
78
(3, 3, 2)
3
(73, 59)
-> Request 1
136
(4, 2, 1)
3
(8, 59)
-> Request 2
217
(2, 2, 1)
1
(77, 63)
-> Request 3
290
(3, 3, 2)
3
(55, 2)
-> Request 4
353
(4, 2, 2)
1
(11, 35)
-> Request 5
888
(1, 1, 2)
1
(34, 57)
-> Request 6
946
(4, 3, 2)
1
(6, 22)
-> Request 7
956
(3, 2, 1)
2
(21, 79)
-> Request 8
1144
(4, 3, 1)
2
(6, 76)
-> Request 9
1258
(4, 3, 1)
2
(4, 4)
---> Week : 10
--> Day : 0
-> Request 0
90
(3, 3, 2)
2
(2, 11)
-> Request 1
107
(4, 3, 1)
1
(48, 33)
-> Request 2
202
(4, 2, 1)
1
(24, 57)
-> Request 3
253
(3, 3, 2)
1
(78, 1)
-> Request 4
333
(3, 2, 1)
1
(63, 44)
-> Request 5
484
(2, 3, 1)
2
(7, 73)
-> Request 6
498
(4, 2, 2)
2
(66, 44)
-> Request 7
616
(2, 2, 2)
1
(2, 23)
-> Request 8
645
(3, 2, 2)
1
(32, 52)
-> Request 9
762
(4, 2, 1)
2
(36, 40)
-> Request 10
938
(4, 3, 2)
1
(15, 31)
-> Request 11
1125
(3, 2, 1)
1
(24, 25)
--> Day : 1
-> Request 0
310
(4, 3, 2)
2
(35, 54)
-> Request 1
614
(4, 3, 1)
1
(47, 23)
-> Request 2
642
(2, 2, 1)
1
(60, 30)
-> Request 3
649
(2, 2, 1)
1
(26, 48)
-> Request 4
695
(4, 2, 1)
1
(14, 66)
-> Request 5
730
(2, 3, 2)
3
(35, 39)
-> Request 6
806
(3, 3, 2)
3
(37, 25)
-> Request 7
851
(3, 3, 1)
1
(5, 8)
-> Request 8
910
(2, 3, 1)
2
(5, 0)
-> Request 9
1182
(4, 3, 1)
3
(75, 12)
--> Day : 2
-> Request 0
798
(4, 3, 2)
1
(57, 8)
-> Request 1
830
(4, 3, 2)
3
(39, 68)
-> Request 2
925
(4, 1, 1)
1
(50, 3)
-> Request 3
941
(4, 3, 1)
2
(49, 74)
-> Request 4
957
(4, 3, 2)
1
(79, 70)
-> Request 5
958
(3, 2, 1)
2
(54, 5)
-> Request 6
978
(4, 2, 1)
2
(71, 78)
-> Request 7
1003
(2, 3, 1)
1
(72, 71)
-> Request 8
1185
(3, 3, 1)
1
(33, 62)
-> Request 9
1275
(4, 2, 2)
3
(68, 27)
-> Request 10
1287
(3, 2, 1)
2
(71, 34)
--> Day : 3
-> Request 0
299
(3, 2, 2)
1
(77, 38)
-> Request 1
356
(3, 2, 2)
1
(74, 0)
-> Request 2
393
(4, 3, 1)
1
(14, 1)
-> Request 3
571
(4, 2, 2)
2
(6, 59)
-> Request 4
1044
(2, 3, 2)
2
(25, 40)
--> Day : 4
-> Request 0
143
(4, 2, 1)
2
(37, 59)
-> Request 1
281
(3, 2, 2)
1
(64, 12)
-> Request 2
361
(4, 2, 1)
1
(46, 22)
-> Request 3
846
(4, 2, 1)
3
(35, 43)
-> Request 4
1038
(4, 2, 2)
1
(4, 57)
-> Request 5
1165
(4, 2, 2)
3
(36, 34)
-> Request 6
1220
(2, 3, 2)
3
(56, 22)
-> Request 7
1232
(3, 2, 2)
3
(62, 75)
-> Request 8
1247
(4, 2, 1)
2
(42, 0)
---> Week : 11
--> Day : 0
-> Request 0
41
(4, 3, 1)
3
(67, 37)
-> Request 1
70
(4, 2, 2)
3
(70, 32)
-> Request 2
92
(4, 3, 1)
3
(58, 49)
-> Request 3
182
(3, 3, 1)
1
(58, 28)
-> Request 4
242
(4, 3, 1)
2
(67, 77)
-> Request 5
406
(1, 3, 2)
3
(54, 37)
-> Request 6
444
(4, 3, 2)
2
(61, 50)
-> Request 7
670
(4, 3, 2)
1
(25, 51)
-> Request 8
787
(4, 2, 2)
1
(36, 62)
-> Request 9
852
(2, 3, 2)
3
(11, 1)
-> Request 10
882
(3, 3, 2)
3
(41, 37)
-> Request 11
1059
(3, 3, 1)
1
(44, 21)
-> Request 12
1169
(4, 3, 2)
3
(32, 24)
-> Request 13
1171
(4, 3, 1)
1
(29, 15)
-> Request 14
1361
(1, 2, 1)
3
(50, 46)
-> Request 15
1391
(3, 3, 1)
3
(14, 68)
--> Day : 1
-> Request 0
364
(4, 3, 2)
3
(50, 60)
-> Request 1
496
(3, 3, 2)
3
(24, 22)
-> Request 2
1161
(3, 3, 2)
1
(14, 20)
--> Day : 2
-> Request 0
148
(2, 3, 1)
3
(25, 63)
-> Request 1
276
(4, 3, 1)
3
(27, 1)
-> Request 2
429
(3, 3, 2)
3
(19, 50)
-> Request 3
443
(4, 3, 1)
3
(15, 69)
-> Request 4
581
(4, 3, 1)
1
(58, 19)
-> Request 5
666
(3, 3, 2)
2
(46, 10)
-> Request 6
681
(4, 3, 2)
1
(21, 42)
-> Request 7
957
(4, 3, 1)
3
(50, 57)
-> Request 8
1123
(3, 3, 2)
3
(75, 15)
-> Request 9
1261
(4, 2, 1)
3
(7, 40)
-> Request 10
1330
(3, 3, 2)
2
(50, 6)
-> Request 11
1337
(4, 3, 2)
1
(9, 62)
-> Request 12
1360
(4, 3, 1)
3
(73, 70)
--> Day : 3
-> Request 0
17
(3, 3, 2)
1
(23, 46)
-> Request 1
355
(4, 2, 2)
2
(16, 54)
-> Request 2
492
(3, 2, 2)
3
(9, 76)
-> Request 3
531
(2, 2, 1)
3
(16, 22)
-> Request 4
624
(3, 3, 2)
3
(64, 48)
-> Request 5
831
(2, 3, 1)
2
(30, 13)
-> Request 6
876
(2, 1, 1)
2
(49, 9)
-> Request 7
1180
(4, 3, 2)
3
(63, 18)
-> Request 8
1281
(2, 3, 1)
1
(40, 30)
-> Request 9
1349
(3, 3, 1)
3
(2, 26)
--> Day : 4
-> Request 0
209
(4, 3, 2)
3
(6, 42)
-> Request 1
426
(3, 2, 2)
2
(40, 63)
-> Request 2
529
(3, 3, 1)
1
(13, 63)
-> Request 3
923
(2, 2, 1)
1
(72, 57)
-> Request 4
982
(2, 3, 1)
3
(43, 33)
-> Request 5
1062
(4, 3, 1)
1
(3, 78)
-> Request 6
1378
(4, 2, 2)
3
(71, 45)
---> Week : 12
--> Day : 0
-> Request 0
38
(3, 2, 1)
2
(15, 7)
-> Request 1
405
(2, 3, 1)
1
(29, 43)
-> Request 2
451
(4, 3, 2)
1
(67, 22)
-> Request 3
552
(4, 3, 1)
3
(28, 17)
-> Request 4
591
(3, 3, 2)
2
(9, 15)
-> Request 5
659
(1, 2, 1)
1
(38, 71)
-> Request 6
754
(3, 2, 2)
2
(70, 51)
-> Request 7
930
(4, 3, 2)
1
(71, 5)
-> Request 8
975
(4, 2, 2)
1
(53, 71)
-> Request 9
1001
(3, 3, 1)
3
(68, 48)
-> Request 10
1126
(4, 3, 1)
2
(61, 55)
--> Day : 1
-> Request 0
52
(3, 2, 1)
3
(70, 6)
-> Request 1
163
(4, 2, 1)
3
(14, 25)
-> Request 2
957
(1, 3, 1)
2
(45, 68)
-> Request 3
1016
(4, 3, 2)
3
(73, 45)
-> Request 4
1231
(2, 3, 1)
1
(67, 16)
--> Day : 2
-> Request 0
76
(4, 3, 1)
2
(19, 27)
-> Request 1
513
(4, 2, 1)
2
(50, 4)
-> Request 2
603
(4, 2, 2)
3
(42, 13)
-> Request 3
665
(4, 3, 2)
2
(30, 65)
-> Request 4
782
(4, 3, 2)
3
(48, 41)
-> Request 5
967
(3, 2, 2)
1
(3, 48)
-> Request 6
1013
(2, 3, 1)
3
(36, 16)
-> Request 7
1113
(4, 2, 1)
1
(43, 38)
-> Request 8
1355
(4, 2, 1)
1
(73, 71)
--> Day : 3
-> Request 0
120
(3, 3, 2)
1
(5, 19)
-> Request 1
234
(3, 3, 2)
3
(32, 67)
-> Request 2
312
(4, 2, 2)
2
(1, 18)
-> Request 3
323
(4, 3, 1)
3
(24, 77)
-> Request 4
351
(4, 3, 1)
1
(10, 9)
-> Request 5
821
(4, 3, 1)
3
(67, 4)
-> Request 6
1288
(3, 3, 2)
3
(71, 60)
--> Day : 4
-> Request 0
57
(4, 3, 1)
3
(9, 37)
-> Request 1
136
(2, 3, 1)
2
(51, 18)
-> Request 2
269
(3, 3, 1)
2
(78, 28)
-> Request 3
437
(1, 3, 2)
2
(70, 31)
-> Request 4
479
(3, 3, 2)
1
(34, 69)
-> Request 5
566
(4, 1, 2)
3
(16, 43)
-> Request 6
634
(4, 2, 1)
1
(64, 63)
-> Request 7
639
(3, 3, 1)
1
(35, 2)
-> Request 8
904
(3, 2, 1)
2
(62, 25)
-> Request 9
1193
(3, 3, 2)
1
(28, 21)
-> Request 10
1341
(4, 1, 2)
1
(32, 52)
-> Request 11
1392
(3, 3, 1)
3
(24, 64)
-> Request 12
1427
(2, 3, 2)
1
(21, 31)
---> Week : 13
--> Day : 0
-> Request 0
330
(4, 1, 1)
1
(58, 61)
-> Request 1
423
(3, 3, 2)
3
(53, 15)
-> Request 2
429
(4, 2, 1)
3
(39, 34)
-> Request 3
758
(2, 2, 1)
2
(2, 53)
-> Request 4
900
(4, 3, 2)
3
(64, 51)
-> Request 5
906
(2, 3, 1)
1
(13, 76)
-> Request 6
1042
(3, 3, 2)
2
(46, 2)
-> Request 7
1309
(4, 3, 1)
3
(12, 56)
--> Day : 1
-> Request 0
222
(4, 3, 2)
1
(6, 64)
-> Request 1
338
(4, 3, 1)
2
(31, 42)
-> Request 2
715
(3, 1, 1)
2
(78, 5)
-> Request 3
752
(3, 3, 1)
2
(71, 13)
-> Request 4
872
(4, 3, 1)
3
(77, 1)
-> Request 5
903
(4, 2, 1)
3
(9, 66)
-> Request 6
1088
(3, 3, 1)
3
(59, 64)
-> Request 7
1413
(4, 2, 1)
1
(5, 45)
--> Day : 2
-> Request 0
104
(3, 2, 2)
2
(6, 53)
-> Request 1
194
(3, 3, 1)
3
(4, 14)
-> Request 2
364
(3, 3, 2)
2
(20, 65)
-> Request 3
667
(4, 3, 1)
2
(15, 38)
-> Request 4
840
(1, 2, 1)
3
(6, 41)
-> Request 5
1159
(2, 3, 2)
1
(6, 48)
-> Request 6
1239
(4, 3, 2)
2
(76, 7)
--> Day : 3
-> Request 0
156
(4, 2, 1)
1
(2, 49)
-> Request 1
309
(4, 3, 2)
1
(79, 52)
-> Request 2
368
(4, 2, 2)
3
(35, 11)
-> Request 3
665
(4, 2, 2)
3
(20, 13)
-> Request 4
748
(3, 2, 2)
1
(46, 11)
-> Request 5
1197
(4, 3, 2)
1
(2, 21)
-> Request 6
1260
(1, 2, 1)
1
(45, 22)
-> Request 7
1376
(1, 3, 1)
2
(53, 64)
--> Day : 4
-> Request 0
17
(4, 3, 2)
3
(27, 27)
-> Request 1
202
(3, 2, 1)
1
(74, 35)
-> Request 2
246
(4, 3, 2)
1
(37, 8)
-> Request 3
277
(3, 2, 2)
1
(14, 5)
-> Request 4
302
(3, 3, 1)
3
(71, 31)
-> Request 5
397
(4, 2, 1)
3
(47, 43)
-> Request 6
540
(3, 3, 1)
2
(45, 30)
-> Request 7
566
(4, 3, 1)
2
(17, 63)
-> Request 8
568
(2, 2, 1)
3
(27, 45)
-> Request 9
997
(4, 2, 1)
1
(63, 3)
-> Request 10
1083
(2, 3, 1)
3
(50, 32)
-> Request 11
1150
(3, 3, 1)
2
(25, 51)
-> Request 12
1314
(2, 3, 2)
2
(22, 28)
---> Week : 14
--> Day : 0
-> Request 0
38
(2, 3, 1)
1
(78, 77)
-> Request 1
173
(3, 3, 1)
1
(45, 36)
-> Request 2
455
(1, 2, 1)
3
(78, 29)
-> Request 3
483
(4, 3, 1)
1
(44, 29)
-> Request 4
490
(2, 2, 1)
2
(68, 57)
-> Request 5
1111
(4, 1, 2)
2
(63, 7)
-> Request 6
1202
(1, 2, 2)
3
(61, 58)
-> Request 7
1343
(4, 2, 2)
3
(50, 20)
--> Day : 1
-> Request 0
134
(3, 2, 1)
2
(52, 78)
-> Request 1
196
(4, 3, 1)
1
(4, 42)
-> Request 2
557
(4, 3, 2)
1
(76, 16)
-> Request 3
751
(3, 3, 2)
2
(65, 42)
-> Request 4
1264
(3, 3, 2)
1
(24, 50)
--> Day : 2
-> Request 0
48
(3, 3, 1)
2
(7, 75)
-> Request 1
143
(4, 2, 1)
1
(17, 37)
-> Request 2
322
(3, 3, 2)
2
(63, 52)
-> Request 3
376
(4, 3, 1)
1
(41, 52)
-> Request 4
568
(3, 3, 2)
1
(74, 2)
-> Request 5
995
(1, 3, 2)
3
(63, 12)
-> Request 6
1078
(4, 3, 1)
1
(37, 1)
--> Day : 3
-> Request 0
152
(4, 3, 1)
2
(61, 70)
-> Request 1
271
(4, 3, 1)
1
(67, 56)
-> Request 2
582
(3, 2, 2)
3
(77, 14)
-> Request 3
798
(3, 2, 2)
3
(6, 60)
-> Request 4
939
(2, 2, 2)
2
(42, 12)
-> Request 5
1108
(4, 3, 2)
2
(69, 15)
-> Request 6
1253
(4, 2, 1)
3
(35, 25)
-> Request 7
1288
(2, 3, 1)
3
(74, 28)
-> Request 8
1328
(3, 3, 2)
1
(62, 51)
--> Day : 4
-> Request 0
146
(4, 3, 2)
2
(39, 21)
-> Request 1
321
(1, 3, 1)
1
(53, 71)
-> Request 2
440
(3, 2, 2)
2
(76, 9)
-> Request 3
677
(4, 3, 2)
2
(56, 6)
-> Request 4
704
(4, 2, 1)
2
(45, 61)
-> Request 5
746
(1, 3, 1)
2
(0, 67)
-> Request 6
847
(3, 3, 2)
3
(58, 51)
-> Request 7
853
(4, 3, 1)
3
(71, 74)
-> Request 8
1310
(4, 3, 1)
2
(37, 19)
-> Request 9
1392
(4, 2, 2)
2
(51, 19)
---> Week : 15
--> Day : 0
-> Request 0
145
(4, 3, 2)
1
(12, 15)
-> Request 1
291
(3, 3, 1)
2
(34, 24)
-> Request 2
386
(4, 2, 1)
2
(77, 6)
-> Request 3
802
(3, 3, 1)
2
(3, 16)
-> Request 4
821
(4, 2, 2)
1
(8, 7)
-> Request 5
873
(4, 3, 1)
2
(57, 58)
--> Day : 1
-> Request 0
20
(4, 3, 1)
3
(62, 24)
-> Request 1
114
(3, 3, 1)
2
(1, 31)
-> Request 2
206
(4, 2, 2)
1
(13, 33)
-> Request 3
311
(4, 3, 2)
2
(36, 9)
-> Request 4
332
(4, 3, 2)
1
(74, 77)
-> Request 5
411
(4, 3, 1)
2
(42, 12)
-> Request 6
451
(3, 3, 2)
3
(12, 18)
-> Request 7
615
(4, 2, 2)
3
(41, 0)
-> Request 8
716
(4, 3, 1)
2
(8, 78)
-> Request 9
721
(2, 3, 2)
2
(71, 50)
-> Request 10
882
(4, 3, 2)
2
(21, 57)
-> Request 11
898
(4, 3, 1)
3
(55, 75)
-> Request 12
1210
(4, 2, 1)
1
(26, 45)
-> Request 13
1226
(4, 2, 1)
1
(8, 53)
-> Request 14
1264
(4, 2, 2)
3
(18, 72)
-> Request 15
1325
(3, 3, 2)
2
(56, 20)
-> Request 16
1426
(4, 3, 1)
1
(18, 41)
--> Day : 2
-> Request 0
277
(4, 3, 2)
2
(39, 79)
-> Request 1
304
(4, 2, 2)
1
(1, 77)
-> Request 2
338
(3, 2, 2)
2
(2, 71)
-> Request 3
482
(4, 2, 2)
2
(59, 6)
-> Request 4
519
(3, 3, 1)
2
(40, 67)
-> Request 5
601
(3, 3, 1)
1
(48, 69)
-> Request 6
735
(4, 3, 1)
2
(32, 41)
-> Request 7
868
(4, 2, 1)
2
(49, 64)
-> Request 8
1040
(3, 2, 1)
1
(56, 20)
-> Request 9
1102
(4, 3, 1)
3
(43, 9)
-> Request 10
1188
(4, 3, 1)
2
(2, 66)
-> Request 11
1242
(4, 1, 1)
2
(9, 26)
-> Request 12
1430
(4, 2, 1)
3
(7, 42)
--> Day : 3
-> Request 0
17
(4, 3, 2)
2
(26, 57)
-> Request 1
106
(4, 3, 1)
1
(75, 42)
-> Request 2
243
(4, 2, 1)
2
(36, 59)
-> Request 3
347
(3, 3, 1)
2
(33, 11)
-> Request 4
584
(4, 3, 1)
2
(60, 5)
-> Request 5
602
(3, 3, 2)
1
(62, 78)
-> Request 6
710
(4, 3, 1)
3
(4, 5)
-> Request 7
715
(2, 2, 2)
2
(34, 20)
-> Request 8
1436
(4, 3, 2)
2
(1, 37)
--> Day : 4
-> Request 0
559
(3, 3, 2)
1
(47, 52)
-> Request 1
568
(3, 3, 2)
1
(13, 54)
-> Request 2
1236
(4, 1, 2)
1
(63, 67)
-> Request 3
1273
(2, 3, 2)
3
(46, 36)
-> Request 4
1273
(4, 2, 2)
3
(62, 21)
-> Request 5
1280
(3, 3, 1)
1
(33, 23)
-> Request 6
1328
(4, 2, 2)
2
(69, 54)
---> Week : 16
--> Day : 0
-> Request 0
237
(4, 3, 2)
1
(42, 25)
-> Request 1
261
(2, 3, 1)
3
(17, 67)
-> Request 2
316
(3, 2, 2)
2
(59, 79)
-> Request 3
351
(4, 3, 2)
2
(67, 40)
-> Request 4
538
(2, 3, 1)
1
(68, 24)
-> Request 5
573
(4, 3, 2)
1
(22, 69)
-> Request 6
583
(3, 3, 1)
2
(31, 11)
-> Request 7
864
(2, 3, 2)
1
(18, 75)
-> Request 8
871
(4, 3, 2)
2
(61, 18)
-> Request 9
1095
(4, 3, 2)
1
(49, 20)
-> Request 10
1325
(4, 3, 1)
3
(17, 49)
-> Request 11
1405
(3, 1, 2)
2
(29, 76)
--> Day : 1
-> Request 0
19
(3, 3, 1)
3
(45, 40)
-> Request 1
206
(4, 1, 1)
1
(19, 66)
-> Request 2
549
(2, 3, 2)
2
(41, 65)
--> Day : 2
-> Request 0
229
(3, 2, 1)
1
(12, 35)
-> Request 1
482
(4, 3, 2)
2
(53, 52)
-> Request 2
544
(1, 3, 2)
2
(26, 7)
-> Request 3
606
(4, 3, 1)
3
(5, 70)
-> Request 4
649
(2, 3, 2)
2
(76, 38)
-> Request 5
1266
(4, 3, 1)
3
(7, 65)
-> Request 6
1273
(4, 3, 2)
1
(60, 75)
-> Request 7
1334
(3, 3, 1)
3
(75, 47)
--> Day : 3
-> Request 0
2
(4, 3, 2)
1
(64, 22)
-> Request 1
52
(4, 2, 2)
3
(43, 32)
-> Request 2
208
(4, 3, 2)
2
(33, 44)
-> Request 3
225
(4, 2, 1)
3
(46, 55)
-> Request 4
244
(3, 2, 1)
1
(77, 20)
-> Request 5
328
(2, 3, 2)
1
(68, 45)
-> Request 6
339
(3, 3, 2)
3
(41, 79)
-> Request 7
822
(4, 2, 2)
3
(48, 19)
-> Request 8
888
(2, 3, 1)
3
(51, 65)
-> Request 9
894
(4, 3, 2)
3
(31, 5)
-> Request 10
1025
(4, 3, 2)
1
(10, 77)
-> Request 11
1076
(2, 3, 2)
2
(59, 41)
-> Request 12
1266
(4, 3, 2)
1
(31, 18)
-> Request 13
1294
(3, 2, 2)
2
(70, 74)
--> Day : 4
-> Request 0
96
(4, 2, 2)
2
(63, 50)
-> Request 1
428
(4, 3, 1)
3
(20, 10)
-> Request 2
655
(1, 3, 1)
1
(41, 41)
-> Request 3
656
(4, 2, 1)
2
(32, 11)
-> Request 4
658
(3, 3, 1)
2
(77, 11)
-> Request 5
663
(4, 1, 1)
1
(8, 66)
-> Request 6
723
(4, 3, 2)
1
(21, 68)
-> Request 7
1149
(4, 3, 1)
2
(68, 75)
-> Request 8
1277
(3, 3, 1)
3
(1, 10)
-> Request 9
1342
(3, 3, 1)
2
(49, 50)
-> Request 10
1399
(3, 2, 2)
2
(56, 43)
-> Request 11
1424
(4, 3, 1)
3
(64, 64)
---> Week : 17
--> Day : 0
-> Request 0
313
(4, 3, 2)
3
(28, 5)
-> Request 1
387
(4, 3, 2)
2
(21, 16)
-> Request 2
484
(4, 2, 1)
3
(63, 10)
-> Request 3
589
(2, 3, 2)
2
(41, 42)
-> Request 4
759
(3, 2, 2)
2
(15, 4)
-> Request 5
802
(4, 1, 1)
1
(14, 46)
-> Request 6
1043
(3, 2, 1)
2
(75, 37)
-> Request 7
1247
(4, 3, 1)
3
(62, 19)
-> Request 8
1311
(1, 2, 1)
2
(18, 11)
-> Request 9
1379
(4, 3, 2)
1
(61, 68)
--> Day : 1
-> Request 0
3
(4, 3, 1)
2
(5, 64)
-> Request 1
179
(4, 2, 1)
3
(41, 59)
-> Request 2
272
(3, 2, 1)
3
(35, 33)
-> Request 3
299
(4, 1, 2)
3
(18, 3)
-> Request 4
636
(4, 3, 2)
3
(65, 69)
-> Request 5
760
(4, 3, 2)
2
(38, 40)
-> Request 6
903
(4, 3, 2)
3
(76, 66)
-> Request 7
1019
(4, 3, 1)
3
(8, 24)
-> Request 8
1083
(3, 2, 1)
3
(0, 23)
-> Request 9
1245
(2, 3, 2)
3
(1, 16)
-> Request 10
1304
(2, 2, 2)
1
(60, 16)
-> Request 11
1361
(4, 3, 1)
2
(64, 4)
-> Request 12
1400
(4, 2, 1)
3
(13, 76)
--> Day : 2
-> Request 0
267
(3, 3, 2)
2
(43, 61)
-> Request 1
608
(4, 3, 2)
3
(21, 57)
-> Request 2
690
(3, 2, 1)
3
(5, 37)
-> Request 3
763
(4, 3, 2)
1
(72, 23)
-> Request 4
957
(1, 2, 2)
2
(65, 75)
-> Request 5
997
(4, 1, 2)
1
(75, 69)
-> Request 6
1305
(2, 3, 2)
2
(38, 79)
--> Day : 3
-> Request 0
0
(4, 3, 2)
2
(40, 41)
-> Request 1
21
(3, 3, 2)
2
(11, 11)
-> Request 2
235
(3, 3, 2)
1
(14, 10)
-> Request 3
245
(3, 3, 2)
1
(30, 58)
-> Request 4
865
(4, 3, 1)
3
(72, 70)
-> Request 5
963
(4, 2, 2)
2
(25, 40)
-> Request 6
1074
(4, 3, 2)
2
(21, 15)
--> Day : 4
-> Request 0
92
(4, 3, 1)
2
(66, 37)
-> Request 1
168
(2, 2, 2)
3
(22, 17)
-> Request 2
180
(3, 2, 1)
3
(60, 7)
-> Request 3
184
(4, 2, 2)
3
(4, 17)
-> Request 4
466
(3, 3, 1)
3
(10, 22)
-> Request 5
693
(3, 3, 1)
2
(78, 44)
-> Request 6
817
(2, 3, 2)
3
(1, 31)
-> Request 7
857
(2, 3, 2)
1
(10, 11)
-> Request 8
941
(3, 3, 1)
1
(26, 1)
-> Request 9
954
(3, 2, 1)
1
(62, 41)
-> Request 10
990
(4, 3, 2)
1
(36, 72)
-> Request 11
1042
(3, 3, 1)
3
(67, 13)
-> Request 12
1274
(4, 3, 1)
1
(47, 56)
---> Week : 18
--> Day : 0
-> Request 0
195
(3, 3, 1)
2
(54, 22)
-> Request 1
340
(4, 3, 1)
1
(48, 56)
-> Request 2
385
(2, 3, 1)
1
(57, 68)
-> Request 3
499
(1, 3, 2)
2
(7, 43)
-> Request 4
689
(3, 3, 2)
1
(60, 75)
-> Request 5
996
(3, 2, 2)
1
(77, 7)
-> Request 6
1081
(2, 3, 1)
2
(24, 42)
-> Request 7
1086
(4, 2, 2)
2
(5, 19)
-> Request 8
1132
(4, 3, 2)
2
(71, 6)
-> Request 9
1202
(3, 2, 2)
1
(2, 72)
-> Request 10
1401
(4, 2, 2)
1
(26, 60)
--> Day : 1
-> Request 0
179
(4, 3, 2)
1
(19, 19)
-> Request 1
297
(3, 3, 2)
2
(13, 49)
-> Request 2
559
(2, 3, 2)
3
(38, 33)
-> Request 3
745
(4, 2, 2)
2
(33, 71)
-> Request 4
822
(4, 3, 2)
2
(10, 49)
-> Request 5
826
(2, 3, 1)
1
(17, 28)
-> Request 6
1090
(4, 3, 2)
2
(55, 3)
-> Request 7
1280
(4, 2, 1)
1
(43, 17)
--> Day : 2
-> Request 0
183
(4, 3, 1)
1
(73, 28)
-> Request 1
242
(3, 3, 1)
1
(21, 20)
-> Request 2
270
(3, 2, 2)
3
(31, 47)
-> Request 3
327
(2, 2, 1)
2
(74, 22)
-> Request 4
439
(4, 3, 1)
1
(79, 2)
-> Request 5
578
(4, 3, 1)
1
(4, 20)
-> Request 6
601
(3, 3, 1)
3
(52, 14)
-> Request 7
773
(3, 3, 2)
3
(65, 64)
-> Request 8
790
(4, 3, 2)
3
(41, 28)
-> Request 9
861
(4, 3, 1)
2
(11, 14)
-> Request 10
916
(3, 3, 2)
1
(55, 37)
-> Request 11
921
(3, 2, 1)
2
(60, 33)
-> Request 12
941
(4, 3, 1)
3
(36, 15)
-> Request 13
1112
(4, 3, 1)
1
(56, 73)
-> Request 14
1211
(4, 3, 2)
3
(53, 77)
-> Request 15
1223
(4, 2, 2)
3
(71, 8)
-> Request 16
1281
(3, 3, 1)
3
(38, 28)
--> Day : 3
-> Request 0
82
(4, 3, 2)
1
(4, 44)
-> Request 1
169
(4, 3, 2)
2
(2, 17)
-> Request 2
287
(4, 2, 2)
3
(25, 39)
-> Request 3
613
(4, 3, 2)
2
(65, 71)
-> Request 4
622
(2, 2, 1)
2
(64, 40)
-> Request 5
642
(4, 3, 2)
3
(18, 55)
-> Request 6
782
(3, 2, 2)
3
(22, 20)
-> Request 7
910
(3, 3, 2)
2
(62, 52)
-> Request 8
1263
(3, 3, 2)
2
(69, 49)
--> Day : 4
-> Request 0
192
(3, 3, 1)
1
(46, 23)
-> Request 1
206
(1, 3, 2)
1
(67, 43)
-> Request 2
391
(1, 3, 2)
1
(17, 27)
-> Request 3
516
(4, 2, 1)
3
(26, 79)
-> Request 4
594
(4, 3, 2)
3
(44, 29)
-> Request 5
713
(4, 3, 2)
1
(61, 72)
-> Request 6
937
(4, 2, 2)
2
(4, 47)
-> Request 7
1182
(1, 3, 1)
2
(42, 20)
-> Request 8
1247
(4, 2, 2)
3
(24, 77)
---> Week : 19
--> Day : 0
-> Request 0
84
(4, 2, 1)
2
(21, 52)
-> Request 1
84
(2, 3, 2)
1
(54, 53)
-> Request 2
300
(3, 3, 2)
1
(64, 76)
-> Request 3
604
(3, 3, 1)
2
(7, 44)
-> Request 4
672
(4, 3, 2)
3
(36, 18)
-> Request 5
794
(4, 2, 1)
1
(35, 21)
-> Request 6
990
(3, 3, 2)
1
(18, 23)
-> Request 7
1069
(4, 2, 1)
1
(62, 65)
-> Request 8
1185
(3, 2, 1)
2
(72, 35)
--> Day : 1
-> Request 0
26
(2, 3, 2)
2
(65, 55)
-> Request 1
466
(3, 2, 2)
2
(5, 61)
-> Request 2
589
(3, 3, 1)
2
(3, 28)
-> Request 3
737
(3, 2, 1)
3
(7, 49)
-> Request 4
775
(4, 3, 2)
3
(39, 59)
-> Request 5
1172
(4, 3, 1)
3
(19, 43)
-> Request 6
1299
(4, 2, 2)
3
(70, 19)
-> Request 7
1328
(4, 3, 1)
1
(38, 0)
--> Day : 2
-> Request 0
125
(3, 3, 1)
1
(1, 45)
-> Request 1
239
(4, 2, 1)
3
(71, 0)
-> Request 2
286
(2, 2, 1)
2
(78, 53)
-> Request 3
301
(4, 2, 2)
2
(43, 0)
-> Request 4
401
(4, 3, 2)
3
(4, 9)
-> Request 5
416
(4, 2, 2)
2
(20, 23)
-> Request 6
433
(3, 2, 2)
2
(25, 34)
-> Request 7
827
(3, 3, 2)
3
(1, 63)
-> Request 8
1113
(3, 2, 1)
1
(12, 28)
-> Request 9
1269
(1, 2, 2)
1
(75, 67)
--> Day : 3
-> Request 0
82
(4, 3, 2)
1
(41, 20)
-> Request 1
104
(3, 2, 2)
3
(3, 64)
-> Request 2
132
(4, 2, 2)
2
(8, 32)
-> Request 3
347
(4, 3, 1)
3
(35, 73)
-> Request 4
439
(3, 3, 1)
2
(18, 12)
-> Request 5
720
(4, 2, 1)
1
(53, 6)
-> Request 6
808
(2, 3, 2)
1
(17, 6)
-> Request 7
854
(3, 3, 2)
3
(2, 39)
-> Request 8
869
(4, 3, 1)
3
(30, 29)
-> Request 9
1093
(2, 3, 2)
2
(74, 73)
-> Request 10
1227
(3, 3, 2)
3
(66, 24)
--> Day : 4
-> Request 0
142
(3, 3, 1)
2
(8, 38)
-> Request 1
811
(3, 3, 1)
3
(61, 44)
-> Request 2
1083
(3, 3, 1)
1
(14, 70)
-> Request 3
1276
(4, 2, 1)
1
(38, 42)
-> Request 4
1328
(3, 3, 1)
3
(52, 29)
-> Request 5
1436
(4, 2, 2)
1
(68, 10)
