---> Week : 0
--> Day : 0
-> Request 0
320
(2, 3, 1)
2
(39, 28)
-> Request 1
426
(4, 3, 1)
3
(30, 25)
-> Request 2
442
(4, 3, 1)
3
(33, 28)
-> Request 3
585
(4, 3, 2)
3
(4, 32)
-> Request 4
837
(3, 3, 1)
1
(78, 25)
-> Request 5
903
(4, 2, 1)
2
(33, 57)
-> Request 6
948
(4, 2, 1)
3
(4, 55)
-> Request 7
1055
(4, 3, 1)
2
(26, 10)
-> Request 8
1069
(4, 2, 1)
1
(3, 74)
-> Request 9
1107
(4, 3, 2)
1
(28, 58)
-> Request 10
1164
(4, 2, 1)
1
(22, 38)
-> Request 11
1260
(3, 3, 2)
3
(79, 36)
--> Day : 1
-> Request 0
68
(4, 2, 1)
3
(67, 57)
-> Request 1
76
(4, 1, 2)
3
(70, 32)
-> Request 2
116
(4, 2, 2)
2
(18, 9)
-> Request 3
176
(2, 3, 1)
2
(15, 68)
-> Request 4
179
(4, 2, 2)
1
(57, 43)
-> Request 5
179
(2, 3, 2)
3
(54, 43)
-> Request 6
290
(3, 2, 2)
2
(53, 63)
-> Request 7
334
(2, 3, 1)
1
(24, 43)
-> Request 8
359
(3, 2, 1)
1
(4, 49)
-> Request 9
429
(3, 2, 1)
3
(61, 74)
-> Request 10
665
(4, 3, 2)
2
(72, 46)
-> Request 11
759
(3, 2, 1)
2
(76, 55)
-> Request 12
1178
(3, 2, 2)
3
(22, 8)
-> Request 13
1301
(3, 2, 1)
2
(18, 10)
-> Request 14
1416
(2, 2, 1)
1
(41, 38)
--> Day : 2
-> Request 0
418
(2, 3, 2)
3
(66, 57)
-> Request 1
525
(4, 2, 1)
3
(73, 42)
-> Request 2
847
(1, 2, 1)
3
(47, 64)
-> Request 3
847
(4, 3, 2)
1
(68, 31)
-> Request 4
942
(1, 2, 2)
2
(75, 6)
-> Request 5
972
(4, 3, 2)
3
(19, 50)
-> Request 6
976
(3, 3, 2)
1
(20, 12)
-> Request 7
1101
(3, 2, 2)
2
(2, 44)
-> Request 8
1181
(2, 3, 1)
2
(56, 55)
--> Day : 3
-> Request 0
122
(4, 2, 1)
3
(22, 55)
-> Request 1
151
(2, 3, 2)
2
(18, 25)
-> Request 2
568
(1, 2, 2)
1
(8, 28)
-> Request 3
584
(3, 2, 2)
1
(47, 49)
-> Request 4
593
(3, 2, 2)
1
(45, 1)
-> Request 5
1036
(3, 2, 2)
3
(54, 31)
-> Request 6
1076
(1, 3, 1)
1
(14, 53)
-> Request 7
1280
(4, 2, 2)
2
(69, 56)
--> Day : 4
-> Request 0
123
(4, 3, 1)
2
(22, 29)
-> Request 1
216
(4, 3, 1)
3
(58, 37)
-> Request 2
238
(4, 3, 2)
1
(36, 47)
-> Request 3
329
(3, 3, 2)
3
(76, 27)
-> Request 4
335
(3, 2, 1)
1
(61, 62)
-> Request 5
487
(3, 2, 2)
1
(23, 12)
-> Request 6
494
(3, 3, 1)
3
(39, 3)
-> Request 7
739
(3, 2, 1)
2
(33, 8)
-> Request 8
785
(4, 2, 2)
3
(4, 76)
-> Request 9
922
(3, 3, 1)
2
(3, 60)
-> Request 10
994
(3, 3, 1)
3
(74, 42)
-> Request 11
1035
(3, 3, 2)
1
(14, 55)
-> Request 12
1227
(3, 3, 1)
2
(4, 50)
-> Request 13
1355
(4, 3, 2)
2
(6, 27)
-> Request 14
1398
(2, 3, 2)
2
(73, 9)
---> Week : 1
--> Day : 0
-> Request 0
147
(4, 2, 2)
2
(37, 57)
-> Request 1
227
(4, 2, 2)
1
(61, 49)
-> Request 2
508
(3, 2, 2)
3
(3, 11)
-> Request 3
515
(4, 3, 2)
1
(38, 13)
-> Request 4
623
(4, 2, 1)
1
(75, 22)
-> Request 5
638
(2, 2, 1)
1
(66, 78)
-> Request 6
899
(4, 2, 2)
1
(65, 14)
-> Request 7
1045
(4, 1, 1)
3
(50, 52)
-> Request 8
1061
(3, 3, 2)
2
(61, 14)
-> Request 9
1115
(1, 2, 2)
3
(48, 55)
-> Request 10
1373
(4, 3, 2)
2
(31, 74)
--> Day : 1
-> Request 0
219
(3, 2, 1)
2
(8, 39)
-> Request 1
790
(2, 2, 1)
3
(23, 5)
-> Request 2
813
(4, 3, 1)
3
(60, 2)
-> Request 3
867
(4, 2, 2)
2
(7, 74)
-> Request 4
870
(4, 2, 1)
1
(69, 37)
-> Request 5
989
(4, 3, 1)
2
(52, 61)
-> Request 6
1084
(1, 2, 2)
1
(12, 21)
-> Request 7
1210
(3, 3, 1)
1
(22, 62)
-> Request 8
1409
(4, 1, 1)
1
(52, 42)
--> Day : 2
-> Request 0
477
(4, 3, 1)
2
(18, 55)
-> Request 1
497
(3, 3, 2)
2
(72, 1)
-> Request 2
557
(4, 3, 1)
3
(53, 70)
-> Request 3
630
(2, 3, 2)
2
(76, 5)
-> Request 4
744
(4, 2, 1)
2
(40, 23)
-> Request 5
765
(3, 2, 2)
3
(23, 65)
-> Request 6
863
(3, 3, 1)
2
(58, 51)
--> Day : 3
-> Request 0
132
(2, 3, 2)
2
(53, 27)
-> Request 1
362
(4, 2, 1)
2
(26, 52)
-> Request 2
403
(1, 3, 1)
3
(5, 12)
-> Request 3
762
(4, 3, 2)
2
(8, 12)
-> Request 4
764
(3, 3, 2)
1
(40, 43)
-> Request 5
915
(4, 3, 1)
3
(29, 77)
-> Request 6
1159
(3, 3, 1)
2
(17, 21)
-> Request 7
1225
(3, 2, 1)
3
(72, 25)
-> Request 8
1316
(4, 3, 1)
1
(69, 12)
--> Day : 4
-> Request 0
296
(4, 2, 1)
2
(34, 67)
-> Request 1
434
(1, 3, 2)
1
(58, 9)
-> Request 2
1284
(3, 3, 2)
2
(27, 5)
---> Week : 2
--> Day : 0
-> Request 0
188
(4, 2, 2)
2
(6, 7)
-> Request 1
330
(4, 3, 2)
1
(20, 65)
-> Request 2
489
(3, 3, 1)
3
(53, 37)
-> Request 3
706
(3, 3, 2)
3
(4, 69)
-> Request 4
804
(4, 3, 1)
3
(74, 39)
-> Request 5
849
(3, 3, 1)
1
(52, 66)
-> Request 6
1275
(2, 2, 1)
3
(64, 34)
-> Request 7
1401
(3, 1, 1)
1
(1, 1)
--> Day : 1
-> Request 0
81
(4, 2, 1)
2
(50, 34)
-> Request 1
194
(4, 3, 2)
1
(15, 70)
-> Request 2
771
(4, 2, 1)
2
(13, 47)
-> Request 3
790
(4, 3, 2)
2
(29, 5)
-> Request 4
1224
(3, 2, 1)
1
(48, 12)
-> Request 5
1247
(1, 3, 1)
2
(49, 30)
--> Day : 2
-> Request 0
44
(1, 2, 1)
3
(39, 51)
-> Request 1
299
(4, 3, 1)
2
(69, 49)
-> Request 2
373
(4, 3, 2)
1
(54, 1)
-> Request 3
618
(3, 3, 1)
1
(78, 50)
-> Request 4
1193
(3, 3, 1)
3
(6, 14)
-> Request 5
1316
(3, 3, 1)
1
(39, 36)
--> Day : 3
-> Request 0
574
(3, 3, 2)
1
(48, 10)
-> Request 1
842
(4, 3, 2)
2
(7, 33)
-> Request 2
842
(3, 3, 1)
3
(36, 22)
-> Request 3
1230
(2, 3, 1)
3
(49, 77)
--> Day : 4
-> Request 0
28
(4, 3, 2)
3
(38, 76)
-> Request 1
75
(3, 3, 1)
1
(73, 35)
-> Request 2
242
(4, 2, 2)
3
(43, 67)
-> Request 3
273
(3, 2, 1)
3
(75, 73)
-> Request 4
294
(2, 3, 1)
3
(73, 62)
-> Request 5
318
(2, 3, 2)
3
(30, 59)
-> Request 6
473
(4, 3, 2)
2
(7, 38)
-> Request 7
754
(3, 3, 1)
3
(11, 49)
-> Request 8
846
(2, 2, 1)
3
(50, 53)
-> Request 9
1007
(3, 3, 2)
1
(60, 58)
---> Week : 3
--> Day : 0
-> Request 0
150
(4, 3, 2)
3
(66, 49)
-> Request 1
242
(4, 3, 2)
3
(58, 13)
-> Request 2
274
(3, 2, 2)
1
(48, 65)
-> Request 3
665
(3, 3, 1)
2
(77, 4)
-> Request 4
741
(4, 3, 2)
2
(32, 37)
-> Request 5
767
(4, 3, 2)
1
(52, 55)
-> Request 6
837
(2, 3, 1)
3
(55, 51)
-> Request 7
1087
(3, 2, 1)
3
(46, 9)
-> Request 8
1140
(4, 3, 1)
3
(56, 70)
-> Request 9
1242
(3, 3, 1)
2
(21, 30)
-> Request 10
1249
(4, 3, 1)
3
(71, 16)
--> Day : 1
-> Request 0
230
(4, 3, 1)
2
(6, 45)
-> Request 1
381
(3, 3, 2)
1
(65, 51)
-> Request 2
605
(4, 2, 1)
1
(36, 43)
-> Request 3
1087
(4, 2, 1)
3
(16, 10)
-> Request 4
1327
(4, 3, 2)
2
(42, 20)
-> Request 5
1404
(3, 3, 2)
2
(7, 55)
--> Day : 2
-> Request 0
148
(3, 3, 1)
2
(59, 4)
-> Request 1
167
(4, 2, 2)
2
(17, 71)
-> Request 2
180
(4, 3, 2)
3
(22, 9)
-> Request 3
295
(3, 3, 2)
2
(26, 35)
-> Request 4
364
(2, 2, 2)
1
(0, 43)
-> Request 5
475
(2, 2, 1)
3
(78, 74)
-> Request 6
580
(4, 1, 2)
2
(6, 27)
-> Request 7
1091
(4, 2, 2)
3
(62, 34)
--> Day : 3
-> Request 0
74
(3, 3, 1)
1
(25, 49)
-> Request 1
79
(3, 2, 2)
2
(33, 28)
-> Request 2
189
(2, 3, 2)
1
(48, 40)
-> Request 3
245
(4, 3, 1)
3
(29, 20)
-> Request 4
390
(1, 3, 2)
3
(60, 40)
-> Request 5
441
(3, 3, 2)
2
(58, 39)
-> Request 6
724
(2, 2, 1)
2
(2, 11)
-> Request 7
804
(4, 3, 1)
1
(68, 26)
-> Request 8
866
(3, 2, 2)
1
(25, 12)
-> Request 9
1027
(4, 2, 1)
2
(25, 34)
-> Request 10
1254
(4, 2, 2)
1
(52, 20)
-> Request 11
1331
(4, 1, 1)
2
(13, 26)
--> Day : 4
-> Request 0
127
(3, 3, 2)
1
(11, 73)
-> Request 1
476
(2, 2, 2)
2
(16, 37)
-> Request 2
598
(4, 3, 1)
3
(13, 62)
-> Request 3
938
(4, 3, 1)
3
(65, 9)
-> Request 4
1149
(3, 3, 1)
2
(35, 79)
-> Request 5
1318
(3, 2, 1)
1
(58, 16)
---> Week : 4
--> Day : 0
-> Request 0
9
(2, 1, 2)
3
(72, 58)
-> Request 1
330
(2, 3, 1)
1
(3, 23)
-> Request 2
430
(4, 3, 1)
1
(54, 55)
-> Request 3
751
(4, 3, 1)
2
(49, 76)
-> Request 4
778
(3, 3, 1)
2
(43, 71)
-> Request 5
993
(2, 3, 2)
1
(0, 15)
-> Request 6
1243
(3, 3, 1)
1
(28, 32)
--> Day : 1
-> Request 0
497
(4, 3, 1)
1
(0, 2)
-> Request 1
510
(4, 3, 2)
2
(24, 61)
-> Request 2
724
(4, 2, 2)
3
(56, 30)
-> Request 3
944
(4, 3, 1)
2
(49, 66)
-> Request 4
1270
(2, 2, 1)
2
(17, 75)
-> Request 5
1331
(2, 3, 2)
1
(40, 42)
--> Day : 2
-> Request 0
324
(1, 3, 1)
1
(43, 19)
-> Request 1
396
(4, 3, 1)
3
(41, 17)
-> Request 2
397
(3, 3, 2)
1
(25, 40)
-> Request 3
463
(3, 3, 1)
3
(1, 40)
-> Request 4
560
(3, 2, 2)
2
(62, 25)
-> Request 5
652
(3, 3, 2)
3
(0, 38)
-> Request 6
718
(3, 2, 1)
1
(77, 71)
-> Request 7
990
(4, 2, 2)
2
(25, 15)
-> Request 8
1109
(2, 3, 2)
1
(44, 52)
--> Day : 3
-> Request 0
14
(4, 3, 1)
1
(38, 23)
-> Request 1
290
(4, 3, 2)
1
(7, 38)
-> Request 2
373
(4, 3, 1)
2
(44, 72)
-> Request 3
418
(3, 2, 2)
2
(31, 13)
-> Request 4
624
(2, 2, 2)
1
(39, 56)
-> Request 5
708
(4, 3, 1)
1
(47, 66)
-> Request 6
1047
(4, 3, 2)
3
(30, 36)
-> Request 7
1095
(4, 2, 1)
1
(44, 58)
-> Request 8
1283
(4, 3, 2)
2
(54, 18)
--> Day : 4
-> Request 0
297
(4, 3, 2)
2
(64, 77)
-> Request 1
331
(2, 2, 1)
3
(30, 20)
-> Request 2
350
(4, 3, 2)
3
(60, 78)
-> Request 3
431
(4, 2, 2)
3
(68, 74)
-> Request 4
448
(3, 2, 1)
1
(44, 18)
-> Request 5
468
(2, 2, 2)
2
(21, 32)
-> Request 6
481
(4, 2, 1)
1
(23, 23)
-> Request 7
756
(2, 3, 2)
3
(43, 26)
-> Request 8
762
(3, 3, 1)
3
(19, 2)
---> Week : 5
--> Day : 0
-> Request 0
55
(4, 3, 2)
3
(24, 59)
-> Request 1
66
(4, 3, 1)
1
(24, 55)
-> Request 2
114
(4, 1, 1)
3
(59, 25)
-> Request 3
323
(4, 3, 2)
3
(70, 74)
-> Request 4
416
(3, 3, 1)
3
(75, 78)
-> Request 5
439
(2, 2, 2)
3
(62, 24)
-> Request 6
460
(1, 1, 2)
1
(9, 27)
-> Request 7
461
(3, 3, 1)
1
(30, 71)
-> Request 8
472
(4, 3, 1)
2
(29, 26)
-> Request 9
515
(2, 2, 1)
1
(16, 31)
-> Request 10
518
(2, 1, 1)
1
(24, 12)
-> Request 11
599
(4, 2, 1)
3
(22, 17)
-> Request 12
827
(4, 3, 1)
1
(64, 63)
-> Request 13
851
(1, 3, 1)
1
(62, 11)
-> Request 14
858
(2, 3, 2)
3
(49, 23)
-> Request 15
937
(3, 2, 1)
1
(28, 72)
-> Request 16
1063
(3, 3, 1)
1
(79, 68)
--> Day : 1
-> Request 0
80
(3, 3, 2)
2
(67, 38)
-> Request 1
85
(3, 1, 1)
1
(63, 65)
-> Request 2
137
(4, 3, 1)
2
(44, 63)
-> Request 3
368
(2, 3, 2)
1
(77, 48)
-> Request 4
388
(4, 2, 2)
1
(32, 35)
-> Request 5
423
(4, 2, 2)
3
(53, 45)
-> Request 6
622
(4, 2, 2)
3
(36, 9)
-> Request 7
770
(3, 3, 2)
3
(33, 31)
-> Request 8
987
(4, 3, 2)
2
(11, 68)
-> Request 9
1272
(2, 3, 2)
2
(46, 60)
-> Request 10
1387
(4, 2, 1)
3
(30, 54)
--> Day : 2
-> Request 0
14
(4, 3, 2)
3
(13, 27)
-> Request 1
375
(3, 3, 2)
3
(59, 68)
-> Request 2
549
(3, 2, 2)
1
(50, 47)
-> Request 3
608
(4, 1, 2)
1
(52, 68)
-> Request 4
634
(3, 1, 1)
3
(56, 59)
-> Request 5
709
(3, 2, 2)
1
(78, 45)
-> Request 6
724
(4, 2, 1)
2
(2, 9)
-> Request 7
724
(3, 2, 1)
1
(38, 45)
-> Request 8
736
(1, 3, 2)
2
(70, 44)
-> Request 9
1223
(3, 3, 2)
3
(24, 64)
-> Request 10
1238
(3, 2, 1)
2
(30, 10)
-> Request 11
1338
(4, 3, 1)
1
(79, 8)
-> Request 12
1391
(3, 3, 2)
1
(13, 61)
--> Day : 3
-> Request 0
30
(4, 3, 2)
3
(34, 35)
-> Request 1
77
(3, 2, 2)
2
(23, 46)
-> Request 2
171
(4, 3, 2)
3
(76, 51)
-> Request 3
200
(3, 3, 2)
1
(28, 77)
-> Request 4
513
(4, 3, 2)
2
(52, 56)
-> Request 5
555
(4, 3, 2)
2
(15, 41)
-> Request 6
706
(4, 2, 1)
2
(29, 14)
-> Request 7
740
(3, 2, 2)
3
(10, 25)
-> Request 8
913
(4, 3, 1)
1
(53, 66)
-> Request 9
961
(2, 3, 2)
1
(19, 23)
-> Request 10
1097
(4, 3, 1)
2
(63, 37)
-> Request 11
1277
(3, 3, 2)
2
(25, 53)
-> Request 12
1415
(3, 3, 2)
2
(21, 37)
--> Day : 4
-> Request 0
115
(4, 2, 2)
2
(5, 29)
-> Request 1
375
(2, 3, 1)
1
(27, 3)
-> Request 2
615
(3, 2, 1)
1
(33, 13)
-> Request 3
616
(2, 2, 2)
1
(26, 23)
-> Request 4
826
(4, 3, 2)
1
(26, 59)
-> Request 5
826
(4, 2, 1)
3
(1, 73)
-> Request 6
902
(4, 2, 2)
3
(75, 20)
-> Request 7
1006
(4, 2, 2)
3
(45, 74)
-> Request 8
1075
(4, 2, 2)
3
(24, 76)
-> Request 9
1151
(4, 2, 1)
2
(5, 22)
-> Request 10
1280
(3, 3, 1)
1
(20, 44)
---> Week : 6
--> Day : 0
-> Request 0
166
(3, 1, 2)
1
(33, 7)
-> Request 1
288
(3, 3, 1)
3
(1, 62)
-> Request 2
329
(4, 2, 1)
2
(57, 77)
-> Request 3
338
(4, 3, 1)
2
(53, 48)
-> Request 4
476
(4, 3, 1)
3
(57, 30)
-> Request 5
789
(4, 3, 2)
3
(63, 54)
-> Request 6
1030
(1, 3, 1)
1
(62, 72)
-> Request 7
1322
(4, 3, 1)
1
(5, 25)
-> Request 8
1323
(2, 3, 2)
2
(71, 52)
-> Request 9
1348
(4, 2, 2)
2
(5, 52)
--> Day : 1
-> Request 0
13
(4, 3, 2)
2
(68, 55)
-> Request 1
239
(4, 3, 1)
1
(5, 60)
-> Request 2
462
(2, 2, 2)
3
(61, 42)
-> Request 3
463
(3, 3, 1)
1
(55, 55)
-> Request 4
549
(4, 3, 2)
3
(73, 15)
-> Request 5
706
(3, 3, 1)
2
(21, 47)
-> Request 6
721
(3, 3, 2)
3
(25, 58)
-> Request 7
831
(4, 3, 1)
1
(69, 65)
-> Request 8
872
(1, 3, 1)
3
(19, 15)
-> Request 9
902
(4, 2, 2)
2
(47, 57)
--> Day : 2
-> Request 0
179
(3, 2, 2)
3
(76, 78)
-> Request 1
374
(4, 2, 2)
1
(44, 46)
-> Request 2
448
(4, 3, 1)
3
(0, 41)
-> Request 3
470
(2, 2, 1)
2
(58, 71)
-> Request 4
652
(4, 3, 1)
1
(5, 29)
-> Request 5
961
(4, 2, 1)
2
(59, 33)
-> Request 6
1240
(2, 3, 2)
2
(25, 3)
-> Request 7
1256
(3, 1, 1)
2
(1, 55)
--> Day : 3
-> Request 0
126
(4, 1, 1)
1
(38, 4)
-> Request 1
173
(3, 2, 1)
2
(43, 58)
-> Request 2
174
(3, 1, 2)
1
(56, 62)
-> Request 3
183
(4, 3, 2)
1
(27, 41)
-> Request 4
206
(2, 2, 2)
1
(32, 47)
-> Request 5
244
(4, 2, 1)
2
(5, 61)
-> Request 6
429
(3, 3, 2)
3
(19, 46)
-> Request 7
465
(2, 2, 2)
3
(44, 3)
-> Request 8
474
(4, 3, 1)
2
(10, 79)
-> Request 9
1186
(3, 3, 1)
1
(9, 76)
-> Request 10
1427
(4, 3, 2)
2
(43, 21)
--> Day : 4
-> Request 0
130
(3, 3, 1)
2
(62, 11)
-> Request 1
492
(3, 3, 2)
3
(64, 18)
-> Request 2
640
(4, 3, 2)
1
(59, 42)
-> Request 3
779
(3, 3, 2)
3
(16, 79)
-> Request 4
884
(3, 2, 1)
1
(48, 58)
-> Request 5
1279
(4, 2, 2)
2
(56, 40)
-> Request 6
1412
(4, 3, 2)
1
(23, 35)
---> Week : 7
--> Day : 0
-> Request 0
155
(4, 3, 1)
3
(70, 23)
-> Request 1
233
(3, 3, 2)
1
(17, 5)
-> Request 2
696
(4, 3, 1)
3
(49, 28)
-> Request 3
940
(4, 3, 1)
2
(24, 2)
-> Request 4
950
(3, 3, 1)
2
(74, 11)
-> Request 5
1037
(4, 2, 2)
1
(55, 24)
--> Day : 1
-> Request 0
83
(3, 2, 1)
1
(46, 62)
-> Request 1
284
(3, 3, 1)
3
(53, 21)
-> Request 2
480
(4, 2, 2)
3
(23, 52)
-> Request 3
511
(4, 3, 2)
3
(16, 39)
-> Request 4
911
(3, 3, 1)
3
(33, 1)
-> Request 5
1102
(4, 3, 1)
2
(71, 79)
-> Request 6
1306
(3, 3, 2)
1
(56, 4)
--> Day : 2
-> Request 0
104
(3, 2, 2)
2
(27, 31)
-> Request 1
173
(4, 2, 2)
3
(42, 21)
-> Request 2
245
(2, 1, 2)
3
(76, 33)
-> Request 3
323
(3, 3, 1)
3
(14, 54)
-> Request 4
460
(3, 3, 1)
2
(36, 23)
-> Request 5
556
(2, 2, 2)
1
(35, 46)
-> Request 6
573
(3, 3, 2)
2
(67, 7)
-> Request 7
734
(4, 1, 2)
1
(78, 73)
-> Request 8
918
(4, 3, 2)
3
(69, 31)
-> Request 9
1163
(3, 3, 1)
2
(20, 30)
--> Day : 3
-> Request 0
229
(4, 3, 1)
1
(44, 63)
-> Request 1
253
(4, 3, 2)
1
(57, 2)
-> Request 2
270
(3, 3, 1)
1
(76, 62)
-> Request 3
491
(4, 3, 1)
3
(46, 49)
-> Request 4
608
(4, 2, 2)
2
(38, 33)
-> Request 5
801
(4, 1, 2)
3
(68, 62)
-> Request 6
857
(4, 2, 2)
3
(65, 5)
-> Request 7
947
(3, 2, 2)
1
(52, 42)
-> Request 8
1386
(3, 3, 2)
1
(54, 26)
--> Day : 4
-> Request 0
175
(4, 3, 1)
1
(9, 3)
-> Request 1
326
(3, 3, 2)
2
(18, 24)
-> Request 2
360
(2, 2, 1)
3
(46, 61)
-> Request 3
476
(4, 2, 2)
1
(13, 48)
-> Request 4
569
(2, 3, 2)
3
(61, 74)
-> Request 5
724
(4, 3, 1)
2
(60, 3)
-> Request 6
905
(4, 2, 1)
2
(5, 79)
---> Week : 8
--> Day : 0
-> Request 0
736
(4, 3, 2)
1
(34, 26)
-> Request 1
992
(3, 3, 2)
3
(64, 62)
-> Request 2
1175
(4, 3, 1)
2
(75, 29)
-> Request 3
1184
(4, 3, 2)
1
(56, 54)
-> Request 4
1338
(4, 2, 2)
2
(64, 39)
-> Request 5
1371
(4, 3, 2)
1
(52, 39)
-> Request 6
1392
(4, 2, 2)
2
(34, 72)
--> Day : 1
-> Request 0
347
(4, 3, 1)
3
(9, 3)
-> Request 1
435
(2, 3, 2)
3
(68, 27)
-> Request 2
551
(3, 3, 2)
3
(19, 10)
-> Request 3
1222
(4, 3, 1)
2
(3, 32)
-> Request 4
1353
(4, 2, 2)
2
(75, 14)
--> Day : 2
-> Request 0
21
(4, 3, 2)
2
(13, 37)
-> Request 1
159
(2, 3, 1)
3
(76, 33)
-> Request 2
195
(3, 2, 2)
1
(37, 60)
-> Request 3
289
(3, 2, 1)
3
(24, 13)
-> Request 4
373
(4, 3, 1)
3
(40, 54)
-> Request 5
552
(4, 3, 2)
2
(79, 75)
-> Request 6
566
(4, 3, 1)
3
(33, 53)
-> Request 7
687
(4, 3, 2)
1
(22, 54)
-> Request 8
727
(3, 3, 1)
3
(11, 57)
-> Request 9
853
(4, 3, 1)
2
(39, 53)
-> Request 10
883
(4, 3, 2)
2
(48, 50)
-> Request 11
959
(1, 2, 2)
1
(5, 22)
-> Request 12
990
(3, 2, 1)
1
(44, 74)
-> Request 13
1136
(3, 3, 2)
3
(8, 10)
-> Request 14
1171
(3, 2, 1)
2
(49, 23)
-> Request 15
1263
(3, 3, 1)
2
(79, 23)
--> Day : 3
-> Request 0
22
(4, 1, 2)
3
(78, 58)
-> Request 1
59
(4, 2, 1)
2
(60, 61)
-> Request 2
128
(4, 3, 2)
1
(48, 51)
-> Request 3
141
(3, 2, 2)
2
(61, 23)
-> Request 4
271
(3, 2, 1)
2
(71, 59)
-> Request 5
286
(4, 2, 2)
2
(65, 21)
-> Request 6
443
(4, 3, 2)
1
(50, 9)
-> Request 7
632
(4, 2, 2)
1
(41, 52)
-> Request 8
681
(3, 3, 1)
2
(48, 18)
-> Request 9
829
(3, 2, 2)
3
(19, 5)
-> Request 10
865
(4, 3, 2)
2
(77, 20)
-> Request 11
1183
(4, 3, 1)
1
(22, 15)
-> Request 12
1209
(4, 3, 2)
2
(23, 44)
-> Request 13
1345
(3, 2, 2)
1
(49, 23)
-> Request 14
1350
(4, 2, 1)
2
(24, 50)
--> Day : 4
-> Request 0
27
(3, 3, 1)
3
(6, 20)
-> Request 1
77
(4, 3, 1)
1
(42, 72)
-> Request 2
101
(4, 1, 1)
2
(51, 72)
-> Request 3
437
(4, 2, 2)
3
(33, 41)
-> Request 4
535
(4, 1, 1)
3
(45, 56)
-> Request 5
787
(4, 2, 1)
2
(22, 53)
-> Request 6
810
(2, 3, 1)
2
(65, 7)
-> Request 7
862
(4, 2, 1)
3
(11, 26)
-> Request 8
871
(3, 2, 1)
2
(8, 52)
-> Request 9
915
(4, 3, 2)
2
(79, 70)
-> Request 10
1275
(3, 3, 2)
3
(42, 79)
-> Request 11
1324
(3, 2, 2)
1
(47, 48)
-> Request 12
1376
(4, 3, 2)
2
(17, 34)
---> Week : 9
--> Day : 0
-> Request 0
180
(3, 2, 1)
2
(9, 40)
-> Request 1
182
(4, 3, 1)
2
(24, 54)
-> Request 2
244
(3, 2, 2)
1
(16, 67)
-> Request 3
252
(4, 2, 2)
3
(21, 27)
-> Request 4
323
(4, 3, 1)
3
(42, 69)
-> Request 5
518
(4, 3, 1)
2
(51, 9)
-> Request 6
734
(4, 3, 2)
3
(78, 72)
-> Request 7
735
(3, 3, 1)
3
(69, 70)
-> Request 8
781
(3, 1, 2)
1
(51, 51)
-> Request 9
784
(4, 3, 2)
1
(16, 53)
-> Request 10
797
(3, 3, 2)
1
(60, 45)
-> Request 11
859
(2, 3, 2)
1
(9, 55)
-> Request 12
1058
(3, 3, 1)
3
(11, 9)
--> Day : 1
-> Request 0
50
(3, 2, 2)
3
(76, 53)
-> Request 1
212
(4, 2, 1)
1
(8, 10)
-> Request 2
613
(3, 2, 2)
3
(35, 11)
-> Request 3
845
(3, 2, 2)
2
(46, 41)
-> Request 4
966
(4, 2, 1)
3
(73, 26)
-> Request 5
1071
(3, 2, 2)
1
(54, 20)
-> Request 6
1122
(4, 3, 1)
1
(34, 51)
-> Request 7
1307
(3, 3, 1)
3
(58, 56)
-> Request 8
1375
(4, 3, 1)
2
(20, 53)
-> Request 9
1401
(3, 3, 1)
3
(74, 77)
-> Request 10
1411
(2, 2, 2)
3
(17, 71)
--> Day : 2
-> Request 0
266
(4, 2, 2)
2
(25, 45)
-> Request 1
442
(4, 3, 2)
2
(22, 49)
-> Request 2
694
(4, 3, 2)
2
(58, 77)
-> Request 3
733
(4, 3, 2)
1
(56, 18)
-> Request 4
940
(2, 1, 2)
3
(28, 45)
-> Request 5
1275
(4, 3, 2)
1
(45, 52)
--> Day : 3
-> Request 0
17
(3, 3, 1)
2
(29, 58)
-> Request 1
173
(2, 2, 2)
2
(78, 30)
-> Request 2
329
(4, 3, 2)
3
(12, 69)
-> Request 3
529
(4, 3, 2)
1
(14, 54)
-> Request 4
579
(3, 3, 1)
1
(38, 72)
-> Request 5
822
(4, 2, 1)
2
(49, 53)
-> Request 6
905
(4, 3, 2)
3
(5, 16)
-> Request 7
972
(4, 2, 2)
2
(5, 26)
-> Request 8
1029
(4, 3, 2)
3
(53, 71)
-> Request 9
1034
(3, 3, 2)
2
(47, 66)
-> Request 10
1205
(4, 2, 2)
2
(73, 33)
-> Request 11
1210
(4, 1, 2)
3
(71, 19)
-> Request 12
1289
(4, 3, 2)
2
(78, 43)
--> Day : 4
-> Request 0
342
(4, 3, 1)
3
(37, 23)
-> Request 1
562
(4, 2, 2)
1
(60, 61)
-> Request 2
866
(3, 1, 1)
3
(60, 14)
-> Request 3
963
(2, 3, 1)
2
(16, 7)
-> Request 4
975
(2, 3, 2)
2
(59, 61)
-> Request 5
1179
(3, 2, 2)
3
(69, 69)
-> Request 6
1209
(4, 3, 1)
3
(38, 13)
-> Request 7
1362
(3, 2, 2)
2
(3, 10)
-> Request 8
1362
(3, 3, 1)
2
(34, 62)
-> Request 9
1394
(1, 3, 2)
2
(77, 54)
---> Week : 10
--> Day : 0
-> Request 0
128
(4, 2, 1)
2
(20, 39)
-> Request 1
217
(4, 3, 1)
1
(67, 12)
-> Request 2
235
(4, 2, 1)
2
(26, 78)
-> Request 3
264
(3, 3, 2)
2
(3, 16)
-> Request 4
290
(4, 3, 2)
3
(10, 79)
-> Request 5
557
(3, 2, 1)
2
(22, 66)
-> Request 6
846
(4, 2, 2)
2
(67, 69)
-> Request 7
922
(2, 3, 1)
3
(28, 36)
-> Request 8
940
(4, 2, 2)
2
(25, 21)
-> Request 9
1122
(3, 3, 1)
3
(38, 20)
-> Request 10
1200
(4, 3, 2)
1
(60, 17)
-> Request 11
1320
(4, 3, 1)
2
(21, 45)
-> Request 12
1397
(4, 2, 1)
1
(41, 65)
-> Request 13
1397
(3, 3, 1)
2
(60, 8)
--> Day : 1
-> Request 0
646
(1, 2, 1)
3
(65, 53)
-> Request 1
792
(3, 3, 2)
2
(57, 31)
-> Request 2
999
(2, 3, 2)
2
(11, 51)
-> Request 3
1092
(3, 3, 2)
3
(59, 68)
-> Request 4
1127
(3, 2, 1)
1
(79, 79)
-> Request 5
1153
(3, 3, 2)
2
(78, 24)
--> Day : 2
-> Request 0
133
(3, 3, 1)
3
(26, 45)
-> Request 1
1391
(2, 2, 2)
3
(50, 28)
--> Day : 3
-> Request 0
815
(4, 3, 2)
1
(51, 44)
-> Request 1
964
(4, 3, 2)
2
(47, 31)
-> Request 2
1024
(3, 2, 2)
2
(31, 67)
-> Request 3
1062
(4, 2, 2)
3
(44, 71)
-> Request 4
1293
(2, 3, 1)
2
(63, 34)
-> Request 5
1395
(3, 2, 2)
2
(12, 79)
--> Day : 4
-> Request 0
41
(2, 3, 1)
1
(47, 29)
-> Request 1
49
(4, 3, 2)
3
(2, 54)
-> Request 2
59
(2, 3, 1)
2
(10, 69)
-> Request 3
60
(2, 3, 1)
2
(66, 36)
-> Request 4
222
(4, 3, 1)
2
(5, 12)
-> Request 5
226
(2, 2, 1)
1
(42, 37)
-> Request 6
266
(3, 3, 2)
2
(34, 45)
-> Request 7
361
(4, 3, 1)
3
(73, 73)
-> Request 8
504
(4, 3, 1)
1
(24, 10)
-> Request 9
567
(3, 3, 2)
3
(72, 55)
-> Request 10
574
(2, 2, 1)
3
(3, 7)
-> Request 11
619
(4, 3, 2)
3
(47, 66)
-> Request 12
621
(4, 2, 2)
1
(63, 73)
-> Request 13
739
(4, 3, 2)
3
(12, 13)
-> Request 14
781
(2, 3, 1)
1
(13, 16)
-> Request 15
867
(4, 2, 2)
1
(28, 12)
-> Request 16
882
(1, 3, 2)
3
(54, 13)
-> Request 17
1048
(2, 3, 2)
3
(42, 19)
-> Request 18
1162
(3, 3, 1)
2
(77, 5)
-> Request 19
1167
(4, 1, 2)
2
(39, 22)
-> Request 20
1169
(2, 3, 1)
3
(10, 54)
-> Request 21
1169
(4, 3, 2)
2
(50, 9)
-> Request 22
1324
(3, 3, 1)
2
(54, 11)
---> Week : 11
--> Day : 0
-> Request 0
123
(3, 3, 1)
3
(59, 12)
-> Request 1
409
(4, 3, 2)
1
(26, 49)
-> Request 2
724
(4, 2, 1)
3
(7, 50)
-> Request 3
1076
(4, 3, 2)
2
(56, 67)
-> Request 4
1098
(1, 3, 1)
2
(61, 13)
-> Request 5
1238
(4, 3, 1)
2
(3, 53)
--> Day : 1
-> Request 0
252
(2, 3, 2)
2
(66, 65)
-> Request 1
290
(4, 3, 1)
2
(39, 46)
-> Request 2
296
(2, 2, 2)
3
(40, 23)
-> Request 3
510
(3, 3, 1)
1
(27, 43)
-> Request 4
585
(4, 2, 1)
1
(75, 78)
-> Request 5
884
(1, 3, 2)
2
(37, 37)
-> Request 6
1191
(4, 3, 1)
3
(39, 57)
-> Request 7
1202
(4, 3, 1)
1
(43, 58)
--> Day : 2
-> Request 0
194
(4, 1, 1)
2
(50, 46)
-> Request 1
405
(3, 1, 1)
2
(70, 36)
-> Request 2
491
(4, 3, 2)
2
(72, 68)
-> Request 3
633
(4, 3, 1)
2
(32, 54)
-> Request 4
789
(4, 3, 1)
1
(29, 39)
-> Request 5
1003
(3, 3, 1)
3
(40, 73)
-> Request 6
1160
(4, 3, 1)
3
(28, 27)
-> Request 7
1405
(4, 1, 2)
1
(31, 2)
--> Day : 3
-> Request 0
236
(4, 2, 1)
2
(63, 40)
-> Request 1
569
(2, 3, 2)
3
(29, 37)
-> Request 2
833
(3, 3, 1)
1
(76, 58)
-> Request 3
1010
(3, 3, 2)
1
(72, 67)
-> Request 4
1152
(4, 2, 1)
1
(71, 67)
-> Request 5
1319
(3, 3, 2)
1
(50, 74)
--> Day : 4
-> Request 0
371
(4, 3, 1)
1
(56, 63)
-> Request 1
468
(3, 3, 2)
3
(64, 51)
-> Request 2
784
(4, 3, 2)
3
(16, 1)
-> Request 3
1082
(3, 3, 1)
1
(35, 45)
-> Request 4
1241
(4, 2, 2)
3
(8, 1)
-> Request 5
1402
(4, 2, 2)
2
(23, 74)
---> Week : 12
--> Day : 0
-> Request 0
389
(3, 3, 2)
2
(71, 20)
-> Request 1
584
(4, 2, 1)
1
(51, 23)
-> Request 2
624
(4, 2, 2)
1
(28, 21)
-> Request 3
704
(2, 3, 1)
2
(76, 40)
-> Request 4
722
(4, 3, 1)
3
(35, 58)
-> Request 5
774
(3, 2, 1)
3
(12, 50)
-> Request 6
929
(2, 3, 2)
1
(34, 25)
-> Request 7
1251
(4, 2, 2)
1
(74, 2)
-> Request 8
1353
(3, 3, 1)
2
(67, 2)
--> Day : 1
-> Request 0
77
(2, 3, 2)
3
(69, 22)
-> Request 1
150
(4, 3, 1)
1
(59, 74)
-> Request 2
165
(3, 2, 1)
1
(35, 53)
-> Request 3
198
(4, 3, 2)
2
(35, 38)
-> Request 4
400
(3, 3, 2)
3
(44, 59)
-> Request 5
581
(4, 2, 2)
3
(6, 20)
-> Request 6
757
(4, 2, 2)
1
(5, 56)
-> Request 7
781
(4, 3, 2)
1
(45, 14)
-> Request 8
830
(4, 2, 2)
1
(62, 18)
-> Request 9
899
(3, 3, 1)
2
(63, 29)
-> Request 10
935
(3, 2, 1)
2
(30, 77)
-> Request 11
979
(4, 1, 2)
1
(36, 46)
-> Request 12
1165
(4, 3, 2)
2
(62, 3)
-> Request 13
1362
(4, 3, 2)
2
(2, 79)
--> Day : 2
-> Request 0
304
(4, 3, 2)
1
(68, 31)
-> Request 1
312
(3, 3, 1)
1
(52, 9)
-> Request 2
340
(2, 2, 2)
1
(65, 16)
-> Request 3
361
(3, 3, 1)
2
(72, 75)
-> Request 4
394
(4, 3, 1)
2
(22, 14)
-> Request 5
461
(4, 2, 2)
1
(24, 4)
-> Request 6
461
(2, 3, 2)
1
(4, 2)
-> Request 7
503
(2, 3, 2)
2
(40, 54)
-> Request 8
508
(3, 3, 2)
1
(25, 31)
-> Request 9
577
(4, 3, 1)
3
(6, 76)
-> Request 10
656
(4, 2, 1)
1
(15, 49)
-> Request 11
663
(3, 3, 2)
3
(45, 7)
-> Request 12
964
(3, 3, 2)
2
(36, 4)
-> Request 13
1118
(4, 3, 1)
3
(59, 55)
-> Request 14
1136
(2, 3, 1)
2
(0, 53)
-> Request 15
1149
(2, 2, 2)
1
(42, 79)
-> Request 16
1208
(4, 3, 1)
1
(39, 50)
-> Request 17
1256
(3, 2, 1)
3
(6, 17)
--> Day : 3
-> Request 0
495
(3, 3, 2)
1
(24, 24)
-> Request 1
907
(3, 1, 1)
2
(77, 62)
-> Request 2
946
(3, 3, 1)
3
(41, 27)
-> Request 3
982
(2, 2, 2)
1
(76, 29)
-> Request 4
1049
(3, 2, 2)
1
(33, 5)
-> Request 5
1121
(3, 2, 2)
1
(28, 9)
-> Request 6
1141
(4, 3, 1)
3
(18, 77)
-> Request 7
1288
(3, 2, 1)
3
(22, 57)
-> Request 8
1303
(4, 3, 2)
3
(33, 18)
-> Request 9
1395
(4, 2, 1)
2
(16, 45)
--> Day : 4
-> Request 0
7
(4, 2, 1)
3
(23, 27)
-> Request 1
171
(3, 3, 1)
1
(68, 45)
-> Request 2
204
(1, 2, 1)
1
(53, 29)
-> Request 3
208
(2, 2, 1)
2
(61, 3)
-> Request 4
259
(4, 3, 2)
3
(5, 6)
-> Request 5
299
(4, 3, 2)
1
(33, 72)
-> Request 6
822
(3, 2, 1)
1
(71, 30)
-> Request 7
1086
(4, 3, 2)
3
(13, 46)
-> Request 8
1163
(4, 3, 2)
2
(49, 16)
-> Request 9
1195
(2, 2, 1)
3
(33, 69)
---> Week : 13
--> Day : 0
-> Request 0
26
(4, 3, 1)
2
(0, 41)
-> Request 1
103
(3, 3, 1)
2
(45, 42)
-> Request 2
145
(2, 1, 1)
3
(62, 61)
-> Request 3
460
(3, 2, 2)
3
(77, 39)
-> Request 4
488
(4, 3, 2)
2
(25, 32)
-> Request 5
790
(4, 3, 1)
3
(19, 28)
-> Request 6
1179
(4, 3, 2)
1
(36, 41)
-> Request 7
1361
(4, 2, 1)
1
(28, 48)
--> Day : 1
-> Request 0
86
(3, 2, 1)
3
(52, 10)
-> Request 1
533
(3, 3, 2)
1
(49, 59)
-> Request 2
643
(3, 3, 2)
2
(71, 54)
-> Request 3
751
(4, 3, 1)
1
(58, 52)
-> Request 4
1365
(3, 3, 2)
1
(50, 38)
--> Day : 2
-> Request 0
226
(4, 3, 1)
2
(61, 58)
-> Request 1
234
(3, 2, 1)
1
(23, 69)
-> Request 2
590
(3, 3, 1)
1
(66, 72)
-> Request 3
778
(3, 2, 2)
3
(72, 19)
-> Request 4
844
(2, 3, 1)
2
(34, 44)
-> Request 5
1109
(4, 3, 1)
1
(39, 65)
--> Day : 3
-> Request 0
15
(3, 1, 1)
3
(37, 27)
-> Request 1
81
(4, 3, 1)
3
(13, 71)
-> Request 2
109
(3, 3, 2)
3
(65, 54)
-> Request 3
813
(4, 3, 2)
2
(63, 8)
-> Request 4
835
(4, 3, 2)
1
(73, 54)
-> Request 5
842
(4, 3, 1)
3
(13, 42)
-> Request 6
1168
(4, 3, 2)
2
(71, 44)
-> Request 7
1251
(4, 3, 2)
3
(57, 72)
-> Request 8
1289
(2, 2, 1)
3
(14, 32)
-> Request 9
1335
(4, 2, 2)
2
(37, 69)
--> Day : 4
-> Request 0
73
(3, 3, 2)
1
(68, 64)
-> Request 1
159
(3, 3, 2)
3
(21, 28)
-> Request 2
284
(3, 3, 1)
1
(18, 14)
-> Request 3
393
(4, 3, 1)
2
(61, 64)
-> Request 4
895
(4, 1, 2)
2
(29, 74)
-> Request 5
905
(2, 3, 2)
3
(14, 53)
-> Request 6
1017
(4, 3, 1)
1
(63, 36)
-> Request 7
1100
(4, 2, 1)
3
(52, 58)
-> Request 8
1272
(4, 3, 1)
3
(5, 33)
---> Week : 14
--> Day : 0
-> Request 0
124
(2, 3, 1)
1
(65, 75)
-> Request 1
510
(3, 3, 1)
2
(6, 28)
-> Request 2
901
(3, 2, 1)
2
(29, 27)
-> Request 3
1269
(4, 3, 1)
2
(30, 29)
-> Request 4
1320
(4, 3, 1)
1
(33, 20)
-> Request 5
1358
(4, 3, 1)
1
(18, 41)
-> Request 6
1375
(3, 2, 1)
2
(14, 59)
--> Day : 1
-> Request 0
393
(3, 2, 1)
2
(48, 60)
-> Request 1
1119
(3, 3, 2)
2
(8, 63)
-> Request 2
1195
(4, 3, 2)
3
(14, 73)
-> Request 3
1206
(2, 3, 2)
1
(72, 55)
-> Request 4
1276
(3, 2, 2)
2
(76, 32)
-> Request 5
1293
(4, 3, 2)
2
(27, 73)
--> Day : 2
-> Request 0
3
(4, 2, 1)
3
(69, 40)
-> Request 1
307
(3, 1, 2)
3
(32, 9)
-> Request 2
468
(2, 3, 2)
2
(77, 0)
-> Request 3
530
(3, 2, 1)
1
(77, 48)
-> Request 4
676
(2, 3, 1)
3
(65, 19)
-> Request 5
708
(3, 2, 1)
1
(59, 48)
-> Request 6
815
(4, 2, 2)
2
(12, 21)
-> Request 7
1092
(4, 2, 2)
1
(13, 29)
-> Request 8
1225
(4, 2, 2)
3
(9, 52)
-> Request 9
1281
(4, 3, 2)
2
(37, 40)
--> Day : 3
-> Request 0
21
(4, 3, 2)
2
(24, 28)
-> Request 1
145
(4, 3, 1)
1
(0, 5)
-> Request 2
369
(4, 3, 1)
2
(19, 63)
-> Request 3
500
(3, 2, 2)
1
(16, 26)
-> Request 4
581
(4, 2, 2)
2
(75, 71)
-> Request 5
781
(4, 3, 2)
1
(11, 68)
-> Request 6
860
(4, 3, 2)
3
(35, 7)
-> Request 7
890
(4, 3, 2)
3
(51, 11)
-> Request 8
956
(3, 3, 1)
3
(16, 31)
-> Request 9
1121
(4, 3, 1)
3
(65, 79)
-> Request 10
1395
(2, 3, 1)
1
(73, 13)
--> Day : 4
-> Request 0
292
(3, 2, 2)
1
(20, 50)
-> Request 1
392
(4, 3, 2)
2
(14, 34)
-> Request 2
553
(3, 3, 2)
2
(40, 76)
-> Request 3
558
(2, 2, 2)
1
(41, 33)
-> Request 4
641
(3, 2, 2)
2
(6, 32)
-> Request 5
719
(4, 2, 2)
2
(29, 39)
-> Request 6
724
(3, 1, 1)
3
(71, 8)
-> Request 7
779
(3, 2, 1)
1
(62, 38)
-> Request 8
1114
(3, 3, 1)
2
(21, 65)
-> Request 9
1258
(3, 2, 2)
1
(30, 2)
-> Request 10
1308
(4, 3, 2)
3
(9, 32)
---> Week : 15
--> Day : 0
-> Request 0
38
(3, 3, 2)
2
(42, 48)
-> Request 1
193
(3, 2, 2)
3
(16, 78)
-> Request 2
244
(4, 3, 1)
2
(37, 29)
-> Request 3
261
(2, 3, 1)
3
(51, 66)
-> Request 4
455
(4, 2, 1)
2
(3, 17)
-> Request 5
514
(2, 3, 1)
1
(60, 62)
-> Request 6
524
(4, 3, 1)
1
(79, 35)
-> Request 7
979
(3, 3, 1)
3
(32, 17)
-> Request 8
1115
(2, 3, 2)
1
(39, 48)
-> Request 9
1146
(4, 3, 2)
1
(64, 36)
-> Request 10
1225
(3, 3, 1)
3
(10, 5)
--> Day : 1
-> Request 0
365
(4, 3, 2)
3
(5, 9)
-> Request 1
491
(2, 3, 1)
3
(56, 14)
-> Request 2
548
(3, 3, 1)
2
(46, 71)
-> Request 3
746
(4, 3, 1)
2
(79, 36)
-> Request 4
753
(4, 3, 2)
2
(30, 50)
-> Request 5
816
(1, 3, 2)
2
(61, 46)
-> Request 6
986
(4, 1, 2)
3
(64, 39)
-> Request 7
1067
(4, 3, 2)
3
(1, 25)
-> Request 8
1085
(4, 3, 1)
3
(67, 78)
-> Request 9
1258
(4, 2, 1)
3
(34, 75)
-> Request 10
1361
(4, 2, 1)
1
(3, 12)
-> Request 11
1424
(4, 2, 1)
1
(24, 67)
--> Day : 2
-> Request 0
69
(4, 1, 1)
1
(8, 41)
-> Request 1
273
(4, 3, 2)
2
(34, 47)
-> Request 2
290
(3, 3, 2)
1
(54, 61)
-> Request 3
381
(4, 3, 1)
3
(40, 50)
-> Request 4
505
(4, 2, 1)
2
(71, 73)
-> Request 5
619
(3, 3, 1)
1
(18, 30)
-> Request 6
639
(3, 2, 2)
1
(17, 42)
-> Request 7
733
(4, 2, 2)
2
(66, 15)
-> Request 8
798
(4, 3, 2)
2
(52, 36)
-> Request 9
1004
(3, 3, 1)
2
(21, 35)
-> Request 10
1072
(4, 3, 2)
2
(0, 32)
-> Request 11
1074
(4, 2, 2)
3
(79, 31)
-> Request 12
1226
(4, 2, 2)
1
(9, 78)
-> Request 13
1231
(3, 3, 1)
1
(40, 64)
-> Request 14
1301
(4, 3, 2)
3
(4, 45)
--> Day : 3
-> Request 0
90
(4, 3, 1)
1
(72, 48)
-> Request 1
229
(4, 3, 1)
3
(7, 40)
-> Request 2
319
(3, 3, 1)
3
(44, 30)
-> Request 3
401
(3, 2, 1)
2
(32, 53)
-> Request 4
930
(2, 2, 2)
2
(58, 63)
-> Request 5
1028
(3, 3, 2)
2
(75, 55)
-> Request 6
1173
(2, 3, 1)
3
(32, 79)
-> Request 7
1328
(4, 3, 2)
3
(33, 19)
-> Request 8
1397
(2, 2, 2)
3
(19, 27)
--> Day : 4
-> Request 0
168
(4, 3, 2)
1
(66, 55)
-> Request 1
238
(4, 3, 2)
2
(46, 20)
-> Request 2
347
(2, 2, 2)
2
(27, 72)
-> Request 3
444
(4, 3, 2)
1
(27, 16)
-> Request 4
720
(4, 3, 2)
2
(0, 52)
-> Request 5
845
(3, 2, 1)
3
(33, 11)
-> Request 6
1061
(1, 3, 2)
1
(55, 1)
-> Request 7
1062
(3, 3, 2)
3
(44, 25)
-> Request 8
1152
(2, 3, 2)
1
(77, 25)
---> Week : 16
--> Day : 0
-> Request 0
75
(4, 3, 1)
3
(13, 60)
-> Request 1
435
(3, 3, 1)
2
(45, 17)
-> Request 2
545
(3, 2, 1)
3
(68, 71)
-> Request 3
595
(4, 3, 2)
1
(25, 37)
-> Request 4
929
(4, 1, 2)
2
(46, 32)
-> Request 5
1122
(3, 3, 1)
1
(69, 32)
-> Request 6
1241
(3, 3, 1)
3
(12, 21)
-> Request 7
1251
(4, 2, 2)
1
(13, 5)
-> Request 8
1318
(1, 3, 1)
3
(58, 77)
--> Day : 1
-> Request 0
47
(3, 2, 2)
1
(47, 35)
-> Request 1
243
(2, 3, 1)
1
(59, 57)
-> Request 2
620
(4, 2, 1)
2
(34, 43)
-> Request 3
640
(2, 2, 2)
1
(48, 78)
-> Request 4
1406
(4, 3, 1)
1
(34, 21)
--> Day : 2
-> Request 0
123
(2, 2, 1)
2
(42, 64)
-> Request 1
426
(3, 2, 1)
2
(46, 41)
-> Request 2
446
(2, 3, 2)
3
(21, 56)
-> Request 3
579
(4, 3, 1)
3
(17, 8)
-> Request 4
713
(3, 1, 1)
2
(37, 50)
-> Request 5
993
(4, 2, 1)
1
(5, 60)
-> Request 6
1014
(4, 3, 2)
3
(70, 59)
-> Request 7
1142
(1, 2, 1)
2
(13, 76)
-> Request 8
1195
(3, 3, 1)
1
(37, 75)
--> Day : 3
-> Request 0
322
(4, 3, 1)
1
(12, 48)
-> Request 1
660
(3, 3, 2)
3
(65, 32)
-> Request 2
687
(3, 2, 1)
2
(65, 53)
-> Request 3
714
(3, 2, 2)
2
(19, 15)
-> Request 4
796
(4, 3, 1)
1
(10, 29)
-> Request 5
993
(1, 3, 2)
1
(31, 29)
-> Request 6
1014
(4, 3, 2)
3
(15, 66)
-> Request 7
1160
(4, 3, 2)
1
(2, 53)
--> Day : 4
-> Request 0
34
(3, 3, 2)
1
(67, 18)
-> Request 1
244
(4, 1, 1)
1
(26, 28)
-> Request 2
667
(2, 2, 1)
2
(40, 34)
-> Request 3
694
(4, 3, 2)
3
(19, 43)
-> Request 4
819
(3, 3, 1)
3
(26, 52)
-> Request 5
923
(2, 2, 1)
2
(70, 68)
-> Request 6
950
(3, 3, 1)
1
(50, 60)
-> Request 7
980
(3, 3, 1)
1
(67, 12)
-> Request 8
997
(3, 3, 2)
2
(76, 0)
-> Request 9
1025
(3, 2, 2)
2
(38, 31)
-> Request 10
1129
(3, 2, 1)
1
(48, 18)
-> Request 11
1298
(4, 3, 1)
3
(63, 5)
-> Request 12
1351
(1, 3, 1)
2
(21, 12)
---> Week : 17
--> Day : 0
-> Request 0
55
(1, 3, 1)
3
(1, 70)
-> Request 1
311
(2, 3, 2)
3
(33, 65)
-> Request 2
364
(4, 3, 1)
1
(60, 37)
-> Request 3
409
(4, 2, 1)
2
(16, 69)
-> Request 4
647
(4, 2, 1)
2
(55, 19)
-> Request 5
748
(1, 2, 1)
1
(31, 69)
-> Request 6
804
(1, 3, 2)
2
(10, 57)
-> Request 7
949
(4, 3, 1)
3
(15, 40)
-> Request 8
1247
(2, 2, 1)
3
(16, 41)
-> Request 9
1365
(4, 2, 1)
3
(11, 72)
--> Day : 1
-> Request 0
23
(3, 2, 2)
2
(32, 1)
-> Request 1
75
(4, 2, 1)
3
(66, 20)
-> Request 2
85
(4, 3, 1)
1
(64, 76)
-> Request 3
202
(4, 2, 2)
1
(9, 66)
-> Request 4
315
(4, 1, 1)
1
(30, 47)
-> Request 5
378
(4, 3, 1)
2
(57, 48)
-> Request 6
492
(3, 3, 1)
1
(73, 17)
-> Request 7
744
(4, 1, 2)
1
(11, 26)
-> Request 8
787
(3, 3, 1)
1
(44, 19)
-> Request 9
798
(4, 3, 2)
2
(66, 63)
-> Request 10
870
(4, 2, 2)
2
(8, 35)
-> Request 11
1130
(2, 3, 2)
2
(35, 8)
-> Request 12
1138
(4, 2, 2)
1
(18, 15)
-> Request 13
1349
(4, 2, 1)
2
(21, 45)
--> Day : 2
-> Request 0
191
(3, 2, 2)
2
(77, 0)
-> Request 1
578
(4, 3, 1)
1
(46, 6)
-> Request 2
601
(3, 2, 1)
1
(64, 77)
-> Request 3
731
(3, 1, 2)
2
(32, 7)
-> Request 4
970
(3, 2, 1)
2
(68, 2)
-> Request 5
997
(3, 2, 1)
3
(58, 30)
-> Request 6
1195
(4, 3, 1)
2
(76, 9)
-> Request 7
1218
(2, 2, 2)
1
(0, 64)
--> Day : 3
-> Request 0
566
(3, 3, 2)
3
(28, 67)
-> Request 1
731
(4, 2, 1)
2
(54, 11)
-> Request 2
768
(2, 3, 2)
3
(42, 22)
-> Request 3
978
(3, 3, 1)
1
(52, 3)
-> Request 4
1062
(1, 3, 1)
1
(43, 60)
--> Day : 4
-> Request 0
472
(4, 2, 2)
3
(71, 53)
-> Request 1
1329
(4, 3, 1)
3
(61, 18)
-> Request 2
1423
(4, 3, 2)
2
(76, 62)
---> Week : 18
--> Day : 0
-> Request 0
295
(4, 3, 2)
2
(77, 57)
-> Request 1
733
(2, 2, 2)
2
(72, 79)
-> Request 2
743
(4, 2, 1)
2
(57, 23)
-> Request 3
752
(3, 2, 2)
3
(70, 8)
-> Request 4
828
(4, 2, 1)
1
(32, 68)
-> Request 5
829
(4, 3, 2)
1
(43, 37)
-> Request 6
837
(3, 3, 1)
3
(26, 49)
-> Request 7
1410
(4, 3, 1)
3
(28, 51)
--> Day : 1
-> Request 0
329
(1, 2, 2)
1
(66, 22)
-> Request 1
455
(4, 3, 1)
2
(12, 64)
-> Request 2
765
(4, 3, 1)
2
(39, 9)
-> Request 3
912
(4, 3, 1)
1
(13, 68)
-> Request 4
929
(4, 3, 1)
3
(42, 3)
-> Request 5
1140
(4, 3, 2)
1
(56, 78)
-> Request 6
1222
(2, 3, 1)
3
(45, 26)
-> Request 7
1410
(4, 3, 2)
1
(55, 7)
--> Day : 2
-> Request 0
136
(4, 2, 2)
2
(66, 11)
-> Request 1
167
(3, 3, 2)
3
(78, 69)
-> Request 2
1075
(4, 3, 1)
2
(48, 75)
-> Request 3
1126
(3, 3, 1)
1
(2, 79)
-> Request 4
1359
(1, 3, 1)
2
(72, 10)
-> Request 5
1429
(4, 1, 1)
2
(19, 51)
--> Day : 3
-> Request 0
336
(3, 2, 1)
1
(2, 66)
-> Request 1
426
(4, 3, 1)
1
(3, 70)
-> Request 2
666
(4, 3, 1)
2
(22, 72)
-> Request 3
674
(4, 3, 1)
3
(46, 75)
-> Request 4
863
(4, 2, 2)
1
(78, 64)
-> Request 5
1249
(2, 2, 2)
3
(47, 70)
-> Request 6
1405
(4, 3, 1)
1
(59, 36)
-> Request 7
1416
(4, 2, 1)
2
(33, 42)
-> Request 8
1421
(3, 2, 2)
2
(45, 46)
--> Day : 4
-> Request 0
99
(2, 1, 2)
1
(31, 25)
-> Request 1
122
(3, 2, 1)
3
(46, 2)
-> Request 2
180
(2, 2, 2)
3
(64, 48)
-> Request 3
207
(3, 2, 1)
2
(57, 1)
-> Request 4
360
(4, 2, 1)
2
(12, 47)
-> Request 5
463
(4, 3, 1)
1
(57, 28)
-> Request 6
470
(4, 2, 1)
3
(42, 59)
-> Request 7
503
(4, 2, 1)
1
(55, 20)
-> Request 8
647
(4, 2, 2)
2
(3, 58)
-> Request 9
721
(4, 3, 1)
3
(58, 27)
-> Request 10
969
(2, 2, 2)
1
(79, 67)
-> Request 11
1000
(4, 3, 2)
3
(18, 13)
-> Request 12
1032
(4, 3, 2)
1
(41, 48)
-> Request 13
1095
(4, 2, 2)
2
(71, 14)
-> Request 14
1158
(4, 3, 2)
1
(11, 8)
-> Request 15
1176
(3, 3, 2)
3
(14, 0)
-> Request 16
1296
(2, 2, 2)
2
(4, 21)
-> Request 17
1379
(4, 3, 1)
3
(68, 2)
-> Request 18
1410
(2, 2, 1)
1
(35, 49)
---> Week : 19
--> Day : 0
-> Request 0
43
(4, 3, 2)
1
(3, 71)
-> Request 1
92
(4, 2, 2)
3
(53, 13)
-> Request 2
179
(4, 3, 2)
3
(78, 57)
-> Request 3
191
(3, 2, 1)
2
(8, 16)
-> Request 4
438
(4, 1, 1)
1
(10, 37)
-> Request 5
441
(4, 3, 2)
2
(24, 0)
-> Request 6
495
(4, 2, 2)
1
(17, 46)
-> Request 7
606
(1, 2, 2)
3
(29, 48)
-> Request 8
891
(4, 3, 1)
1
(69, 41)
-> Request 9
1159
(3, 3, 1)
1
(3, 31)
-> Request 10
1375
(4, 3, 2)
2
(15, 54)
-> Request 11
1398
(3, 2, 2)
2
(72, 4)
--> Day : 1
-> Request 0
79
(4, 3, 2)
2
(4, 0)
-> Request 1
644
(2, 2, 2)
1
(20, 66)
-> Request 2
767
(4, 3, 1)
1
(44, 63)
-> Request 3
773
(4, 3, 1)
3
(65, 11)
-> Request 4
1080
(4, 2, 2)
2
(67, 16)
-> Request 5
1112
(4, 3, 2)
2
(6, 54)
-> Request 6
1275
(4, 2, 1)
3
(32, 8)
-> Request 7
1416
(4, 3, 2)
3
(70, 34)
--> Day : 2
-> Request 0
45
(4, 2, 1)
1
(44, 12)
-> Request 1
68
(4, 2, 2)
1
(64, 56)
-> Request 2
274
(4, 3, 1)
3
(51, 79)
-> Request 3
478
(3, 2, 1)
2
(74, 68)
-> Request 4
599
(4, 3, 1)
3
(11, 66)
-> Request 5
688
(1, 2, 1)
1
(31, 54)
-> Request 6
930
(4, 2, 2)
3
(6, 29)
-> Request 7
1056
(4, 2, 1)
3
(15, 23)
-> Request 8
1071
(4, 3, 1)
2
(11, 65)
-> Request 9
1133
(4, 2, 1)
1
(2, 50)
-> Request 10
1256
(4, 3, 1)
3
(29, 1)
-> Request 11
1274
(4, 3, 2)
1
(33, 35)
--> Day : 3
-> Request 0
209
(2, 2, 1)
1
(64, 20)
-> Request 1
318
(4, 3, 2)
1
(61, 10)
-> Request 2
619
(4, 3, 1)
2
(35, 65)
-> Request 3
738
(2, 2, 2)
1
(60, 76)
-> Request 4
790
(3, 3, 2)
2
(8, 36)
-> Request 5
1167
(2, 3, 2)
1
(16, 65)
-> Request 6
1168
(1, 3, 2)
3
(55, 24)
-> Request 7
1189
(4, 2, 1)
1
(37, 24)
-> Request 8
1328
(4, 2, 2)
1
(34, 5)
-> Request 9
1399
(3, 2, 2)
1
(51, 1)
--> Day : 4
-> Request 0
6
(4, 2, 1)
3
(30, 17)
-> Request 1
383
(4, 2, 1)
1
(69, 25)
-> Request 2
412
(3, 2, 1)
3
(79, 79)
-> Request 3
452
(4, 2, 2)
1
(39, 54)
-> Request 4
931
(3, 3, 1)
3
(4, 23)
-> Request 5
1305
(3, 3, 2)
3
(67, 63)
-> Request 6
1379
(3, 2, 2)
1
(34, 7)
-> Request 7
1410
(3, 1, 2)
1
(68, 64)
