---> Week : 0
--> Day : 0
-> Request 0
275
(3, 3, 1)
3
(78, 53)
-> Request 1
450
(3, 3, 2)
1
(32, 45)
-> Request 2
482
(4, 3, 2)
3
(56, 51)
-> Request 3
495
(4, 3, 2)
2
(76, 57)
-> Request 4
505
(3, 1, 2)
3
(40, 50)
-> Request 5
661
(4, 2, 1)
1
(30, 20)
-> Request 6
925
(4, 3, 1)
2
(34, 71)
-> Request 7
983
(4, 3, 2)
1
(16, 34)
-> Request 8
1115
(2, 2, 1)
3
(10, 30)
--> Day : 1
-> Request 0
142
(3, 3, 2)
2
(20, 53)
-> Request 1
555
(3, 3, 2)
2
(44, 36)
-> Request 2
556
(4, 3, 2)
3
(35, 5)
-> Request 3
563
(3, 3, 1)
2
(73, 46)
-> Request 4
798
(4, 3, 2)
2
(12, 42)
-> Request 5
875
(4, 2, 1)
3
(71, 45)
-> Request 6
1023
(2, 2, 1)
2
(45, 46)
-> Request 7
1435
(2, 3, 2)
3
(65, 64)
-> Request 8
1437
(4, 3, 2)
2
(42, 6)
--> Day : 2
-> Request 0
5
(3, 3, 1)
3
(4, 8)
-> Request 1
283
(3, 3, 1)
2
(72, 20)
-> Request 2
434
(4, 3, 2)
1
(63, 47)
-> Request 3
713
(4, 3, 1)
3
(44, 17)
-> Request 4
833
(1, 3, 1)
3
(64, 25)
-> Request 5
908
(4, 1, 1)
3
(31, 76)
-> Request 6
993
(2, 3, 1)
3
(31, 23)
-> Request 7
1125
(3, 2, 1)
3
(37, 70)
-> Request 8
1167
(4, 3, 1)
3
(38, 59)
-> Request 9
1372
(3, 3, 2)
1
(78, 35)
--> Day : 3
-> Request 0
216
(3, 3, 2)
1
(52, 70)
-> Request 1
245
(3, 3, 2)
1
(68, 53)
-> Request 2
284
(4, 3, 2)
2
(45, 37)
-> Request 3
400
(3, 3, 1)
1
(49, 76)
-> Request 4
582
(2, 3, 2)
2
(74, 34)
-> Request 5
592
(3, 3, 2)
2
(35, 13)
-> Request 6
759
(4, 2, 2)
1
(33, 55)
-> Request 7
1309
(4, 2, 1)
3
(21, 21)
--> Day : 4
-> Request 0
78
(2, 3, 2)
2
(50, 18)
-> Request 1
691
(4, 2, 2)
3
(60, 33)
-> Request 2
747
(4, 2, 2)
3
(56, 70)
-> Request 3
845
(2, 3, 2)
3
(58, 40)
-> Request 4
949
(3, 3, 1)
3
(9, 54)
-> Request 5
967
(3, 2, 1)
3
(38, 79)
-> Request 6
980
(1, 3, 1)
2
(21, 35)
-> Request 7
1160
(3, 3, 2)
3
(77, 13)
-> Request 8
1187
(2, 3, 2)
1
(39, 11)
---> Week : 1
--> Day : 0
-> Request 0
73
(4, 3, 2)
2
(79, 61)
-> Request 1
79
(3, 2, 1)
2
(5, 33)
-> Request 2
128
(3, 3, 1)
1
(77, 66)
-> Request 3
137
(3, 3, 2)
1
(37, 34)
-> Request 4
226
(4, 1, 2)
1
(66, 38)
-> Request 5
268
(2, 3, 2)
2
(5, 29)
-> Request 6
515
(3, 2, 1)
1
(34, 1)
-> Request 7
613
(4, 2, 1)
3
(63, 40)
-> Request 8
790
(1, 2, 2)
1
(14, 39)
-> Request 9
1026
(4, 3, 1)
3
(12, 76)
-> Request 10
1028
(3, 2, 2)
3
(16, 15)
-> Request 11
1185
(4, 3, 2)
1
(43, 64)
-> Request 12
1358
(2, 2, 1)
2
(50, 72)
--> Day : 1
-> Request 0
25
(4, 3, 1)
1
(55, 9)
-> Request 1
409
(3, 2, 2)
3
(30, 2)
-> Request 2
943
(1, 2, 2)
3
(39, 14)
-> Request 3
970
(3, 3, 2)
1
(47, 43)
-> Request 4
1253
(3, 2, 2)
3
(7, 17)
-> Request 5
1314
(4, 2, 2)
1
(76, 28)
-> Request 6
1320
(4, 2, 1)
3
(63, 33)
-> Request 7
1417
(2, 3, 1)
2
(76, 70)
--> Day : 2
-> Request 0
188
(4, 2, 1)
2
(48, 69)
-> Request 1
218
(4, 2, 1)
1
(18, 58)
-> Request 2
322
(3, 2, 2)
1
(66, 65)
-> Request 3
328
(2, 3, 2)
3
(7, 56)
-> Request 4
939
(4, 3, 2)
1
(63, 50)
-> Request 5
1301
(4, 2, 2)
1
(35, 49)
--> Day : 3
-> Request 0
131
(4, 2, 1)
3
(34, 54)
-> Request 1
280
(3, 2, 1)
3
(63, 69)
-> Request 2
437
(1, 3, 2)
1
(42, 42)
-> Request 3
705
(3, 3, 1)
3
(42, 78)
-> Request 4
917
(4, 2, 1)
1
(24, 73)
-> Request 5
1078
(2, 2, 2)
2
(34, 1)
--> Day : 4
-> Request 0
112
(2, 3, 1)
3
(13, 14)
-> Request 1
118
(4, 3, 2)
1
(1, 2)
-> Request 2
142
(4, 3, 2)
2
(54, 28)
-> Request 3
398
(3, 3, 2)
2
(62, 47)
-> Request 4
738
(3, 3, 1)
1
(31, 32)
-> Request 5
852
(1, 3, 2)
1
(30, 31)
-> Request 6
922
(3, 3, 1)
2
(39, 51)
-> Request 7
1120
(4, 3, 2)
1
(76, 5)
-> Request 8
1373
(4, 2, 2)
1
(27, 42)
-> Request 9
1415
(2, 3, 1)
3
(31, 16)
---> Week : 2
--> Day : 0
-> Request 0
107
(3, 3, 2)
1
(30, 27)
-> Request 1
113
(4, 3, 1)
1
(40, 27)
-> Request 2
392
(3, 2, 2)
1
(51, 19)
-> Request 3
600
(4, 3, 2)
2
(24, 63)
-> Request 4
624
(4, 2, 1)
2
(27, 5)
-> Request 5
688
(4, 2, 2)
3
(21, 31)
-> Request 6
735
(3, 2, 2)
2
(73, 61)
-> Request 7
1356
(2, 2, 2)
1
(39, 23)
--> Day : 1
-> Request 0
439
(3, 3, 2)
2
(78, 5)
-> Request 1
458
(3, 3, 2)
2
(26, 14)
-> Request 2
487
(2, 3, 2)
1
(15, 68)
-> Request 3
580
(3, 3, 1)
3
(52, 72)
-> Request 4
835
(3, 2, 1)
1
(75, 60)
-> Request 5
1004
(2, 2, 2)
3
(69, 56)
-> Request 6
1103
(1, 2, 1)
3
(31, 78)
-> Request 7
1150
(3, 2, 2)
1
(28, 43)
-> Request 8
1150
(4, 3, 2)
1
(33, 44)
-> Request 9
1176
(4, 3, 1)
1
(59, 12)
-> Request 10
1304
(2, 2, 2)
2
(26, 19)
-> Request 11
1401
(2, 3, 2)
1
(20, 67)
-> Request 12
1430
(4, 2, 2)
2
(44, 78)
--> Day : 2
-> Request 0
64
(2, 3, 2)
3
(8, 50)
-> Request 1
209
(2, 2, 2)
1
(60, 40)
-> Request 2
823
(4, 3, 2)
2
(36, 38)
-> Request 3
1031
(1, 2, 1)
2
(57, 8)
-> Request 4
1044
(4, 2, 2)
1
(57, 48)
-> Request 5
1149
(4, 3, 2)
3
(41, 59)
-> Request 6
1195
(4, 3, 1)
3
(15, 75)
-> Request 7
1255
(3, 2, 1)
3
(62, 43)
-> Request 8
1326
(4, 3, 1)
2
(67, 17)
--> Day : 3
-> Request 0
100
(3, 2, 1)
2
(33, 47)
-> Request 1
216
(4, 3, 2)
3
(10, 29)
-> Request 2
249
(4, 3, 1)
2
(26, 3)
-> Request 3
358
(1, 2, 1)
2
(38, 27)
-> Request 4
562
(3, 1, 2)
2
(7, 1)
-> Request 5
797
(2, 3, 2)
2
(8, 40)
-> Request 6
958
(4, 2, 1)
2
(17, 56)
-> Request 7
987
(4, 3, 1)
2
(55, 43)
-> Request 8
1019
(2, 3, 1)
3
(22, 18)
--> Day : 4
-> Request 0
1
(4, 3, 2)
3
(10, 69)
-> Request 1
19
(2, 2, 2)
3
(24, 72)
-> Request 2
233
(4, 3, 2)
3
(5, 35)
-> Request 3
448
(4, 3, 1)
3
(9, 18)
-> Request 4
614
(3, 2, 2)
3
(22, 56)
-> Request 5
625
(3, 3, 2)
1
(56, 63)
-> Request 6
797
(4, 3, 2)
1
(28, 15)
-> Request 7
804
(3, 3, 1)
3
(36, 69)
-> Request 8
880
(4, 2, 1)
2
(23, 2)
-> Request 9
954
(3, 3, 2)
1
(39, 56)
-> Request 10
1023
(4, 3, 2)
3
(65, 5)
-> Request 11
1143
(2, 3, 2)
2
(39, 75)
-> Request 12
1414
(4, 3, 1)
2
(36, 17)
---> Week : 3
--> Day : 0
-> Request 0
107
(3, 3, 2)
2
(24, 52)
-> Request 1
132
(2, 2, 1)
1
(9, 15)
-> Request 2
570
(4, 2, 2)
3
(21, 2)
-> Request 3
654
(4, 2, 1)
2
(18, 60)
-> Request 4
698
(4, 3, 1)
1
(12, 46)
-> Request 5
826
(4, 3, 1)
3
(16, 76)
-> Request 6
907
(3, 3, 1)
1
(33, 8)
-> Request 7
984
(4, 3, 2)
2
(47, 46)
-> Request 8
1268
(4, 1, 1)
3
(40, 77)
-> Request 9
1306
(2, 3, 2)
1
(76, 16)
-> Request 10
1328
(4, 3, 1)
1
(77, 46)
-> Request 11
1382
(4, 2, 2)
1
(32, 7)
--> Day : 1
-> Request 0
15
(4, 3, 1)
3
(69, 75)
-> Request 1
284
(4, 2, 1)
2
(63, 60)
-> Request 2
587
(4, 2, 2)
1
(48, 61)
-> Request 3
1023
(3, 1, 1)
2
(59, 72)
-> Request 4
1068
(4, 3, 2)
3
(73, 38)
-> Request 5
1082
(4, 2, 1)
1
(76, 46)
-> Request 6
1205
(4, 3, 2)
2
(79, 31)
-> Request 7
1437
(3, 3, 1)
2
(66, 2)
--> Day : 2
-> Request 0
598
(3, 3, 1)
2
(23, 37)
-> Request 1
602
(4, 2, 1)
1
(70, 17)
-> Request 2
649
(4, 3, 2)
1
(28, 4)
-> Request 3
688
(4, 2, 2)
1
(9, 47)
-> Request 4
705
(4, 3, 1)
3
(45, 75)
-> Request 5
732
(4, 2, 1)
3
(47, 41)
-> Request 6
999
(2, 3, 2)
2
(15, 7)
-> Request 7
1121
(4, 2, 2)
1
(16, 63)
-> Request 8
1238
(4, 3, 1)
3
(9, 29)
-> Request 9
1340
(2, 3, 2)
3
(57, 34)
-> Request 10
1346
(4, 2, 1)
2
(61, 56)
--> Day : 3
-> Request 0
67
(3, 3, 2)
3
(78, 69)
-> Request 1
121
(4, 3, 2)
1
(25, 40)
-> Request 2
146
(3, 3, 2)
3
(48, 59)
-> Request 3
189
(2, 3, 2)
1
(78, 35)
-> Request 4
310
(4, 3, 2)
1
(26, 58)
-> Request 5
441
(4, 3, 2)
1
(27, 61)
-> Request 6
564
(4, 3, 2)
2
(78, 22)
-> Request 7
643
(4, 3, 1)
2
(54, 42)
-> Request 8
653
(2, 3, 2)
2
(30, 26)
-> Request 9
706
(3, 3, 2)
1
(63, 52)
-> Request 10
1004
(1, 2, 1)
3
(53, 23)
--> Day : 4
-> Request 0
124
(4, 3, 2)
3
(5, 13)
-> Request 1
221
(3, 3, 1)
2
(10, 34)
-> Request 2
293
(3, 3, 2)
1
(33, 28)
-> Request 3
300
(3, 1, 1)
2
(31, 17)
-> Request 4
324
(4, 2, 2)
1
(66, 54)
-> Request 5
331
(1, 3, 1)
1
(43, 75)
-> Request 6
479
(2, 3, 2)
3
(26, 79)
-> Request 7
582
(3, 3, 2)
1
(10, 23)
-> Request 8
1375
(4, 2, 2)
1
(62, 10)
---> Week : 4
--> Day : 0
-> Request 0
57
(4, 2, 1)
1
(65, 18)
-> Request 1
190
(2, 3, 2)
2
(49, 75)
-> Request 2
445
(4, 2, 1)
1
(39, 66)
-> Request 3
454
(3, 2, 1)
3
(23, 48)
-> Request 4
469
(2, 1, 1)
1
(54, 48)
-> Request 5
479
(4, 1, 2)
3
(78, 49)
-> Request 6
767
(1, 2, 1)
2
(78, 46)
-> Request 7
989
(1, 3, 2)
3
(60, 39)
-> Request 8
1154
(2, 3, 1)
3
(50, 2)
-> Request 9
1355
(2, 3, 2)
1
(42, 21)
-> Request 10
1399
(4, 3, 2)
2
(30, 22)
--> Day : 1
-> Request 0
72
(4, 3, 2)
2
(37, 63)
-> Request 1
283
(4, 3, 1)
3
(45, 61)
-> Request 2
363
(4, 2, 2)
3
(22, 50)
-> Request 3
395
(4, 3, 2)
2
(19, 35)
-> Request 4
400
(3, 3, 2)
3
(53, 30)
-> Request 5
490
(3, 3, 1)
1
(39, 2)
-> Request 6
776
(4, 3, 1)
3
(42, 56)
-> Request 7
785
(4, 3, 1)
3
(49, 52)
-> Request 8
850
(2, 3, 1)
3
(46, 19)
-> Request 9
1156
(4, 3, 2)
2
(77, 9)
--> Day : 2
-> Request 0
51
(2, 1, 1)
3
(50, 22)
-> Request 1
64
(4, 2, 2)
1
(79, 12)
-> Request 2
454
(4, 2, 2)
2
(58, 42)
-> Request 3
574
(2, 3, 1)
2
(27, 75)
-> Request 4
667
(4, 1, 1)
1
(66, 27)
-> Request 5
669
(3, 3, 1)
3
(65, 74)
-> Request 6
809
(2, 3, 1)
2
(78, 43)
-> Request 7
814
(4, 3, 1)
3
(63, 68)
-> Request 8
1115
(4, 2, 1)
2
(54, 37)
-> Request 9
1169
(4, 3, 1)
1
(52, 57)
-> Request 10
1317
(4, 2, 2)
3
(31, 66)
--> Day : 3
-> Request 0
6
(2, 3, 1)
2
(48, 33)
-> Request 1
213
(3, 3, 2)
1
(78, 66)
-> Request 2
228
(3, 3, 1)
3
(52, 67)
-> Request 3
513
(4, 3, 1)
1
(63, 73)
-> Request 4
564
(4, 2, 1)
3
(34, 52)
-> Request 5
815
(4, 3, 2)
2
(51, 40)
-> Request 6
841
(3, 3, 1)
3
(56, 12)
-> Request 7
921
(4, 3, 1)
1
(14, 25)
-> Request 8
929
(3, 3, 1)
1
(70, 52)
-> Request 9
1237
(4, 2, 2)
1
(48, 5)
--> Day : 4
-> Request 0
8
(2, 3, 1)
1
(52, 77)
-> Request 1
432
(3, 3, 2)
1
(69, 75)
-> Request 2
437
(3, 3, 2)
1
(6, 2)
-> Request 3
532
(2, 3, 1)
1
(79, 8)
-> Request 4
677
(3, 3, 2)
1
(20, 13)
-> Request 5
717
(1, 3, 2)
2
(2, 19)
-> Request 6
1213
(4, 2, 2)
2
(37, 55)
-> Request 7
1239
(4, 3, 1)
1
(67, 1)
-> Request 8
1302
(3, 2, 1)
3
(37, 49)
---> Week : 5
--> Day : 0
-> Request 0
22
(3, 3, 1)
1
(51, 6)
-> Request 1
164
(4, 3, 2)
2
(15, 21)
-> Request 2
481
(4, 2, 1)
2
(11, 10)
-> Request 3
641
(3, 2, 2)
2
(41, 35)
-> Request 4
764
(4, 3, 2)
1
(78, 3)
-> Request 5
942
(4, 2, 1)
3
(27, 18)
-> Request 6
1080
(4, 3, 1)
2
(56, 30)
-> Request 7
1278
(2, 3, 1)
3
(3, 60)
-> Request 8
1337
(4, 2, 2)
2
(56, 8)
--> Day : 1
-> Request 0
507
(2, 2, 1)
3
(15, 51)
-> Request 1
758
(4, 3, 1)
3
(22, 24)
--> Day : 2
-> Request 0
39
(2, 3, 1)
3
(8, 12)
-> Request 1
314
(2, 3, 1)
3
(34, 22)
-> Request 2
760
(3, 3, 2)
1
(73, 10)
-> Request 3
782
(3, 2, 1)
1
(31, 78)
-> Request 4
890
(3, 3, 2)
2
(79, 21)
-> Request 5
896
(4, 3, 2)
1
(52, 20)
-> Request 6
927
(3, 2, 1)
1
(9, 18)
-> Request 7
964
(3, 2, 2)
1
(9, 78)
-> Request 8
1233
(4, 2, 2)
1
(65, 67)
--> Day : 3
-> Request 0
112
(3, 3, 1)
2
(25, 41)
-> Request 1
346
(2, 2, 2)
3
(53, 26)
-> Request 2
982
(3, 3, 1)
3
(23, 41)
-> Request 3
1290
(3, 3, 1)
3
(35, 75)
-> Request 4
1332
(4, 3, 2)
2
(40, 26)
--> Day : 4
-> Request 0
119
(4, 3, 2)
3
(6, 41)
-> Request 1
152
(2, 2, 1)
2
(65, 21)
-> Request 2
322
(3, 3, 2)
3
(47, 33)
-> Request 3
322
(2, 3, 2)
2
(72, 9)
-> Request 4
395
(4, 3, 2)
3
(29, 68)
-> Request 5
686
(4, 3, 1)
3
(2, 74)
-> Request 6
840
(4, 3, 1)
3
(6, 46)
-> Request 7
861
(1, 3, 1)
2
(30, 3)
-> Request 8
1225
(4, 3, 2)
3
(30, 20)
-> Request 9
1243
(4, 3, 2)
1
(71, 1)
-> Request 10
1361
(4, 2, 1)
1
(26, 26)
-> Request 11
1424
(2, 2, 1)
1
(24, 55)
---> Week : 6
--> Day : 0
-> Request 0
179
(4, 2, 1)
3
(35, 37)
-> Request 1
264
(4, 3, 1)
1
(8, 36)
-> Request 2
297
(3, 2, 2)
2
(68, 1)
-> Request 3
332
(4, 3, 2)
3
(53, 26)
-> Request 4
345
(4, 3, 2)
3
(50, 78)
-> Request 5
592
(4, 2, 1)
3
(57, 16)
-> Request 6
639
(1, 3, 2)
2
(20, 41)
-> Request 7
752
(4, 3, 1)
1
(56, 54)
-> Request 8
767
(4, 2, 1)
2
(27, 61)
-> Request 9
823
(4, 3, 2)
3
(3, 51)
-> Request 10
1141
(3, 3, 1)
1
(76, 49)
-> Request 11
1206
(4, 2, 2)
3
(58, 38)
-> Request 12
1228
(3, 3, 1)
1
(13, 69)
-> Request 13
1234
(3, 2, 2)
1
(5, 2)
-> Request 14
1302
(3, 3, 2)
1
(11, 57)
-> Request 15
1435
(1, 3, 2)
2
(61, 75)
--> Day : 1
-> Request 0
238
(3, 3, 2)
1
(58, 40)
-> Request 1
285
(3, 2, 2)
1
(0, 69)
-> Request 2
397
(4, 2, 2)
1
(38, 14)
-> Request 3
538
(1, 2, 1)
1
(41, 57)
-> Request 4
538
(4, 3, 1)
1
(22, 41)
-> Request 5
590
(3, 3, 2)
1
(46, 35)
-> Request 6
628
(3, 3, 2)
1
(78, 24)
-> Request 7
751
(4, 3, 1)
2
(43, 61)
-> Request 8
869
(4, 2, 1)
2
(63, 70)
-> Request 9
1004
(3, 2, 1)
1
(37, 8)
--> Day : 2
-> Request 0
86
(2, 2, 2)
1
(51, 65)
-> Request 1
93
(1, 3, 1)
2
(52, 76)
-> Request 2
150
(4, 3, 2)
3
(70, 45)
-> Request 3
159
(4, 3, 2)
2
(2, 58)
-> Request 4
962
(3, 3, 1)
3
(42, 3)
-> Request 5
1226
(4, 3, 1)
3
(4, 55)
-> Request 6
1284
(2, 3, 1)
3
(77, 19)
-> Request 7
1306
(4, 2, 1)
1
(72, 30)
--> Day : 3
-> Request 0
274
(2, 1, 1)
3
(2, 11)
-> Request 1
288
(3, 2, 2)
2
(3, 10)
-> Request 2
319
(2, 2, 1)
3
(74, 13)
-> Request 3
679
(4, 3, 1)
3
(1, 32)
-> Request 4
984
(4, 2, 2)
2
(42, 4)
-> Request 5
1186
(4, 3, 1)
3
(54, 70)
-> Request 6
1216
(4, 2, 2)
2
(75, 18)
-> Request 7
1218
(3, 3, 1)
3
(43, 43)
-> Request 8
1363
(4, 2, 2)
1
(74, 43)
--> Day : 4
-> Request 0
226
(4, 2, 2)
3
(16, 26)
-> Request 1
285
(4, 3, 2)
1
(0, 73)
-> Request 2
329
(4, 2, 1)
2
(20, 28)
-> Request 3
466
(4, 2, 1)
3
(17, 15)
-> Request 4
536
(4, 2, 2)
2
(43, 36)
-> Request 5
755
(4, 2, 2)
2
(29, 63)
-> Request 6
768
(2, 2, 1)
3
(72, 17)
---> Week : 7
--> Day : 0
-> Request 0
13
(3, 3, 1)
1
(16, 30)
-> Request 1
166
(4, 3, 1)
3
(75, 34)
-> Request 2
360
(3, 2, 2)
3
(62, 57)
-> Request 3
458
(1, 3, 1)
3
(72, 46)
-> Request 4
534
(3, 3, 2)
2
(78, 73)
-> Request 5
644
(3, 2, 2)
2
(78, 25)
-> Request 6
693
(4, 3, 2)
2
(21, 25)
-> Request 7
739
(3, 3, 1)
2
(34, 56)
-> Request 8
939
(1, 3, 2)
2
(46, 71)
-> Request 9
957
(3, 3, 2)
2
(63, 67)
-> Request 10
1187
(4, 3, 1)
2
(36, 65)
-> Request 11
1195
(2, 2, 1)
2
(62, 21)
-> Request 12
1234
(3, 2, 2)
3
(37, 19)
-> Request 13
1425
(3, 3, 1)
2
(55, 43)
--> Day : 1
-> Request 0
108
(3, 3, 2)
2
(39, 73)
-> Request 1
149
(4, 3, 1)
2
(12, 4)
-> Request 2
318
(3, 2, 2)
2
(4, 70)
-> Request 3
1117
(4, 2, 2)
2
(14, 13)
-> Request 4
1241
(4, 2, 2)
2
(36, 29)
-> Request 5
1353
(3, 1, 2)
2
(14, 12)
--> Day : 2
-> Request 0
11
(4, 3, 2)
3
(19, 34)
-> Request 1
448
(2, 2, 1)
2
(36, 59)
-> Request 2
759
(3, 3, 2)
3
(78, 34)
-> Request 3
761
(2, 3, 1)
3
(22, 29)
-> Request 4
1012
(1, 1, 2)
3
(54, 46)
-> Request 5
1142
(4, 3, 1)
2
(62, 20)
-> Request 6
1149
(3, 2, 1)
2
(45, 31)
-> Request 7
1178
(4, 2, 1)
3
(68, 70)
--> Day : 3
-> Request 0
392
(2, 2, 2)
2
(24, 54)
-> Request 1
404
(4, 2, 2)
1
(59, 65)
-> Request 2
553
(3, 3, 2)
2
(0, 44)
-> Request 3
593
(4, 3, 1)
1
(22, 46)
-> Request 4
612
(4, 2, 2)
2
(71, 13)
-> Request 5
1125
(4, 3, 2)
2
(8, 26)
-> Request 6
1155
(3, 3, 2)
1
(56, 63)
-> Request 7
1223
(2, 1, 1)
3
(23, 78)
-> Request 8
1290
(4, 2, 1)
3
(40, 7)
--> Day : 4
-> Request 0
13
(4, 3, 1)
3
(8, 50)
-> Request 1
104
(3, 2, 2)
2
(32, 75)
-> Request 2
527
(4, 3, 1)
2
(26, 79)
-> Request 3
612
(2, 3, 2)
3
(14, 13)
-> Request 4
696
(2, 3, 1)
1
(54, 62)
-> Request 5
821
(4, 3, 2)
1
(18, 62)
-> Request 6
950
(4, 3, 2)
3
(44, 31)
-> Request 7
1004
(4, 3, 2)
3
(28, 78)
-> Request 8
1239
(4, 3, 1)
3
(1, 28)
-> Request 9
1344
(3, 2, 2)
1
(57, 77)
-> Request 10
1366
(3, 2, 2)
3
(9, 56)
-> Request 11
1429
(4, 3, 2)
2
(15, 28)
-> Request 12
1431
(3, 3, 1)
1
(72, 22)
---> Week : 8
--> Day : 0
-> Request 0
13
(4, 3, 2)
1
(29, 6)
-> Request 1
123
(3, 3, 1)
3
(20, 35)
-> Request 2
488
(1, 2, 1)
3
(0, 60)
-> Request 3
546
(4, 3, 2)
2
(18, 46)
-> Request 4
645
(3, 3, 2)
2
(53, 6)
-> Request 5
1238
(2, 3, 1)
3
(40, 23)
--> Day : 1
-> Request 0
398
(3, 3, 2)
1
(60, 11)
-> Request 1
515
(2, 3, 1)
1
(9, 48)
-> Request 2
790
(2, 2, 1)
2
(68, 35)
-> Request 3
1253
(4, 3, 2)
3
(50, 28)
-> Request 4
1288
(1, 2, 2)
2
(16, 29)
-> Request 5
1338
(3, 2, 1)
2
(31, 20)
-> Request 6
1409
(3, 3, 1)
1
(29, 56)
--> Day : 2
-> Request 0
21
(3, 3, 2)
2
(72, 27)
-> Request 1
28
(4, 3, 2)
1
(7, 33)
-> Request 2
302
(3, 1, 2)
2
(76, 15)
-> Request 3
347
(3, 3, 2)
1
(20, 51)
-> Request 4
358
(2, 2, 1)
1
(69, 32)
-> Request 5
707
(3, 2, 2)
2
(69, 55)
-> Request 6
813
(2, 3, 2)
1
(43, 60)
-> Request 7
1194
(3, 3, 2)
3
(68, 22)
-> Request 8
1245
(4, 3, 1)
3
(25, 52)
--> Day : 3
-> Request 0
219
(4, 3, 2)
3
(0, 55)
-> Request 1
394
(3, 3, 1)
3
(37, 5)
-> Request 2
603
(1, 2, 2)
2
(79, 69)
-> Request 3
688
(4, 2, 1)
3
(55, 5)
-> Request 4
1191
(4, 2, 1)
3
(77, 38)
--> Day : 4
-> Request 0
113
(4, 2, 2)
1
(72, 62)
-> Request 1
185
(2, 3, 2)
1
(73, 15)
-> Request 2
222
(4, 2, 2)
3
(23, 49)
-> Request 3
464
(4, 3, 1)
1
(18, 17)
-> Request 4
479
(4, 3, 1)
3
(19, 57)
-> Request 5
485
(2, 3, 2)
2
(17, 6)
-> Request 6
1021
(4, 3, 2)
1
(20, 12)
-> Request 7
1028
(2, 3, 1)
3
(57, 53)
-> Request 8
1107
(2, 3, 2)
3
(25, 42)
-> Request 9
1133
(4, 2, 2)
3
(16, 33)
-> Request 10
1425
(3, 2, 1)
1
(34, 15)
---> Week : 9
--> Day : 0
-> Request 0
327
(4, 2, 1)
3
(32, 55)
-> Request 1
421
(4, 3, 2)
2
(35, 74)
-> Request 2
605
(2, 2, 2)
3
(41, 24)
-> Request 3
762
(1, 3, 1)
2
(19, 7)
-> Request 4
1034
(3, 3, 2)
2
(45, 31)
--> Day : 1
-> Request 0
137
(4, 3, 2)
3
(5, 7)
-> Request 1
168
(4, 3, 1)
1
(79, 60)
-> Request 2
262
(4, 3, 1)
1
(7, 30)
-> Request 3
299
(4, 3, 1)
1
(24, 70)
-> Request 4
630
(4, 3, 1)
1
(5, 63)
-> Request 5
766
(3, 2, 2)
2
(50, 0)
-> Request 6
795
(4, 2, 2)
2
(72, 18)
-> Request 7
824
(4, 3, 2)
1
(23, 58)
-> Request 8
1137
(4, 2, 1)
1
(5, 60)
-> Request 9
1162
(4, 2, 2)
3
(43, 78)
-> Request 10
1228
(3, 2, 2)
1
(70, 21)
--> Day : 2
-> Request 0
257
(4, 3, 1)
1
(63, 75)
-> Request 1
508
(4, 3, 2)
1
(9, 64)
-> Request 2
678
(4, 3, 1)
2
(73, 56)
-> Request 3
746
(2, 3, 1)
2
(43, 59)
-> Request 4
788
(2, 3, 2)
3
(48, 40)
-> Request 5
861
(3, 2, 2)
2
(71, 37)
-> Request 6
865
(4, 3, 1)
2
(69, 67)
-> Request 7
1056
(3, 3, 1)
2
(18, 10)
-> Request 8
1241
(4, 3, 1)
1
(31, 49)
-> Request 9
1367
(4, 3, 2)
3
(79, 34)
--> Day : 3
-> Request 0
372
(3, 3, 2)
2
(77, 63)
-> Request 1
425
(3, 1, 2)
1
(50, 79)
-> Request 2
544
(3, 3, 1)
1
(44, 68)
-> Request 3
562
(2, 3, 2)
3
(32, 60)
-> Request 4
571
(4, 1, 2)
2
(57, 34)
-> Request 5
787
(4, 1, 1)
1
(52, 24)
-> Request 6
899
(3, 1, 1)
2
(40, 10)
-> Request 7
1372
(4, 3, 2)
3
(50, 49)
--> Day : 4
-> Request 0
19
(4, 1, 2)
2
(18, 24)
-> Request 1
239
(4, 3, 2)
3
(57, 57)
-> Request 2
530
(4, 3, 2)
2
(1, 34)
-> Request 3
1257
(3, 3, 2)
1
(53, 70)
-> Request 4
1434
(4, 2, 1)
1
(47, 70)
---> Week : 10
--> Day : 0
-> Request 0
46
(1, 3, 2)
1
(54, 2)
-> Request 1
505
(3, 3, 2)
3
(30, 66)
-> Request 2
585
(3, 2, 2)
1
(58, 4)
-> Request 3
587
(2, 3, 1)
1
(60, 30)
-> Request 4
651
(4, 3, 2)
3
(29, 33)
-> Request 5
734
(4, 3, 1)
2
(5, 25)
-> Request 6
850
(4, 2, 1)
2
(32, 45)
-> Request 7
856
(3, 1, 2)
3
(62, 79)
-> Request 8
1000
(4, 3, 2)
3
(61, 51)
-> Request 9
1127
(4, 2, 2)
1
(30, 3)
-> Request 10
1352
(1, 3, 1)
2
(74, 26)
--> Day : 1
-> Request 0
211
(4, 3, 1)
2
(30, 11)
-> Request 1
245
(2, 3, 1)
3
(45, 32)
-> Request 2
245
(3, 3, 2)
1
(75, 1)
-> Request 3
746
(4, 2, 1)
1
(48, 29)
-> Request 4
965
(4, 2, 1)
2
(9, 12)
-> Request 5
970
(3, 2, 1)
2
(19, 58)
-> Request 6
1081
(3, 3, 1)
2
(65, 11)
-> Request 7
1129
(4, 2, 2)
2
(3, 31)
-> Request 8
1160
(3, 3, 2)
1
(6, 74)
--> Day : 2
-> Request 0
88
(4, 3, 1)
1
(72, 23)
-> Request 1
117
(4, 2, 1)
1
(60, 33)
-> Request 2
132
(4, 2, 1)
3
(55, 73)
-> Request 3
378
(3, 3, 1)
1
(1, 13)
-> Request 4
410
(4, 1, 2)
3
(70, 42)
-> Request 5
629
(1, 1, 1)
3
(65, 30)
-> Request 6
1048
(4, 2, 1)
2
(31, 18)
-> Request 7
1051
(4, 2, 1)
3
(78, 30)
-> Request 8
1134
(4, 3, 2)
3
(23, 31)
-> Request 9
1214
(3, 3, 2)
2
(18, 58)
-> Request 10
1256
(4, 2, 2)
1
(54, 19)
-> Request 11
1298
(4, 2, 2)
2
(17, 40)
-> Request 12
1364
(3, 3, 1)
1
(46, 0)
--> Day : 3
-> Request 0
67
(3, 2, 2)
3
(26, 23)
-> Request 1
304
(3, 2, 1)
3
(62, 30)
-> Request 2
536
(4, 3, 1)
1
(76, 52)
-> Request 3
549
(4, 3, 2)
3
(61, 35)
-> Request 4
591
(4, 2, 1)
3
(4, 77)
-> Request 5
1184
(4, 3, 2)
3
(36, 27)
-> Request 6
1369
(4, 3, 2)
2
(37, 47)
--> Day : 4
-> Request 0
129
(4, 2, 1)
2
(62, 18)
-> Request 1
170
(4, 3, 1)
1
(73, 76)
-> Request 2
436
(2, 3, 2)
1
(55, 18)
-> Request 3
483
(2, 3, 2)
2
(22, 63)
-> Request 4
570
(4, 3, 2)
1
(16, 54)
-> Request 5
686
(4, 3, 1)
1
(75, 5)
-> Request 6
972
(4, 3, 2)
3
(45, 26)
-> Request 7
972
(4, 3, 2)
3
(43, 73)
-> Request 8
1064
(4, 2, 1)
1
(37, 50)
-> Request 9
1357
(3, 3, 2)
2
(39, 36)
-> Request 10
1429
(4, 3, 1)
1
(26, 29)
---> Week : 11
--> Day : 0
-> Request 0
45
(2, 3, 2)
2
(39, 16)
-> Request 1
51
(2, 3, 1)
1
(66, 0)
-> Request 2
291
(4, 2, 1)
1
(54, 78)
-> Request 3
471
(4, 3, 2)
1
(44, 25)
-> Request 4
487
(3, 2, 1)
1
(74, 67)
-> Request 5
680
(4, 3, 1)
3
(46, 27)
-> Request 6
756
(4, 3, 1)
2
(54, 35)
-> Request 7
886
(4, 2, 1)
3
(15, 6)
-> Request 8
901
(4, 3, 2)
3
(53, 62)
-> Request 9
935
(4, 2, 1)
1
(9, 32)
-> Request 10
1071
(4, 3, 2)
1
(57, 12)
-> Request 11
1304
(4, 3, 1)
3
(35, 59)
-> Request 12
1364
(4, 3, 2)
3
(1, 39)
--> Day : 1
-> Request 0
63
(2, 2, 1)
1
(62, 54)
-> Request 1
362
(4, 3, 2)
1
(42, 16)
-> Request 2
410
(4, 3, 2)
1
(11, 18)
-> Request 3
553
(3, 3, 2)
2
(58, 19)
-> Request 4
600
(3, 2, 1)
1
(23, 57)
-> Request 5
616
(4, 3, 2)
3
(79, 68)
-> Request 6
1156
(4, 3, 2)
2
(36, 4)
-> Request 7
1182
(4, 2, 2)
2
(36, 18)
-> Request 8
1247
(4, 2, 1)
3
(62, 28)
--> Day : 2
-> Request 0
49
(4, 3, 2)
2
(22, 73)
-> Request 1
204
(4, 3, 2)
2
(37, 60)
-> Request 2
406
(4, 2, 1)
2
(28, 58)
-> Request 3
667
(2, 3, 2)
3
(17, 73)
-> Request 4
830
(3, 3, 2)
1
(3, 61)
-> Request 5
1140
(3, 2, 1)
3
(4, 25)
-> Request 6
1433
(4, 3, 1)
2
(12, 10)
--> Day : 3
-> Request 0
331
(4, 3, 1)
2
(36, 32)
-> Request 1
454
(4, 2, 2)
1
(31, 74)
-> Request 2
541
(4, 3, 2)
3
(27, 31)
-> Request 3
593
(4, 3, 2)
1
(26, 48)
-> Request 4
656
(3, 3, 1)
3
(49, 50)
-> Request 5
727
(4, 2, 1)
2
(65, 23)
-> Request 6
759
(4, 2, 1)
1
(64, 28)
-> Request 7
773
(3, 3, 2)
3
(32, 31)
-> Request 8
943
(3, 2, 1)
2
(52, 20)
-> Request 9
1149
(4, 3, 2)
1
(41, 10)
-> Request 10
1169
(4, 3, 1)
3
(46, 77)
-> Request 11
1175
(2, 3, 1)
1
(34, 12)
-> Request 12
1232
(3, 3, 1)
2
(5, 43)
-> Request 13
1402
(4, 1, 1)
2
(39, 32)
--> Day : 4
-> Request 0
73
(3, 3, 1)
3
(45, 58)
-> Request 1
484
(4, 2, 2)
3
(27, 4)
-> Request 2
776
(4, 3, 2)
2
(74, 24)
-> Request 3
1086
(2, 3, 1)
2
(33, 46)
-> Request 4
1124
(4, 3, 2)
1
(65, 79)
-> Request 5
1272
(4, 3, 2)
1
(72, 70)
---> Week : 12
--> Day : 0
-> Request 0
230
(2, 2, 2)
3
(6, 2)
-> Request 1
288
(2, 3, 1)
1
(6, 46)
-> Request 2
382
(3, 2, 2)
3
(26, 27)
-> Request 3
451
(4, 3, 1)
2
(35, 36)
-> Request 4
961
(2, 3, 2)
2
(68, 70)
-> Request 5
1073
(3, 3, 1)
1
(0, 13)
-> Request 6
1202
(3, 1, 2)
3
(47, 14)
-> Request 7
1290
(3, 1, 2)
1
(67, 10)
-> Request 8
1394
(4, 2, 2)
2
(38, 46)
-> Request 9
1401
(4, 2, 1)
2
(62, 79)
-> Request 10
1408
(1, 1, 2)
2
(46, 22)
-> Request 11
1424
(2, 2, 2)
2
(55, 67)
-> Request 12
1434
(4, 3, 1)
1
(69, 54)
--> Day : 1
-> Request 0
11
(1, 2, 2)
2
(7, 40)
-> Request 1
95
(3, 3, 1)
1
(76, 61)
-> Request 2
138
(4, 3, 1)
2
(22, 29)
-> Request 3
170
(4, 1, 2)
3
(3, 72)
-> Request 4
478
(4, 2, 1)
1
(48, 25)
-> Request 5
641
(4, 3, 1)
1
(58, 3)
-> Request 6
907
(3, 3, 2)
1
(73, 3)
-> Request 7
1012
(4, 2, 1)
2
(46, 69)
-> Request 8
1107
(4, 3, 2)
1
(79, 76)
-> Request 9
1313
(4, 2, 1)
1
(28, 8)
--> Day : 2
-> Request 0
81
(4, 2, 1)
1
(66, 50)
-> Request 1
796
(3, 1, 1)
1
(32, 33)
-> Request 2
965
(3, 3, 2)
3
(69, 67)
-> Request 3
1049
(2, 3, 2)
1
(9, 47)
-> Request 4
1086
(2, 2, 2)
3
(10, 19)
-> Request 5
1087
(3, 2, 2)
1
(10, 61)
-> Request 6
1292
(3, 2, 1)
3
(78, 62)
-> Request 7
1401
(4, 3, 2)
1
(17, 79)
-> Request 8
1419
(2, 3, 1)
2
(29, 37)
--> Day : 3
-> Request 0
149
(3, 3, 1)
3
(49, 47)
-> Request 1
322
(4, 2, 1)
3
(45, 33)
-> Request 2
417
(2, 3, 1)
3
(12, 22)
-> Request 3
482
(3, 3, 2)
1
(4, 9)
-> Request 4
528
(4, 3, 1)
2
(5, 7)
-> Request 5
574
(4, 2, 1)
3
(9, 52)
-> Request 6
670
(4, 3, 1)
1
(36, 65)
-> Request 7
861
(3, 2, 2)
3
(25, 20)
-> Request 8
1245
(4, 2, 1)
3
(7, 77)
--> Day : 4
-> Request 0
39
(4, 3, 2)
3
(55, 4)
-> Request 1
52
(3, 2, 2)
3
(47, 34)
-> Request 2
121
(3, 3, 2)
1
(37, 4)
-> Request 3
609
(4, 2, 2)
2
(65, 27)
-> Request 4
844
(4, 2, 1)
3
(71, 12)
-> Request 5
1155
(4, 3, 1)
2
(8, 53)
-> Request 6
1309
(4, 3, 2)
2
(62, 75)
---> Week : 13
--> Day : 0
-> Request 0
20
(4, 3, 2)
3
(52, 75)
-> Request 1
62
(4, 2, 2)
1
(6, 36)
-> Request 2
106
(4, 2, 2)
2
(67, 58)
-> Request 3
216
(4, 3, 1)
2
(40, 25)
-> Request 4
545
(4, 3, 1)
2
(75, 9)
-> Request 5
686
(4, 3, 1)
2
(26, 45)
-> Request 6
814
(3, 3, 1)
2
(26, 70)
-> Request 7
869
(4, 3, 1)
1
(60, 43)
-> Request 8
1020
(3, 3, 1)
1
(34, 39)
-> Request 9
1194
(3, 3, 1)
3
(10, 46)
-> Request 10
1279
(3, 2, 2)
2
(45, 52)
-> Request 11
1343
(4, 1, 1)
1
(37, 23)
--> Day : 1
-> Request 0
216
(3, 2, 2)
2
(79, 44)
-> Request 1
578
(4, 3, 2)
3
(63, 16)
-> Request 2
779
(4, 2, 1)
2
(32, 20)
-> Request 3
909
(2, 3, 2)
3
(4, 63)
-> Request 4
1087
(4, 3, 2)
1
(38, 37)
--> Day : 2
-> Request 0
62
(1, 1, 2)
1
(53, 71)
-> Request 1
227
(4, 2, 2)
1
(12, 1)
-> Request 2
287
(4, 2, 1)
3
(79, 38)
-> Request 3
460
(4, 2, 2)
1
(74, 30)
-> Request 4
465
(3, 3, 2)
2
(11, 18)
-> Request 5
724
(3, 3, 1)
3
(42, 5)
-> Request 6
823
(4, 3, 1)
2
(23, 23)
-> Request 7
884
(3, 3, 2)
1
(34, 8)
-> Request 8
930
(4, 3, 1)
3
(19, 40)
-> Request 9
1063
(3, 3, 1)
3
(14, 27)
-> Request 10
1152
(4, 3, 1)
3
(22, 12)
-> Request 11
1250
(2, 2, 1)
3
(21, 11)
-> Request 12
1346
(4, 3, 2)
3
(26, 73)
--> Day : 3
-> Request 0
64
(4, 3, 2)
1
(52, 54)
-> Request 1
388
(3, 2, 2)
1
(61, 68)
-> Request 2
567
(3, 3, 1)
2
(2, 3)
-> Request 3
616
(3, 3, 1)
1
(32, 55)
-> Request 4
746
(3, 3, 2)
1
(53, 24)
-> Request 5
1221
(4, 3, 2)
2
(35, 23)
--> Day : 4
-> Request 0
134
(2, 3, 2)
3
(12, 41)
-> Request 1
159
(4, 2, 2)
2
(75, 57)
-> Request 2
164
(4, 2, 2)
3
(16, 55)
-> Request 3
227
(3, 3, 2)
2
(15, 48)
-> Request 4
260
(4, 3, 2)
2
(30, 65)
-> Request 5
263
(3, 2, 1)
2
(13, 55)
-> Request 6
448
(4, 2, 2)
1
(25, 76)
-> Request 7
678
(4, 2, 1)
3
(67, 31)
-> Request 8
845
(1, 3, 2)
3
(20, 48)
-> Request 9
928
(1, 2, 1)
1
(27, 47)
-> Request 10
1183
(3, 2, 2)
2
(46, 48)
-> Request 11
1233
(2, 3, 1)
3
(67, 65)
---> Week : 14
--> Day : 0
-> Request 0
155
(4, 3, 1)
1
(51, 2)
-> Request 1
187
(2, 3, 1)
3
(3, 28)
-> Request 2
720
(3, 3, 1)
1
(67, 66)
-> Request 3
777
(3, 3, 2)
3
(11, 39)
-> Request 4
794
(4, 3, 1)
3
(0, 34)
-> Request 5
821
(4, 3, 1)
1
(6, 50)
-> Request 6
1087
(3, 3, 1)
3
(3, 32)
-> Request 7
1139
(4, 3, 1)
3
(28, 59)
-> Request 8
1167
(4, 3, 1)
1
(5, 64)
--> Day : 1
-> Request 0
89
(1, 3, 2)
3
(74, 39)
-> Request 1
189
(3, 2, 1)
3
(78, 2)
-> Request 2
505
(4, 3, 1)
1
(23, 15)
-> Request 3
600
(1, 2, 1)
1
(50, 15)
-> Request 4
607
(3, 3, 2)
2
(23, 6)
-> Request 5
754
(4, 3, 1)
3
(38, 51)
-> Request 6
1235
(2, 3, 2)
2
(33, 2)
-> Request 7
1289
(3, 3, 1)
1
(52, 18)
-> Request 8
1339
(2, 3, 1)
3
(41, 28)
--> Day : 2
-> Request 0
176
(2, 3, 1)
1
(0, 22)
-> Request 1
186
(3, 2, 1)
2
(32, 66)
-> Request 2
245
(4, 2, 1)
2
(6, 4)
-> Request 3
384
(3, 3, 1)
1
(16, 38)
-> Request 4
618
(3, 3, 1)
2
(42, 37)
-> Request 5
1209
(4, 3, 1)
3
(3, 48)
-> Request 6
1439
(4, 3, 2)
1
(65, 60)
--> Day : 3
-> Request 0
54
(4, 3, 1)
2
(38, 53)
-> Request 1
487
(3, 3, 2)
2
(58, 21)
-> Request 2
588
(3, 3, 1)
2
(13, 19)
-> Request 3
626
(3, 3, 2)
2
(71, 55)
-> Request 4
716
(4, 3, 2)
2
(26, 62)
-> Request 5
749
(3, 3, 1)
2
(79, 72)
-> Request 6
943
(3, 3, 1)
2
(45, 45)
-> Request 7
1056
(4, 2, 2)
1
(32, 39)
-> Request 8
1111
(2, 3, 1)
3
(67, 60)
-> Request 9
1158
(2, 3, 2)
3
(20, 22)
-> Request 10
1235
(2, 3, 2)
3
(50, 22)
-> Request 11
1410
(4, 3, 1)
1
(26, 63)
--> Day : 4
-> Request 0
13
(2, 3, 2)
1
(1, 69)
-> Request 1
352
(3, 3, 1)
3
(74, 42)
-> Request 2
412
(3, 2, 1)
2
(46, 29)
-> Request 3
420
(3, 3, 2)
1
(47, 60)
-> Request 4
435
(2, 2, 1)
3
(13, 28)
-> Request 5
717
(3, 3, 1)
1
(41, 31)
-> Request 6
929
(4, 2, 1)
1
(77, 23)
-> Request 7
950
(4, 3, 1)
3
(74, 1)
-> Request 8
1396
(3, 2, 2)
1
(65, 5)
-> Request 9
1398
(1, 3, 2)
1
(17, 49)
---> Week : 15
--> Day : 0
-> Request 0
119
(4, 3, 2)
2
(70, 47)
-> Request 1
218
(3, 3, 1)
3
(76, 15)
-> Request 2
310
(1, 2, 2)
2
(68, 75)
-> Request 3
323
(3, 2, 1)
3
(63, 61)
-> Request 4
384
(4, 3, 2)
2
(35, 49)
-> Request 5
431
(4, 2, 1)
1
(77, 24)
-> Request 6
513
(3, 3, 1)
2
(9, 77)
-> Request 7
648
(3, 3, 1)
3
(55, 46)
-> Request 8
849
(4, 2, 1)
2
(40, 11)
-> Request 9
1103
(4, 2, 1)
1
(45, 25)
-> Request 10
1200
(2, 3, 2)
1
(55, 52)
--> Day : 1
-> Request 0
182
(3, 3, 1)
1
(40, 40)
-> Request 1
420
(3, 3, 2)
2
(21, 55)
-> Request 2
676
(3, 3, 1)
3
(60, 52)
-> Request 3
787
(4, 1, 2)
1
(35, 58)
--> Day : 2
-> Request 0
151
(4, 3, 1)
1
(25, 11)
-> Request 1
351
(4, 2, 1)
1
(1, 28)
-> Request 2
494
(3, 2, 1)
1
(60, 45)
-> Request 3
504
(4, 2, 2)
3
(21, 65)
-> Request 4
740
(4, 3, 1)
3
(33, 52)
-> Request 5
1062
(4, 3, 1)
1
(34, 60)
-> Request 6
1120
(3, 3, 2)
3
(1, 79)
-> Request 7
1131
(4, 3, 1)
1
(14, 15)
-> Request 8
1201
(3, 3, 1)
1
(39, 67)
-> Request 9
1215
(4, 3, 2)
1
(30, 78)
-> Request 10
1425
(4, 2, 2)
3
(22, 9)
--> Day : 3
-> Request 0
97
(3, 2, 1)
1
(56, 59)
-> Request 1
215
(4, 3, 2)
2
(3, 57)
-> Request 2
510
(2, 2, 1)
1
(76, 53)
-> Request 3
598
(4, 2, 1)
2
(14, 37)
-> Request 4
650
(4, 3, 1)
1
(71, 75)
-> Request 5
701
(4, 2, 1)
1
(66, 78)
-> Request 6
1114
(4, 3, 2)
2
(37, 17)
-> Request 7
1163
(4, 3, 1)
1
(26, 50)
-> Request 8
1247
(1, 3, 2)
3
(60, 77)
-> Request 9
1374
(2, 3, 1)
1
(21, 0)
-> Request 10
1437
(3, 2, 2)
3
(2, 19)
--> Day : 4
-> Request 0
82
(3, 3, 1)
2
(3, 6)
-> Request 1
125
(4, 3, 1)
2
(76, 78)
-> Request 2
268
(3, 2, 2)
2
(63, 11)
-> Request 3
268
(4, 3, 1)
1
(26, 72)
-> Request 4
678
(4, 3, 2)
1
(73, 33)
-> Request 5
841
(3, 3, 1)
2
(11, 9)
-> Request 6
876
(4, 1, 2)
2
(77, 13)
-> Request 7
937
(3, 2, 2)
1
(36, 74)
-> Request 8
1091
(3, 3, 1)
1
(18, 21)
-> Request 9
1221
(4, 3, 1)
2
(22, 30)
-> Request 10
1235
(3, 2, 1)
3
(45, 22)
-> Request 11
1316
(2, 2, 2)
2
(67, 32)
---> Week : 16
--> Day : 0
-> Request 0
77
(2, 3, 1)
2
(18, 30)
-> Request 1
117
(3, 3, 1)
3
(23, 74)
-> Request 2
248
(4, 3, 1)
3
(38, 32)
-> Request 3
277
(4, 3, 2)
2
(52, 2)
-> Request 4
284
(4, 2, 2)
3
(40, 21)
-> Request 5
324
(4, 3, 1)
3
(60, 75)
-> Request 6
474
(4, 3, 2)
2
(69, 14)
-> Request 7
666
(3, 3, 2)
1
(44, 0)
-> Request 8
687
(4, 3, 2)
1
(38, 27)
-> Request 9
730
(4, 3, 1)
1
(65, 4)
-> Request 10
779
(4, 3, 2)
2
(14, 48)
-> Request 11
1028
(3, 3, 1)
1
(45, 56)
-> Request 12
1113
(4, 2, 1)
3
(30, 2)
-> Request 13
1221
(4, 3, 2)
1
(1, 49)
-> Request 14
1358
(3, 3, 2)
2
(35, 37)
--> Day : 1
-> Request 0
14
(4, 3, 1)
1
(64, 61)
-> Request 1
59
(1, 3, 2)
3
(20, 71)
-> Request 2
105
(4, 3, 2)
3
(15, 25)
-> Request 3
244
(4, 2, 1)
3
(26, 71)
-> Request 4
409
(4, 2, 1)
1
(60, 73)
-> Request 5
739
(4, 3, 2)
3
(57, 65)
-> Request 6
805
(1, 2, 2)
2
(73, 8)
-> Request 7
828
(3, 2, 2)
2
(33, 72)
-> Request 8
934
(4, 2, 1)
3
(74, 42)
-> Request 9
1012
(4, 3, 1)
1
(29, 35)
-> Request 10
1065
(3, 2, 2)
1
(45, 45)
-> Request 11
1411
(3, 3, 1)
3
(25, 77)
--> Day : 2
-> Request 0
162
(4, 3, 1)
3
(48, 4)
-> Request 1
334
(4, 3, 1)
2
(50, 15)
-> Request 2
372
(2, 3, 2)
1
(66, 12)
-> Request 3
425
(3, 3, 1)
3
(57, 2)
-> Request 4
615
(3, 3, 2)
3
(2, 35)
-> Request 5
725
(4, 2, 1)
1
(11, 77)
-> Request 6
748
(4, 3, 1)
3
(49, 32)
-> Request 7
849
(4, 3, 1)
3
(29, 26)
-> Request 8
899
(1, 3, 2)
3
(20, 29)
-> Request 9
993
(4, 2, 2)
2
(23, 45)
-> Request 10
1062
(4, 2, 1)
2
(13, 36)
--> Day : 3
-> Request 0
144
(4, 3, 1)
3
(48, 49)
-> Request 1
410
(4, 3, 1)
3
(35, 52)
-> Request 2
525
(4, 3, 1)
2
(70, 6)
-> Request 3
770
(4, 3, 2)
2
(74, 66)
-> Request 4
825
(4, 3, 1)
1
(20, 33)
-> Request 5
867
(4, 2, 2)
3
(61, 55)
-> Request 6
1003
(4, 3, 2)
2
(1, 9)
-> Request 7
1028
(4, 2, 1)
3
(15, 56)
-> Request 8
1398
(4, 3, 2)
2
(15, 8)
-> Request 9
1398
(2, 2, 1)
1
(11, 34)
--> Day : 4
-> Request 0
60
(3, 3, 2)
1
(11, 76)
-> Request 1
411
(2, 3, 2)
1
(2, 13)
-> Request 2
757
(4, 3, 2)
1
(19, 0)
-> Request 3
758
(3, 3, 1)
1
(62, 37)
-> Request 4
867
(4, 3, 1)
3
(15, 8)
-> Request 5
1109
(4, 3, 1)
1
(69, 24)
-> Request 6
1267
(2, 3, 2)
2
(50, 30)
-> Request 7
1344
(4, 1, 2)
2
(31, 40)
---> Week : 17
--> Day : 0
-> Request 0
289
(4, 2, 2)
1
(56, 26)
-> Request 1
373
(4, 3, 1)
1
(67, 67)
-> Request 2
399
(1, 2, 2)
2
(57, 42)
-> Request 3
592
(4, 1, 2)
2
(59, 51)
-> Request 4
756
(3, 2, 2)
3
(64, 17)
-> Request 5
811
(3, 3, 1)
1
(55, 35)
-> Request 6
978
(4, 3, 2)
3
(51, 70)
-> Request 7
1088
(4, 3, 2)
2
(45, 72)
-> Request 8
1216
(3, 2, 1)
2
(26, 70)
--> Day : 1
-> Request 0
115
(4, 3, 1)
2
(31, 5)
-> Request 1
267
(3, 1, 2)
2
(14, 33)
-> Request 2
348
(3, 3, 1)
1
(47, 71)
-> Request 3
460
(3, 3, 2)
1
(42, 52)
-> Request 4
487
(4, 3, 1)
3
(56, 44)
-> Request 5
552
(4, 3, 2)
3
(28, 11)
-> Request 6
639
(3, 2, 2)
2
(37, 79)
-> Request 7
818
(3, 2, 2)
2
(23, 30)
-> Request 8
835
(4, 2, 2)
1
(45, 43)
-> Request 9
838
(2, 2, 2)
3
(67, 10)
-> Request 10
943
(4, 3, 2)
3
(55, 58)
-> Request 11
1134
(1, 3, 2)
1
(61, 69)
-> Request 12
1134
(1, 3, 1)
1
(54, 19)
-> Request 13
1257
(3, 3, 2)
3
(67, 23)
--> Day : 2
-> Request 0
432
(3, 2, 2)
2
(14, 7)
-> Request 1
529
(4, 2, 1)
2
(61, 36)
-> Request 2
828
(4, 3, 2)
2
(42, 16)
-> Request 3
898
(4, 2, 1)
3
(33, 43)
-> Request 4
1061
(3, 3, 1)
2
(41, 26)
-> Request 5
1157
(2, 2, 1)
1
(22, 1)
-> Request 6
1164
(3, 2, 1)
1
(67, 49)
-> Request 7
1218
(4, 3, 1)
2
(39, 7)
-> Request 8
1372
(3, 3, 2)
1
(45, 22)
-> Request 9
1437
(2, 2, 2)
1
(61, 34)
--> Day : 3
-> Request 0
257
(2, 3, 1)
3
(57, 31)
-> Request 1
296
(4, 2, 1)
2
(55, 34)
-> Request 2
440
(2, 2, 1)
3
(56, 40)
-> Request 3
737
(4, 3, 1)
1
(57, 53)
-> Request 4
752
(4, 2, 1)
1
(2, 5)
-> Request 5
1045
(4, 2, 1)
3
(10, 47)
--> Day : 4
-> Request 0
61
(4, 3, 1)
1
(67, 4)
-> Request 1
272
(3, 3, 1)
3
(35, 48)
-> Request 2
407
(4, 3, 1)
2
(49, 60)
-> Request 3
553
(2, 2, 2)
1
(32, 10)
-> Request 4
827
(4, 3, 2)
3
(63, 13)
-> Request 5
839
(3, 3, 2)
1
(76, 6)
-> Request 6
868
(4, 2, 2)
2
(58, 17)
-> Request 7
977
(2, 2, 1)
2
(61, 78)
-> Request 8
1205
(4, 2, 2)
3
(42, 78)
-> Request 9
1278
(3, 3, 1)
2
(4, 48)
---> Week : 18
--> Day : 0
-> Request 0
274
(3, 3, 1)
3
(29, 59)
-> Request 1
276
(4, 1, 2)
1
(18, 12)
-> Request 2
365
(3, 3, 2)
2
(72, 70)
-> Request 3
501
(4, 3, 2)
2
(73, 49)
-> Request 4
709
(4, 2, 2)
2
(26, 55)
-> Request 5
837
(4, 3, 2)
2
(77, 74)
-> Request 6
952
(3, 1, 1)
2
(4, 13)
-> Request 7
1002
(4, 3, 1)
1
(4, 29)
-> Request 8
1021
(4, 3, 1)
1
(7, 79)
-> Request 9
1302
(4, 1, 1)
3
(3, 13)
--> Day : 1
-> Request 0
278
(4, 3, 2)
3
(19, 51)
-> Request 1
341
(4, 3, 1)
2
(9, 75)
-> Request 2
686
(4, 3, 2)
1
(47, 76)
-> Request 3
888
(4, 3, 2)
1
(76, 78)
-> Request 4
966
(4, 3, 2)
3
(76, 13)
-> Request 5
1006
(4, 2, 1)
2
(16, 45)
-> Request 6
1032
(3, 3, 2)
1
(66, 31)
-> Request 7
1229
(4, 2, 1)
2
(0, 50)
-> Request 8
1342
(3, 3, 2)
1
(41, 72)
--> Day : 2
-> Request 0
304
(3, 3, 2)
3
(19, 10)
-> Request 1
339
(2, 3, 2)
3
(56, 9)
-> Request 2
1162
(4, 3, 2)
3
(64, 44)
-> Request 3
1181
(2, 2, 2)
3
(41, 47)
-> Request 4
1392
(4, 3, 2)
2
(26, 24)
--> Day : 3
-> Request 0
54
(3, 3, 2)
1
(30, 29)
-> Request 1
570
(3, 2, 1)
1
(17, 39)
-> Request 2
1053
(4, 2, 2)
1
(77, 12)
-> Request 3
1255
(4, 3, 1)
3
(3, 56)
-> Request 4
1394
(3, 3, 1)
1
(20, 29)
--> Day : 4
-> Request 0
36
(4, 3, 2)
3
(77, 39)
-> Request 1
381
(4, 3, 2)
3
(19, 6)
-> Request 2
836
(3, 3, 1)
3
(22, 59)
-> Request 3
836
(4, 3, 2)
3
(71, 61)
-> Request 4
921
(3, 3, 1)
3
(34, 14)
-> Request 5
961
(4, 2, 2)
1
(78, 12)
-> Request 6
997
(4, 3, 1)
2
(53, 8)
-> Request 7
1086
(4, 3, 2)
2
(30, 34)
-> Request 8
1148
(2, 3, 2)
2
(48, 66)
-> Request 9
1215
(4, 3, 2)
1
(48, 14)
---> Week : 19
--> Day : 0
-> Request 0
285
(4, 3, 1)
1
(22, 34)
-> Request 1
418
(4, 2, 1)
1
(31, 11)
-> Request 2
562
(4, 3, 1)
3
(4, 60)
-> Request 3
1323
(2, 2, 1)
3
(35, 65)
--> Day : 1
-> Request 0
274
(1, 3, 1)
1
(59, 8)
-> Request 1
397
(3, 3, 2)
1
(23, 63)
-> Request 2
397
(4, 3, 2)
3
(1, 22)
-> Request 3
516
(4, 2, 2)
3
(59, 0)
-> Request 4
701
(4, 2, 1)
2
(39, 6)
-> Request 5
710
(3, 3, 2)
3
(60, 79)
-> Request 6
997
(3, 2, 1)
1
(42, 42)
-> Request 7
1063
(4, 3, 2)
3
(3, 41)
-> Request 8
1185
(4, 3, 1)
3
(30, 68)
-> Request 9
1374
(3, 3, 1)
3
(26, 21)
--> Day : 2
-> Request 0
79
(3, 3, 2)
2
(18, 0)
-> Request 1
381
(4, 3, 1)
2
(41, 66)
-> Request 2
667
(2, 3, 2)
3
(2, 65)
-> Request 3
770
(4, 2, 2)
1
(32, 49)
-> Request 4
880
(4, 2, 1)
2
(22, 29)
-> Request 5
1361
(3, 1, 2)
1
(41, 3)
--> Day : 3
-> Request 0
13
(4, 2, 2)
2
(74, 7)
-> Request 1
161
(2, 2, 2)
1
(20, 32)
-> Request 2
216
(3, 1, 1)
2
(26, 9)
-> Request 3
241
(1, 2, 1)
1
(4, 41)
-> Request 4
633
(4, 2, 2)
1
(74, 32)
-> Request 5
756
(3, 3, 2)
2
(47, 40)
-> Request 6
769
(2, 2, 2)
2
(49, 68)
-> Request 7
791
(4, 3, 1)
3
(50, 4)
-> Request 8
875
(3, 1, 1)
2
(28, 45)
--> Day : 4
-> Request 0
62
(4, 3, 2)
3
(3, 78)
-> Request 1
149
(1, 3, 2)
2
(75, 60)
-> Request 2
216
(4, 1, 2)
3
(68, 75)
-> Request 3
251
(1, 3, 2)
3
(70, 29)
-> Request 4
813
(3, 2, 2)
1
(75, 15)
-> Request 5
814
(1, 2, 1)
2
(22, 76)
-> Request 6
821
(4, 3, 1)
3
(29, 25)
-> Request 7
829
(2, 2, 1)
2
(43, 49)
-> Request 8
849
(3, 3, 1)
1
(64, 69)
-> Request 9
1025
(4, 2, 1)
2
(69, 73)
-> Request 10
1062
(3, 3, 2)
2
(61, 28)
-> Request 11
1320
(4, 3, 1)
2
(55, 52)
-> Request 12
1390
(4, 2, 2)
2
(59, 66)
