---> Week : 0
--> Day : 0
-> Request 0
39
(2, 3, 2)
3
(78, 23)
-> Request 1
56
(2, 3, 2)
1
(39, 19)
-> Request 2
217
(4, 3, 1)
3
(41, 55)
-> Request 3
218
(2, 3, 1)
2
(48, 36)
-> Request 4
368
(4, 2, 1)
2
(8, 18)
-> Request 5
585
(3, 3, 2)
2
(0, 69)
-> Request 6
594
(4, 2, 2)
3
(58, 60)
-> Request 7
595
(1, 3, 2)
2
(48, 44)
-> Request 8
687
(4, 3, 1)
3
(51, 54)
-> Request 9
771
(4, 3, 2)
1
(21, 3)
-> Request 10
951
(4, 2, 2)
3
(22, 10)
-> Request 11
1067
(1, 3, 2)
3
(22, 77)
-> Request 12
1139
(3, 1, 2)
3
(69, 42)
-> Request 13
1152
(4, 3, 1)
2
(27, 47)
-> Request 14
1208
(3, 2, 1)
1
(14, 29)
-> Request 15
1387
(2, 3, 2)
1
(42, 44)
--> Day : 1
-> Request 0
89
(4, 3, 2)
3
(41, 61)
-> Request 1
95
(4, 3, 2)
1
(67, 72)
-> Request 2
114
(4, 3, 2)
3
(68, 31)
-> Request 3
164
(4, 3, 1)
2
(73, 62)
-> Request 4
240
(4, 3, 1)
2
(70, 48)
-> Request 5
275
(4, 3, 2)
2
(3, 6)
-> Request 6
387
(3, 2, 2)
1
(73, 0)
-> Request 7
492
(3, 3, 2)
2
(23, 19)
-> Request 8
713
(4, 3, 2)
2
(2, 46)
-> Request 9
719
(2, 2, 1)
1
(21, 6)
-> Request 10
746
(3, 1, 1)
1
(38, 25)
-> Request 11
1058
(3, 3, 1)
3
(55, 65)
-> Request 12
1087
(3, 2, 2)
3
(79, 29)
-> Request 13
1262
(3, 3, 2)
2
(37, 70)
-> Request 14
1339
(4, 2, 1)
3
(53, 52)
-> Request 15
1402
(3, 3, 1)
1
(28, 68)
-> Request 16
1413
(4, 2, 2)
2
(34, 44)
--> Day : 2
-> Request 0
135
(4, 3, 2)
3
(14, 18)
-> Request 1
267
(4, 3, 1)
3
(53, 70)
-> Request 2
366
(3, 2, 1)
1
(15, 14)
-> Request 3
547
(4, 3, 1)
2
(19, 17)
-> Request 4
666
(4, 3, 1)
2
(43, 52)
-> Request 5
886
(4, 3, 2)
2
(23, 20)
-> Request 6
929
(1, 3, 2)
3
(1, 72)
-> Request 7
1122
(4, 3, 1)
2
(21, 36)
-> Request 8
1125
(4, 2, 2)
2
(3, 43)
-> Request 9
1280
(3, 2, 2)
1
(11, 22)
--> Day : 3
-> Request 0
668
(3, 3, 2)
1
(60, 9)
-> Request 1
1305
(4, 3, 2)
1
(34, 46)
--> Day : 4
-> Request 0
47
(2, 2, 2)
2
(25, 20)
-> Request 1
141
(3, 3, 2)
3
(35, 53)
-> Request 2
177
(2, 3, 2)
2
(55, 67)
-> Request 3
199
(3, 3, 1)
1
(46, 36)
-> Request 4
214
(3, 2, 2)
3
(63, 46)
-> Request 5
250
(4, 3, 1)
1
(15, 68)
-> Request 6
267
(1, 3, 1)
3
(62, 60)
-> Request 7
358
(4, 2, 2)
3
(77, 31)
-> Request 8
467
(3, 3, 1)
2
(38, 25)
-> Request 9
903
(1, 2, 2)
3
(22, 0)
-> Request 10
922
(3, 3, 1)
3
(32, 8)
---> Week : 1
--> Day : 0
-> Request 0
198
(3, 2, 2)
1
(35, 31)
-> Request 1
230
(3, 2, 2)
1
(79, 22)
-> Request 2
351
(4, 3, 1)
3
(40, 41)
-> Request 3
426
(3, 3, 1)
1
(60, 16)
-> Request 4
472
(4, 3, 1)
2
(6, 17)
-> Request 5
693
(4, 1, 2)
2
(19, 31)
-> Request 6
730
(4, 3, 2)
1
(51, 27)
-> Request 7
771
(2, 1, 1)
1
(63, 5)
-> Request 8
1016
(4, 1, 2)
1
(65, 0)
-> Request 9
1091
(1, 3, 1)
1
(24, 64)
-> Request 10
1227
(3, 3, 1)
1
(42, 31)
-> Request 11
1243
(4, 2, 1)
3
(4, 60)
-> Request 12
1327
(2, 3, 2)
3
(0, 67)
-> Request 13
1399
(4, 3, 1)
1
(79, 27)
--> Day : 1
-> Request 0
244
(3, 2, 2)
3
(78, 66)
-> Request 1
309
(3, 3, 1)
1
(49, 60)
-> Request 2
436
(2, 3, 2)
1
(44, 0)
-> Request 3
617
(3, 3, 1)
2
(15, 24)
-> Request 4
1074
(4, 3, 2)
3
(70, 71)
-> Request 5
1413
(3, 3, 1)
1
(18, 17)
--> Day : 2
-> Request 0
169
(2, 3, 2)
3
(50, 52)
-> Request 1
468
(2, 2, 1)
3
(26, 16)
-> Request 2
545
(1, 2, 2)
2
(69, 39)
-> Request 3
558
(3, 2, 1)
2
(72, 11)
-> Request 4
629
(3, 2, 1)
2
(48, 78)
-> Request 5
729
(3, 3, 1)
2
(5, 51)
-> Request 6
1263
(4, 3, 2)
1
(40, 32)
-> Request 7
1362
(3, 3, 2)
3
(33, 8)
-> Request 8
1433
(3, 3, 1)
1
(32, 51)
--> Day : 3
-> Request 0
50
(3, 3, 2)
2
(42, 36)
-> Request 1
226
(4, 3, 1)
3
(14, 58)
-> Request 2
359
(4, 3, 1)
3
(42, 17)
-> Request 3
431
(2, 3, 1)
3
(49, 54)
-> Request 4
441
(1, 2, 2)
2
(63, 22)
-> Request 5
639
(4, 2, 1)
2
(3, 51)
-> Request 6
653
(3, 3, 2)
3
(52, 1)
-> Request 7
721
(2, 2, 1)
2
(58, 22)
-> Request 8
741
(4, 3, 1)
3
(48, 17)
-> Request 9
998
(3, 2, 1)
3
(37, 5)
-> Request 10
1123
(3, 3, 1)
2
(33, 19)
-> Request 11
1249
(4, 2, 2)
2
(11, 71)
--> Day : 4
-> Request 0
251
(2, 3, 1)
3
(36, 5)
-> Request 1
735
(4, 3, 1)
2
(61, 6)
-> Request 2
859
(4, 3, 1)
3
(22, 52)
-> Request 3
873
(1, 2, 1)
2
(30, 24)
-> Request 4
950
(4, 3, 2)
1
(37, 58)
-> Request 5
955
(3, 2, 2)
1
(10, 22)
---> Week : 2
--> Day : 0
-> Request 0
0
(4, 2, 1)
1
(28, 14)
-> Request 1
47
(3, 3, 1)
3
(12, 58)
-> Request 2
75
(4, 3, 1)
1
(62, 56)
-> Request 3
99
(4, 1, 1)
1
(53, 0)
-> Request 4
215
(2, 3, 1)
2
(66, 66)
-> Request 5
492
(3, 1, 2)
3
(66, 56)
-> Request 6
599
(4, 3, 1)
3
(32, 49)
-> Request 7
620
(2, 2, 2)
2
(78, 64)
-> Request 8
649
(3, 3, 2)
3
(71, 1)
-> Request 9
764
(4, 2, 1)
3
(11, 72)
-> Request 10
791
(3, 3, 1)
1
(21, 68)
-> Request 11
834
(3, 3, 2)
3
(28, 67)
-> Request 12
975
(4, 3, 1)
2
(67, 42)
-> Request 13
992
(4, 3, 2)
3
(15, 76)
-> Request 14
1191
(4, 3, 1)
3
(20, 42)
-> Request 15
1293
(3, 2, 1)
2
(11, 51)
--> Day : 1
-> Request 0
38
(4, 2, 1)
2
(25, 47)
-> Request 1
71
(4, 2, 1)
1
(22, 29)
-> Request 2
213
(2, 3, 1)
2
(1, 25)
-> Request 3
339
(4, 2, 2)
1
(7, 25)
-> Request 4
342
(4, 3, 2)
2
(66, 8)
-> Request 5
549
(3, 2, 2)
2
(25, 32)
-> Request 6
550
(2, 2, 2)
2
(1, 74)
-> Request 7
582
(4, 3, 1)
3
(46, 32)
-> Request 8
762
(2, 3, 1)
3
(78, 52)
-> Request 9
945
(4, 2, 1)
1
(32, 64)
-> Request 10
988
(3, 3, 2)
2
(55, 34)
-> Request 11
1065
(2, 3, 1)
1
(20, 66)
-> Request 12
1082
(4, 3, 2)
1
(50, 43)
-> Request 13
1243
(1, 3, 1)
1
(36, 29)
-> Request 14
1265
(4, 2, 1)
2
(8, 11)
--> Day : 2
-> Request 0
11
(3, 2, 1)
1
(65, 53)
-> Request 1
195
(3, 3, 2)
1
(17, 51)
-> Request 2
468
(3, 1, 2)
3
(73, 52)
-> Request 3
579
(4, 3, 2)
3
(78, 59)
-> Request 4
595
(2, 2, 1)
3
(29, 16)
-> Request 5
600
(2, 2, 2)
3
(9, 13)
-> Request 6
623
(4, 2, 1)
2
(56, 42)
-> Request 7
677
(3, 3, 2)
2
(5, 53)
-> Request 8
753
(4, 2, 1)
1
(62, 0)
-> Request 9
1172
(4, 3, 1)
3
(75, 76)
-> Request 10
1205
(3, 2, 2)
2
(59, 18)
-> Request 11
1327
(3, 3, 1)
1
(43, 62)
--> Day : 3
-> Request 0
66
(4, 2, 2)
1
(72, 79)
-> Request 1
104
(3, 3, 2)
1
(24, 0)
-> Request 2
131
(3, 3, 2)
2
(23, 23)
-> Request 3
193
(4, 3, 1)
1
(69, 65)
-> Request 4
345
(4, 2, 2)
2
(17, 27)
-> Request 5
363
(3, 2, 2)
2
(30, 68)
-> Request 6
388
(2, 2, 1)
2
(1, 8)
-> Request 7
434
(4, 3, 1)
1
(47, 79)
-> Request 8
633
(3, 2, 2)
2
(23, 41)
-> Request 9
752
(3, 1, 1)
1
(2, 40)
-> Request 10
1068
(3, 3, 1)
1
(63, 0)
-> Request 11
1195
(4, 3, 2)
3
(12, 62)
-> Request 12
1252
(3, 2, 2)
2
(66, 59)
-> Request 13
1255
(4, 1, 2)
3
(58, 53)
--> Day : 4
-> Request 0
170
(3, 3, 2)
2
(54, 69)
-> Request 1
396
(2, 3, 1)
3
(56, 46)
-> Request 2
439
(3, 3, 1)
3
(38, 79)
-> Request 3
532
(3, 3, 1)
3
(53, 73)
-> Request 4
545
(4, 3, 1)
2
(72, 45)
-> Request 5
902
(1, 2, 1)
3
(29, 67)
-> Request 6
1066
(3, 3, 1)
1
(20, 9)
-> Request 7
1255
(4, 3, 2)
1
(37, 56)
-> Request 8
1358
(3, 3, 2)
3
(2, 45)
-> Request 9
1375
(3, 3, 2)
3
(51, 71)
-> Request 10
1377
(4, 3, 1)
2
(1, 56)
-> Request 11
1435
(4, 3, 1)
3
(69, 76)
---> Week : 3
--> Day : 0
-> Request 0
79
(4, 3, 2)
3
(15, 59)
-> Request 1
294
(4, 3, 2)
1
(59, 57)
-> Request 2
712
(2, 2, 2)
1
(10, 27)
-> Request 3
763
(4, 3, 1)
2
(72, 70)
-> Request 4
1147
(1, 3, 2)
1
(23, 19)
-> Request 5
1162
(4, 3, 1)
2
(36, 2)
-> Request 6
1305
(4, 3, 1)
1
(52, 10)
-> Request 7
1377
(4, 2, 2)
3
(34, 4)
--> Day : 1
-> Request 0
243
(4, 3, 1)
2
(7, 34)
-> Request 1
316
(4, 3, 1)
3
(54, 76)
-> Request 2
342
(4, 1, 1)
2
(52, 37)
-> Request 3
381
(4, 3, 2)
2
(62, 53)
-> Request 4
512
(4, 3, 2)
3
(23, 22)
-> Request 5
578
(4, 3, 2)
1
(2, 62)
-> Request 6
720
(4, 3, 2)
2
(27, 64)
-> Request 7
1067
(4, 3, 1)
3
(70, 28)
-> Request 8
1135
(4, 3, 1)
2
(76, 29)
--> Day : 2
-> Request 0
157
(3, 2, 1)
1
(28, 59)
-> Request 1
313
(4, 3, 2)
2
(76, 72)
-> Request 2
727
(4, 3, 1)
1
(3, 22)
-> Request 3
860
(3, 2, 2)
2
(51, 12)
-> Request 4
1086
(2, 3, 1)
1
(69, 73)
-> Request 5
1127
(4, 2, 2)
3
(9, 68)
-> Request 6
1160
(3, 2, 1)
3
(14, 72)
-> Request 7
1289
(4, 3, 2)
3
(49, 37)
-> Request 8
1294
(2, 2, 1)
3
(22, 3)
--> Day : 3
-> Request 0
139
(3, 1, 1)
1
(29, 37)
-> Request 1
270
(2, 2, 2)
1
(19, 53)
-> Request 2
392
(3, 2, 1)
1
(30, 19)
-> Request 3
413
(4, 3, 1)
3
(16, 45)
-> Request 4
574
(4, 3, 2)
2
(29, 68)
-> Request 5
752
(4, 3, 2)
3
(15, 26)
-> Request 6
1065
(3, 2, 2)
2
(18, 41)
-> Request 7
1130
(4, 2, 1)
1
(52, 22)
--> Day : 4
-> Request 0
12
(4, 3, 1)
1
(47, 28)
-> Request 1
68
(4, 3, 1)
1
(0, 23)
-> Request 2
74
(4, 2, 2)
3
(40, 19)
-> Request 3
80
(4, 2, 1)
1
(28, 61)
-> Request 4
130
(2, 3, 1)
1
(30, 38)
-> Request 5
250
(3, 3, 1)
2
(29, 62)
-> Request 6
846
(4, 2, 2)
2
(55, 39)
-> Request 7
927
(4, 3, 2)
2
(49, 10)
-> Request 8
1077
(2, 2, 2)
3
(29, 56)
-> Request 9
1243
(4, 3, 1)
2
(43, 7)
-> Request 10
1282
(3, 3, 2)
3
(59, 60)
-> Request 11
1373
(3, 1, 1)
3
(56, 73)
---> Week : 4
--> Day : 0
-> Request 0
17
(4, 3, 1)
2
(33, 53)
-> Request 1
31
(4, 3, 2)
1
(78, 44)
-> Request 2
215
(1, 3, 1)
2
(43, 55)
-> Request 3
335
(4, 3, 1)
1
(14, 12)
-> Request 4
423
(4, 2, 2)
1
(33, 38)
-> Request 5
452
(4, 2, 1)
3
(50, 44)
-> Request 6
502
(3, 3, 2)
1
(71, 70)
-> Request 7
665
(3, 3, 1)
2
(28, 49)
-> Request 8
786
(4, 3, 1)
3
(73, 25)
-> Request 9
828
(2, 2, 1)
1
(31, 62)
-> Request 10
1065
(4, 3, 2)
2
(35, 21)
-> Request 11
1246
(4, 2, 1)
3
(10, 17)
--> Day : 1
-> Request 0
100
(2, 3, 2)
1
(79, 19)
-> Request 1
135
(4, 3, 2)
3
(68, 70)
-> Request 2
792
(4, 3, 1)
2
(50, 59)
-> Request 3
1099
(3, 2, 1)
1
(31, 63)
-> Request 4
1301
(3, 3, 1)
2
(26, 31)
-> Request 5
1301
(4, 3, 1)
2
(40, 17)
-> Request 6
1339
(2, 3, 2)
2
(2, 47)
--> Day : 2
-> Request 0
449
(3, 2, 1)
1
(71, 39)
-> Request 1
512
(4, 2, 1)
3
(64, 75)
-> Request 2
553
(4, 3, 2)
2
(3, 51)
-> Request 3
574
(4, 2, 2)
1
(9, 31)
-> Request 4
636
(2, 3, 1)
3
(22, 18)
-> Request 5
642
(2, 3, 2)
1
(22, 46)
-> Request 6
977
(2, 2, 1)
1
(47, 62)
-> Request 7
1007
(3, 1, 1)
1
(41, 15)
-> Request 8
1422
(3, 2, 1)
1
(15, 50)
--> Day : 3
-> Request 0
193
(3, 3, 1)
3
(44, 46)
-> Request 1
289
(4, 3, 2)
2
(25, 68)
-> Request 2
475
(3, 3, 2)
2
(28, 44)
-> Request 3
554
(3, 3, 1)
3
(65, 37)
-> Request 4
800
(3, 3, 1)
2
(77, 25)
-> Request 5
1010
(4, 2, 1)
1
(28, 57)
--> Day : 4
-> Request 0
296
(4, 3, 1)
2
(57, 28)
-> Request 1
298
(4, 3, 1)
1
(20, 7)
-> Request 2
450
(3, 3, 1)
3
(19, 36)
-> Request 3
585
(2, 2, 1)
3
(7, 76)
-> Request 4
716
(4, 2, 2)
2
(22, 47)
-> Request 5
777
(4, 3, 2)
3
(41, 27)
-> Request 6
790
(2, 3, 2)
3
(20, 58)
-> Request 7
969
(2, 3, 2)
2
(33, 78)
-> Request 8
1163
(3, 3, 1)
1
(47, 51)
-> Request 9
1402
(1, 1, 2)
1
(35, 25)
---> Week : 5
--> Day : 0
-> Request 0
206
(4, 2, 2)
1
(76, 4)
-> Request 1
306
(4, 2, 1)
2
(25, 33)
-> Request 2
994
(3, 3, 2)
2
(5, 15)
-> Request 3
1111
(1, 2, 2)
3
(25, 52)
-> Request 4
1251
(4, 3, 1)
2
(60, 28)
-> Request 5
1270
(2, 3, 1)
3
(66, 18)
-> Request 6
1302
(1, 2, 1)
2
(31, 44)
-> Request 7
1332
(4, 2, 1)
2
(28, 12)
--> Day : 1
-> Request 0
49
(4, 3, 2)
2
(65, 1)
-> Request 1
237
(2, 3, 2)
1
(58, 65)
-> Request 2
333
(3, 2, 1)
2
(74, 57)
-> Request 3
390
(4, 2, 2)
3
(57, 6)
-> Request 4
575
(3, 3, 1)
3
(12, 61)
-> Request 5
824
(3, 3, 1)
1
(75, 48)
-> Request 6
982
(4, 3, 2)
3
(65, 67)
-> Request 7
1085
(3, 3, 2)
1
(2, 45)
-> Request 8
1172
(3, 3, 2)
1
(54, 62)
-> Request 9
1366
(4, 3, 2)
1
(22, 11)
-> Request 10
1369
(2, 2, 1)
1
(79, 78)
--> Day : 2
-> Request 0
286
(4, 3, 2)
3
(71, 23)
-> Request 1
556
(4, 3, 2)
1
(55, 69)
-> Request 2
917
(4, 3, 1)
3
(52, 22)
-> Request 3
992
(4, 3, 2)
2
(57, 79)
--> Day : 3
-> Request 0
86
(3, 2, 1)
2
(78, 57)
-> Request 1
99
(4, 3, 2)
3
(6, 8)
-> Request 2
163
(4, 3, 1)
3
(77, 52)
-> Request 3
201
(2, 3, 2)
3
(69, 47)
-> Request 4
539
(4, 2, 2)
3
(78, 36)
-> Request 5
692
(3, 1, 1)
1
(27, 70)
-> Request 6
1112
(4, 2, 1)
1
(38, 73)
-> Request 7
1148
(4, 1, 1)
1
(13, 14)
-> Request 8
1197
(4, 2, 1)
2
(28, 24)
-> Request 9
1361
(3, 3, 2)
3
(21, 29)
--> Day : 4
-> Request 0
272
(4, 2, 1)
3
(36, 77)
-> Request 1
458
(4, 2, 2)
1
(25, 66)
-> Request 2
654
(4, 3, 2)
2
(3, 2)
-> Request 3
719
(4, 3, 1)
2
(51, 60)
-> Request 4
865
(4, 3, 1)
3
(25, 26)
-> Request 5
935
(4, 3, 2)
2
(33, 38)
-> Request 6
978
(3, 3, 1)
2
(14, 70)
-> Request 7
1108
(4, 1, 2)
1
(46, 6)
-> Request 8
1382
(2, 2, 2)
2
(13, 22)
-> Request 9
1398
(3, 2, 1)
1
(6, 4)
---> Week : 6
--> Day : 0
-> Request 0
260
(4, 3, 1)
3
(49, 27)
-> Request 1
354
(4, 2, 2)
3
(1, 39)
-> Request 2
388
(4, 2, 2)
1
(21, 50)
-> Request 3
760
(4, 3, 2)
3
(71, 66)
-> Request 4
790
(2, 3, 2)
3
(64, 52)
-> Request 5
837
(2, 3, 2)
1
(50, 60)
-> Request 6
867
(2, 3, 2)
2
(10, 0)
-> Request 7
874
(4, 3, 1)
2
(54, 52)
-> Request 8
902
(4, 2, 2)
1
(51, 8)
-> Request 9
1083
(3, 2, 1)
3
(19, 27)
-> Request 10
1107
(4, 3, 2)
3
(56, 68)
-> Request 11
1129
(4, 1, 2)
2
(56, 18)
-> Request 12
1377
(4, 2, 2)
2
(42, 61)
--> Day : 1
-> Request 0
440
(2, 2, 2)
2
(5, 17)
-> Request 1
736
(4, 2, 1)
1
(66, 68)
-> Request 2
910
(4, 3, 1)
3
(5, 35)
-> Request 3
1018
(4, 2, 2)
2
(51, 77)
-> Request 4
1032
(4, 2, 2)
3
(13, 11)
-> Request 5
1115
(4, 1, 2)
2
(8, 15)
--> Day : 2
-> Request 0
92
(3, 3, 1)
1
(29, 5)
-> Request 1
210
(4, 3, 2)
1
(75, 68)
-> Request 2
921
(4, 2, 2)
2
(77, 70)
-> Request 3
987
(3, 3, 1)
3
(60, 6)
-> Request 4
1082
(4, 3, 2)
1
(52, 33)
-> Request 5
1257
(3, 3, 2)
3
(48, 40)
-> Request 6
1317
(2, 2, 2)
1
(25, 30)
-> Request 7
1380
(4, 3, 1)
1
(10, 13)
--> Day : 3
-> Request 0
2
(3, 3, 2)
1
(55, 10)
-> Request 1
68
(4, 3, 1)
2
(12, 44)
-> Request 2
150
(4, 3, 1)
1
(14, 11)
-> Request 3
485
(3, 1, 2)
2
(46, 71)
-> Request 4
534
(4, 3, 1)
2
(63, 13)
-> Request 5
538
(4, 3, 2)
3
(11, 71)
-> Request 6
645
(1, 2, 2)
3
(50, 79)
-> Request 7
655
(3, 2, 1)
1
(59, 4)
-> Request 8
658
(4, 2, 2)
1
(12, 51)
-> Request 9
734
(3, 3, 2)
2
(75, 22)
-> Request 10
901
(1, 3, 1)
1
(9, 59)
-> Request 11
997
(3, 3, 1)
1
(16, 71)
-> Request 12
1068
(1, 2, 2)
3
(6, 64)
-> Request 13
1381
(3, 2, 2)
1
(50, 37)
--> Day : 4
-> Request 0
25
(4, 2, 1)
1
(0, 21)
-> Request 1
176
(4, 3, 1)
2
(43, 47)
-> Request 2
177
(3, 3, 1)
2
(65, 42)
-> Request 3
268
(3, 3, 2)
1
(74, 14)
-> Request 4
605
(3, 3, 1)
1
(46, 17)
-> Request 5
726
(4, 1, 1)
3
(9, 60)
-> Request 6
867
(4, 3, 2)
1
(14, 40)
-> Request 7
1059
(3, 3, 2)
2
(33, 54)
-> Request 8
1105
(3, 3, 2)
1
(68, 19)
-> Request 9
1286
(3, 3, 1)
2
(11, 5)
-> Request 10
1403
(1, 3, 2)
1
(52, 22)
-> Request 11
1433
(3, 3, 1)
3
(1, 39)
---> Week : 7
--> Day : 0
-> Request 0
24
(3, 3, 1)
2
(53, 41)
-> Request 1
113
(4, 3, 1)
1
(4, 5)
-> Request 2
935
(4, 3, 1)
2
(74, 68)
-> Request 3
939
(2, 2, 2)
2
(59, 31)
-> Request 4
1226
(3, 3, 1)
1
(9, 7)
-> Request 5
1295
(4, 3, 2)
1
(75, 53)
-> Request 6
1301
(2, 2, 2)
3
(22, 55)
-> Request 7
1405
(4, 2, 1)
2
(24, 38)
--> Day : 1
-> Request 0
298
(4, 3, 1)
2
(77, 75)
-> Request 1
329
(4, 2, 2)
1
(60, 46)
-> Request 2
516
(4, 3, 1)
3
(45, 0)
-> Request 3
536
(3, 1, 1)
2
(65, 9)
-> Request 4
736
(4, 2, 2)
3
(28, 59)
-> Request 5
804
(4, 3, 2)
1
(21, 32)
-> Request 6
944
(4, 3, 2)
2
(12, 49)
-> Request 7
967
(4, 2, 1)
3
(44, 5)
-> Request 8
1160
(1, 3, 1)
3
(9, 27)
-> Request 9
1309
(3, 1, 2)
2
(9, 30)
-> Request 10
1378
(3, 2, 1)
1
(15, 11)
--> Day : 2
-> Request 0
121
(3, 3, 2)
1
(47, 47)
-> Request 1
217
(4, 3, 1)
2
(7, 35)
-> Request 2
350
(4, 3, 2)
1
(47, 72)
-> Request 3
549
(2, 2, 1)
2
(42, 27)
-> Request 4
591
(2, 3, 1)
3
(21, 29)
-> Request 5
668
(3, 2, 2)
3
(18, 56)
-> Request 6
824
(3, 3, 1)
3
(58, 1)
-> Request 7
935
(4, 2, 1)
3
(22, 50)
-> Request 8
1003
(4, 3, 2)
2
(63, 18)
-> Request 9
1026
(3, 3, 2)
1
(6, 10)
-> Request 10
1160
(3, 1, 2)
3
(27, 53)
-> Request 11
1352
(4, 2, 1)
1
(35, 23)
-> Request 12
1375
(2, 1, 1)
3
(68, 0)
-> Request 13
1439
(2, 3, 1)
1
(11, 11)
--> Day : 3
-> Request 0
288
(4, 2, 1)
2
(53, 10)
-> Request 1
406
(4, 3, 1)
2
(0, 78)
-> Request 2
737
(3, 2, 1)
1
(16, 67)
-> Request 3
752
(2, 3, 2)
2
(35, 38)
-> Request 4
841
(4, 2, 2)
3
(41, 12)
-> Request 5
1105
(3, 3, 2)
3
(48, 5)
-> Request 6
1180
(2, 3, 2)
3
(2, 33)
-> Request 7
1206
(4, 3, 2)
1
(64, 71)
--> Day : 4
-> Request 0
32
(3, 3, 2)
2
(67, 26)
-> Request 1
125
(3, 3, 1)
2
(27, 57)
-> Request 2
178
(4, 3, 1)
3
(61, 12)
-> Request 3
351
(4, 3, 2)
3
(23, 37)
-> Request 4
371
(4, 3, 1)
2
(42, 58)
-> Request 5
512
(4, 3, 1)
1
(8, 28)
-> Request 6
678
(4, 3, 1)
3
(5, 63)
-> Request 7
730
(4, 2, 1)
2
(1, 56)
-> Request 8
789
(1, 2, 2)
1
(67, 32)
-> Request 9
1151
(4, 3, 2)
2
(75, 7)
-> Request 10
1337
(4, 3, 1)
1
(22, 78)
-> Request 11
1337
(4, 3, 1)
3
(66, 79)
---> Week : 8
--> Day : 0
-> Request 0
57
(4, 3, 2)
2
(62, 12)
-> Request 1
90
(4, 3, 2)
2
(65, 36)
-> Request 2
205
(4, 3, 1)
1
(4, 48)
-> Request 3
343
(4, 3, 1)
1
(62, 46)
-> Request 4
394
(4, 3, 1)
2
(58, 3)
-> Request 5
581
(4, 3, 1)
3
(51, 40)
-> Request 6
625
(4, 3, 1)
3
(23, 27)
-> Request 7
786
(3, 3, 2)
3
(75, 1)
-> Request 8
857
(3, 3, 2)
2
(27, 65)
-> Request 9
917
(4, 3, 1)
1
(2, 32)
-> Request 10
923
(4, 3, 1)
2
(74, 2)
--> Day : 1
-> Request 0
73
(4, 2, 1)
3
(40, 69)
-> Request 1
127
(4, 2, 2)
3
(20, 4)
-> Request 2
398
(1, 2, 2)
2
(79, 38)
-> Request 3
411
(3, 3, 1)
1
(44, 55)
-> Request 4
682
(4, 2, 1)
3
(12, 8)
-> Request 5
890
(2, 3, 2)
1
(17, 67)
-> Request 6
993
(4, 2, 1)
2
(54, 49)
-> Request 7
1113
(4, 2, 1)
2
(52, 29)
-> Request 8
1418
(3, 3, 1)
3
(54, 21)
--> Day : 2
-> Request 0
246
(4, 3, 2)
3
(15, 37)
-> Request 1
584
(4, 2, 1)
1
(50, 52)
-> Request 2
651
(3, 3, 1)
2
(72, 11)
-> Request 3
846
(4, 3, 2)
3
(38, 72)
-> Request 4
1274
(3, 2, 1)
3
(4, 71)
-> Request 5
1402
(4, 2, 2)
3
(50, 13)
--> Day : 3
-> Request 0
98
(4, 2, 1)
2
(10, 30)
-> Request 1
286
(3, 3, 2)
2
(53, 0)
-> Request 2
313
(4, 3, 1)
3
(46, 2)
-> Request 3
495
(2, 3, 2)
2
(14, 23)
-> Request 4
681
(4, 3, 2)
2
(76, 52)
-> Request 5
739
(4, 3, 1)
1
(5, 50)
-> Request 6
768
(3, 3, 2)
2
(48, 53)
-> Request 7
967
(3, 3, 1)
1
(70, 68)
-> Request 8
1034
(3, 2, 1)
2
(15, 27)
-> Request 9
1041
(2, 3, 2)
1
(5, 57)
-> Request 10
1049
(4, 3, 2)
2
(2, 7)
-> Request 11
1085
(4, 3, 1)
3
(29, 61)
-> Request 12
1275
(2, 2, 2)
2
(4, 42)
--> Day : 4
-> Request 0
122
(3, 3, 2)
1
(52, 41)
-> Request 1
276
(3, 3, 1)
1
(58, 58)
-> Request 2
519
(4, 2, 2)
1
(64, 23)
-> Request 3
526
(4, 3, 1)
1
(65, 58)
-> Request 4
718
(4, 3, 2)
3
(4, 49)
-> Request 5
901
(4, 3, 1)
1
(76, 54)
-> Request 6
1061
(4, 2, 2)
1
(72, 8)
-> Request 7
1120
(4, 2, 1)
3
(69, 38)
-> Request 8
1438
(2, 3, 2)
3
(5, 60)
---> Week : 9
--> Day : 0
-> Request 0
77
(3, 2, 1)
2
(42, 18)
-> Request 1
88
(4, 3, 2)
2
(57, 31)
-> Request 2
190
(2, 2, 2)
3
(51, 32)
-> Request 3
374
(1, 3, 1)
1
(34, 38)
-> Request 4
389
(4, 3, 2)
3
(70, 11)
-> Request 5
442
(4, 3, 2)
2
(20, 60)
-> Request 6
602
(3, 3, 2)
1
(56, 56)
-> Request 7
861
(4, 3, 1)
3
(30, 60)
-> Request 8
939
(2, 3, 1)
2
(24, 72)
-> Request 9
1034
(4, 2, 1)
3
(54, 12)
-> Request 10
1186
(4, 2, 2)
3
(53, 62)
-> Request 11
1320
(4, 3, 1)
3
(8, 28)
-> Request 12
1368
(3, 3, 1)
3
(35, 58)
--> Day : 1
-> Request 0
65
(4, 2, 1)
3
(2, 42)
-> Request 1
72
(2, 3, 2)
2
(20, 46)
-> Request 2
291
(2, 3, 1)
3
(1, 34)
-> Request 3
517
(3, 2, 2)
2
(50, 60)
-> Request 4
765
(3, 3, 1)
3
(9, 31)
-> Request 5
836
(3, 3, 2)
3
(76, 79)
-> Request 6
1117
(3, 3, 2)
2
(5, 12)
-> Request 7
1207
(2, 3, 2)
1
(56, 64)
--> Day : 2
-> Request 0
375
(4, 3, 1)
2
(64, 55)
-> Request 1
404
(2, 3, 2)
3
(10, 55)
-> Request 2
405
(4, 2, 1)
3
(26, 0)
-> Request 3
542
(3, 3, 1)
1
(24, 5)
-> Request 4
609
(4, 3, 1)
3
(79, 50)
-> Request 5
641
(4, 3, 2)
1
(20, 31)
-> Request 6
747
(2, 2, 2)
3
(35, 79)
-> Request 7
940
(3, 2, 2)
3
(10, 45)
-> Request 8
966
(4, 3, 1)
2
(25, 6)
-> Request 9
1196
(4, 2, 2)
2
(24, 4)
--> Day : 3
-> Request 0
118
(2, 3, 1)
3
(66, 46)
-> Request 1
182
(3, 3, 1)
1
(42, 11)
-> Request 2
560
(3, 2, 1)
3
(69, 53)
-> Request 3
574
(4, 1, 2)
1
(66, 76)
-> Request 4
623
(3, 3, 1)
2
(20, 35)
-> Request 5
707
(3, 2, 2)
3
(12, 50)
-> Request 6
769
(3, 1, 2)
3
(57, 72)
-> Request 7
798
(3, 3, 2)
2
(41, 11)
-> Request 8
1055
(4, 1, 1)
1
(44, 8)
-> Request 9
1417
(4, 2, 2)
2
(66, 77)
-> Request 10
1438
(3, 2, 1)
2
(0, 41)
--> Day : 4
-> Request 0
30
(4, 3, 1)
3
(62, 71)
-> Request 1
285
(4, 3, 1)
2
(62, 79)
-> Request 2
629
(4, 3, 1)
2
(60, 29)
-> Request 3
639
(4, 3, 1)
1
(5, 6)
-> Request 4
705
(3, 2, 1)
1
(39, 16)
-> Request 5
839
(4, 3, 2)
3
(17, 54)
-> Request 6
891
(3, 3, 2)
3
(6, 9)
-> Request 7
936
(2, 2, 1)
1
(6, 10)
-> Request 8
1031
(4, 3, 2)
3
(57, 23)
-> Request 9
1083
(4, 3, 1)
2
(77, 23)
-> Request 10
1239
(3, 2, 2)
2
(17, 72)
-> Request 11
1331
(3, 2, 1)
3
(58, 66)
-> Request 12
1389
(3, 3, 2)
1
(65, 6)
---> Week : 10
--> Day : 0
-> Request 0
234
(4, 2, 2)
2
(52, 19)
-> Request 1
275
(4, 2, 1)
2
(66, 31)
-> Request 2
659
(2, 3, 2)
2
(11, 16)
-> Request 3
855
(1, 2, 2)
2
(59, 20)
-> Request 4
865
(1, 2, 2)
3
(8, 23)
-> Request 5
1151
(4, 3, 1)
2
(75, 47)
-> Request 6
1207
(4, 3, 1)
3
(29, 34)
-> Request 7
1219
(2, 1, 1)
1
(35, 79)
-> Request 8
1261
(4, 3, 2)
2
(23, 21)
-> Request 9
1287
(3, 3, 1)
3
(30, 77)
-> Request 10
1409
(3, 3, 2)
1
(43, 26)
--> Day : 1
-> Request 0
240
(3, 2, 2)
1
(39, 24)
-> Request 1
288
(4, 3, 1)
1
(35, 43)
-> Request 2
437
(4, 1, 1)
2
(39, 73)
-> Request 3
482
(4, 3, 1)
3
(68, 48)
-> Request 4
929
(3, 2, 1)
2
(76, 22)
-> Request 5
983
(3, 2, 1)
2
(13, 16)
-> Request 6
1009
(3, 2, 1)
2
(4, 51)
-> Request 7
1218
(4, 2, 2)
1
(45, 65)
-> Request 8
1412
(4, 2, 1)
1
(3, 78)
--> Day : 2
-> Request 0
150
(3, 3, 2)
2
(17, 75)
-> Request 1
154
(2, 2, 2)
1
(69, 33)
-> Request 2
187
(2, 2, 2)
1
(71, 32)
-> Request 3
388
(4, 3, 2)
2
(5, 58)
-> Request 4
681
(3, 3, 2)
2
(42, 48)
-> Request 5
781
(4, 3, 2)
2
(35, 65)
-> Request 6
871
(4, 3, 1)
1
(45, 2)
-> Request 7
1008
(4, 3, 1)
2
(68, 38)
-> Request 8
1073
(3, 1, 1)
2
(46, 79)
--> Day : 3
-> Request 0
19
(2, 3, 2)
1
(29, 5)
-> Request 1
395
(3, 3, 1)
2
(47, 73)
-> Request 2
421
(3, 3, 1)
1
(58, 42)
-> Request 3
450
(3, 3, 2)
3
(40, 66)
-> Request 4
660
(4, 3, 2)
3
(50, 45)
-> Request 5
900
(3, 3, 2)
2
(29, 53)
-> Request 6
1032
(3, 3, 2)
2
(52, 39)
-> Request 7
1107
(3, 2, 1)
1
(77, 77)
-> Request 8
1247
(4, 3, 2)
2
(16, 46)
-> Request 9
1320
(4, 3, 1)
3
(68, 1)
-> Request 10
1330
(1, 3, 2)
2
(17, 51)
-> Request 11
1350
(4, 3, 2)
2
(20, 7)
-> Request 12
1410
(4, 2, 1)
1
(59, 8)
--> Day : 4
-> Request 0
34
(4, 3, 1)
3
(77, 77)
-> Request 1
435
(4, 3, 2)
2
(18, 74)
-> Request 2
594
(4, 3, 2)
2
(60, 63)
-> Request 3
702
(4, 3, 2)
2
(58, 35)
-> Request 4
741
(3, 3, 1)
1
(73, 8)
-> Request 5
774
(4, 3, 1)
1
(1, 37)
-> Request 6
780
(1, 3, 2)
1
(6, 24)
-> Request 7
1121
(3, 2, 2)
3
(16, 6)
-> Request 8
1184
(4, 3, 2)
3
(44, 67)
-> Request 9
1204
(2, 2, 2)
3
(51, 55)
-> Request 10
1240
(2, 2, 1)
3
(62, 28)
-> Request 11
1367
(2, 3, 2)
2
(19, 51)
-> Request 12
1399
(2, 2, 2)
2
(26, 78)
---> Week : 11
--> Day : 0
-> Request 0
72
(3, 3, 1)
3
(23, 40)
-> Request 1
251
(2, 2, 2)
1
(14, 70)
-> Request 2
575
(4, 3, 2)
2
(61, 70)
-> Request 3
860
(2, 3, 2)
1
(3, 54)
-> Request 4
1041
(4, 2, 1)
2
(12, 25)
-> Request 5
1132
(4, 3, 1)
1
(41, 29)
-> Request 6
1192
(4, 3, 1)
3
(5, 16)
-> Request 7
1227
(4, 2, 2)
2
(65, 42)
-> Request 8
1240
(2, 2, 1)
2
(43, 4)
-> Request 9
1281
(4, 3, 2)
3
(29, 26)
-> Request 10
1380
(3, 1, 1)
3
(34, 42)
-> Request 11
1395
(3, 2, 2)
2
(31, 49)
--> Day : 1
-> Request 0
224
(2, 3, 2)
2
(0, 4)
-> Request 1
265
(4, 3, 2)
1
(0, 35)
-> Request 2
619
(4, 2, 1)
3
(7, 13)
-> Request 3
1075
(4, 1, 1)
1
(9, 63)
-> Request 4
1337
(3, 3, 1)
1
(77, 47)
--> Day : 2
-> Request 0
83
(3, 3, 1)
2
(3, 66)
-> Request 1
305
(3, 3, 1)
1
(15, 31)
-> Request 2
324
(4, 3, 2)
1
(57, 45)
-> Request 3
377
(2, 2, 2)
3
(50, 11)
-> Request 4
404
(4, 3, 2)
1
(56, 63)
-> Request 5
606
(3, 3, 2)
2
(69, 62)
-> Request 6
620
(3, 1, 2)
3
(71, 59)
-> Request 7
840
(4, 3, 2)
3
(18, 75)
-> Request 8
843
(3, 2, 2)
3
(37, 26)
-> Request 9
1003
(3, 3, 1)
3
(39, 44)
-> Request 10
1118
(4, 3, 1)
3
(16, 21)
-> Request 11
1166
(3, 2, 1)
3
(38, 22)
--> Day : 3
-> Request 0
116
(4, 2, 1)
2
(76, 67)
-> Request 1
168
(4, 3, 1)
1
(78, 39)
-> Request 2
341
(4, 2, 1)
1
(74, 72)
-> Request 3
346
(4, 2, 2)
1
(66, 38)
-> Request 4
574
(4, 2, 1)
1
(2, 26)
-> Request 5
770
(3, 1, 1)
2
(6, 65)
-> Request 6
965
(3, 3, 2)
2
(77, 6)
-> Request 7
1104
(3, 3, 2)
1
(8, 39)
-> Request 8
1152
(3, 3, 1)
2
(12, 42)
-> Request 9
1154
(2, 3, 2)
1
(5, 28)
-> Request 10
1224
(4, 3, 1)
2
(11, 65)
-> Request 11
1227
(4, 3, 1)
3
(56, 65)
-> Request 12
1326
(4, 3, 1)
2
(66, 77)
--> Day : 4
-> Request 0
196
(3, 3, 2)
3
(69, 1)
-> Request 1
249
(4, 3, 1)
3
(72, 63)
-> Request 2
543
(4, 3, 2)
2
(14, 14)
-> Request 3
972
(3, 3, 2)
1
(61, 50)
-> Request 4
1190
(4, 2, 1)
1
(11, 40)
-> Request 5
1276
(3, 3, 1)
2
(15, 63)
-> Request 6
1388
(1, 3, 1)
3
(14, 13)
---> Week : 12
--> Day : 0
-> Request 0
7
(4, 3, 1)
2
(76, 67)
-> Request 1
52
(3, 3, 2)
1
(36, 17)
-> Request 2
321
(2, 3, 2)
2
(8, 45)
-> Request 3
388
(4, 3, 2)
2
(56, 19)
-> Request 4
568
(4, 3, 1)
2
(62, 46)
-> Request 5
967
(4, 3, 1)
2
(12, 38)
-> Request 6
1336
(3, 3, 2)
3
(34, 38)
-> Request 7
1384
(4, 2, 2)
1
(44, 17)
-> Request 8
1387
(4, 2, 2)
1
(79, 14)
--> Day : 1
-> Request 0
54
(3, 3, 2)
2
(64, 65)
-> Request 1
120
(3, 2, 1)
2
(79, 62)
-> Request 2
151
(3, 1, 2)
2
(45, 51)
-> Request 3
157
(4, 3, 2)
2
(51, 73)
-> Request 4
341
(4, 3, 1)
1
(1, 27)
-> Request 5
364
(3, 3, 2)
3
(40, 20)
-> Request 6
503
(4, 3, 2)
2
(55, 65)
-> Request 7
549
(2, 3, 2)
2
(16, 68)
-> Request 8
1282
(3, 1, 2)
3
(53, 6)
-> Request 9
1404
(4, 3, 1)
1
(68, 14)
--> Day : 2
-> Request 0
137
(2, 3, 1)
3
(15, 26)
-> Request 1
168
(4, 2, 2)
3
(5, 66)
-> Request 2
194
(3, 3, 1)
3
(31, 74)
-> Request 3
242
(4, 3, 2)
3
(67, 6)
-> Request 4
398
(4, 3, 2)
2
(16, 9)
-> Request 5
870
(3, 2, 2)
2
(16, 39)
-> Request 6
1039
(2, 3, 1)
3
(35, 14)
-> Request 7
1155
(4, 2, 1)
2
(69, 57)
-> Request 8
1209
(2, 2, 2)
2
(13, 60)
-> Request 9
1278
(1, 3, 2)
1
(17, 65)
-> Request 10
1358
(3, 2, 1)
2
(42, 16)
-> Request 11
1407
(4, 3, 1)
2
(39, 22)
-> Request 12
1430
(3, 2, 2)
3
(7, 13)
--> Day : 3
-> Request 0
54
(2, 3, 2)
1
(7, 35)
-> Request 1
61
(4, 1, 1)
3
(22, 43)
-> Request 2
125
(4, 2, 1)
3
(36, 69)
-> Request 3
350
(4, 3, 1)
3
(40, 52)
-> Request 4
699
(1, 2, 2)
3
(23, 72)
-> Request 5
790
(3, 3, 2)
3
(13, 11)
-> Request 6
855
(4, 3, 1)
2
(58, 63)
-> Request 7
1161
(3, 3, 2)
2
(0, 26)
-> Request 8
1181
(4, 3, 1)
1
(17, 59)
-> Request 9
1217
(4, 3, 2)
2
(71, 59)
--> Day : 4
-> Request 0
24
(4, 3, 2)
1
(79, 51)
-> Request 1
48
(3, 2, 1)
2
(66, 56)
-> Request 2
56
(4, 1, 2)
3
(5, 40)
-> Request 3
99
(4, 3, 1)
2
(10, 18)
-> Request 4
142
(2, 2, 1)
1
(7, 64)
-> Request 5
227
(3, 3, 2)
1
(40, 33)
-> Request 6
631
(2, 2, 1)
1
(45, 49)
-> Request 7
766
(2, 3, 1)
1
(13, 43)
-> Request 8
801
(2, 3, 2)
1
(62, 59)
-> Request 9
1063
(4, 1, 1)
2
(25, 76)
-> Request 10
1104
(4, 2, 2)
3
(70, 46)
-> Request 11
1265
(4, 2, 2)
2
(14, 74)
-> Request 12
1388
(3, 2, 2)
3
(40, 59)
---> Week : 13
--> Day : 0
-> Request 0
32
(3, 3, 2)
2
(73, 54)
-> Request 1
279
(3, 3, 2)
3
(6, 29)
-> Request 2
323
(4, 3, 1)
1
(51, 5)
-> Request 3
360
(4, 3, 2)
1
(8, 16)
-> Request 4
377
(4, 2, 2)
3
(35, 59)
-> Request 5
438
(3, 3, 1)
2
(15, 48)
-> Request 6
726
(4, 3, 1)
1
(5, 77)
-> Request 7
727
(4, 3, 1)
3
(25, 61)
-> Request 8
868
(4, 2, 1)
1
(4, 28)
-> Request 9
1139
(4, 3, 2)
2
(4, 51)
-> Request 10
1195
(4, 3, 1)
1
(42, 32)
-> Request 11
1404
(4, 2, 1)
2
(14, 5)
--> Day : 1
-> Request 0
135
(3, 2, 1)
2
(33, 37)
-> Request 1
356
(1, 1, 1)
3
(15, 62)
-> Request 2
438
(3, 3, 2)
1
(53, 58)
-> Request 3
438
(2, 3, 1)
2
(69, 62)
-> Request 4
476
(3, 3, 1)
1
(35, 1)
-> Request 5
618
(4, 3, 2)
2
(31, 27)
-> Request 6
673
(3, 2, 2)
1
(49, 30)
-> Request 7
721
(4, 3, 1)
3
(50, 47)
-> Request 8
808
(4, 1, 1)
1
(49, 0)
-> Request 9
884
(1, 3, 1)
2
(55, 49)
-> Request 10
1256
(3, 3, 1)
1
(6, 75)
--> Day : 2
-> Request 0
24
(4, 2, 2)
2
(36, 7)
-> Request 1
64
(2, 3, 1)
3
(50, 17)
-> Request 2
186
(3, 3, 1)
2
(3, 47)
-> Request 3
229
(4, 3, 1)
1
(6, 42)
-> Request 4
245
(3, 3, 2)
3
(3, 66)
-> Request 5
472
(1, 2, 2)
1
(37, 42)
-> Request 6
553
(3, 3, 2)
2
(34, 56)
-> Request 7
802
(4, 2, 2)
3
(24, 30)
-> Request 8
1169
(4, 3, 1)
1
(75, 54)
-> Request 9
1296
(2, 3, 2)
3
(63, 9)
-> Request 10
1396
(3, 3, 2)
1
(63, 34)
--> Day : 3
-> Request 0
10
(3, 3, 2)
2
(21, 25)
-> Request 1
90
(3, 3, 2)
1
(79, 49)
-> Request 2
557
(4, 3, 2)
2
(79, 5)
-> Request 3
764
(4, 3, 2)
3
(53, 10)
-> Request 4
901
(4, 2, 1)
3
(14, 33)
-> Request 5
1194
(2, 3, 2)
3
(51, 62)
--> Day : 4
-> Request 0
312
(4, 2, 2)
2
(30, 74)
-> Request 1
323
(2, 2, 1)
2
(47, 56)
-> Request 2
434
(1, 3, 1)
2
(45, 5)
-> Request 3
448
(3, 3, 2)
1
(44, 69)
-> Request 4
521
(3, 3, 2)
2
(0, 14)
-> Request 5
972
(3, 3, 1)
2
(41, 72)
-> Request 6
1292
(2, 2, 1)
3
(37, 1)
-> Request 7
1382
(4, 2, 1)
3
(17, 63)
-> Request 8
1426
(3, 3, 1)
1
(49, 73)
-> Request 9
1429
(4, 3, 2)
1
(11, 4)
---> Week : 14
--> Day : 0
-> Request 0
915
(4, 3, 2)
1
(43, 18)
-> Request 1
971
(4, 3, 2)
3
(26, 5)
-> Request 2
1048
(4, 2, 1)
3
(18, 25)
-> Request 3
1095
(4, 2, 2)
3
(56, 25)
-> Request 4
1117
(4, 2, 2)
3
(4, 26)
-> Request 5
1327
(3, 2, 1)
3
(39, 47)
--> Day : 1
-> Request 0
60
(3, 3, 1)
2
(16, 34)
-> Request 1
87
(2, 3, 1)
2
(52, 72)
-> Request 2
221
(3, 3, 2)
1
(65, 58)
-> Request 3
357
(4, 3, 1)
2
(33, 61)
-> Request 4
507
(4, 3, 2)
1
(73, 57)
-> Request 5
746
(3, 3, 2)
3
(41, 76)
-> Request 6
754
(4, 1, 1)
1
(42, 66)
-> Request 7
949
(4, 3, 1)
2
(25, 20)
-> Request 8
1114
(4, 3, 2)
2
(27, 10)
-> Request 9
1277
(2, 3, 1)
2
(33, 14)
-> Request 10
1300
(4, 3, 2)
1
(9, 50)
--> Day : 2
-> Request 0
232
(4, 3, 1)
3
(50, 53)
-> Request 1
939
(4, 3, 1)
1
(14, 69)
--> Day : 3
-> Request 0
36
(4, 3, 1)
2
(23, 34)
-> Request 1
685
(4, 3, 1)
1
(26, 28)
-> Request 2
773
(3, 3, 1)
1
(9, 47)
-> Request 3
900
(3, 3, 1)
2
(55, 61)
-> Request 4
1001
(4, 3, 2)
2
(18, 74)
-> Request 5
1090
(3, 2, 2)
2
(63, 54)
-> Request 6
1149
(2, 3, 2)
2
(6, 37)
-> Request 7
1174
(3, 3, 2)
1
(53, 13)
-> Request 8
1176
(4, 2, 1)
2
(50, 35)
--> Day : 4
-> Request 0
224
(1, 3, 2)
1
(49, 5)
-> Request 1
319
(3, 3, 2)
1
(29, 29)
-> Request 2
466
(3, 2, 1)
3
(74, 51)
-> Request 3
500
(3, 2, 1)
3
(25, 70)
-> Request 4
560
(4, 2, 2)
2
(19, 70)
-> Request 5
926
(3, 2, 1)
3
(3, 13)
-> Request 6
1303
(4, 2, 1)
2
(15, 21)
-> Request 7
1425
(4, 1, 2)
2
(66, 20)
---> Week : 15
--> Day : 0
-> Request 0
136
(1, 2, 2)
2
(62, 33)
-> Request 1
249
(4, 3, 1)
3
(44, 52)
-> Request 2
284
(3, 2, 2)
1
(40, 5)
-> Request 3
779
(4, 3, 1)
2
(7, 79)
-> Request 4
1020
(2, 3, 2)
2
(42, 22)
-> Request 5
1214
(4, 3, 2)
1
(76, 15)
-> Request 6
1297
(2, 3, 1)
1
(52, 5)
--> Day : 1
-> Request 0
63
(4, 2, 1)
3
(65, 5)
-> Request 1
381
(1, 2, 2)
1
(37, 46)
-> Request 2
451
(2, 2, 1)
1
(48, 38)
-> Request 3
461
(2, 3, 1)
2
(64, 22)
-> Request 4
535
(3, 2, 1)
1
(55, 12)
-> Request 5
1043
(4, 3, 2)
3
(51, 4)
-> Request 6
1144
(3, 3, 2)
2
(19, 68)
-> Request 7
1209
(3, 3, 2)
2
(4, 71)
--> Day : 2
-> Request 0
7
(4, 2, 1)
2
(41, 18)
-> Request 1
241
(4, 3, 2)
1
(62, 61)
-> Request 2
346
(3, 2, 2)
1
(37, 79)
-> Request 3
359
(4, 2, 2)
2
(25, 16)
-> Request 4
600
(4, 3, 1)
2
(57, 58)
-> Request 5
716
(3, 2, 2)
2
(68, 36)
-> Request 6
1023
(3, 3, 1)
2
(1, 49)
-> Request 7
1165
(2, 2, 1)
3
(39, 30)
-> Request 8
1321
(4, 2, 1)
1
(1, 31)
-> Request 9
1391
(4, 2, 2)
2
(8, 70)
-> Request 10
1430
(4, 2, 1)
2
(41, 46)
--> Day : 3
-> Request 0
427
(3, 3, 1)
1
(50, 61)
-> Request 1
434
(3, 2, 1)
1
(7, 64)
-> Request 2
537
(2, 3, 2)
2
(39, 3)
-> Request 3
592
(1, 3, 1)
2
(37, 29)
-> Request 4
788
(4, 1, 2)
1
(26, 1)
-> Request 5
928
(3, 2, 1)
2
(12, 3)
-> Request 6
1065
(4, 3, 1)
2
(47, 44)
-> Request 7
1130
(4, 3, 2)
3
(42, 24)
-> Request 8
1156
(3, 2, 2)
1
(71, 36)
-> Request 9
1203
(4, 3, 2)
1
(42, 31)
-> Request 10
1390
(3, 1, 2)
1
(32, 49)
-> Request 11
1391
(4, 2, 2)
2
(12, 42)
--> Day : 4
-> Request 0
96
(4, 3, 2)
1
(18, 38)
-> Request 1
144
(2, 2, 2)
3
(52, 53)
-> Request 2
222
(4, 2, 2)
2
(32, 63)
-> Request 3
354
(4, 3, 1)
1
(30, 1)
-> Request 4
415
(2, 3, 1)
2
(31, 13)
-> Request 5
466
(3, 3, 2)
2
(56, 79)
-> Request 6
509
(4, 2, 2)
3
(62, 22)
-> Request 7
519
(4, 2, 1)
1
(56, 47)
-> Request 8
629
(4, 3, 2)
1
(72, 5)
-> Request 9
1414
(4, 3, 2)
3
(78, 50)
---> Week : 16
--> Day : 0
-> Request 0
95
(4, 1, 2)
2
(28, 25)
-> Request 1
201
(4, 2, 1)
3
(4, 45)
-> Request 2
270
(2, 2, 2)
1
(60, 15)
-> Request 3
480
(4, 2, 2)
3
(19, 14)
-> Request 4
634
(1, 3, 1)
2
(42, 1)
-> Request 5
636
(3, 2, 1)
1
(21, 45)
-> Request 6
639
(3, 2, 2)
3
(18, 18)
-> Request 7
903
(2, 2, 2)
2
(76, 4)
-> Request 8
1067
(3, 1, 2)
2
(76, 62)
-> Request 9
1171
(3, 2, 1)
3
(34, 60)
--> Day : 1
-> Request 0
1
(4, 3, 2)
3
(20, 12)
-> Request 1
224
(4, 3, 2)
2
(10, 74)
-> Request 2
650
(4, 3, 2)
3
(57, 32)
-> Request 3
890
(3, 1, 2)
1
(10, 19)
-> Request 4
1169
(3, 2, 1)
1
(76, 66)
-> Request 5
1326
(3, 3, 1)
3
(61, 70)
-> Request 6
1439
(4, 3, 2)
2
(35, 16)
--> Day : 2
-> Request 0
55
(3, 3, 1)
1
(19, 5)
-> Request 1
114
(4, 2, 2)
1
(71, 8)
-> Request 2
408
(1, 3, 1)
1
(31, 19)
--> Day : 3
-> Request 0
103
(3, 3, 2)
1
(48, 27)
-> Request 1
507
(4, 3, 2)
3
(55, 47)
-> Request 2
507
(3, 3, 2)
1
(67, 34)
-> Request 3
584
(3, 3, 2)
1
(56, 39)
-> Request 4
622
(4, 3, 2)
2
(40, 31)
-> Request 5
630
(4, 2, 2)
1
(70, 61)
-> Request 6
793
(3, 3, 1)
3
(27, 16)
-> Request 7
967
(3, 2, 2)
1
(16, 26)
-> Request 8
1274
(3, 3, 1)
2
(28, 67)
--> Day : 4
-> Request 0
29
(2, 3, 2)
3
(38, 73)
-> Request 1
1152
(4, 1, 1)
2
(9, 1)
-> Request 2
1204
(3, 2, 1)
2
(7, 77)
-> Request 3
1337
(2, 2, 1)
3
(5, 52)
-> Request 4
1416
(3, 2, 2)
2
(43, 18)
---> Week : 17
--> Day : 0
-> Request 0
81
(3, 3, 1)
1
(22, 11)
-> Request 1
214
(3, 2, 2)
3
(67, 19)
-> Request 2
227
(2, 3, 2)
1
(42, 39)
-> Request 3
308
(4, 3, 2)
2
(23, 39)
-> Request 4
466
(3, 3, 2)
2
(53, 78)
-> Request 5
494
(3, 3, 1)
1
(2, 0)
-> Request 6
678
(4, 3, 1)
3
(7, 69)
-> Request 7
758
(4, 2, 1)
1
(20, 77)
-> Request 8
929
(4, 3, 1)
3
(18, 20)
-> Request 9
1087
(2, 3, 1)
2
(73, 20)
-> Request 10
1218
(1, 2, 1)
1
(33, 36)
-> Request 11
1255
(3, 3, 1)
1
(75, 61)
-> Request 12
1265
(3, 2, 1)
1
(15, 0)
-> Request 13
1310
(2, 3, 1)
1
(63, 4)
-> Request 14
1373
(4, 2, 2)
1
(29, 22)
--> Day : 1
-> Request 0
364
(2, 3, 2)
3
(15, 77)
-> Request 1
662
(2, 1, 1)
3
(18, 56)
-> Request 2
944
(3, 3, 2)
1
(34, 54)
-> Request 3
1035
(2, 3, 1)
2
(67, 76)
-> Request 4
1216
(3, 3, 1)
1
(72, 58)
-> Request 5
1264
(4, 2, 2)
2
(5, 35)
-> Request 6
1408
(4, 3, 2)
2
(12, 35)
--> Day : 2
-> Request 0
69
(4, 3, 2)
3
(32, 42)
-> Request 1
417
(3, 3, 2)
1
(42, 40)
-> Request 2
667
(3, 3, 1)
3
(33, 17)
-> Request 3
698
(3, 3, 1)
2
(53, 34)
-> Request 4
727
(4, 2, 1)
3
(40, 46)
-> Request 5
807
(2, 2, 1)
1
(79, 66)
-> Request 6
840
(3, 2, 1)
3
(70, 36)
-> Request 7
849
(4, 3, 1)
2
(44, 71)
-> Request 8
1131
(2, 3, 1)
1
(73, 73)
-> Request 9
1174
(4, 3, 2)
3
(3, 65)
-> Request 10
1237
(4, 3, 1)
1
(32, 0)
-> Request 11
1239
(4, 3, 1)
2
(46, 67)
--> Day : 3
-> Request 0
318
(3, 3, 1)
1
(0, 51)
-> Request 1
589
(4, 3, 1)
3
(55, 24)
-> Request 2
780
(2, 3, 1)
2
(13, 66)
-> Request 3
952
(4, 2, 2)
2
(77, 62)
-> Request 4
1071
(4, 3, 2)
3
(71, 62)
-> Request 5
1190
(4, 3, 2)
2
(21, 9)
-> Request 6
1406
(4, 3, 2)
1
(58, 16)
-> Request 7
1412
(4, 3, 1)
3
(3, 78)
--> Day : 4
-> Request 0
31
(2, 2, 1)
3
(27, 7)
-> Request 1
36
(4, 3, 2)
2
(50, 79)
-> Request 2
114
(3, 2, 1)
3
(78, 30)
-> Request 3
363
(4, 3, 1)
1
(49, 8)
-> Request 4
381
(3, 2, 2)
1
(16, 74)
-> Request 5
722
(2, 2, 2)
1
(79, 73)
-> Request 6
744
(4, 3, 2)
2
(52, 8)
-> Request 7
919
(4, 3, 2)
1
(65, 43)
-> Request 8
936
(4, 2, 2)
1
(24, 52)
-> Request 9
1197
(4, 3, 2)
1
(11, 6)
---> Week : 18
--> Day : 0
-> Request 0
90
(4, 2, 1)
1
(9, 72)
-> Request 1
148
(4, 2, 1)
2
(73, 15)
-> Request 2
294
(3, 2, 2)
3
(37, 26)
-> Request 3
358
(4, 3, 1)
1
(79, 59)
-> Request 4
692
(4, 2, 2)
3
(24, 55)
-> Request 5
741
(4, 3, 1)
3
(46, 39)
-> Request 6
794
(3, 3, 2)
1
(46, 72)
-> Request 7
1138
(2, 3, 2)
3
(7, 18)
-> Request 8
1231
(2, 3, 1)
3
(2, 42)
-> Request 9
1424
(3, 2, 1)
1
(16, 1)
--> Day : 1
-> Request 0
324
(1, 3, 1)
2
(52, 0)
-> Request 1
332
(2, 2, 1)
2
(46, 76)
-> Request 2
389
(1, 3, 1)
1
(61, 63)
-> Request 3
700
(4, 2, 1)
3
(31, 27)
-> Request 4
712
(3, 3, 1)
2
(14, 43)
-> Request 5
724
(4, 2, 1)
3
(58, 29)
-> Request 6
729
(4, 2, 1)
1
(9, 15)
-> Request 7
818
(1, 2, 1)
2
(21, 1)
-> Request 8
1022
(3, 3, 2)
2
(71, 72)
-> Request 9
1383
(4, 2, 1)
3
(58, 30)
-> Request 10
1431
(4, 2, 2)
2
(53, 70)
--> Day : 2
-> Request 0
67
(3, 3, 2)
2
(69, 32)
-> Request 1
407
(4, 3, 1)
1
(38, 5)
-> Request 2
435
(4, 3, 1)
3
(36, 14)
-> Request 3
466
(4, 3, 1)
2
(32, 15)
-> Request 4
589
(3, 1, 1)
1
(18, 65)
-> Request 5
687
(4, 3, 2)
3
(71, 70)
-> Request 6
959
(3, 3, 1)
3
(1, 5)
-> Request 7
1175
(3, 3, 1)
3
(8, 31)
-> Request 8
1205
(3, 2, 2)
3
(33, 11)
-> Request 9
1354
(3, 2, 1)
1
(39, 12)
-> Request 10
1410
(4, 3, 1)
2
(17, 33)
-> Request 11
1417
(2, 3, 2)
3
(58, 0)
--> Day : 3
-> Request 0
300
(1, 3, 2)
2
(77, 76)
-> Request 1
301
(4, 3, 2)
2
(78, 45)
-> Request 2
387
(4, 2, 1)
2
(21, 28)
-> Request 3
562
(4, 3, 1)
3
(37, 30)
-> Request 4
583
(4, 3, 2)
1
(76, 37)
-> Request 5
775
(3, 1, 2)
2
(63, 23)
-> Request 6
885
(3, 3, 2)
1
(43, 78)
-> Request 7
1397
(3, 1, 2)
2
(46, 62)
--> Day : 4
-> Request 0
79
(2, 3, 2)
1
(23, 15)
-> Request 1
178
(3, 3, 2)
3
(68, 15)
-> Request 2
370
(2, 2, 1)
1
(35, 19)
-> Request 3
639
(3, 2, 2)
3
(7, 10)
-> Request 4
660
(4, 3, 2)
1
(21, 8)
-> Request 5
840
(3, 3, 1)
3
(2, 15)
-> Request 6
960
(2, 3, 2)
2
(9, 9)
-> Request 7
1109
(2, 2, 2)
2
(77, 2)
-> Request 8
1113
(4, 2, 1)
2
(48, 4)
---> Week : 19
--> Day : 0
-> Request 0
178
(4, 3, 2)
2
(0, 72)
-> Request 1
190
(4, 2, 1)
2
(27, 28)
-> Request 2
236
(4, 2, 1)
2
(0, 42)
-> Request 3
298
(4, 3, 2)
1
(54, 48)
-> Request 4
312
(2, 1, 2)
2
(25, 16)
-> Request 5
471
(2, 3, 1)
3
(38, 30)
-> Request 6
1020
(4, 3, 2)
1
(3, 75)
-> Request 7
1195
(2, 1, 2)
2
(75, 49)
-> Request 8
1243
(4, 3, 1)
1
(72, 59)
-> Request 9
1370
(4, 2, 1)
1
(18, 29)
--> Day : 1
-> Request 0
49
(4, 2, 1)
2
(28, 13)
-> Request 1
235
(3, 2, 1)
2
(7, 33)
-> Request 2
266
(1, 1, 2)
1
(3, 21)
-> Request 3
355
(4, 2, 2)
2
(34, 79)
-> Request 4
393
(3, 3, 1)
1
(43, 7)
-> Request 5
696
(2, 3, 2)
3
(32, 6)
-> Request 6
866
(4, 2, 1)
3
(27, 30)
-> Request 7
990
(1, 3, 2)
2
(58, 54)
-> Request 8
1094
(4, 3, 2)
1
(59, 72)
-> Request 9
1126
(4, 2, 2)
3
(9, 68)
-> Request 10
1334
(2, 3, 1)
3
(6, 62)
--> Day : 2
-> Request 0
83
(4, 3, 1)
3
(70, 42)
-> Request 1
108
(2, 3, 2)
2
(66, 58)
-> Request 2
181
(3, 2, 2)
3
(38, 51)
-> Request 3
237
(4, 3, 1)
2
(78, 58)
-> Request 4
526
(2, 3, 2)
1
(77, 60)
-> Request 5
584
(4, 3, 1)
2
(4, 11)
-> Request 6
613
(2, 3, 2)
3
(78, 34)
-> Request 7
707
(4, 2, 2)
1
(16, 32)
-> Request 8
900
(4, 3, 2)
2
(63, 37)
-> Request 9
1095
(2, 3, 2)
1
(42, 48)
-> Request 10
1288
(4, 1, 2)
1
(29, 60)
--> Day : 3
-> Request 0
146
(4, 3, 2)
2
(0, 53)
-> Request 1
458
(3, 3, 1)
2
(44, 35)
-> Request 2
950
(1, 2, 2)
2
(24, 44)
-> Request 3
1070
(4, 2, 1)
2
(2, 0)
-> Request 4
1306
(4, 2, 2)
3
(53, 8)
--> Day : 4
-> Request 0
19
(4, 3, 2)
3
(45, 52)
-> Request 1
155
(4, 3, 1)
2
(21, 1)
-> Request 2
179
(3, 2, 2)
2
(37, 54)
-> Request 3
242
(4, 3, 1)
2
(36, 8)
-> Request 4
423
(4, 3, 2)
3
(70, 49)
-> Request 5
460
(2, 2, 2)
1
(43, 46)
-> Request 6
920
(3, 3, 1)
3
(9, 9)
-> Request 7
973
(2, 3, 2)
1
(48, 66)
-> Request 8
1234
(1, 3, 1)
2
(71, 23)
