---> Week : 0
--> Day : 0
-> Request 0
117
(4, 3, 1)
2
(40, 20)
-> Request 1
423
(4, 2, 2)
2
(21, 15)
-> Request 2
457
(3, 3, 1)
3
(5, 34)
-> Request 3
501
(4, 2, 2)
1
(57, 65)
-> Request 4
513
(4, 3, 1)
3
(55, 34)
-> Request 5
629
(4, 3, 2)
1
(0, 79)
-> Request 6
655
(4, 3, 1)
1
(21, 60)
-> Request 7
682
(1, 2, 1)
1
(27, 15)
-> Request 8
749
(4, 2, 2)
2
(79, 53)
-> Request 9
795
(4, 1, 1)
3
(11, 9)
-> Request 10
1065
(4, 2, 1)
1
(47, 10)
-> Request 11
1103
(4, 2, 2)
2
(9, 0)
-> Request 12
1180
(3, 2, 1)
1
(64, 57)
-> Request 13
1238
(4, 3, 1)
2
(11, 53)
--> Day : 1
-> Request 0
91
(4, 2, 2)
2
(9, 79)
-> Request 1
276
(2, 3, 2)
2
(77, 13)
-> Request 2
446
(3, 1, 2)
2
(67, 26)
-> Request 3
623
(4, 3, 2)
3
(3, 11)
-> Request 4
650
(3, 3, 2)
1
(14, 57)
-> Request 5
798
(2, 3, 1)
2
(22, 9)
-> Request 6
1073
(1, 3, 1)
1
(1, 58)
--> Day : 2
-> Request 0
0
(3, 3, 1)
1
(53, 76)
-> Request 1
150
(3, 3, 1)
3
(67, 63)
-> Request 2
225
(4, 3, 1)
2
(19, 57)
-> Request 3
263
(4, 3, 1)
3
(23, 34)
-> Request 4
422
(3, 3, 2)
1
(17, 12)
-> Request 5
477
(3, 2, 2)
1
(15, 46)
-> Request 6
650
(1, 2, 2)
2
(11, 79)
-> Request 7
769
(4, 3, 1)
1
(21, 69)
-> Request 8
817
(3, 2, 2)
2
(24, 77)
-> Request 9
950
(1, 3, 1)
1
(45, 70)
-> Request 10
1106
(2, 3, 1)
2
(8, 45)
-> Request 11
1332
(4, 3, 2)
3
(35, 40)
--> Day : 3
-> Request 0
11
(4, 1, 2)
3
(75, 19)
-> Request 1
116
(3, 3, 2)
2
(2, 21)
-> Request 2
188
(2, 3, 1)
1
(67, 20)
-> Request 3
1061
(4, 2, 1)
2
(2, 15)
-> Request 4
1074
(4, 2, 1)
3
(28, 27)
-> Request 5
1257
(4, 2, 1)
3
(23, 53)
-> Request 6
1330
(4, 2, 1)
3
(54, 76)
--> Day : 4
-> Request 0
94
(4, 3, 2)
2
(56, 18)
-> Request 1
421
(4, 2, 1)
3
(45, 57)
-> Request 2
593
(4, 2, 1)
1
(49, 63)
-> Request 3
626
(3, 3, 2)
3
(49, 58)
-> Request 4
1155
(4, 3, 1)
1
(57, 61)
-> Request 5
1209
(3, 3, 2)
2
(36, 15)
-> Request 6
1374
(4, 2, 1)
3
(67, 0)
---> Week : 1
--> Day : 0
-> Request 0
26
(3, 2, 1)
2
(23, 29)
-> Request 1
202
(4, 3, 1)
2
(1, 52)
-> Request 2
333
(1, 3, 2)
3
(0, 47)
-> Request 3
616
(4, 2, 2)
1
(55, 34)
-> Request 4
620
(3, 3, 2)
2
(60, 2)
-> Request 5
641
(4, 3, 1)
3
(45, 43)
-> Request 6
672
(2, 2, 2)
1
(23, 18)
-> Request 7
717
(4, 3, 2)
3
(48, 49)
-> Request 8
838
(3, 3, 2)
2
(60, 23)
-> Request 9
927
(4, 2, 2)
1
(14, 44)
-> Request 10
958
(4, 2, 1)
1
(76, 4)
--> Day : 1
-> Request 0
306
(3, 2, 2)
3
(37, 10)
-> Request 1
516
(3, 3, 2)
3
(46, 68)
-> Request 2
547
(2, 1, 2)
1
(29, 41)
-> Request 3
620
(3, 3, 2)
3
(6, 1)
-> Request 4
701
(1, 2, 1)
1
(27, 10)
-> Request 5
1159
(4, 1, 2)
3
(65, 36)
-> Request 6
1285
(4, 3, 1)
3
(50, 53)
-> Request 7
1324
(2, 2, 2)
2
(37, 31)
-> Request 8
1336
(4, 3, 1)
2
(66, 19)
-> Request 9
1383
(4, 1, 1)
1
(41, 68)
--> Day : 2
-> Request 0
43
(4, 3, 2)
3
(10, 61)
-> Request 1
304
(2, 3, 1)
3
(43, 78)
-> Request 2
310
(3, 2, 2)
2
(71, 46)
-> Request 3
411
(3, 3, 1)
1
(25, 44)
-> Request 4
423
(4, 3, 1)
3
(6, 74)
-> Request 5
910
(2, 2, 2)
1
(69, 25)
-> Request 6
1019
(4, 1, 1)
2
(44, 39)
-> Request 7
1029
(4, 3, 2)
1
(14, 13)
-> Request 8
1186
(4, 3, 1)
2
(2, 42)
-> Request 9
1188
(3, 3, 2)
3
(30, 5)
-> Request 10
1337
(3, 1, 1)
1
(39, 11)
-> Request 11
1396
(4, 3, 2)
1
(9, 59)
--> Day : 3
-> Request 0
52
(3, 2, 1)
3
(74, 12)
-> Request 1
135
(3, 3, 1)
1
(29, 31)
-> Request 2
393
(4, 2, 2)
2
(75, 47)
-> Request 3
519
(4, 3, 2)
3
(19, 25)
-> Request 4
659
(3, 2, 1)
1
(0, 7)
-> Request 5
699
(2, 3, 2)
1
(73, 79)
-> Request 6
772
(3, 3, 2)
2
(77, 12)
-> Request 7
829
(4, 3, 1)
1
(52, 33)
-> Request 8
1159
(4, 3, 2)
3
(26, 15)
-> Request 9
1360
(2, 3, 2)
1
(28, 73)
--> Day : 4
-> Request 0
75
(4, 2, 1)
1
(17, 45)
-> Request 1
343
(4, 2, 2)
2
(47, 51)
-> Request 2
360
(3, 3, 2)
3
(7, 21)
-> Request 3
977
(3, 3, 1)
1
(69, 40)
-> Request 4
1073
(4, 3, 2)
3
(79, 21)
-> Request 5
1117
(2, 3, 2)
1
(45, 29)
---> Week : 2
--> Day : 0
-> Request 0
356
(4, 3, 2)
3
(9, 54)
-> Request 1
482
(4, 2, 2)
3
(77, 13)
-> Request 2
657
(4, 3, 2)
1
(46, 40)
-> Request 3
667
(3, 2, 2)
2
(25, 19)
-> Request 4
951
(3, 3, 2)
2
(61, 75)
-> Request 5
951
(4, 3, 2)
2
(15, 39)
-> Request 6
1166
(4, 3, 1)
2
(51, 42)
-> Request 7
1210
(4, 2, 1)
2
(76, 78)
--> Day : 1
-> Request 0
726
(3, 3, 1)
2
(62, 0)
-> Request 1
737
(4, 3, 2)
3
(1, 23)
--> Day : 2
-> Request 0
230
(4, 2, 2)
2
(76, 22)
-> Request 1
460
(2, 2, 1)
3
(50, 42)
-> Request 2
545
(3, 3, 2)
2
(24, 52)
-> Request 3
673
(4, 3, 2)
3
(37, 45)
-> Request 4
749
(3, 2, 1)
1
(9, 4)
-> Request 5
1220
(2, 2, 1)
1
(28, 20)
-> Request 6
1284
(4, 2, 1)
2
(23, 1)
--> Day : 3
-> Request 0
5
(2, 2, 2)
2
(36, 1)
-> Request 1
163
(3, 3, 2)
2
(29, 3)
-> Request 2
344
(4, 2, 1)
3
(35, 38)
-> Request 3
755
(4, 3, 2)
2
(19, 38)
-> Request 4
842
(2, 3, 1)
1
(65, 48)
-> Request 5
1308
(4, 1, 1)
3
(10, 5)
-> Request 6
1348
(3, 2, 1)
3
(75, 43)
--> Day : 4
-> Request 0
472
(2, 3, 2)
1
(30, 54)
-> Request 1
800
(4, 2, 1)
3
(61, 8)
-> Request 2
847
(1, 2, 2)
3
(27, 27)
-> Request 3
892
(4, 2, 2)
1
(73, 17)
-> Request 4
946
(3, 3, 2)
1
(17, 20)
-> Request 5
1169
(4, 3, 2)
2
(50, 63)
-> Request 6
1265
(4, 3, 2)
2
(54, 29)
-> Request 7
1299
(4, 3, 2)
2
(39, 6)
---> Week : 3
--> Day : 0
-> Request 0
238
(4, 3, 2)
1
(1, 51)
-> Request 1
343
(2, 3, 1)
1
(54, 58)
-> Request 2
550
(4, 2, 2)
2
(12, 53)
-> Request 3
576
(2, 2, 1)
1
(52, 23)
-> Request 4
646
(3, 2, 2)
1
(21, 65)
-> Request 5
713
(4, 2, 1)
2
(51, 10)
-> Request 6
755
(3, 3, 2)
3
(2, 43)
-> Request 7
948
(3, 2, 2)
2
(47, 46)
-> Request 8
989
(4, 2, 1)
3
(6, 9)
-> Request 9
1041
(4, 1, 1)
3
(30, 58)
-> Request 10
1256
(4, 1, 1)
3
(29, 18)
-> Request 11
1258
(3, 3, 2)
3
(77, 18)
-> Request 12
1319
(4, 1, 2)
2
(79, 37)
-> Request 13
1350
(3, 2, 2)
3
(23, 49)
-> Request 14
1357
(4, 2, 1)
1
(61, 42)
--> Day : 1
-> Request 0
78
(4, 3, 2)
1
(67, 49)
-> Request 1
241
(4, 3, 1)
1
(57, 17)
-> Request 2
403
(2, 3, 2)
2
(64, 33)
-> Request 3
497
(3, 3, 2)
3
(18, 8)
-> Request 4
1161
(4, 2, 2)
2
(12, 45)
-> Request 5
1203
(4, 3, 1)
2
(54, 26)
--> Day : 2
-> Request 0
197
(4, 3, 2)
3
(8, 43)
-> Request 1
245
(3, 2, 2)
3
(66, 63)
-> Request 2
362
(4, 3, 2)
3
(13, 5)
-> Request 3
402
(4, 2, 2)
3
(6, 67)
-> Request 4
843
(3, 1, 2)
1
(41, 59)
-> Request 5
912
(4, 3, 2)
2
(61, 15)
-> Request 6
923
(3, 3, 2)
3
(61, 59)
--> Day : 3
-> Request 0
35
(3, 2, 2)
3
(29, 18)
-> Request 1
39
(3, 3, 1)
2
(72, 57)
-> Request 2
283
(3, 3, 1)
3
(71, 11)
-> Request 3
462
(4, 2, 1)
1
(24, 46)
-> Request 4
694
(4, 3, 1)
3
(34, 0)
-> Request 5
1359
(4, 3, 1)
2
(18, 19)
--> Day : 4
-> Request 0
17
(2, 2, 1)
3
(36, 60)
-> Request 1
117
(2, 2, 1)
3
(18, 38)
-> Request 2
444
(3, 2, 2)
3
(78, 12)
-> Request 3
883
(3, 2, 1)
3
(8, 26)
-> Request 4
948
(2, 3, 2)
3
(72, 57)
-> Request 5
1002
(4, 3, 1)
2
(49, 1)
-> Request 6
1060
(3, 2, 1)
2
(4, 32)
-> Request 7
1061
(3, 3, 1)
2
(42, 57)
-> Request 8
1122
(2, 3, 2)
2
(31, 43)
-> Request 9
1310
(3, 3, 2)
1
(20, 7)
---> Week : 4
--> Day : 0
-> Request 0
178
(4, 3, 1)
2
(51, 70)
-> Request 1
439
(3, 3, 2)
2
(15, 16)
-> Request 2
1124
(4, 3, 1)
3
(17, 52)
-> Request 3
1340
(2, 3, 1)
2
(64, 54)
--> Day : 1
-> Request 0
245
(3, 2, 2)
1
(59, 6)
-> Request 1
300
(1, 2, 1)
3
(40, 76)
-> Request 2
589
(3, 2, 2)
2
(49, 30)
-> Request 3
773
(4, 3, 1)
3
(28, 42)
-> Request 4
848
(3, 3, 2)
2
(6, 62)
-> Request 5
899
(3, 3, 2)
2
(0, 77)
-> Request 6
1036
(4, 2, 2)
1
(4, 56)
-> Request 7
1112
(4, 3, 1)
1
(26, 24)
--> Day : 2
-> Request 0
7
(2, 2, 1)
3
(40, 79)
-> Request 1
24
(4, 2, 1)
2
(34, 11)
-> Request 2
83
(1, 2, 2)
1
(50, 45)
-> Request 3
360
(4, 2, 2)
1
(47, 50)
-> Request 4
804
(3, 3, 1)
1
(60, 8)
-> Request 5
1247
(3, 2, 1)
2
(79, 1)
-> Request 6
1364
(2, 3, 1)
3
(19, 65)
--> Day : 3
-> Request 0
331
(3, 3, 2)
3
(30, 51)
-> Request 1
331
(2, 1, 2)
2
(45, 15)
-> Request 2
405
(3, 3, 2)
3
(25, 7)
-> Request 3
928
(4, 3, 1)
1
(66, 55)
-> Request 4
1050
(4, 3, 2)
1
(6, 41)
-> Request 5
1176
(4, 2, 2)
2
(31, 48)
-> Request 6
1352
(4, 3, 1)
2
(7, 55)
--> Day : 4
-> Request 0
25
(3, 2, 2)
2
(16, 50)
-> Request 1
62
(3, 3, 2)
2
(9, 49)
-> Request 2
441
(4, 3, 2)
2
(24, 17)
-> Request 3
441
(4, 2, 2)
3
(56, 18)
-> Request 4
634
(4, 1, 1)
2
(12, 7)
-> Request 5
701
(4, 3, 2)
1
(53, 35)
-> Request 6
761
(3, 3, 1)
2
(69, 13)
-> Request 7
778
(4, 3, 2)
3
(53, 59)
-> Request 8
857
(4, 3, 2)
3
(71, 41)
-> Request 9
892
(4, 3, 1)
2
(69, 5)
-> Request 10
1127
(3, 3, 1)
1
(71, 71)
-> Request 11
1129
(4, 2, 1)
1
(34, 44)
-> Request 12
1423
(2, 3, 2)
2
(44, 34)
---> Week : 5
--> Day : 0
-> Request 0
197
(3, 3, 1)
3
(18, 20)
-> Request 1
215
(4, 2, 2)
2
(20, 28)
-> Request 2
643
(3, 3, 2)
3
(44, 79)
-> Request 3
696
(3, 3, 2)
1
(69, 62)
-> Request 4
744
(3, 3, 2)
3
(32, 13)
-> Request 5
783
(2, 3, 2)
1
(66, 25)
-> Request 6
790
(4, 3, 2)
2
(25, 4)
-> Request 7
920
(4, 3, 1)
1
(20, 30)
-> Request 8
1168
(3, 2, 1)
1
(69, 13)
-> Request 9
1313
(2, 2, 1)
3
(2, 32)
-> Request 10
1347
(4, 2, 1)
3
(34, 50)
-> Request 11
1414
(2, 3, 1)
2
(66, 14)
--> Day : 1
-> Request 0
203
(4, 2, 2)
2
(60, 38)
-> Request 1
253
(4, 3, 2)
1
(18, 28)
-> Request 2
382
(4, 2, 2)
2
(12, 33)
-> Request 3
482
(3, 3, 1)
1
(28, 70)
-> Request 4
702
(3, 3, 1)
1
(31, 70)
-> Request 5
1142
(4, 3, 2)
3
(58, 14)
--> Day : 2
-> Request 0
23
(4, 2, 1)
1
(63, 66)
-> Request 1
37
(4, 3, 1)
2
(32, 35)
-> Request 2
100
(1, 3, 1)
2
(0, 28)
-> Request 3
318
(3, 3, 2)
1
(59, 28)
-> Request 4
427
(4, 2, 2)
3
(72, 38)
-> Request 5
478
(2, 2, 2)
1
(35, 29)
-> Request 6
546
(4, 3, 1)
3
(30, 3)
-> Request 7
654
(4, 3, 1)
1
(49, 73)
-> Request 8
716
(4, 3, 1)
2
(72, 27)
-> Request 9
773
(3, 3, 1)
3
(34, 3)
-> Request 10
942
(3, 2, 2)
3
(2, 72)
-> Request 11
1164
(3, 2, 1)
3
(4, 66)
-> Request 12
1184
(3, 3, 1)
2
(54, 23)
-> Request 13
1310
(4, 3, 2)
2
(5, 39)
--> Day : 3
-> Request 0
111
(4, 3, 1)
1
(18, 58)
-> Request 1
150
(4, 2, 1)
2
(62, 68)
-> Request 2
444
(4, 2, 2)
2
(34, 72)
-> Request 3
477
(4, 3, 2)
2
(26, 65)
-> Request 4
737
(2, 3, 2)
3
(68, 30)
-> Request 5
768
(4, 3, 2)
3
(64, 79)
-> Request 6
928
(4, 2, 2)
3
(21, 61)
-> Request 7
1184
(4, 3, 1)
3
(47, 5)
-> Request 8
1403
(3, 3, 1)
1
(78, 71)
--> Day : 4
-> Request 0
744
(3, 3, 1)
3
(27, 67)
-> Request 1
1129
(3, 1, 1)
2
(30, 43)
-> Request 2
1135
(3, 3, 2)
2
(22, 47)
-> Request 3
1135
(4, 3, 2)
2
(42, 51)
-> Request 4
1158
(4, 2, 1)
3
(60, 66)
-> Request 5
1164
(4, 3, 2)
1
(36, 36)
-> Request 6
1342
(3, 3, 2)
3
(56, 55)
---> Week : 6
--> Day : 0
-> Request 0
42
(3, 3, 2)
3
(38, 26)
-> Request 1
196
(2, 3, 1)
3
(0, 37)
-> Request 2
272
(3, 3, 1)
3
(75, 13)
-> Request 3
352
(3, 2, 1)
2
(34, 13)
-> Request 4
366
(4, 3, 1)
2
(52, 58)
-> Request 5
814
(4, 2, 1)
1
(20, 57)
-> Request 6
1434
(4, 3, 1)
1
(55, 51)
--> Day : 1
-> Request 0
25
(4, 2, 2)
2
(8, 42)
-> Request 1
105
(2, 2, 2)
2
(54, 47)
-> Request 2
285
(3, 3, 2)
3
(23, 23)
-> Request 3
370
(3, 3, 2)
3
(71, 70)
-> Request 4
435
(4, 3, 2)
3
(77, 35)
-> Request 5
576
(2, 2, 1)
3
(32, 7)
-> Request 6
705
(4, 3, 2)
1
(17, 45)
-> Request 7
955
(4, 2, 2)
2
(37, 4)
-> Request 8
1076
(4, 3, 1)
1
(35, 45)
-> Request 9
1244
(3, 2, 2)
1
(76, 64)
-> Request 10
1247
(2, 3, 1)
3
(32, 19)
-> Request 11
1334
(4, 2, 1)
3
(29, 26)
--> Day : 2
-> Request 0
13
(3, 3, 2)
2
(41, 6)
-> Request 1
94
(4, 3, 2)
2
(36, 60)
-> Request 2
143
(3, 2, 1)
2
(35, 20)
-> Request 3
332
(4, 3, 1)
2
(23, 32)
-> Request 4
385
(3, 2, 1)
1
(39, 58)
-> Request 5
789
(4, 3, 1)
3
(23, 66)
-> Request 6
908
(4, 1, 2)
1
(46, 34)
-> Request 7
952
(4, 2, 2)
1
(43, 35)
-> Request 8
1260
(4, 3, 2)
1
(50, 66)
-> Request 9
1352
(4, 1, 1)
3
(8, 66)
-> Request 10
1434
(2, 3, 2)
2
(35, 27)
--> Day : 3
-> Request 0
230
(4, 3, 1)
3
(79, 78)
-> Request 1
406
(4, 1, 2)
2
(71, 69)
-> Request 2
605
(4, 3, 2)
1
(33, 63)
-> Request 3
656
(2, 3, 1)
3
(1, 43)
-> Request 4
1116
(3, 2, 1)
2
(8, 7)
-> Request 5
1233
(4, 3, 1)
1
(10, 71)
-> Request 6
1264
(4, 3, 1)
3
(72, 64)
-> Request 7
1367
(4, 2, 1)
2
(8, 47)
-> Request 8
1424
(4, 3, 1)
1
(57, 31)
--> Day : 4
-> Request 0
318
(4, 3, 1)
3
(31, 74)
-> Request 1
389
(3, 1, 1)
1
(56, 44)
-> Request 2
420
(4, 3, 1)
2
(53, 73)
-> Request 3
621
(3, 2, 2)
3
(16, 20)
-> Request 4
718
(3, 2, 2)
2
(66, 44)
-> Request 5
719
(4, 3, 2)
2
(54, 42)
-> Request 6
719
(4, 2, 2)
2
(5, 35)
-> Request 7
869
(4, 2, 1)
1
(69, 33)
-> Request 8
985
(4, 2, 1)
3
(0, 5)
-> Request 9
1208
(3, 2, 1)
1
(48, 59)
-> Request 10
1221
(4, 3, 2)
3
(49, 55)
-> Request 11
1238
(1, 2, 2)
1
(47, 58)
-> Request 12
1239
(3, 2, 1)
2
(78, 33)
-> Request 13
1243
(4, 3, 2)
3
(47, 74)
---> Week : 7
--> Day : 0
-> Request 0
158
(3, 2, 2)
2
(51, 28)
-> Request 1
196
(2, 3, 1)
3
(13, 1)
-> Request 2
390
(4, 3, 2)
1
(66, 23)
-> Request 3
509
(3, 1, 1)
1
(12, 72)
-> Request 4
592
(3, 3, 2)
1
(78, 70)
-> Request 5
732
(3, 3, 2)
3
(5, 4)
-> Request 6
765
(4, 2, 2)
2
(66, 23)
--> Day : 1
-> Request 0
44
(4, 3, 2)
3
(68, 71)
-> Request 1
105
(4, 3, 1)
2
(59, 43)
-> Request 2
137
(4, 3, 2)
3
(60, 10)
-> Request 3
194
(3, 2, 2)
3
(10, 21)
-> Request 4
380
(4, 2, 2)
3
(58, 33)
-> Request 5
677
(1, 3, 1)
1
(10, 17)
-> Request 6
865
(4, 2, 1)
2
(70, 21)
-> Request 7
927
(3, 2, 2)
1
(20, 75)
-> Request 8
1140
(1, 3, 2)
3
(31, 21)
-> Request 9
1289
(3, 2, 1)
3
(76, 47)
--> Day : 2
-> Request 0
3
(4, 3, 1)
3
(29, 56)
-> Request 1
139
(3, 3, 2)
1
(0, 40)
-> Request 2
326
(4, 3, 1)
3
(39, 5)
-> Request 3
421
(3, 1, 2)
2
(8, 34)
-> Request 4
626
(2, 2, 2)
1
(16, 34)
-> Request 5
721
(4, 2, 1)
3
(74, 59)
-> Request 6
750
(2, 2, 1)
3
(57, 27)
-> Request 7
943
(4, 3, 1)
2
(17, 63)
-> Request 8
1089
(4, 3, 1)
2
(24, 24)
-> Request 9
1389
(2, 2, 1)
1
(56, 72)
--> Day : 3
-> Request 0
55
(3, 2, 2)
1
(0, 68)
-> Request 1
304
(4, 3, 2)
2
(42, 55)
-> Request 2
452
(3, 3, 1)
2
(14, 57)
-> Request 3
523
(4, 3, 1)
2
(13, 4)
-> Request 4
525
(4, 2, 2)
1
(47, 23)
-> Request 5
641
(3, 3, 1)
1
(34, 34)
-> Request 6
718
(3, 3, 2)
3
(74, 58)
-> Request 7
1345
(3, 3, 1)
3
(64, 2)
--> Day : 4
-> Request 0
278
(3, 2, 1)
1
(46, 14)
-> Request 1
404
(3, 3, 1)
2
(19, 34)
-> Request 2
778
(4, 2, 2)
1
(25, 35)
-> Request 3
803
(4, 1, 1)
2
(21, 21)
-> Request 4
811
(2, 3, 2)
2
(76, 70)
-> Request 5
849
(4, 3, 2)
2
(29, 71)
-> Request 6
865
(4, 2, 2)
3
(12, 16)
-> Request 7
1171
(2, 2, 2)
3
(62, 45)
-> Request 8
1205
(4, 2, 1)
3
(10, 37)
-> Request 9
1218
(4, 3, 1)
3
(62, 9)
---> Week : 8
--> Day : 0
-> Request 0
47
(3, 3, 1)
2
(37, 6)
-> Request 1
65
(4, 3, 1)
2
(72, 52)
-> Request 2
196
(3, 3, 1)
3
(4, 30)
-> Request 3
300
(2, 3, 2)
3
(36, 60)
-> Request 4
359
(3, 3, 2)
1
(2, 40)
-> Request 5
412
(3, 3, 1)
2
(28, 34)
-> Request 6
787
(4, 3, 2)
1
(1, 47)
-> Request 7
806
(1, 3, 2)
3
(59, 45)
-> Request 8
1085
(3, 2, 1)
2
(63, 23)
-> Request 9
1212
(3, 2, 1)
2
(29, 60)
-> Request 10
1368
(2, 3, 1)
3
(14, 79)
--> Day : 1
-> Request 0
87
(4, 3, 1)
3
(77, 72)
-> Request 1
304
(4, 3, 1)
1
(18, 54)
-> Request 2
383
(3, 3, 1)
1
(31, 3)
-> Request 3
485
(4, 3, 2)
2
(8, 69)
-> Request 4
567
(3, 3, 1)
2
(3, 19)
-> Request 5
744
(3, 1, 1)
2
(36, 59)
-> Request 6
824
(4, 2, 2)
3
(77, 41)
-> Request 7
1343
(4, 2, 1)
3
(38, 33)
--> Day : 2
-> Request 0
93
(4, 3, 2)
1
(41, 41)
-> Request 1
512
(4, 2, 1)
2
(21, 42)
-> Request 2
517
(3, 2, 2)
1
(62, 0)
-> Request 3
834
(4, 3, 1)
2
(21, 20)
-> Request 4
834
(4, 2, 1)
3
(51, 79)
-> Request 5
906
(4, 1, 2)
3
(25, 53)
-> Request 6
972
(4, 3, 2)
3
(76, 72)
-> Request 7
1308
(3, 3, 2)
2
(51, 23)
-> Request 8
1424
(4, 3, 2)
2
(8, 8)
--> Day : 3
-> Request 0
0
(2, 3, 2)
1
(33, 15)
-> Request 1
315
(4, 3, 2)
3
(67, 57)
-> Request 2
516
(3, 2, 1)
1
(1, 4)
-> Request 3
596
(4, 3, 1)
2
(29, 41)
-> Request 4
608
(3, 3, 1)
1
(68, 51)
-> Request 5
714
(4, 2, 2)
1
(74, 67)
-> Request 6
714
(4, 3, 1)
1
(29, 58)
-> Request 7
758
(3, 3, 1)
3
(33, 76)
-> Request 8
787
(3, 2, 1)
1
(58, 49)
-> Request 9
1248
(3, 2, 2)
2
(35, 70)
-> Request 10
1406
(4, 3, 1)
1
(15, 51)
-> Request 11
1431
(3, 2, 1)
1
(33, 38)
--> Day : 4
-> Request 0
85
(4, 2, 1)
3
(46, 59)
-> Request 1
108
(4, 3, 1)
2
(30, 78)
-> Request 2
129
(2, 3, 1)
1
(5, 18)
-> Request 3
231
(4, 3, 1)
2
(42, 55)
-> Request 4
293
(3, 3, 2)
2
(25, 40)
-> Request 5
300
(4, 2, 1)
2
(2, 40)
-> Request 6
437
(4, 3, 1)
2
(72, 72)
-> Request 7
512
(4, 3, 2)
2
(1, 42)
-> Request 8
520
(4, 2, 1)
2
(40, 76)
-> Request 9
682
(4, 2, 2)
1
(49, 45)
-> Request 10
683
(4, 3, 1)
3
(77, 15)
-> Request 11
795
(3, 3, 2)
3
(27, 65)
-> Request 12
846
(2, 3, 2)
2
(29, 39)
-> Request 13
866
(2, 3, 2)
2
(57, 58)
-> Request 14
868
(2, 3, 1)
1
(46, 10)
-> Request 15
884
(3, 2, 2)
1
(58, 10)
-> Request 16
907
(4, 3, 1)
1
(61, 13)
-> Request 17
915
(4, 3, 1)
3
(49, 64)
-> Request 18
1014
(4, 3, 1)
1
(47, 52)
-> Request 19
1041
(2, 3, 1)
2
(42, 21)
-> Request 20
1182
(3, 2, 2)
1
(50, 27)
-> Request 21
1303
(3, 3, 1)
2
(32, 28)
---> Week : 9
--> Day : 0
-> Request 0
43
(3, 2, 2)
2
(40, 49)
-> Request 1
303
(1, 2, 1)
2
(39, 63)
-> Request 2
478
(1, 3, 1)
1
(52, 69)
-> Request 3
492
(4, 3, 2)
3
(63, 23)
-> Request 4
493
(2, 2, 2)
1
(30, 58)
-> Request 5
705
(2, 3, 1)
1
(20, 56)
-> Request 6
1119
(3, 3, 1)
2
(49, 21)
--> Day : 1
-> Request 0
143
(4, 3, 1)
1
(27, 34)
-> Request 1
213
(2, 3, 1)
1
(11, 0)
-> Request 2
1023
(4, 3, 2)
3
(10, 46)
-> Request 3
1345
(4, 3, 1)
3
(35, 69)
--> Day : 2
-> Request 0
307
(4, 2, 2)
3
(65, 66)
-> Request 1
357
(3, 2, 2)
2
(32, 43)
-> Request 2
362
(4, 2, 1)
2
(22, 72)
-> Request 3
489
(4, 2, 1)
3
(75, 50)
-> Request 4
506
(4, 2, 2)
3
(37, 77)
-> Request 5
571
(1, 3, 2)
2
(2, 29)
-> Request 6
795
(2, 2, 2)
2
(56, 6)
-> Request 7
837
(2, 3, 1)
2
(53, 56)
-> Request 8
1191
(4, 3, 2)
2
(68, 47)
-> Request 9
1280
(2, 3, 2)
3
(30, 11)
-> Request 10
1299
(4, 3, 1)
2
(63, 60)
-> Request 11
1365
(2, 2, 2)
1
(35, 43)
--> Day : 3
-> Request 0
10
(3, 3, 2)
1
(65, 62)
-> Request 1
222
(3, 3, 2)
1
(20, 59)
-> Request 2
251
(4, 1, 1)
1
(53, 22)
-> Request 3
269
(2, 3, 2)
1
(63, 46)
-> Request 4
411
(3, 2, 1)
1
(40, 30)
-> Request 5
540
(3, 3, 1)
1
(31, 3)
-> Request 6
541
(4, 3, 1)
3
(25, 25)
-> Request 7
817
(4, 1, 2)
1
(70, 75)
-> Request 8
911
(1, 3, 1)
1
(2, 76)
-> Request 9
940
(4, 2, 2)
2
(16, 8)
-> Request 10
1016
(3, 2, 2)
2
(77, 68)
-> Request 11
1107
(4, 3, 2)
1
(63, 29)
-> Request 12
1312
(4, 3, 2)
2
(27, 50)
-> Request 13
1438
(2, 3, 1)
2
(12, 66)
--> Day : 4
-> Request 0
104
(3, 3, 1)
3
(17, 19)
-> Request 1
122
(4, 2, 2)
3
(32, 10)
-> Request 2
273
(1, 3, 1)
1
(36, 75)
-> Request 3
481
(4, 3, 2)
3
(61, 39)
-> Request 4
492
(4, 3, 2)
1
(62, 79)
-> Request 5
530
(4, 3, 2)
1
(35, 55)
-> Request 6
735
(2, 3, 1)
3
(78, 53)
-> Request 7
759
(3, 2, 1)
1
(44, 43)
-> Request 8
856
(4, 2, 1)
3
(33, 46)
-> Request 9
901
(3, 2, 1)
1
(6, 79)
-> Request 10
901
(4, 2, 1)
2
(17, 37)
-> Request 11
935
(3, 2, 2)
1
(46, 29)
-> Request 12
1118
(4, 3, 1)
1
(67, 7)
-> Request 13
1288
(3, 3, 2)
1
(48, 58)
-> Request 14
1373
(4, 3, 1)
1
(70, 39)
---> Week : 10
--> Day : 0
-> Request 0
52
(3, 3, 2)
3
(39, 39)
-> Request 1
386
(4, 3, 1)
2
(50, 28)
-> Request 2
609
(4, 3, 1)
3
(7, 72)
-> Request 3
881
(4, 2, 1)
2
(74, 25)
-> Request 4
996
(4, 2, 2)
1
(59, 24)
-> Request 5
1200
(2, 3, 2)
2
(62, 32)
-> Request 6
1408
(3, 3, 2)
2
(46, 40)
--> Day : 1
-> Request 0
237
(4, 3, 1)
1
(18, 52)
-> Request 1
267
(4, 2, 1)
2
(43, 47)
-> Request 2
469
(3, 3, 2)
1
(55, 58)
-> Request 3
766
(2, 3, 2)
2
(57, 0)
-> Request 4
766
(4, 3, 2)
3
(56, 78)
-> Request 5
1100
(4, 2, 2)
2
(48, 66)
--> Day : 2
-> Request 0
440
(4, 2, 1)
3
(63, 3)
-> Request 1
703
(2, 2, 2)
2
(74, 42)
-> Request 2
818
(4, 3, 2)
1
(70, 41)
-> Request 3
883
(4, 2, 2)
1
(39, 9)
-> Request 4
1066
(3, 3, 1)
3
(21, 73)
--> Day : 3
-> Request 0
4
(2, 2, 2)
1
(68, 40)
-> Request 1
143
(4, 3, 1)
1
(26, 2)
-> Request 2
262
(4, 3, 2)
3
(26, 14)
-> Request 3
682
(4, 2, 1)
3
(37, 43)
-> Request 4
697
(3, 3, 1)
2
(71, 70)
-> Request 5
1014
(4, 3, 1)
1
(43, 66)
-> Request 6
1239
(3, 3, 2)
1
(44, 3)
--> Day : 4
-> Request 0
74
(3, 3, 1)
1
(14, 25)
-> Request 1
435
(4, 2, 2)
3
(5, 52)
-> Request 2
496
(4, 3, 2)
1
(3, 31)
-> Request 3
818
(4, 3, 1)
2
(79, 32)
-> Request 4
881
(2, 3, 2)
3
(75, 26)
-> Request 5
911
(4, 3, 1)
1
(73, 24)
-> Request 6
995
(4, 1, 2)
3
(28, 33)
-> Request 7
1017
(4, 3, 1)
3
(23, 32)
-> Request 8
1054
(4, 3, 2)
1
(77, 43)
-> Request 9
1118
(4, 3, 1)
3
(52, 49)
-> Request 10
1273
(4, 3, 1)
3
(51, 55)
---> Week : 11
--> Day : 0
-> Request 0
268
(4, 3, 1)
1
(17, 53)
-> Request 1
528
(3, 2, 1)
3
(66, 47)
-> Request 2
534
(4, 3, 2)
3
(33, 65)
-> Request 3
544
(3, 3, 2)
2
(44, 31)
-> Request 4
841
(3, 3, 2)
2
(73, 28)
-> Request 5
1074
(3, 2, 2)
2
(73, 61)
--> Day : 1
-> Request 0
484
(3, 3, 1)
1
(68, 3)
-> Request 1
788
(3, 2, 1)
1
(22, 10)
-> Request 2
824
(4, 2, 1)
3
(25, 10)
-> Request 3
989
(4, 3, 1)
1
(65, 69)
-> Request 4
1099
(4, 3, 2)
3
(71, 76)
-> Request 5
1153
(4, 2, 2)
2
(75, 16)
-> Request 6
1157
(3, 2, 2)
3
(53, 66)
-> Request 7
1211
(4, 3, 2)
3
(62, 43)
-> Request 8
1269
(4, 3, 2)
1
(17, 79)
-> Request 9
1350
(3, 3, 2)
3
(15, 47)
--> Day : 2
-> Request 0
47
(4, 1, 2)
3
(16, 62)
-> Request 1
60
(3, 3, 1)
1
(10, 79)
-> Request 2
843
(2, 3, 1)
1
(61, 56)
-> Request 3
1117
(3, 2, 1)
1
(70, 46)
-> Request 4
1230
(4, 2, 2)
1
(47, 55)
-> Request 5
1281
(4, 3, 2)
1
(64, 79)
--> Day : 3
-> Request 0
3
(4, 2, 1)
1
(41, 68)
-> Request 1
355
(3, 2, 2)
1
(33, 38)
-> Request 2
489
(1, 2, 1)
2
(56, 68)
-> Request 3
518
(4, 3, 2)
3
(1, 77)
-> Request 4
761
(3, 2, 2)
2
(5, 62)
-> Request 5
829
(4, 1, 1)
3
(33, 74)
-> Request 6
1085
(3, 2, 2)
2
(14, 20)
-> Request 7
1246
(4, 2, 2)
3
(30, 69)
--> Day : 4
-> Request 0
41
(3, 2, 1)
1
(66, 14)
-> Request 1
105
(2, 3, 2)
3
(21, 20)
-> Request 2
150
(3, 2, 2)
2
(1, 38)
-> Request 3
196
(4, 3, 1)
3
(64, 24)
-> Request 4
383
(4, 2, 1)
3
(44, 10)
-> Request 5
499
(4, 3, 1)
3
(45, 47)
-> Request 6
595
(3, 3, 1)
3
(0, 75)
-> Request 7
622
(4, 2, 2)
1
(70, 27)
-> Request 8
826
(4, 2, 1)
1
(39, 13)
-> Request 9
1125
(3, 3, 1)
2
(0, 24)
-> Request 10
1184
(1, 1, 1)
1
(47, 62)
-> Request 11
1363
(4, 3, 2)
1
(13, 18)
-> Request 12
1391
(2, 3, 2)
2
(15, 34)
---> Week : 12
--> Day : 0
-> Request 0
168
(3, 3, 1)
2
(36, 22)
-> Request 1
188
(3, 3, 1)
2
(40, 72)
-> Request 2
319
(4, 2, 2)
3
(43, 70)
-> Request 3
401
(4, 3, 2)
1
(56, 9)
-> Request 4
667
(2, 2, 2)
3
(77, 44)
-> Request 5
738
(4, 2, 1)
1
(30, 61)
-> Request 6
963
(4, 2, 1)
2
(37, 76)
-> Request 7
1058
(4, 2, 2)
1
(22, 32)
-> Request 8
1080
(3, 3, 1)
3
(1, 37)
-> Request 9
1208
(4, 3, 1)
3
(72, 46)
--> Day : 1
-> Request 0
47
(2, 3, 2)
3
(16, 33)
-> Request 1
677
(4, 3, 1)
2
(37, 52)
-> Request 2
1047
(3, 1, 2)
1
(15, 17)
-> Request 3
1111
(4, 3, 1)
1
(7, 24)
-> Request 4
1143
(3, 2, 2)
2
(66, 62)
-> Request 5
1164
(4, 3, 2)
2
(45, 11)
--> Day : 2
-> Request 0
60
(4, 3, 2)
2
(46, 60)
-> Request 1
99
(2, 3, 1)
2
(36, 33)
-> Request 2
122
(4, 3, 1)
3
(59, 19)
-> Request 3
268
(3, 2, 1)
3
(49, 11)
-> Request 4
377
(4, 3, 1)
3
(9, 27)
-> Request 5
419
(1, 2, 2)
1
(22, 44)
-> Request 6
665
(4, 3, 2)
3
(20, 68)
-> Request 7
693
(4, 3, 1)
1
(55, 2)
-> Request 8
719
(1, 2, 2)
2
(3, 13)
-> Request 9
823
(4, 3, 2)
2
(47, 31)
-> Request 10
1050
(2, 2, 2)
3
(6, 61)
-> Request 11
1221
(3, 3, 2)
2
(24, 16)
--> Day : 3
-> Request 0
252
(3, 3, 2)
3
(61, 62)
-> Request 1
260
(3, 3, 1)
1
(11, 70)
-> Request 2
306
(4, 3, 2)
1
(10, 67)
-> Request 3
394
(1, 2, 1)
3
(34, 39)
-> Request 4
631
(3, 2, 1)
1
(31, 3)
-> Request 5
837
(4, 2, 2)
3
(4, 67)
-> Request 6
913
(2, 3, 2)
2
(72, 25)
-> Request 7
939
(4, 3, 1)
2
(18, 55)
-> Request 8
1061
(4, 2, 2)
3
(60, 65)
-> Request 9
1218
(4, 3, 2)
3
(54, 14)
-> Request 10
1245
(3, 3, 1)
3
(51, 37)
-> Request 11
1297
(4, 3, 2)
3
(49, 71)
-> Request 12
1332
(3, 2, 1)
1
(61, 64)
-> Request 13
1360
(2, 2, 1)
1
(14, 48)
-> Request 14
1408
(3, 2, 2)
3
(53, 3)
--> Day : 4
-> Request 0
146
(3, 3, 1)
3
(79, 68)
-> Request 1
308
(4, 3, 1)
2
(8, 46)
-> Request 2
463
(3, 2, 2)
1
(67, 72)
-> Request 3
689
(3, 3, 1)
2
(15, 9)
-> Request 4
792
(3, 3, 2)
1
(68, 38)
-> Request 5
835
(4, 3, 2)
2
(25, 74)
-> Request 6
852
(3, 3, 1)
2
(51, 48)
-> Request 7
980
(1, 2, 2)
1
(65, 25)
-> Request 8
1115
(4, 2, 2)
1
(7, 58)
-> Request 9
1226
(4, 2, 2)
3
(59, 27)
-> Request 10
1287
(4, 3, 1)
2
(26, 22)
---> Week : 13
--> Day : 0
-> Request 0
84
(2, 2, 1)
2
(16, 40)
-> Request 1
477
(4, 2, 1)
2
(19, 46)
-> Request 2
842
(3, 1, 1)
1
(24, 9)
-> Request 3
846
(2, 2, 2)
3
(16, 60)
--> Day : 1
-> Request 0
70
(4, 3, 1)
1
(10, 2)
-> Request 1
214
(4, 2, 2)
1
(45, 5)
-> Request 2
283
(3, 3, 2)
3
(75, 4)
-> Request 3
415
(4, 2, 2)
3
(26, 46)
-> Request 4
836
(4, 2, 1)
2
(30, 50)
-> Request 5
1140
(4, 3, 1)
1
(64, 8)
-> Request 6
1182
(1, 2, 2)
1
(12, 5)
-> Request 7
1288
(2, 2, 1)
1
(56, 18)
--> Day : 2
-> Request 0
52
(2, 3, 1)
3
(1, 48)
-> Request 1
152
(4, 3, 2)
1
(46, 0)
-> Request 2
185
(4, 2, 1)
2
(32, 60)
-> Request 3
309
(3, 3, 2)
2
(30, 73)
-> Request 4
328
(4, 2, 2)
1
(78, 70)
-> Request 5
378
(4, 2, 1)
3
(4, 48)
-> Request 6
462
(2, 3, 2)
1
(14, 69)
-> Request 7
560
(4, 3, 2)
2
(58, 78)
-> Request 8
576
(4, 3, 2)
2
(64, 59)
-> Request 9
861
(2, 3, 1)
1
(21, 32)
-> Request 10
1034
(3, 3, 2)
1
(73, 37)
-> Request 11
1363
(4, 3, 1)
3
(20, 28)
--> Day : 3
-> Request 0
209
(4, 2, 1)
2
(12, 59)
-> Request 1
349
(3, 2, 2)
3
(67, 71)
-> Request 2
364
(3, 2, 2)
2
(61, 52)
-> Request 3
445
(4, 2, 1)
3
(34, 11)
-> Request 4
479
(3, 3, 2)
2
(36, 9)
-> Request 5
500
(4, 3, 1)
3
(13, 9)
-> Request 6
591
(1, 3, 2)
1
(78, 0)
-> Request 7
674
(1, 2, 1)
2
(8, 72)
-> Request 8
744
(2, 1, 1)
2
(12, 10)
-> Request 9
805
(4, 2, 1)
3
(61, 15)
--> Day : 4
-> Request 0
53
(4, 3, 1)
1
(51, 25)
-> Request 1
98
(3, 3, 1)
1
(44, 11)
-> Request 2
165
(4, 3, 2)
3
(13, 69)
-> Request 3
643
(4, 2, 1)
2
(35, 26)
-> Request 4
744
(3, 3, 2)
2
(27, 59)
-> Request 5
883
(4, 3, 1)
1
(51, 57)
-> Request 6
1119
(2, 2, 2)
1
(25, 75)
-> Request 7
1216
(4, 2, 2)
2
(6, 76)
---> Week : 14
--> Day : 0
-> Request 0
1
(2, 3, 2)
3
(71, 45)
-> Request 1
68
(4, 3, 1)
1
(26, 0)
-> Request 2
68
(4, 2, 2)
2
(47, 15)
-> Request 3
76
(4, 2, 2)
2
(64, 28)
-> Request 4
84
(4, 3, 2)
1
(34, 79)
-> Request 5
179
(4, 2, 2)
1
(33, 54)
-> Request 6
208
(3, 2, 1)
2
(13, 48)
-> Request 7
501
(4, 3, 1)
3
(67, 50)
-> Request 8
529
(4, 3, 2)
1
(11, 42)
-> Request 9
675
(4, 2, 2)
3
(22, 2)
-> Request 10
930
(2, 3, 2)
3
(16, 21)
-> Request 11
1266
(4, 3, 2)
2
(42, 74)
-> Request 12
1303
(4, 3, 1)
3
(31, 0)
--> Day : 1
-> Request 0
59
(3, 2, 1)
3
(15, 42)
-> Request 1
372
(4, 2, 1)
2
(44, 35)
-> Request 2
510
(1, 2, 1)
2
(13, 31)
-> Request 3
676
(4, 1, 2)
3
(59, 53)
-> Request 4
699
(4, 3, 1)
1
(28, 63)
-> Request 5
989
(3, 3, 2)
3
(25, 32)
-> Request 6
1013
(4, 2, 2)
1
(4, 13)
-> Request 7
1022
(3, 3, 1)
1
(39, 54)
-> Request 8
1037
(4, 2, 1)
1
(75, 60)
-> Request 9
1260
(4, 1, 2)
2
(20, 13)
--> Day : 2
-> Request 0
571
(4, 2, 1)
3
(25, 44)
-> Request 1
618
(4, 1, 2)
1
(49, 14)
-> Request 2
1079
(4, 2, 1)
2
(72, 26)
-> Request 3
1143
(4, 3, 2)
3
(35, 75)
-> Request 4
1212
(2, 2, 1)
3
(57, 17)
-> Request 5
1241
(3, 2, 1)
2
(37, 73)
--> Day : 3
-> Request 0
284
(4, 2, 2)
2
(34, 60)
-> Request 1
558
(2, 3, 2)
2
(1, 78)
-> Request 2
564
(2, 3, 2)
3
(61, 48)
-> Request 3
727
(1, 3, 1)
2
(63, 64)
-> Request 4
923
(4, 3, 2)
2
(68, 74)
-> Request 5
969
(4, 2, 2)
3
(73, 3)
-> Request 6
1034
(4, 2, 1)
2
(79, 0)
-> Request 7
1140
(4, 2, 2)
3
(7, 54)
-> Request 8
1144
(4, 3, 2)
3
(16, 11)
--> Day : 4
-> Request 0
292
(4, 2, 1)
1
(7, 0)
-> Request 1
402
(4, 3, 1)
3
(73, 6)
-> Request 2
494
(1, 2, 1)
1
(12, 77)
-> Request 3
839
(3, 2, 2)
2
(5, 1)
-> Request 4
988
(4, 2, 1)
2
(61, 17)
-> Request 5
1270
(4, 3, 2)
2
(72, 53)
-> Request 6
1343
(4, 2, 2)
3
(76, 23)
-> Request 7
1402
(3, 3, 2)
3
(32, 36)
---> Week : 15
--> Day : 0
-> Request 0
102
(3, 3, 1)
1
(16, 6)
-> Request 1
634
(4, 3, 2)
3
(48, 54)
-> Request 2
918
(4, 3, 1)
2
(23, 34)
-> Request 3
1022
(4, 1, 1)
3
(18, 26)
-> Request 4
1152
(3, 3, 2)
1
(9, 1)
-> Request 5
1292
(4, 2, 2)
3
(1, 75)
-> Request 6
1359
(3, 2, 1)
2
(26, 61)
--> Day : 1
-> Request 0
244
(2, 3, 1)
1
(11, 59)
-> Request 1
269
(4, 2, 1)
3
(79, 17)
-> Request 2
441
(4, 3, 2)
2
(48, 10)
-> Request 3
501
(3, 3, 2)
1
(63, 31)
-> Request 4
543
(1, 3, 1)
1
(75, 46)
-> Request 5
640
(4, 3, 2)
1
(52, 12)
-> Request 6
772
(4, 3, 1)
3
(34, 58)
-> Request 7
911
(4, 3, 2)
3
(75, 34)
-> Request 8
934
(4, 2, 2)
2
(56, 41)
-> Request 9
1024
(3, 3, 1)
2
(57, 12)
-> Request 10
1118
(4, 3, 1)
1
(62, 32)
-> Request 11
1145
(3, 3, 2)
2
(62, 29)
-> Request 12
1158
(3, 3, 1)
2
(20, 79)
-> Request 13
1195
(3, 2, 2)
3
(10, 13)
-> Request 14
1312
(2, 1, 2)
3
(17, 51)
-> Request 15
1384
(2, 3, 1)
2
(14, 52)
--> Day : 2
-> Request 0
60
(4, 3, 1)
3
(6, 6)
-> Request 1
252
(4, 2, 1)
2
(19, 34)
-> Request 2
433
(3, 2, 1)
3
(39, 38)
-> Request 3
551
(3, 2, 2)
3
(79, 0)
-> Request 4
682
(3, 3, 2)
2
(72, 44)
-> Request 5
726
(4, 2, 2)
2
(6, 6)
-> Request 6
1058
(4, 2, 1)
2
(48, 31)
-> Request 7
1065
(4, 3, 1)
1
(5, 73)
-> Request 8
1082
(3, 1, 2)
1
(20, 79)
-> Request 9
1274
(4, 3, 1)
2
(58, 38)
-> Request 10
1277
(3, 3, 2)
2
(34, 26)
-> Request 11
1301
(3, 2, 1)
1
(78, 53)
-> Request 12
1317
(1, 3, 1)
2
(52, 74)
-> Request 13
1398
(4, 3, 2)
2
(74, 61)
--> Day : 3
-> Request 0
197
(4, 2, 1)
3
(4, 31)
-> Request 1
224
(4, 3, 2)
1
(41, 7)
-> Request 2
440
(4, 2, 2)
1
(11, 61)
-> Request 3
696
(4, 3, 1)
3
(3, 48)
-> Request 4
924
(4, 3, 2)
2
(59, 56)
-> Request 5
938
(4, 3, 2)
3
(73, 26)
-> Request 6
991
(4, 3, 2)
1
(53, 22)
-> Request 7
995
(3, 2, 2)
3
(16, 70)
-> Request 8
1003
(4, 3, 2)
1
(2, 55)
-> Request 9
1048
(4, 3, 1)
2
(79, 14)
-> Request 10
1352
(3, 3, 2)
1
(68, 71)
--> Day : 4
-> Request 0
27
(3, 2, 2)
2
(62, 4)
-> Request 1
43
(3, 3, 2)
3
(47, 41)
-> Request 2
60
(3, 2, 1)
2
(23, 10)
-> Request 3
78
(3, 2, 2)
2
(73, 6)
-> Request 4
651
(4, 3, 2)
3
(63, 17)
-> Request 5
661
(4, 3, 2)
3
(69, 64)
-> Request 6
663
(4, 3, 2)
1
(4, 40)
-> Request 7
769
(4, 3, 2)
1
(73, 72)
-> Request 8
820
(4, 3, 2)
3
(74, 49)
-> Request 9
1101
(4, 3, 1)
2
(9, 64)
-> Request 10
1167
(3, 2, 2)
2
(59, 44)
-> Request 11
1202
(3, 1, 1)
2
(37, 66)
-> Request 12
1290
(2, 2, 1)
2
(45, 31)
---> Week : 16
--> Day : 0
-> Request 0
352
(2, 3, 2)
1
(65, 32)
-> Request 1
382
(3, 3, 2)
3
(1, 51)
-> Request 2
507
(4, 3, 2)
2
(40, 43)
-> Request 3
690
(4, 1, 1)
3
(42, 56)
-> Request 4
746
(4, 2, 1)
2
(37, 20)
-> Request 5
989
(4, 3, 2)
1
(38, 46)
-> Request 6
1011
(4, 3, 1)
3
(16, 42)
-> Request 7
1069
(3, 1, 2)
2
(1, 40)
-> Request 8
1215
(4, 3, 1)
2
(46, 61)
-> Request 9
1329
(1, 3, 2)
2
(36, 62)
--> Day : 1
-> Request 0
32
(3, 3, 1)
2
(66, 39)
-> Request 1
77
(4, 3, 2)
1
(66, 23)
-> Request 2
94
(4, 3, 1)
2
(72, 68)
-> Request 3
178
(4, 3, 1)
1
(50, 55)
-> Request 4
283
(3, 2, 1)
3
(77, 73)
-> Request 5
319
(4, 3, 2)
3
(49, 60)
-> Request 6
442
(4, 2, 2)
3
(65, 61)
-> Request 7
465
(3, 2, 2)
1
(67, 52)
-> Request 8
583
(4, 2, 2)
2
(42, 58)
-> Request 9
695
(4, 3, 1)
2
(31, 24)
-> Request 10
1264
(4, 2, 2)
1
(53, 35)
-> Request 11
1356
(2, 3, 1)
2
(44, 43)
--> Day : 2
-> Request 0
254
(3, 3, 2)
2
(52, 18)
-> Request 1
270
(3, 3, 2)
1
(78, 46)
-> Request 2
560
(4, 3, 1)
1
(14, 76)
-> Request 3
671
(2, 3, 2)
2
(79, 66)
-> Request 4
892
(4, 3, 1)
3
(1, 65)
-> Request 5
1024
(4, 3, 2)
1
(7, 21)
-> Request 6
1050
(1, 3, 2)
2
(4, 17)
-> Request 7
1107
(4, 3, 1)
1
(71, 67)
-> Request 8
1267
(4, 2, 1)
3
(74, 57)
-> Request 9
1299
(4, 3, 1)
1
(3, 60)
-> Request 10
1344
(4, 2, 1)
1
(4, 61)
-> Request 11
1400
(4, 2, 1)
3
(76, 9)
--> Day : 3
-> Request 0
298
(2, 2, 1)
2
(64, 14)
-> Request 1
365
(2, 2, 1)
1
(14, 61)
-> Request 2
1167
(3, 2, 2)
3
(70, 50)
-> Request 3
1226
(4, 3, 2)
2
(1, 25)
-> Request 4
1236
(3, 3, 1)
3
(43, 78)
--> Day : 4
-> Request 0
73
(4, 2, 2)
3
(46, 50)
-> Request 1
132
(3, 3, 2)
2
(55, 62)
-> Request 2
308
(3, 2, 2)
1
(48, 70)
-> Request 3
359
(2, 3, 2)
2
(19, 44)
-> Request 4
396
(3, 3, 2)
3
(17, 17)
-> Request 5
745
(3, 1, 1)
3
(27, 33)
-> Request 6
909
(4, 3, 2)
3
(23, 12)
-> Request 7
1009
(3, 3, 2)
3
(24, 32)
-> Request 8
1022
(4, 2, 1)
3
(55, 26)
-> Request 9
1033
(3, 3, 1)
2
(29, 34)
-> Request 10
1053
(4, 3, 2)
1
(68, 6)
-> Request 11
1303
(4, 2, 2)
1
(43, 31)
---> Week : 17
--> Day : 0
-> Request 0
86
(4, 3, 1)
2
(55, 70)
-> Request 1
114
(4, 3, 2)
2
(62, 69)
-> Request 2
208
(4, 3, 2)
1
(76, 6)
-> Request 3
224
(3, 3, 2)
1
(57, 13)
-> Request 4
268
(4, 3, 1)
1
(20, 28)
-> Request 5
597
(4, 2, 2)
1
(74, 46)
-> Request 6
608
(4, 3, 1)
2
(14, 42)
-> Request 7
734
(4, 2, 2)
1
(3, 79)
-> Request 8
928
(4, 3, 2)
1
(55, 41)
-> Request 9
1033
(4, 3, 1)
1
(31, 33)
-> Request 10
1174
(4, 3, 1)
3
(3, 77)
-> Request 11
1246
(4, 3, 2)
1
(20, 5)
-> Request 12
1247
(4, 3, 1)
3
(75, 55)
-> Request 13
1261
(4, 2, 1)
1
(34, 73)
-> Request 14
1315
(4, 1, 2)
2
(35, 68)
-> Request 15
1360
(4, 2, 2)
3
(61, 1)
--> Day : 1
-> Request 0
63
(1, 2, 1)
1
(70, 78)
-> Request 1
247
(3, 3, 1)
1
(67, 17)
-> Request 2
470
(3, 3, 2)
1
(33, 65)
-> Request 3
591
(3, 3, 1)
3
(30, 39)
-> Request 4
887
(4, 2, 1)
1
(13, 77)
-> Request 5
973
(3, 3, 2)
1
(51, 70)
-> Request 6
1073
(2, 3, 2)
1
(60, 51)
-> Request 7
1076
(3, 3, 2)
2
(7, 30)
-> Request 8
1082
(3, 2, 1)
3
(22, 74)
-> Request 9
1186
(4, 2, 2)
3
(47, 19)
-> Request 10
1437
(4, 2, 1)
3
(8, 45)
--> Day : 2
-> Request 0
33
(3, 3, 2)
3
(38, 46)
-> Request 1
57
(2, 3, 1)
3
(41, 70)
-> Request 2
391
(4, 3, 2)
3
(39, 78)
-> Request 3
497
(4, 2, 1)
1
(78, 48)
-> Request 4
1042
(2, 2, 2)
2
(7, 68)
-> Request 5
1123
(2, 3, 2)
1
(47, 20)
-> Request 6
1247
(4, 2, 2)
1
(19, 70)
-> Request 7
1339
(4, 2, 2)
3
(13, 59)
--> Day : 3
-> Request 0
296
(2, 2, 1)
2
(57, 58)
-> Request 1
412
(1, 2, 1)
2
(51, 56)
-> Request 2
506
(3, 3, 2)
3
(67, 18)
-> Request 3
510
(3, 2, 2)
3
(78, 52)
-> Request 4
511
(4, 3, 1)
3
(70, 70)
-> Request 5
543
(2, 3, 1)
3
(19, 76)
-> Request 6
587
(4, 2, 1)
1
(51, 73)
-> Request 7
981
(4, 3, 1)
3
(2, 8)
-> Request 8
1123
(3, 3, 2)
2
(75, 14)
-> Request 9
1255
(1, 2, 2)
1
(40, 43)
-> Request 10
1399
(3, 3, 2)
3
(35, 55)
--> Day : 4
-> Request 0
153
(2, 2, 1)
2
(75, 64)
-> Request 1
242
(3, 3, 1)
2
(0, 28)
-> Request 2
314
(3, 2, 1)
1
(28, 41)
-> Request 3
418
(4, 3, 1)
2
(59, 25)
-> Request 4
478
(4, 3, 1)
3
(39, 48)
-> Request 5
500
(4, 2, 1)
1
(44, 9)
-> Request 6
530
(4, 1, 1)
1
(53, 51)
-> Request 7
544
(1, 3, 2)
3
(54, 15)
-> Request 8
690
(4, 3, 1)
3
(54, 65)
-> Request 9
774
(2, 3, 2)
2
(33, 33)
-> Request 10
823
(4, 2, 1)
1
(63, 42)
-> Request 11
1107
(3, 3, 1)
1
(60, 16)
-> Request 12
1119
(4, 2, 1)
1
(36, 25)
-> Request 13
1204
(4, 3, 2)
3
(33, 24)
-> Request 14
1318
(4, 2, 2)
1
(54, 30)
---> Week : 18
--> Day : 0
-> Request 0
43
(4, 3, 2)
2
(79, 25)
-> Request 1
170
(3, 3, 1)
1
(40, 66)
-> Request 2
434
(3, 3, 2)
3
(37, 50)
-> Request 3
480
(3, 3, 2)
2
(72, 4)
-> Request 4
508
(3, 2, 1)
1
(49, 42)
-> Request 5
643
(3, 3, 2)
2
(29, 44)
-> Request 6
820
(4, 1, 2)
2
(6, 43)
-> Request 7
983
(2, 2, 2)
2
(51, 20)
-> Request 8
1063
(4, 3, 2)
1
(14, 17)
-> Request 9
1098
(2, 3, 1)
2
(65, 60)
-> Request 10
1128
(3, 3, 1)
1
(57, 15)
-> Request 11
1293
(3, 2, 1)
2
(14, 76)
--> Day : 1
-> Request 0
207
(3, 3, 2)
1
(42, 37)
-> Request 1
281
(2, 3, 2)
3
(2, 22)
-> Request 2
382
(4, 2, 2)
2
(27, 23)
-> Request 3
531
(4, 3, 1)
1
(28, 2)
-> Request 4
738
(3, 2, 2)
2
(62, 15)
-> Request 5
805
(3, 3, 1)
3
(13, 1)
-> Request 6
833
(2, 1, 2)
3
(24, 42)
-> Request 7
887
(3, 3, 2)
2
(29, 10)
-> Request 8
1254
(3, 3, 2)
2
(32, 67)
-> Request 9
1306
(3, 3, 1)
3
(15, 25)
-> Request 10
1335
(2, 2, 2)
3
(11, 74)
-> Request 11
1356
(4, 2, 2)
1
(30, 19)
-> Request 12
1385
(4, 3, 1)
1
(45, 16)
--> Day : 2
-> Request 0
0
(1, 3, 2)
1
(20, 49)
-> Request 1
12
(3, 3, 2)
2
(16, 37)
-> Request 2
278
(3, 3, 1)
1
(16, 65)
-> Request 3
296
(4, 3, 1)
2
(62, 78)
-> Request 4
342
(4, 3, 1)
2
(26, 63)
-> Request 5
598
(4, 2, 1)
3
(74, 26)
-> Request 6
598
(2, 2, 1)
2
(65, 21)
-> Request 7
660
(4, 2, 1)
1
(9, 51)
-> Request 8
740
(4, 3, 2)
3
(43, 30)
-> Request 9
848
(4, 1, 1)
2
(16, 16)
--> Day : 3
-> Request 0
9
(1, 3, 2)
1
(55, 28)
-> Request 1
193
(3, 2, 2)
2
(38, 4)
-> Request 2
523
(3, 2, 2)
1
(11, 5)
-> Request 3
675
(4, 2, 1)
2
(4, 58)
-> Request 4
1251
(4, 2, 2)
3
(54, 10)
-> Request 5
1427
(2, 3, 2)
3
(57, 14)
--> Day : 4
-> Request 0
25
(4, 2, 2)
3
(51, 17)
-> Request 1
86
(3, 3, 2)
2
(3, 38)
-> Request 2
88
(2, 3, 1)
3
(14, 8)
-> Request 3
272
(3, 3, 1)
2
(52, 48)
-> Request 4
841
(3, 3, 2)
2
(22, 61)
-> Request 5
876
(4, 2, 2)
2
(34, 44)
-> Request 6
982
(4, 3, 2)
2
(23, 30)
-> Request 7
1064
(2, 2, 1)
2
(61, 70)
-> Request 8
1173
(4, 3, 1)
1
(43, 56)
-> Request 9
1360
(4, 2, 1)
2
(36, 37)
---> Week : 19
--> Day : 0
-> Request 0
336
(2, 3, 2)
1
(62, 35)
-> Request 1
455
(2, 2, 1)
3
(23, 49)
-> Request 2
606
(4, 3, 2)
2
(59, 59)
-> Request 3
792
(4, 1, 2)
2
(12, 19)
-> Request 4
932
(1, 2, 2)
1
(49, 77)
-> Request 5
1255
(2, 2, 2)
1
(40, 58)
-> Request 6
1268
(3, 3, 1)
3
(39, 62)
--> Day : 1
-> Request 0
427
(4, 3, 2)
3
(67, 22)
-> Request 1
584
(3, 2, 2)
1
(46, 2)
-> Request 2
911
(4, 2, 2)
3
(56, 17)
-> Request 3
951
(2, 3, 2)
1
(50, 21)
-> Request 4
978
(3, 2, 1)
1
(14, 31)
-> Request 5
998
(2, 3, 1)
3
(14, 31)
-> Request 6
1103
(3, 3, 1)
3
(7, 45)
--> Day : 2
-> Request 0
10
(4, 2, 2)
2
(32, 24)
-> Request 1
26
(3, 3, 2)
1
(29, 18)
-> Request 2
72
(4, 3, 1)
1
(73, 49)
-> Request 3
142
(4, 2, 1)
3
(8, 31)
-> Request 4
292
(4, 3, 2)
1
(53, 21)
-> Request 5
424
(4, 2, 2)
2
(54, 50)
-> Request 6
907
(3, 3, 1)
3
(14, 25)
-> Request 7
1098
(4, 3, 2)
2
(35, 43)
-> Request 8
1238
(3, 3, 2)
2
(50, 28)
--> Day : 3
-> Request 0
324
(3, 3, 1)
1
(64, 65)
-> Request 1
549
(4, 2, 2)
2
(58, 14)
-> Request 2
865
(3, 1, 1)
3
(24, 16)
-> Request 3
905
(2, 3, 2)
1
(24, 70)
-> Request 4
985
(4, 2, 1)
3
(62, 35)
-> Request 5
1067
(2, 1, 2)
3
(23, 79)
-> Request 6
1074
(4, 2, 2)
2
(39, 4)
-> Request 7
1394
(4, 3, 2)
3
(10, 41)
--> Day : 4
-> Request 0
57
(4, 3, 2)
3
(75, 62)
-> Request 1
317
(4, 2, 2)
3
(77, 1)
-> Request 2
359
(2, 3, 1)
3
(68, 13)
-> Request 3
384
(2, 3, 1)
2
(78, 46)
-> Request 4
764
(4, 3, 1)
2
(77, 50)
-> Request 5
1356
(4, 3, 1)
1
(21, 58)
-> Request 6
1391
(2, 2, 1)
3
(2, 9)
