---> Week : 0
--> Day : 0
-> Request 0
77
(4, 2, 1)
1
(66, 74)
-> Request 1
89
(4, 2, 1)
1
(62, 29)
-> Request 2
270
(4, 1, 1)
1
(28, 57)
-> Request 3
327
(1, 3, 1)
1
(75, 65)
-> Request 4
498
(4, 3, 2)
1
(77, 30)
-> Request 5
570
(4, 2, 1)
1
(43, 42)
-> Request 6
1254
(4, 3, 1)
1
(27, 7)
-> Request 7
1325
(4, 3, 2)
2
(33, 1)
--> Day : 1
-> Request 0
54
(4, 1, 1)
2
(65, 56)
-> Request 1
92
(4, 3, 2)
2
(13, 72)
-> Request 2
98
(3, 3, 1)
2
(62, 66)
-> Request 3
256
(4, 3, 2)
3
(1, 2)
-> Request 4
354
(2, 3, 1)
1
(13, 30)
-> Request 5
385
(3, 2, 2)
3
(22, 22)
-> Request 6
883
(4, 3, 2)
3
(14, 53)
-> Request 7
952
(3, 3, 2)
3
(29, 19)
-> Request 8
961
(4, 3, 2)
1
(20, 43)
-> Request 9
1232
(4, 2, 2)
1
(60, 7)
-> Request 10
1325
(4, 3, 2)
1
(4, 61)
--> Day : 2
-> Request 0
32
(3, 3, 1)
3
(59, 21)
-> Request 1
220
(2, 3, 1)
2
(24, 79)
-> Request 2
386
(4, 2, 2)
2
(78, 26)
-> Request 3
512
(4, 3, 1)
2
(39, 66)
-> Request 4
809
(4, 3, 1)
3
(61, 72)
-> Request 5
821
(4, 3, 2)
3
(21, 69)
-> Request 6
1022
(3, 3, 1)
1
(76, 0)
-> Request 7
1219
(4, 2, 1)
3
(20, 17)
--> Day : 3
-> Request 0
236
(4, 2, 1)
1
(2, 33)
-> Request 1
535
(3, 3, 1)
1
(77, 31)
-> Request 2
741
(3, 3, 1)
3
(3, 46)
-> Request 3
931
(4, 2, 2)
1
(67, 17)
-> Request 4
1014
(3, 3, 1)
3
(35, 60)
-> Request 5
1090
(4, 2, 1)
1
(17, 55)
-> Request 6
1341
(3, 3, 1)
2
(24, 70)
-> Request 7
1398
(3, 1, 1)
1
(61, 74)
--> Day : 4
-> Request 0
105
(4, 3, 2)
2
(38, 71)
-> Request 1
112
(4, 2, 1)
1
(59, 17)
-> Request 2
138
(4, 3, 2)
1
(56, 37)
-> Request 3
259
(1, 2, 1)
1
(46, 73)
-> Request 4
412
(3, 3, 1)
2
(43, 3)
-> Request 5
707
(3, 3, 1)
2
(30, 46)
-> Request 6
714
(4, 3, 2)
2
(59, 51)
-> Request 7
796
(4, 3, 1)
3
(60, 11)
-> Request 8
807
(4, 2, 2)
2
(55, 53)
-> Request 9
1023
(1, 3, 2)
2
(33, 32)
-> Request 10
1158
(4, 3, 1)
2
(74, 41)
-> Request 11
1225
(4, 3, 2)
3
(4, 72)
-> Request 12
1426
(4, 2, 1)
1
(29, 42)
---> Week : 1
--> Day : 0
-> Request 0
161
(2, 1, 1)
2
(23, 67)
-> Request 1
346
(3, 2, 1)
1
(36, 23)
-> Request 2
516
(4, 2, 2)
2
(76, 26)
-> Request 3
592
(4, 3, 2)
3
(20, 54)
-> Request 4
648
(2, 3, 1)
2
(61, 66)
-> Request 5
844
(4, 3, 2)
3
(8, 18)
-> Request 6
977
(3, 3, 2)
3
(56, 76)
-> Request 7
1274
(4, 2, 1)
2
(54, 20)
-> Request 8
1351
(4, 3, 1)
3
(57, 21)
--> Day : 1
-> Request 0
131
(4, 3, 2)
2
(14, 74)
-> Request 1
199
(4, 3, 2)
1
(9, 69)
-> Request 2
203
(3, 3, 2)
1
(41, 42)
-> Request 3
290
(3, 3, 2)
3
(8, 4)
-> Request 4
308
(4, 2, 1)
3
(50, 60)
-> Request 5
523
(4, 3, 2)
1
(36, 43)
-> Request 6
534
(3, 3, 2)
3
(43, 16)
-> Request 7
577
(4, 3, 2)
1
(71, 27)
-> Request 8
722
(4, 3, 2)
1
(8, 7)
-> Request 9
989
(4, 3, 2)
2
(42, 43)
-> Request 10
1009
(4, 2, 2)
2
(14, 55)
-> Request 11
1074
(1, 3, 1)
3
(14, 6)
-> Request 12
1129
(3, 1, 1)
3
(57, 37)
-> Request 13
1305
(4, 1, 1)
2
(16, 58)
-> Request 14
1315
(4, 3, 1)
3
(56, 18)
-> Request 15
1419
(2, 3, 2)
1
(55, 50)
--> Day : 2
-> Request 0
0
(4, 3, 1)
1
(67, 68)
-> Request 1
124
(4, 3, 1)
2
(1, 1)
-> Request 2
473
(4, 3, 2)
3
(48, 40)
-> Request 3
666
(2, 1, 2)
3
(3, 61)
-> Request 4
771
(3, 3, 1)
1
(10, 18)
-> Request 5
807
(2, 3, 1)
1
(16, 34)
-> Request 6
890
(3, 3, 2)
2
(51, 71)
-> Request 7
990
(1, 3, 1)
1
(76, 3)
-> Request 8
1169
(3, 2, 2)
3
(41, 62)
-> Request 9
1206
(4, 3, 2)
2
(42, 34)
-> Request 10
1271
(4, 3, 2)
2
(26, 63)
--> Day : 3
-> Request 0
54
(4, 3, 1)
2
(7, 14)
-> Request 1
158
(4, 2, 2)
1
(59, 17)
-> Request 2
213
(1, 3, 2)
2
(54, 69)
-> Request 3
369
(3, 3, 2)
2
(25, 1)
-> Request 4
696
(4, 3, 2)
3
(55, 45)
-> Request 5
882
(4, 2, 1)
1
(0, 4)
-> Request 6
1060
(3, 3, 2)
1
(39, 22)
-> Request 7
1094
(2, 2, 1)
3
(48, 37)
-> Request 8
1328
(4, 3, 1)
1
(19, 29)
--> Day : 4
-> Request 0
21
(2, 2, 2)
2
(7, 56)
-> Request 1
148
(3, 3, 2)
3
(14, 43)
-> Request 2
1057
(1, 3, 1)
1
(62, 56)
-> Request 3
1087
(4, 3, 1)
3
(65, 18)
-> Request 4
1121
(4, 2, 2)
2
(7, 71)
-> Request 5
1130
(3, 3, 2)
3
(22, 9)
-> Request 6
1384
(3, 3, 1)
2
(53, 12)
---> Week : 2
--> Day : 0
-> Request 0
133
(4, 2, 1)
3
(62, 3)
-> Request 1
502
(2, 2, 2)
2
(27, 65)
-> Request 2
1241
(3, 3, 1)
2
(65, 78)
-> Request 3
1255
(4, 3, 1)
2
(46, 17)
--> Day : 1
-> Request 0
19
(4, 3, 2)
3
(53, 45)
-> Request 1
161
(3, 2, 1)
3
(8, 37)
-> Request 2
227
(4, 2, 2)
1
(11, 77)
-> Request 3
243
(4, 2, 2)
1
(54, 51)
-> Request 4
251
(4, 3, 2)
1
(76, 24)
-> Request 5
478
(3, 3, 2)
1
(48, 48)
-> Request 6
556
(4, 3, 2)
3
(8, 54)
-> Request 7
631
(2, 2, 1)
1
(70, 59)
-> Request 8
824
(4, 2, 1)
1
(59, 76)
-> Request 9
876
(4, 3, 1)
1
(41, 15)
-> Request 10
898
(3, 3, 2)
3
(33, 27)
-> Request 11
1119
(4, 3, 2)
2
(10, 68)
-> Request 12
1122
(4, 3, 1)
3
(58, 51)
--> Day : 2
-> Request 0
413
(4, 3, 1)
3
(2, 48)
-> Request 1
530
(3, 3, 1)
2
(50, 28)
-> Request 2
1156
(4, 3, 2)
3
(20, 0)
-> Request 3
1377
(2, 3, 2)
2
(21, 14)
--> Day : 3
-> Request 0
44
(4, 3, 1)
2
(8, 16)
-> Request 1
139
(2, 3, 2)
1
(47, 71)
-> Request 2
205
(3, 2, 2)
3
(34, 48)
-> Request 3
504
(2, 2, 1)
3
(70, 56)
-> Request 4
577
(3, 3, 1)
2
(13, 36)
-> Request 5
587
(3, 3, 2)
2
(72, 11)
-> Request 6
675
(3, 3, 2)
1
(2, 17)
-> Request 7
860
(4, 2, 1)
3
(34, 57)
-> Request 8
942
(4, 3, 1)
2
(58, 21)
-> Request 9
959
(2, 2, 2)
1
(29, 26)
-> Request 10
1320
(3, 2, 2)
3
(8, 65)
-> Request 11
1390
(3, 3, 2)
1
(36, 49)
--> Day : 4
-> Request 0
95
(3, 3, 2)
1
(47, 28)
-> Request 1
249
(4, 3, 2)
3
(40, 71)
-> Request 2
336
(4, 3, 2)
2
(60, 42)
-> Request 3
418
(4, 3, 2)
1
(66, 46)
-> Request 4
531
(2, 3, 1)
2
(1, 48)
-> Request 5
535
(3, 3, 1)
2
(52, 10)
-> Request 6
667
(4, 3, 2)
3
(9, 1)
-> Request 7
802
(4, 2, 2)
1
(78, 64)
-> Request 8
863
(3, 2, 1)
1
(7, 44)
-> Request 9
913
(3, 3, 1)
3
(24, 55)
-> Request 10
1038
(3, 3, 1)
1
(35, 54)
-> Request 11
1055
(3, 3, 1)
1
(25, 58)
-> Request 12
1185
(4, 3, 2)
1
(73, 54)
-> Request 13
1245
(4, 2, 2)
2
(53, 61)
-> Request 14
1245
(3, 2, 1)
1
(33, 61)
-> Request 15
1367
(3, 3, 2)
1
(37, 79)
---> Week : 3
--> Day : 0
-> Request 0
23
(3, 3, 2)
2
(21, 4)
-> Request 1
137
(3, 3, 1)
2
(52, 64)
-> Request 2
151
(2, 3, 2)
3
(74, 35)
-> Request 3
226
(3, 3, 2)
3
(47, 65)
-> Request 4
266
(2, 3, 1)
1
(11, 75)
-> Request 5
1060
(3, 3, 2)
2
(55, 67)
-> Request 6
1251
(4, 1, 2)
2
(78, 35)
-> Request 7
1319
(4, 2, 1)
3
(20, 33)
-> Request 8
1319
(4, 3, 2)
1
(39, 4)
--> Day : 1
-> Request 0
387
(4, 2, 2)
3
(30, 14)
-> Request 1
396
(4, 3, 2)
1
(68, 71)
-> Request 2
421
(3, 1, 1)
2
(50, 19)
-> Request 3
483
(3, 3, 2)
2
(48, 69)
-> Request 4
497
(1, 3, 1)
2
(35, 24)
-> Request 5
542
(4, 2, 2)
3
(49, 56)
-> Request 6
587
(3, 3, 1)
3
(16, 61)
-> Request 7
619
(4, 2, 2)
1
(43, 0)
-> Request 8
623
(3, 3, 2)
1
(0, 55)
-> Request 9
752
(3, 2, 1)
3
(45, 64)
-> Request 10
816
(3, 3, 1)
3
(79, 17)
-> Request 11
1064
(3, 3, 1)
3
(76, 1)
-> Request 12
1263
(3, 3, 1)
3
(36, 31)
--> Day : 2
-> Request 0
83
(4, 3, 1)
3
(16, 37)
-> Request 1
337
(4, 2, 1)
1
(73, 71)
-> Request 2
451
(3, 3, 1)
1
(55, 42)
-> Request 3
493
(4, 3, 2)
2
(69, 56)
-> Request 4
665
(2, 2, 1)
2
(10, 56)
-> Request 5
740
(4, 3, 2)
2
(14, 48)
-> Request 6
984
(3, 2, 1)
3
(47, 67)
-> Request 7
1262
(2, 3, 2)
3
(8, 19)
-> Request 8
1274
(4, 2, 2)
2
(14, 43)
-> Request 9
1295
(4, 3, 1)
1
(12, 31)
-> Request 10
1303
(4, 3, 2)
1
(27, 21)
-> Request 11
1364
(4, 3, 1)
1
(79, 63)
-> Request 12
1390
(2, 3, 1)
2
(76, 30)
-> Request 13
1395
(4, 3, 1)
2
(66, 33)
--> Day : 3
-> Request 0
246
(3, 3, 1)
3
(13, 75)
-> Request 1
465
(4, 2, 2)
2
(78, 69)
-> Request 2
467
(2, 3, 2)
1
(56, 18)
-> Request 3
576
(3, 3, 1)
1
(29, 64)
-> Request 4
658
(2, 3, 2)
3
(27, 59)
-> Request 5
788
(4, 2, 1)
3
(11, 15)
-> Request 6
1107
(3, 3, 1)
1
(5, 12)
-> Request 7
1301
(4, 2, 2)
1
(35, 0)
-> Request 8
1320
(4, 3, 2)
3
(25, 10)
-> Request 9
1329
(3, 3, 1)
1
(15, 36)
-> Request 10
1363
(4, 3, 2)
1
(55, 46)
-> Request 11
1428
(2, 3, 1)
1
(41, 77)
--> Day : 4
-> Request 0
41
(4, 3, 2)
1
(20, 51)
-> Request 1
565
(4, 2, 2)
3
(29, 0)
-> Request 2
668
(4, 3, 1)
1
(26, 34)
-> Request 3
1130
(3, 2, 1)
1
(46, 69)
-> Request 4
1174
(2, 3, 1)
1
(73, 13)
-> Request 5
1354
(4, 3, 2)
1
(7, 12)
-> Request 6
1376
(3, 3, 2)
3
(64, 68)
---> Week : 4
--> Day : 0
-> Request 0
20
(1, 3, 1)
3
(64, 72)
-> Request 1
100
(4, 3, 1)
2
(28, 24)
-> Request 2
349
(2, 3, 1)
1
(59, 32)
-> Request 3
487
(4, 2, 2)
2
(6, 79)
-> Request 4
566
(4, 3, 1)
3
(6, 43)
-> Request 5
657
(4, 2, 1)
2
(64, 12)
-> Request 6
1109
(1, 2, 1)
3
(32, 75)
--> Day : 1
-> Request 0
149
(4, 3, 2)
3
(58, 26)
-> Request 1
257
(3, 3, 1)
2
(51, 15)
-> Request 2
371
(4, 1, 2)
3
(25, 58)
-> Request 3
439
(4, 2, 2)
2
(20, 52)
-> Request 4
634
(4, 3, 2)
2
(57, 26)
-> Request 5
791
(2, 3, 2)
3
(53, 55)
-> Request 6
939
(4, 3, 1)
2
(24, 17)
-> Request 7
971
(4, 2, 2)
2
(54, 79)
-> Request 8
998
(1, 3, 1)
1
(59, 23)
-> Request 9
1012
(4, 1, 1)
1
(67, 42)
-> Request 10
1294
(2, 3, 2)
3
(47, 32)
-> Request 11
1418
(2, 3, 2)
2
(44, 53)
--> Day : 2
-> Request 0
805
(3, 3, 1)
2
(38, 43)
-> Request 1
952
(4, 3, 2)
3
(72, 77)
-> Request 2
1052
(4, 2, 1)
2
(6, 53)
-> Request 3
1165
(3, 2, 2)
2
(55, 20)
-> Request 4
1236
(4, 2, 1)
2
(0, 29)
-> Request 5
1276
(4, 2, 2)
1
(70, 58)
-> Request 6
1359
(3, 3, 2)
2
(35, 70)
-> Request 7
1415
(3, 2, 1)
1
(77, 9)
-> Request 8
1427
(4, 3, 1)
3
(19, 13)
--> Day : 3
-> Request 0
76
(3, 2, 1)
1
(58, 10)
-> Request 1
126
(3, 2, 1)
2
(68, 60)
-> Request 2
203
(2, 3, 2)
1
(8, 65)
-> Request 3
227
(4, 2, 2)
2
(0, 72)
-> Request 4
318
(4, 2, 1)
1
(60, 27)
-> Request 5
546
(4, 3, 1)
3
(54, 55)
-> Request 6
1010
(3, 3, 2)
2
(11, 30)
-> Request 7
1065
(3, 3, 1)
3
(41, 21)
-> Request 8
1074
(3, 2, 2)
1
(7, 68)
-> Request 9
1376
(2, 3, 1)
2
(18, 45)
-> Request 10
1378
(4, 2, 1)
2
(19, 23)
--> Day : 4
-> Request 0
56
(2, 3, 1)
2
(76, 40)
-> Request 1
217
(3, 2, 1)
3
(54, 14)
-> Request 2
245
(4, 3, 1)
2
(36, 63)
-> Request 3
254
(3, 1, 2)
2
(21, 9)
-> Request 4
265
(2, 2, 2)
3
(52, 63)
-> Request 5
294
(4, 3, 1)
1
(58, 69)
-> Request 6
328
(3, 3, 1)
3
(17, 33)
-> Request 7
390
(4, 2, 1)
3
(2, 30)
-> Request 8
1000
(3, 3, 1)
3
(69, 7)
-> Request 9
1134
(3, 2, 1)
3
(46, 16)
-> Request 10
1194
(4, 3, 1)
3
(18, 50)
-> Request 11
1242
(4, 2, 2)
2
(77, 35)
---> Week : 5
--> Day : 0
-> Request 0
85
(4, 2, 1)
1
(58, 67)
-> Request 1
259
(3, 3, 1)
1
(1, 52)
-> Request 2
306
(4, 3, 1)
3
(72, 30)
-> Request 3
570
(4, 2, 2)
1
(66, 59)
-> Request 4
946
(4, 3, 1)
2
(73, 79)
--> Day : 1
-> Request 0
180
(4, 3, 1)
2
(36, 41)
-> Request 1
227
(4, 3, 1)
3
(59, 61)
-> Request 2
368
(3, 3, 1)
3
(25, 51)
-> Request 3
424
(4, 3, 2)
2
(6, 8)
-> Request 4
578
(4, 3, 2)
3
(42, 20)
-> Request 5
748
(4, 3, 2)
1
(6, 2)
-> Request 6
816
(4, 3, 1)
2
(30, 37)
-> Request 7
886
(4, 3, 2)
2
(74, 12)
-> Request 8
912
(4, 3, 1)
1
(9, 77)
-> Request 9
918
(3, 3, 1)
2
(13, 76)
-> Request 10
1324
(4, 3, 2)
1
(5, 7)
-> Request 11
1358
(3, 2, 1)
3
(33, 45)
-> Request 12
1424
(3, 2, 1)
2
(37, 46)
--> Day : 2
-> Request 0
1
(1, 3, 1)
3
(52, 1)
-> Request 1
3
(1, 3, 2)
1
(35, 41)
-> Request 2
51
(3, 2, 2)
3
(52, 75)
-> Request 3
176
(1, 2, 1)
3
(70, 58)
-> Request 4
379
(4, 2, 1)
3
(28, 20)
-> Request 5
643
(4, 3, 2)
1
(15, 33)
-> Request 6
1135
(4, 3, 1)
2
(32, 15)
-> Request 7
1353
(4, 2, 1)
3
(27, 26)
--> Day : 3
-> Request 0
164
(4, 1, 2)
1
(0, 25)
-> Request 1
214
(3, 1, 2)
1
(79, 2)
-> Request 2
218
(1, 3, 1)
1
(18, 21)
-> Request 3
290
(4, 3, 2)
1
(35, 41)
-> Request 4
411
(4, 3, 1)
2
(44, 54)
-> Request 5
427
(4, 2, 1)
3
(14, 31)
-> Request 6
610
(3, 3, 1)
3
(9, 1)
-> Request 7
632
(3, 2, 1)
2
(19, 16)
-> Request 8
634
(4, 3, 2)
2
(47, 64)
-> Request 9
919
(2, 2, 1)
1
(15, 5)
-> Request 10
1417
(3, 3, 2)
1
(67, 32)
--> Day : 4
-> Request 0
103
(2, 2, 2)
2
(74, 78)
-> Request 1
218
(3, 3, 2)
1
(72, 73)
-> Request 2
231
(4, 3, 1)
1
(47, 58)
-> Request 3
293
(4, 3, 1)
2
(51, 62)
-> Request 4
322
(4, 3, 2)
2
(14, 62)
-> Request 5
345
(3, 2, 1)
1
(27, 2)
-> Request 6
423
(3, 3, 2)
3
(53, 27)
-> Request 7
464
(4, 3, 2)
3
(79, 19)
-> Request 8
592
(4, 2, 2)
2
(12, 24)
-> Request 9
636
(2, 3, 1)
2
(15, 69)
-> Request 10
913
(4, 3, 1)
3
(76, 58)
-> Request 11
1227
(3, 2, 1)
2
(1, 78)
---> Week : 6
--> Day : 0
-> Request 0
11
(4, 3, 1)
3
(75, 9)
-> Request 1
137
(3, 2, 2)
2
(25, 79)
-> Request 2
180
(4, 3, 1)
3
(59, 11)
-> Request 3
257
(4, 2, 1)
1
(21, 74)
-> Request 4
683
(2, 3, 2)
3
(75, 3)
-> Request 5
683
(4, 3, 1)
1
(4, 74)
-> Request 6
685
(4, 3, 2)
1
(21, 40)
-> Request 7
721
(4, 2, 2)
3
(12, 13)
-> Request 8
740
(4, 1, 1)
3
(55, 16)
-> Request 9
843
(4, 3, 1)
2
(29, 58)
-> Request 10
849
(3, 3, 1)
3
(27, 70)
-> Request 11
962
(2, 3, 2)
3
(41, 28)
-> Request 12
1088
(3, 2, 2)
3
(24, 45)
-> Request 13
1222
(3, 2, 2)
1
(19, 11)
--> Day : 1
-> Request 0
11
(4, 3, 2)
1
(5, 17)
-> Request 1
366
(4, 3, 2)
1
(61, 4)
-> Request 2
406
(4, 1, 2)
1
(78, 14)
-> Request 3
782
(4, 3, 2)
1
(50, 10)
-> Request 4
808
(4, 2, 1)
1
(46, 68)
-> Request 5
877
(4, 3, 2)
3
(5, 46)
-> Request 6
956
(4, 3, 1)
1
(27, 44)
-> Request 7
997
(2, 3, 1)
3
(54, 26)
-> Request 8
1035
(4, 2, 1)
1
(10, 14)
-> Request 9
1421
(1, 3, 1)
1
(41, 19)
--> Day : 2
-> Request 0
55
(4, 3, 1)
3
(17, 63)
-> Request 1
155
(3, 2, 2)
3
(79, 45)
-> Request 2
469
(3, 3, 2)
1
(59, 27)
-> Request 3
519
(3, 3, 2)
3
(68, 67)
-> Request 4
657
(4, 3, 2)
1
(27, 48)
-> Request 5
924
(3, 3, 1)
2
(66, 65)
-> Request 6
949
(4, 3, 2)
1
(74, 27)
-> Request 7
1264
(4, 3, 1)
1
(14, 75)
-> Request 8
1416
(2, 3, 1)
2
(24, 30)
--> Day : 3
-> Request 0
3
(4, 3, 2)
2
(79, 76)
-> Request 1
21
(4, 2, 2)
1
(3, 70)
-> Request 2
57
(2, 3, 2)
1
(40, 4)
-> Request 3
430
(3, 3, 1)
2
(44, 79)
-> Request 4
598
(3, 3, 1)
2
(39, 67)
-> Request 5
922
(4, 2, 1)
3
(64, 15)
-> Request 6
1008
(3, 2, 2)
1
(66, 73)
-> Request 7
1011
(4, 3, 2)
2
(56, 21)
-> Request 8
1124
(2, 3, 1)
1
(47, 0)
-> Request 9
1419
(4, 3, 2)
1
(9, 41)
--> Day : 4
-> Request 0
253
(3, 2, 1)
2
(17, 6)
-> Request 1
787
(4, 3, 2)
3
(28, 40)
-> Request 2
819
(3, 2, 2)
1
(61, 50)
-> Request 3
1069
(4, 2, 1)
1
(5, 30)
-> Request 4
1326
(4, 3, 2)
3
(6, 71)
---> Week : 7
--> Day : 0
-> Request 0
499
(2, 2, 1)
1
(20, 39)
-> Request 1
843
(4, 3, 1)
1
(57, 60)
-> Request 2
992
(4, 3, 2)
3
(26, 2)
-> Request 3
1056
(4, 3, 1)
2
(79, 24)
--> Day : 1
-> Request 0
108
(3, 3, 1)
1
(39, 44)
-> Request 1
799
(3, 3, 1)
2
(77, 15)
-> Request 2
1043
(4, 2, 1)
1
(71, 53)
-> Request 3
1253
(4, 1, 1)
2
(51, 6)
-> Request 4
1272
(3, 3, 1)
1
(51, 34)
-> Request 5
1321
(3, 2, 2)
1
(53, 76)
-> Request 6
1408
(3, 3, 1)
1
(39, 64)
--> Day : 2
-> Request 0
13
(2, 3, 1)
2
(77, 10)
-> Request 1
251
(4, 3, 2)
1
(12, 58)
-> Request 2
361
(4, 3, 1)
1
(34, 49)
-> Request 3
635
(4, 3, 2)
3
(14, 11)
-> Request 4
680
(4, 3, 2)
3
(78, 11)
-> Request 5
689
(3, 3, 1)
1
(78, 22)
-> Request 6
817
(3, 1, 1)
3
(12, 9)
-> Request 7
825
(4, 3, 2)
1
(23, 62)
-> Request 8
1258
(3, 3, 2)
1
(25, 5)
-> Request 9
1273
(4, 3, 2)
2
(53, 64)
-> Request 10
1345
(3, 3, 1)
2
(41, 25)
--> Day : 3
-> Request 0
55
(2, 3, 2)
2
(6, 16)
-> Request 1
111
(4, 3, 1)
2
(16, 61)
-> Request 2
122
(4, 3, 1)
2
(7, 51)
-> Request 3
165
(4, 3, 2)
3
(66, 32)
-> Request 4
408
(4, 3, 1)
1
(13, 39)
-> Request 5
456
(4, 3, 2)
1
(17, 74)
-> Request 6
493
(4, 2, 2)
3
(44, 31)
-> Request 7
601
(2, 3, 2)
1
(17, 35)
-> Request 8
865
(3, 3, 2)
3
(27, 24)
-> Request 9
1227
(3, 3, 2)
2
(74, 21)
-> Request 10
1252
(3, 3, 2)
2
(43, 68)
-> Request 11
1326
(4, 2, 2)
1
(69, 78)
--> Day : 4
-> Request 0
172
(3, 3, 2)
2
(78, 34)
-> Request 1
192
(4, 1, 1)
3
(62, 65)
-> Request 2
209
(2, 3, 2)
2
(11, 68)
-> Request 3
304
(4, 3, 2)
2
(48, 63)
-> Request 4
406
(4, 3, 2)
3
(42, 42)
-> Request 5
669
(2, 3, 1)
2
(63, 62)
-> Request 6
1027
(4, 2, 1)
3
(14, 18)
---> Week : 8
--> Day : 0
-> Request 0
97
(4, 3, 1)
3
(24, 53)
-> Request 1
211
(2, 3, 2)
1
(46, 59)
-> Request 2
376
(3, 3, 1)
1
(76, 27)
-> Request 3
546
(3, 3, 1)
2
(69, 43)
-> Request 4
659
(4, 3, 1)
3
(36, 29)
-> Request 5
1037
(2, 2, 1)
1
(12, 56)
-> Request 6
1104
(2, 2, 1)
1
(0, 9)
-> Request 7
1179
(3, 2, 2)
1
(34, 41)
-> Request 8
1314
(4, 3, 1)
1
(33, 29)
-> Request 9
1317
(3, 1, 1)
1
(16, 15)
--> Day : 1
-> Request 0
169
(3, 2, 2)
2
(9, 78)
-> Request 1
738
(2, 2, 1)
2
(71, 0)
-> Request 2
818
(2, 2, 2)
2
(47, 6)
-> Request 3
1174
(3, 3, 1)
3
(0, 25)
-> Request 4
1250
(2, 3, 1)
2
(17, 26)
-> Request 5
1273
(4, 3, 2)
3
(67, 18)
--> Day : 2
-> Request 0
335
(4, 3, 2)
3
(34, 40)
-> Request 1
520
(1, 2, 1)
1
(70, 9)
-> Request 2
526
(2, 1, 1)
1
(47, 17)
-> Request 3
697
(4, 3, 2)
3
(64, 58)
-> Request 4
738
(2, 1, 1)
3
(36, 55)
-> Request 5
863
(4, 3, 1)
3
(61, 13)
-> Request 6
877
(2, 3, 1)
2
(48, 25)
-> Request 7
895
(4, 2, 1)
3
(3, 63)
-> Request 8
1034
(4, 3, 1)
3
(29, 66)
-> Request 9
1034
(4, 3, 2)
3
(73, 22)
-> Request 10
1150
(3, 2, 1)
2
(48, 39)
-> Request 11
1367
(3, 3, 1)
1
(61, 17)
--> Day : 3
-> Request 0
121
(4, 3, 2)
3
(58, 37)
-> Request 1
241
(3, 3, 1)
3
(36, 26)
-> Request 2
535
(4, 3, 2)
2
(54, 18)
-> Request 3
640
(2, 2, 2)
1
(1, 26)
-> Request 4
809
(2, 3, 2)
3
(49, 37)
-> Request 5
971
(4, 2, 1)
1
(61, 65)
-> Request 6
980
(4, 3, 2)
2
(62, 32)
-> Request 7
1021
(2, 3, 2)
2
(30, 21)
-> Request 8
1042
(3, 2, 2)
2
(32, 6)
-> Request 9
1301
(4, 3, 1)
2
(33, 53)
-> Request 10
1414
(1, 2, 2)
1
(61, 33)
--> Day : 4
-> Request 0
2
(4, 3, 2)
1
(79, 53)
-> Request 1
76
(3, 3, 1)
2
(32, 38)
-> Request 2
342
(3, 3, 1)
1
(42, 11)
-> Request 3
548
(3, 3, 1)
2
(11, 17)
-> Request 4
1258
(1, 2, 2)
2
(7, 6)
-> Request 5
1412
(1, 2, 1)
3
(33, 35)
---> Week : 9
--> Day : 0
-> Request 0
93
(3, 2, 2)
3
(1, 79)
-> Request 1
169
(4, 2, 2)
1
(52, 5)
-> Request 2
313
(3, 3, 2)
1
(65, 0)
-> Request 3
413
(4, 3, 2)
1
(49, 44)
-> Request 4
475
(4, 3, 1)
2
(3, 12)
-> Request 5
478
(4, 3, 1)
1
(52, 78)
-> Request 6
625
(4, 3, 1)
3
(37, 73)
-> Request 7
1274
(2, 3, 1)
2
(41, 39)
-> Request 8
1299
(3, 3, 2)
1
(52, 42)
-> Request 9
1413
(3, 2, 1)
3
(27, 69)
--> Day : 1
-> Request 0
4
(4, 3, 2)
2
(56, 75)
-> Request 1
152
(3, 3, 2)
2
(47, 16)
-> Request 2
240
(4, 2, 2)
3
(15, 56)
-> Request 3
293
(4, 3, 2)
1
(65, 63)
-> Request 4
293
(3, 3, 1)
1
(53, 66)
-> Request 5
525
(4, 3, 1)
2
(60, 43)
-> Request 6
555
(3, 3, 2)
3
(29, 28)
-> Request 7
740
(4, 3, 2)
3
(17, 6)
-> Request 8
852
(3, 3, 1)
1
(21, 42)
-> Request 9
866
(4, 2, 1)
1
(21, 5)
-> Request 10
929
(3, 3, 2)
2
(47, 74)
-> Request 11
1173
(4, 2, 2)
3
(60, 69)
-> Request 12
1190
(2, 3, 2)
2
(6, 53)
-> Request 13
1192
(1, 2, 2)
2
(26, 46)
-> Request 14
1383
(4, 3, 2)
2
(45, 56)
--> Day : 2
-> Request 0
104
(3, 1, 2)
3
(50, 4)
-> Request 1
174
(4, 3, 1)
3
(42, 48)
-> Request 2
304
(4, 3, 2)
3
(78, 41)
-> Request 3
309
(4, 2, 1)
2
(32, 79)
-> Request 4
499
(4, 3, 2)
3
(67, 51)
-> Request 5
568
(2, 3, 1)
2
(39, 58)
-> Request 6
769
(3, 2, 2)
1
(59, 75)
-> Request 7
771
(4, 1, 1)
3
(64, 48)
-> Request 8
772
(4, 3, 2)
1
(7, 2)
--> Day : 3
-> Request 0
131
(4, 2, 2)
3
(47, 52)
-> Request 1
202
(2, 2, 1)
1
(57, 20)
-> Request 2
747
(4, 2, 1)
1
(41, 18)
-> Request 3
950
(4, 3, 2)
1
(32, 42)
-> Request 4
1086
(3, 3, 2)
3
(17, 8)
-> Request 5
1112
(4, 1, 1)
2
(34, 28)
--> Day : 4
-> Request 0
36
(4, 3, 1)
2
(6, 78)
-> Request 1
40
(3, 3, 2)
2
(24, 77)
-> Request 2
204
(3, 3, 1)
3
(78, 11)
-> Request 3
219
(2, 2, 1)
1
(41, 11)
-> Request 4
471
(2, 3, 2)
1
(58, 39)
-> Request 5
543
(3, 3, 2)
3
(51, 51)
-> Request 6
1042
(4, 2, 2)
3
(5, 55)
-> Request 7
1260
(4, 3, 2)
1
(61, 6)
---> Week : 10
--> Day : 0
-> Request 0
263
(1, 2, 1)
3
(55, 46)
-> Request 1
302
(4, 3, 1)
1
(58, 29)
-> Request 2
342
(3, 3, 2)
2
(23, 62)
-> Request 3
443
(2, 3, 1)
3
(75, 37)
-> Request 4
486
(2, 3, 1)
1
(7, 66)
-> Request 5
487
(2, 2, 1)
1
(30, 37)
-> Request 6
564
(4, 2, 2)
1
(56, 61)
-> Request 7
807
(4, 3, 1)
2
(12, 63)
-> Request 8
879
(1, 3, 1)
3
(21, 31)
-> Request 9
968
(4, 2, 2)
3
(20, 22)
-> Request 10
1058
(4, 3, 2)
3
(24, 59)
-> Request 11
1169
(3, 3, 2)
3
(69, 33)
-> Request 12
1215
(3, 3, 1)
2
(2, 41)
-> Request 13
1318
(4, 3, 1)
3
(64, 48)
--> Day : 1
-> Request 0
540
(3, 3, 2)
1
(71, 6)
-> Request 1
606
(4, 3, 1)
3
(32, 42)
-> Request 2
1016
(3, 2, 2)
2
(2, 26)
-> Request 3
1029
(4, 2, 2)
2
(6, 2)
-> Request 4
1075
(3, 2, 1)
1
(71, 58)
-> Request 5
1162
(4, 3, 2)
3
(30, 69)
-> Request 6
1314
(4, 3, 2)
1
(6, 47)
-> Request 7
1422
(4, 2, 1)
1
(44, 45)
--> Day : 2
-> Request 0
68
(3, 3, 1)
3
(1, 32)
-> Request 1
109
(3, 3, 1)
3
(36, 76)
-> Request 2
150
(4, 2, 2)
3
(27, 33)
-> Request 3
235
(3, 3, 2)
1
(27, 62)
-> Request 4
443
(1, 2, 2)
2
(31, 30)
-> Request 5
463
(4, 2, 2)
3
(72, 50)
-> Request 6
704
(4, 3, 1)
2
(47, 65)
-> Request 7
834
(3, 3, 1)
3
(12, 72)
-> Request 8
849
(4, 3, 2)
2
(11, 10)
-> Request 9
1107
(4, 3, 2)
1
(52, 79)
-> Request 10
1318
(3, 3, 2)
3
(77, 77)
-> Request 11
1326
(4, 3, 1)
1
(9, 17)
-> Request 12
1349
(2, 3, 2)
2
(26, 8)
--> Day : 3
-> Request 0
204
(4, 2, 1)
3
(70, 59)
-> Request 1
220
(4, 3, 2)
2
(34, 27)
-> Request 2
403
(3, 3, 1)
3
(44, 37)
-> Request 3
421
(3, 3, 2)
2
(13, 48)
-> Request 4
710
(4, 3, 1)
1
(16, 68)
-> Request 5
1079
(3, 3, 1)
2
(23, 27)
-> Request 6
1103
(2, 2, 2)
1
(26, 52)
-> Request 7
1187
(3, 3, 2)
3
(3, 59)
-> Request 8
1194
(2, 3, 2)
3
(62, 31)
-> Request 9
1307
(3, 2, 1)
1
(43, 58)
-> Request 10
1368
(4, 3, 2)
1
(61, 32)
-> Request 11
1422
(3, 2, 2)
3
(4, 68)
--> Day : 4
-> Request 0
81
(4, 1, 1)
2
(55, 54)
-> Request 1
391
(3, 2, 2)
1
(76, 22)
-> Request 2
520
(3, 3, 1)
2
(16, 30)
-> Request 3
630
(4, 3, 2)
1
(50, 77)
-> Request 4
733
(4, 2, 2)
2
(42, 29)
-> Request 5
823
(3, 3, 2)
2
(47, 71)
-> Request 6
918
(2, 2, 1)
1
(17, 67)
-> Request 7
936
(4, 2, 1)
1
(40, 71)
-> Request 8
1032
(4, 3, 2)
2
(43, 33)
-> Request 9
1046
(3, 3, 2)
1
(45, 3)
-> Request 10
1373
(1, 3, 1)
2
(6, 10)
---> Week : 11
--> Day : 0
-> Request 0
49
(4, 2, 1)
1
(42, 35)
-> Request 1
115
(3, 2, 1)
3
(4, 77)
-> Request 2
115
(3, 2, 1)
2
(28, 10)
-> Request 3
192
(4, 3, 2)
1
(13, 78)
-> Request 4
296
(2, 3, 2)
2
(50, 22)
-> Request 5
367
(4, 2, 1)
3
(30, 79)
-> Request 6
428
(2, 2, 1)
3
(12, 45)
-> Request 7
529
(4, 1, 2)
2
(4, 37)
-> Request 8
593
(3, 2, 1)
1
(73, 8)
-> Request 9
684
(4, 3, 2)
3
(69, 14)
-> Request 10
816
(3, 3, 2)
3
(41, 36)
-> Request 11
937
(4, 3, 1)
1
(71, 59)
-> Request 12
964
(2, 3, 1)
3
(57, 4)
-> Request 13
987
(4, 3, 1)
2
(52, 28)
-> Request 14
1005
(2, 3, 1)
3
(64, 76)
-> Request 15
1122
(4, 3, 1)
1
(41, 57)
-> Request 16
1141
(3, 3, 1)
3
(79, 54)
-> Request 17
1331
(3, 2, 2)
1
(58, 30)
-> Request 18
1414
(2, 3, 1)
3
(58, 51)
--> Day : 1
-> Request 0
68
(3, 2, 1)
1
(2, 20)
-> Request 1
92
(4, 3, 1)
2
(56, 23)
-> Request 2
351
(4, 2, 2)
2
(22, 16)
-> Request 3
406
(3, 3, 1)
3
(30, 3)
-> Request 4
419
(4, 3, 1)
2
(27, 22)
-> Request 5
495
(4, 2, 1)
3
(63, 35)
-> Request 6
568
(3, 3, 2)
1
(62, 70)
-> Request 7
910
(3, 2, 1)
2
(42, 39)
--> Day : 2
-> Request 0
109
(4, 3, 1)
3
(18, 1)
-> Request 1
353
(1, 2, 2)
1
(11, 60)
-> Request 2
489
(2, 3, 2)
2
(49, 28)
-> Request 3
528
(4, 3, 2)
2
(39, 56)
-> Request 4
621
(2, 3, 1)
3
(27, 45)
-> Request 5
666
(4, 3, 1)
3
(56, 30)
-> Request 6
667
(4, 3, 1)
3
(5, 49)
-> Request 7
756
(1, 3, 1)
1
(71, 2)
-> Request 8
911
(4, 2, 1)
1
(29, 61)
-> Request 9
914
(4, 2, 1)
2
(12, 77)
-> Request 10
1423
(4, 3, 1)
2
(30, 46)
--> Day : 3
-> Request 0
196
(2, 2, 1)
3
(53, 68)
-> Request 1
491
(4, 3, 1)
1
(62, 53)
-> Request 2
491
(2, 2, 1)
3
(58, 54)
-> Request 3
492
(4, 3, 2)
1
(30, 18)
-> Request 4
797
(3, 3, 2)
2
(78, 46)
-> Request 5
875
(3, 3, 1)
2
(12, 58)
-> Request 6
1015
(4, 3, 2)
2
(20, 73)
-> Request 7
1018
(3, 2, 1)
1
(46, 68)
-> Request 8
1062
(3, 3, 2)
3
(43, 77)
-> Request 9
1336
(2, 1, 1)
2
(55, 50)
--> Day : 4
-> Request 0
430
(4, 2, 2)
1
(4, 68)
-> Request 1
515
(4, 3, 1)
1
(51, 11)
-> Request 2
783
(4, 2, 2)
1
(2, 54)
-> Request 3
810
(4, 3, 2)
3
(22, 12)
-> Request 4
999
(2, 1, 2)
3
(42, 60)
---> Week : 12
--> Day : 0
-> Request 0
379
(4, 3, 2)
3
(19, 34)
-> Request 1
380
(4, 3, 2)
3
(18, 25)
-> Request 2
434
(4, 2, 2)
3
(8, 33)
-> Request 3
520
(4, 3, 2)
3
(62, 33)
-> Request 4
631
(2, 2, 1)
2
(30, 25)
-> Request 5
634
(4, 3, 2)
3
(10, 76)
-> Request 6
752
(1, 3, 1)
2
(18, 58)
-> Request 7
827
(3, 2, 1)
3
(44, 77)
-> Request 8
1093
(4, 3, 2)
2
(49, 45)
-> Request 9
1125
(3, 2, 2)
3
(48, 63)
-> Request 10
1207
(4, 3, 2)
1
(18, 44)
--> Day : 1
-> Request 0
63
(3, 3, 1)
3
(0, 44)
-> Request 1
199
(4, 3, 2)
3
(30, 54)
-> Request 2
229
(2, 3, 2)
1
(14, 17)
-> Request 3
363
(4, 3, 1)
3
(79, 46)
-> Request 4
446
(4, 3, 1)
2
(42, 45)
-> Request 5
468
(4, 3, 2)
1
(17, 7)
-> Request 6
505
(2, 2, 2)
2
(37, 72)
-> Request 7
696
(2, 3, 1)
2
(27, 8)
-> Request 8
1028
(4, 3, 1)
1
(5, 44)
-> Request 9
1344
(3, 3, 2)
1
(58, 9)
--> Day : 2
-> Request 0
253
(4, 3, 2)
3
(63, 30)
-> Request 1
530
(4, 3, 1)
3
(16, 30)
-> Request 2
556
(4, 2, 2)
2
(2, 32)
-> Request 3
651
(2, 3, 1)
1
(27, 43)
-> Request 4
709
(2, 3, 1)
3
(51, 56)
-> Request 5
875
(3, 3, 2)
1
(2, 22)
-> Request 6
947
(4, 2, 1)
1
(65, 71)
-> Request 7
989
(4, 2, 2)
3
(59, 9)
-> Request 8
1047
(3, 2, 1)
3
(2, 31)
--> Day : 3
-> Request 0
12
(4, 3, 1)
1
(65, 79)
-> Request 1
84
(2, 3, 1)
2
(34, 49)
-> Request 2
193
(4, 3, 2)
3
(67, 60)
-> Request 3
400
(2, 2, 1)
3
(5, 33)
-> Request 4
410
(2, 3, 1)
1
(37, 48)
-> Request 5
456
(4, 3, 1)
3
(6, 65)
-> Request 6
703
(4, 3, 2)
2
(42, 73)
-> Request 7
724
(2, 2, 1)
1
(15, 40)
-> Request 8
1218
(4, 3, 1)
3
(71, 30)
-> Request 9
1233
(4, 1, 2)
1
(43, 17)
-> Request 10
1288
(4, 3, 1)
2
(56, 67)
-> Request 11
1377
(4, 2, 1)
3
(37, 3)
--> Day : 4
-> Request 0
116
(4, 3, 1)
3
(41, 9)
-> Request 1
162
(4, 3, 2)
1
(72, 29)
-> Request 2
404
(3, 3, 1)
2
(60, 29)
-> Request 3
879
(2, 3, 1)
1
(24, 20)
-> Request 4
1110
(2, 3, 1)
1
(76, 52)
-> Request 5
1119
(4, 3, 2)
3
(34, 28)
-> Request 6
1163
(4, 3, 2)
1
(60, 18)
-> Request 7
1383
(3, 3, 2)
2
(22, 22)
---> Week : 13
--> Day : 0
-> Request 0
0
(2, 1, 1)
1
(5, 45)
-> Request 1
29
(3, 3, 2)
2
(28, 49)
-> Request 2
189
(3, 3, 2)
1
(50, 62)
-> Request 3
299
(1, 3, 1)
2
(65, 11)
-> Request 4
336
(3, 2, 2)
3
(50, 42)
-> Request 5
342
(4, 2, 2)
2
(77, 11)
-> Request 6
352
(1, 3, 2)
2
(65, 29)
-> Request 7
756
(3, 3, 2)
3
(12, 42)
-> Request 8
1108
(4, 3, 2)
2
(59, 23)
-> Request 9
1122
(4, 2, 1)
2
(66, 67)
-> Request 10
1169
(3, 3, 2)
3
(74, 52)
-> Request 11
1267
(3, 3, 2)
1
(57, 45)
--> Day : 1
-> Request 0
117
(4, 3, 2)
3
(47, 20)
-> Request 1
189
(2, 3, 2)
2
(13, 50)
-> Request 2
309
(4, 3, 2)
3
(35, 2)
-> Request 3
756
(3, 3, 1)
1
(77, 74)
-> Request 4
911
(4, 3, 2)
3
(71, 35)
-> Request 5
1002
(3, 3, 2)
1
(64, 57)
-> Request 6
1045
(2, 3, 1)
2
(19, 52)
--> Day : 2
-> Request 0
103
(4, 3, 2)
1
(74, 29)
-> Request 1
184
(4, 2, 2)
3
(8, 64)
-> Request 2
611
(4, 3, 2)
1
(76, 31)
-> Request 3
859
(3, 2, 1)
3
(23, 8)
-> Request 4
908
(4, 2, 2)
3
(72, 73)
-> Request 5
1179
(2, 3, 2)
1
(4, 33)
-> Request 6
1219
(4, 3, 2)
3
(55, 30)
-> Request 7
1312
(4, 3, 1)
2
(31, 5)
-> Request 8
1316
(3, 3, 1)
3
(30, 15)
-> Request 9
1374
(3, 3, 1)
3
(77, 25)
-> Request 10
1380
(4, 3, 2)
3
(75, 66)
-> Request 11
1416
(4, 3, 2)
2
(8, 0)
--> Day : 3
-> Request 0
124
(3, 3, 1)
2
(69, 72)
-> Request 1
212
(3, 2, 1)
2
(24, 14)
-> Request 2
637
(3, 3, 1)
2
(3, 72)
-> Request 3
757
(4, 2, 2)
1
(63, 62)
-> Request 4
1206
(3, 3, 1)
1
(23, 23)
-> Request 5
1221
(4, 2, 1)
3
(39, 50)
-> Request 6
1285
(4, 3, 1)
2
(70, 38)
-> Request 7
1326
(1, 1, 2)
2
(54, 66)
-> Request 8
1369
(4, 3, 2)
3
(46, 17)
--> Day : 4
-> Request 0
118
(3, 2, 2)
3
(59, 33)
-> Request 1
316
(4, 2, 2)
1
(47, 23)
-> Request 2
370
(4, 3, 1)
1
(42, 52)
-> Request 3
795
(4, 3, 1)
2
(20, 6)
-> Request 4
838
(4, 2, 1)
2
(36, 73)
-> Request 5
851
(2, 2, 1)
1
(34, 76)
-> Request 6
895
(4, 2, 1)
2
(54, 8)
-> Request 7
935
(4, 3, 1)
1
(78, 54)
-> Request 8
969
(2, 2, 2)
3
(4, 71)
-> Request 9
1194
(4, 2, 1)
3
(57, 43)
-> Request 10
1239
(4, 1, 1)
3
(75, 11)
-> Request 11
1345
(2, 3, 1)
3
(73, 8)
-> Request 12
1422
(4, 1, 1)
1
(40, 8)
---> Week : 14
--> Day : 0
-> Request 0
21
(4, 2, 2)
2
(48, 1)
-> Request 1
62
(4, 2, 1)
1
(71, 70)
-> Request 2
289
(3, 3, 1)
3
(66, 32)
-> Request 3
584
(2, 3, 2)
2
(76, 34)
-> Request 4
629
(3, 3, 1)
1
(74, 77)
-> Request 5
649
(3, 2, 1)
2
(43, 46)
-> Request 6
649
(4, 2, 1)
1
(57, 34)
-> Request 7
678
(4, 2, 1)
3
(72, 78)
-> Request 8
1018
(4, 3, 1)
1
(21, 68)
-> Request 9
1135
(4, 2, 1)
3
(23, 48)
-> Request 10
1215
(3, 3, 2)
2
(67, 58)
--> Day : 1
-> Request 0
8
(3, 2, 1)
3
(35, 49)
-> Request 1
247
(4, 3, 1)
3
(33, 31)
-> Request 2
272
(3, 2, 2)
1
(78, 27)
-> Request 3
481
(2, 3, 2)
1
(50, 21)
-> Request 4
491
(4, 2, 2)
2
(77, 28)
-> Request 5
678
(3, 3, 2)
2
(32, 42)
-> Request 6
713
(3, 3, 2)
3
(33, 45)
-> Request 7
1091
(3, 1, 1)
3
(51, 58)
-> Request 8
1188
(1, 3, 2)
2
(77, 65)
-> Request 9
1342
(4, 3, 2)
3
(79, 34)
--> Day : 2
-> Request 0
48
(4, 1, 1)
1
(41, 46)
-> Request 1
219
(3, 3, 1)
3
(23, 63)
-> Request 2
223
(3, 3, 1)
2
(74, 37)
-> Request 3
280
(4, 3, 1)
1
(63, 32)
-> Request 4
583
(4, 3, 1)
2
(5, 48)
-> Request 5
749
(4, 2, 1)
2
(0, 20)
-> Request 6
897
(3, 3, 1)
1
(8, 68)
-> Request 7
952
(4, 3, 2)
3
(54, 20)
-> Request 8
1174
(3, 3, 2)
1
(60, 44)
-> Request 9
1258
(4, 2, 2)
2
(46, 73)
-> Request 10
1395
(4, 2, 1)
1
(58, 49)
--> Day : 3
-> Request 0
499
(3, 3, 2)
2
(13, 30)
-> Request 1
808
(2, 2, 2)
1
(52, 50)
-> Request 2
982
(4, 3, 1)
1
(21, 32)
-> Request 3
1064
(3, 3, 2)
2
(74, 26)
-> Request 4
1223
(1, 2, 1)
2
(15, 29)
-> Request 5
1294
(4, 2, 2)
1
(46, 77)
--> Day : 4
-> Request 0
22
(3, 3, 2)
1
(17, 79)
-> Request 1
31
(4, 3, 2)
1
(16, 14)
-> Request 2
262
(4, 2, 1)
3
(1, 47)
-> Request 3
311
(2, 3, 2)
3
(73, 24)
-> Request 4
331
(3, 2, 1)
1
(6, 40)
-> Request 5
413
(3, 3, 2)
2
(10, 57)
-> Request 6
518
(4, 3, 2)
1
(1, 10)
-> Request 7
529
(3, 2, 2)
1
(24, 11)
-> Request 8
575
(4, 3, 1)
1
(51, 18)
-> Request 9
820
(4, 3, 2)
2
(62, 5)
-> Request 10
930
(4, 2, 1)
2
(37, 16)
-> Request 11
1142
(3, 3, 2)
1
(24, 53)
-> Request 12
1215
(3, 2, 2)
1
(6, 35)
-> Request 13
1255
(3, 3, 1)
3
(59, 44)
-> Request 14
1272
(4, 3, 1)
2
(51, 12)
-> Request 15
1362
(3, 3, 1)
1
(7, 61)
---> Week : 15
--> Day : 0
-> Request 0
26
(3, 2, 2)
3
(41, 45)
-> Request 1
542
(3, 3, 2)
3
(66, 38)
-> Request 2
603
(3, 3, 2)
2
(77, 70)
-> Request 3
671
(2, 3, 1)
2
(41, 56)
-> Request 4
1103
(1, 3, 2)
2
(12, 37)
-> Request 5
1155
(2, 2, 2)
1
(58, 5)
-> Request 6
1221
(3, 3, 1)
1
(30, 50)
-> Request 7
1408
(3, 3, 1)
2
(38, 69)
-> Request 8
1429
(4, 3, 1)
3
(68, 43)
--> Day : 1
-> Request 0
79
(4, 3, 1)
2
(10, 53)
-> Request 1
323
(2, 3, 2)
1
(70, 9)
-> Request 2
652
(4, 2, 1)
2
(18, 39)
-> Request 3
689
(1, 3, 2)
3
(68, 24)
-> Request 4
745
(3, 3, 2)
2
(22, 72)
-> Request 5
1234
(3, 1, 1)
2
(0, 29)
-> Request 6
1410
(4, 3, 1)
2
(51, 49)
--> Day : 2
-> Request 0
90
(3, 3, 1)
2
(26, 4)
-> Request 1
98
(2, 1, 2)
3
(16, 74)
-> Request 2
203
(3, 2, 1)
1
(30, 75)
-> Request 3
278
(4, 3, 2)
2
(15, 12)
-> Request 4
1094
(4, 2, 1)
3
(67, 39)
-> Request 5
1310
(2, 3, 2)
1
(77, 34)
--> Day : 3
-> Request 0
50
(4, 3, 2)
1
(75, 17)
-> Request 1
89
(4, 3, 2)
3
(4, 55)
-> Request 2
177
(3, 3, 2)
2
(30, 43)
-> Request 3
200
(4, 3, 1)
1
(41, 63)
-> Request 4
249
(2, 2, 2)
1
(40, 64)
-> Request 5
333
(3, 3, 2)
2
(1, 32)
-> Request 6
345
(4, 2, 2)
2
(10, 16)
-> Request 7
426
(2, 1, 2)
1
(79, 39)
-> Request 8
708
(3, 3, 2)
1
(5, 12)
-> Request 9
897
(4, 2, 1)
2
(19, 11)
-> Request 10
925
(3, 2, 1)
2
(74, 51)
-> Request 11
1131
(1, 3, 1)
2
(53, 52)
-> Request 12
1227
(2, 2, 2)
3
(17, 36)
-> Request 13
1243
(3, 3, 2)
2
(44, 76)
-> Request 14
1402
(4, 2, 1)
1
(33, 26)
--> Day : 4
-> Request 0
398
(4, 2, 1)
3
(47, 53)
-> Request 1
467
(3, 2, 1)
2
(64, 59)
-> Request 2
557
(3, 3, 2)
2
(68, 72)
-> Request 3
619
(3, 3, 2)
3
(28, 23)
-> Request 4
907
(3, 3, 1)
2
(12, 76)
-> Request 5
1404
(4, 3, 1)
1
(32, 51)
-> Request 6
1420
(3, 3, 2)
1
(46, 70)
---> Week : 16
--> Day : 0
-> Request 0
7
(4, 2, 1)
1
(35, 11)
-> Request 1
38
(3, 2, 1)
2
(58, 40)
-> Request 2
116
(2, 3, 2)
1
(79, 4)
-> Request 3
132
(2, 3, 2)
3
(65, 42)
-> Request 4
146
(2, 3, 1)
3
(52, 58)
-> Request 5
302
(3, 3, 2)
1
(70, 70)
-> Request 6
525
(4, 2, 2)
1
(70, 54)
-> Request 7
1012
(3, 3, 1)
3
(24, 9)
-> Request 8
1132
(4, 1, 1)
1
(9, 54)
--> Day : 1
-> Request 0
75
(3, 2, 2)
2
(75, 57)
-> Request 1
128
(1, 3, 1)
1
(16, 79)
-> Request 2
446
(4, 3, 1)
1
(21, 36)
-> Request 3
649
(3, 2, 2)
3
(57, 63)
-> Request 4
743
(2, 2, 2)
2
(7, 9)
-> Request 5
943
(2, 2, 1)
2
(30, 39)
--> Day : 2
-> Request 0
29
(4, 3, 1)
3
(47, 1)
-> Request 1
443
(2, 3, 1)
3
(16, 27)
-> Request 2
481
(2, 2, 1)
2
(55, 68)
-> Request 3
805
(4, 3, 1)
3
(22, 70)
-> Request 4
885
(4, 2, 1)
2
(36, 74)
-> Request 5
1432
(3, 3, 1)
2
(27, 58)
--> Day : 3
-> Request 0
130
(4, 2, 2)
3
(17, 74)
-> Request 1
812
(3, 2, 2)
2
(18, 19)
-> Request 2
948
(4, 2, 2)
1
(32, 75)
-> Request 3
1041
(4, 2, 1)
1
(28, 16)
-> Request 4
1041
(1, 3, 1)
1
(14, 16)
-> Request 5
1414
(3, 3, 1)
2
(77, 39)
--> Day : 4
-> Request 0
26
(1, 3, 2)
3
(3, 62)
-> Request 1
95
(3, 2, 1)
1
(53, 27)
-> Request 2
501
(4, 3, 2)
2
(44, 28)
-> Request 3
563
(4, 3, 2)
3
(0, 8)
-> Request 4
563
(4, 3, 2)
3
(1, 39)
-> Request 5
752
(2, 3, 2)
1
(66, 79)
-> Request 6
932
(4, 3, 2)
1
(76, 30)
-> Request 7
950
(4, 3, 2)
1
(69, 21)
-> Request 8
1018
(2, 3, 1)
1
(12, 15)
-> Request 9
1087
(4, 1, 2)
3
(37, 59)
-> Request 10
1232
(3, 2, 1)
2
(37, 74)
-> Request 11
1384
(2, 3, 1)
2
(31, 21)
-> Request 12
1424
(3, 3, 2)
2
(18, 50)
---> Week : 17
--> Day : 0
-> Request 0
179
(2, 2, 1)
1
(20, 70)
-> Request 1
441
(2, 2, 1)
1
(3, 38)
-> Request 2
517
(2, 3, 2)
2
(75, 28)
-> Request 3
725
(4, 3, 2)
1
(71, 62)
-> Request 4
803
(3, 3, 1)
2
(26, 40)
-> Request 5
1136
(2, 2, 1)
2
(4, 58)
-> Request 6
1422
(4, 2, 2)
1
(77, 66)
--> Day : 1
-> Request 0
112
(2, 3, 2)
2
(22, 71)
-> Request 1
150
(4, 3, 1)
2
(13, 62)
-> Request 2
271
(4, 2, 2)
1
(62, 27)
-> Request 3
551
(3, 3, 1)
2
(15, 3)
-> Request 4
667
(4, 3, 2)
3
(67, 62)
-> Request 5
690
(4, 3, 1)
1
(9, 34)
-> Request 6
694
(3, 2, 2)
1
(72, 75)
-> Request 7
726
(3, 2, 1)
3
(49, 74)
-> Request 8
798
(4, 2, 1)
1
(51, 57)
-> Request 9
884
(1, 3, 1)
3
(6, 74)
-> Request 10
910
(2, 3, 1)
1
(16, 55)
-> Request 11
1267
(3, 1, 2)
1
(61, 63)
-> Request 12
1272
(4, 2, 2)
1
(38, 25)
-> Request 13
1322
(3, 2, 1)
1
(69, 24)
--> Day : 2
-> Request 0
97
(4, 2, 2)
1
(77, 68)
-> Request 1
186
(4, 2, 1)
2
(74, 73)
-> Request 2
260
(2, 2, 2)
3
(49, 9)
-> Request 3
327
(4, 3, 1)
1
(15, 77)
-> Request 4
362
(4, 3, 1)
1
(52, 49)
-> Request 5
439
(3, 2, 1)
3
(14, 43)
-> Request 6
441
(2, 2, 2)
3
(77, 33)
-> Request 7
467
(3, 3, 1)
3
(57, 68)
-> Request 8
1178
(4, 2, 1)
3
(54, 53)
-> Request 9
1299
(3, 2, 1)
2
(22, 41)
-> Request 10
1391
(4, 3, 1)
1
(63, 42)
--> Day : 3
-> Request 0
68
(4, 2, 1)
2
(46, 56)
-> Request 1
230
(4, 1, 1)
1
(35, 69)
-> Request 2
244
(3, 2, 2)
1
(9, 44)
-> Request 3
570
(4, 3, 2)
3
(50, 49)
-> Request 4
604
(4, 3, 2)
1
(61, 65)
-> Request 5
733
(4, 3, 2)
3
(34, 17)
-> Request 6
829
(3, 2, 1)
1
(38, 53)
-> Request 7
864
(2, 2, 1)
3
(46, 3)
-> Request 8
994
(1, 2, 2)
1
(60, 40)
-> Request 9
1024
(3, 3, 2)
2
(7, 21)
-> Request 10
1032
(4, 3, 1)
2
(33, 0)
-> Request 11
1069
(4, 3, 2)
3
(53, 76)
-> Request 12
1077
(4, 3, 1)
2
(17, 10)
-> Request 13
1435
(4, 3, 1)
1
(17, 48)
--> Day : 4
-> Request 0
383
(1, 3, 2)
3
(14, 0)
-> Request 1
555
(4, 2, 1)
2
(75, 44)
-> Request 2
847
(2, 3, 2)
1
(58, 56)
-> Request 3
954
(4, 1, 1)
1
(23, 13)
-> Request 4
1164
(4, 3, 2)
2
(40, 65)
-> Request 5
1244
(1, 2, 1)
2
(36, 53)
---> Week : 18
--> Day : 0
-> Request 0
41
(2, 3, 1)
3
(57, 57)
-> Request 1
414
(4, 3, 1)
2
(65, 2)
-> Request 2
511
(4, 2, 1)
1
(60, 18)
-> Request 3
576
(3, 2, 2)
2
(30, 55)
-> Request 4
1021
(3, 3, 2)
3
(72, 74)
-> Request 5
1125
(3, 2, 1)
3
(65, 35)
-> Request 6
1132
(4, 3, 1)
3
(79, 49)
-> Request 7
1254
(2, 2, 1)
1
(78, 21)
--> Day : 1
-> Request 0
61
(2, 2, 1)
3
(77, 30)
-> Request 1
63
(3, 3, 1)
3
(41, 32)
-> Request 2
274
(3, 2, 2)
3
(32, 6)
-> Request 3
274
(4, 2, 2)
1
(48, 13)
-> Request 4
485
(3, 3, 1)
2
(75, 54)
-> Request 5
548
(4, 3, 1)
3
(3, 53)
-> Request 6
780
(3, 2, 2)
1
(31, 6)
-> Request 7
789
(4, 3, 1)
2
(45, 72)
-> Request 8
916
(4, 3, 1)
3
(4, 32)
-> Request 9
1152
(3, 2, 1)
1
(4, 22)
-> Request 10
1155
(3, 3, 1)
2
(13, 74)
-> Request 11
1280
(1, 3, 2)
1
(79, 46)
--> Day : 2
-> Request 0
174
(4, 3, 1)
3
(40, 51)
-> Request 1
240
(4, 3, 2)
3
(7, 63)
-> Request 2
250
(4, 3, 1)
1
(61, 18)
-> Request 3
251
(3, 3, 2)
2
(60, 35)
-> Request 4
261
(3, 2, 2)
1
(55, 46)
-> Request 5
705
(3, 3, 2)
2
(48, 5)
-> Request 6
800
(3, 3, 2)
3
(20, 68)
-> Request 7
842
(3, 3, 2)
1
(66, 47)
-> Request 8
934
(3, 2, 2)
3
(0, 25)
-> Request 9
1164
(4, 3, 2)
2
(71, 76)
-> Request 10
1400
(4, 2, 2)
1
(38, 70)
--> Day : 3
-> Request 0
219
(4, 3, 1)
3
(28, 70)
-> Request 1
632
(2, 2, 1)
1
(47, 49)
-> Request 2
678
(4, 3, 2)
2
(47, 1)
-> Request 3
722
(2, 3, 1)
3
(29, 28)
-> Request 4
836
(4, 2, 1)
2
(51, 26)
-> Request 5
853
(3, 2, 2)
1
(16, 63)
-> Request 6
1013
(4, 2, 2)
3
(4, 27)
-> Request 7
1295
(4, 3, 2)
2
(36, 20)
-> Request 8
1425
(2, 3, 2)
2
(74, 40)
--> Day : 4
-> Request 0
222
(4, 1, 1)
1
(14, 56)
-> Request 1
572
(4, 3, 1)
2
(75, 68)
-> Request 2
575
(3, 2, 1)
2
(33, 54)
-> Request 3
737
(4, 3, 1)
3
(56, 75)
-> Request 4
924
(4, 3, 1)
1
(29, 62)
-> Request 5
977
(1, 2, 2)
2
(12, 59)
-> Request 6
1260
(4, 3, 2)
3
(76, 76)
---> Week : 19
--> Day : 0
-> Request 0
336
(4, 3, 1)
2
(62, 21)
-> Request 1
349
(4, 3, 1)
1
(34, 22)
-> Request 2
830
(2, 2, 2)
2
(15, 31)
-> Request 3
1000
(4, 2, 1)
2
(1, 43)
-> Request 4
1033
(4, 2, 2)
2
(61, 31)
-> Request 5
1167
(4, 1, 1)
3
(64, 50)
-> Request 6
1167
(4, 3, 2)
3
(73, 79)
-> Request 7
1173
(1, 2, 2)
1
(34, 37)
-> Request 8
1173
(3, 3, 1)
2
(65, 27)
--> Day : 1
-> Request 0
185
(4, 2, 2)
2
(68, 13)
-> Request 1
204
(1, 3, 2)
2
(44, 29)
-> Request 2
293
(4, 3, 1)
3
(40, 4)
-> Request 3
709
(1, 2, 2)
1
(20, 46)
-> Request 4
722
(4, 3, 2)
3
(63, 43)
-> Request 5
738
(4, 2, 2)
3
(66, 11)
-> Request 6
740
(3, 2, 1)
1
(28, 74)
-> Request 7
782
(2, 3, 2)
2
(15, 44)
-> Request 8
1157
(3, 3, 2)
2
(6, 11)
-> Request 9
1302
(4, 2, 2)
1
(27, 33)
-> Request 10
1313
(2, 2, 1)
1
(42, 74)
--> Day : 2
-> Request 0
118
(4, 3, 1)
3
(7, 72)
-> Request 1
122
(1, 2, 2)
1
(75, 17)
-> Request 2
272
(4, 2, 2)
3
(40, 0)
-> Request 3
335
(4, 3, 2)
1
(57, 47)
-> Request 4
640
(4, 2, 1)
3
(25, 77)
-> Request 5
773
(4, 3, 1)
2
(17, 7)
-> Request 6
830
(3, 3, 2)
3
(46, 30)
-> Request 7
926
(2, 2, 2)
3
(7, 54)
-> Request 8
932
(4, 3, 1)
3
(66, 25)
-> Request 9
1188
(2, 3, 1)
1
(57, 47)
-> Request 10
1355
(4, 3, 1)
1
(18, 27)
--> Day : 3
-> Request 0
5
(4, 2, 1)
1
(37, 59)
-> Request 1
733
(4, 2, 1)
3
(78, 38)
-> Request 2
792
(3, 2, 2)
2
(21, 61)
-> Request 3
1113
(4, 3, 2)
2
(66, 1)
-> Request 4
1133
(2, 3, 2)
2
(48, 14)
-> Request 5
1138
(1, 3, 2)
1
(41, 12)
-> Request 6
1381
(2, 2, 1)
1
(56, 19)
--> Day : 4
-> Request 0
171
(4, 3, 1)
1
(61, 70)
-> Request 1
309
(3, 1, 2)
3
(47, 49)
-> Request 2
402
(2, 3, 1)
2
(63, 76)
-> Request 3
770
(3, 3, 2)
2
(29, 50)
-> Request 4
1093
(4, 3, 1)
1
(70, 34)
-> Request 5
1153
(4, 2, 2)
2
(77, 58)
-> Request 6
1248
(4, 2, 2)
1
(79, 56)
-> Request 7
1297
(3, 3, 1)
3
(77, 5)
-> Request 8
1426
(3, 2, 1)
3
(43, 70)
