---> Week : 0
--> Day : 0
-> Request 0
289
(4, 2, 2)
1
(79, 1)
-> Request 1
739
(4, 2, 2)
3
(45, 21)
-> Request 2
754
(3, 2, 2)
1
(57, 70)
-> Request 3
854
(4, 1, 2)
2
(44, 18)
-> Request 4
918
(4, 3, 1)
3
(44, 1)
-> Request 5
1178
(4, 2, 1)
1
(27, 28)
--> Day : 1
-> Request 0
2
(3, 3, 1)
3
(64, 31)
-> Request 1
47
(4, 1, 1)
1
(17, 23)
-> Request 2
108
(3, 3, 1)
1
(16, 7)
-> Request 3
196
(4, 3, 2)
3
(35, 40)
-> Request 4
620
(3, 3, 1)
2
(48, 47)
-> Request 5
1342
(4, 1, 2)
2
(12, 41)
--> Day : 2
-> Request 0
142
(4, 1, 1)
2
(14, 68)
-> Request 1
342
(3, 3, 2)
2
(37, 30)
-> Request 2
417
(3, 3, 2)
3
(34, 25)
-> Request 3
551
(4, 3, 2)
1
(11, 57)
-> Request 4
566
(3, 3, 1)
3
(8, 63)
-> Request 5
594
(4, 3, 1)
1
(71, 69)
-> Request 6
726
(4, 2, 2)
2
(71, 55)
-> Request 7
1362
(2, 2, 1)
2
(23, 42)
-> Request 8
1384
(4, 3, 1)
1
(38, 65)
-> Request 9
1435
(3, 2, 1)
3
(21, 3)
--> Day : 3
-> Request 0
96
(4, 3, 2)
2
(4, 73)
-> Request 1
155
(3, 3, 1)
1
(5, 57)
-> Request 2
236
(4, 2, 1)
3
(48, 78)
-> Request 3
270
(1, 3, 2)
2
(26, 44)
-> Request 4
406
(3, 2, 1)
1
(74, 68)
-> Request 5
504
(2, 2, 1)
3
(4, 13)
-> Request 6
505
(3, 3, 1)
3
(25, 21)
-> Request 7
590
(4, 3, 1)
3
(6, 79)
-> Request 8
866
(3, 2, 1)
3
(38, 45)
-> Request 9
869
(2, 3, 1)
2
(7, 28)
-> Request 10
903
(4, 3, 2)
2
(71, 47)
-> Request 11
1001
(3, 2, 1)
3
(54, 19)
-> Request 12
1157
(3, 3, 1)
3
(4, 10)
-> Request 13
1250
(2, 3, 1)
1
(49, 28)
-> Request 14
1284
(2, 3, 2)
2
(17, 5)
-> Request 15
1286
(3, 3, 2)
2
(45, 4)
--> Day : 4
-> Request 0
493
(4, 3, 2)
1
(34, 17)
-> Request 1
645
(4, 3, 1)
2
(35, 45)
-> Request 2
830
(4, 3, 2)
1
(34, 42)
-> Request 3
976
(3, 3, 1)
2
(66, 40)
-> Request 4
1014
(4, 3, 1)
2
(67, 14)
-> Request 5
1114
(3, 3, 1)
3
(44, 13)
-> Request 6
1139
(1, 2, 1)
2
(34, 17)
-> Request 7
1187
(2, 3, 2)
1
(40, 74)
-> Request 8
1235
(4, 2, 1)
3
(72, 32)
-> Request 9
1243
(4, 2, 2)
2
(63, 3)
---> Week : 1
--> Day : 0
-> Request 0
15
(4, 2, 1)
3
(18, 33)
-> Request 1
117
(3, 2, 1)
3
(46, 9)
-> Request 2
190
(4, 3, 1)
3
(41, 24)
-> Request 3
237
(3, 2, 1)
1
(21, 55)
-> Request 4
244
(4, 3, 1)
2
(25, 79)
-> Request 5
249
(4, 3, 2)
1
(31, 44)
-> Request 6
487
(3, 2, 1)
3
(42, 28)
-> Request 7
490
(4, 3, 1)
2
(7, 25)
-> Request 8
558
(4, 3, 2)
3
(16, 48)
-> Request 9
1173
(4, 1, 2)
1
(22, 68)
--> Day : 1
-> Request 0
500
(2, 2, 2)
3
(35, 22)
-> Request 1
556
(4, 1, 2)
2
(1, 58)
-> Request 2
662
(3, 2, 1)
2
(43, 70)
-> Request 3
827
(3, 3, 1)
2
(78, 17)
-> Request 4
843
(4, 3, 2)
2
(43, 21)
-> Request 5
879
(4, 2, 1)
3
(78, 60)
-> Request 6
1017
(4, 2, 2)
2
(36, 55)
-> Request 7
1068
(3, 3, 1)
3
(23, 42)
-> Request 8
1198
(3, 2, 2)
3
(67, 25)
-> Request 9
1254
(1, 2, 2)
1
(15, 56)
-> Request 10
1334
(2, 3, 1)
1
(61, 31)
--> Day : 2
-> Request 0
54
(4, 2, 2)
2
(62, 46)
-> Request 1
82
(4, 3, 1)
1
(48, 77)
-> Request 2
142
(3, 3, 1)
2
(11, 14)
-> Request 3
264
(4, 3, 2)
2
(31, 58)
-> Request 4
283
(3, 3, 2)
3
(67, 49)
-> Request 5
309
(4, 3, 1)
2
(32, 67)
-> Request 6
623
(4, 2, 2)
1
(56, 74)
-> Request 7
737
(4, 2, 2)
3
(67, 61)
-> Request 8
963
(4, 3, 1)
2
(36, 42)
-> Request 9
997
(3, 2, 1)
3
(29, 67)
-> Request 10
1020
(3, 3, 1)
2
(58, 58)
-> Request 11
1035
(4, 3, 1)
2
(35, 49)
-> Request 12
1147
(3, 3, 1)
1
(6, 49)
-> Request 13
1437
(4, 3, 2)
1
(19, 58)
--> Day : 3
-> Request 0
322
(3, 3, 2)
3
(13, 70)
-> Request 1
366
(3, 3, 1)
3
(14, 68)
-> Request 2
395
(3, 2, 1)
1
(56, 70)
-> Request 3
514
(4, 3, 2)
1
(67, 39)
-> Request 4
608
(4, 2, 2)
2
(40, 72)
-> Request 5
741
(4, 3, 1)
2
(66, 48)
-> Request 6
823
(4, 1, 1)
2
(56, 32)
-> Request 7
1050
(4, 3, 1)
3
(8, 36)
-> Request 8
1201
(4, 2, 1)
2
(35, 77)
-> Request 9
1283
(3, 3, 1)
2
(62, 1)
-> Request 10
1379
(3, 3, 1)
1
(39, 39)
--> Day : 4
-> Request 0
240
(4, 3, 2)
3
(57, 55)
-> Request 1
352
(3, 2, 2)
1
(41, 79)
-> Request 2
564
(3, 2, 2)
1
(75, 15)
-> Request 3
1154
(1, 3, 1)
2
(8, 68)
-> Request 4
1206
(4, 3, 2)
3
(25, 31)
---> Week : 2
--> Day : 0
-> Request 0
275
(4, 2, 2)
3
(11, 10)
-> Request 1
318
(4, 3, 1)
3
(49, 75)
-> Request 2
593
(4, 2, 2)
3
(67, 15)
-> Request 3
598
(4, 2, 1)
1
(60, 59)
-> Request 4
705
(4, 3, 2)
2
(25, 11)
-> Request 5
775
(4, 3, 2)
2
(58, 46)
-> Request 6
1133
(3, 2, 1)
1
(42, 2)
-> Request 7
1285
(2, 2, 2)
3
(21, 18)
-> Request 8
1298
(3, 3, 1)
3
(28, 47)
-> Request 9
1355
(3, 2, 1)
1
(48, 78)
--> Day : 1
-> Request 0
8
(1, 2, 2)
1
(70, 0)
-> Request 1
125
(4, 3, 2)
3
(7, 9)
-> Request 2
153
(4, 3, 1)
2
(0, 2)
-> Request 3
352
(1, 3, 1)
1
(3, 40)
-> Request 4
606
(3, 2, 1)
1
(74, 14)
-> Request 5
687
(4, 2, 2)
1
(71, 23)
-> Request 6
705
(3, 3, 1)
2
(17, 14)
-> Request 7
767
(3, 2, 2)
2
(70, 24)
-> Request 8
835
(4, 3, 1)
3
(63, 51)
-> Request 9
1425
(2, 2, 1)
2
(7, 24)
--> Day : 2
-> Request 0
46
(3, 2, 1)
2
(38, 48)
-> Request 1
223
(3, 2, 2)
2
(32, 39)
-> Request 2
224
(4, 2, 2)
2
(73, 44)
-> Request 3
234
(2, 2, 1)
3
(22, 79)
-> Request 4
444
(2, 3, 1)
3
(49, 18)
-> Request 5
448
(3, 2, 2)
1
(21, 54)
-> Request 6
893
(2, 3, 2)
3
(18, 16)
-> Request 7
906
(3, 3, 2)
3
(54, 28)
--> Day : 3
-> Request 0
171
(4, 3, 1)
2
(69, 37)
-> Request 1
224
(2, 3, 1)
2
(63, 45)
-> Request 2
551
(2, 3, 2)
2
(62, 61)
-> Request 3
634
(3, 2, 1)
2
(25, 28)
-> Request 4
642
(2, 3, 1)
1
(50, 74)
-> Request 5
710
(4, 3, 2)
2
(73, 60)
-> Request 6
940
(2, 3, 1)
1
(26, 63)
-> Request 7
1028
(4, 2, 2)
1
(13, 45)
-> Request 8
1083
(3, 2, 2)
3
(37, 6)
--> Day : 4
-> Request 0
40
(3, 3, 2)
2
(54, 53)
-> Request 1
320
(2, 3, 1)
1
(60, 18)
-> Request 2
485
(4, 3, 1)
2
(0, 42)
-> Request 3
522
(4, 3, 1)
1
(4, 19)
-> Request 4
645
(1, 1, 1)
3
(15, 50)
-> Request 5
945
(3, 3, 2)
1
(54, 11)
-> Request 6
969
(2, 3, 1)
3
(0, 24)
-> Request 7
1128
(3, 3, 2)
3
(5, 41)
-> Request 8
1330
(2, 3, 2)
3
(37, 4)
-> Request 9
1378
(4, 2, 2)
2
(47, 3)
-> Request 10
1389
(4, 3, 1)
3
(28, 23)
---> Week : 3
--> Day : 0
-> Request 0
48
(4, 2, 1)
2
(55, 29)
-> Request 1
306
(4, 3, 1)
2
(15, 72)
-> Request 2
391
(4, 3, 2)
3
(54, 32)
-> Request 3
660
(4, 3, 2)
1
(36, 16)
-> Request 4
721
(3, 3, 1)
2
(42, 35)
-> Request 5
937
(2, 2, 1)
3
(15, 27)
-> Request 6
946
(3, 3, 1)
1
(65, 64)
-> Request 7
992
(4, 2, 2)
1
(14, 69)
-> Request 8
1039
(4, 3, 2)
2
(21, 6)
-> Request 9
1416
(3, 3, 2)
1
(39, 19)
--> Day : 1
-> Request 0
670
(3, 2, 2)
2
(41, 42)
-> Request 1
673
(3, 3, 1)
1
(25, 41)
-> Request 2
1023
(3, 2, 2)
3
(26, 7)
-> Request 3
1389
(4, 3, 2)
3
(57, 64)
-> Request 4
1399
(3, 3, 2)
1
(57, 58)
--> Day : 2
-> Request 0
139
(4, 3, 2)
1
(27, 24)
-> Request 1
155
(3, 2, 2)
1
(14, 31)
-> Request 2
276
(3, 2, 2)
3
(55, 7)
-> Request 3
324
(2, 2, 1)
3
(33, 5)
-> Request 4
417
(4, 2, 1)
1
(60, 46)
-> Request 5
457
(4, 3, 1)
2
(32, 40)
-> Request 6
745
(4, 1, 1)
1
(10, 7)
-> Request 7
889
(4, 3, 1)
3
(40, 35)
-> Request 8
995
(2, 1, 2)
3
(59, 62)
-> Request 9
1233
(2, 2, 2)
3
(30, 63)
-> Request 10
1333
(4, 3, 2)
3
(16, 2)
-> Request 11
1345
(3, 3, 2)
1
(38, 65)
-> Request 12
1427
(4, 3, 2)
1
(3, 5)
--> Day : 3
-> Request 0
45
(1, 3, 2)
3
(23, 11)
-> Request 1
158
(1, 3, 2)
1
(16, 35)
-> Request 2
254
(3, 2, 1)
2
(65, 17)
-> Request 3
270
(4, 2, 2)
2
(59, 43)
-> Request 4
398
(1, 1, 1)
1
(33, 17)
-> Request 5
573
(3, 2, 1)
1
(6, 28)
-> Request 6
758
(3, 2, 2)
2
(61, 27)
-> Request 7
837
(2, 2, 2)
1
(38, 68)
-> Request 8
941
(2, 2, 1)
3
(1, 25)
-> Request 9
954
(1, 3, 2)
1
(0, 79)
-> Request 10
998
(4, 2, 2)
2
(37, 58)
-> Request 11
1011
(2, 3, 2)
1
(48, 34)
-> Request 12
1020
(3, 2, 2)
1
(60, 73)
-> Request 13
1033
(3, 3, 2)
3
(73, 47)
-> Request 14
1365
(1, 3, 1)
1
(15, 17)
--> Day : 4
-> Request 0
58
(4, 3, 2)
2
(2, 70)
-> Request 1
85
(4, 3, 1)
3
(61, 26)
-> Request 2
292
(2, 2, 1)
2
(65, 43)
-> Request 3
316
(4, 3, 2)
2
(22, 26)
-> Request 4
352
(4, 2, 2)
1
(72, 37)
-> Request 5
642
(3, 3, 1)
1
(52, 18)
-> Request 6
797
(2, 3, 1)
2
(4, 67)
-> Request 7
820
(2, 2, 2)
2
(79, 57)
-> Request 8
835
(2, 3, 1)
1
(39, 48)
-> Request 9
1182
(3, 2, 1)
3
(8, 50)
-> Request 10
1261
(4, 3, 2)
3
(77, 50)
-> Request 11
1303
(4, 3, 1)
1
(56, 23)
-> Request 12
1365
(1, 2, 2)
2
(14, 78)
---> Week : 4
--> Day : 0
-> Request 0
34
(4, 1, 2)
3
(77, 41)
-> Request 1
74
(3, 2, 1)
1
(40, 18)
-> Request 2
201
(3, 3, 1)
3
(78, 24)
-> Request 3
278
(1, 3, 1)
3
(63, 8)
-> Request 4
335
(4, 2, 2)
1
(58, 49)
-> Request 5
597
(4, 2, 1)
1
(79, 54)
-> Request 6
1139
(3, 3, 2)
3
(42, 14)
-> Request 7
1299
(4, 3, 2)
1
(8, 63)
-> Request 8
1343
(1, 3, 2)
3
(8, 76)
-> Request 9
1375
(4, 3, 1)
3
(8, 7)
-> Request 10
1422
(3, 3, 2)
3
(13, 24)
--> Day : 1
-> Request 0
36
(4, 3, 2)
1
(42, 67)
-> Request 1
61
(2, 2, 2)
3
(42, 60)
-> Request 2
171
(3, 1, 1)
3
(58, 40)
-> Request 3
365
(4, 2, 1)
2
(20, 76)
-> Request 4
637
(3, 3, 1)
1
(20, 16)
-> Request 5
685
(4, 2, 2)
3
(59, 75)
-> Request 6
1026
(3, 2, 2)
1
(31, 61)
-> Request 7
1031
(3, 3, 2)
3
(35, 16)
-> Request 8
1031
(2, 2, 2)
2
(45, 79)
-> Request 9
1426
(3, 2, 2)
3
(61, 17)
--> Day : 2
-> Request 0
103
(3, 3, 1)
1
(45, 29)
-> Request 1
118
(2, 2, 2)
3
(48, 16)
-> Request 2
200
(4, 2, 1)
2
(29, 57)
-> Request 3
725
(1, 3, 1)
2
(30, 19)
-> Request 4
733
(4, 3, 2)
2
(73, 76)
-> Request 5
847
(4, 3, 2)
2
(64, 51)
-> Request 6
934
(4, 3, 2)
2
(41, 58)
-> Request 7
1227
(4, 2, 2)
1
(50, 40)
-> Request 8
1332
(2, 2, 1)
1
(43, 67)
-> Request 9
1353
(4, 2, 2)
2
(53, 53)
--> Day : 3
-> Request 0
54
(4, 3, 1)
1
(48, 2)
-> Request 1
72
(4, 3, 2)
3
(40, 28)
-> Request 2
247
(4, 2, 1)
3
(68, 8)
-> Request 3
488
(4, 3, 2)
3
(48, 63)
-> Request 4
512
(4, 3, 2)
3
(37, 44)
-> Request 5
544
(2, 3, 1)
3
(2, 1)
-> Request 6
840
(3, 3, 1)
3
(43, 2)
-> Request 7
873
(4, 1, 2)
1
(26, 10)
-> Request 8
1231
(3, 3, 2)
1
(55, 25)
--> Day : 4
-> Request 0
6
(4, 2, 1)
3
(18, 61)
-> Request 1
39
(4, 3, 1)
2
(59, 61)
-> Request 2
79
(3, 3, 1)
3
(67, 7)
-> Request 3
200
(3, 2, 1)
3
(63, 18)
-> Request 4
254
(3, 3, 2)
1
(28, 1)
-> Request 5
287
(4, 3, 2)
2
(68, 23)
-> Request 6
302
(2, 3, 2)
3
(12, 15)
-> Request 7
347
(4, 3, 2)
1
(63, 20)
-> Request 8
512
(3, 3, 1)
3
(62, 20)
-> Request 9
666
(1, 1, 1)
2
(26, 50)
-> Request 10
707
(3, 2, 2)
1
(57, 76)
-> Request 11
1030
(4, 2, 1)
2
(72, 26)
-> Request 12
1144
(4, 3, 1)
3
(72, 29)
-> Request 13
1245
(4, 2, 2)
3
(47, 64)
-> Request 14
1295
(2, 3, 2)
3
(66, 16)
-> Request 15
1334
(4, 3, 1)
3
(56, 39)
-> Request 16
1370
(3, 3, 2)
3
(22, 36)
---> Week : 5
--> Day : 0
-> Request 0
83
(3, 3, 1)
2
(38, 52)
-> Request 1
208
(2, 3, 2)
3
(2, 18)
-> Request 2
215
(3, 1, 2)
1
(63, 32)
-> Request 3
515
(4, 2, 1)
1
(0, 19)
-> Request 4
859
(4, 1, 1)
3
(57, 0)
-> Request 5
971
(3, 3, 2)
2
(27, 73)
--> Day : 1
-> Request 0
17
(2, 3, 2)
3
(73, 41)
-> Request 1
52
(4, 2, 1)
2
(73, 54)
-> Request 2
101
(2, 2, 1)
3
(58, 10)
-> Request 3
437
(4, 3, 2)
2
(4, 33)
-> Request 4
442
(2, 3, 1)
2
(69, 7)
-> Request 5
462
(4, 3, 1)
1
(71, 1)
-> Request 6
594
(4, 2, 1)
3
(7, 16)
-> Request 7
595
(2, 3, 2)
3
(19, 10)
-> Request 8
683
(3, 3, 1)
1
(74, 41)
-> Request 9
719
(3, 3, 1)
3
(46, 41)
-> Request 10
833
(4, 3, 1)
1
(40, 26)
-> Request 11
940
(2, 3, 2)
2
(70, 51)
-> Request 12
1150
(4, 3, 2)
1
(74, 44)
--> Day : 2
-> Request 0
69
(2, 3, 2)
3
(33, 12)
-> Request 1
302
(3, 1, 1)
1
(57, 43)
-> Request 2
335
(2, 3, 1)
3
(43, 20)
-> Request 3
390
(4, 3, 1)
2
(46, 34)
-> Request 4
430
(4, 3, 1)
1
(62, 66)
-> Request 5
459
(3, 2, 2)
1
(32, 25)
-> Request 6
472
(3, 3, 2)
3
(23, 67)
-> Request 7
650
(4, 3, 1)
1
(66, 74)
-> Request 8
1044
(3, 2, 2)
3
(47, 2)
-> Request 9
1260
(1, 2, 2)
1
(3, 22)
-> Request 10
1288
(3, 3, 2)
2
(25, 38)
-> Request 11
1364
(4, 2, 2)
3
(76, 0)
-> Request 12
1384
(4, 3, 2)
2
(44, 13)
-> Request 13
1393
(3, 2, 1)
2
(49, 38)
-> Request 14
1418
(4, 2, 1)
1
(0, 66)
--> Day : 3
-> Request 0
63
(2, 3, 2)
3
(33, 37)
-> Request 1
265
(4, 3, 2)
3
(30, 8)
-> Request 2
319
(4, 2, 2)
1
(20, 38)
-> Request 3
343
(3, 2, 2)
2
(45, 43)
-> Request 4
364
(4, 2, 1)
1
(35, 43)
-> Request 5
469
(4, 3, 2)
1
(2, 4)
-> Request 6
551
(3, 3, 2)
1
(42, 75)
-> Request 7
590
(4, 3, 1)
3
(0, 4)
-> Request 8
652
(2, 3, 2)
1
(14, 29)
-> Request 9
793
(4, 2, 1)
1
(67, 14)
-> Request 10
1332
(4, 3, 2)
2
(61, 47)
-> Request 11
1339
(4, 3, 1)
2
(67, 74)
-> Request 12
1366
(1, 3, 2)
1
(27, 60)
-> Request 13
1390
(4, 3, 2)
1
(71, 8)
--> Day : 4
-> Request 0
53
(3, 2, 2)
2
(62, 53)
-> Request 1
63
(3, 2, 2)
1
(56, 2)
-> Request 2
68
(2, 2, 2)
3
(5, 76)
-> Request 3
324
(4, 1, 2)
1
(16, 59)
-> Request 4
544
(2, 3, 1)
3
(62, 56)
-> Request 5
603
(4, 3, 2)
2
(73, 76)
-> Request 6
798
(3, 3, 2)
3
(34, 46)
-> Request 7
918
(3, 2, 2)
2
(25, 68)
-> Request 8
1046
(4, 3, 2)
2
(44, 41)
-> Request 9
1331
(4, 3, 1)
2
(35, 61)
-> Request 10
1331
(4, 2, 1)
1
(65, 70)
---> Week : 6
--> Day : 0
-> Request 0
10
(3, 3, 1)
1
(35, 37)
-> Request 1
231
(4, 2, 1)
3
(39, 75)
-> Request 2
296
(3, 2, 1)
1
(9, 3)
-> Request 3
408
(4, 3, 2)
3
(24, 33)
-> Request 4
416
(4, 3, 2)
3
(53, 21)
-> Request 5
547
(3, 2, 2)
2
(39, 76)
-> Request 6
553
(4, 3, 1)
3
(13, 27)
-> Request 7
885
(3, 3, 2)
2
(28, 55)
-> Request 8
1005
(1, 3, 1)
2
(35, 18)
-> Request 9
1159
(2, 3, 1)
2
(73, 37)
--> Day : 1
-> Request 0
15
(4, 3, 2)
2
(14, 43)
-> Request 1
416
(3, 2, 1)
2
(74, 15)
-> Request 2
465
(4, 3, 1)
3
(40, 0)
-> Request 3
703
(4, 2, 1)
1
(14, 41)
-> Request 4
818
(3, 3, 2)
3
(49, 45)
-> Request 5
1149
(3, 2, 2)
2
(31, 1)
-> Request 6
1239
(4, 3, 1)
1
(42, 15)
--> Day : 2
-> Request 0
236
(4, 1, 1)
3
(32, 54)
-> Request 1
398
(3, 3, 2)
2
(13, 78)
-> Request 2
470
(1, 3, 1)
2
(57, 34)
-> Request 3
513
(4, 3, 1)
2
(47, 14)
-> Request 4
669
(4, 2, 2)
1
(71, 61)
-> Request 5
862
(4, 3, 2)
2
(79, 74)
-> Request 6
891
(4, 1, 1)
2
(35, 51)
-> Request 7
967
(4, 2, 1)
1
(45, 43)
-> Request 8
1142
(3, 3, 1)
3
(70, 69)
-> Request 9
1430
(4, 3, 2)
2
(69, 32)
--> Day : 3
-> Request 0
162
(3, 2, 1)
3
(72, 61)
-> Request 1
274
(4, 2, 1)
3
(70, 26)
-> Request 2
882
(4, 3, 1)
1
(51, 35)
-> Request 3
887
(4, 3, 2)
2
(36, 48)
-> Request 4
888
(4, 3, 2)
1
(28, 68)
-> Request 5
900
(4, 2, 2)
1
(58, 61)
-> Request 6
955
(4, 2, 2)
1
(4, 19)
-> Request 7
1184
(3, 1, 1)
2
(18, 34)
-> Request 8
1241
(4, 3, 1)
2
(41, 72)
-> Request 9
1296
(2, 3, 2)
3
(34, 22)
-> Request 10
1363
(2, 3, 1)
3
(60, 68)
--> Day : 4
-> Request 0
230
(4, 3, 2)
2
(14, 69)
-> Request 1
359
(2, 2, 1)
3
(26, 15)
-> Request 2
559
(4, 2, 2)
3
(15, 8)
-> Request 3
608
(1, 3, 1)
1
(5, 79)
-> Request 4
696
(3, 3, 1)
3
(77, 16)
-> Request 5
773
(4, 3, 2)
1
(11, 22)
-> Request 6
811
(3, 3, 1)
2
(63, 44)
-> Request 7
1250
(2, 2, 1)
2
(49, 12)
-> Request 8
1261
(3, 3, 2)
1
(41, 56)
-> Request 9
1389
(3, 3, 1)
2
(47, 71)
---> Week : 7
--> Day : 0
-> Request 0
54
(2, 2, 2)
2
(2, 37)
-> Request 1
137
(3, 2, 1)
1
(36, 24)
-> Request 2
344
(3, 2, 2)
3
(11, 19)
-> Request 3
449
(2, 3, 2)
3
(49, 49)
-> Request 4
547
(3, 2, 1)
3
(57, 49)
-> Request 5
646
(4, 2, 1)
1
(65, 2)
-> Request 6
729
(4, 2, 2)
3
(25, 64)
-> Request 7
902
(4, 2, 2)
3
(46, 40)
-> Request 8
1055
(3, 3, 2)
1
(75, 40)
-> Request 9
1261
(4, 3, 2)
2
(51, 61)
-> Request 10
1268
(4, 3, 1)
3
(16, 13)
--> Day : 1
-> Request 0
461
(4, 3, 2)
2
(14, 41)
-> Request 1
561
(4, 3, 2)
1
(45, 60)
-> Request 2
671
(4, 3, 2)
1
(72, 59)
-> Request 3
712
(2, 2, 1)
3
(43, 50)
-> Request 4
788
(4, 1, 2)
2
(65, 73)
-> Request 5
794
(2, 2, 2)
2
(17, 18)
-> Request 6
816
(4, 2, 1)
1
(69, 60)
-> Request 7
872
(4, 3, 2)
3
(55, 21)
-> Request 8
1070
(4, 3, 2)
3
(28, 23)
-> Request 9
1106
(4, 1, 2)
1
(45, 44)
-> Request 10
1118
(1, 3, 1)
2
(10, 46)
-> Request 11
1198
(4, 2, 1)
1
(3, 19)
-> Request 12
1350
(3, 3, 2)
2
(58, 4)
-> Request 13
1405
(3, 2, 1)
2
(25, 69)
--> Day : 2
-> Request 0
64
(4, 2, 1)
3
(78, 53)
-> Request 1
276
(1, 3, 2)
3
(11, 79)
-> Request 2
456
(2, 3, 2)
1
(68, 54)
-> Request 3
640
(4, 3, 1)
3
(69, 50)
-> Request 4
762
(4, 3, 2)
3
(41, 75)
-> Request 5
1045
(1, 3, 2)
2
(28, 46)
-> Request 6
1103
(2, 2, 2)
3
(32, 50)
--> Day : 3
-> Request 0
194
(4, 3, 1)
3
(79, 52)
-> Request 1
269
(4, 1, 1)
3
(23, 10)
-> Request 2
281
(4, 3, 2)
1
(76, 8)
-> Request 3
561
(2, 3, 2)
2
(26, 0)
-> Request 4
589
(4, 3, 1)
3
(35, 78)
-> Request 5
824
(4, 3, 2)
3
(68, 36)
-> Request 6
840
(1, 3, 1)
1
(3, 46)
-> Request 7
893
(4, 3, 1)
2
(74, 67)
-> Request 8
1203
(3, 2, 1)
3
(74, 42)
--> Day : 4
-> Request 0
229
(4, 3, 2)
1
(22, 15)
-> Request 1
324
(3, 3, 1)
3
(18, 76)
-> Request 2
423
(4, 2, 1)
2
(27, 65)
-> Request 3
446
(4, 3, 2)
2
(22, 74)
-> Request 4
493
(3, 3, 2)
3
(36, 67)
-> Request 5
543
(3, 2, 2)
2
(6, 47)
-> Request 6
642
(3, 3, 1)
1
(7, 42)
-> Request 7
678
(3, 2, 1)
3
(1, 45)
-> Request 8
749
(2, 3, 2)
2
(32, 58)
-> Request 9
857
(1, 1, 2)
3
(0, 48)
-> Request 10
961
(4, 3, 1)
1
(12, 3)
-> Request 11
1231
(4, 2, 2)
2
(50, 61)
-> Request 12
1264
(2, 2, 1)
1
(15, 50)
-> Request 13
1283
(2, 3, 1)
1
(2, 4)
-> Request 14
1293
(3, 1, 1)
1
(2, 56)
-> Request 15
1371
(4, 3, 2)
2
(1, 20)
-> Request 16
1395
(4, 2, 1)
1
(4, 45)
---> Week : 8
--> Day : 0
-> Request 0
49
(4, 3, 2)
1
(35, 76)
-> Request 1
133
(4, 3, 2)
2
(63, 33)
-> Request 2
157
(3, 3, 1)
3
(75, 39)
-> Request 3
301
(3, 2, 1)
2
(49, 8)
-> Request 4
478
(4, 3, 2)
1
(35, 71)
-> Request 5
599
(4, 1, 1)
2
(21, 46)
-> Request 6
779
(3, 3, 2)
1
(65, 13)
-> Request 7
856
(3, 3, 1)
1
(27, 59)
-> Request 8
1242
(4, 3, 1)
2
(43, 71)
-> Request 9
1385
(2, 2, 2)
3
(40, 77)
-> Request 10
1415
(4, 3, 1)
1
(12, 72)
--> Day : 1
-> Request 0
139
(3, 2, 1)
1
(33, 11)
-> Request 1
245
(4, 3, 1)
3
(29, 64)
-> Request 2
372
(4, 3, 2)
1
(37, 10)
-> Request 3
463
(4, 1, 2)
3
(42, 72)
-> Request 4
475
(4, 2, 1)
3
(49, 30)
-> Request 5
661
(3, 2, 1)
2
(46, 15)
-> Request 6
704
(2, 3, 1)
3
(39, 13)
-> Request 7
775
(3, 2, 1)
3
(65, 27)
-> Request 8
985
(4, 2, 2)
2
(49, 53)
-> Request 9
1031
(4, 2, 1)
3
(60, 16)
-> Request 10
1034
(2, 2, 2)
3
(51, 12)
-> Request 11
1106
(2, 3, 1)
1
(40, 30)
-> Request 12
1360
(3, 3, 1)
1
(16, 73)
--> Day : 2
-> Request 0
123
(4, 2, 2)
1
(49, 66)
-> Request 1
429
(4, 2, 1)
3
(40, 7)
-> Request 2
439
(4, 2, 2)
2
(17, 3)
-> Request 3
1097
(3, 2, 2)
1
(54, 23)
-> Request 4
1118
(4, 3, 2)
3
(24, 48)
--> Day : 3
-> Request 0
113
(4, 3, 1)
3
(54, 63)
-> Request 1
180
(2, 3, 1)
2
(40, 60)
-> Request 2
335
(3, 3, 1)
1
(47, 20)
-> Request 3
449
(4, 3, 2)
2
(9, 19)
-> Request 4
577
(4, 2, 1)
3
(72, 25)
-> Request 5
725
(4, 2, 2)
1
(0, 67)
-> Request 6
827
(2, 3, 2)
1
(25, 70)
-> Request 7
980
(4, 3, 1)
1
(3, 70)
-> Request 8
1179
(4, 2, 2)
1
(51, 10)
--> Day : 4
-> Request 0
174
(2, 2, 2)
2
(37, 39)
-> Request 1
331
(3, 1, 2)
1
(10, 30)
-> Request 2
337
(4, 3, 1)
1
(33, 59)
-> Request 3
380
(4, 3, 1)
1
(38, 21)
-> Request 4
408
(3, 1, 1)
1
(63, 54)
-> Request 5
437
(3, 2, 1)
2
(7, 35)
-> Request 6
501
(1, 2, 2)
3
(2, 10)
-> Request 7
529
(4, 1, 2)
1
(17, 79)
-> Request 8
535
(4, 3, 1)
1
(74, 74)
-> Request 9
545
(3, 3, 1)
3
(20, 52)
-> Request 10
586
(3, 2, 1)
1
(12, 23)
-> Request 11
612
(3, 3, 1)
1
(54, 68)
-> Request 12
767
(4, 3, 2)
3
(0, 42)
-> Request 13
924
(3, 3, 2)
1
(65, 29)
-> Request 14
1017
(3, 2, 1)
2
(46, 61)
-> Request 15
1047
(1, 3, 1)
2
(58, 73)
-> Request 16
1126
(4, 3, 1)
3
(62, 19)
-> Request 17
1212
(4, 2, 1)
3
(48, 49)
-> Request 18
1315
(3, 3, 2)
3
(18, 63)
-> Request 19
1334
(1, 3, 2)
1
(59, 62)
---> Week : 9
--> Day : 0
-> Request 0
30
(4, 3, 1)
2
(14, 76)
-> Request 1
91
(4, 3, 1)
1
(11, 55)
-> Request 2
201
(3, 3, 1)
3
(78, 65)
-> Request 3
214
(3, 1, 1)
1
(10, 74)
-> Request 4
586
(2, 3, 1)
2
(0, 30)
-> Request 5
1348
(4, 3, 2)
1
(33, 14)
--> Day : 1
-> Request 0
9
(2, 2, 2)
3
(60, 11)
-> Request 1
146
(3, 3, 1)
2
(21, 5)
-> Request 2
538
(4, 3, 2)
2
(29, 63)
-> Request 3
706
(2, 3, 2)
2
(27, 46)
-> Request 4
968
(4, 2, 2)
1
(13, 17)
-> Request 5
1048
(1, 3, 2)
2
(75, 56)
-> Request 6
1256
(3, 2, 2)
2
(61, 75)
-> Request 7
1379
(3, 2, 2)
3
(77, 23)
--> Day : 2
-> Request 0
18
(1, 3, 2)
1
(64, 13)
-> Request 1
156
(4, 3, 2)
1
(9, 27)
-> Request 2
215
(3, 2, 1)
2
(79, 30)
-> Request 3
720
(3, 3, 1)
3
(8, 18)
-> Request 4
762
(4, 3, 2)
2
(36, 75)
-> Request 5
999
(4, 3, 1)
2
(27, 78)
-> Request 6
1066
(1, 2, 2)
3
(58, 0)
-> Request 7
1162
(4, 3, 2)
3
(39, 59)
-> Request 8
1181
(2, 3, 2)
2
(22, 58)
-> Request 9
1308
(4, 2, 1)
1
(27, 69)
-> Request 10
1360
(2, 2, 2)
2
(54, 65)
--> Day : 3
-> Request 0
324
(4, 3, 1)
3
(5, 74)
-> Request 1
697
(4, 2, 1)
3
(35, 68)
-> Request 2
753
(1, 3, 2)
2
(6, 77)
-> Request 3
979
(2, 3, 2)
3
(52, 9)
-> Request 4
999
(4, 3, 1)
2
(38, 7)
-> Request 5
1028
(3, 3, 1)
2
(26, 44)
-> Request 6
1047
(2, 3, 2)
2
(76, 67)
-> Request 7
1133
(3, 3, 1)
3
(11, 35)
-> Request 8
1383
(2, 3, 1)
2
(44, 35)
-> Request 9
1387
(4, 2, 1)
3
(0, 31)
--> Day : 4
-> Request 0
30
(4, 2, 2)
2
(15, 57)
-> Request 1
96
(3, 2, 1)
1
(34, 58)
-> Request 2
402
(2, 3, 2)
3
(41, 30)
-> Request 3
435
(4, 3, 2)
3
(77, 53)
-> Request 4
529
(3, 3, 2)
1
(63, 52)
-> Request 5
613
(4, 2, 1)
2
(33, 78)
-> Request 6
626
(4, 3, 1)
3
(35, 30)
-> Request 7
711
(2, 3, 2)
2
(20, 37)
-> Request 8
1072
(3, 3, 2)
2
(73, 71)
-> Request 9
1158
(4, 2, 1)
2
(9, 78)
---> Week : 10
--> Day : 0
-> Request 0
65
(2, 3, 1)
2
(2, 74)
-> Request 1
391
(4, 3, 1)
2
(9, 56)
-> Request 2
506
(2, 3, 2)
3
(74, 28)
-> Request 3
613
(4, 3, 2)
2
(3, 76)
-> Request 4
624
(1, 3, 2)
2
(15, 77)
-> Request 5
852
(2, 2, 2)
2
(27, 11)
--> Day : 1
-> Request 0
18
(4, 2, 1)
3
(7, 19)
-> Request 1
354
(4, 3, 1)
1
(11, 49)
-> Request 2
596
(1, 3, 1)
2
(36, 72)
-> Request 3
701
(3, 3, 1)
1
(29, 52)
-> Request 4
787
(4, 2, 1)
3
(50, 21)
-> Request 5
918
(4, 2, 1)
1
(13, 38)
-> Request 6
1016
(2, 3, 2)
3
(10, 71)
-> Request 7
1205
(4, 2, 1)
3
(62, 39)
-> Request 8
1367
(4, 3, 1)
1
(53, 77)
--> Day : 2
-> Request 0
30
(4, 3, 2)
3
(51, 45)
-> Request 1
95
(3, 3, 1)
2
(34, 16)
-> Request 2
109
(1, 3, 2)
1
(63, 43)
-> Request 3
271
(4, 3, 2)
1
(57, 40)
-> Request 4
309
(4, 3, 2)
1
(0, 69)
-> Request 5
640
(4, 2, 1)
2
(5, 56)
-> Request 6
883
(2, 2, 1)
2
(65, 66)
-> Request 7
941
(3, 3, 2)
3
(41, 1)
-> Request 8
1303
(3, 3, 1)
1
(57, 35)
-> Request 9
1419
(2, 2, 2)
1
(45, 4)
--> Day : 3
-> Request 0
54
(3, 2, 1)
3
(10, 68)
-> Request 1
371
(3, 3, 1)
3
(24, 31)
-> Request 2
404
(4, 2, 2)
3
(71, 3)
-> Request 3
432
(3, 3, 2)
3
(32, 6)
-> Request 4
498
(4, 3, 1)
1
(54, 68)
-> Request 5
636
(3, 3, 2)
2
(63, 4)
-> Request 6
757
(2, 1, 1)
2
(67, 64)
-> Request 7
943
(3, 1, 2)
3
(77, 24)
-> Request 8
986
(4, 2, 1)
3
(30, 67)
-> Request 9
1027
(4, 3, 2)
3
(32, 45)
-> Request 10
1376
(3, 3, 1)
1
(4, 42)
--> Day : 4
-> Request 0
97
(4, 3, 2)
1
(6, 78)
-> Request 1
274
(2, 3, 1)
3
(52, 42)
-> Request 2
345
(3, 2, 1)
3
(61, 4)
-> Request 3
348
(4, 2, 2)
2
(13, 29)
-> Request 4
572
(4, 3, 2)
2
(10, 5)
-> Request 5
607
(4, 3, 1)
2
(63, 71)
-> Request 6
1126
(2, 3, 1)
3
(0, 52)
-> Request 7
1208
(3, 3, 2)
2
(10, 44)
-> Request 8
1395
(4, 3, 2)
3
(8, 78)
---> Week : 11
--> Day : 0
-> Request 0
450
(4, 2, 2)
1
(50, 31)
-> Request 1
1095
(4, 3, 2)
3
(25, 51)
-> Request 2
1309
(4, 3, 2)
3
(15, 31)
-> Request 3
1359
(4, 2, 1)
2
(68, 52)
--> Day : 1
-> Request 0
65
(1, 2, 2)
2
(37, 60)
-> Request 1
212
(4, 3, 1)
1
(22, 47)
-> Request 2
289
(2, 3, 1)
2
(11, 20)
-> Request 3
293
(4, 3, 1)
1
(17, 70)
-> Request 4
487
(2, 3, 2)
1
(33, 33)
-> Request 5
516
(2, 2, 2)
3
(38, 38)
-> Request 6
629
(3, 2, 1)
3
(46, 33)
-> Request 7
731
(4, 2, 1)
2
(61, 65)
-> Request 8
954
(3, 1, 2)
2
(37, 24)
-> Request 9
992
(3, 2, 2)
1
(73, 73)
-> Request 10
1006
(4, 1, 1)
2
(78, 72)
-> Request 11
1064
(3, 3, 1)
1
(29, 13)
-> Request 12
1164
(4, 3, 1)
2
(36, 13)
-> Request 13
1386
(3, 3, 1)
3
(19, 67)
--> Day : 2
-> Request 0
224
(4, 2, 2)
3
(21, 74)
-> Request 1
502
(2, 3, 2)
3
(62, 49)
-> Request 2
533
(4, 1, 2)
1
(25, 22)
-> Request 3
903
(3, 3, 2)
2
(21, 40)
-> Request 4
1114
(4, 3, 2)
3
(35, 11)
-> Request 5
1379
(4, 2, 1)
1
(74, 52)
--> Day : 3
-> Request 0
48
(3, 3, 1)
1
(30, 20)
-> Request 1
211
(4, 3, 1)
3
(31, 0)
-> Request 2
394
(4, 3, 1)
3
(19, 24)
-> Request 3
475
(3, 2, 1)
1
(76, 67)
-> Request 4
607
(4, 3, 1)
1
(17, 74)
-> Request 5
638
(4, 2, 1)
2
(48, 78)
-> Request 6
642
(3, 1, 2)
3
(78, 9)
-> Request 7
791
(4, 3, 2)
3
(23, 3)
-> Request 8
1202
(3, 3, 2)
3
(24, 8)
--> Day : 4
-> Request 0
74
(1, 2, 2)
2
(2, 3)
-> Request 1
298
(4, 3, 1)
3
(24, 68)
-> Request 2
304
(3, 2, 1)
2
(55, 50)
-> Request 3
592
(3, 2, 2)
2
(68, 4)
-> Request 4
915
(3, 1, 1)
1
(33, 6)
-> Request 5
1083
(3, 2, 1)
2
(54, 4)
-> Request 6
1231
(3, 3, 2)
2
(78, 32)
-> Request 7
1384
(1, 2, 1)
1
(50, 34)
---> Week : 12
--> Day : 0
-> Request 0
118
(3, 3, 1)
3
(75, 36)
-> Request 1
247
(3, 3, 1)
3
(24, 30)
-> Request 2
370
(3, 3, 2)
1
(78, 15)
-> Request 3
828
(4, 2, 2)
1
(41, 56)
-> Request 4
924
(4, 2, 1)
1
(63, 74)
-> Request 5
1096
(2, 3, 1)
2
(25, 1)
-> Request 6
1116
(3, 3, 1)
1
(23, 43)
-> Request 7
1213
(4, 2, 2)
3
(33, 41)
--> Day : 1
-> Request 0
239
(4, 3, 2)
2
(28, 6)
-> Request 1
328
(4, 3, 1)
3
(19, 25)
-> Request 2
330
(3, 3, 2)
2
(64, 14)
-> Request 3
405
(4, 2, 1)
3
(15, 60)
-> Request 4
622
(4, 2, 2)
2
(69, 11)
-> Request 5
708
(3, 2, 1)
2
(59, 27)
-> Request 6
931
(4, 3, 1)
2
(31, 62)
-> Request 7
1043
(4, 3, 2)
1
(24, 26)
-> Request 8
1069
(3, 3, 2)
1
(56, 39)
-> Request 9
1087
(4, 3, 2)
1
(7, 10)
-> Request 10
1242
(3, 3, 1)
3
(16, 38)
--> Day : 2
-> Request 0
89
(4, 3, 2)
2
(14, 71)
-> Request 1
209
(3, 2, 2)
3
(25, 66)
-> Request 2
229
(3, 3, 1)
1
(41, 24)
-> Request 3
306
(2, 2, 2)
2
(62, 18)
-> Request 4
341
(4, 3, 1)
1
(42, 45)
-> Request 5
528
(4, 3, 1)
1
(6, 19)
-> Request 6
797
(4, 2, 2)
1
(78, 74)
-> Request 7
922
(4, 2, 2)
3
(9, 55)
-> Request 8
955
(4, 2, 1)
2
(9, 52)
-> Request 9
967
(4, 3, 1)
2
(65, 64)
-> Request 10
988
(2, 3, 1)
2
(53, 37)
-> Request 11
1113
(1, 3, 2)
3
(31, 18)
-> Request 12
1308
(3, 2, 2)
1
(27, 17)
-> Request 13
1376
(3, 3, 2)
2
(18, 3)
--> Day : 3
-> Request 0
48
(4, 2, 2)
3
(49, 63)
-> Request 1
266
(2, 3, 1)
3
(10, 23)
-> Request 2
509
(4, 2, 1)
1
(79, 57)
-> Request 3
763
(3, 3, 2)
1
(13, 77)
-> Request 4
798
(4, 3, 1)
1
(35, 23)
-> Request 5
827
(1, 2, 2)
2
(66, 29)
-> Request 6
912
(2, 3, 1)
1
(74, 9)
-> Request 7
1241
(3, 2, 2)
1
(42, 35)
-> Request 8
1259
(3, 2, 2)
2
(11, 60)
-> Request 9
1282
(2, 3, 2)
3
(68, 1)
-> Request 10
1293
(4, 3, 2)
2
(63, 6)
-> Request 11
1385
(4, 2, 1)
2
(64, 42)
--> Day : 4
-> Request 0
14
(4, 3, 2)
3
(78, 54)
-> Request 1
66
(4, 2, 1)
3
(17, 22)
-> Request 2
184
(4, 3, 1)
3
(4, 50)
-> Request 3
272
(4, 3, 1)
2
(9, 33)
-> Request 4
397
(3, 3, 1)
2
(16, 10)
-> Request 5
785
(1, 3, 2)
2
(10, 17)
-> Request 6
998
(4, 3, 2)
1
(42, 39)
-> Request 7
1083
(4, 3, 1)
1
(14, 19)
-> Request 8
1203
(2, 3, 1)
2
(74, 35)
-> Request 9
1295
(4, 3, 1)
1
(74, 24)
-> Request 10
1342
(4, 3, 2)
1
(60, 0)
-> Request 11
1428
(2, 2, 2)
2
(70, 35)
---> Week : 13
--> Day : 0
-> Request 0
69
(2, 3, 1)
2
(27, 33)
-> Request 1
411
(4, 3, 2)
2
(51, 68)
-> Request 2
413
(3, 3, 1)
3
(12, 68)
-> Request 3
613
(4, 3, 1)
1
(15, 63)
-> Request 4
632
(2, 3, 2)
3
(72, 2)
-> Request 5
830
(4, 2, 2)
3
(1, 6)
-> Request 6
910
(2, 3, 2)
1
(75, 70)
-> Request 7
1084
(4, 3, 2)
2
(3, 54)
-> Request 8
1147
(2, 3, 2)
1
(5, 11)
-> Request 9
1337
(3, 2, 2)
3
(61, 37)
--> Day : 1
-> Request 0
211
(4, 2, 1)
2
(49, 76)
-> Request 1
305
(3, 2, 1)
3
(40, 19)
-> Request 2
604
(3, 3, 1)
2
(46, 61)
--> Day : 2
-> Request 0
77
(2, 2, 2)
2
(33, 66)
-> Request 1
252
(3, 3, 2)
1
(79, 47)
-> Request 2
260
(4, 2, 1)
2
(37, 71)
-> Request 3
486
(3, 3, 1)
3
(53, 71)
-> Request 4
497
(2, 3, 2)
2
(7, 40)
-> Request 5
722
(3, 3, 2)
1
(43, 17)
-> Request 6
946
(3, 1, 1)
2
(75, 1)
-> Request 7
1353
(4, 3, 2)
2
(63, 41)
--> Day : 3
-> Request 0
56
(2, 3, 1)
1
(12, 71)
-> Request 1
74
(4, 3, 1)
2
(63, 74)
-> Request 2
536
(4, 3, 1)
3
(73, 30)
-> Request 3
561
(4, 2, 2)
1
(73, 55)
-> Request 4
784
(4, 3, 1)
1
(51, 18)
-> Request 5
866
(4, 3, 1)
2
(29, 22)
-> Request 6
985
(3, 2, 2)
1
(52, 67)
-> Request 7
1092
(4, 2, 1)
3
(36, 42)
-> Request 8
1312
(4, 3, 1)
3
(16, 17)
--> Day : 4
-> Request 0
53
(3, 2, 2)
1
(26, 17)
-> Request 1
404
(4, 3, 1)
2
(52, 58)
-> Request 2
598
(2, 2, 2)
3
(42, 76)
-> Request 3
688
(3, 1, 1)
3
(63, 55)
-> Request 4
712
(2, 3, 1)
1
(78, 9)
-> Request 5
885
(2, 1, 1)
2
(75, 36)
-> Request 6
934
(4, 2, 1)
2
(39, 21)
-> Request 7
948
(2, 3, 2)
3
(30, 21)
-> Request 8
977
(4, 2, 1)
3
(40, 22)
-> Request 9
1059
(3, 3, 2)
2
(72, 46)
-> Request 10
1092
(2, 3, 1)
2
(61, 6)
-> Request 11
1140
(4, 3, 2)
2
(46, 46)
-> Request 12
1187
(4, 3, 1)
1
(68, 64)
-> Request 13
1298
(2, 3, 2)
1
(11, 27)
-> Request 14
1324
(4, 2, 1)
2
(55, 25)
---> Week : 14
--> Day : 0
-> Request 0
185
(4, 3, 1)
2
(39, 23)
-> Request 1
214
(4, 3, 1)
2
(8, 49)
-> Request 2
396
(4, 2, 1)
1
(43, 61)
-> Request 3
620
(3, 3, 2)
1
(26, 43)
-> Request 4
795
(2, 2, 1)
1
(43, 52)
-> Request 5
815
(4, 3, 1)
1
(29, 72)
-> Request 6
818
(3, 2, 1)
2
(75, 46)
-> Request 7
905
(4, 3, 1)
3
(19, 42)
-> Request 8
1001
(2, 2, 1)
1
(4, 56)
-> Request 9
1048
(2, 3, 2)
3
(12, 18)
-> Request 10
1253
(4, 3, 2)
1
(32, 27)
--> Day : 1
-> Request 0
41
(4, 2, 2)
3
(57, 3)
-> Request 1
134
(4, 3, 1)
3
(60, 26)
-> Request 2
158
(4, 3, 2)
3
(24, 3)
-> Request 3
188
(4, 3, 2)
1
(6, 24)
-> Request 4
204
(4, 1, 1)
1
(12, 58)
-> Request 5
232
(4, 2, 2)
2
(9, 42)
-> Request 6
242
(2, 3, 2)
2
(1, 46)
-> Request 7
408
(4, 2, 1)
1
(79, 59)
-> Request 8
757
(3, 2, 1)
1
(47, 59)
-> Request 9
806
(4, 2, 2)
1
(77, 11)
-> Request 10
856
(4, 2, 1)
2
(23, 41)
-> Request 11
926
(4, 3, 1)
3
(2, 77)
-> Request 12
1136
(4, 2, 2)
2
(29, 29)
-> Request 13
1210
(4, 3, 1)
3
(45, 47)
-> Request 14
1317
(3, 1, 2)
1
(4, 60)
--> Day : 2
-> Request 0
1
(4, 3, 1)
2
(79, 59)
-> Request 1
73
(2, 3, 1)
2
(54, 26)
-> Request 2
158
(3, 3, 1)
3
(48, 73)
-> Request 3
302
(4, 3, 2)
3
(12, 63)
-> Request 4
386
(3, 3, 2)
1
(78, 17)
-> Request 5
778
(3, 3, 2)
2
(74, 60)
-> Request 6
998
(4, 2, 2)
1
(39, 47)
-> Request 7
1049
(3, 2, 1)
2
(79, 12)
-> Request 8
1072
(3, 3, 1)
1
(51, 73)
-> Request 9
1093
(2, 3, 1)
3
(61, 11)
-> Request 10
1119
(4, 2, 1)
3
(48, 67)
-> Request 11
1198
(2, 3, 2)
1
(71, 59)
--> Day : 3
-> Request 0
522
(4, 3, 2)
3
(59, 65)
-> Request 1
571
(4, 2, 2)
1
(67, 69)
-> Request 2
596
(4, 2, 2)
3
(54, 30)
-> Request 3
883
(4, 2, 2)
2
(65, 23)
--> Day : 4
-> Request 0
91
(4, 3, 2)
3
(41, 35)
-> Request 1
180
(4, 2, 2)
1
(47, 21)
-> Request 2
274
(4, 2, 1)
1
(25, 41)
-> Request 3
315
(4, 3, 2)
2
(30, 46)
-> Request 4
579
(4, 2, 1)
1
(46, 74)
-> Request 5
701
(3, 3, 2)
1
(40, 69)
-> Request 6
1245
(4, 3, 1)
2
(55, 57)
---> Week : 15
--> Day : 0
-> Request 0
26
(4, 2, 2)
3
(24, 35)
-> Request 1
184
(3, 3, 2)
2
(58, 25)
-> Request 2
261
(2, 3, 1)
2
(34, 50)
-> Request 3
398
(3, 3, 1)
1
(47, 69)
-> Request 4
445
(4, 2, 1)
1
(9, 65)
-> Request 5
825
(3, 2, 2)
1
(22, 43)
-> Request 6
919
(2, 3, 2)
3
(35, 49)
-> Request 7
935
(2, 2, 1)
3
(20, 66)
-> Request 8
1064
(3, 3, 2)
1
(16, 40)
-> Request 9
1110
(3, 2, 1)
3
(50, 27)
-> Request 10
1160
(3, 3, 2)
1
(56, 49)
-> Request 11
1241
(2, 3, 1)
2
(79, 45)
-> Request 12
1290
(3, 3, 2)
3
(33, 47)
-> Request 13
1376
(4, 2, 2)
3
(45, 41)
--> Day : 1
-> Request 0
1
(4, 3, 2)
1
(73, 32)
-> Request 1
80
(4, 1, 2)
1
(65, 9)
-> Request 2
202
(4, 3, 1)
2
(18, 1)
-> Request 3
1006
(3, 2, 1)
1
(32, 1)
-> Request 4
1435
(3, 2, 1)
3
(15, 3)
--> Day : 2
-> Request 0
11
(2, 3, 2)
3
(28, 56)
-> Request 1
128
(4, 3, 2)
1
(29, 42)
-> Request 2
363
(4, 2, 1)
2
(9, 8)
-> Request 3
363
(4, 3, 2)
3
(68, 53)
-> Request 4
373
(3, 1, 1)
1
(73, 10)
-> Request 5
407
(2, 3, 1)
3
(6, 50)
-> Request 6
660
(4, 2, 2)
3
(15, 3)
-> Request 7
732
(4, 1, 2)
3
(47, 42)
-> Request 8
775
(2, 2, 2)
3
(77, 11)
-> Request 9
1078
(4, 3, 2)
3
(33, 22)
--> Day : 3
-> Request 0
333
(3, 3, 1)
3
(66, 55)
-> Request 1
763
(3, 3, 1)
3
(29, 45)
-> Request 2
892
(2, 3, 1)
3
(52, 10)
-> Request 3
962
(3, 3, 1)
2
(78, 35)
-> Request 4
1144
(4, 2, 1)
1
(50, 7)
-> Request 5
1192
(4, 3, 2)
2
(70, 72)
-> Request 6
1341
(4, 3, 2)
1
(55, 45)
--> Day : 4
-> Request 0
348
(2, 2, 2)
3
(14, 20)
-> Request 1
489
(2, 3, 2)
1
(59, 35)
-> Request 2
504
(3, 3, 1)
1
(12, 43)
-> Request 3
582
(4, 2, 1)
2
(66, 76)
-> Request 4
682
(2, 2, 2)
1
(14, 26)
-> Request 5
938
(2, 3, 2)
1
(40, 65)
-> Request 6
1014
(4, 2, 1)
3
(53, 57)
-> Request 7
1017
(3, 3, 1)
1
(1, 32)
---> Week : 16
--> Day : 0
-> Request 0
18
(4, 3, 1)
3
(0, 24)
-> Request 1
187
(3, 3, 1)
3
(40, 39)
-> Request 2
318
(4, 2, 2)
1
(41, 6)
-> Request 3
336
(2, 1, 2)
3
(25, 21)
-> Request 4
351
(2, 3, 2)
3
(34, 26)
-> Request 5
423
(4, 3, 2)
2
(50, 32)
-> Request 6
583
(3, 3, 1)
1
(26, 10)
-> Request 7
763
(3, 3, 2)
1
(14, 69)
-> Request 8
948
(4, 2, 1)
1
(25, 8)
-> Request 9
1001
(4, 2, 2)
1
(7, 12)
--> Day : 1
-> Request 0
493
(4, 3, 1)
2
(68, 26)
-> Request 1
522
(3, 2, 2)
3
(68, 62)
-> Request 2
583
(3, 3, 2)
2
(10, 48)
-> Request 3
674
(4, 3, 2)
2
(22, 14)
-> Request 4
1010
(4, 3, 1)
3
(22, 18)
-> Request 5
1011
(4, 2, 2)
1
(22, 56)
-> Request 6
1357
(3, 3, 2)
3
(8, 73)
-> Request 7
1375
(3, 3, 1)
1
(79, 47)
--> Day : 2
-> Request 0
32
(3, 3, 1)
1
(78, 55)
-> Request 1
64
(3, 2, 2)
1
(20, 54)
-> Request 2
899
(4, 3, 1)
1
(45, 38)
-> Request 3
1249
(4, 3, 1)
2
(69, 30)
--> Day : 3
-> Request 0
64
(4, 2, 2)
3
(18, 10)
-> Request 1
185
(4, 2, 2)
3
(68, 69)
-> Request 2
405
(3, 3, 2)
3
(18, 19)
-> Request 3
520
(3, 2, 1)
3
(37, 79)
-> Request 4
996
(3, 3, 2)
2
(35, 78)
--> Day : 4
-> Request 0
15
(4, 3, 1)
1
(30, 0)
-> Request 1
92
(2, 3, 1)
2
(50, 32)
-> Request 2
187
(4, 3, 2)
3
(9, 53)
-> Request 3
318
(3, 2, 2)
1
(39, 63)
-> Request 4
364
(4, 1, 2)
3
(6, 74)
-> Request 5
371
(4, 3, 2)
1
(17, 37)
-> Request 6
403
(2, 3, 2)
3
(35, 40)
-> Request 7
425
(4, 2, 2)
2
(53, 4)
-> Request 8
433
(2, 2, 1)
1
(48, 9)
-> Request 9
457
(3, 2, 2)
1
(60, 2)
-> Request 10
965
(3, 2, 1)
1
(24, 1)
-> Request 11
1112
(4, 3, 2)
2
(67, 41)
-> Request 12
1129
(2, 3, 2)
3
(4, 73)
---> Week : 17
--> Day : 0
-> Request 0
3
(4, 1, 2)
2
(68, 34)
-> Request 1
43
(4, 3, 2)
1
(69, 18)
-> Request 2
117
(4, 3, 1)
1
(49, 61)
-> Request 3
212
(4, 2, 2)
1
(54, 52)
-> Request 4
223
(3, 2, 1)
1
(65, 57)
-> Request 5
411
(2, 3, 2)
3
(21, 75)
-> Request 6
577
(2, 3, 1)
3
(19, 15)
-> Request 7
598
(4, 3, 2)
2
(78, 36)
-> Request 8
693
(4, 3, 2)
3
(39, 17)
-> Request 9
698
(3, 3, 1)
3
(70, 55)
-> Request 10
809
(2, 1, 1)
1
(3, 73)
-> Request 11
882
(4, 2, 2)
2
(12, 17)
-> Request 12
891
(2, 2, 2)
2
(21, 15)
-> Request 13
1094
(2, 3, 2)
1
(52, 74)
-> Request 14
1192
(4, 3, 1)
2
(66, 47)
-> Request 15
1204
(4, 2, 1)
1
(19, 68)
-> Request 16
1206
(1, 2, 1)
3
(8, 27)
-> Request 17
1211
(3, 2, 1)
3
(49, 3)
--> Day : 1
-> Request 0
348
(4, 2, 2)
1
(78, 29)
-> Request 1
380
(3, 2, 1)
3
(54, 16)
-> Request 2
425
(4, 3, 2)
1
(40, 55)
-> Request 3
621
(3, 3, 1)
1
(53, 2)
-> Request 4
702
(3, 3, 2)
1
(29, 62)
-> Request 5
740
(1, 2, 1)
2
(61, 73)
-> Request 6
758
(4, 3, 1)
3
(17, 73)
-> Request 7
799
(2, 3, 2)
1
(19, 9)
-> Request 8
924
(3, 3, 1)
3
(10, 42)
-> Request 9
1031
(4, 2, 1)
3
(13, 39)
-> Request 10
1244
(4, 3, 1)
3
(31, 39)
--> Day : 2
-> Request 0
119
(2, 3, 1)
2
(55, 61)
-> Request 1
202
(4, 3, 1)
2
(54, 10)
-> Request 2
321
(3, 2, 1)
2
(10, 15)
-> Request 3
368
(4, 3, 2)
1
(28, 73)
-> Request 4
777
(3, 3, 2)
2
(66, 68)
-> Request 5
841
(4, 2, 1)
3
(5, 30)
-> Request 6
897
(4, 2, 1)
3
(5, 20)
-> Request 7
1181
(4, 3, 1)
3
(42, 48)
-> Request 8
1227
(3, 2, 1)
3
(13, 10)
-> Request 9
1229
(3, 3, 2)
3
(21, 75)
-> Request 10
1309
(2, 2, 1)
1
(50, 58)
-> Request 11
1315
(2, 2, 1)
3
(52, 70)
--> Day : 3
-> Request 0
172
(3, 2, 2)
2
(63, 29)
-> Request 1
412
(4, 3, 1)
2
(32, 44)
-> Request 2
545
(4, 2, 1)
3
(27, 11)
-> Request 3
716
(4, 3, 1)
3
(51, 46)
-> Request 4
995
(4, 2, 1)
1
(44, 46)
--> Day : 4
-> Request 0
453
(2, 2, 2)
3
(75, 31)
-> Request 1
785
(1, 3, 1)
3
(47, 76)
-> Request 2
898
(2, 3, 2)
2
(75, 6)
-> Request 3
1282
(4, 2, 1)
1
(39, 10)
-> Request 4
1330
(4, 3, 1)
2
(40, 75)
-> Request 5
1341
(3, 3, 2)
3
(65, 38)
-> Request 6
1381
(2, 3, 2)
2
(6, 69)
-> Request 7
1423
(3, 3, 1)
1
(79, 50)
---> Week : 18
--> Day : 0
-> Request 0
20
(2, 3, 1)
2
(59, 1)
-> Request 1
233
(4, 2, 2)
3
(34, 10)
-> Request 2
369
(3, 3, 1)
3
(25, 57)
-> Request 3
442
(4, 2, 1)
1
(33, 19)
-> Request 4
561
(3, 2, 2)
2
(42, 31)
-> Request 5
652
(3, 2, 2)
2
(44, 17)
-> Request 6
757
(3, 2, 2)
2
(72, 67)
-> Request 7
809
(4, 3, 1)
2
(20, 16)
-> Request 8
842
(4, 3, 1)
3
(77, 50)
-> Request 9
944
(3, 3, 1)
2
(66, 38)
-> Request 10
965
(1, 3, 2)
1
(50, 60)
-> Request 11
984
(3, 3, 1)
2
(58, 63)
-> Request 12
1401
(3, 3, 2)
2
(56, 5)
--> Day : 1
-> Request 0
584
(4, 2, 2)
2
(46, 10)
-> Request 1
585
(3, 2, 1)
3
(41, 68)
-> Request 2
847
(3, 3, 1)
1
(72, 7)
-> Request 3
978
(3, 3, 2)
1
(58, 0)
-> Request 4
1054
(4, 3, 2)
1
(4, 45)
-> Request 5
1141
(2, 1, 1)
3
(19, 15)
-> Request 6
1234
(2, 3, 1)
3
(79, 16)
--> Day : 2
-> Request 0
158
(4, 3, 2)
1
(25, 14)
-> Request 1
363
(3, 3, 1)
2
(34, 46)
-> Request 2
380
(4, 3, 1)
3
(5, 2)
-> Request 3
682
(4, 3, 1)
1
(50, 33)
-> Request 4
753
(4, 2, 1)
3
(28, 11)
-> Request 5
874
(2, 1, 2)
3
(52, 19)
-> Request 6
1271
(3, 3, 2)
2
(25, 14)
-> Request 7
1384
(2, 3, 1)
1
(47, 60)
-> Request 8
1403
(2, 3, 2)
3
(31, 68)
-> Request 9
1432
(4, 3, 1)
1
(4, 79)
--> Day : 3
-> Request 0
177
(4, 3, 1)
2
(79, 58)
-> Request 1
239
(3, 3, 2)
2
(30, 17)
-> Request 2
242
(2, 2, 1)
3
(71, 40)
-> Request 3
264
(2, 2, 2)
2
(5, 67)
-> Request 4
435
(1, 3, 1)
1
(57, 20)
-> Request 5
510
(4, 1, 1)
2
(18, 61)
-> Request 6
512
(2, 3, 2)
3
(7, 68)
-> Request 7
556
(3, 2, 1)
3
(2, 33)
-> Request 8
667
(4, 3, 1)
3
(25, 3)
-> Request 9
748
(3, 2, 2)
3
(55, 24)
-> Request 10
890
(4, 3, 2)
1
(3, 72)
-> Request 11
1056
(4, 1, 1)
3
(50, 20)
-> Request 12
1096
(4, 2, 2)
3
(71, 20)
--> Day : 4
-> Request 0
99
(3, 3, 2)
2
(36, 62)
-> Request 1
178
(3, 2, 1)
2
(5, 22)
-> Request 2
238
(3, 2, 2)
1
(50, 34)
-> Request 3
289
(3, 1, 1)
3
(63, 64)
-> Request 4
304
(3, 2, 2)
3
(76, 64)
-> Request 5
342
(4, 3, 2)
3
(26, 46)
-> Request 6
451
(2, 3, 2)
2
(7, 66)
-> Request 7
568
(4, 2, 2)
1
(54, 8)
-> Request 8
845
(4, 3, 1)
3
(68, 13)
-> Request 9
863
(3, 3, 2)
2
(60, 34)
-> Request 10
964
(4, 3, 2)
1
(69, 76)
-> Request 11
974
(3, 2, 2)
3
(5, 3)
-> Request 12
1292
(4, 2, 2)
2
(28, 70)
-> Request 13
1292
(4, 3, 1)
1
(31, 42)
---> Week : 19
--> Day : 0
-> Request 0
114
(3, 3, 1)
2
(19, 30)
-> Request 1
175
(3, 2, 2)
2
(0, 41)
-> Request 2
483
(4, 3, 1)
2
(21, 38)
-> Request 3
834
(3, 3, 1)
1
(64, 67)
-> Request 4
1090
(3, 2, 2)
2
(17, 11)
-> Request 5
1354
(3, 2, 2)
3
(68, 1)
--> Day : 1
-> Request 0
585
(4, 3, 1)
1
(25, 35)
-> Request 1
637
(2, 3, 2)
3
(68, 23)
-> Request 2
653
(4, 3, 1)
1
(78, 46)
-> Request 3
823
(3, 3, 2)
3
(12, 37)
-> Request 4
1195
(2, 2, 1)
3
(59, 65)
-> Request 5
1437
(4, 2, 2)
3
(38, 28)
--> Day : 2
-> Request 0
247
(4, 2, 1)
1
(9, 62)
-> Request 1
567
(3, 3, 2)
1
(50, 68)
-> Request 2
1014
(3, 3, 2)
3
(77, 13)
-> Request 3
1039
(4, 2, 1)
2
(77, 15)
-> Request 4
1058
(4, 2, 1)
1
(79, 68)
-> Request 5
1068
(3, 2, 1)
2
(48, 77)
--> Day : 3
-> Request 0
110
(1, 2, 1)
2
(9, 12)
-> Request 1
596
(2, 1, 1)
3
(1, 62)
-> Request 2
662
(4, 3, 1)
2
(32, 70)
-> Request 3
898
(4, 3, 2)
3
(21, 41)
-> Request 4
968
(3, 3, 1)
3
(43, 48)
-> Request 5
1109
(4, 1, 1)
3
(32, 35)
--> Day : 4
-> Request 0
177
(4, 3, 2)
2
(19, 66)
-> Request 1
219
(3, 3, 1)
3
(25, 3)
-> Request 2
258
(1, 2, 2)
3
(70, 52)
-> Request 3
301
(1, 3, 2)
2
(0, 25)
-> Request 4
391
(3, 2, 2)
3
(0, 22)
-> Request 5
417
(3, 3, 1)
3
(58, 4)
-> Request 6
515
(3, 3, 2)
2
(60, 77)
-> Request 7
542
(4, 3, 2)
2
(16, 29)
-> Request 8
622
(3, 2, 1)
3
(7, 14)
-> Request 9
984
(3, 3, 2)
2
(53, 8)
-> Request 10
1033
(4, 2, 1)
1
(79, 25)
-> Request 11
1041
(3, 2, 2)
1
(31, 69)
-> Request 12
1046
(3, 3, 1)
2
(41, 52)
-> Request 13
1182
(3, 2, 2)
1
(62, 62)
-> Request 14
1290
(4, 3, 1)
1
(77, 33)
