---> Week : 0
--> Day : 0
-> Request 0
4
(2, 1, 1)
3
(76, 54)
-> Request 1
171
(2, 3, 2)
1
(26, 60)
-> Request 2
227
(4, 2, 1)
3
(33, 45)
-> Request 3
258
(2, 2, 2)
1
(18, 48)
-> Request 4
318
(3, 3, 1)
2
(73, 5)
-> Request 5
601
(2, 2, 1)
1
(4, 2)
-> Request 6
782
(4, 2, 1)
3
(57, 8)
-> Request 7
1061
(3, 3, 2)
3
(27, 27)
-> Request 8
1236
(4, 2, 2)
3
(10, 71)
-> Request 9
1314
(4, 3, 1)
1
(62, 4)
-> Request 10
1416
(3, 3, 2)
1
(48, 45)
--> Day : 1
-> Request 0
67
(3, 3, 2)
3
(29, 20)
-> Request 1
246
(3, 3, 1)
1
(54, 71)
-> Request 2
393
(3, 2, 1)
2
(61, 14)
-> Request 3
460
(4, 2, 2)
2
(55, 66)
-> Request 4
563
(4, 3, 2)
2
(58, 22)
-> Request 5
616
(3, 2, 1)
1
(36, 45)
-> Request 6
997
(4, 3, 1)
2
(43, 64)
-> Request 7
1050
(4, 3, 1)
1
(38, 69)
-> Request 8
1176
(4, 3, 1)
1
(58, 49)
--> Day : 2
-> Request 0
129
(3, 3, 1)
2
(74, 39)
-> Request 1
159
(4, 3, 1)
2
(25, 1)
-> Request 2
201
(3, 3, 1)
2
(61, 27)
-> Request 3
261
(4, 3, 1)
2
(33, 38)
-> Request 4
417
(4, 3, 1)
3
(73, 72)
-> Request 5
507
(3, 3, 1)
3
(57, 59)
-> Request 6
608
(3, 2, 2)
3
(39, 2)
-> Request 7
800
(4, 3, 2)
1
(34, 62)
-> Request 8
1049
(4, 2, 1)
1
(60, 10)
-> Request 9
1055
(4, 3, 2)
2
(2, 64)
-> Request 10
1085
(4, 3, 1)
1
(34, 62)
-> Request 11
1361
(3, 3, 1)
2
(9, 6)
--> Day : 3
-> Request 0
96
(2, 2, 2)
1
(20, 61)
-> Request 1
255
(4, 3, 1)
2
(77, 70)
-> Request 2
287
(3, 2, 1)
3
(12, 64)
-> Request 3
371
(4, 3, 2)
3
(66, 27)
-> Request 4
742
(1, 3, 2)
3
(1, 3)
-> Request 5
877
(3, 3, 1)
2
(47, 2)
-> Request 6
954
(4, 2, 2)
3
(6, 15)
-> Request 7
1002
(4, 2, 1)
2
(71, 54)
-> Request 8
1022
(3, 3, 2)
1
(48, 20)
-> Request 9
1048
(4, 3, 2)
3
(70, 20)
-> Request 10
1059
(2, 3, 2)
3
(34, 5)
-> Request 11
1116
(2, 1, 2)
2
(5, 2)
-> Request 12
1301
(3, 3, 1)
1
(3, 16)
--> Day : 4
-> Request 0
219
(1, 2, 2)
1
(39, 61)
-> Request 1
549
(4, 3, 2)
2
(78, 41)
-> Request 2
578
(4, 2, 2)
1
(71, 68)
-> Request 3
600
(4, 3, 2)
2
(14, 12)
-> Request 4
740
(4, 2, 2)
2
(56, 40)
-> Request 5
780
(3, 3, 2)
2
(41, 37)
-> Request 6
845
(3, 2, 1)
3
(24, 73)
-> Request 7
951
(4, 3, 2)
2
(68, 3)
-> Request 8
1069
(2, 3, 2)
1
(15, 50)
-> Request 9
1095
(2, 3, 2)
3
(38, 77)
-> Request 10
1124
(3, 3, 2)
3
(66, 33)
-> Request 11
1136
(2, 3, 2)
2
(71, 40)
-> Request 12
1199
(2, 3, 2)
2
(35, 65)
---> Week : 1
--> Day : 0
-> Request 0
88
(4, 3, 1)
1
(57, 37)
-> Request 1
127
(4, 3, 2)
2
(70, 75)
-> Request 2
172
(4, 3, 2)
1
(5, 22)
-> Request 3
378
(4, 3, 1)
3
(20, 30)
-> Request 4
401
(2, 3, 2)
3
(26, 43)
-> Request 5
566
(3, 3, 2)
2
(66, 68)
-> Request 6
651
(4, 3, 2)
3
(64, 45)
-> Request 7
910
(4, 3, 2)
1
(8, 23)
-> Request 8
1375
(3, 3, 2)
1
(44, 22)
-> Request 9
1389
(4, 3, 2)
3
(71, 50)
--> Day : 1
-> Request 0
236
(4, 2, 2)
1
(5, 52)
-> Request 1
253
(4, 3, 1)
1
(18, 24)
-> Request 2
262
(3, 2, 2)
3
(8, 5)
-> Request 3
369
(4, 3, 1)
2
(57, 69)
-> Request 4
412
(2, 3, 2)
3
(32, 56)
-> Request 5
425
(3, 2, 1)
1
(65, 15)
-> Request 6
477
(4, 3, 1)
1
(48, 55)
-> Request 7
480
(2, 2, 2)
1
(25, 51)
-> Request 8
856
(4, 3, 1)
3
(28, 34)
-> Request 9
964
(2, 2, 1)
1
(52, 61)
-> Request 10
1058
(4, 3, 2)
1
(48, 11)
-> Request 11
1063
(4, 3, 2)
2
(67, 21)
-> Request 12
1117
(3, 2, 2)
3
(27, 71)
-> Request 13
1119
(3, 3, 1)
1
(3, 64)
-> Request 14
1193
(3, 3, 1)
3
(58, 43)
-> Request 15
1370
(4, 1, 2)
3
(53, 23)
-> Request 16
1394
(4, 2, 1)
1
(78, 9)
--> Day : 2
-> Request 0
64
(4, 3, 2)
2
(15, 65)
-> Request 1
138
(4, 2, 2)
3
(70, 12)
-> Request 2
212
(2, 3, 1)
3
(58, 50)
-> Request 3
249
(4, 2, 1)
1
(1, 78)
-> Request 4
333
(1, 3, 1)
2
(75, 49)
-> Request 5
483
(3, 2, 1)
2
(69, 69)
-> Request 6
708
(4, 3, 1)
3
(32, 70)
-> Request 7
762
(3, 3, 1)
3
(44, 19)
-> Request 8
891
(4, 3, 2)
3
(14, 61)
-> Request 9
961
(4, 3, 2)
3
(52, 30)
-> Request 10
974
(3, 3, 2)
1
(57, 70)
-> Request 11
1111
(2, 3, 2)
3
(20, 4)
-> Request 12
1196
(2, 2, 2)
1
(46, 30)
-> Request 13
1233
(4, 3, 2)
3
(10, 21)
--> Day : 3
-> Request 0
42
(4, 2, 1)
3
(8, 67)
-> Request 1
133
(4, 2, 1)
3
(47, 54)
-> Request 2
364
(4, 3, 1)
1
(40, 4)
-> Request 3
366
(3, 3, 1)
3
(62, 2)
-> Request 4
384
(2, 2, 2)
3
(24, 43)
-> Request 5
455
(4, 1, 1)
2
(48, 18)
-> Request 6
497
(3, 2, 2)
2
(36, 62)
-> Request 7
768
(3, 2, 2)
2
(60, 0)
-> Request 8
798
(3, 3, 1)
2
(5, 71)
-> Request 9
1070
(4, 1, 1)
2
(46, 29)
-> Request 10
1132
(3, 2, 2)
2
(19, 65)
-> Request 11
1177
(4, 3, 2)
3
(73, 24)
--> Day : 4
-> Request 0
29
(3, 3, 1)
2
(72, 68)
-> Request 1
264
(1, 3, 2)
1
(14, 24)
-> Request 2
589
(2, 2, 1)
1
(14, 71)
-> Request 3
671
(3, 2, 2)
3
(31, 54)
-> Request 4
1161
(4, 2, 1)
2
(78, 79)
-> Request 5
1279
(4, 3, 1)
1
(70, 59)
-> Request 6
1288
(4, 2, 1)
2
(63, 78)
-> Request 7
1422
(3, 3, 1)
2
(43, 52)
---> Week : 2
--> Day : 0
-> Request 0
39
(1, 2, 2)
1
(39, 11)
-> Request 1
41
(4, 2, 2)
3
(15, 42)
-> Request 2
365
(4, 3, 2)
3
(7, 26)
-> Request 3
397
(3, 2, 2)
1
(55, 16)
-> Request 4
840
(4, 3, 2)
3
(14, 44)
-> Request 5
867
(4, 2, 1)
2
(29, 55)
-> Request 6
905
(2, 2, 2)
2
(67, 48)
-> Request 7
983
(3, 2, 2)
3
(1, 38)
-> Request 8
1149
(4, 2, 1)
1
(0, 57)
-> Request 9
1209
(1, 3, 2)
2
(3, 61)
--> Day : 1
-> Request 0
356
(1, 3, 2)
2
(42, 52)
-> Request 1
856
(3, 2, 2)
2
(43, 43)
-> Request 2
1196
(4, 3, 2)
3
(0, 22)
-> Request 3
1280
(4, 3, 1)
1
(35, 12)
-> Request 4
1378
(1, 2, 2)
2
(19, 10)
-> Request 5
1411
(4, 3, 2)
2
(2, 46)
--> Day : 2
-> Request 0
21
(4, 2, 1)
2
(74, 69)
-> Request 1
35
(4, 3, 2)
3
(4, 40)
-> Request 2
117
(4, 3, 1)
3
(72, 63)
-> Request 3
169
(3, 2, 2)
3
(41, 64)
-> Request 4
425
(4, 1, 2)
3
(79, 19)
-> Request 5
507
(4, 3, 1)
2
(68, 34)
-> Request 6
534
(4, 3, 1)
3
(39, 63)
-> Request 7
748
(4, 2, 1)
3
(25, 55)
-> Request 8
765
(2, 2, 2)
3
(59, 26)
-> Request 9
897
(3, 3, 1)
3
(77, 48)
-> Request 10
1153
(4, 3, 1)
2
(24, 30)
-> Request 11
1362
(2, 2, 1)
1
(10, 17)
--> Day : 3
-> Request 0
11
(3, 3, 2)
1
(10, 70)
-> Request 1
707
(4, 3, 2)
3
(24, 38)
-> Request 2
757
(2, 2, 2)
1
(74, 55)
-> Request 3
785
(3, 3, 1)
1
(77, 56)
-> Request 4
1024
(4, 2, 1)
3
(66, 3)
-> Request 5
1041
(3, 2, 1)
2
(38, 22)
-> Request 6
1065
(3, 3, 2)
2
(39, 8)
--> Day : 4
-> Request 0
430
(4, 2, 1)
1
(78, 27)
-> Request 1
1240
(4, 3, 1)
2
(78, 13)
-> Request 2
1334
(4, 2, 1)
3
(14, 19)
-> Request 3
1362
(4, 3, 2)
3
(36, 78)
-> Request 4
1407
(4, 3, 1)
3
(74, 49)
---> Week : 3
--> Day : 0
-> Request 0
217
(4, 2, 2)
1
(15, 58)
-> Request 1
240
(3, 2, 1)
2
(74, 6)
-> Request 2
459
(4, 3, 1)
2
(51, 4)
-> Request 3
465
(4, 2, 2)
3
(56, 50)
-> Request 4
479
(4, 3, 2)
2
(49, 53)
-> Request 5
546
(1, 3, 2)
3
(56, 19)
-> Request 6
823
(2, 3, 2)
2
(16, 57)
-> Request 7
1272
(3, 1, 2)
1
(59, 79)
-> Request 8
1274
(4, 3, 1)
2
(78, 0)
-> Request 9
1421
(4, 3, 1)
1
(66, 20)
-> Request 10
1422
(4, 2, 1)
2
(76, 0)
--> Day : 1
-> Request 0
179
(2, 3, 2)
2
(71, 15)
-> Request 1
186
(1, 3, 2)
3
(0, 67)
-> Request 2
195
(4, 3, 1)
2
(69, 2)
-> Request 3
213
(2, 3, 1)
3
(35, 69)
-> Request 4
231
(4, 2, 2)
3
(21, 8)
-> Request 5
568
(4, 3, 2)
3
(8, 79)
-> Request 6
571
(4, 2, 1)
1
(52, 77)
-> Request 7
631
(4, 2, 1)
1
(63, 13)
-> Request 8
800
(4, 2, 1)
3
(34, 4)
-> Request 9
967
(4, 3, 1)
1
(67, 51)
-> Request 10
1247
(3, 3, 2)
2
(56, 6)
-> Request 11
1275
(4, 3, 1)
2
(62, 31)
-> Request 12
1284
(3, 3, 1)
1
(49, 45)
--> Day : 2
-> Request 0
157
(4, 3, 1)
3
(19, 16)
-> Request 1
245
(4, 1, 2)
3
(59, 3)
-> Request 2
270
(2, 3, 1)
1
(23, 76)
-> Request 3
447
(1, 2, 1)
2
(13, 51)
-> Request 4
749
(4, 3, 2)
3
(56, 64)
-> Request 5
787
(3, 3, 1)
2
(9, 44)
-> Request 6
1211
(4, 3, 1)
2
(13, 58)
--> Day : 3
-> Request 0
7
(3, 1, 2)
3
(24, 12)
-> Request 1
9
(4, 3, 2)
2
(2, 29)
-> Request 2
34
(4, 3, 1)
1
(26, 3)
-> Request 3
73
(4, 3, 2)
2
(38, 29)
-> Request 4
93
(3, 3, 2)
3
(50, 72)
-> Request 5
267
(4, 3, 1)
2
(29, 19)
-> Request 6
338
(3, 3, 1)
3
(77, 70)
-> Request 7
543
(3, 2, 1)
1
(67, 41)
-> Request 8
626
(4, 3, 1)
2
(78, 52)
-> Request 9
664
(2, 3, 2)
2
(77, 45)
-> Request 10
669
(3, 3, 2)
1
(25, 64)
-> Request 11
747
(3, 3, 1)
2
(25, 25)
-> Request 12
884
(4, 3, 1)
1
(47, 33)
-> Request 13
1308
(3, 3, 1)
3
(15, 67)
-> Request 14
1333
(4, 3, 1)
2
(34, 42)
-> Request 15
1353
(3, 3, 1)
3
(0, 9)
-> Request 16
1410
(3, 3, 1)
2
(57, 77)
--> Day : 4
-> Request 0
301
(4, 3, 2)
2
(65, 69)
-> Request 1
332
(2, 1, 2)
1
(7, 30)
-> Request 2
425
(3, 3, 1)
2
(4, 45)
-> Request 3
699
(3, 3, 1)
2
(35, 14)
-> Request 4
952
(2, 2, 2)
2
(0, 47)
-> Request 5
1249
(4, 3, 2)
3
(53, 17)
---> Week : 4
--> Day : 0
-> Request 0
22
(4, 3, 1)
1
(55, 53)
-> Request 1
41
(3, 3, 2)
2
(66, 5)
-> Request 2
118
(4, 3, 2)
1
(31, 14)
-> Request 3
302
(4, 3, 2)
1
(56, 35)
-> Request 4
414
(4, 3, 2)
3
(77, 27)
-> Request 5
511
(1, 3, 1)
2
(68, 4)
-> Request 6
877
(4, 3, 1)
2
(43, 69)
-> Request 7
1104
(2, 3, 1)
3
(32, 9)
--> Day : 1
-> Request 0
42
(4, 2, 1)
1
(8, 9)
-> Request 1
52
(4, 3, 1)
1
(6, 31)
-> Request 2
329
(3, 3, 2)
2
(30, 10)
-> Request 3
365
(4, 3, 1)
2
(39, 44)
-> Request 4
1038
(2, 3, 1)
2
(2, 66)
-> Request 5
1135
(3, 3, 1)
3
(24, 69)
-> Request 6
1289
(4, 3, 2)
2
(4, 7)
-> Request 7
1324
(4, 2, 1)
1
(70, 75)
-> Request 8
1415
(4, 3, 1)
1
(57, 53)
--> Day : 2
-> Request 0
198
(4, 3, 2)
1
(39, 71)
-> Request 1
267
(2, 2, 2)
1
(59, 67)
-> Request 2
543
(1, 3, 1)
2
(52, 60)
-> Request 3
900
(2, 2, 2)
3
(46, 1)
-> Request 4
934
(3, 3, 1)
2
(16, 44)
-> Request 5
935
(4, 3, 1)
3
(77, 46)
-> Request 6
949
(2, 3, 1)
2
(19, 42)
-> Request 7
1056
(3, 3, 1)
1
(62, 28)
--> Day : 3
-> Request 0
33
(2, 3, 2)
2
(68, 6)
-> Request 1
57
(4, 3, 2)
3
(64, 71)
-> Request 2
199
(4, 2, 1)
3
(12, 56)
-> Request 3
903
(3, 2, 2)
3
(38, 79)
--> Day : 4
-> Request 0
75
(2, 3, 1)
3
(77, 21)
-> Request 1
106
(4, 3, 1)
1
(61, 22)
-> Request 2
211
(3, 2, 2)
1
(74, 69)
-> Request 3
294
(3, 2, 2)
1
(58, 78)
-> Request 4
370
(4, 3, 1)
2
(50, 49)
-> Request 5
502
(2, 3, 2)
3
(17, 39)
-> Request 6
981
(3, 3, 2)
3
(11, 73)
---> Week : 5
--> Day : 0
-> Request 0
260
(4, 2, 2)
2
(44, 75)
-> Request 1
264
(3, 3, 1)
1
(68, 58)
-> Request 2
360
(2, 2, 2)
3
(8, 33)
-> Request 3
571
(1, 1, 2)
2
(65, 29)
-> Request 4
703
(4, 3, 1)
2
(32, 59)
-> Request 5
924
(2, 3, 1)
1
(18, 6)
-> Request 6
1282
(4, 2, 1)
3
(29, 73)
--> Day : 1
-> Request 0
654
(4, 1, 1)
2
(57, 14)
-> Request 1
734
(2, 2, 2)
3
(13, 5)
-> Request 2
975
(1, 3, 1)
2
(7, 23)
-> Request 3
1126
(4, 2, 2)
1
(39, 38)
-> Request 4
1186
(4, 2, 2)
3
(19, 48)
--> Day : 2
-> Request 0
209
(3, 1, 2)
1
(34, 43)
-> Request 1
287
(3, 3, 1)
1
(9, 19)
-> Request 2
562
(4, 2, 1)
1
(41, 8)
-> Request 3
729
(4, 2, 1)
3
(10, 51)
-> Request 4
797
(4, 3, 2)
1
(60, 51)
-> Request 5
1054
(1, 3, 2)
3
(24, 8)
-> Request 6
1212
(4, 2, 2)
2
(70, 46)
-> Request 7
1409
(2, 3, 1)
1
(78, 61)
--> Day : 3
-> Request 0
324
(3, 3, 1)
2
(62, 49)
-> Request 1
349
(3, 1, 1)
2
(64, 49)
-> Request 2
470
(4, 3, 1)
2
(23, 24)
-> Request 3
488
(2, 3, 2)
1
(54, 22)
-> Request 4
556
(4, 3, 1)
2
(21, 51)
-> Request 5
811
(4, 1, 1)
3
(54, 67)
-> Request 6
983
(2, 2, 2)
1
(71, 34)
-> Request 7
1049
(4, 2, 1)
3
(12, 29)
-> Request 8
1282
(1, 2, 2)
2
(50, 0)
--> Day : 4
-> Request 0
148
(4, 3, 2)
1
(59, 21)
-> Request 1
158
(4, 1, 1)
3
(32, 57)
-> Request 2
195
(4, 3, 1)
2
(61, 30)
-> Request 3
309
(4, 3, 1)
3
(18, 16)
-> Request 4
445
(4, 3, 1)
3
(10, 14)
-> Request 5
552
(4, 2, 2)
2
(39, 54)
-> Request 6
723
(1, 2, 1)
3
(34, 17)
-> Request 7
746
(4, 3, 2)
3
(65, 67)
-> Request 8
817
(4, 2, 1)
2
(17, 34)
-> Request 9
1045
(4, 3, 1)
2
(15, 68)
-> Request 10
1120
(1, 3, 1)
1
(43, 11)
-> Request 11
1205
(2, 3, 2)
1
(69, 3)
-> Request 12
1326
(2, 3, 2)
2
(3, 45)
-> Request 13
1337
(2, 3, 1)
3
(52, 53)
---> Week : 6
--> Day : 0
-> Request 0
2
(4, 3, 2)
2
(18, 28)
-> Request 1
68
(4, 3, 1)
1
(2, 70)
-> Request 2
223
(4, 3, 2)
3
(59, 23)
-> Request 3
302
(3, 3, 1)
2
(32, 35)
-> Request 4
386
(3, 3, 1)
2
(62, 13)
-> Request 5
436
(4, 3, 1)
3
(27, 20)
-> Request 6
445
(3, 3, 2)
3
(0, 12)
-> Request 7
790
(4, 3, 2)
3
(49, 44)
-> Request 8
842
(2, 2, 1)
3
(66, 71)
-> Request 9
903
(4, 2, 2)
2
(40, 72)
-> Request 10
1054
(1, 3, 1)
1
(75, 59)
-> Request 11
1077
(4, 3, 1)
1
(64, 24)
-> Request 12
1095
(4, 3, 2)
2
(29, 59)
-> Request 13
1209
(3, 3, 2)
2
(46, 73)
-> Request 14
1216
(4, 2, 2)
1
(35, 56)
--> Day : 1
-> Request 0
184
(4, 2, 2)
3
(61, 20)
-> Request 1
274
(4, 3, 2)
3
(53, 66)
-> Request 2
352
(2, 2, 1)
2
(48, 22)
-> Request 3
862
(3, 2, 2)
1
(59, 14)
-> Request 4
896
(4, 3, 1)
3
(78, 37)
-> Request 5
1083
(3, 3, 2)
1
(67, 75)
-> Request 6
1345
(4, 3, 1)
3
(45, 58)
-> Request 7
1381
(2, 2, 2)
1
(34, 48)
--> Day : 2
-> Request 0
117
(4, 3, 2)
3
(71, 30)
-> Request 1
240
(4, 2, 2)
3
(25, 13)
-> Request 2
531
(3, 3, 2)
2
(70, 13)
-> Request 3
780
(2, 3, 2)
3
(51, 46)
-> Request 4
1065
(4, 2, 1)
1
(76, 9)
-> Request 5
1300
(4, 3, 2)
3
(11, 8)
-> Request 6
1322
(3, 3, 2)
1
(44, 66)
-> Request 7
1394
(4, 3, 1)
3
(8, 57)
-> Request 8
1403
(3, 3, 1)
1
(16, 26)
--> Day : 3
-> Request 0
50
(2, 2, 2)
2
(66, 36)
-> Request 1
52
(4, 2, 2)
2
(76, 57)
-> Request 2
263
(4, 1, 1)
1
(50, 5)
-> Request 3
281
(3, 1, 2)
1
(14, 21)
-> Request 4
304
(4, 2, 2)
2
(72, 34)
-> Request 5
409
(4, 3, 1)
1
(48, 42)
-> Request 6
624
(4, 2, 1)
1
(27, 57)
-> Request 7
645
(4, 2, 1)
3
(77, 3)
-> Request 8
656
(4, 2, 1)
1
(53, 52)
-> Request 9
927
(4, 3, 2)
2
(35, 32)
-> Request 10
952
(3, 3, 1)
1
(65, 22)
-> Request 11
1002
(4, 3, 2)
3
(38, 32)
-> Request 12
1011
(4, 2, 1)
1
(9, 38)
-> Request 13
1036
(3, 3, 1)
1
(73, 50)
-> Request 14
1171
(4, 3, 1)
1
(77, 5)
-> Request 15
1198
(3, 2, 1)
2
(79, 63)
--> Day : 4
-> Request 0
70
(4, 3, 2)
3
(53, 47)
-> Request 1
134
(3, 2, 1)
2
(27, 56)
-> Request 2
172
(4, 1, 1)
3
(22, 30)
-> Request 3
315
(4, 2, 1)
1
(67, 72)
-> Request 4
520
(4, 3, 2)
2
(8, 26)
-> Request 5
897
(2, 2, 2)
3
(16, 50)
-> Request 6
956
(4, 2, 2)
2
(32, 45)
-> Request 7
1287
(2, 2, 2)
1
(51, 30)
---> Week : 7
--> Day : 0
-> Request 0
367
(4, 3, 2)
2
(71, 70)
-> Request 1
402
(4, 3, 1)
1
(75, 14)
-> Request 2
455
(3, 3, 2)
2
(0, 41)
-> Request 3
567
(4, 2, 1)
2
(35, 73)
-> Request 4
956
(3, 3, 1)
2
(45, 17)
-> Request 5
985
(4, 3, 2)
2
(68, 43)
-> Request 6
1190
(4, 3, 2)
3
(77, 62)
--> Day : 1
-> Request 0
36
(4, 2, 1)
2
(50, 54)
-> Request 1
111
(2, 3, 2)
1
(55, 60)
-> Request 2
185
(3, 3, 2)
1
(6, 54)
-> Request 3
370
(4, 2, 1)
2
(11, 61)
-> Request 4
592
(4, 2, 2)
1
(76, 63)
-> Request 5
928
(3, 3, 1)
3
(29, 12)
-> Request 6
994
(2, 3, 1)
3
(50, 78)
-> Request 7
1184
(3, 3, 2)
1
(3, 50)
-> Request 8
1312
(3, 3, 1)
3
(29, 67)
--> Day : 2
-> Request 0
726
(3, 3, 1)
2
(28, 16)
-> Request 1
785
(4, 3, 2)
2
(62, 58)
-> Request 2
985
(2, 3, 1)
1
(27, 70)
-> Request 3
1356
(4, 3, 1)
1
(60, 3)
-> Request 4
1400
(2, 3, 1)
1
(12, 59)
-> Request 5
1410
(4, 3, 1)
2
(38, 59)
--> Day : 3
-> Request 0
344
(2, 3, 1)
1
(56, 47)
-> Request 1
383
(4, 2, 1)
3
(61, 73)
-> Request 2
454
(4, 2, 2)
3
(1, 8)
-> Request 3
559
(4, 3, 1)
1
(37, 24)
-> Request 4
697
(4, 3, 2)
1
(3, 50)
-> Request 5
1066
(4, 3, 2)
3
(30, 49)
-> Request 6
1179
(4, 3, 1)
1
(17, 20)
-> Request 7
1341
(3, 2, 2)
3
(13, 0)
-> Request 8
1419
(3, 2, 2)
1
(5, 51)
--> Day : 4
-> Request 0
211
(3, 2, 1)
2
(38, 56)
-> Request 1
285
(4, 3, 2)
2
(73, 11)
-> Request 2
570
(2, 3, 1)
3
(1, 75)
-> Request 3
687
(4, 1, 1)
3
(1, 13)
-> Request 4
935
(3, 3, 1)
3
(73, 5)
-> Request 5
1034
(4, 2, 1)
3
(24, 54)
-> Request 6
1218
(4, 3, 2)
1
(53, 28)
---> Week : 8
--> Day : 0
-> Request 0
429
(4, 2, 1)
1
(67, 38)
-> Request 1
456
(4, 3, 2)
1
(12, 44)
-> Request 2
705
(4, 2, 1)
2
(69, 12)
-> Request 3
729
(3, 3, 1)
1
(15, 42)
-> Request 4
756
(4, 3, 1)
2
(55, 74)
-> Request 5
786
(3, 1, 2)
2
(71, 11)
-> Request 6
897
(4, 1, 2)
3
(70, 56)
-> Request 7
1042
(1, 3, 2)
1
(22, 60)
-> Request 8
1170
(4, 2, 2)
3
(11, 5)
-> Request 9
1177
(4, 3, 2)
1
(38, 12)
-> Request 10
1237
(4, 3, 1)
1
(52, 19)
-> Request 11
1336
(4, 3, 2)
3
(52, 68)
--> Day : 1
-> Request 0
9
(2, 3, 1)
3
(49, 30)
-> Request 1
179
(3, 2, 1)
1
(65, 60)
-> Request 2
265
(2, 3, 2)
3
(56, 10)
-> Request 3
420
(2, 2, 2)
3
(8, 48)
-> Request 4
862
(2, 3, 2)
1
(16, 64)
-> Request 5
876
(4, 3, 2)
1
(0, 42)
-> Request 6
878
(3, 3, 1)
2
(68, 76)
-> Request 7
908
(2, 3, 2)
2
(37, 69)
-> Request 8
935
(4, 3, 2)
1
(52, 21)
-> Request 9
1232
(2, 3, 1)
2
(58, 47)
-> Request 10
1312
(4, 3, 2)
2
(53, 15)
--> Day : 2
-> Request 0
100
(3, 3, 2)
1
(9, 0)
-> Request 1
110
(4, 2, 2)
1
(38, 76)
-> Request 2
183
(4, 3, 1)
1
(49, 13)
-> Request 3
249
(4, 3, 1)
1
(12, 17)
-> Request 4
407
(3, 3, 1)
3
(40, 70)
-> Request 5
440
(3, 3, 1)
1
(15, 14)
-> Request 6
455
(4, 2, 2)
1
(50, 65)
-> Request 7
575
(3, 3, 2)
3
(37, 22)
-> Request 8
867
(3, 2, 1)
1
(63, 56)
-> Request 9
1179
(3, 3, 1)
2
(63, 14)
-> Request 10
1201
(3, 2, 2)
1
(25, 1)
-> Request 11
1237
(3, 2, 1)
1
(4, 8)
-> Request 12
1300
(4, 1, 2)
1
(1, 40)
-> Request 13
1326
(4, 3, 2)
1
(15, 68)
--> Day : 3
-> Request 0
6
(4, 2, 1)
3
(38, 37)
-> Request 1
223
(4, 2, 1)
2
(43, 38)
-> Request 2
638
(2, 2, 2)
1
(35, 61)
-> Request 3
685
(4, 2, 2)
3
(7, 32)
-> Request 4
771
(2, 2, 1)
3
(19, 27)
-> Request 5
1411
(4, 2, 1)
2
(29, 60)
-> Request 6
1433
(4, 3, 1)
2
(16, 32)
--> Day : 4
-> Request 0
11
(4, 2, 1)
3
(68, 53)
-> Request 1
408
(4, 3, 2)
2
(66, 27)
-> Request 2
591
(4, 3, 2)
2
(16, 69)
-> Request 3
761
(3, 3, 1)
3
(63, 39)
-> Request 4
1128
(4, 3, 2)
3
(15, 31)
-> Request 5
1150
(1, 3, 2)
1
(37, 22)
-> Request 6
1264
(4, 3, 1)
1
(50, 11)
---> Week : 9
--> Day : 0
-> Request 0
34
(2, 3, 1)
1
(6, 0)
-> Request 1
149
(4, 3, 1)
3
(38, 27)
-> Request 2
574
(3, 3, 2)
1
(59, 34)
-> Request 3
746
(4, 2, 1)
2
(72, 42)
-> Request 4
1043
(3, 3, 1)
2
(53, 45)
-> Request 5
1090
(3, 2, 2)
2
(47, 27)
-> Request 6
1132
(4, 3, 1)
3
(79, 53)
-> Request 7
1194
(4, 3, 2)
2
(67, 75)
-> Request 8
1413
(4, 2, 1)
3
(65, 15)
--> Day : 1
-> Request 0
29
(4, 3, 1)
2
(25, 68)
-> Request 1
234
(4, 3, 1)
1
(0, 41)
-> Request 2
288
(2, 2, 1)
1
(71, 41)
-> Request 3
416
(4, 3, 1)
3
(26, 68)
-> Request 4
450
(3, 3, 1)
2
(57, 32)
-> Request 5
493
(2, 3, 2)
1
(48, 68)
-> Request 6
571
(4, 2, 1)
3
(9, 14)
-> Request 7
735
(4, 3, 1)
3
(11, 74)
-> Request 8
749
(4, 3, 1)
1
(29, 30)
-> Request 9
796
(3, 3, 2)
3
(72, 17)
-> Request 10
998
(3, 2, 2)
2
(66, 70)
-> Request 11
1431
(3, 3, 1)
2
(30, 16)
--> Day : 2
-> Request 0
120
(4, 3, 2)
1
(24, 8)
-> Request 1
259
(4, 3, 1)
1
(15, 31)
-> Request 2
297
(3, 2, 1)
3
(63, 0)
-> Request 3
476
(3, 3, 2)
3
(59, 65)
-> Request 4
656
(3, 2, 2)
1
(11, 43)
-> Request 5
722
(4, 2, 2)
3
(14, 69)
-> Request 6
803
(1, 2, 2)
2
(21, 70)
-> Request 7
973
(4, 2, 1)
3
(35, 66)
-> Request 8
1014
(3, 2, 2)
2
(32, 10)
-> Request 9
1058
(1, 3, 2)
1
(68, 11)
-> Request 10
1114
(4, 2, 2)
1
(77, 10)
--> Day : 3
-> Request 0
535
(2, 2, 1)
2
(47, 65)
-> Request 1
544
(4, 3, 1)
2
(70, 45)
-> Request 2
608
(2, 3, 2)
2
(52, 50)
-> Request 3
703
(3, 3, 2)
3
(40, 5)
-> Request 4
714
(4, 2, 2)
2
(18, 68)
-> Request 5
734
(4, 3, 2)
2
(68, 56)
-> Request 6
750
(4, 1, 1)
2
(26, 18)
-> Request 7
792
(3, 3, 2)
1
(77, 44)
-> Request 8
1018
(4, 2, 1)
2
(10, 66)
-> Request 9
1136
(4, 2, 2)
2
(21, 76)
-> Request 10
1140
(4, 3, 1)
2
(40, 26)
-> Request 11
1170
(4, 3, 2)
1
(29, 60)
-> Request 12
1416
(3, 1, 2)
3
(60, 14)
--> Day : 4
-> Request 0
97
(4, 2, 1)
1
(7, 11)
-> Request 1
246
(4, 2, 2)
1
(20, 9)
-> Request 2
523
(4, 3, 1)
3
(10, 15)
-> Request 3
899
(3, 3, 2)
1
(24, 47)
-> Request 4
1102
(1, 3, 1)
2
(7, 63)
-> Request 5
1103
(2, 3, 1)
3
(67, 3)
-> Request 6
1209
(3, 3, 1)
1
(68, 49)
-> Request 7
1391
(3, 1, 1)
2
(39, 22)
-> Request 8
1418
(4, 2, 1)
1
(27, 59)
---> Week : 10
--> Day : 0
-> Request 0
173
(3, 3, 2)
3
(29, 74)
-> Request 1
234
(4, 3, 2)
3
(55, 41)
-> Request 2
266
(2, 3, 1)
3
(18, 60)
-> Request 3
540
(4, 3, 2)
2
(52, 16)
-> Request 4
579
(4, 1, 2)
2
(64, 78)
-> Request 5
714
(2, 3, 2)
1
(50, 79)
-> Request 6
719
(1, 2, 1)
2
(41, 30)
-> Request 7
944
(4, 3, 1)
1
(78, 6)
-> Request 8
1078
(4, 3, 1)
1
(26, 41)
-> Request 9
1099
(2, 2, 1)
1
(65, 43)
-> Request 10
1160
(3, 3, 1)
1
(79, 20)
-> Request 11
1178
(2, 3, 2)
1
(34, 0)
-> Request 12
1334
(4, 2, 2)
3
(48, 64)
--> Day : 1
-> Request 0
736
(3, 3, 1)
2
(10, 14)
-> Request 1
829
(3, 2, 2)
3
(19, 79)
-> Request 2
833
(3, 3, 2)
1
(6, 29)
-> Request 3
1089
(1, 3, 1)
1
(30, 12)
-> Request 4
1175
(4, 3, 1)
1
(75, 63)
--> Day : 2
-> Request 0
215
(3, 2, 1)
2
(64, 35)
-> Request 1
319
(4, 3, 1)
1
(64, 60)
-> Request 2
335
(4, 2, 2)
2
(47, 2)
-> Request 3
632
(3, 3, 2)
1
(60, 72)
-> Request 4
684
(4, 1, 1)
3
(17, 74)
-> Request 5
777
(3, 2, 2)
1
(39, 67)
-> Request 6
877
(4, 2, 2)
3
(18, 76)
-> Request 7
880
(4, 3, 2)
2
(6, 19)
-> Request 8
1338
(2, 2, 2)
3
(29, 63)
--> Day : 3
-> Request 0
69
(4, 3, 2)
3
(16, 53)
-> Request 1
70
(4, 3, 2)
3
(51, 35)
-> Request 2
367
(4, 2, 1)
3
(21, 16)
-> Request 3
391
(4, 2, 1)
3
(12, 38)
-> Request 4
632
(3, 3, 1)
2
(45, 0)
-> Request 5
809
(3, 3, 1)
1
(18, 51)
-> Request 6
843
(3, 3, 2)
2
(69, 37)
-> Request 7
1056
(2, 3, 2)
2
(25, 62)
-> Request 8
1074
(4, 2, 1)
3
(55, 50)
-> Request 9
1207
(4, 2, 2)
2
(77, 17)
--> Day : 4
-> Request 0
76
(3, 3, 2)
2
(42, 49)
-> Request 1
124
(4, 3, 1)
1
(31, 58)
-> Request 2
204
(4, 3, 2)
2
(25, 27)
-> Request 3
247
(4, 2, 2)
1
(15, 17)
-> Request 4
354
(3, 2, 2)
3
(69, 68)
-> Request 5
632
(2, 3, 1)
3
(21, 29)
-> Request 6
728
(4, 3, 1)
1
(51, 14)
-> Request 7
1075
(4, 3, 1)
1
(79, 34)
-> Request 8
1139
(3, 2, 2)
2
(4, 46)
-> Request 9
1218
(4, 1, 1)
3
(69, 28)
---> Week : 11
--> Day : 0
-> Request 0
545
(2, 3, 1)
1
(55, 69)
-> Request 1
655
(4, 2, 1)
2
(51, 66)
-> Request 2
713
(4, 1, 1)
2
(44, 68)
-> Request 3
846
(4, 2, 1)
1
(52, 20)
-> Request 4
886
(4, 3, 2)
3
(30, 52)
-> Request 5
949
(4, 3, 1)
3
(8, 8)
-> Request 6
1005
(2, 3, 1)
3
(28, 21)
-> Request 7
1398
(4, 2, 1)
3
(2, 19)
--> Day : 1
-> Request 0
51
(4, 3, 2)
1
(66, 64)
-> Request 1
127
(4, 2, 1)
2
(28, 5)
-> Request 2
314
(4, 3, 2)
2
(66, 46)
-> Request 3
471
(4, 3, 2)
1
(69, 54)
-> Request 4
547
(4, 3, 2)
3
(55, 69)
-> Request 5
656
(4, 3, 2)
1
(71, 24)
-> Request 6
795
(4, 3, 1)
2
(21, 64)
-> Request 7
1149
(4, 3, 1)
2
(23, 29)
-> Request 8
1205
(4, 1, 1)
1
(1, 26)
-> Request 9
1353
(2, 3, 1)
2
(75, 56)
--> Day : 2
-> Request 0
359
(3, 3, 1)
3
(44, 44)
-> Request 1
379
(3, 3, 1)
3
(32, 31)
-> Request 2
456
(2, 3, 1)
2
(4, 34)
-> Request 3
528
(4, 3, 2)
1
(3, 45)
-> Request 4
684
(3, 3, 1)
1
(24, 22)
-> Request 5
808
(4, 2, 2)
1
(43, 32)
-> Request 6
941
(4, 3, 2)
1
(23, 25)
-> Request 7
1161
(3, 3, 2)
3
(47, 42)
-> Request 8
1162
(3, 3, 1)
3
(79, 67)
-> Request 9
1341
(4, 2, 2)
1
(73, 22)
--> Day : 3
-> Request 0
292
(4, 1, 2)
3
(15, 40)
-> Request 1
306
(3, 3, 2)
1
(23, 8)
-> Request 2
353
(3, 1, 2)
2
(24, 6)
-> Request 3
637
(4, 3, 2)
1
(61, 44)
-> Request 4
719
(3, 2, 1)
2
(52, 32)
-> Request 5
1087
(3, 3, 1)
3
(1, 34)
-> Request 6
1155
(1, 2, 2)
2
(61, 67)
-> Request 7
1241
(4, 2, 2)
2
(63, 21)
-> Request 8
1259
(3, 3, 1)
2
(62, 10)
-> Request 9
1407
(4, 3, 2)
2
(69, 48)
--> Day : 4
-> Request 0
85
(4, 2, 2)
2
(38, 66)
-> Request 1
192
(2, 3, 2)
1
(48, 46)
-> Request 2
340
(3, 3, 1)
3
(11, 38)
-> Request 3
761
(2, 3, 1)
3
(12, 22)
-> Request 4
845
(4, 2, 1)
1
(61, 7)
-> Request 5
919
(2, 2, 1)
2
(11, 39)
-> Request 6
997
(4, 3, 2)
3
(34, 9)
-> Request 7
1042
(3, 2, 2)
1
(7, 68)
-> Request 8
1376
(1, 1, 2)
2
(22, 29)
---> Week : 12
--> Day : 0
-> Request 0
0
(4, 3, 1)
3
(19, 66)
-> Request 1
111
(4, 3, 1)
1
(4, 62)
-> Request 2
231
(4, 3, 2)
3
(72, 28)
-> Request 3
531
(2, 3, 1)
1
(63, 11)
-> Request 4
587
(4, 2, 1)
3
(40, 71)
-> Request 5
871
(2, 3, 2)
3
(56, 8)
-> Request 6
994
(4, 2, 2)
2
(59, 78)
-> Request 7
1059
(3, 2, 2)
3
(6, 69)
-> Request 8
1102
(4, 3, 2)
2
(5, 1)
-> Request 9
1217
(3, 2, 1)
1
(54, 3)
-> Request 10
1382
(3, 2, 1)
3
(75, 18)
--> Day : 1
-> Request 0
317
(4, 2, 1)
2
(76, 37)
-> Request 1
320
(3, 1, 1)
3
(60, 74)
-> Request 2
424
(4, 3, 1)
1
(56, 2)
-> Request 3
451
(2, 3, 1)
1
(28, 6)
-> Request 4
492
(4, 3, 1)
3
(65, 2)
-> Request 5
514
(4, 2, 2)
1
(73, 66)
-> Request 6
606
(3, 2, 2)
3
(61, 18)
-> Request 7
609
(3, 3, 2)
2
(41, 46)
-> Request 8
679
(4, 3, 2)
1
(8, 13)
-> Request 9
864
(4, 3, 2)
1
(13, 78)
-> Request 10
900
(4, 3, 1)
1
(51, 39)
-> Request 11
940
(4, 3, 2)
2
(32, 40)
-> Request 12
1233
(4, 3, 1)
3
(27, 67)
--> Day : 2
-> Request 0
100
(2, 2, 2)
1
(60, 62)
-> Request 1
772
(4, 2, 2)
3
(7, 50)
-> Request 2
1332
(4, 2, 2)
1
(12, 69)
-> Request 3
1359
(4, 2, 1)
2
(16, 14)
-> Request 4
1371
(4, 1, 2)
1
(65, 3)
--> Day : 3
-> Request 0
698
(1, 3, 1)
3
(66, 42)
-> Request 1
714
(3, 3, 2)
3
(48, 70)
-> Request 2
795
(3, 3, 1)
3
(18, 13)
-> Request 3
803
(4, 3, 2)
2
(6, 66)
-> Request 4
881
(2, 3, 1)
1
(15, 15)
-> Request 5
1160
(4, 3, 2)
2
(9, 56)
-> Request 6
1204
(2, 2, 2)
3
(62, 16)
-> Request 7
1234
(3, 3, 1)
3
(75, 28)
-> Request 8
1293
(3, 3, 1)
1
(68, 43)
--> Day : 4
-> Request 0
49
(4, 2, 2)
2
(39, 64)
-> Request 1
341
(4, 2, 1)
1
(7, 46)
-> Request 2
492
(4, 2, 1)
2
(34, 38)
-> Request 3
617
(4, 3, 2)
3
(55, 78)
-> Request 4
629
(3, 1, 2)
1
(16, 19)
-> Request 5
813
(4, 2, 2)
1
(24, 48)
-> Request 6
866
(2, 2, 2)
1
(60, 35)
-> Request 7
1275
(4, 1, 1)
1
(67, 44)
-> Request 8
1383
(2, 2, 2)
1
(28, 24)
---> Week : 13
--> Day : 0
-> Request 0
70
(4, 2, 2)
2
(66, 14)
-> Request 1
226
(3, 3, 1)
3
(67, 55)
-> Request 2
348
(4, 2, 2)
1
(29, 16)
-> Request 3
379
(3, 3, 2)
2
(68, 34)
-> Request 4
487
(4, 3, 1)
3
(14, 13)
-> Request 5
540
(4, 2, 2)
2
(2, 15)
-> Request 6
547
(4, 2, 2)
2
(64, 75)
-> Request 7
926
(3, 3, 1)
3
(50, 12)
--> Day : 1
-> Request 0
45
(3, 3, 1)
2
(24, 38)
-> Request 1
106
(3, 3, 1)
3
(7, 26)
-> Request 2
110
(2, 1, 1)
2
(42, 47)
-> Request 3
515
(4, 2, 2)
2
(47, 2)
-> Request 4
524
(3, 3, 2)
2
(2, 0)
-> Request 5
707
(4, 3, 1)
2
(40, 75)
-> Request 6
795
(3, 3, 1)
2
(32, 42)
-> Request 7
947
(4, 3, 2)
3
(4, 28)
-> Request 8
953
(4, 3, 2)
2
(26, 79)
-> Request 9
1031
(4, 3, 2)
1
(78, 25)
-> Request 10
1298
(4, 2, 2)
1
(56, 54)
--> Day : 2
-> Request 0
288
(4, 2, 1)
3
(46, 48)
-> Request 1
323
(3, 3, 1)
1
(71, 11)
-> Request 2
456
(3, 2, 2)
3
(26, 42)
-> Request 3
568
(3, 3, 2)
3
(78, 58)
-> Request 4
603
(4, 2, 2)
1
(36, 51)
-> Request 5
652
(3, 2, 1)
2
(66, 1)
-> Request 6
724
(3, 2, 1)
2
(16, 2)
-> Request 7
994
(3, 3, 1)
3
(41, 14)
-> Request 8
1282
(3, 3, 2)
1
(16, 73)
--> Day : 3
-> Request 0
104
(4, 3, 2)
2
(24, 11)
-> Request 1
138
(4, 3, 1)
1
(13, 43)
-> Request 2
387
(3, 2, 1)
2
(65, 64)
-> Request 3
423
(4, 3, 1)
1
(12, 36)
-> Request 4
579
(3, 1, 1)
3
(77, 20)
-> Request 5
604
(2, 3, 2)
3
(61, 46)
-> Request 6
876
(4, 3, 1)
1
(36, 72)
-> Request 7
951
(4, 2, 1)
2
(28, 42)
-> Request 8
1173
(4, 2, 2)
2
(45, 5)
-> Request 9
1280
(4, 3, 2)
3
(60, 24)
-> Request 10
1297
(2, 2, 2)
2
(76, 34)
--> Day : 4
-> Request 0
305
(3, 2, 1)
2
(48, 11)
-> Request 1
541
(2, 3, 2)
1
(3, 54)
-> Request 2
595
(4, 3, 1)
1
(56, 63)
-> Request 3
661
(4, 3, 2)
2
(29, 40)
-> Request 4
756
(3, 3, 1)
1
(0, 5)
-> Request 5
794
(1, 3, 2)
3
(31, 32)
-> Request 6
846
(3, 2, 2)
1
(16, 57)
-> Request 7
890
(4, 2, 2)
2
(66, 68)
-> Request 8
1174
(4, 2, 2)
3
(33, 26)
-> Request 9
1185
(4, 2, 2)
3
(5, 8)
-> Request 10
1211
(3, 1, 1)
2
(54, 40)
---> Week : 14
--> Day : 0
-> Request 0
33
(2, 3, 1)
2
(42, 18)
-> Request 1
68
(4, 3, 2)
3
(79, 55)
-> Request 2
306
(4, 2, 2)
2
(19, 72)
-> Request 3
544
(2, 2, 1)
2
(9, 77)
-> Request 4
559
(1, 3, 2)
3
(59, 54)
-> Request 5
874
(4, 2, 1)
2
(5, 19)
-> Request 6
973
(4, 2, 2)
1
(72, 50)
-> Request 7
1286
(3, 2, 1)
2
(66, 31)
-> Request 8
1299
(2, 3, 2)
1
(78, 51)
-> Request 9
1313
(3, 3, 1)
1
(47, 36)
-> Request 10
1423
(4, 2, 2)
3
(4, 36)
--> Day : 1
-> Request 0
112
(4, 2, 1)
3
(11, 65)
-> Request 1
349
(3, 2, 1)
1
(77, 44)
-> Request 2
361
(4, 2, 1)
2
(79, 13)
-> Request 3
430
(2, 3, 2)
1
(26, 55)
-> Request 4
549
(4, 2, 1)
2
(56, 24)
-> Request 5
594
(3, 2, 2)
2
(65, 19)
-> Request 6
673
(2, 3, 2)
3
(56, 50)
-> Request 7
831
(2, 1, 2)
2
(71, 62)
-> Request 8
991
(2, 3, 1)
2
(58, 73)
-> Request 9
1408
(4, 1, 2)
2
(8, 29)
--> Day : 2
-> Request 0
38
(2, 2, 2)
2
(24, 9)
-> Request 1
226
(4, 3, 1)
3
(3, 60)
-> Request 2
494
(1, 3, 2)
3
(38, 66)
-> Request 3
532
(3, 3, 2)
3
(9, 61)
-> Request 4
579
(3, 2, 1)
3
(69, 3)
-> Request 5
1025
(4, 2, 1)
1
(79, 11)
-> Request 6
1385
(4, 3, 2)
3
(24, 71)
--> Day : 3
-> Request 0
213
(2, 2, 2)
1
(8, 32)
-> Request 1
247
(4, 2, 2)
1
(14, 13)
-> Request 2
743
(4, 3, 1)
3
(35, 69)
-> Request 3
753
(3, 2, 2)
1
(24, 17)
-> Request 4
807
(4, 3, 2)
1
(29, 73)
-> Request 5
835
(4, 2, 2)
3
(15, 23)
-> Request 6
1080
(4, 3, 2)
3
(70, 55)
-> Request 7
1426
(2, 3, 2)
3
(64, 76)
--> Day : 4
-> Request 0
185
(4, 2, 2)
1
(31, 35)
-> Request 1
339
(4, 3, 1)
2
(24, 23)
-> Request 2
368
(2, 2, 2)
1
(28, 37)
-> Request 3
496
(3, 3, 2)
2
(73, 6)
-> Request 4
614
(2, 2, 2)
2
(12, 78)
-> Request 5
809
(3, 3, 1)
2
(10, 76)
-> Request 6
812
(4, 3, 2)
3
(25, 71)
-> Request 7
853
(3, 2, 2)
2
(52, 60)
-> Request 8
1048
(4, 3, 1)
1
(51, 65)
-> Request 9
1242
(4, 3, 1)
1
(26, 51)
-> Request 10
1307
(2, 2, 1)
3
(38, 2)
-> Request 11
1388
(2, 2, 1)
1
(72, 18)
---> Week : 15
--> Day : 0
-> Request 0
240
(4, 2, 2)
2
(50, 68)
-> Request 1
570
(4, 3, 2)
3
(68, 60)
-> Request 2
734
(3, 3, 2)
2
(60, 21)
-> Request 3
758
(4, 3, 1)
2
(74, 73)
-> Request 4
767
(4, 2, 1)
1
(72, 70)
-> Request 5
770
(4, 3, 2)
3
(73, 47)
-> Request 6
856
(3, 2, 2)
3
(67, 12)
-> Request 7
1254
(4, 3, 2)
1
(6, 26)
-> Request 8
1256
(3, 2, 2)
3
(62, 21)
-> Request 9
1393
(4, 3, 2)
2
(1, 48)
--> Day : 1
-> Request 0
510
(4, 2, 1)
2
(42, 54)
-> Request 1
852
(4, 3, 2)
3
(47, 69)
-> Request 2
868
(3, 1, 2)
1
(79, 51)
-> Request 3
1096
(4, 3, 2)
2
(32, 37)
-> Request 4
1164
(4, 2, 2)
3
(69, 16)
-> Request 5
1219
(4, 3, 1)
1
(36, 8)
-> Request 6
1239
(4, 3, 1)
1
(62, 22)
-> Request 7
1379
(4, 3, 2)
2
(51, 36)
--> Day : 2
-> Request 0
25
(4, 3, 2)
2
(34, 51)
-> Request 1
26
(3, 3, 1)
2
(66, 7)
-> Request 2
78
(3, 3, 1)
2
(26, 63)
-> Request 3
309
(4, 3, 2)
3
(38, 25)
-> Request 4
373
(3, 3, 2)
1
(8, 22)
-> Request 5
452
(4, 2, 2)
1
(54, 72)
-> Request 6
474
(4, 2, 2)
2
(78, 67)
-> Request 7
748
(3, 2, 1)
2
(42, 58)
-> Request 8
988
(2, 3, 2)
2
(61, 74)
-> Request 9
1105
(3, 2, 1)
2
(47, 66)
-> Request 10
1184
(4, 3, 1)
2
(72, 67)
-> Request 11
1198
(4, 2, 2)
2
(6, 76)
--> Day : 3
-> Request 0
66
(2, 2, 2)
1
(70, 56)
-> Request 1
194
(4, 3, 1)
1
(76, 62)
-> Request 2
221
(4, 3, 2)
3
(7, 15)
-> Request 3
695
(4, 3, 2)
3
(78, 13)
-> Request 4
883
(3, 2, 2)
1
(5, 58)
-> Request 5
917
(4, 3, 1)
2
(14, 32)
-> Request 6
1126
(3, 3, 1)
3
(52, 31)
-> Request 7
1212
(2, 3, 2)
3
(34, 78)
--> Day : 4
-> Request 0
122
(4, 3, 1)
1
(5, 20)
-> Request 1
249
(3, 2, 2)
3
(16, 63)
-> Request 2
507
(2, 2, 2)
1
(14, 43)
-> Request 3
672
(4, 2, 2)
1
(32, 56)
-> Request 4
686
(4, 2, 1)
1
(53, 51)
-> Request 5
1277
(3, 3, 2)
1
(63, 27)
-> Request 6
1377
(4, 3, 1)
2
(41, 25)
---> Week : 16
--> Day : 0
-> Request 0
76
(2, 2, 2)
2
(12, 69)
-> Request 1
217
(4, 3, 2)
2
(66, 57)
-> Request 2
284
(4, 3, 1)
3
(38, 53)
-> Request 3
523
(4, 3, 1)
3
(55, 4)
-> Request 4
650
(4, 1, 1)
1
(68, 57)
-> Request 5
924
(4, 3, 2)
1
(37, 35)
-> Request 6
1106
(3, 2, 1)
2
(25, 72)
-> Request 7
1190
(3, 2, 2)
2
(5, 26)
-> Request 8
1286
(4, 3, 1)
1
(6, 7)
-> Request 9
1297
(4, 3, 1)
1
(11, 6)
-> Request 10
1307
(4, 3, 2)
2
(36, 36)
-> Request 11
1320
(3, 3, 2)
2
(69, 52)
--> Day : 1
-> Request 0
56
(4, 2, 1)
1
(11, 77)
-> Request 1
495
(3, 3, 1)
2
(75, 64)
-> Request 2
532
(4, 3, 2)
2
(45, 69)
-> Request 3
772
(4, 3, 2)
1
(12, 61)
-> Request 4
1157
(3, 2, 1)
1
(66, 63)
-> Request 5
1241
(4, 3, 1)
2
(5, 4)
--> Day : 2
-> Request 0
33
(2, 3, 1)
2
(55, 3)
-> Request 1
205
(4, 2, 1)
2
(20, 26)
-> Request 2
303
(3, 2, 1)
3
(70, 2)
-> Request 3
550
(2, 3, 1)
2
(61, 8)
-> Request 4
599
(4, 2, 1)
3
(66, 70)
-> Request 5
704
(2, 2, 1)
1
(15, 33)
-> Request 6
924
(4, 3, 2)
2
(70, 22)
-> Request 7
934
(4, 2, 2)
2
(45, 54)
-> Request 8
1301
(2, 2, 1)
3
(31, 18)
-> Request 9
1319
(2, 3, 1)
1
(25, 8)
-> Request 10
1378
(4, 3, 2)
3
(64, 66)
-> Request 11
1378
(4, 3, 2)
3
(6, 17)
--> Day : 3
-> Request 0
66
(2, 3, 2)
2
(5, 2)
-> Request 1
113
(4, 3, 2)
1
(79, 47)
-> Request 2
150
(3, 3, 1)
2
(53, 78)
-> Request 3
347
(4, 3, 1)
2
(35, 55)
-> Request 4
543
(4, 2, 2)
3
(71, 14)
-> Request 5
624
(2, 3, 1)
3
(3, 42)
-> Request 6
764
(3, 2, 2)
3
(19, 18)
-> Request 7
770
(4, 3, 2)
3
(79, 74)
-> Request 8
809
(4, 3, 2)
2
(32, 20)
-> Request 9
994
(4, 3, 2)
1
(71, 63)
-> Request 10
1136
(4, 2, 1)
2
(50, 46)
-> Request 11
1158
(4, 3, 2)
3
(63, 46)
-> Request 12
1189
(3, 1, 2)
2
(58, 67)
-> Request 13
1223
(2, 3, 2)
3
(23, 13)
-> Request 14
1308
(3, 2, 1)
1
(19, 11)
--> Day : 4
-> Request 0
606
(4, 3, 1)
1
(22, 23)
-> Request 1
995
(1, 3, 1)
3
(74, 65)
-> Request 2
1065
(3, 3, 1)
3
(26, 1)
---> Week : 17
--> Day : 0
-> Request 0
119
(3, 3, 2)
3
(25, 74)
-> Request 1
402
(3, 3, 1)
3
(32, 27)
-> Request 2
413
(2, 3, 1)
3
(32, 11)
-> Request 3
460
(4, 3, 1)
1
(37, 21)
-> Request 4
595
(4, 3, 2)
2
(41, 70)
-> Request 5
643
(4, 3, 1)
1
(32, 17)
-> Request 6
843
(3, 2, 1)
2
(40, 69)
-> Request 7
889
(3, 3, 2)
1
(57, 14)
-> Request 8
965
(3, 2, 1)
1
(76, 19)
-> Request 9
987
(3, 2, 2)
3
(3, 56)
-> Request 10
1058
(1, 3, 1)
1
(66, 16)
-> Request 11
1151
(4, 3, 2)
1
(72, 36)
-> Request 12
1227
(4, 2, 2)
1
(77, 15)
--> Day : 1
-> Request 0
8
(2, 2, 1)
2
(3, 4)
-> Request 1
48
(2, 3, 1)
2
(53, 68)
-> Request 2
363
(4, 3, 1)
3
(16, 25)
-> Request 3
476
(4, 3, 1)
2
(61, 16)
-> Request 4
649
(3, 3, 2)
3
(2, 63)
-> Request 5
685
(4, 2, 2)
3
(5, 57)
-> Request 6
691
(2, 3, 1)
2
(6, 41)
-> Request 7
743
(3, 2, 1)
3
(15, 37)
-> Request 8
827
(3, 3, 2)
1
(47, 25)
-> Request 9
868
(4, 3, 1)
3
(71, 37)
-> Request 10
1033
(4, 2, 1)
2
(65, 17)
-> Request 11
1095
(4, 3, 2)
3
(77, 75)
-> Request 12
1100
(3, 2, 1)
3
(70, 76)
-> Request 13
1333
(4, 2, 2)
1
(5, 49)
-> Request 14
1398
(4, 2, 1)
2
(17, 34)
--> Day : 2
-> Request 0
309
(4, 3, 2)
2
(29, 53)
-> Request 1
344
(4, 2, 2)
3
(77, 24)
-> Request 2
375
(3, 3, 1)
3
(24, 79)
-> Request 3
377
(2, 2, 1)
1
(67, 26)
-> Request 4
472
(3, 2, 1)
2
(21, 48)
-> Request 5
657
(4, 1, 1)
3
(18, 57)
-> Request 6
743
(2, 3, 2)
3
(8, 71)
-> Request 7
1048
(3, 1, 2)
3
(78, 46)
--> Day : 3
-> Request 0
79
(4, 2, 1)
3
(23, 32)
-> Request 1
201
(2, 3, 1)
3
(8, 47)
-> Request 2
491
(4, 3, 1)
3
(5, 32)
-> Request 3
554
(2, 3, 1)
2
(2, 61)
-> Request 4
713
(4, 3, 2)
1
(60, 43)
-> Request 5
782
(4, 2, 2)
2
(30, 44)
-> Request 6
1095
(4, 3, 1)
2
(16, 13)
-> Request 7
1337
(4, 3, 1)
3
(50, 17)
--> Day : 4
-> Request 0
21
(3, 3, 1)
3
(8, 47)
-> Request 1
32
(4, 3, 1)
3
(43, 75)
-> Request 2
112
(4, 2, 2)
2
(11, 22)
-> Request 3
150
(3, 3, 1)
1
(3, 55)
-> Request 4
229
(3, 3, 1)
2
(9, 26)
-> Request 5
685
(4, 2, 2)
3
(22, 65)
-> Request 6
853
(4, 3, 2)
1
(0, 68)
-> Request 7
939
(4, 2, 1)
3
(58, 24)
-> Request 8
1115
(3, 3, 1)
3
(0, 35)
-> Request 9
1122
(4, 1, 1)
3
(4, 47)
-> Request 10
1185
(4, 2, 2)
2
(39, 34)
-> Request 11
1212
(2, 2, 2)
1
(11, 32)
-> Request 12
1299
(3, 1, 2)
1
(0, 18)
---> Week : 18
--> Day : 0
-> Request 0
232
(2, 2, 2)
1
(38, 23)
-> Request 1
233
(3, 3, 1)
1
(64, 52)
-> Request 2
271
(4, 2, 1)
1
(60, 52)
-> Request 3
351
(4, 1, 2)
1
(21, 60)
-> Request 4
547
(4, 3, 1)
1
(15, 15)
-> Request 5
661
(4, 3, 2)
2
(66, 13)
-> Request 6
663
(2, 2, 1)
1
(67, 66)
-> Request 7
988
(2, 3, 2)
3
(34, 71)
-> Request 8
1309
(2, 2, 2)
2
(35, 44)
--> Day : 1
-> Request 0
1
(2, 3, 1)
1
(13, 58)
-> Request 1
123
(4, 2, 1)
2
(74, 20)
-> Request 2
161
(4, 2, 1)
3
(42, 21)
-> Request 3
164
(2, 2, 2)
3
(69, 37)
-> Request 4
173
(4, 2, 2)
1
(69, 49)
-> Request 5
424
(4, 3, 2)
1
(37, 67)
-> Request 6
678
(3, 3, 1)
3
(74, 27)
-> Request 7
710
(3, 2, 2)
3
(53, 27)
-> Request 8
845
(3, 3, 2)
3
(27, 17)
-> Request 9
955
(4, 2, 2)
2
(36, 31)
-> Request 10
1060
(3, 2, 2)
1
(73, 47)
-> Request 11
1077
(3, 3, 1)
3
(26, 9)
-> Request 12
1170
(4, 2, 2)
3
(10, 25)
-> Request 13
1279
(4, 2, 2)
3
(17, 50)
-> Request 14
1370
(1, 2, 2)
1
(25, 53)
--> Day : 2
-> Request 0
169
(3, 3, 2)
2
(64, 62)
-> Request 1
546
(4, 3, 2)
2
(71, 29)
-> Request 2
1064
(2, 3, 2)
2
(42, 1)
-> Request 3
1247
(2, 3, 1)
3
(51, 55)
-> Request 4
1364
(3, 2, 1)
1
(50, 7)
--> Day : 3
-> Request 0
183
(4, 3, 1)
3
(52, 54)
-> Request 1
254
(4, 3, 2)
2
(56, 1)
-> Request 2
288
(4, 2, 1)
2
(69, 37)
-> Request 3
291
(4, 2, 1)
3
(73, 47)
-> Request 4
415
(4, 2, 2)
1
(73, 12)
-> Request 5
424
(2, 3, 2)
2
(0, 22)
-> Request 6
467
(3, 2, 1)
1
(38, 7)
-> Request 7
640
(3, 2, 1)
1
(2, 44)
-> Request 8
672
(4, 3, 2)
2
(77, 71)
-> Request 9
697
(4, 3, 1)
2
(29, 45)
-> Request 10
749
(2, 3, 1)
2
(46, 62)
-> Request 11
796
(4, 3, 2)
3
(19, 55)
-> Request 12
1097
(4, 2, 2)
2
(65, 79)
-> Request 13
1280
(3, 1, 2)
1
(60, 45)
-> Request 14
1388
(2, 3, 1)
1
(1, 57)
--> Day : 4
-> Request 0
54
(2, 3, 1)
2
(10, 68)
-> Request 1
91
(3, 2, 1)
3
(46, 33)
-> Request 2
211
(4, 3, 1)
3
(42, 41)
-> Request 3
211
(4, 3, 2)
1
(51, 19)
-> Request 4
406
(4, 2, 1)
2
(66, 16)
-> Request 5
476
(3, 3, 1)
2
(15, 42)
-> Request 6
520
(3, 1, 2)
1
(35, 78)
-> Request 7
526
(2, 3, 1)
2
(56, 17)
-> Request 8
645
(3, 2, 2)
1
(42, 3)
-> Request 9
909
(4, 3, 1)
2
(69, 79)
-> Request 10
1152
(4, 2, 1)
2
(62, 57)
-> Request 11
1160
(4, 3, 1)
1
(22, 19)
-> Request 12
1291
(4, 3, 1)
2
(10, 16)
-> Request 13
1327
(1, 3, 2)
2
(29, 68)
-> Request 14
1354
(4, 3, 2)
3
(30, 46)
---> Week : 19
--> Day : 0
-> Request 0
97
(2, 3, 1)
2
(19, 3)
-> Request 1
110
(3, 3, 1)
2
(72, 2)
-> Request 2
141
(4, 1, 1)
3
(22, 17)
-> Request 3
378
(3, 3, 2)
1
(51, 23)
-> Request 4
487
(3, 3, 1)
2
(11, 22)
-> Request 5
674
(4, 2, 1)
3
(53, 2)
-> Request 6
885
(4, 3, 2)
1
(27, 55)
-> Request 7
1353
(4, 3, 1)
2
(19, 75)
-> Request 8
1362
(3, 3, 2)
3
(6, 0)
-> Request 9
1416
(4, 3, 2)
1
(58, 65)
--> Day : 1
-> Request 0
3
(4, 3, 2)
1
(29, 61)
-> Request 1
81
(4, 2, 1)
2
(43, 2)
-> Request 2
402
(2, 2, 2)
3
(6, 58)
-> Request 3
477
(4, 2, 2)
3
(32, 50)
-> Request 4
538
(2, 1, 2)
1
(72, 53)
-> Request 5
565
(4, 3, 2)
2
(3, 34)
-> Request 6
797
(4, 3, 1)
3
(37, 71)
-> Request 7
834
(3, 3, 2)
2
(49, 67)
-> Request 8
844
(4, 2, 2)
1
(57, 46)
-> Request 9
951
(4, 2, 1)
1
(36, 35)
-> Request 10
1016
(3, 2, 1)
3
(51, 23)
-> Request 11
1020
(2, 1, 1)
1
(30, 75)
-> Request 12
1290
(4, 1, 2)
3
(9, 20)
-> Request 13
1295
(4, 3, 1)
3
(41, 41)
--> Day : 2
-> Request 0
247
(4, 2, 1)
1
(26, 39)
-> Request 1
290
(4, 2, 1)
3
(50, 0)
-> Request 2
370
(2, 3, 2)
3
(67, 67)
-> Request 3
478
(2, 2, 1)
2
(21, 52)
-> Request 4
586
(4, 2, 1)
2
(44, 31)
-> Request 5
656
(4, 3, 1)
1
(72, 75)
-> Request 6
725
(3, 3, 1)
1
(31, 3)
-> Request 7
865
(4, 3, 1)
2
(35, 71)
-> Request 8
899
(3, 2, 1)
3
(68, 48)
-> Request 9
1088
(3, 2, 1)
2
(0, 47)
--> Day : 3
-> Request 0
120
(4, 3, 1)
2
(69, 76)
-> Request 1
127
(4, 3, 1)
1
(5, 5)
-> Request 2
148
(2, 2, 2)
1
(25, 25)
-> Request 3
167
(3, 1, 1)
1
(47, 14)
-> Request 4
453
(4, 2, 2)
2
(17, 62)
-> Request 5
496
(3, 3, 2)
2
(22, 64)
-> Request 6
542
(3, 3, 2)
3
(36, 37)
-> Request 7
667
(4, 2, 1)
3
(27, 36)
-> Request 8
796
(4, 1, 2)
2
(10, 34)
-> Request 9
856
(2, 3, 1)
1
(13, 10)
-> Request 10
996
(2, 3, 2)
1
(44, 73)
-> Request 11
1081
(1, 3, 1)
1
(69, 28)
-> Request 12
1182
(3, 2, 2)
1
(72, 63)
-> Request 13
1349
(4, 3, 2)
2
(71, 30)
-> Request 14
1408
(4, 2, 2)
1
(35, 1)
--> Day : 4
-> Request 0
64
(3, 2, 1)
1
(55, 50)
-> Request 1
157
(2, 3, 2)
1
(52, 24)
-> Request 2
216
(4, 3, 1)
2
(31, 17)
-> Request 3
876
(4, 3, 2)
2
(29, 59)
