---> Week : 0
--> Day : 0
-> Request 0
107
(2, 2, 1)
3
(2, 66)
-> Request 1
406
(4, 3, 2)
2
(70, 30)
-> Request 2
459
(4, 3, 2)
1
(57, 77)
-> Request 3
704
(4, 3, 2)
3
(19, 33)
-> Request 4
710
(3, 2, 2)
2
(45, 35)
-> Request 5
724
(3, 3, 2)
2
(56, 50)
-> Request 6
756
(3, 2, 2)
2
(77, 31)
-> Request 7
879
(4, 2, 2)
1
(0, 69)
-> Request 8
962
(4, 3, 2)
2
(54, 57)
-> Request 9
1100
(3, 2, 2)
1
(58, 59)
-> Request 10
1233
(3, 3, 2)
3
(17, 53)
--> Day : 1
-> Request 0
12
(3, 3, 1)
3
(29, 50)
-> Request 1
78
(3, 3, 2)
3
(73, 78)
-> Request 2
372
(3, 3, 2)
3
(0, 62)
-> Request 3
546
(4, 3, 1)
3
(44, 55)
-> Request 4
805
(3, 2, 2)
2
(27, 35)
-> Request 5
1041
(4, 3, 1)
1
(10, 36)
-> Request 6
1119
(2, 3, 2)
3
(67, 46)
-> Request 7
1206
(2, 3, 1)
1
(39, 72)
-> Request 8
1248
(2, 3, 2)
2
(64, 4)
-> Request 9
1355
(4, 3, 2)
2
(63, 72)
--> Day : 2
-> Request 0
29
(4, 3, 2)
2
(13, 19)
-> Request 1
64
(4, 3, 2)
2
(70, 62)
-> Request 2
100
(3, 2, 1)
2
(67, 28)
-> Request 3
142
(3, 3, 1)
3
(38, 33)
-> Request 4
154
(4, 2, 2)
1
(21, 29)
-> Request 5
160
(3, 1, 2)
3
(1, 7)
-> Request 6
300
(3, 2, 2)
1
(48, 25)
-> Request 7
349
(4, 2, 2)
3
(68, 64)
-> Request 8
966
(3, 3, 1)
2
(33, 12)
-> Request 9
968
(3, 1, 1)
3
(76, 12)
-> Request 10
1206
(3, 3, 2)
2
(70, 9)
-> Request 11
1295
(4, 3, 2)
3
(64, 12)
--> Day : 3
-> Request 0
682
(4, 2, 2)
1
(12, 11)
-> Request 1
925
(4, 3, 1)
2
(78, 70)
-> Request 2
1013
(3, 2, 2)
2
(56, 27)
-> Request 3
1240
(4, 3, 2)
1
(65, 78)
-> Request 4
1396
(4, 1, 1)
1
(2, 10)
--> Day : 4
-> Request 0
23
(4, 3, 1)
1
(39, 62)
-> Request 1
361
(4, 2, 2)
1
(77, 39)
-> Request 2
1025
(2, 3, 2)
1
(39, 66)
-> Request 3
1044
(4, 2, 2)
3
(62, 77)
---> Week : 1
--> Day : 0
-> Request 0
30
(3, 2, 1)
2
(67, 68)
-> Request 1
66
(2, 2, 1)
1
(32, 19)
-> Request 2
152
(2, 3, 2)
1
(50, 30)
-> Request 3
274
(3, 3, 1)
2
(21, 69)
-> Request 4
372
(4, 3, 2)
1
(5, 44)
-> Request 5
414
(4, 3, 2)
1
(1, 25)
-> Request 6
491
(4, 2, 1)
2
(15, 28)
-> Request 7
651
(4, 2, 2)
3
(17, 68)
-> Request 8
687
(4, 3, 2)
3
(16, 78)
-> Request 9
778
(3, 2, 1)
3
(9, 55)
-> Request 10
864
(4, 3, 1)
2
(78, 61)
-> Request 11
879
(4, 3, 2)
1
(55, 33)
-> Request 12
1320
(1, 3, 2)
1
(3, 23)
-> Request 13
1388
(3, 3, 1)
3
(28, 75)
--> Day : 1
-> Request 0
158
(2, 3, 1)
1
(59, 52)
-> Request 1
359
(4, 3, 2)
3
(24, 60)
-> Request 2
412
(2, 3, 1)
1
(7, 41)
-> Request 3
476
(2, 2, 1)
2
(24, 41)
-> Request 4
680
(4, 3, 2)
3
(78, 54)
-> Request 5
772
(1, 3, 2)
3
(74, 37)
-> Request 6
799
(3, 2, 1)
3
(28, 75)
-> Request 7
908
(4, 2, 1)
2
(2, 21)
-> Request 8
926
(3, 2, 2)
1
(72, 63)
-> Request 9
940
(4, 3, 2)
2
(11, 29)
-> Request 10
1080
(4, 3, 2)
2
(70, 11)
-> Request 11
1149
(4, 3, 2)
1
(61, 31)
-> Request 12
1186
(3, 3, 2)
2
(32, 26)
-> Request 13
1214
(2, 3, 1)
2
(25, 79)
-> Request 14
1298
(3, 3, 2)
1
(37, 70)
--> Day : 2
-> Request 0
88
(3, 3, 2)
1
(15, 36)
-> Request 1
91
(4, 2, 1)
1
(28, 37)
-> Request 2
300
(4, 3, 2)
2
(72, 46)
-> Request 3
397
(4, 3, 1)
1
(72, 9)
-> Request 4
398
(4, 3, 2)
3
(50, 63)
-> Request 5
403
(3, 2, 1)
3
(31, 43)
-> Request 6
448
(3, 1, 2)
2
(43, 70)
-> Request 7
492
(4, 3, 1)
3
(77, 45)
-> Request 8
541
(4, 2, 1)
3
(41, 8)
-> Request 9
772
(3, 3, 1)
3
(67, 19)
-> Request 10
1199
(4, 3, 2)
3
(51, 64)
-> Request 11
1311
(2, 3, 1)
1
(16, 2)
-> Request 12
1394
(3, 2, 2)
2
(30, 32)
-> Request 13
1396
(4, 3, 1)
2
(63, 57)
-> Request 14
1409
(3, 3, 1)
1
(57, 3)
--> Day : 3
-> Request 0
111
(2, 3, 1)
3
(54, 1)
-> Request 1
114
(4, 2, 2)
2
(29, 50)
-> Request 2
148
(4, 1, 1)
3
(1, 3)
-> Request 3
486
(4, 2, 1)
1
(1, 71)
-> Request 4
1013
(2, 3, 2)
2
(23, 47)
-> Request 5
1165
(3, 2, 2)
2
(59, 46)
-> Request 6
1201
(2, 2, 2)
2
(19, 2)
--> Day : 4
-> Request 0
23
(4, 3, 2)
3
(62, 63)
-> Request 1
73
(4, 2, 1)
3
(69, 17)
-> Request 2
147
(2, 3, 2)
2
(31, 14)
-> Request 3
341
(3, 2, 2)
2
(36, 62)
-> Request 4
556
(3, 3, 1)
2
(33, 15)
-> Request 5
826
(4, 3, 2)
2
(19, 0)
---> Week : 2
--> Day : 0
-> Request 0
18
(4, 3, 2)
2
(56, 26)
-> Request 1
67
(4, 2, 2)
2
(43, 65)
-> Request 2
156
(4, 3, 1)
2
(31, 76)
-> Request 3
283
(2, 3, 2)
3
(8, 7)
-> Request 4
374
(1, 3, 2)
3
(32, 43)
-> Request 5
421
(4, 3, 1)
1
(37, 13)
-> Request 6
517
(4, 3, 1)
1
(52, 78)
-> Request 7
577
(4, 3, 1)
3
(12, 9)
-> Request 8
605
(4, 3, 1)
1
(63, 23)
-> Request 9
660
(4, 3, 2)
3
(17, 40)
-> Request 10
664
(4, 2, 2)
1
(59, 47)
-> Request 11
794
(1, 3, 1)
1
(32, 69)
-> Request 12
841
(3, 3, 1)
3
(8, 73)
-> Request 13
1277
(4, 3, 1)
1
(69, 39)
-> Request 14
1358
(4, 1, 1)
1
(72, 49)
--> Day : 1
-> Request 0
149
(4, 3, 1)
3
(66, 49)
-> Request 1
421
(4, 3, 2)
1
(32, 9)
-> Request 2
522
(4, 3, 2)
2
(0, 78)
-> Request 3
550
(4, 1, 1)
3
(31, 8)
-> Request 4
621
(4, 3, 1)
3
(44, 51)
-> Request 5
951
(4, 1, 1)
3
(38, 22)
-> Request 6
1081
(4, 3, 1)
1
(45, 11)
-> Request 7
1309
(2, 2, 2)
3
(78, 76)
-> Request 8
1372
(4, 3, 1)
3
(63, 23)
--> Day : 2
-> Request 0
216
(3, 3, 1)
1
(0, 75)
-> Request 1
239
(3, 2, 1)
3
(54, 79)
-> Request 2
304
(4, 2, 2)
3
(45, 51)
-> Request 3
462
(4, 2, 1)
1
(29, 18)
-> Request 4
709
(3, 3, 1)
2
(7, 28)
-> Request 5
809
(4, 2, 2)
2
(56, 57)
-> Request 6
1055
(1, 2, 2)
2
(22, 61)
-> Request 7
1127
(4, 3, 1)
1
(48, 67)
-> Request 8
1250
(2, 2, 1)
2
(42, 64)
-> Request 9
1406
(1, 2, 1)
1
(46, 77)
--> Day : 3
-> Request 0
150
(4, 3, 1)
1
(3, 5)
-> Request 1
191
(3, 1, 2)
2
(76, 19)
-> Request 2
197
(3, 3, 1)
3
(8, 8)
-> Request 3
241
(4, 3, 2)
1
(19, 31)
-> Request 4
309
(1, 3, 1)
1
(32, 4)
-> Request 5
332
(1, 3, 1)
3
(44, 38)
-> Request 6
497
(3, 3, 1)
1
(33, 44)
-> Request 7
1013
(4, 2, 2)
3
(47, 25)
-> Request 8
1022
(3, 3, 1)
3
(48, 10)
-> Request 9
1124
(3, 3, 1)
2
(75, 38)
-> Request 10
1212
(4, 3, 1)
2
(28, 11)
-> Request 11
1212
(4, 1, 1)
2
(79, 45)
-> Request 12
1294
(3, 2, 2)
3
(20, 18)
-> Request 13
1382
(4, 2, 2)
2
(46, 58)
-> Request 14
1430
(3, 3, 1)
3
(5, 65)
--> Day : 4
-> Request 0
111
(4, 2, 2)
1
(61, 9)
-> Request 1
321
(4, 3, 2)
1
(70, 5)
-> Request 2
682
(3, 3, 2)
3
(34, 43)
-> Request 3
892
(4, 2, 2)
3
(29, 26)
-> Request 4
937
(3, 3, 1)
2
(67, 40)
-> Request 5
1062
(3, 2, 1)
1
(9, 27)
-> Request 6
1185
(2, 3, 2)
3
(55, 67)
-> Request 7
1335
(4, 3, 2)
1
(64, 20)
---> Week : 3
--> Day : 0
-> Request 0
148
(3, 3, 1)
2
(45, 35)
-> Request 1
190
(3, 1, 2)
3
(8, 25)
-> Request 2
345
(2, 3, 1)
1
(73, 20)
-> Request 3
447
(3, 3, 1)
2
(53, 62)
-> Request 4
482
(3, 2, 2)
3
(27, 22)
-> Request 5
556
(1, 1, 2)
2
(10, 31)
-> Request 6
559
(2, 3, 2)
1
(63, 21)
-> Request 7
580
(3, 3, 2)
1
(20, 34)
-> Request 8
684
(3, 3, 1)
2
(77, 32)
-> Request 9
860
(4, 3, 2)
1
(73, 4)
-> Request 10
999
(2, 2, 2)
1
(28, 75)
-> Request 11
1028
(2, 2, 2)
1
(18, 31)
-> Request 12
1145
(4, 2, 1)
2
(3, 4)
-> Request 13
1194
(2, 3, 1)
1
(19, 79)
-> Request 14
1386
(4, 3, 2)
2
(46, 16)
--> Day : 1
-> Request 0
113
(4, 2, 1)
2
(9, 64)
-> Request 1
326
(3, 2, 1)
2
(63, 44)
-> Request 2
532
(3, 3, 2)
1
(19, 63)
-> Request 3
618
(4, 3, 2)
1
(44, 50)
-> Request 4
686
(2, 3, 1)
3
(74, 25)
-> Request 5
789
(3, 3, 1)
3
(48, 78)
-> Request 6
835
(4, 3, 2)
3
(25, 23)
-> Request 7
1120
(3, 3, 1)
1
(40, 6)
--> Day : 2
-> Request 0
269
(4, 3, 1)
1
(38, 39)
-> Request 1
284
(4, 3, 2)
2
(36, 78)
-> Request 2
583
(2, 3, 1)
1
(68, 67)
-> Request 3
688
(3, 3, 1)
1
(28, 45)
-> Request 4
818
(4, 3, 2)
1
(14, 33)
-> Request 5
993
(3, 2, 1)
3
(54, 23)
-> Request 6
1000
(4, 3, 1)
3
(54, 28)
-> Request 7
1385
(4, 3, 1)
3
(68, 8)
-> Request 8
1439
(4, 3, 1)
3
(6, 72)
--> Day : 3
-> Request 0
316
(4, 3, 2)
1
(62, 58)
-> Request 1
335
(3, 3, 1)
1
(32, 21)
-> Request 2
770
(2, 2, 2)
3
(29, 66)
-> Request 3
863
(3, 2, 1)
2
(62, 7)
-> Request 4
876
(2, 3, 2)
1
(58, 37)
-> Request 5
974
(2, 3, 1)
1
(79, 15)
-> Request 6
1231
(2, 2, 2)
3
(71, 57)
-> Request 7
1247
(3, 2, 2)
1
(17, 66)
-> Request 8
1262
(4, 3, 2)
3
(21, 9)
--> Day : 4
-> Request 0
86
(4, 3, 2)
1
(32, 50)
-> Request 1
339
(1, 2, 1)
1
(5, 43)
-> Request 2
497
(1, 3, 1)
1
(42, 79)
-> Request 3
575
(3, 3, 1)
1
(4, 44)
-> Request 4
819
(4, 3, 1)
1
(70, 79)
-> Request 5
981
(4, 3, 2)
2
(57, 74)
-> Request 6
1225
(4, 2, 2)
1
(2, 38)
---> Week : 4
--> Day : 0
-> Request 0
266
(3, 2, 2)
3
(13, 48)
-> Request 1
269
(3, 3, 2)
3
(58, 0)
-> Request 2
333
(4, 2, 1)
3
(33, 1)
-> Request 3
346
(4, 3, 2)
2
(57, 46)
-> Request 4
655
(4, 2, 2)
3
(9, 69)
-> Request 5
725
(4, 2, 1)
1
(33, 34)
-> Request 6
751
(4, 3, 1)
3
(39, 53)
-> Request 7
1023
(3, 2, 1)
2
(22, 41)
-> Request 8
1322
(3, 3, 2)
3
(42, 65)
--> Day : 1
-> Request 0
252
(4, 3, 1)
1
(22, 34)
-> Request 1
629
(2, 3, 1)
2
(63, 42)
-> Request 2
629
(3, 1, 1)
1
(25, 73)
-> Request 3
1110
(4, 3, 1)
1
(32, 67)
-> Request 4
1277
(4, 3, 2)
2
(43, 37)
--> Day : 2
-> Request 0
14
(3, 2, 2)
1
(70, 78)
-> Request 1
129
(4, 3, 2)
2
(41, 72)
-> Request 2
159
(4, 3, 2)
3
(6, 6)
-> Request 3
201
(4, 2, 1)
1
(61, 54)
-> Request 4
228
(4, 1, 1)
1
(60, 35)
-> Request 5
337
(4, 3, 2)
1
(78, 66)
-> Request 6
364
(3, 2, 1)
2
(63, 9)
-> Request 7
661
(3, 2, 2)
2
(57, 72)
-> Request 8
676
(1, 2, 2)
3
(24, 59)
-> Request 9
748
(3, 3, 1)
2
(76, 51)
-> Request 10
1038
(3, 3, 2)
1
(73, 11)
-> Request 11
1110
(3, 2, 1)
3
(58, 65)
-> Request 12
1290
(4, 3, 1)
3
(73, 36)
-> Request 13
1325
(3, 2, 1)
2
(36, 51)
-> Request 14
1420
(2, 2, 2)
2
(40, 45)
--> Day : 3
-> Request 0
6
(3, 3, 2)
3
(47, 60)
-> Request 1
241
(4, 3, 1)
1
(51, 18)
-> Request 2
343
(4, 2, 1)
1
(46, 66)
-> Request 3
458
(4, 3, 1)
3
(56, 49)
-> Request 4
545
(4, 2, 1)
2
(75, 16)
-> Request 5
989
(4, 3, 1)
3
(79, 56)
-> Request 6
1177
(3, 3, 1)
3
(18, 19)
-> Request 7
1262
(3, 2, 2)
2
(17, 31)
--> Day : 4
-> Request 0
45
(3, 2, 1)
2
(74, 25)
-> Request 1
75
(4, 2, 1)
3
(49, 13)
-> Request 2
199
(2, 2, 1)
1
(49, 42)
-> Request 3
521
(2, 3, 2)
2
(57, 1)
-> Request 4
564
(2, 3, 1)
3
(28, 46)
-> Request 5
569
(3, 3, 2)
1
(53, 35)
-> Request 6
604
(4, 3, 2)
1
(21, 54)
-> Request 7
752
(4, 3, 2)
3
(7, 53)
-> Request 8
802
(4, 3, 2)
3
(50, 0)
-> Request 9
816
(3, 2, 2)
2
(68, 66)
-> Request 10
879
(3, 2, 2)
3
(15, 40)
-> Request 11
974
(3, 1, 1)
3
(43, 73)
-> Request 12
1186
(3, 3, 2)
3
(34, 45)
-> Request 13
1196
(4, 3, 2)
3
(24, 43)
-> Request 14
1331
(2, 1, 1)
1
(1, 14)
---> Week : 5
--> Day : 0
-> Request 0
44
(4, 2, 1)
3
(55, 19)
-> Request 1
124
(4, 1, 2)
2
(19, 55)
-> Request 2
230
(4, 3, 2)
3
(7, 79)
-> Request 3
294
(4, 3, 2)
1
(67, 22)
-> Request 4
495
(4, 3, 1)
2
(13, 41)
-> Request 5
509
(2, 3, 2)
1
(63, 74)
-> Request 6
512
(3, 3, 2)
2
(43, 77)
-> Request 7
642
(2, 3, 2)
3
(60, 17)
-> Request 8
666
(4, 3, 1)
3
(36, 27)
-> Request 9
676
(1, 3, 2)
2
(11, 60)
-> Request 10
928
(4, 3, 1)
2
(60, 46)
-> Request 11
972
(4, 3, 2)
2
(69, 31)
-> Request 12
1078
(4, 2, 2)
2
(0, 43)
-> Request 13
1095
(4, 2, 1)
2
(32, 76)
-> Request 14
1150
(4, 3, 1)
2
(26, 59)
-> Request 15
1225
(4, 2, 2)
1
(57, 20)
-> Request 16
1239
(2, 3, 1)
1
(20, 26)
-> Request 17
1326
(3, 3, 2)
3
(20, 10)
--> Day : 1
-> Request 0
257
(4, 2, 1)
3
(34, 13)
-> Request 1
271
(4, 3, 2)
2
(49, 4)
-> Request 2
639
(4, 2, 1)
2
(11, 36)
-> Request 3
811
(3, 3, 1)
3
(49, 59)
-> Request 4
908
(4, 3, 1)
1
(37, 16)
-> Request 5
1097
(3, 3, 2)
3
(30, 38)
-> Request 6
1266
(4, 2, 2)
3
(7, 26)
-> Request 7
1307
(4, 2, 2)
3
(46, 21)
-> Request 8
1347
(2, 3, 2)
1
(66, 65)
--> Day : 2
-> Request 0
167
(4, 3, 1)
3
(42, 43)
-> Request 1
186
(3, 2, 1)
2
(72, 23)
-> Request 2
187
(3, 3, 1)
3
(13, 12)
-> Request 3
270
(1, 3, 1)
1
(31, 21)
-> Request 4
395
(4, 3, 1)
2
(3, 49)
-> Request 5
626
(4, 3, 2)
1
(74, 4)
-> Request 6
679
(4, 3, 2)
3
(33, 52)
-> Request 7
693
(2, 2, 1)
3
(37, 46)
-> Request 8
761
(2, 2, 1)
1
(4, 55)
--> Day : 3
-> Request 0
5
(4, 3, 2)
3
(61, 33)
-> Request 1
26
(3, 2, 2)
1
(61, 3)
-> Request 2
125
(4, 1, 2)
3
(18, 72)
-> Request 3
357
(4, 3, 2)
2
(42, 34)
-> Request 4
483
(3, 3, 2)
1
(45, 41)
-> Request 5
594
(3, 3, 1)
3
(43, 32)
-> Request 6
1002
(2, 2, 2)
2
(38, 71)
-> Request 7
1105
(1, 3, 1)
3
(35, 27)
-> Request 8
1214
(4, 3, 1)
2
(1, 58)
--> Day : 4
-> Request 0
186
(4, 3, 1)
2
(6, 47)
-> Request 1
1181
(4, 2, 2)
3
(75, 51)
-> Request 2
1370
(3, 3, 1)
1
(64, 33)
---> Week : 6
--> Day : 0
-> Request 0
522
(4, 3, 1)
2
(25, 8)
-> Request 1
578
(4, 3, 2)
2
(7, 41)
-> Request 2
578
(4, 1, 1)
2
(44, 58)
-> Request 3
1045
(4, 3, 2)
2
(57, 38)
-> Request 4
1239
(4, 3, 1)
1
(72, 4)
--> Day : 1
-> Request 0
3
(4, 1, 2)
3
(51, 18)
-> Request 1
272
(4, 3, 1)
1
(72, 76)
-> Request 2
522
(4, 3, 1)
1
(32, 37)
-> Request 3
757
(3, 3, 1)
2
(35, 52)
--> Day : 2
-> Request 0
291
(3, 3, 2)
2
(33, 20)
-> Request 1
321
(3, 1, 2)
2
(8, 4)
-> Request 2
373
(3, 3, 2)
2
(18, 57)
-> Request 3
398
(4, 3, 1)
3
(67, 31)
-> Request 4
801
(4, 2, 1)
2
(9, 13)
-> Request 5
816
(3, 1, 1)
1
(9, 59)
-> Request 6
829
(4, 2, 1)
3
(3, 3)
-> Request 7
861
(1, 3, 1)
2
(0, 34)
-> Request 8
1112
(4, 2, 2)
2
(27, 53)
-> Request 9
1257
(2, 3, 2)
1
(33, 26)
-> Request 10
1339
(3, 2, 1)
3
(21, 39)
--> Day : 3
-> Request 0
276
(2, 2, 2)
1
(40, 67)
-> Request 1
414
(4, 3, 1)
2
(43, 44)
-> Request 2
671
(4, 3, 1)
3
(76, 40)
-> Request 3
823
(1, 3, 2)
1
(68, 36)
-> Request 4
912
(2, 3, 2)
2
(77, 54)
-> Request 5
1044
(1, 3, 2)
2
(38, 2)
-> Request 6
1083
(4, 3, 2)
1
(50, 34)
-> Request 7
1292
(4, 3, 2)
2
(10, 35)
--> Day : 4
-> Request 0
114
(3, 3, 1)
2
(32, 40)
-> Request 1
182
(4, 2, 1)
2
(31, 20)
-> Request 2
511
(3, 1, 2)
1
(66, 74)
-> Request 3
690
(2, 3, 2)
1
(78, 67)
-> Request 4
722
(3, 3, 1)
3
(3, 37)
-> Request 5
723
(3, 3, 2)
3
(13, 27)
-> Request 6
748
(4, 2, 1)
2
(65, 20)
-> Request 7
914
(4, 3, 2)
2
(75, 77)
-> Request 8
1011
(4, 3, 1)
3
(37, 29)
-> Request 9
1016
(2, 3, 2)
3
(12, 29)
-> Request 10
1047
(4, 3, 1)
1
(73, 36)
-> Request 11
1207
(3, 2, 2)
3
(44, 9)
---> Week : 7
--> Day : 0
-> Request 0
260
(2, 3, 1)
2
(22, 7)
-> Request 1
394
(3, 3, 2)
1
(75, 5)
-> Request 2
607
(2, 3, 1)
3
(19, 51)
-> Request 3
628
(4, 2, 1)
1
(33, 26)
-> Request 4
632
(4, 3, 1)
1
(51, 68)
-> Request 5
982
(4, 3, 1)
3
(48, 32)
-> Request 6
984
(4, 3, 2)
1
(58, 71)
-> Request 7
1201
(2, 3, 1)
3
(31, 41)
-> Request 8
1352
(4, 2, 2)
2
(6, 27)
-> Request 9
1353
(2, 3, 2)
3
(49, 59)
--> Day : 1
-> Request 0
27
(4, 1, 1)
1
(17, 11)
-> Request 1
31
(3, 3, 2)
2
(25, 19)
-> Request 2
499
(4, 3, 2)
1
(42, 76)
-> Request 3
693
(2, 2, 2)
2
(42, 42)
-> Request 4
975
(1, 3, 2)
2
(49, 70)
-> Request 5
1326
(2, 3, 2)
2
(32, 0)
-> Request 6
1393
(3, 2, 2)
3
(40, 44)
--> Day : 2
-> Request 0
72
(4, 3, 1)
1
(51, 20)
-> Request 1
182
(4, 2, 1)
3
(62, 50)
-> Request 2
247
(4, 3, 1)
2
(5, 2)
-> Request 3
258
(4, 2, 2)
2
(4, 24)
-> Request 4
337
(4, 2, 2)
1
(55, 4)
-> Request 5
409
(3, 3, 1)
1
(71, 12)
-> Request 6
459
(3, 2, 1)
3
(31, 69)
-> Request 7
666
(4, 3, 1)
2
(16, 34)
-> Request 8
761
(4, 2, 2)
2
(60, 21)
-> Request 9
767
(3, 3, 2)
3
(46, 77)
-> Request 10
803
(2, 2, 1)
1
(16, 77)
-> Request 11
845
(4, 2, 1)
3
(49, 56)
-> Request 12
874
(4, 3, 2)
3
(27, 3)
-> Request 13
910
(4, 3, 2)
1
(46, 1)
-> Request 14
1186
(4, 3, 2)
2
(6, 2)
-> Request 15
1270
(4, 1, 2)
3
(17, 7)
-> Request 16
1424
(3, 3, 1)
2
(24, 63)
-> Request 17
1439
(3, 2, 2)
2
(64, 40)
--> Day : 3
-> Request 0
23
(3, 2, 1)
3
(0, 51)
-> Request 1
49
(4, 3, 1)
3
(43, 48)
-> Request 2
162
(4, 3, 1)
2
(61, 46)
-> Request 3
296
(2, 3, 1)
3
(4, 31)
-> Request 4
689
(2, 3, 1)
2
(39, 74)
-> Request 5
1100
(4, 2, 2)
1
(22, 67)
-> Request 6
1106
(4, 2, 2)
1
(2, 29)
-> Request 7
1374
(4, 3, 1)
2
(69, 20)
-> Request 8
1430
(4, 3, 1)
2
(50, 28)
--> Day : 4
-> Request 0
35
(4, 2, 1)
3
(51, 73)
-> Request 1
86
(4, 3, 2)
3
(20, 41)
-> Request 2
92
(4, 3, 1)
3
(53, 53)
-> Request 3
102
(3, 3, 1)
2
(11, 50)
-> Request 4
107
(2, 3, 1)
1
(71, 39)
-> Request 5
203
(4, 2, 2)
1
(34, 58)
-> Request 6
283
(3, 3, 1)
1
(38, 62)
-> Request 7
673
(4, 3, 2)
3
(14, 59)
-> Request 8
803
(3, 3, 1)
3
(25, 51)
-> Request 9
912
(4, 3, 2)
1
(48, 78)
-> Request 10
1052
(4, 3, 2)
1
(37, 73)
-> Request 11
1200
(2, 3, 1)
1
(23, 7)
-> Request 12
1402
(4, 3, 1)
3
(2, 59)
---> Week : 8
--> Day : 0
-> Request 0
89
(4, 3, 2)
2
(61, 32)
-> Request 1
205
(4, 3, 2)
3
(71, 15)
-> Request 2
267
(4, 2, 1)
1
(79, 19)
-> Request 3
300
(4, 3, 1)
3
(63, 45)
-> Request 4
317
(4, 2, 1)
3
(50, 11)
-> Request 5
421
(4, 3, 1)
3
(42, 68)
-> Request 6
646
(4, 3, 1)
2
(19, 16)
-> Request 7
688
(4, 3, 2)
2
(78, 49)
-> Request 8
1084
(3, 3, 2)
2
(31, 60)
-> Request 9
1306
(4, 3, 2)
1
(8, 21)
--> Day : 1
-> Request 0
21
(3, 3, 2)
1
(67, 36)
-> Request 1
217
(4, 2, 1)
2
(71, 25)
-> Request 2
681
(4, 3, 2)
2
(18, 24)
-> Request 3
826
(4, 3, 2)
1
(26, 59)
-> Request 4
845
(3, 3, 1)
3
(3, 53)
-> Request 5
847
(3, 2, 2)
2
(16, 8)
-> Request 6
920
(4, 2, 1)
3
(46, 61)
-> Request 7
966
(3, 2, 1)
3
(15, 28)
-> Request 8
979
(4, 2, 2)
3
(20, 41)
--> Day : 2
-> Request 0
434
(3, 2, 1)
1
(35, 60)
-> Request 1
658
(4, 3, 2)
1
(72, 63)
-> Request 2
696
(4, 2, 2)
1
(50, 20)
-> Request 3
723
(4, 2, 2)
2
(5, 76)
-> Request 4
873
(3, 1, 1)
2
(64, 23)
-> Request 5
910
(3, 3, 1)
1
(45, 34)
-> Request 6
978
(3, 3, 1)
1
(14, 61)
-> Request 7
1062
(3, 2, 2)
3
(50, 34)
-> Request 8
1124
(2, 3, 1)
1
(51, 59)
-> Request 9
1271
(2, 3, 2)
1
(46, 34)
-> Request 10
1362
(2, 3, 2)
2
(22, 3)
-> Request 11
1367
(4, 2, 1)
3
(7, 59)
-> Request 12
1388
(2, 3, 1)
1
(58, 64)
--> Day : 3
-> Request 0
131
(2, 2, 1)
2
(74, 55)
-> Request 1
131
(4, 2, 1)
2
(13, 76)
-> Request 2
301
(4, 3, 2)
1
(59, 75)
-> Request 3
398
(4, 3, 2)
3
(21, 19)
-> Request 4
428
(4, 2, 1)
2
(54, 69)
-> Request 5
551
(3, 2, 2)
2
(61, 21)
-> Request 6
797
(3, 1, 1)
2
(28, 62)
-> Request 7
1269
(2, 2, 1)
1
(24, 24)
-> Request 8
1385
(3, 2, 1)
1
(51, 62)
--> Day : 4
-> Request 0
24
(3, 2, 1)
2
(46, 69)
-> Request 1
523
(2, 3, 2)
3
(16, 13)
-> Request 2
565
(3, 3, 1)
3
(23, 77)
-> Request 3
614
(2, 2, 1)
2
(70, 12)
-> Request 4
1133
(3, 3, 2)
3
(16, 44)
-> Request 5
1149
(2, 2, 1)
2
(14, 21)
-> Request 6
1439
(4, 3, 2)
1
(74, 65)
---> Week : 9
--> Day : 0
-> Request 0
207
(2, 2, 1)
1
(54, 61)
-> Request 1
223
(2, 3, 1)
3
(30, 14)
-> Request 2
312
(3, 3, 1)
3
(18, 20)
-> Request 3
354
(3, 2, 1)
3
(16, 68)
-> Request 4
368
(4, 2, 1)
1
(2, 59)
-> Request 5
504
(3, 1, 2)
2
(79, 6)
-> Request 6
518
(4, 2, 1)
3
(21, 70)
-> Request 7
647
(4, 3, 1)
3
(70, 53)
-> Request 8
694
(3, 3, 1)
2
(23, 32)
-> Request 9
776
(2, 2, 2)
2
(48, 77)
-> Request 10
912
(2, 2, 2)
2
(76, 33)
-> Request 11
1024
(4, 2, 1)
3
(26, 48)
-> Request 12
1088
(3, 2, 1)
3
(3, 52)
-> Request 13
1186
(1, 3, 1)
1
(58, 17)
-> Request 14
1248
(3, 3, 2)
3
(12, 34)
-> Request 15
1425
(4, 2, 2)
3
(2, 26)
-> Request 16
1435
(4, 1, 2)
2
(24, 30)
--> Day : 1
-> Request 0
221
(3, 3, 2)
2
(78, 31)
-> Request 1
328
(4, 2, 1)
3
(7, 18)
-> Request 2
560
(4, 3, 2)
3
(20, 39)
-> Request 3
768
(3, 3, 2)
3
(40, 66)
-> Request 4
1042
(3, 3, 2)
1
(5, 36)
-> Request 5
1066
(3, 2, 1)
3
(27, 57)
--> Day : 2
-> Request 0
172
(4, 2, 2)
3
(39, 46)
-> Request 1
240
(4, 3, 1)
1
(1, 27)
-> Request 2
567
(4, 3, 1)
1
(55, 46)
-> Request 3
623
(4, 3, 2)
2
(3, 1)
-> Request 4
965
(4, 2, 2)
2
(65, 32)
-> Request 5
997
(3, 3, 2)
3
(63, 61)
-> Request 6
1197
(4, 3, 1)
1
(52, 2)
--> Day : 3
-> Request 0
113
(4, 3, 2)
2
(20, 24)
-> Request 1
154
(4, 3, 2)
3
(51, 28)
-> Request 2
223
(3, 3, 2)
2
(58, 0)
-> Request 3
273
(4, 2, 1)
3
(55, 10)
-> Request 4
288
(2, 2, 2)
1
(36, 2)
-> Request 5
796
(4, 2, 2)
1
(73, 46)
-> Request 6
816
(4, 2, 2)
2
(17, 46)
-> Request 7
886
(4, 3, 2)
2
(31, 64)
-> Request 8
1211
(3, 3, 1)
1
(15, 73)
-> Request 9
1337
(4, 3, 2)
1
(10, 15)
-> Request 10
1340
(4, 1, 1)
3
(30, 72)
-> Request 11
1433
(2, 2, 2)
2
(75, 15)
--> Day : 4
-> Request 0
59
(4, 2, 2)
1
(70, 10)
-> Request 1
101
(4, 3, 1)
3
(77, 56)
-> Request 2
113
(4, 2, 2)
2
(26, 46)
-> Request 3
209
(2, 2, 2)
2
(23, 37)
-> Request 4
327
(4, 3, 2)
3
(15, 28)
-> Request 5
500
(4, 2, 2)
3
(79, 59)
-> Request 6
722
(4, 3, 1)
1
(31, 18)
-> Request 7
766
(2, 3, 2)
1
(61, 25)
-> Request 8
869
(1, 3, 1)
3
(75, 4)
-> Request 9
1099
(3, 2, 1)
1
(30, 2)
-> Request 10
1425
(4, 2, 2)
3
(42, 63)
-> Request 11
1433
(3, 2, 2)
2
(45, 41)
---> Week : 10
--> Day : 0
-> Request 0
120
(4, 3, 1)
3
(72, 32)
-> Request 1
211
(4, 2, 2)
2
(53, 78)
-> Request 2
224
(3, 3, 1)
3
(64, 17)
-> Request 3
283
(3, 3, 1)
2
(40, 6)
-> Request 4
1266
(2, 3, 2)
3
(6, 39)
-> Request 5
1332
(4, 3, 1)
3
(68, 14)
-> Request 6
1435
(3, 3, 2)
1
(7, 3)
--> Day : 1
-> Request 0
68
(4, 3, 1)
1
(38, 65)
-> Request 1
649
(2, 3, 1)
3
(44, 37)
-> Request 2
709
(2, 2, 1)
3
(46, 70)
-> Request 3
839
(4, 3, 2)
3
(14, 28)
-> Request 4
853
(3, 3, 1)
2
(75, 6)
-> Request 5
1040
(2, 2, 1)
1
(65, 15)
-> Request 6
1238
(3, 2, 2)
2
(48, 22)
-> Request 7
1319
(2, 3, 2)
2
(2, 30)
-> Request 8
1344
(3, 3, 2)
3
(75, 18)
-> Request 9
1432
(4, 2, 1)
3
(62, 62)
--> Day : 2
-> Request 0
83
(4, 3, 1)
3
(75, 9)
-> Request 1
348
(4, 3, 1)
3
(17, 30)
-> Request 2
459
(4, 2, 1)
2
(72, 32)
-> Request 3
492
(4, 2, 2)
2
(31, 58)
-> Request 4
506
(3, 3, 1)
3
(14, 0)
-> Request 5
626
(4, 3, 1)
1
(28, 35)
-> Request 6
945
(2, 3, 1)
2
(46, 59)
-> Request 7
1116
(3, 3, 1)
1
(79, 40)
-> Request 8
1159
(4, 3, 1)
3
(6, 23)
-> Request 9
1417
(3, 3, 2)
3
(6, 68)
--> Day : 3
-> Request 0
35
(4, 3, 2)
1
(71, 18)
-> Request 1
56
(3, 3, 1)
1
(38, 72)
-> Request 2
133
(4, 3, 1)
3
(16, 60)
-> Request 3
133
(4, 3, 1)
3
(70, 8)
-> Request 4
309
(4, 3, 2)
1
(31, 77)
-> Request 5
573
(3, 3, 2)
3
(66, 72)
-> Request 6
848
(4, 3, 1)
3
(42, 75)
-> Request 7
872
(4, 2, 2)
1
(11, 53)
-> Request 8
1121
(4, 3, 2)
2
(70, 76)
-> Request 9
1144
(4, 2, 1)
1
(34, 6)
-> Request 10
1286
(2, 2, 1)
3
(53, 0)
-> Request 11
1434
(3, 2, 2)
3
(47, 1)
--> Day : 4
-> Request 0
202
(3, 3, 2)
1
(54, 28)
-> Request 1
243
(4, 2, 1)
3
(18, 48)
-> Request 2
254
(4, 1, 1)
1
(39, 2)
-> Request 3
358
(4, 2, 2)
2
(39, 53)
-> Request 4
374
(4, 1, 1)
3
(63, 26)
-> Request 5
534
(4, 3, 1)
3
(30, 63)
-> Request 6
614
(2, 2, 2)
2
(67, 51)
-> Request 7
623
(3, 1, 1)
1
(11, 7)
-> Request 8
623
(4, 3, 2)
2
(71, 42)
-> Request 9
635
(3, 2, 1)
1
(9, 76)
-> Request 10
748
(4, 3, 1)
3
(22, 73)
-> Request 11
791
(4, 3, 1)
1
(27, 25)
-> Request 12
791
(1, 3, 2)
1
(42, 18)
-> Request 13
852
(3, 2, 1)
3
(31, 33)
-> Request 14
1276
(3, 2, 1)
2
(67, 66)
-> Request 15
1342
(4, 1, 2)
2
(24, 54)
-> Request 16
1394
(4, 3, 1)
3
(54, 27)
---> Week : 11
--> Day : 0
-> Request 0
211
(4, 3, 1)
1
(7, 56)
-> Request 1
270
(4, 3, 1)
1
(68, 54)
-> Request 2
339
(4, 3, 1)
3
(74, 9)
-> Request 3
417
(3, 3, 1)
3
(77, 37)
-> Request 4
598
(1, 3, 1)
2
(12, 18)
-> Request 5
733
(2, 3, 1)
2
(56, 71)
-> Request 6
1209
(4, 2, 2)
1
(74, 41)
-> Request 7
1220
(3, 3, 1)
1
(43, 47)
-> Request 8
1271
(3, 2, 1)
1
(28, 19)
-> Request 9
1306
(4, 3, 1)
3
(39, 70)
--> Day : 1
-> Request 0
78
(4, 2, 1)
2
(57, 62)
-> Request 1
295
(3, 3, 1)
1
(7, 72)
-> Request 2
513
(3, 3, 2)
3
(73, 23)
-> Request 3
665
(4, 3, 2)
2
(15, 36)
-> Request 4
929
(3, 3, 2)
2
(51, 49)
-> Request 5
973
(4, 2, 2)
2
(5, 24)
-> Request 6
1166
(4, 3, 2)
2
(1, 72)
-> Request 7
1298
(1, 1, 1)
1
(36, 50)
-> Request 8
1300
(4, 3, 1)
2
(56, 43)
-> Request 9
1326
(4, 3, 2)
1
(32, 39)
-> Request 10
1428
(2, 2, 1)
2
(24, 19)
--> Day : 2
-> Request 0
143
(2, 2, 1)
3
(75, 40)
-> Request 1
417
(4, 2, 1)
1
(42, 17)
-> Request 2
419
(4, 2, 1)
1
(28, 54)
-> Request 3
878
(4, 3, 1)
1
(20, 49)
-> Request 4
1348
(4, 2, 2)
3
(60, 44)
-> Request 5
1392
(3, 2, 1)
2
(61, 11)
--> Day : 3
-> Request 0
74
(4, 2, 2)
2
(38, 54)
-> Request 1
123
(3, 3, 2)
1
(1, 72)
-> Request 2
183
(4, 3, 2)
2
(60, 31)
-> Request 3
262
(4, 3, 2)
3
(22, 77)
-> Request 4
369
(4, 2, 1)
3
(21, 17)
-> Request 5
465
(1, 3, 1)
1
(53, 77)
-> Request 6
537
(4, 3, 2)
2
(65, 56)
-> Request 7
555
(4, 3, 2)
1
(68, 75)
-> Request 8
584
(3, 2, 2)
1
(17, 78)
-> Request 9
623
(4, 3, 1)
1
(28, 7)
-> Request 10
654
(3, 3, 2)
3
(7, 74)
-> Request 11
748
(3, 2, 1)
3
(75, 73)
-> Request 12
882
(4, 3, 1)
2
(16, 70)
-> Request 13
885
(4, 3, 2)
2
(74, 46)
-> Request 14
948
(3, 2, 1)
2
(28, 38)
-> Request 15
1359
(3, 2, 2)
1
(40, 78)
--> Day : 4
-> Request 0
91
(4, 3, 1)
2
(62, 31)
-> Request 1
148
(2, 3, 2)
3
(72, 41)
-> Request 2
189
(3, 3, 1)
3
(70, 67)
-> Request 3
336
(3, 3, 2)
2
(6, 4)
-> Request 4
613
(4, 2, 1)
3
(48, 44)
-> Request 5
747
(4, 2, 2)
3
(0, 35)
-> Request 6
855
(4, 3, 1)
1
(35, 41)
-> Request 7
1293
(4, 3, 1)
1
(17, 44)
---> Week : 12
--> Day : 0
-> Request 0
18
(4, 2, 2)
1
(67, 49)
-> Request 1
150
(4, 2, 1)
2
(11, 66)
-> Request 2
271
(3, 3, 1)
3
(77, 39)
-> Request 3
362
(3, 3, 2)
3
(18, 8)
-> Request 4
390
(4, 2, 1)
2
(3, 29)
-> Request 5
475
(4, 3, 2)
2
(12, 39)
-> Request 6
529
(4, 3, 1)
2
(15, 23)
-> Request 7
607
(2, 2, 1)
2
(37, 43)
-> Request 8
630
(3, 3, 1)
2
(26, 62)
-> Request 9
701
(3, 2, 1)
2
(42, 76)
-> Request 10
902
(4, 3, 2)
1
(28, 55)
-> Request 11
939
(3, 2, 1)
1
(26, 79)
-> Request 12
1047
(3, 2, 2)
2
(51, 63)
-> Request 13
1077
(4, 3, 1)
3
(50, 79)
-> Request 14
1112
(2, 2, 1)
1
(9, 52)
--> Day : 1
-> Request 0
48
(3, 3, 1)
3
(27, 59)
-> Request 1
219
(4, 3, 1)
2
(78, 63)
-> Request 2
250
(3, 3, 1)
1
(16, 57)
-> Request 3
449
(4, 1, 1)
3
(67, 3)
-> Request 4
469
(4, 3, 2)
2
(52, 57)
-> Request 5
566
(4, 3, 2)
2
(70, 11)
-> Request 6
664
(4, 3, 1)
1
(26, 21)
-> Request 7
664
(3, 3, 1)
1
(7, 73)
-> Request 8
1112
(3, 2, 2)
2
(42, 6)
-> Request 9
1182
(4, 2, 1)
2
(38, 0)
--> Day : 2
-> Request 0
44
(3, 3, 1)
1
(23, 78)
-> Request 1
246
(3, 3, 1)
2
(64, 20)
-> Request 2
499
(2, 3, 1)
2
(38, 73)
-> Request 3
544
(4, 3, 2)
2
(20, 60)
-> Request 4
791
(3, 3, 2)
3
(1, 18)
-> Request 5
951
(4, 2, 2)
3
(72, 77)
-> Request 6
1382
(3, 3, 2)
3
(38, 64)
--> Day : 3
-> Request 0
49
(3, 2, 1)
1
(50, 10)
-> Request 1
216
(3, 3, 2)
1
(66, 48)
-> Request 2
274
(2, 3, 1)
1
(52, 71)
-> Request 3
488
(4, 3, 1)
2
(29, 16)
-> Request 4
563
(4, 1, 2)
1
(78, 8)
-> Request 5
650
(3, 3, 1)
1
(34, 5)
-> Request 6
960
(3, 3, 1)
3
(56, 65)
-> Request 7
1102
(4, 3, 1)
2
(68, 18)
-> Request 8
1138
(1, 3, 1)
2
(9, 64)
-> Request 9
1142
(4, 3, 2)
2
(29, 26)
-> Request 10
1233
(3, 2, 1)
3
(33, 44)
-> Request 11
1241
(4, 3, 1)
2
(42, 8)
-> Request 12
1396
(4, 1, 1)
1
(55, 38)
--> Day : 4
-> Request 0
737
(4, 3, 2)
3
(14, 75)
-> Request 1
834
(4, 3, 2)
3
(40, 71)
-> Request 2
834
(2, 2, 2)
3
(53, 0)
-> Request 3
847
(4, 2, 1)
1
(63, 73)
-> Request 4
970
(4, 2, 2)
1
(56, 13)
-> Request 5
1031
(3, 2, 2)
1
(74, 39)
-> Request 6
1279
(3, 3, 2)
3
(74, 36)
-> Request 7
1354
(4, 3, 2)
3
(50, 53)
-> Request 8
1397
(3, 3, 1)
1
(15, 35)
---> Week : 13
--> Day : 0
-> Request 0
239
(2, 2, 1)
1
(52, 75)
-> Request 1
271
(4, 3, 2)
1
(59, 48)
-> Request 2
506
(3, 2, 2)
2
(43, 61)
-> Request 3
682
(3, 2, 1)
3
(17, 9)
-> Request 4
745
(4, 3, 2)
3
(37, 12)
-> Request 5
998
(4, 3, 1)
1
(59, 37)
-> Request 6
1108
(4, 3, 1)
1
(33, 56)
-> Request 7
1398
(3, 2, 2)
3
(40, 0)
--> Day : 1
-> Request 0
50
(4, 2, 2)
3
(30, 66)
-> Request 1
211
(3, 3, 2)
1
(32, 23)
-> Request 2
638
(2, 3, 1)
3
(71, 55)
-> Request 3
1144
(4, 3, 2)
3
(65, 74)
-> Request 4
1299
(2, 3, 2)
2
(30, 36)
-> Request 5
1326
(3, 3, 1)
3
(9, 23)
-> Request 6
1370
(3, 1, 1)
1
(59, 37)
--> Day : 2
-> Request 0
141
(1, 1, 2)
3
(10, 26)
-> Request 1
304
(3, 3, 2)
1
(30, 78)
-> Request 2
360
(4, 2, 1)
1
(31, 59)
-> Request 3
544
(4, 2, 1)
2
(18, 64)
-> Request 4
604
(4, 3, 2)
3
(33, 8)
-> Request 5
802
(3, 3, 1)
1
(5, 41)
-> Request 6
887
(4, 3, 2)
3
(63, 67)
-> Request 7
1249
(3, 3, 1)
3
(28, 56)
-> Request 8
1288
(4, 3, 2)
2
(25, 78)
-> Request 9
1328
(3, 3, 1)
3
(30, 34)
-> Request 10
1408
(3, 3, 1)
2
(43, 72)
--> Day : 3
-> Request 0
199
(4, 3, 2)
1
(0, 43)
-> Request 1
296
(2, 3, 2)
2
(10, 52)
-> Request 2
465
(4, 2, 2)
1
(56, 25)
-> Request 3
550
(2, 3, 2)
1
(23, 77)
-> Request 4
764
(1, 3, 2)
2
(15, 76)
-> Request 5
895
(2, 2, 2)
2
(31, 13)
-> Request 6
981
(3, 2, 1)
1
(53, 69)
-> Request 7
1031
(4, 3, 1)
2
(16, 47)
-> Request 8
1245
(4, 2, 2)
3
(37, 78)
-> Request 9
1277
(4, 2, 2)
2
(13, 29)
--> Day : 4
-> Request 0
75
(3, 3, 2)
1
(66, 30)
-> Request 1
75
(4, 2, 2)
2
(62, 75)
-> Request 2
208
(2, 3, 2)
1
(14, 72)
-> Request 3
231
(2, 3, 1)
1
(12, 40)
-> Request 4
511
(4, 3, 1)
2
(77, 55)
-> Request 5
623
(4, 3, 1)
1
(58, 62)
-> Request 6
821
(3, 2, 1)
1
(34, 57)
-> Request 7
950
(2, 2, 1)
1
(40, 16)
-> Request 8
1201
(4, 2, 1)
3
(41, 79)
-> Request 9
1340
(4, 3, 2)
2
(70, 2)
-> Request 10
1437
(4, 3, 2)
2
(67, 14)
---> Week : 14
--> Day : 0
-> Request 0
160
(4, 3, 2)
2
(34, 15)
-> Request 1
308
(2, 3, 2)
2
(28, 9)
-> Request 2
367
(4, 3, 1)
2
(45, 22)
-> Request 3
606
(3, 2, 2)
3
(5, 46)
-> Request 4
635
(4, 2, 1)
2
(63, 15)
-> Request 5
767
(4, 2, 2)
2
(33, 16)
-> Request 6
799
(3, 2, 1)
2
(4, 50)
-> Request 7
1053
(3, 2, 1)
1
(58, 63)
-> Request 8
1422
(3, 2, 1)
3
(78, 45)
--> Day : 1
-> Request 0
27
(4, 3, 2)
2
(53, 9)
-> Request 1
378
(4, 2, 2)
3
(29, 70)
-> Request 2
505
(4, 2, 2)
3
(17, 59)
-> Request 3
516
(4, 2, 2)
2
(47, 39)
-> Request 4
727
(2, 2, 1)
3
(70, 36)
-> Request 5
746
(4, 3, 1)
2
(17, 53)
-> Request 6
794
(3, 2, 1)
2
(48, 23)
-> Request 7
831
(1, 3, 2)
1
(56, 6)
-> Request 8
833
(4, 3, 1)
2
(43, 76)
-> Request 9
903
(1, 3, 1)
3
(49, 47)
-> Request 10
946
(2, 2, 1)
3
(64, 48)
-> Request 11
1055
(4, 3, 1)
2
(0, 73)
-> Request 12
1170
(1, 1, 1)
1
(27, 65)
--> Day : 2
-> Request 0
90
(3, 3, 1)
2
(7, 48)
-> Request 1
110
(2, 3, 1)
2
(75, 63)
-> Request 2
590
(4, 3, 1)
3
(42, 68)
-> Request 3
737
(4, 3, 1)
1
(25, 46)
-> Request 4
1170
(4, 2, 2)
2
(68, 24)
-> Request 5
1180
(3, 2, 1)
3
(27, 51)
-> Request 6
1220
(3, 3, 2)
1
(75, 23)
-> Request 7
1240
(3, 3, 2)
2
(15, 6)
-> Request 8
1336
(3, 3, 2)
3
(75, 42)
-> Request 9
1424
(4, 3, 1)
2
(7, 51)
-> Request 10
1426
(3, 3, 2)
1
(51, 39)
--> Day : 3
-> Request 0
329
(2, 3, 1)
3
(3, 41)
-> Request 1
380
(3, 3, 2)
3
(59, 13)
-> Request 2
417
(1, 3, 1)
3
(59, 10)
-> Request 3
833
(4, 3, 2)
1
(71, 43)
-> Request 4
897
(3, 3, 2)
3
(45, 18)
-> Request 5
917
(4, 3, 1)
1
(6, 40)
-> Request 6
965
(3, 2, 2)
2
(78, 8)
-> Request 7
1145
(4, 3, 1)
2
(6, 69)
-> Request 8
1227
(4, 3, 2)
3
(13, 37)
-> Request 9
1298
(4, 3, 1)
2
(13, 73)
-> Request 10
1375
(2, 2, 1)
2
(62, 31)
--> Day : 4
-> Request 0
11
(2, 3, 1)
1
(44, 63)
-> Request 1
216
(3, 2, 2)
3
(58, 9)
-> Request 2
458
(2, 2, 2)
1
(64, 66)
-> Request 3
930
(3, 3, 2)
1
(57, 60)
-> Request 4
936
(4, 2, 1)
1
(25, 27)
-> Request 5
1063
(3, 3, 1)
1
(19, 66)
-> Request 6
1114
(4, 3, 2)
1
(20, 29)
-> Request 7
1153
(3, 2, 1)
3
(75, 69)
-> Request 8
1435
(1, 3, 1)
1
(68, 67)
---> Week : 15
--> Day : 0
-> Request 0
466
(3, 3, 2)
3
(26, 36)
-> Request 1
474
(3, 3, 1)
1
(20, 53)
-> Request 2
515
(2, 3, 1)
3
(11, 69)
-> Request 3
1089
(4, 3, 2)
3
(65, 2)
--> Day : 1
-> Request 0
160
(3, 3, 2)
3
(44, 45)
-> Request 1
627
(3, 3, 1)
2
(25, 25)
-> Request 2
785
(4, 3, 1)
3
(32, 26)
-> Request 3
786
(4, 3, 2)
3
(31, 40)
-> Request 4
823
(4, 2, 1)
2
(76, 6)
-> Request 5
1120
(3, 3, 2)
2
(45, 56)
-> Request 6
1406
(4, 2, 1)
2
(30, 27)
--> Day : 2
-> Request 0
347
(2, 3, 2)
2
(3, 36)
-> Request 1
496
(4, 2, 1)
3
(40, 36)
-> Request 2
503
(2, 3, 1)
1
(20, 52)
-> Request 3
575
(3, 1, 2)
3
(66, 17)
-> Request 4
590
(2, 3, 1)
1
(76, 61)
-> Request 5
690
(4, 2, 2)
2
(35, 36)
-> Request 6
724
(4, 2, 1)
2
(48, 43)
-> Request 7
1111
(2, 3, 2)
3
(60, 9)
-> Request 8
1402
(4, 3, 1)
2
(41, 58)
--> Day : 3
-> Request 0
11
(4, 2, 2)
2
(47, 50)
-> Request 1
190
(4, 3, 2)
1
(45, 41)
-> Request 2
279
(4, 2, 2)
1
(51, 25)
-> Request 3
324
(4, 3, 2)
1
(71, 24)
-> Request 4
429
(4, 3, 1)
3
(70, 63)
-> Request 5
491
(2, 2, 1)
1
(15, 20)
-> Request 6
619
(4, 1, 2)
3
(54, 23)
-> Request 7
652
(4, 3, 1)
1
(39, 52)
-> Request 8
733
(4, 2, 1)
3
(59, 62)
-> Request 9
1199
(4, 3, 2)
2
(44, 70)
-> Request 10
1224
(2, 3, 1)
1
(52, 25)
-> Request 11
1277
(4, 3, 1)
2
(57, 1)
-> Request 12
1423
(4, 3, 2)
3
(16, 67)
--> Day : 4
-> Request 0
57
(4, 3, 2)
2
(1, 56)
-> Request 1
295
(3, 3, 2)
2
(56, 60)
-> Request 2
414
(4, 2, 1)
3
(23, 72)
-> Request 3
562
(3, 3, 1)
3
(76, 10)
-> Request 4
707
(4, 3, 1)
2
(22, 51)
-> Request 5
1043
(3, 3, 2)
1
(37, 26)
-> Request 6
1139
(2, 3, 1)
3
(64, 21)
-> Request 7
1351
(4, 3, 1)
2
(73, 58)
-> Request 8
1397
(4, 3, 2)
3
(77, 74)
---> Week : 16
--> Day : 0
-> Request 0
54
(4, 3, 1)
3
(58, 74)
-> Request 1
90
(1, 3, 2)
2
(9, 77)
-> Request 2
129
(1, 3, 1)
3
(77, 42)
-> Request 3
356
(3, 3, 2)
2
(2, 40)
-> Request 4
589
(3, 2, 1)
1
(12, 78)
-> Request 5
717
(4, 3, 1)
1
(49, 32)
-> Request 6
1006
(3, 3, 1)
2
(79, 45)
-> Request 7
1019
(3, 3, 1)
1
(79, 46)
-> Request 8
1019
(4, 3, 2)
2
(50, 75)
-> Request 9
1050
(3, 2, 2)
2
(79, 2)
-> Request 10
1305
(4, 3, 2)
3
(66, 50)
-> Request 11
1412
(4, 3, 1)
2
(44, 35)
--> Day : 1
-> Request 0
69
(4, 3, 2)
2
(27, 26)
-> Request 1
106
(3, 3, 1)
1
(9, 39)
-> Request 2
675
(4, 3, 1)
1
(39, 17)
-> Request 3
729
(3, 3, 2)
3
(41, 19)
-> Request 4
793
(3, 3, 1)
3
(14, 62)
-> Request 5
1089
(2, 2, 1)
2
(72, 6)
-> Request 6
1421
(3, 3, 2)
2
(18, 62)
--> Day : 2
-> Request 0
480
(4, 3, 2)
2
(54, 10)
-> Request 1
535
(2, 2, 1)
3
(50, 67)
-> Request 2
739
(2, 3, 2)
1
(16, 41)
-> Request 3
848
(4, 3, 2)
3
(71, 13)
-> Request 4
913
(4, 3, 2)
3
(6, 20)
-> Request 5
1233
(2, 2, 1)
3
(34, 0)
-> Request 6
1284
(4, 3, 1)
2
(35, 67)
-> Request 7
1430
(4, 2, 1)
2
(7, 20)
--> Day : 3
-> Request 0
79
(4, 3, 2)
1
(31, 18)
-> Request 1
296
(3, 3, 1)
3
(61, 77)
-> Request 2
372
(3, 2, 1)
3
(30, 73)
-> Request 3
472
(2, 2, 2)
2
(1, 39)
-> Request 4
561
(4, 2, 2)
2
(18, 35)
-> Request 5
586
(4, 3, 1)
3
(66, 39)
-> Request 6
638
(3, 3, 2)
1
(28, 49)
-> Request 7
801
(4, 3, 1)
1
(66, 71)
-> Request 8
1045
(4, 3, 1)
1
(1, 3)
-> Request 9
1307
(4, 2, 2)
1
(13, 14)
-> Request 10
1401
(4, 3, 2)
2
(79, 70)
-> Request 11
1422
(4, 2, 1)
1
(74, 46)
-> Request 12
1437
(4, 2, 1)
3
(49, 8)
--> Day : 4
-> Request 0
158
(4, 2, 2)
3
(17, 66)
-> Request 1
366
(3, 3, 2)
1
(38, 18)
-> Request 2
586
(4, 2, 2)
2
(21, 23)
-> Request 3
668
(2, 2, 1)
2
(55, 61)
-> Request 4
1086
(4, 2, 2)
1
(2, 28)
---> Week : 17
--> Day : 0
-> Request 0
132
(4, 1, 1)
3
(53, 75)
-> Request 1
339
(4, 3, 1)
1
(60, 14)
-> Request 2
415
(3, 3, 1)
3
(34, 4)
-> Request 3
460
(3, 2, 2)
1
(44, 72)
-> Request 4
549
(4, 3, 2)
3
(39, 4)
-> Request 5
552
(4, 3, 2)
2
(27, 78)
-> Request 6
598
(2, 3, 1)
3
(78, 26)
-> Request 7
820
(3, 3, 1)
2
(72, 30)
-> Request 8
1120
(2, 2, 2)
1
(58, 49)
-> Request 9
1125
(4, 2, 1)
1
(11, 10)
-> Request 10
1398
(3, 3, 2)
3
(49, 39)
-> Request 11
1413
(3, 3, 2)
2
(42, 41)
--> Day : 1
-> Request 0
16
(2, 3, 1)
1
(49, 10)
-> Request 1
25
(2, 2, 1)
1
(48, 41)
-> Request 2
133
(2, 3, 2)
2
(37, 32)
-> Request 3
165
(2, 3, 2)
2
(40, 23)
-> Request 4
453
(3, 3, 2)
1
(71, 68)
-> Request 5
557
(3, 3, 1)
2
(42, 44)
-> Request 6
658
(4, 3, 1)
1
(63, 34)
-> Request 7
738
(3, 2, 1)
1
(53, 28)
-> Request 8
1037
(4, 3, 1)
1
(57, 57)
-> Request 9
1076
(4, 3, 1)
1
(72, 57)
-> Request 10
1189
(3, 2, 2)
3
(9, 49)
-> Request 11
1328
(4, 3, 1)
3
(61, 64)
--> Day : 2
-> Request 0
195
(3, 2, 1)
3
(50, 77)
-> Request 1
496
(4, 3, 2)
2
(48, 60)
-> Request 2
584
(3, 3, 1)
1
(61, 44)
-> Request 3
726
(4, 3, 2)
1
(62, 73)
-> Request 4
805
(4, 3, 2)
3
(28, 43)
-> Request 5
961
(4, 2, 1)
1
(13, 47)
-> Request 6
1330
(4, 2, 1)
1
(25, 71)
-> Request 7
1332
(3, 2, 2)
3
(34, 50)
--> Day : 3
-> Request 0
248
(3, 3, 1)
3
(40, 73)
-> Request 1
620
(2, 1, 1)
2
(42, 34)
-> Request 2
1059
(2, 2, 2)
1
(13, 2)
-> Request 3
1182
(2, 2, 2)
2
(5, 32)
-> Request 4
1214
(2, 3, 2)
3
(0, 38)
--> Day : 4
-> Request 0
177
(4, 3, 1)
2
(45, 17)
-> Request 1
333
(4, 3, 1)
3
(0, 33)
-> Request 2
607
(3, 2, 1)
3
(9, 49)
-> Request 3
673
(3, 3, 1)
1
(64, 27)
-> Request 4
828
(3, 3, 1)
1
(43, 2)
-> Request 5
1064
(4, 3, 1)
3
(38, 44)
-> Request 6
1145
(3, 3, 1)
2
(74, 55)
-> Request 7
1183
(2, 2, 1)
2
(41, 34)
-> Request 8
1401
(3, 3, 2)
1
(16, 1)
-> Request 9
1424
(2, 3, 2)
2
(14, 58)
---> Week : 18
--> Day : 0
-> Request 0
80
(4, 2, 1)
3
(62, 16)
-> Request 1
180
(3, 2, 2)
2
(73, 62)
-> Request 2
434
(3, 2, 2)
3
(37, 49)
-> Request 3
646
(3, 3, 2)
3
(56, 52)
-> Request 4
647
(4, 2, 2)
3
(66, 13)
-> Request 5
683
(4, 2, 2)
3
(74, 54)
-> Request 6
692
(2, 1, 2)
2
(0, 45)
-> Request 7
774
(3, 3, 2)
3
(36, 48)
-> Request 8
951
(4, 2, 1)
3
(13, 24)
-> Request 9
1342
(4, 3, 1)
2
(23, 25)
-> Request 10
1374
(2, 2, 1)
3
(47, 32)
--> Day : 1
-> Request 0
78
(3, 2, 1)
3
(60, 17)
-> Request 1
545
(3, 2, 1)
3
(6, 54)
-> Request 2
715
(3, 3, 2)
2
(46, 4)
-> Request 3
738
(3, 2, 2)
3
(38, 75)
-> Request 4
840
(2, 3, 1)
2
(40, 18)
-> Request 5
840
(2, 3, 1)
1
(45, 54)
-> Request 6
887
(4, 3, 1)
3
(28, 40)
-> Request 7
949
(2, 3, 1)
1
(64, 13)
-> Request 8
1231
(4, 3, 2)
2
(3, 66)
--> Day : 2
-> Request 0
74
(1, 1, 1)
2
(16, 20)
-> Request 1
94
(3, 2, 2)
3
(24, 46)
-> Request 2
227
(4, 2, 1)
3
(56, 27)
-> Request 3
255
(4, 3, 1)
1
(3, 3)
-> Request 4
387
(2, 3, 2)
2
(54, 72)
-> Request 5
756
(3, 3, 2)
3
(75, 1)
-> Request 6
758
(2, 2, 2)
2
(24, 68)
-> Request 7
904
(4, 3, 1)
2
(16, 20)
-> Request 8
1025
(3, 3, 1)
1
(18, 2)
-> Request 9
1067
(4, 3, 2)
3
(33, 40)
-> Request 10
1252
(3, 3, 1)
2
(53, 61)
-> Request 11
1317
(2, 2, 1)
1
(52, 27)
-> Request 12
1321
(3, 2, 1)
1
(77, 9)
--> Day : 3
-> Request 0
69
(4, 2, 1)
2
(16, 19)
-> Request 1
121
(2, 1, 2)
2
(10, 78)
-> Request 2
245
(4, 2, 1)
3
(79, 66)
-> Request 3
436
(3, 3, 2)
3
(0, 49)
-> Request 4
600
(4, 2, 1)
1
(69, 5)
-> Request 5
603
(4, 3, 1)
2
(42, 5)
-> Request 6
603
(3, 3, 1)
2
(24, 47)
-> Request 7
638
(3, 1, 2)
3
(22, 17)
-> Request 8
699
(4, 1, 1)
3
(11, 35)
-> Request 9
747
(3, 2, 2)
1
(35, 35)
-> Request 10
748
(2, 2, 1)
1
(72, 12)
-> Request 11
913
(2, 2, 1)
2
(51, 4)
-> Request 12
1088
(3, 2, 1)
2
(53, 41)
-> Request 13
1173
(4, 2, 1)
2
(25, 35)
-> Request 14
1242
(4, 3, 2)
3
(22, 47)
-> Request 15
1339
(4, 2, 1)
1
(24, 66)
--> Day : 4
-> Request 0
26
(3, 3, 1)
1
(79, 58)
-> Request 1
385
(4, 3, 2)
2
(44, 9)
-> Request 2
398
(2, 3, 2)
3
(77, 40)
-> Request 3
471
(1, 3, 1)
2
(28, 78)
-> Request 4
494
(4, 2, 1)
2
(53, 35)
-> Request 5
764
(1, 3, 1)
2
(5, 33)
-> Request 6
979
(2, 3, 1)
1
(17, 76)
-> Request 7
1299
(2, 3, 1)
2
(78, 60)
-> Request 8
1374
(3, 3, 1)
2
(37, 48)
---> Week : 19
--> Day : 0
-> Request 0
97
(3, 2, 2)
1
(27, 11)
-> Request 1
629
(4, 3, 2)
1
(32, 35)
-> Request 2
691
(4, 2, 1)
3
(57, 48)
-> Request 3
712
(4, 3, 2)
1
(45, 75)
-> Request 4
1327
(2, 3, 1)
2
(62, 31)
--> Day : 1
-> Request 0
216
(3, 3, 2)
3
(74, 27)
-> Request 1
458
(3, 2, 1)
3
(56, 56)
-> Request 2
603
(4, 3, 2)
1
(27, 8)
-> Request 3
642
(3, 3, 1)
3
(18, 27)
-> Request 4
691
(3, 2, 2)
2
(35, 7)
-> Request 5
784
(4, 3, 2)
3
(44, 12)
-> Request 6
1094
(4, 2, 1)
2
(50, 68)
-> Request 7
1142
(4, 3, 2)
1
(17, 9)
-> Request 8
1391
(3, 2, 2)
1
(4, 10)
--> Day : 2
-> Request 0
73
(1, 3, 2)
1
(59, 59)
-> Request 1
412
(3, 1, 2)
3
(60, 44)
-> Request 2
524
(4, 2, 2)
2
(58, 66)
-> Request 3
550
(3, 2, 2)
2
(60, 50)
-> Request 4
632
(4, 3, 1)
3
(55, 62)
-> Request 5
743
(2, 3, 2)
1
(58, 45)
-> Request 6
882
(3, 2, 2)
2
(69, 36)
-> Request 7
1039
(2, 3, 1)
3
(19, 72)
-> Request 8
1048
(3, 2, 1)
1
(47, 3)
--> Day : 3
-> Request 0
57
(3, 3, 1)
2
(12, 12)
-> Request 1
125
(3, 3, 1)
3
(49, 12)
-> Request 2
151
(4, 2, 2)
3
(25, 0)
-> Request 3
448
(4, 3, 2)
2
(74, 71)
-> Request 4
741
(3, 2, 2)
3
(49, 60)
-> Request 5
809
(4, 3, 1)
3
(33, 44)
-> Request 6
933
(4, 3, 1)
3
(33, 74)
-> Request 7
1109
(3, 3, 1)
3
(55, 49)
-> Request 8
1128
(4, 3, 2)
1
(6, 71)
-> Request 9
1155
(1, 3, 2)
1
(61, 6)
-> Request 10
1262
(4, 3, 1)
3
(72, 75)
-> Request 11
1310
(4, 2, 2)
1
(60, 68)
--> Day : 4
-> Request 0
412
(1, 2, 1)
2
(44, 29)
-> Request 1
735
(4, 3, 2)
2
(13, 55)
-> Request 2
737
(3, 3, 1)
2
(1, 54)
-> Request 3
763
(4, 3, 2)
1
(21, 55)
-> Request 4
844
(3, 3, 1)
1
(60, 30)
-> Request 5
853
(3, 2, 2)
1
(22, 43)
-> Request 6
922
(3, 2, 1)
3
(36, 1)
