---> Week : 0
--> Day : 0
-> Request 0
44
(4, 3, 1)
3
(69, 7)
-> Request 1
595
(4, 3, 2)
2
(34, 23)
-> Request 2
864
(4, 3, 1)
2
(67, 59)
-> Request 3
869
(4, 3, 2)
1
(20, 69)
-> Request 4
1090
(4, 2, 1)
3
(14, 48)
-> Request 5
1101
(4, 1, 2)
1
(71, 36)
-> Request 6
1182
(4, 2, 1)
1
(54, 17)
-> Request 7
1438
(1, 3, 1)
2
(21, 34)
--> Day : 1
-> Request 0
11
(4, 2, 2)
1
(55, 31)
-> Request 1
178
(3, 3, 2)
2
(78, 65)
-> Request 2
378
(3, 3, 2)
1
(51, 49)
-> Request 3
496
(4, 1, 1)
3
(65, 2)
-> Request 4
653
(2, 3, 2)
2
(52, 77)
-> Request 5
872
(4, 2, 2)
2
(79, 68)
-> Request 6
1111
(3, 3, 1)
3
(27, 79)
-> Request 7
1255
(4, 2, 2)
3
(46, 6)
-> Request 8
1285
(2, 2, 1)
3
(21, 29)
-> Request 9
1412
(4, 3, 2)
3
(12, 27)
--> Day : 2
-> Request 0
124
(4, 3, 2)
3
(23, 17)
-> Request 1
326
(2, 3, 2)
2
(75, 67)
-> Request 2
398
(3, 3, 2)
1
(16, 45)
-> Request 3
529
(4, 3, 1)
2
(59, 38)
-> Request 4
608
(2, 2, 2)
1
(5, 32)
-> Request 5
844
(2, 2, 2)
1
(3, 4)
-> Request 6
871
(3, 3, 2)
1
(33, 25)
-> Request 7
951
(4, 2, 2)
1
(38, 37)
-> Request 8
1246
(1, 2, 2)
1
(55, 66)
--> Day : 3
-> Request 0
32
(3, 1, 1)
1
(63, 27)
-> Request 1
108
(2, 3, 1)
2
(55, 5)
-> Request 2
164
(3, 1, 2)
1
(23, 28)
-> Request 3
485
(3, 3, 1)
2
(43, 46)
-> Request 4
523
(4, 3, 2)
1
(77, 10)
-> Request 5
693
(4, 3, 1)
2
(19, 35)
-> Request 6
964
(4, 2, 2)
2
(31, 75)
-> Request 7
1169
(3, 3, 2)
2
(50, 71)
-> Request 8
1227
(2, 2, 1)
1
(26, 32)
-> Request 9
1282
(4, 3, 1)
3
(67, 75)
--> Day : 4
-> Request 0
69
(2, 1, 2)
1
(66, 26)
-> Request 1
376
(3, 3, 1)
2
(76, 1)
-> Request 2
404
(2, 3, 2)
1
(71, 25)
-> Request 3
446
(2, 3, 1)
1
(18, 42)
-> Request 4
541
(3, 3, 2)
1
(42, 14)
-> Request 5
694
(3, 3, 2)
2
(3, 43)
---> Week : 1
--> Day : 0
-> Request 0
430
(2, 2, 2)
3
(14, 42)
-> Request 1
794
(4, 3, 1)
1
(7, 15)
-> Request 2
1228
(3, 3, 1)
2
(55, 42)
-> Request 3
1426
(4, 3, 2)
3
(45, 12)
--> Day : 1
-> Request 0
6
(4, 2, 2)
2
(31, 8)
-> Request 1
146
(3, 2, 1)
1
(27, 79)
-> Request 2
218
(2, 3, 2)
1
(75, 44)
-> Request 3
492
(3, 3, 2)
2
(30, 25)
-> Request 4
639
(4, 2, 2)
3
(31, 33)
-> Request 5
639
(2, 3, 1)
3
(77, 79)
-> Request 6
856
(2, 1, 1)
3
(59, 34)
-> Request 7
928
(4, 3, 2)
3
(58, 79)
-> Request 8
951
(4, 3, 1)
3
(74, 23)
-> Request 9
1128
(3, 2, 2)
3
(39, 73)
--> Day : 2
-> Request 0
736
(3, 2, 2)
3
(21, 39)
-> Request 1
768
(2, 2, 1)
3
(22, 38)
-> Request 2
844
(4, 3, 1)
1
(63, 43)
-> Request 3
851
(2, 3, 1)
3
(70, 78)
-> Request 4
858
(2, 2, 2)
2
(65, 78)
-> Request 5
1044
(2, 2, 2)
1
(50, 12)
-> Request 6
1180
(4, 2, 1)
2
(5, 66)
-> Request 7
1195
(3, 2, 1)
1
(41, 59)
--> Day : 3
-> Request 0
5
(3, 3, 1)
1
(51, 24)
-> Request 1
21
(3, 3, 1)
3
(74, 37)
-> Request 2
116
(1, 3, 2)
2
(27, 20)
-> Request 3
215
(4, 3, 1)
1
(35, 21)
-> Request 4
358
(4, 3, 2)
1
(56, 62)
-> Request 5
762
(2, 3, 1)
3
(35, 27)
-> Request 6
861
(3, 3, 2)
3
(60, 12)
-> Request 7
990
(4, 3, 2)
2
(14, 46)
-> Request 8
1163
(4, 3, 1)
2
(62, 14)
-> Request 9
1220
(4, 3, 1)
1
(45, 20)
-> Request 10
1220
(3, 3, 1)
1
(45, 5)
-> Request 11
1264
(4, 3, 1)
1
(46, 58)
-> Request 12
1345
(1, 2, 1)
2
(16, 47)
-> Request 13
1370
(4, 2, 2)
1
(0, 14)
--> Day : 4
-> Request 0
119
(4, 3, 2)
2
(2, 14)
-> Request 1
226
(3, 2, 2)
2
(18, 19)
-> Request 2
228
(2, 2, 1)
2
(55, 9)
-> Request 3
355
(4, 2, 2)
1
(69, 69)
-> Request 4
420
(3, 3, 1)
2
(0, 51)
-> Request 5
464
(1, 3, 2)
3
(54, 43)
-> Request 6
1036
(4, 2, 1)
2
(2, 41)
-> Request 7
1042
(4, 3, 2)
1
(43, 68)
---> Week : 2
--> Day : 0
-> Request 0
304
(3, 1, 2)
2
(57, 49)
-> Request 1
559
(4, 3, 2)
1
(18, 35)
-> Request 2
1004
(3, 3, 1)
3
(17, 41)
-> Request 3
1401
(4, 2, 1)
2
(77, 29)
--> Day : 1
-> Request 0
171
(4, 3, 2)
2
(24, 17)
-> Request 1
174
(3, 3, 1)
2
(4, 40)
-> Request 2
273
(4, 3, 2)
3
(39, 63)
-> Request 3
304
(2, 3, 2)
3
(76, 58)
-> Request 4
312
(4, 2, 1)
2
(73, 79)
-> Request 5
392
(3, 2, 2)
2
(8, 44)
-> Request 6
437
(1, 3, 1)
3
(79, 24)
-> Request 7
498
(4, 3, 1)
2
(70, 33)
-> Request 8
642
(4, 3, 2)
2
(18, 20)
-> Request 9
1022
(1, 2, 2)
2
(27, 26)
-> Request 10
1030
(4, 2, 1)
1
(14, 21)
-> Request 11
1032
(1, 3, 2)
1
(12, 29)
-> Request 12
1344
(3, 2, 1)
2
(19, 23)
-> Request 13
1351
(3, 3, 1)
2
(16, 71)
--> Day : 2
-> Request 0
9
(3, 3, 2)
1
(18, 9)
-> Request 1
35
(1, 2, 1)
3
(15, 58)
-> Request 2
54
(4, 3, 1)
3
(69, 29)
-> Request 3
138
(4, 3, 2)
2
(18, 68)
-> Request 4
352
(3, 3, 2)
3
(60, 28)
-> Request 5
492
(4, 3, 2)
2
(54, 1)
-> Request 6
814
(4, 3, 2)
1
(31, 43)
-> Request 7
833
(3, 3, 1)
3
(34, 46)
-> Request 8
989
(4, 1, 1)
1
(11, 15)
-> Request 9
1146
(3, 1, 1)
1
(16, 13)
-> Request 10
1147
(3, 2, 1)
2
(24, 20)
-> Request 11
1174
(4, 3, 2)
1
(2, 72)
-> Request 12
1319
(4, 3, 1)
2
(77, 49)
-> Request 13
1392
(3, 1, 1)
2
(40, 12)
--> Day : 3
-> Request 0
254
(2, 3, 1)
2
(65, 41)
-> Request 1
529
(3, 2, 2)
1
(69, 35)
-> Request 2
530
(2, 1, 1)
1
(37, 65)
-> Request 3
812
(3, 3, 1)
3
(61, 63)
-> Request 4
1085
(4, 3, 2)
3
(5, 4)
-> Request 5
1213
(4, 3, 1)
3
(78, 52)
-> Request 6
1351
(4, 3, 2)
2
(41, 10)
--> Day : 4
-> Request 0
122
(4, 3, 2)
3
(34, 57)
-> Request 1
133
(4, 3, 2)
3
(22, 11)
-> Request 2
194
(3, 2, 1)
3
(50, 57)
-> Request 3
252
(4, 3, 2)
1
(11, 54)
-> Request 4
263
(2, 3, 1)
3
(20, 55)
-> Request 5
341
(3, 3, 1)
2
(22, 75)
-> Request 6
473
(4, 3, 1)
3
(75, 43)
-> Request 7
572
(4, 2, 2)
3
(47, 5)
-> Request 8
672
(3, 2, 2)
1
(58, 5)
-> Request 9
681
(3, 3, 1)
1
(9, 53)
-> Request 10
777
(1, 2, 1)
1
(68, 20)
-> Request 11
969
(4, 2, 2)
1
(23, 71)
-> Request 12
1041
(4, 3, 1)
1
(77, 39)
-> Request 13
1069
(1, 3, 1)
1
(74, 21)
-> Request 14
1127
(2, 2, 2)
2
(8, 79)
-> Request 15
1216
(2, 3, 1)
1
(55, 35)
---> Week : 3
--> Day : 0
-> Request 0
160
(4, 2, 1)
3
(26, 66)
-> Request 1
160
(3, 2, 1)
3
(42, 50)
-> Request 2
282
(1, 3, 2)
2
(20, 33)
-> Request 3
538
(3, 2, 2)
2
(46, 66)
-> Request 4
545
(2, 3, 1)
3
(76, 12)
-> Request 5
550
(4, 3, 1)
2
(46, 17)
-> Request 6
571
(4, 3, 1)
2
(29, 16)
-> Request 7
747
(4, 2, 2)
2
(45, 48)
-> Request 8
871
(3, 3, 1)
1
(12, 56)
-> Request 9
1312
(1, 2, 2)
3
(67, 63)
-> Request 10
1316
(4, 3, 2)
2
(6, 31)
--> Day : 1
-> Request 0
112
(4, 3, 1)
2
(52, 59)
-> Request 1
231
(4, 3, 1)
2
(17, 52)
-> Request 2
248
(4, 2, 1)
3
(63, 68)
-> Request 3
320
(3, 3, 2)
1
(43, 16)
-> Request 4
386
(4, 2, 2)
2
(78, 17)
-> Request 5
492
(3, 3, 1)
2
(51, 4)
-> Request 6
513
(4, 3, 1)
2
(9, 19)
-> Request 7
696
(4, 2, 1)
2
(76, 35)
-> Request 8
1070
(4, 3, 1)
1
(28, 76)
--> Day : 2
-> Request 0
437
(4, 2, 2)
1
(53, 68)
-> Request 1
458
(4, 2, 2)
2
(38, 14)
-> Request 2
486
(3, 3, 1)
3
(78, 11)
-> Request 3
509
(3, 3, 1)
1
(34, 49)
-> Request 4
816
(3, 1, 1)
1
(15, 52)
-> Request 5
896
(4, 2, 1)
3
(36, 24)
-> Request 6
953
(4, 3, 2)
2
(11, 18)
-> Request 7
1086
(4, 2, 1)
3
(29, 75)
-> Request 8
1268
(4, 3, 2)
3
(63, 50)
-> Request 9
1278
(4, 2, 2)
3
(57, 25)
--> Day : 3
-> Request 0
137
(4, 3, 1)
2
(61, 1)
-> Request 1
173
(4, 3, 2)
3
(14, 7)
-> Request 2
177
(1, 2, 2)
1
(26, 75)
-> Request 3
250
(4, 3, 1)
2
(12, 50)
-> Request 4
307
(2, 3, 2)
2
(43, 58)
-> Request 5
312
(3, 3, 1)
1
(72, 27)
-> Request 6
317
(4, 3, 1)
3
(35, 13)
-> Request 7
390
(4, 3, 1)
1
(63, 60)
-> Request 8
421
(3, 2, 2)
2
(19, 76)
-> Request 9
557
(1, 3, 1)
3
(41, 32)
-> Request 10
561
(3, 2, 1)
3
(0, 2)
-> Request 11
1049
(3, 2, 1)
2
(45, 78)
-> Request 12
1135
(3, 3, 1)
1
(26, 77)
-> Request 13
1315
(3, 3, 2)
1
(24, 23)
-> Request 14
1373
(2, 3, 1)
3
(73, 61)
--> Day : 4
-> Request 0
68
(2, 2, 2)
3
(12, 11)
-> Request 1
241
(4, 3, 1)
1
(36, 19)
-> Request 2
393
(1, 3, 2)
3
(26, 50)
-> Request 3
1006
(3, 3, 2)
2
(1, 65)
-> Request 4
1010
(4, 3, 1)
1
(33, 61)
-> Request 5
1051
(3, 3, 2)
2
(26, 32)
-> Request 6
1280
(4, 3, 2)
2
(14, 38)
-> Request 7
1304
(4, 2, 2)
1
(58, 27)
-> Request 8
1305
(4, 3, 2)
2
(46, 42)
---> Week : 4
--> Day : 0
-> Request 0
194
(2, 3, 2)
1
(65, 58)
-> Request 1
240
(4, 3, 2)
1
(58, 75)
-> Request 2
358
(3, 2, 2)
2
(66, 37)
-> Request 3
478
(1, 3, 1)
2
(55, 7)
-> Request 4
846
(3, 3, 1)
3
(9, 74)
-> Request 5
896
(3, 3, 1)
1
(13, 21)
-> Request 6
930
(3, 2, 2)
2
(9, 73)
-> Request 7
973
(3, 3, 2)
2
(19, 51)
-> Request 8
1045
(4, 3, 1)
1
(75, 37)
-> Request 9
1218
(1, 3, 1)
3
(0, 69)
-> Request 10
1307
(1, 2, 2)
2
(30, 52)
--> Day : 1
-> Request 0
8
(3, 2, 1)
2
(28, 77)
-> Request 1
15
(4, 2, 2)
3
(35, 38)
-> Request 2
18
(3, 2, 2)
2
(33, 30)
-> Request 3
193
(4, 3, 2)
1
(34, 11)
-> Request 4
227
(3, 2, 1)
1
(2, 42)
-> Request 5
432
(4, 3, 2)
2
(48, 68)
-> Request 6
1333
(2, 3, 2)
3
(76, 49)
--> Day : 2
-> Request 0
2
(2, 3, 2)
1
(76, 6)
-> Request 1
63
(4, 3, 1)
2
(60, 11)
-> Request 2
251
(4, 3, 1)
1
(46, 78)
-> Request 3
268
(4, 3, 1)
1
(44, 69)
-> Request 4
332
(4, 3, 1)
2
(51, 26)
-> Request 5
677
(4, 3, 2)
2
(49, 33)
-> Request 6
787
(2, 2, 1)
3
(50, 1)
-> Request 7
797
(3, 3, 1)
2
(46, 47)
-> Request 8
936
(4, 3, 2)
1
(20, 50)
-> Request 9
974
(4, 2, 2)
1
(32, 10)
-> Request 10
991
(3, 2, 2)
2
(35, 30)
-> Request 11
1300
(2, 1, 2)
1
(40, 76)
-> Request 12
1410
(3, 3, 2)
1
(34, 74)
--> Day : 3
-> Request 0
31
(4, 3, 2)
3
(57, 79)
-> Request 1
94
(4, 2, 2)
1
(18, 31)
-> Request 2
500
(4, 2, 2)
2
(70, 41)
-> Request 3
552
(3, 3, 2)
1
(55, 35)
-> Request 4
595
(4, 3, 2)
1
(41, 4)
-> Request 5
777
(4, 2, 2)
2
(13, 3)
-> Request 6
945
(2, 3, 1)
1
(72, 42)
-> Request 7
1080
(4, 2, 1)
3
(46, 41)
-> Request 8
1169
(1, 3, 1)
1
(57, 15)
-> Request 9
1235
(3, 2, 2)
1
(18, 33)
--> Day : 4
-> Request 0
96
(3, 2, 2)
2
(8, 36)
-> Request 1
131
(2, 3, 1)
1
(19, 60)
-> Request 2
227
(2, 2, 2)
3
(52, 24)
-> Request 3
331
(4, 2, 2)
3
(61, 47)
-> Request 4
458
(3, 3, 1)
1
(11, 41)
-> Request 5
655
(1, 3, 2)
1
(66, 61)
-> Request 6
860
(4, 2, 2)
1
(1, 69)
-> Request 7
958
(4, 3, 1)
2
(71, 74)
-> Request 8
1004
(4, 3, 2)
3
(25, 51)
-> Request 9
1260
(4, 2, 2)
3
(73, 78)
-> Request 10
1367
(4, 3, 2)
2
(20, 72)
---> Week : 5
--> Day : 0
-> Request 0
172
(4, 2, 1)
3
(5, 40)
-> Request 1
193
(4, 3, 2)
3
(13, 71)
-> Request 2
388
(3, 2, 1)
1
(31, 69)
-> Request 3
455
(4, 3, 2)
2
(34, 2)
-> Request 4
805
(3, 2, 1)
2
(62, 22)
-> Request 5
1077
(3, 3, 2)
1
(0, 47)
--> Day : 1
-> Request 0
57
(4, 3, 1)
1
(20, 75)
-> Request 1
101
(4, 3, 1)
1
(11, 51)
-> Request 2
330
(3, 3, 1)
3
(13, 15)
-> Request 3
431
(4, 3, 1)
1
(47, 18)
-> Request 4
519
(4, 2, 1)
1
(55, 0)
-> Request 5
867
(4, 2, 1)
1
(36, 14)
-> Request 6
914
(4, 2, 2)
2
(74, 34)
-> Request 7
1187
(2, 2, 1)
1
(57, 35)
-> Request 8
1293
(4, 2, 2)
1
(9, 6)
-> Request 9
1313
(4, 3, 1)
2
(77, 50)
-> Request 10
1415
(3, 3, 1)
3
(38, 52)
--> Day : 2
-> Request 0
121
(4, 3, 1)
3
(16, 69)
-> Request 1
701
(4, 2, 2)
1
(7, 60)
-> Request 2
743
(4, 3, 1)
3
(10, 22)
-> Request 3
764
(2, 3, 2)
2
(68, 60)
-> Request 4
767
(1, 3, 2)
1
(65, 46)
-> Request 5
791
(4, 3, 2)
1
(20, 18)
-> Request 6
889
(3, 1, 2)
3
(44, 76)
-> Request 7
1093
(2, 2, 1)
1
(28, 25)
-> Request 8
1101
(3, 3, 1)
1
(16, 8)
-> Request 9
1153
(4, 2, 1)
2
(55, 44)
-> Request 10
1271
(3, 3, 2)
1
(52, 40)
-> Request 11
1273
(4, 3, 1)
3
(25, 2)
-> Request 12
1337
(1, 3, 1)
3
(74, 47)
--> Day : 3
-> Request 0
241
(4, 3, 2)
3
(2, 19)
-> Request 1
437
(4, 3, 1)
2
(36, 4)
-> Request 2
490
(4, 3, 2)
1
(16, 47)
-> Request 3
516
(3, 3, 1)
3
(40, 64)
-> Request 4
636
(1, 3, 1)
1
(40, 67)
-> Request 5
639
(4, 2, 2)
1
(52, 41)
-> Request 6
696
(2, 2, 1)
2
(50, 59)
-> Request 7
780
(4, 3, 1)
2
(29, 35)
-> Request 8
910
(4, 3, 2)
1
(33, 75)
-> Request 9
1033
(2, 2, 1)
3
(69, 73)
-> Request 10
1206
(3, 3, 2)
3
(51, 1)
--> Day : 4
-> Request 0
47
(4, 3, 2)
1
(73, 17)
-> Request 1
231
(4, 2, 1)
1
(77, 0)
-> Request 2
282
(4, 3, 1)
2
(9, 35)
-> Request 3
370
(4, 3, 1)
2
(31, 70)
-> Request 4
371
(4, 3, 2)
2
(33, 61)
-> Request 5
395
(4, 3, 1)
2
(5, 19)
-> Request 6
670
(2, 2, 1)
2
(23, 2)
-> Request 7
761
(3, 2, 1)
1
(15, 22)
-> Request 8
793
(4, 3, 2)
3
(17, 4)
-> Request 9
947
(3, 2, 2)
1
(4, 26)
-> Request 10
953
(4, 3, 1)
2
(58, 42)
-> Request 11
981
(4, 3, 2)
3
(11, 65)
-> Request 12
1124
(1, 3, 2)
1
(29, 60)
-> Request 13
1210
(4, 3, 1)
3
(32, 58)
---> Week : 6
--> Day : 0
-> Request 0
156
(4, 3, 2)
2
(27, 22)
-> Request 1
372
(4, 2, 2)
3
(55, 52)
-> Request 2
436
(4, 2, 2)
1
(4, 35)
-> Request 3
581
(3, 3, 1)
1
(67, 10)
-> Request 4
592
(2, 3, 2)
1
(65, 65)
-> Request 5
770
(4, 2, 1)
2
(12, 37)
-> Request 6
853
(4, 3, 1)
2
(67, 79)
-> Request 7
940
(4, 3, 1)
1
(31, 76)
-> Request 8
1174
(4, 3, 1)
3
(72, 23)
--> Day : 1
-> Request 0
132
(4, 3, 1)
3
(37, 15)
-> Request 1
333
(3, 3, 2)
3
(4, 52)
-> Request 2
367
(4, 2, 2)
2
(51, 49)
-> Request 3
491
(3, 3, 2)
2
(30, 41)
-> Request 4
1106
(1, 3, 1)
2
(16, 0)
-> Request 5
1113
(4, 3, 2)
3
(48, 0)
-> Request 6
1267
(4, 3, 1)
1
(72, 49)
-> Request 7
1274
(4, 3, 2)
3
(40, 14)
-> Request 8
1276
(4, 2, 1)
3
(37, 61)
-> Request 9
1403
(4, 3, 1)
1
(40, 14)
--> Day : 2
-> Request 0
134
(4, 1, 1)
3
(11, 66)
-> Request 1
266
(3, 3, 2)
2
(65, 55)
-> Request 2
503
(2, 3, 2)
1
(18, 17)
-> Request 3
634
(3, 3, 1)
3
(56, 29)
-> Request 4
741
(4, 1, 1)
3
(49, 28)
-> Request 5
766
(2, 3, 1)
2
(5, 7)
-> Request 6
792
(4, 3, 2)
3
(70, 73)
-> Request 7
857
(4, 2, 1)
3
(4, 37)
-> Request 8
901
(3, 3, 1)
3
(4, 47)
-> Request 9
908
(4, 3, 2)
2
(15, 3)
-> Request 10
976
(4, 2, 1)
2
(18, 14)
-> Request 11
1114
(3, 2, 1)
1
(32, 28)
-> Request 12
1201
(4, 3, 1)
1
(10, 42)
-> Request 13
1222
(3, 3, 1)
3
(37, 13)
-> Request 14
1243
(3, 3, 2)
3
(20, 1)
-> Request 15
1295
(1, 3, 1)
1
(39, 46)
--> Day : 3
-> Request 0
29
(4, 1, 1)
3
(17, 8)
-> Request 1
201
(3, 2, 2)
3
(41, 40)
-> Request 2
342
(4, 2, 1)
3
(13, 49)
-> Request 3
711
(3, 3, 2)
2
(35, 11)
-> Request 4
771
(1, 3, 1)
2
(0, 45)
-> Request 5
799
(4, 3, 2)
2
(16, 26)
-> Request 6
1005
(4, 3, 1)
1
(5, 26)
-> Request 7
1365
(2, 2, 1)
2
(0, 50)
--> Day : 4
-> Request 0
248
(3, 3, 1)
2
(72, 34)
-> Request 1
459
(4, 1, 1)
3
(78, 42)
-> Request 2
549
(4, 2, 2)
2
(37, 21)
-> Request 3
563
(3, 3, 2)
3
(42, 8)
-> Request 4
855
(3, 2, 1)
2
(78, 75)
-> Request 5
935
(4, 3, 2)
3
(10, 24)
-> Request 6
980
(4, 2, 2)
2
(48, 79)
-> Request 7
1238
(3, 3, 2)
1
(79, 23)
-> Request 8
1350
(4, 3, 1)
3
(77, 42)
---> Week : 7
--> Day : 0
-> Request 0
58
(1, 2, 2)
3
(56, 16)
-> Request 1
295
(4, 3, 1)
3
(11, 25)
-> Request 2
424
(3, 3, 2)
1
(48, 15)
-> Request 3
603
(4, 3, 1)
1
(74, 3)
-> Request 4
726
(4, 3, 1)
3
(22, 13)
-> Request 5
735
(3, 3, 1)
2
(23, 51)
-> Request 6
771
(3, 3, 2)
1
(40, 39)
-> Request 7
1079
(3, 2, 2)
1
(11, 75)
-> Request 8
1308
(4, 3, 1)
2
(45, 42)
-> Request 9
1342
(3, 2, 2)
1
(69, 29)
--> Day : 1
-> Request 0
20
(2, 2, 1)
2
(49, 26)
-> Request 1
438
(4, 2, 2)
1
(13, 69)
-> Request 2
715
(4, 2, 2)
1
(52, 24)
-> Request 3
723
(4, 2, 1)
2
(46, 50)
-> Request 4
745
(4, 3, 1)
2
(41, 71)
-> Request 5
797
(4, 2, 1)
1
(42, 39)
-> Request 6
922
(2, 2, 1)
1
(79, 40)
-> Request 7
1069
(4, 3, 1)
2
(64, 33)
-> Request 8
1138
(3, 3, 2)
1
(29, 33)
-> Request 9
1286
(4, 2, 2)
1
(31, 22)
--> Day : 2
-> Request 0
219
(2, 2, 2)
3
(35, 37)
-> Request 1
222
(4, 3, 1)
3
(46, 32)
-> Request 2
482
(3, 3, 2)
2
(25, 18)
-> Request 3
492
(4, 3, 2)
1
(7, 72)
-> Request 4
1236
(4, 2, 1)
2
(31, 71)
--> Day : 3
-> Request 0
91
(4, 2, 2)
2
(53, 3)
-> Request 1
236
(2, 2, 2)
2
(19, 15)
-> Request 2
324
(4, 3, 2)
1
(12, 54)
-> Request 3
493
(2, 3, 2)
1
(72, 42)
-> Request 4
595
(2, 3, 1)
3
(31, 0)
-> Request 5
600
(4, 1, 2)
1
(1, 34)
-> Request 6
919
(4, 2, 1)
2
(45, 7)
-> Request 7
1102
(3, 3, 1)
1
(12, 56)
-> Request 8
1129
(4, 3, 1)
1
(65, 57)
-> Request 9
1298
(4, 3, 1)
2
(32, 7)
--> Day : 4
-> Request 0
103
(4, 3, 1)
1
(59, 22)
-> Request 1
675
(4, 2, 2)
3
(17, 27)
-> Request 2
739
(4, 3, 2)
1
(50, 56)
-> Request 3
1004
(4, 3, 1)
2
(13, 1)
-> Request 4
1086
(3, 3, 1)
2
(74, 56)
-> Request 5
1134
(1, 3, 1)
2
(77, 47)
-> Request 6
1203
(3, 2, 2)
2
(78, 41)
-> Request 7
1391
(4, 3, 2)
3
(67, 38)
-> Request 8
1412
(3, 2, 1)
1
(10, 16)
---> Week : 8
--> Day : 0
-> Request 0
93
(4, 2, 1)
1
(53, 35)
-> Request 1
109
(3, 3, 1)
2
(61, 2)
-> Request 2
215
(3, 3, 2)
1
(65, 17)
-> Request 3
375
(3, 3, 2)
1
(10, 3)
-> Request 4
489
(3, 3, 1)
3
(67, 15)
-> Request 5
664
(1, 2, 1)
1
(4, 21)
-> Request 6
753
(4, 1, 1)
2
(7, 56)
-> Request 7
921
(4, 3, 2)
1
(15, 44)
-> Request 8
994
(3, 3, 2)
2
(76, 29)
-> Request 9
1262
(4, 3, 1)
2
(16, 48)
--> Day : 1
-> Request 0
263
(2, 2, 2)
1
(12, 47)
-> Request 1
468
(4, 2, 2)
2
(17, 11)
-> Request 2
986
(4, 2, 1)
1
(4, 79)
-> Request 3
1182
(3, 3, 2)
3
(29, 35)
-> Request 4
1435
(3, 3, 1)
3
(46, 77)
--> Day : 2
-> Request 0
123
(3, 3, 2)
3
(1, 21)
-> Request 1
533
(3, 3, 1)
3
(73, 67)
-> Request 2
584
(2, 3, 2)
3
(38, 54)
-> Request 3
670
(4, 3, 1)
2
(23, 61)
-> Request 4
670
(4, 3, 2)
3
(15, 62)
-> Request 5
857
(4, 3, 2)
2
(37, 45)
-> Request 6
895
(4, 2, 1)
3
(47, 33)
-> Request 7
988
(4, 3, 1)
1
(51, 72)
-> Request 8
1032
(3, 3, 1)
3
(45, 6)
-> Request 9
1349
(3, 2, 1)
3
(26, 24)
--> Day : 3
-> Request 0
83
(2, 3, 2)
1
(14, 73)
-> Request 1
88
(2, 3, 2)
1
(52, 44)
-> Request 2
281
(4, 3, 2)
3
(21, 79)
-> Request 3
375
(3, 2, 2)
3
(65, 46)
-> Request 4
655
(3, 3, 2)
1
(59, 59)
-> Request 5
850
(2, 3, 2)
3
(15, 40)
-> Request 6
1181
(4, 3, 1)
1
(65, 5)
-> Request 7
1337
(4, 3, 1)
1
(29, 20)
-> Request 8
1375
(3, 3, 1)
1
(51, 4)
--> Day : 4
-> Request 0
85
(2, 3, 1)
3
(8, 16)
-> Request 1
92
(3, 3, 2)
1
(25, 79)
-> Request 2
270
(4, 2, 1)
2
(41, 78)
-> Request 3
335
(2, 2, 2)
3
(29, 16)
-> Request 4
653
(4, 3, 2)
2
(70, 5)
-> Request 5
1071
(3, 2, 1)
3
(17, 11)
-> Request 6
1084
(3, 3, 1)
3
(10, 6)
-> Request 7
1098
(4, 3, 2)
1
(14, 46)
-> Request 8
1251
(4, 2, 1)
1
(17, 27)
-> Request 9
1299
(2, 3, 2)
2
(55, 72)
---> Week : 9
--> Day : 0
-> Request 0
40
(4, 3, 2)
3
(74, 45)
-> Request 1
460
(2, 3, 1)
2
(4, 33)
-> Request 2
483
(2, 2, 1)
1
(28, 61)
-> Request 3
543
(4, 2, 1)
2
(76, 58)
-> Request 4
852
(4, 3, 1)
1
(67, 49)
-> Request 5
936
(3, 2, 2)
2
(52, 50)
-> Request 6
1247
(4, 2, 2)
1
(1, 64)
-> Request 7
1345
(3, 2, 2)
2
(18, 65)
--> Day : 1
-> Request 0
366
(3, 3, 2)
2
(42, 75)
-> Request 1
515
(4, 3, 2)
3
(67, 40)
-> Request 2
610
(4, 3, 1)
2
(32, 2)
-> Request 3
739
(4, 1, 2)
2
(10, 64)
-> Request 4
840
(4, 2, 2)
2
(53, 0)
-> Request 5
953
(2, 3, 1)
2
(68, 64)
-> Request 6
1021
(4, 2, 1)
1
(7, 74)
-> Request 7
1043
(3, 3, 1)
3
(26, 66)
-> Request 8
1165
(3, 3, 2)
2
(15, 6)
-> Request 9
1187
(4, 2, 2)
3
(32, 20)
--> Day : 2
-> Request 0
81
(3, 3, 2)
2
(52, 32)
-> Request 1
198
(2, 3, 1)
1
(30, 77)
-> Request 2
245
(2, 3, 2)
1
(50, 70)
-> Request 3
252
(3, 1, 2)
3
(78, 21)
-> Request 4
317
(4, 3, 1)
3
(77, 49)
-> Request 5
334
(2, 2, 2)
3
(49, 7)
-> Request 6
401
(4, 2, 2)
1
(22, 76)
-> Request 7
427
(4, 2, 2)
2
(54, 46)
-> Request 8
517
(1, 3, 1)
2
(56, 32)
-> Request 9
604
(4, 3, 1)
2
(2, 68)
-> Request 10
727
(4, 3, 1)
2
(3, 32)
-> Request 11
773
(4, 2, 1)
3
(63, 75)
-> Request 12
917
(3, 2, 1)
3
(72, 29)
-> Request 13
928
(3, 3, 2)
2
(29, 14)
--> Day : 3
-> Request 0
167
(2, 3, 2)
2
(23, 61)
-> Request 1
235
(3, 3, 1)
2
(55, 79)
-> Request 2
351
(3, 3, 1)
1
(4, 42)
-> Request 3
470
(4, 3, 1)
2
(17, 76)
-> Request 4
539
(4, 2, 1)
3
(65, 71)
-> Request 5
1049
(4, 2, 2)
3
(35, 76)
-> Request 6
1095
(4, 2, 1)
1
(70, 41)
-> Request 7
1106
(3, 3, 1)
3
(77, 36)
-> Request 8
1151
(4, 3, 1)
3
(24, 67)
-> Request 9
1329
(4, 3, 2)
2
(40, 14)
--> Day : 4
-> Request 0
70
(3, 3, 2)
1
(49, 73)
-> Request 1
117
(4, 3, 1)
1
(33, 23)
-> Request 2
122
(4, 2, 2)
2
(2, 36)
-> Request 3
149
(3, 3, 1)
3
(47, 62)
-> Request 4
241
(1, 3, 1)
1
(9, 24)
-> Request 5
359
(3, 3, 1)
3
(7, 11)
-> Request 6
477
(3, 2, 1)
2
(37, 70)
-> Request 7
498
(4, 2, 1)
1
(18, 48)
-> Request 8
697
(3, 2, 1)
3
(19, 21)
-> Request 9
793
(3, 3, 2)
1
(37, 33)
-> Request 10
800
(4, 2, 2)
1
(33, 20)
-> Request 11
1402
(4, 3, 2)
1
(43, 67)
---> Week : 10
--> Day : 0
-> Request 0
114
(4, 2, 1)
2
(41, 8)
-> Request 1
148
(4, 3, 2)
2
(12, 15)
-> Request 2
190
(4, 3, 2)
1
(14, 45)
-> Request 3
232
(3, 2, 2)
3
(64, 24)
-> Request 4
299
(2, 3, 2)
2
(20, 42)
-> Request 5
337
(3, 3, 2)
1
(26, 34)
-> Request 6
457
(4, 2, 1)
2
(67, 16)
-> Request 7
874
(4, 3, 2)
1
(77, 69)
-> Request 8
1226
(4, 2, 1)
3
(54, 71)
-> Request 9
1243
(4, 3, 1)
1
(26, 0)
-> Request 10
1283
(2, 3, 2)
2
(4, 73)
-> Request 11
1310
(2, 3, 2)
1
(72, 70)
-> Request 12
1337
(3, 2, 1)
3
(24, 28)
--> Day : 1
-> Request 0
29
(3, 2, 2)
1
(54, 3)
-> Request 1
91
(3, 2, 1)
1
(11, 33)
-> Request 2
200
(4, 1, 2)
3
(54, 76)
-> Request 3
204
(2, 3, 2)
1
(60, 78)
-> Request 4
519
(2, 3, 2)
3
(25, 16)
-> Request 5
523
(3, 2, 2)
1
(16, 76)
-> Request 6
572
(4, 2, 1)
2
(2, 6)
-> Request 7
649
(4, 3, 1)
1
(22, 10)
-> Request 8
895
(3, 2, 1)
3
(32, 73)
-> Request 9
1208
(2, 3, 1)
1
(28, 10)
-> Request 10
1249
(4, 2, 1)
1
(5, 66)
-> Request 11
1287
(4, 3, 2)
3
(42, 24)
--> Day : 2
-> Request 0
347
(4, 3, 2)
3
(75, 72)
-> Request 1
447
(4, 3, 1)
2
(32, 0)
-> Request 2
585
(4, 3, 1)
2
(78, 61)
-> Request 3
857
(1, 2, 2)
3
(76, 27)
-> Request 4
1088
(4, 2, 1)
1
(69, 5)
-> Request 5
1159
(2, 2, 2)
1
(43, 16)
-> Request 6
1162
(3, 2, 2)
3
(49, 74)
-> Request 7
1313
(4, 2, 2)
3
(11, 10)
-> Request 8
1349
(2, 2, 2)
1
(24, 28)
--> Day : 3
-> Request 0
115
(2, 1, 2)
3
(78, 9)
-> Request 1
267
(4, 3, 1)
1
(34, 24)
-> Request 2
268
(3, 1, 2)
3
(35, 62)
-> Request 3
360
(2, 3, 2)
1
(25, 3)
-> Request 4
363
(4, 2, 1)
2
(22, 79)
-> Request 5
457
(4, 3, 1)
2
(1, 61)
-> Request 6
482
(4, 3, 1)
2
(63, 32)
-> Request 7
548
(4, 3, 1)
2
(65, 53)
-> Request 8
559
(3, 2, 2)
3
(23, 27)
--> Day : 4
-> Request 0
10
(4, 2, 1)
3
(49, 57)
-> Request 1
49
(3, 3, 1)
1
(14, 56)
-> Request 2
136
(3, 2, 1)
1
(60, 15)
-> Request 3
383
(4, 2, 2)
1
(21, 38)
-> Request 4
745
(2, 3, 2)
3
(13, 52)
-> Request 5
857
(4, 3, 2)
1
(59, 22)
-> Request 6
915
(4, 3, 2)
3
(16, 18)
-> Request 7
956
(2, 3, 2)
3
(37, 41)
-> Request 8
987
(3, 3, 1)
3
(53, 16)
-> Request 9
1074
(4, 2, 1)
3
(2, 18)
-> Request 10
1209
(4, 3, 2)
2
(55, 7)
-> Request 11
1271
(4, 3, 2)
3
(59, 21)
-> Request 12
1291
(4, 2, 2)
3
(4, 52)
-> Request 13
1302
(3, 2, 2)
2
(51, 28)
-> Request 14
1313
(4, 3, 2)
3
(51, 42)
---> Week : 11
--> Day : 0
-> Request 0
86
(2, 3, 2)
2
(62, 33)
-> Request 1
386
(2, 3, 2)
3
(23, 63)
-> Request 2
959
(3, 3, 2)
1
(72, 66)
-> Request 3
965
(2, 3, 2)
1
(8, 16)
-> Request 4
1312
(2, 2, 1)
3
(45, 37)
--> Day : 1
-> Request 0
41
(2, 2, 1)
3
(1, 8)
-> Request 1
139
(3, 2, 1)
2
(6, 74)
-> Request 2
146
(3, 2, 2)
1
(16, 20)
-> Request 3
179
(4, 3, 2)
1
(72, 28)
-> Request 4
205
(3, 2, 2)
2
(33, 14)
-> Request 5
224
(3, 3, 1)
2
(16, 71)
-> Request 6
243
(3, 2, 1)
2
(10, 39)
-> Request 7
259
(2, 3, 1)
1
(30, 74)
-> Request 8
468
(3, 2, 2)
2
(18, 73)
-> Request 9
500
(3, 2, 1)
2
(15, 72)
-> Request 10
573
(4, 3, 1)
2
(31, 42)
-> Request 11
605
(4, 3, 2)
3
(55, 40)
-> Request 12
618
(2, 3, 2)
1
(32, 51)
-> Request 13
778
(1, 2, 2)
2
(16, 77)
-> Request 14
846
(4, 2, 2)
3
(0, 48)
-> Request 15
993
(3, 2, 1)
2
(63, 28)
-> Request 16
1228
(3, 3, 2)
1
(73, 76)
-> Request 17
1335
(3, 2, 1)
3
(2, 54)
-> Request 18
1393
(3, 3, 1)
2
(19, 62)
--> Day : 2
-> Request 0
200
(4, 3, 1)
3
(24, 40)
-> Request 1
238
(3, 3, 2)
3
(52, 29)
-> Request 2
249
(4, 2, 2)
1
(22, 40)
-> Request 3
347
(3, 2, 2)
3
(64, 77)
-> Request 4
446
(4, 3, 1)
1
(76, 15)
-> Request 5
461
(3, 3, 1)
3
(10, 55)
-> Request 6
943
(4, 3, 1)
2
(65, 79)
-> Request 7
1020
(3, 3, 1)
3
(10, 37)
-> Request 8
1364
(3, 2, 1)
2
(48, 16)
--> Day : 3
-> Request 0
15
(4, 3, 2)
3
(38, 63)
-> Request 1
87
(1, 3, 2)
2
(46, 28)
-> Request 2
307
(2, 2, 1)
3
(56, 48)
-> Request 3
574
(3, 3, 1)
2
(45, 71)
-> Request 4
637
(4, 2, 2)
2
(54, 71)
-> Request 5
684
(4, 2, 1)
3
(29, 74)
-> Request 6
1108
(3, 3, 1)
2
(35, 75)
-> Request 7
1125
(2, 3, 1)
1
(74, 61)
-> Request 8
1363
(4, 2, 1)
2
(32, 36)
-> Request 9
1419
(4, 3, 2)
1
(36, 44)
--> Day : 4
-> Request 0
16
(3, 3, 1)
3
(37, 53)
-> Request 1
29
(4, 2, 2)
3
(26, 22)
-> Request 2
129
(4, 3, 1)
1
(32, 55)
-> Request 3
571
(1, 3, 1)
2
(78, 43)
-> Request 4
748
(4, 2, 1)
1
(60, 33)
-> Request 5
862
(3, 2, 2)
2
(11, 44)
-> Request 6
953
(4, 2, 1)
1
(45, 39)
-> Request 7
1085
(4, 2, 2)
1
(15, 67)
-> Request 8
1210
(3, 3, 1)
3
(13, 39)
-> Request 9
1374
(4, 3, 2)
1
(72, 3)
-> Request 10
1433
(4, 3, 2)
1
(45, 27)
---> Week : 12
--> Day : 0
-> Request 0
37
(3, 3, 2)
3
(26, 71)
-> Request 1
65
(3, 2, 1)
2
(22, 26)
-> Request 2
76
(4, 2, 1)
2
(52, 22)
-> Request 3
85
(4, 3, 1)
2
(74, 1)
-> Request 4
141
(3, 1, 2)
2
(73, 21)
-> Request 5
625
(4, 3, 2)
3
(58, 67)
-> Request 6
773
(3, 3, 2)
2
(46, 59)
-> Request 7
806
(2, 3, 1)
1
(69, 27)
-> Request 8
839
(4, 1, 2)
1
(74, 4)
-> Request 9
943
(2, 2, 2)
2
(63, 6)
-> Request 10
1352
(3, 3, 1)
3
(31, 26)
--> Day : 1
-> Request 0
49
(2, 3, 1)
1
(10, 62)
-> Request 1
175
(2, 3, 2)
2
(62, 69)
-> Request 2
434
(4, 2, 2)
1
(27, 25)
-> Request 3
948
(2, 3, 1)
1
(69, 14)
-> Request 4
1096
(4, 3, 1)
2
(36, 8)
-> Request 5
1128
(2, 2, 2)
3
(8, 44)
--> Day : 2
-> Request 0
37
(2, 2, 1)
1
(77, 20)
-> Request 1
172
(3, 2, 1)
3
(20, 26)
-> Request 2
195
(4, 3, 2)
3
(51, 43)
-> Request 3
234
(3, 3, 2)
1
(50, 50)
-> Request 4
257
(4, 2, 2)
3
(21, 56)
-> Request 5
424
(2, 3, 2)
1
(29, 64)
-> Request 6
625
(4, 3, 2)
2
(40, 9)
-> Request 7
741
(2, 3, 1)
3
(61, 8)
-> Request 8
785
(4, 3, 1)
3
(16, 7)
-> Request 9
902
(4, 2, 1)
3
(50, 30)
-> Request 10
933
(4, 2, 1)
2
(8, 17)
-> Request 11
958
(3, 3, 2)
1
(42, 11)
-> Request 12
1145
(3, 3, 1)
2
(49, 6)
-> Request 13
1209
(3, 3, 2)
1
(2, 18)
-> Request 14
1381
(4, 2, 1)
2
(77, 28)
--> Day : 3
-> Request 0
45
(4, 3, 2)
2
(28, 72)
-> Request 1
45
(4, 2, 1)
2
(46, 52)
-> Request 2
61
(3, 2, 1)
3
(43, 62)
-> Request 3
99
(4, 3, 2)
2
(11, 24)
-> Request 4
245
(3, 2, 1)
3
(42, 71)
-> Request 5
357
(3, 3, 2)
1
(39, 30)
-> Request 6
825
(4, 3, 2)
1
(17, 43)
-> Request 7
918
(2, 2, 1)
1
(54, 68)
-> Request 8
925
(3, 1, 2)
2
(79, 14)
-> Request 9
1058
(4, 3, 2)
2
(66, 54)
--> Day : 4
-> Request 0
116
(4, 2, 2)
3
(14, 28)
-> Request 1
173
(2, 3, 1)
1
(62, 37)
-> Request 2
369
(4, 2, 2)
1
(46, 4)
-> Request 3
731
(2, 3, 1)
1
(25, 53)
-> Request 4
1013
(3, 2, 1)
2
(66, 27)
-> Request 5
1156
(4, 3, 1)
1
(3, 48)
-> Request 6
1208
(4, 2, 2)
2
(28, 78)
-> Request 7
1374
(4, 3, 2)
2
(29, 24)
---> Week : 13
--> Day : 0
-> Request 0
7
(3, 2, 2)
3
(56, 0)
-> Request 1
147
(3, 2, 1)
1
(0, 68)
-> Request 2
154
(2, 3, 2)
2
(70, 0)
-> Request 3
200
(4, 3, 2)
1
(13, 46)
-> Request 4
332
(3, 2, 1)
2
(75, 77)
-> Request 5
401
(2, 3, 1)
3
(50, 33)
-> Request 6
443
(4, 2, 1)
3
(72, 29)
-> Request 7
582
(3, 2, 2)
2
(50, 2)
-> Request 8
683
(2, 2, 2)
1
(41, 21)
-> Request 9
687
(4, 3, 1)
2
(38, 56)
--> Day : 1
-> Request 0
30
(4, 3, 2)
3
(63, 32)
-> Request 1
91
(3, 2, 2)
1
(71, 53)
-> Request 2
366
(4, 2, 1)
2
(37, 33)
-> Request 3
449
(4, 3, 2)
2
(3, 43)
-> Request 4
550
(4, 3, 1)
2
(57, 42)
-> Request 5
629
(4, 2, 2)
3
(64, 51)
-> Request 6
657
(2, 3, 2)
3
(49, 63)
-> Request 7
760
(4, 3, 2)
3
(49, 51)
-> Request 8
962
(4, 2, 2)
3
(58, 62)
-> Request 9
978
(4, 3, 1)
3
(45, 54)
-> Request 10
1315
(4, 3, 2)
2
(12, 1)
-> Request 11
1336
(4, 2, 1)
3
(34, 56)
-> Request 12
1367
(4, 3, 2)
1
(67, 42)
--> Day : 2
-> Request 0
299
(3, 2, 2)
2
(25, 18)
-> Request 1
400
(4, 2, 1)
3
(53, 51)
-> Request 2
496
(2, 3, 1)
2
(14, 43)
-> Request 3
520
(3, 2, 2)
2
(20, 46)
-> Request 4
636
(4, 3, 1)
3
(44, 37)
-> Request 5
818
(2, 3, 1)
3
(50, 7)
-> Request 6
916
(4, 2, 1)
2
(7, 43)
-> Request 7
923
(3, 3, 1)
3
(41, 71)
-> Request 8
1129
(4, 3, 2)
3
(10, 32)
-> Request 9
1179
(1, 3, 1)
2
(22, 3)
-> Request 10
1277
(4, 3, 1)
2
(6, 69)
-> Request 11
1416
(4, 2, 2)
1
(24, 60)
--> Day : 3
-> Request 0
234
(4, 2, 2)
1
(10, 54)
-> Request 1
256
(4, 2, 2)
1
(30, 36)
-> Request 2
612
(4, 2, 1)
2
(60, 41)
-> Request 3
685
(3, 2, 2)
3
(49, 69)
-> Request 4
735
(3, 3, 1)
2
(39, 8)
-> Request 5
813
(2, 3, 2)
1
(35, 0)
-> Request 6
846
(4, 2, 1)
3
(16, 4)
-> Request 7
980
(3, 2, 1)
1
(33, 44)
-> Request 8
1006
(4, 2, 2)
1
(17, 11)
-> Request 9
1019
(4, 2, 2)
3
(3, 52)
-> Request 10
1101
(2, 3, 1)
2
(3, 37)
-> Request 11
1198
(4, 3, 2)
2
(1, 70)
--> Day : 4
-> Request 0
848
(3, 2, 1)
2
(16, 62)
-> Request 1
905
(3, 3, 2)
2
(41, 49)
-> Request 2
1021
(3, 3, 2)
3
(72, 23)
-> Request 3
1030
(2, 2, 2)
1
(44, 59)
-> Request 4
1400
(2, 3, 2)
3
(20, 73)
---> Week : 14
--> Day : 0
-> Request 0
333
(2, 3, 2)
3
(45, 44)
-> Request 1
484
(3, 3, 2)
2
(39, 17)
-> Request 2
556
(3, 3, 1)
1
(38, 26)
-> Request 3
954
(4, 3, 1)
1
(59, 58)
-> Request 4
1382
(4, 2, 1)
1
(67, 43)
--> Day : 1
-> Request 0
298
(4, 3, 1)
1
(21, 50)
-> Request 1
309
(4, 2, 1)
2
(57, 19)
-> Request 2
400
(2, 3, 1)
2
(79, 22)
-> Request 3
478
(4, 2, 2)
3
(28, 48)
-> Request 4
985
(1, 3, 2)
1
(73, 18)
-> Request 5
1054
(2, 2, 2)
3
(50, 64)
-> Request 6
1077
(4, 2, 1)
3
(13, 26)
-> Request 7
1086
(2, 3, 2)
3
(60, 5)
-> Request 8
1157
(2, 3, 1)
2
(68, 35)
-> Request 9
1300
(3, 3, 1)
3
(70, 9)
--> Day : 2
-> Request 0
56
(2, 3, 2)
3
(18, 50)
-> Request 1
86
(4, 2, 1)
2
(40, 60)
-> Request 2
128
(3, 2, 1)
3
(48, 2)
-> Request 3
128
(2, 2, 1)
1
(59, 34)
-> Request 4
157
(4, 2, 2)
2
(23, 43)
-> Request 5
181
(4, 2, 1)
3
(17, 4)
-> Request 6
299
(2, 3, 1)
3
(58, 29)
-> Request 7
529
(4, 3, 1)
3
(60, 12)
-> Request 8
1084
(4, 3, 1)
3
(56, 74)
-> Request 9
1284
(3, 3, 2)
1
(63, 18)
-> Request 10
1326
(3, 3, 1)
2
(59, 0)
--> Day : 3
-> Request 0
1045
(3, 3, 1)
2
(47, 69)
-> Request 1
1061
(4, 2, 1)
3
(65, 16)
-> Request 2
1165
(4, 2, 1)
1
(16, 26)
-> Request 3
1374
(3, 3, 2)
3
(16, 18)
--> Day : 4
-> Request 0
63
(4, 3, 1)
1
(27, 23)
-> Request 1
87
(4, 3, 2)
2
(16, 0)
-> Request 2
184
(4, 3, 1)
3
(19, 60)
-> Request 3
703
(4, 3, 2)
1
(71, 32)
-> Request 4
813
(4, 2, 1)
3
(54, 63)
-> Request 5
959
(1, 3, 1)
1
(11, 67)
-> Request 6
997
(4, 2, 2)
1
(70, 16)
-> Request 7
1283
(3, 3, 2)
3
(47, 64)
---> Week : 15
--> Day : 0
-> Request 0
226
(4, 3, 1)
2
(64, 19)
-> Request 1
236
(4, 2, 1)
2
(30, 42)
-> Request 2
338
(4, 3, 2)
3
(55, 21)
-> Request 3
403
(3, 3, 2)
1
(16, 79)
-> Request 4
426
(4, 3, 1)
2
(30, 43)
-> Request 5
429
(4, 3, 2)
1
(48, 48)
-> Request 6
864
(4, 3, 1)
3
(69, 5)
-> Request 7
872
(2, 3, 2)
2
(0, 52)
-> Request 8
873
(3, 2, 1)
2
(57, 44)
-> Request 9
1227
(3, 3, 1)
3
(70, 29)
--> Day : 1
-> Request 0
364
(4, 2, 1)
2
(15, 71)
-> Request 1
413
(4, 3, 2)
1
(35, 23)
-> Request 2
591
(2, 3, 1)
3
(17, 32)
-> Request 3
623
(3, 1, 2)
1
(47, 37)
-> Request 4
665
(4, 1, 2)
2
(55, 73)
-> Request 5
1170
(4, 2, 2)
3
(11, 17)
-> Request 6
1304
(4, 2, 2)
2
(9, 68)
--> Day : 2
-> Request 0
5
(3, 3, 2)
3
(25, 49)
-> Request 1
496
(4, 1, 1)
3
(53, 15)
-> Request 2
579
(4, 3, 2)
3
(40, 27)
-> Request 3
689
(4, 2, 2)
2
(32, 72)
-> Request 4
845
(3, 3, 2)
2
(64, 28)
-> Request 5
1126
(3, 2, 2)
2
(17, 30)
-> Request 6
1264
(3, 2, 1)
2
(30, 18)
--> Day : 3
-> Request 0
230
(3, 2, 1)
1
(77, 78)
-> Request 1
245
(4, 3, 1)
1
(53, 34)
-> Request 2
335
(4, 2, 1)
1
(20, 71)
-> Request 3
580
(4, 2, 2)
1
(31, 54)
-> Request 4
694
(4, 2, 2)
3
(48, 58)
-> Request 5
862
(4, 2, 2)
2
(35, 51)
-> Request 6
1057
(4, 2, 1)
1
(10, 47)
-> Request 7
1061
(2, 3, 2)
1
(52, 71)
-> Request 8
1217
(4, 2, 2)
1
(4, 17)
-> Request 9
1400
(3, 3, 2)
3
(33, 48)
--> Day : 4
-> Request 0
284
(4, 3, 1)
2
(20, 15)
-> Request 1
300
(4, 1, 1)
3
(69, 17)
-> Request 2
533
(4, 2, 1)
2
(31, 19)
-> Request 3
575
(3, 1, 2)
3
(7, 75)
-> Request 4
597
(2, 3, 2)
3
(66, 52)
-> Request 5
651
(3, 3, 1)
3
(69, 47)
-> Request 6
705
(3, 3, 1)
1
(6, 10)
-> Request 7
720
(2, 3, 2)
1
(66, 55)
-> Request 8
844
(4, 3, 1)
1
(54, 43)
-> Request 9
921
(3, 2, 1)
2
(0, 33)
-> Request 10
974
(2, 3, 1)
1
(25, 51)
-> Request 11
1005
(4, 1, 2)
3
(60, 36)
---> Week : 16
--> Day : 0
-> Request 0
130
(4, 3, 2)
2
(8, 55)
-> Request 1
220
(4, 3, 1)
2
(19, 35)
-> Request 2
224
(4, 2, 2)
3
(76, 7)
-> Request 3
255
(3, 3, 1)
3
(36, 22)
-> Request 4
283
(2, 2, 2)
2
(79, 50)
-> Request 5
619
(3, 1, 1)
3
(18, 44)
-> Request 6
688
(1, 2, 2)
3
(71, 64)
-> Request 7
1345
(2, 2, 2)
2
(56, 11)
--> Day : 1
-> Request 0
562
(4, 2, 2)
2
(35, 64)
-> Request 1
747
(4, 2, 1)
2
(2, 42)
-> Request 2
747
(3, 3, 1)
1
(66, 79)
-> Request 3
846
(4, 3, 1)
1
(3, 27)
-> Request 4
1150
(1, 2, 2)
1
(25, 63)
-> Request 5
1193
(4, 3, 1)
3
(49, 8)
--> Day : 2
-> Request 0
20
(1, 3, 1)
2
(44, 2)
-> Request 1
211
(3, 2, 2)
1
(40, 18)
-> Request 2
520
(2, 3, 1)
1
(40, 29)
-> Request 3
783
(3, 2, 2)
2
(46, 66)
-> Request 4
810
(3, 3, 1)
2
(3, 78)
-> Request 5
931
(3, 3, 2)
3
(71, 42)
-> Request 6
1102
(4, 2, 2)
2
(10, 17)
-> Request 7
1287
(4, 3, 1)
1
(11, 21)
-> Request 8
1390
(4, 2, 2)
1
(63, 71)
-> Request 9
1425
(4, 3, 2)
3
(55, 62)
--> Day : 3
-> Request 0
175
(4, 2, 1)
1
(50, 72)
-> Request 1
660
(3, 2, 2)
3
(25, 39)
-> Request 2
893
(4, 3, 1)
3
(28, 33)
--> Day : 4
-> Request 0
11
(2, 3, 2)
3
(39, 69)
-> Request 1
420
(4, 2, 2)
2
(71, 31)
-> Request 2
567
(2, 3, 2)
1
(47, 37)
-> Request 3
586
(4, 3, 1)
1
(47, 14)
-> Request 4
633
(4, 3, 1)
1
(21, 63)
-> Request 5
880
(1, 2, 2)
2
(43, 42)
-> Request 6
993
(4, 2, 1)
2
(4, 68)
-> Request 7
1275
(4, 3, 1)
2
(14, 36)
-> Request 8
1349
(4, 3, 1)
3
(64, 6)
---> Week : 17
--> Day : 0
-> Request 0
236
(4, 3, 2)
1
(43, 35)
-> Request 1
391
(4, 3, 1)
2
(54, 26)
-> Request 2
942
(4, 2, 1)
3
(14, 14)
-> Request 3
1096
(4, 2, 2)
1
(40, 57)
-> Request 4
1136
(1, 2, 1)
1
(13, 20)
--> Day : 1
-> Request 0
215
(4, 3, 2)
2
(42, 57)
-> Request 1
230
(4, 2, 2)
3
(1, 42)
-> Request 2
381
(4, 3, 1)
1
(79, 56)
-> Request 3
412
(4, 3, 2)
2
(75, 9)
-> Request 4
436
(4, 3, 1)
2
(8, 13)
-> Request 5
635
(3, 3, 2)
3
(46, 21)
-> Request 6
668
(3, 3, 1)
2
(21, 78)
-> Request 7
958
(3, 3, 1)
3
(13, 20)
-> Request 8
1023
(3, 3, 1)
1
(77, 3)
-> Request 9
1117
(4, 3, 1)
1
(33, 52)
-> Request 10
1153
(4, 3, 1)
3
(60, 75)
-> Request 11
1267
(2, 2, 2)
1
(76, 70)
-> Request 12
1356
(4, 1, 1)
3
(41, 2)
--> Day : 2
-> Request 0
176
(3, 3, 2)
2
(71, 62)
-> Request 1
314
(4, 2, 1)
3
(69, 49)
-> Request 2
389
(2, 2, 2)
3
(38, 19)
-> Request 3
413
(4, 2, 1)
3
(30, 42)
-> Request 4
547
(4, 2, 2)
3
(53, 42)
-> Request 5
559
(4, 2, 1)
3
(29, 77)
-> Request 6
1003
(4, 3, 2)
3
(34, 15)
-> Request 7
1089
(3, 3, 2)
1
(9, 53)
-> Request 8
1309
(2, 3, 1)
2
(17, 10)
-> Request 9
1377
(4, 1, 1)
2
(3, 70)
--> Day : 3
-> Request 0
155
(4, 2, 2)
3
(2, 69)
-> Request 1
224
(4, 2, 2)
3
(6, 50)
-> Request 2
632
(2, 2, 1)
2
(13, 14)
-> Request 3
772
(2, 1, 2)
3
(61, 8)
-> Request 4
858
(4, 3, 1)
1
(6, 16)
-> Request 5
888
(4, 3, 2)
1
(42, 7)
-> Request 6
928
(3, 3, 1)
1
(7, 55)
-> Request 7
997
(3, 2, 2)
1
(73, 2)
-> Request 8
1287
(4, 3, 2)
2
(63, 36)
-> Request 9
1429
(2, 3, 2)
3
(73, 36)
--> Day : 4
-> Request 0
151
(4, 3, 1)
1
(4, 62)
-> Request 1
177
(4, 3, 1)
3
(52, 45)
-> Request 2
1065
(4, 2, 1)
1
(31, 16)
-> Request 3
1265
(2, 3, 2)
1
(49, 51)
-> Request 4
1281
(2, 2, 2)
3
(60, 29)
-> Request 5
1318
(2, 2, 1)
3
(17, 66)
---> Week : 18
--> Day : 0
-> Request 0
52
(3, 3, 1)
2
(52, 74)
-> Request 1
311
(3, 3, 2)
2
(78, 15)
-> Request 2
423
(3, 2, 1)
3
(64, 47)
-> Request 3
870
(3, 3, 2)
1
(21, 68)
-> Request 4
995
(3, 2, 2)
1
(11, 2)
-> Request 5
1366
(2, 3, 1)
2
(49, 68)
--> Day : 1
-> Request 0
212
(4, 2, 1)
1
(35, 26)
-> Request 1
330
(4, 3, 1)
2
(76, 27)
-> Request 2
352
(4, 3, 2)
2
(73, 77)
-> Request 3
417
(3, 3, 1)
2
(0, 43)
-> Request 4
424
(3, 2, 1)
3
(43, 79)
-> Request 5
583
(4, 2, 1)
2
(42, 21)
-> Request 6
601
(4, 2, 2)
1
(25, 58)
-> Request 7
823
(2, 3, 1)
1
(8, 39)
-> Request 8
884
(2, 3, 2)
3
(41, 34)
-> Request 9
967
(4, 3, 2)
3
(69, 68)
-> Request 10
1003
(3, 3, 1)
3
(10, 71)
-> Request 11
1292
(3, 3, 2)
1
(33, 47)
-> Request 12
1413
(2, 1, 1)
3
(39, 17)
-> Request 13
1439
(4, 3, 1)
2
(46, 4)
--> Day : 2
-> Request 0
129
(2, 3, 2)
1
(6, 14)
-> Request 1
203
(3, 3, 2)
1
(76, 27)
-> Request 2
238
(3, 2, 2)
1
(54, 7)
-> Request 3
349
(2, 3, 2)
2
(16, 65)
-> Request 4
374
(3, 3, 2)
3
(22, 1)
-> Request 5
404
(2, 2, 2)
3
(10, 70)
-> Request 6
568
(4, 3, 2)
1
(72, 27)
-> Request 7
664
(1, 2, 2)
3
(25, 79)
-> Request 8
812
(4, 3, 2)
1
(31, 53)
-> Request 9
872
(4, 2, 1)
3
(11, 5)
-> Request 10
1044
(4, 2, 2)
2
(22, 39)
-> Request 11
1377
(3, 3, 1)
1
(37, 77)
--> Day : 3
-> Request 0
30
(3, 3, 1)
2
(37, 75)
-> Request 1
204
(4, 3, 2)
1
(62, 10)
-> Request 2
273
(3, 2, 1)
3
(60, 68)
-> Request 3
296
(2, 3, 2)
1
(22, 79)
-> Request 4
296
(4, 3, 2)
1
(58, 68)
-> Request 5
372
(4, 1, 1)
2
(56, 41)
-> Request 6
446
(4, 3, 1)
1
(31, 52)
-> Request 7
476
(4, 3, 2)
3
(5, 13)
-> Request 8
818
(4, 2, 1)
3
(42, 75)
-> Request 9
1028
(4, 3, 2)
3
(8, 51)
-> Request 10
1247
(4, 3, 2)
3
(62, 16)
-> Request 11
1390
(3, 3, 2)
1
(12, 76)
-> Request 12
1435
(4, 3, 1)
1
(14, 61)
--> Day : 4
-> Request 0
47
(1, 3, 1)
1
(77, 54)
-> Request 1
407
(2, 2, 1)
3
(53, 23)
-> Request 2
416
(3, 2, 2)
2
(73, 62)
-> Request 3
550
(4, 3, 2)
2
(60, 67)
-> Request 4
663
(4, 3, 2)
3
(14, 31)
-> Request 5
735
(4, 2, 1)
1
(34, 4)
-> Request 6
742
(4, 2, 1)
3
(13, 72)
-> Request 7
810
(4, 3, 1)
1
(23, 67)
-> Request 8
915
(4, 3, 1)
1
(17, 61)
-> Request 9
1027
(3, 3, 2)
2
(64, 24)
-> Request 10
1112
(3, 2, 2)
3
(70, 32)
-> Request 11
1187
(4, 3, 2)
2
(33, 23)
-> Request 12
1262
(4, 3, 2)
3
(37, 24)
-> Request 13
1374
(4, 2, 2)
2
(52, 7)
-> Request 14
1385
(2, 3, 1)
2
(45, 35)
---> Week : 19
--> Day : 0
-> Request 0
136
(3, 3, 2)
1
(21, 69)
-> Request 1
261
(3, 3, 2)
2
(37, 9)
-> Request 2
370
(4, 2, 2)
2
(52, 38)
-> Request 3
875
(4, 3, 2)
2
(5, 72)
-> Request 4
1126
(4, 3, 1)
1
(24, 41)
-> Request 5
1186
(3, 3, 2)
1
(46, 64)
-> Request 6
1277
(4, 3, 1)
3
(9, 66)
-> Request 7
1296
(2, 2, 1)
2
(17, 36)
-> Request 8
1368
(4, 3, 1)
1
(28, 78)
-> Request 9
1407
(2, 2, 1)
1
(27, 46)
--> Day : 1
-> Request 0
53
(4, 3, 2)
3
(29, 29)
-> Request 1
68
(2, 1, 2)
2
(7, 56)
-> Request 2
263
(4, 2, 2)
3
(42, 42)
-> Request 3
370
(3, 2, 1)
1
(41, 71)
-> Request 4
381
(4, 3, 2)
2
(47, 20)
-> Request 5
450
(4, 3, 2)
1
(53, 56)
-> Request 6
596
(3, 2, 2)
1
(27, 51)
-> Request 7
652
(3, 3, 2)
3
(71, 3)
-> Request 8
679
(3, 2, 1)
3
(66, 69)
-> Request 9
855
(3, 3, 1)
3
(13, 18)
-> Request 10
874
(1, 2, 2)
3
(50, 16)
-> Request 11
1013
(3, 3, 2)
3
(71, 16)
-> Request 12
1184
(4, 3, 1)
3
(17, 78)
-> Request 13
1187
(4, 3, 1)
2
(69, 4)
-> Request 14
1291
(4, 3, 1)
3
(66, 32)
--> Day : 2
-> Request 0
144
(4, 3, 2)
1
(6, 1)
-> Request 1
192
(4, 2, 1)
3
(65, 47)
-> Request 2
241
(3, 3, 2)
2
(40, 50)
-> Request 3
394
(2, 2, 1)
2
(68, 64)
-> Request 4
435
(4, 1, 2)
2
(36, 51)
-> Request 5
581
(4, 3, 2)
3
(42, 78)
-> Request 6
651
(1, 2, 1)
2
(15, 19)
-> Request 7
812
(2, 3, 2)
3
(24, 13)
-> Request 8
822
(4, 2, 1)
2
(49, 64)
-> Request 9
877
(2, 3, 2)
3
(79, 33)
-> Request 10
1080
(4, 1, 1)
1
(52, 58)
-> Request 11
1335
(2, 3, 2)
1
(22, 1)
--> Day : 3
-> Request 0
251
(4, 3, 2)
2
(18, 74)
-> Request 1
302
(4, 3, 2)
3
(12, 3)
-> Request 2
317
(2, 3, 1)
3
(9, 10)
-> Request 3
324
(1, 3, 1)
2
(55, 32)
-> Request 4
691
(3, 2, 1)
3
(23, 28)
-> Request 5
793
(4, 3, 2)
2
(64, 50)
-> Request 6
879
(4, 2, 2)
1
(37, 9)
-> Request 7
887
(4, 3, 1)
3
(57, 12)
-> Request 8
964
(4, 3, 2)
3
(75, 78)
-> Request 9
1002
(1, 3, 2)
1
(39, 25)
-> Request 10
1324
(3, 2, 2)
3
(59, 9)
-> Request 11
1438
(2, 3, 1)
3
(54, 62)
--> Day : 4
-> Request 0
181
(2, 3, 2)
2
(36, 28)
-> Request 1
312
(2, 3, 2)
3
(2, 74)
-> Request 2
312
(4, 2, 2)
3
(79, 32)
-> Request 3
363
(4, 3, 2)
1
(74, 3)
-> Request 4
515
(4, 2, 1)
3
(38, 33)
-> Request 5
642
(3, 2, 2)
2
(76, 69)
-> Request 6
849
(2, 3, 2)
1
(61, 17)
-> Request 7
949
(2, 2, 1)
3
(46, 77)
-> Request 8
1157
(4, 3, 1)
2
(41, 5)
-> Request 9
1284
(4, 3, 1)
1
(17, 67)
