---> Week : 0
--> Day : 0
-> Request 0
54
(4, 2, 1)
2
(26, 30)
-> Request 1
63
(4, 2, 2)
3
(64, 22)
-> Request 2
96
(4, 3, 1)
1
(66, 21)
-> Request 3
158
(3, 3, 2)
3
(9, 12)
-> Request 4
394
(3, 2, 1)
2
(28, 70)
-> Request 5
619
(3, 3, 1)
3
(69, 36)
-> Request 6
626
(3, 3, 1)
3
(26, 76)
-> Request 7
721
(1, 3, 1)
3
(48, 17)
-> Request 8
931
(2, 3, 2)
2
(23, 23)
-> Request 9
952
(1, 3, 1)
2
(13, 70)
-> Request 10
1069
(2, 3, 2)
1
(69, 47)
-> Request 11
1255
(2, 2, 1)
2
(7, 46)
-> Request 12
1314
(3, 2, 2)
2
(72, 37)
-> Request 13
1370
(4, 3, 2)
1
(13, 38)
-> Request 14
1392
(4, 3, 2)
3
(71, 35)
--> Day : 1
-> Request 0
20
(4, 3, 1)
2
(67, 74)
-> Request 1
167
(4, 3, 2)
2
(10, 6)
-> Request 2
223
(4, 2, 2)
1
(31, 3)
-> Request 3
573
(4, 3, 2)
3
(60, 46)
-> Request 4
703
(4, 3, 2)
1
(41, 10)
-> Request 5
775
(2, 3, 1)
1
(1, 2)
-> Request 6
813
(1, 3, 2)
2
(51, 79)
-> Request 7
942
(3, 3, 1)
2
(68, 68)
-> Request 8
998
(2, 2, 2)
1
(76, 7)
-> Request 9
1167
(4, 3, 1)
3
(77, 58)
-> Request 10
1226
(4, 2, 2)
2
(38, 23)
-> Request 11
1306
(3, 3, 2)
1
(78, 36)
--> Day : 2
-> Request 0
194
(2, 2, 2)
1
(41, 9)
-> Request 1
260
(4, 3, 2)
3
(47, 48)
-> Request 2
497
(2, 3, 2)
1
(60, 59)
-> Request 3
537
(4, 2, 2)
3
(52, 2)
-> Request 4
564
(2, 2, 2)
3
(74, 71)
-> Request 5
770
(3, 2, 2)
3
(77, 53)
-> Request 6
788
(4, 2, 1)
1
(2, 39)
-> Request 7
1194
(3, 3, 2)
1
(50, 7)
-> Request 8
1226
(2, 3, 2)
3
(15, 6)
-> Request 9
1231
(4, 3, 1)
1
(16, 20)
-> Request 10
1328
(4, 3, 2)
1
(72, 11)
--> Day : 3
-> Request 0
148
(3, 3, 2)
1
(6, 28)
-> Request 1
359
(4, 3, 2)
1
(34, 77)
-> Request 2
403
(2, 3, 1)
3
(76, 76)
-> Request 3
451
(3, 2, 2)
2
(32, 27)
-> Request 4
543
(4, 2, 2)
3
(30, 39)
-> Request 5
944
(4, 2, 1)
2
(1, 18)
-> Request 6
1047
(3, 2, 2)
3
(2, 16)
-> Request 7
1111
(4, 2, 1)
1
(41, 64)
-> Request 8
1166
(2, 3, 1)
3
(56, 8)
-> Request 9
1381
(2, 3, 1)
3
(7, 37)
--> Day : 4
-> Request 0
344
(2, 3, 2)
3
(47, 31)
-> Request 1
358
(4, 3, 2)
2
(42, 10)
-> Request 2
529
(3, 2, 2)
3
(14, 24)
-> Request 3
567
(2, 3, 1)
2
(39, 18)
-> Request 4
751
(4, 3, 2)
1
(3, 18)
-> Request 5
858
(4, 2, 2)
3
(21, 28)
-> Request 6
985
(3, 2, 1)
2
(34, 16)
-> Request 7
1308
(3, 3, 1)
2
(66, 40)
---> Week : 1
--> Day : 0
-> Request 0
129
(4, 3, 1)
3
(43, 60)
-> Request 1
142
(4, 3, 1)
2
(7, 52)
-> Request 2
251
(2, 3, 1)
3
(73, 10)
-> Request 3
251
(4, 2, 1)
1
(16, 12)
-> Request 4
325
(4, 3, 2)
2
(67, 0)
-> Request 5
376
(4, 3, 2)
1
(40, 17)
-> Request 6
489
(3, 2, 1)
2
(41, 32)
-> Request 7
590
(4, 3, 2)
2
(20, 21)
-> Request 8
760
(3, 3, 2)
1
(47, 7)
-> Request 9
850
(2, 3, 1)
2
(61, 72)
-> Request 10
942
(3, 3, 1)
3
(24, 44)
-> Request 11
978
(4, 2, 1)
3
(11, 62)
-> Request 12
1053
(3, 3, 2)
2
(34, 66)
-> Request 13
1118
(4, 3, 1)
1
(30, 69)
-> Request 14
1244
(4, 3, 2)
3
(45, 29)
-> Request 15
1268
(4, 3, 1)
3
(70, 46)
-> Request 16
1297
(3, 3, 1)
2
(62, 4)
-> Request 17
1340
(2, 3, 1)
2
(20, 10)
-> Request 18
1346
(1, 3, 1)
2
(64, 47)
--> Day : 1
-> Request 0
65
(1, 3, 2)
2
(59, 11)
-> Request 1
131
(4, 3, 2)
2
(78, 51)
-> Request 2
311
(3, 3, 1)
1
(64, 61)
-> Request 3
393
(4, 3, 2)
3
(7, 19)
-> Request 4
602
(4, 2, 1)
1
(0, 53)
-> Request 5
626
(4, 3, 2)
2
(50, 46)
-> Request 6
641
(3, 3, 2)
2
(42, 11)
-> Request 7
882
(2, 2, 2)
3
(52, 5)
-> Request 8
949
(3, 3, 2)
3
(16, 14)
-> Request 9
1012
(3, 1, 2)
2
(61, 20)
-> Request 10
1171
(4, 2, 1)
1
(23, 5)
-> Request 11
1203
(4, 3, 2)
1
(65, 18)
-> Request 12
1332
(4, 2, 1)
1
(56, 52)
-> Request 13
1332
(4, 1, 1)
1
(77, 38)
--> Day : 2
-> Request 0
35
(3, 3, 2)
3
(6, 49)
-> Request 1
82
(3, 1, 1)
1
(35, 8)
-> Request 2
316
(4, 3, 2)
2
(55, 24)
-> Request 3
571
(2, 2, 1)
1
(19, 42)
-> Request 4
613
(4, 3, 2)
2
(25, 18)
-> Request 5
643
(3, 3, 1)
2
(3, 63)
-> Request 6
695
(3, 2, 1)
1
(8, 43)
-> Request 7
695
(3, 3, 2)
1
(5, 34)
-> Request 8
815
(3, 2, 1)
2
(18, 65)
-> Request 9
872
(2, 2, 2)
2
(3, 60)
-> Request 10
1418
(4, 3, 1)
1
(64, 26)
--> Day : 3
-> Request 0
12
(4, 3, 1)
1
(71, 3)
-> Request 1
323
(4, 3, 2)
2
(37, 11)
-> Request 2
535
(3, 2, 2)
3
(44, 47)
-> Request 3
548
(3, 3, 1)
3
(22, 13)
-> Request 4
553
(2, 2, 2)
1
(15, 60)
-> Request 5
559
(3, 3, 1)
2
(44, 40)
-> Request 6
570
(1, 3, 2)
3
(43, 69)
-> Request 7
593
(4, 2, 1)
2
(65, 66)
-> Request 8
891
(2, 2, 1)
1
(31, 67)
-> Request 9
937
(4, 3, 2)
1
(34, 51)
-> Request 10
988
(3, 3, 1)
1
(7, 56)
-> Request 11
1010
(3, 3, 2)
2
(61, 8)
--> Day : 4
-> Request 0
110
(4, 3, 1)
2
(44, 66)
-> Request 1
164
(4, 3, 1)
1
(2, 34)
-> Request 2
721
(3, 2, 1)
1
(6, 62)
-> Request 3
1012
(4, 3, 1)
1
(68, 6)
-> Request 4
1237
(4, 2, 2)
3
(3, 76)
---> Week : 2
--> Day : 0
-> Request 0
186
(3, 3, 1)
3
(70, 54)
-> Request 1
251
(4, 2, 1)
1
(56, 8)
-> Request 2
388
(3, 2, 1)
3
(54, 24)
-> Request 3
435
(4, 3, 1)
1
(0, 55)
-> Request 4
566
(3, 2, 2)
1
(11, 35)
-> Request 5
1085
(4, 2, 2)
3
(74, 9)
-> Request 6
1110
(3, 2, 1)
3
(6, 7)
-> Request 7
1239
(3, 3, 1)
2
(23, 65)
-> Request 8
1374
(3, 3, 1)
1
(26, 67)
-> Request 9
1411
(3, 1, 2)
1
(12, 73)
--> Day : 1
-> Request 0
163
(2, 3, 2)
3
(20, 27)
-> Request 1
421
(4, 3, 1)
2
(21, 59)
-> Request 2
796
(4, 2, 1)
3
(77, 57)
-> Request 3
823
(3, 2, 1)
1
(2, 39)
-> Request 4
879
(4, 3, 2)
1
(23, 48)
-> Request 5
1040
(3, 3, 1)
3
(17, 68)
-> Request 6
1291
(3, 3, 2)
2
(33, 2)
-> Request 7
1325
(2, 1, 1)
1
(22, 10)
--> Day : 2
-> Request 0
135
(4, 2, 2)
1
(32, 48)
-> Request 1
221
(2, 2, 2)
2
(44, 26)
-> Request 2
238
(1, 2, 1)
1
(17, 77)
-> Request 3
286
(3, 3, 1)
3
(41, 7)
-> Request 4
320
(3, 2, 1)
2
(53, 10)
-> Request 5
471
(2, 3, 1)
3
(3, 14)
-> Request 6
614
(4, 3, 2)
3
(47, 28)
-> Request 7
628
(3, 3, 1)
1
(9, 13)
-> Request 8
812
(3, 3, 2)
1
(25, 68)
-> Request 9
1115
(4, 3, 2)
2
(40, 64)
--> Day : 3
-> Request 0
161
(3, 2, 2)
3
(73, 68)
-> Request 1
403
(3, 3, 1)
3
(47, 55)
-> Request 2
563
(4, 2, 2)
3
(21, 26)
-> Request 3
713
(4, 3, 2)
2
(78, 74)
-> Request 4
1034
(3, 2, 1)
2
(32, 67)
-> Request 5
1162
(4, 2, 2)
2
(33, 1)
--> Day : 4
-> Request 0
124
(3, 3, 2)
2
(65, 3)
-> Request 1
329
(3, 3, 2)
3
(77, 10)
-> Request 2
661
(4, 3, 2)
2
(63, 66)
-> Request 3
812
(4, 2, 2)
1
(67, 29)
-> Request 4
831
(4, 3, 1)
3
(78, 47)
---> Week : 3
--> Day : 0
-> Request 0
54
(1, 2, 1)
3
(16, 43)
-> Request 1
128
(1, 3, 2)
1
(51, 65)
-> Request 2
199
(2, 3, 1)
3
(44, 66)
-> Request 3
473
(4, 3, 2)
3
(14, 24)
-> Request 4
741
(3, 3, 2)
1
(45, 25)
-> Request 5
862
(2, 1, 1)
1
(32, 10)
-> Request 6
884
(4, 3, 2)
2
(23, 1)
-> Request 7
894
(3, 3, 1)
2
(78, 9)
-> Request 8
923
(2, 2, 1)
1
(75, 3)
--> Day : 1
-> Request 0
41
(3, 2, 1)
2
(59, 13)
-> Request 1
62
(3, 3, 1)
2
(40, 27)
-> Request 2
119
(4, 2, 1)
2
(56, 19)
-> Request 3
386
(4, 2, 1)
2
(26, 73)
-> Request 4
395
(4, 3, 2)
3
(66, 75)
-> Request 5
722
(3, 2, 1)
3
(17, 37)
-> Request 6
724
(2, 2, 2)
3
(67, 31)
-> Request 7
754
(4, 3, 2)
2
(69, 12)
-> Request 8
910
(4, 2, 2)
2
(18, 50)
-> Request 9
925
(4, 3, 2)
1
(36, 3)
-> Request 10
969
(4, 3, 1)
1
(55, 72)
-> Request 11
1049
(2, 1, 1)
3
(20, 60)
-> Request 12
1097
(4, 2, 1)
2
(18, 3)
-> Request 13
1144
(4, 3, 1)
1
(16, 2)
-> Request 14
1387
(2, 2, 2)
3
(32, 79)
-> Request 15
1417
(3, 3, 1)
2
(62, 33)
--> Day : 2
-> Request 0
31
(3, 3, 1)
1
(31, 5)
-> Request 1
33
(3, 2, 1)
1
(37, 64)
-> Request 2
76
(2, 3, 1)
1
(47, 55)
-> Request 3
233
(4, 3, 2)
1
(13, 25)
-> Request 4
370
(4, 2, 1)
1
(68, 59)
-> Request 5
435
(4, 2, 2)
3
(79, 60)
-> Request 6
641
(3, 3, 2)
2
(49, 60)
-> Request 7
643
(2, 2, 2)
1
(5, 14)
-> Request 8
751
(3, 3, 2)
1
(18, 72)
-> Request 9
813
(4, 3, 2)
2
(55, 56)
-> Request 10
1062
(4, 2, 1)
3
(69, 13)
-> Request 11
1155
(3, 2, 2)
1
(45, 3)
-> Request 12
1371
(4, 3, 2)
1
(47, 36)
--> Day : 3
-> Request 0
164
(1, 2, 1)
3
(6, 63)
-> Request 1
378
(3, 2, 1)
2
(45, 50)
-> Request 2
394
(4, 2, 1)
2
(73, 11)
-> Request 3
457
(4, 3, 2)
2
(15, 67)
-> Request 4
494
(3, 3, 2)
2
(38, 29)
-> Request 5
702
(3, 3, 1)
2
(33, 48)
-> Request 6
895
(3, 3, 2)
1
(48, 4)
-> Request 7
903
(4, 3, 1)
1
(40, 50)
-> Request 8
971
(3, 2, 1)
2
(29, 50)
-> Request 9
1219
(1, 3, 1)
3
(9, 32)
--> Day : 4
-> Request 0
96
(4, 3, 1)
3
(61, 62)
-> Request 1
103
(2, 3, 2)
2
(51, 68)
-> Request 2
210
(4, 3, 2)
2
(61, 51)
-> Request 3
278
(4, 2, 1)
3
(47, 41)
-> Request 4
303
(1, 3, 1)
1
(19, 75)
-> Request 5
749
(4, 3, 1)
2
(54, 64)
-> Request 6
824
(4, 3, 2)
1
(43, 77)
-> Request 7
880
(3, 3, 1)
3
(39, 38)
-> Request 8
956
(4, 2, 1)
3
(60, 55)
-> Request 9
1001
(3, 3, 1)
2
(76, 11)
-> Request 10
1063
(3, 1, 2)
2
(61, 63)
-> Request 11
1259
(1, 2, 1)
1
(14, 11)
-> Request 12
1267
(2, 2, 1)
2
(23, 53)
-> Request 13
1294
(4, 3, 2)
1
(79, 24)
-> Request 14
1378
(3, 3, 1)
3
(13, 19)
-> Request 15
1387
(4, 3, 2)
3
(21, 3)
-> Request 16
1393
(3, 2, 1)
1
(44, 52)
---> Week : 4
--> Day : 0
-> Request 0
27
(4, 3, 1)
3
(23, 17)
-> Request 1
150
(4, 2, 1)
1
(12, 9)
-> Request 2
275
(2, 2, 2)
1
(76, 48)
-> Request 3
300
(4, 3, 1)
1
(16, 6)
-> Request 4
602
(3, 2, 2)
3
(51, 13)
-> Request 5
608
(4, 2, 2)
2
(31, 59)
-> Request 6
730
(3, 2, 1)
2
(37, 19)
-> Request 7
1129
(4, 2, 2)
3
(65, 28)
-> Request 8
1184
(2, 2, 2)
3
(32, 47)
-> Request 9
1412
(3, 3, 2)
3
(28, 14)
-> Request 10
1422
(3, 3, 1)
1
(71, 39)
--> Day : 1
-> Request 0
112
(3, 3, 2)
2
(27, 78)
-> Request 1
118
(2, 3, 1)
2
(17, 53)
-> Request 2
123
(4, 3, 2)
1
(60, 4)
-> Request 3
343
(3, 3, 1)
2
(72, 8)
-> Request 4
523
(3, 2, 1)
1
(15, 47)
-> Request 5
539
(4, 3, 1)
3
(73, 12)
-> Request 6
593
(2, 3, 1)
2
(32, 17)
-> Request 7
686
(4, 3, 1)
3
(61, 59)
-> Request 8
825
(3, 2, 1)
3
(63, 35)
-> Request 9
1002
(2, 2, 1)
2
(47, 28)
-> Request 10
1082
(4, 1, 1)
1
(72, 5)
-> Request 11
1089
(2, 3, 2)
1
(1, 20)
-> Request 12
1103
(3, 1, 1)
2
(50, 11)
--> Day : 2
-> Request 0
135
(3, 3, 1)
3
(72, 66)
-> Request 1
480
(4, 1, 2)
1
(63, 79)
-> Request 2
822
(2, 3, 1)
3
(38, 54)
-> Request 3
909
(4, 3, 1)
3
(6, 78)
-> Request 4
962
(3, 3, 2)
3
(45, 24)
-> Request 5
1258
(3, 2, 1)
3
(12, 10)
--> Day : 3
-> Request 0
134
(4, 3, 2)
1
(14, 67)
-> Request 1
213
(3, 3, 1)
3
(57, 27)
-> Request 2
312
(4, 2, 1)
3
(66, 51)
-> Request 3
376
(4, 3, 1)
3
(57, 43)
-> Request 4
454
(4, 3, 1)
3
(11, 57)
-> Request 5
712
(2, 3, 1)
1
(68, 62)
-> Request 6
867
(2, 3, 1)
1
(13, 76)
-> Request 7
967
(3, 2, 2)
2
(18, 23)
-> Request 8
1107
(3, 2, 1)
2
(0, 7)
--> Day : 4
-> Request 0
103
(2, 3, 2)
1
(69, 42)
-> Request 1
155
(4, 3, 1)
2
(58, 60)
-> Request 2
237
(4, 2, 1)
2
(34, 5)
-> Request 3
302
(4, 3, 1)
2
(32, 74)
-> Request 4
502
(4, 3, 1)
1
(8, 18)
-> Request 5
513
(4, 2, 2)
1
(41, 61)
-> Request 6
526
(4, 3, 2)
1
(78, 28)
-> Request 7
764
(3, 2, 1)
2
(32, 32)
-> Request 8
798
(4, 3, 1)
1
(67, 76)
-> Request 9
906
(3, 3, 2)
2
(17, 34)
-> Request 10
1029
(4, 2, 2)
2
(45, 38)
---> Week : 5
--> Day : 0
-> Request 0
324
(4, 2, 2)
2
(23, 18)
-> Request 1
632
(4, 3, 2)
3
(50, 4)
-> Request 2
1042
(4, 2, 2)
2
(46, 37)
-> Request 3
1056
(2, 3, 1)
3
(36, 67)
-> Request 4
1087
(3, 3, 2)
1
(29, 67)
-> Request 5
1283
(3, 2, 1)
2
(44, 20)
-> Request 6
1414
(1, 3, 1)
3
(56, 49)
--> Day : 1
-> Request 0
347
(4, 2, 1)
2
(0, 56)
-> Request 1
424
(4, 3, 2)
2
(3, 17)
-> Request 2
439
(2, 2, 1)
2
(48, 70)
-> Request 3
699
(4, 3, 2)
1
(32, 69)
-> Request 4
702
(4, 2, 2)
3
(48, 7)
-> Request 5
767
(4, 3, 2)
3
(9, 29)
-> Request 6
918
(4, 3, 2)
2
(47, 70)
-> Request 7
964
(4, 3, 1)
3
(14, 37)
-> Request 8
1085
(4, 1, 2)
3
(56, 72)
-> Request 9
1189
(4, 3, 2)
1
(60, 48)
-> Request 10
1376
(4, 3, 2)
2
(12, 1)
--> Day : 2
-> Request 0
19
(4, 2, 1)
2
(69, 72)
-> Request 1
148
(4, 3, 2)
3
(62, 12)
-> Request 2
206
(4, 3, 2)
1
(48, 65)
-> Request 3
318
(4, 3, 1)
3
(50, 7)
-> Request 4
547
(2, 3, 1)
1
(77, 73)
-> Request 5
768
(3, 3, 1)
2
(18, 55)
-> Request 6
792
(4, 2, 2)
1
(39, 23)
-> Request 7
811
(4, 3, 1)
2
(75, 47)
-> Request 8
964
(2, 3, 2)
3
(37, 14)
-> Request 9
1054
(2, 3, 1)
2
(63, 60)
-> Request 10
1208
(4, 3, 1)
2
(61, 5)
-> Request 11
1209
(3, 3, 1)
1
(34, 53)
-> Request 12
1214
(4, 2, 1)
3
(65, 57)
-> Request 13
1232
(3, 3, 1)
3
(69, 77)
--> Day : 3
-> Request 0
5
(4, 3, 2)
3
(16, 34)
-> Request 1
111
(4, 1, 1)
1
(59, 53)
-> Request 2
119
(4, 2, 1)
3
(13, 34)
-> Request 3
384
(4, 3, 1)
3
(13, 65)
-> Request 4
460
(3, 2, 1)
3
(62, 11)
-> Request 5
544
(4, 2, 1)
1
(61, 37)
-> Request 6
669
(4, 2, 1)
1
(44, 18)
-> Request 7
707
(1, 3, 1)
2
(5, 57)
--> Day : 4
-> Request 0
254
(4, 2, 2)
3
(59, 73)
-> Request 1
261
(4, 3, 2)
2
(29, 3)
-> Request 2
299
(2, 3, 1)
1
(9, 26)
-> Request 3
474
(4, 1, 1)
2
(38, 59)
-> Request 4
616
(4, 3, 2)
2
(35, 75)
-> Request 5
774
(4, 3, 1)
2
(26, 74)
-> Request 6
1316
(2, 3, 1)
1
(13, 26)
-> Request 7
1368
(4, 2, 2)
3
(6, 16)
---> Week : 6
--> Day : 0
-> Request 0
68
(4, 3, 2)
2
(62, 11)
-> Request 1
130
(3, 3, 2)
1
(64, 13)
-> Request 2
316
(4, 2, 1)
3
(14, 61)
-> Request 3
605
(4, 3, 2)
2
(31, 28)
-> Request 4
761
(2, 3, 2)
1
(54, 46)
-> Request 5
788
(3, 3, 2)
1
(76, 3)
-> Request 6
837
(2, 2, 2)
3
(21, 67)
-> Request 7
956
(1, 3, 2)
2
(2, 43)
-> Request 8
1002
(2, 3, 2)
2
(38, 33)
-> Request 9
1130
(3, 1, 2)
1
(17, 30)
-> Request 10
1193
(4, 2, 1)
3
(48, 37)
-> Request 11
1343
(3, 3, 1)
2
(35, 56)
--> Day : 1
-> Request 0
109
(3, 3, 2)
2
(73, 25)
-> Request 1
118
(4, 3, 1)
3
(64, 43)
-> Request 2
192
(3, 2, 2)
1
(62, 40)
-> Request 3
278
(3, 3, 1)
3
(21, 12)
-> Request 4
281
(3, 3, 1)
2
(6, 79)
-> Request 5
478
(2, 2, 2)
1
(9, 22)
-> Request 6
614
(4, 3, 2)
2
(12, 25)
-> Request 7
919
(1, 3, 2)
1
(78, 34)
-> Request 8
1004
(4, 2, 1)
1
(17, 75)
-> Request 9
1145
(4, 2, 1)
2
(48, 21)
-> Request 10
1187
(1, 2, 2)
3
(74, 10)
-> Request 11
1211
(4, 3, 2)
3
(76, 79)
-> Request 12
1413
(3, 3, 2)
3
(55, 71)
--> Day : 2
-> Request 0
60
(4, 2, 1)
3
(24, 4)
-> Request 1
75
(2, 3, 2)
2
(13, 37)
-> Request 2
145
(4, 3, 2)
1
(35, 60)
-> Request 3
150
(3, 3, 2)
3
(3, 57)
-> Request 4
211
(4, 3, 1)
2
(13, 75)
-> Request 5
281
(2, 2, 2)
3
(32, 59)
-> Request 6
436
(4, 3, 2)
2
(77, 65)
-> Request 7
516
(4, 3, 2)
3
(18, 37)
-> Request 8
534
(3, 3, 2)
3
(58, 78)
-> Request 9
621
(1, 3, 1)
2
(57, 27)
-> Request 10
686
(4, 3, 2)
3
(22, 9)
-> Request 11
732
(4, 3, 1)
2
(9, 44)
-> Request 12
816
(4, 3, 1)
2
(72, 76)
-> Request 13
833
(3, 2, 1)
3
(52, 71)
-> Request 14
1142
(3, 3, 1)
1
(49, 17)
-> Request 15
1304
(4, 3, 2)
2
(20, 21)
-> Request 16
1308
(4, 3, 1)
3
(78, 18)
--> Day : 3
-> Request 0
225
(3, 3, 2)
2
(68, 21)
-> Request 1
349
(4, 3, 2)
1
(37, 35)
-> Request 2
561
(3, 3, 1)
3
(44, 44)
-> Request 3
563
(4, 3, 1)
2
(73, 3)
-> Request 4
688
(3, 3, 2)
1
(40, 54)
-> Request 5
1416
(3, 1, 2)
3
(32, 6)
--> Day : 4
-> Request 0
589
(2, 3, 2)
3
(41, 66)
-> Request 1
625
(3, 2, 1)
2
(45, 26)
-> Request 2
744
(2, 3, 1)
3
(72, 65)
-> Request 3
763
(4, 2, 1)
2
(75, 60)
-> Request 4
769
(3, 3, 2)
2
(48, 27)
-> Request 5
936
(4, 2, 1)
3
(49, 43)
-> Request 6
1128
(4, 2, 2)
1
(66, 48)
-> Request 7
1187
(4, 2, 1)
2
(39, 63)
-> Request 8
1216
(4, 3, 1)
2
(71, 50)
-> Request 9
1410
(4, 3, 2)
2
(65, 42)
-> Request 10
1430
(1, 2, 2)
1
(50, 27)
---> Week : 7
--> Day : 0
-> Request 0
93
(4, 3, 2)
3
(79, 17)
-> Request 1
189
(4, 2, 1)
3
(18, 29)
-> Request 2
241
(3, 3, 2)
2
(64, 57)
-> Request 3
298
(4, 3, 1)
3
(73, 8)
-> Request 4
398
(3, 3, 1)
3
(62, 59)
-> Request 5
454
(3, 2, 1)
1
(22, 33)
-> Request 6
747
(4, 2, 2)
3
(11, 75)
-> Request 7
1011
(4, 3, 2)
3
(65, 1)
-> Request 8
1123
(3, 3, 2)
3
(12, 43)
--> Day : 1
-> Request 0
73
(4, 2, 2)
2
(32, 20)
-> Request 1
292
(3, 1, 2)
3
(9, 12)
-> Request 2
293
(3, 3, 1)
2
(38, 42)
-> Request 3
454
(4, 2, 1)
3
(60, 65)
-> Request 4
583
(4, 3, 2)
1
(13, 28)
-> Request 5
644
(1, 3, 1)
2
(62, 47)
-> Request 6
1195
(4, 3, 2)
2
(60, 6)
-> Request 7
1309
(3, 2, 2)
3
(26, 72)
--> Day : 2
-> Request 0
10
(4, 3, 1)
3
(3, 24)
-> Request 1
145
(4, 2, 1)
1
(15, 20)
-> Request 2
355
(4, 3, 1)
3
(67, 74)
-> Request 3
556
(4, 2, 1)
1
(28, 37)
-> Request 4
593
(4, 3, 1)
3
(18, 51)
-> Request 5
781
(3, 3, 1)
1
(38, 21)
-> Request 6
1038
(3, 3, 1)
3
(39, 61)
-> Request 7
1075
(4, 3, 1)
2
(69, 53)
-> Request 8
1260
(4, 3, 2)
3
(78, 42)
-> Request 9
1360
(4, 3, 1)
2
(50, 48)
--> Day : 3
-> Request 0
39
(4, 2, 1)
2
(37, 48)
-> Request 1
87
(2, 3, 1)
3
(42, 75)
-> Request 2
636
(4, 3, 2)
2
(17, 41)
-> Request 3
707
(4, 3, 1)
2
(53, 36)
-> Request 4
834
(3, 2, 1)
2
(1, 11)
-> Request 5
1187
(4, 3, 1)
1
(37, 65)
--> Day : 4
-> Request 0
43
(3, 1, 1)
3
(4, 34)
-> Request 1
92
(3, 2, 2)
3
(48, 58)
-> Request 2
348
(1, 2, 1)
3
(44, 69)
-> Request 3
425
(4, 3, 2)
2
(2, 54)
-> Request 4
716
(3, 1, 1)
2
(61, 19)
-> Request 5
855
(3, 2, 1)
3
(35, 10)
-> Request 6
945
(4, 1, 2)
3
(24, 19)
-> Request 7
1087
(1, 2, 1)
2
(2, 75)
-> Request 8
1107
(2, 2, 1)
1
(63, 75)
-> Request 9
1224
(4, 3, 1)
1
(37, 36)
-> Request 10
1342
(3, 3, 1)
3
(5, 12)
-> Request 11
1356
(3, 1, 2)
1
(2, 79)
-> Request 12
1372
(4, 3, 2)
3
(60, 67)
-> Request 13
1385
(3, 2, 2)
2
(36, 37)
-> Request 14
1439
(3, 3, 2)
2
(60, 8)
---> Week : 8
--> Day : 0
-> Request 0
22
(4, 2, 2)
1
(60, 3)
-> Request 1
266
(1, 2, 2)
3
(7, 7)
-> Request 2
345
(2, 3, 2)
2
(62, 55)
-> Request 3
372
(4, 3, 1)
1
(75, 60)
-> Request 4
599
(4, 3, 1)
2
(27, 9)
-> Request 5
681
(4, 2, 2)
2
(67, 34)
-> Request 6
724
(4, 3, 1)
1
(77, 62)
-> Request 7
1076
(4, 3, 2)
3
(4, 75)
-> Request 8
1178
(2, 3, 1)
2
(68, 7)
-> Request 9
1230
(3, 3, 2)
2
(29, 41)
-> Request 10
1301
(3, 3, 1)
3
(42, 3)
--> Day : 1
-> Request 0
34
(2, 3, 1)
3
(27, 34)
-> Request 1
231
(3, 3, 1)
2
(12, 58)
-> Request 2
425
(4, 2, 2)
3
(2, 34)
-> Request 3
495
(2, 2, 1)
3
(57, 34)
-> Request 4
684
(4, 3, 1)
3
(63, 18)
-> Request 5
854
(4, 3, 1)
1
(55, 24)
-> Request 6
990
(3, 3, 1)
2
(68, 77)
-> Request 7
1037
(3, 3, 2)
2
(44, 65)
-> Request 8
1269
(2, 3, 1)
2
(11, 10)
-> Request 9
1436
(4, 2, 1)
2
(4, 48)
--> Day : 2
-> Request 0
200
(3, 3, 2)
2
(67, 54)
-> Request 1
303
(3, 2, 1)
2
(34, 3)
-> Request 2
368
(4, 3, 1)
2
(44, 17)
-> Request 3
383
(3, 3, 1)
3
(29, 6)
-> Request 4
682
(4, 3, 2)
2
(35, 50)
-> Request 5
950
(3, 2, 2)
1
(46, 71)
-> Request 6
1035
(4, 3, 2)
3
(16, 24)
-> Request 7
1120
(3, 3, 2)
2
(55, 69)
-> Request 8
1202
(4, 1, 2)
1
(4, 30)
-> Request 9
1386
(3, 3, 2)
2
(3, 37)
--> Day : 3
-> Request 0
176
(3, 2, 1)
3
(28, 74)
-> Request 1
197
(3, 3, 2)
1
(49, 14)
-> Request 2
352
(3, 2, 1)
2
(62, 11)
-> Request 3
539
(3, 3, 2)
2
(64, 29)
-> Request 4
543
(3, 2, 2)
1
(39, 30)
-> Request 5
1059
(1, 3, 1)
1
(34, 74)
-> Request 6
1410
(3, 2, 1)
1
(47, 0)
--> Day : 4
-> Request 0
190
(4, 2, 1)
3
(53, 73)
-> Request 1
342
(4, 2, 1)
1
(54, 44)
-> Request 2
350
(2, 2, 2)
2
(65, 26)
-> Request 3
450
(4, 3, 1)
3
(79, 52)
-> Request 4
922
(2, 2, 2)
1
(53, 25)
-> Request 5
1007
(3, 1, 2)
1
(0, 57)
-> Request 6
1281
(4, 2, 2)
3
(59, 73)
-> Request 7
1383
(2, 2, 2)
2
(19, 32)
-> Request 8
1398
(4, 2, 1)
3
(4, 20)
---> Week : 9
--> Day : 0
-> Request 0
39
(4, 2, 2)
2
(3, 71)
-> Request 1
49
(4, 3, 2)
3
(79, 32)
-> Request 2
466
(3, 2, 1)
1
(20, 25)
-> Request 3
486
(3, 1, 1)
3
(65, 47)
-> Request 4
580
(4, 3, 2)
2
(11, 26)
-> Request 5
581
(2, 3, 2)
1
(43, 47)
-> Request 6
1169
(4, 3, 2)
3
(75, 16)
--> Day : 1
-> Request 0
67
(4, 2, 2)
3
(13, 23)
-> Request 1
349
(1, 3, 1)
3
(63, 58)
-> Request 2
959
(4, 2, 1)
3
(43, 39)
-> Request 3
996
(2, 3, 2)
3
(41, 68)
-> Request 4
1020
(4, 3, 1)
1
(25, 59)
-> Request 5
1028
(4, 2, 2)
3
(28, 52)
-> Request 6
1048
(3, 2, 1)
3
(11, 33)
-> Request 7
1179
(3, 3, 2)
2
(22, 7)
--> Day : 2
-> Request 0
2
(3, 2, 1)
2
(41, 10)
-> Request 1
106
(4, 3, 1)
2
(56, 30)
-> Request 2
106
(4, 3, 1)
2
(50, 36)
-> Request 3
267
(4, 2, 2)
2
(34, 51)
-> Request 4
326
(4, 3, 1)
1
(14, 0)
-> Request 5
355
(4, 3, 1)
2
(68, 78)
-> Request 6
868
(1, 2, 2)
1
(46, 72)
-> Request 7
991
(4, 1, 1)
2
(78, 58)
-> Request 8
1027
(4, 2, 2)
3
(77, 19)
--> Day : 3
-> Request 0
76
(3, 2, 1)
1
(66, 42)
-> Request 1
437
(4, 1, 2)
3
(51, 15)
-> Request 2
539
(3, 2, 1)
3
(46, 14)
-> Request 3
569
(4, 3, 2)
2
(14, 77)
-> Request 4
719
(3, 2, 2)
3
(69, 8)
-> Request 5
978
(2, 3, 1)
1
(42, 69)
-> Request 6
1070
(4, 3, 1)
1
(61, 22)
-> Request 7
1134
(4, 3, 2)
1
(71, 61)
-> Request 8
1176
(4, 3, 1)
3
(49, 69)
-> Request 9
1184
(4, 2, 1)
2
(15, 69)
-> Request 10
1387
(3, 3, 1)
1
(21, 6)
--> Day : 4
-> Request 0
118
(2, 2, 2)
2
(45, 23)
-> Request 1
219
(4, 3, 1)
3
(30, 45)
-> Request 2
352
(1, 2, 2)
1
(29, 70)
-> Request 3
493
(3, 2, 2)
1
(60, 78)
-> Request 4
550
(4, 3, 2)
1
(45, 49)
-> Request 5
592
(4, 3, 1)
1
(69, 14)
-> Request 6
612
(4, 2, 1)
1
(24, 48)
-> Request 7
664
(4, 3, 2)
2
(38, 12)
-> Request 8
991
(3, 2, 1)
1
(31, 78)
-> Request 9
992
(3, 3, 2)
2
(12, 7)
-> Request 10
1066
(4, 3, 1)
2
(23, 61)
-> Request 11
1178
(2, 3, 2)
3
(17, 48)
-> Request 12
1183
(3, 3, 2)
3
(31, 69)
---> Week : 10
--> Day : 0
-> Request 0
13
(4, 3, 1)
3
(15, 19)
-> Request 1
485
(4, 3, 2)
1
(76, 42)
-> Request 2
849
(3, 2, 1)
2
(57, 13)
-> Request 3
917
(3, 2, 1)
3
(46, 44)
-> Request 4
1070
(2, 3, 2)
1
(32, 10)
-> Request 5
1153
(4, 2, 2)
1
(71, 8)
-> Request 6
1405
(3, 3, 2)
1
(57, 28)
--> Day : 1
-> Request 0
424
(4, 3, 1)
3
(24, 67)
-> Request 1
791
(4, 2, 1)
1
(19, 79)
-> Request 2
928
(4, 3, 1)
3
(60, 48)
-> Request 3
962
(1, 3, 2)
3
(67, 51)
-> Request 4
992
(4, 3, 2)
3
(9, 19)
-> Request 5
1357
(2, 2, 2)
2
(75, 47)
-> Request 6
1384
(3, 1, 2)
3
(23, 73)
--> Day : 2
-> Request 0
220
(3, 2, 2)
1
(41, 37)
-> Request 1
317
(1, 3, 1)
2
(65, 35)
-> Request 2
365
(2, 2, 1)
1
(56, 59)
-> Request 3
550
(4, 3, 1)
1
(17, 14)
-> Request 4
560
(4, 3, 2)
1
(12, 2)
-> Request 5
793
(4, 2, 2)
2
(1, 52)
-> Request 6
1012
(4, 3, 1)
3
(57, 77)
-> Request 7
1050
(4, 3, 1)
1
(72, 0)
-> Request 8
1109
(2, 3, 2)
1
(66, 42)
-> Request 9
1209
(3, 3, 1)
1
(77, 71)
--> Day : 3
-> Request 0
152
(3, 3, 1)
2
(49, 7)
-> Request 1
190
(4, 3, 1)
2
(17, 22)
-> Request 2
206
(4, 3, 2)
1
(33, 16)
-> Request 3
802
(4, 3, 1)
2
(20, 39)
-> Request 4
1148
(4, 3, 2)
2
(70, 69)
-> Request 5
1358
(4, 2, 2)
2
(43, 4)
-> Request 6
1369
(1, 3, 2)
2
(39, 32)
--> Day : 4
-> Request 0
68
(4, 2, 2)
3
(57, 3)
-> Request 1
152
(4, 2, 2)
3
(6, 18)
-> Request 2
500
(2, 1, 2)
3
(75, 41)
-> Request 3
519
(4, 3, 2)
2
(75, 61)
-> Request 4
573
(2, 3, 2)
1
(74, 54)
-> Request 5
922
(3, 2, 1)
2
(48, 45)
-> Request 6
947
(3, 1, 1)
3
(54, 12)
---> Week : 11
--> Day : 0
-> Request 0
87
(2, 3, 1)
2
(29, 9)
-> Request 1
168
(3, 1, 1)
2
(6, 22)
-> Request 2
372
(4, 2, 1)
1
(43, 15)
-> Request 3
561
(2, 2, 1)
1
(42, 33)
-> Request 4
656
(1, 2, 1)
2
(20, 30)
-> Request 5
737
(4, 2, 1)
3
(47, 71)
-> Request 6
785
(3, 2, 2)
2
(21, 71)
-> Request 7
829
(3, 2, 2)
2
(9, 57)
-> Request 8
1204
(3, 2, 2)
1
(65, 21)
-> Request 9
1246
(4, 3, 1)
1
(0, 58)
-> Request 10
1315
(3, 2, 1)
3
(23, 39)
-> Request 11
1317
(4, 2, 1)
3
(49, 25)
--> Day : 1
-> Request 0
9
(3, 2, 1)
1
(43, 24)
-> Request 1
140
(4, 3, 1)
1
(6, 21)
-> Request 2
562
(2, 3, 1)
1
(54, 58)
-> Request 3
802
(4, 3, 1)
1
(30, 40)
-> Request 4
1064
(3, 1, 2)
1
(25, 66)
-> Request 5
1159
(2, 3, 1)
3
(26, 40)
-> Request 6
1223
(4, 3, 1)
1
(23, 74)
-> Request 7
1240
(3, 2, 2)
2
(63, 3)
-> Request 8
1242
(3, 3, 1)
2
(14, 44)
-> Request 9
1295
(4, 2, 1)
3
(33, 9)
--> Day : 2
-> Request 0
379
(4, 3, 2)
3
(69, 64)
-> Request 1
767
(2, 2, 2)
2
(35, 49)
-> Request 2
1030
(1, 1, 1)
2
(9, 22)
-> Request 3
1042
(4, 3, 2)
2
(6, 19)
-> Request 4
1171
(4, 3, 1)
2
(43, 70)
-> Request 5
1285
(4, 2, 1)
2
(10, 78)
-> Request 6
1353
(3, 3, 2)
1
(62, 40)
-> Request 7
1395
(4, 2, 2)
1
(51, 74)
--> Day : 3
-> Request 0
2
(1, 2, 2)
3
(78, 2)
-> Request 1
9
(2, 3, 1)
1
(48, 18)
-> Request 2
288
(4, 3, 2)
3
(35, 6)
-> Request 3
399
(3, 3, 1)
2
(57, 56)
-> Request 4
498
(3, 2, 1)
2
(18, 43)
-> Request 5
503
(4, 2, 1)
2
(10, 42)
-> Request 6
571
(3, 2, 2)
3
(26, 34)
-> Request 7
632
(2, 2, 1)
1
(28, 76)
-> Request 8
760
(4, 2, 2)
2
(53, 40)
--> Day : 4
-> Request 0
25
(4, 2, 1)
1
(71, 40)
-> Request 1
198
(3, 3, 1)
1
(78, 27)
-> Request 2
397
(3, 2, 1)
3
(39, 73)
-> Request 3
404
(4, 2, 2)
2
(73, 30)
-> Request 4
548
(4, 2, 2)
3
(37, 76)
-> Request 5
846
(2, 3, 2)
3
(48, 76)
-> Request 6
963
(4, 3, 1)
2
(71, 10)
-> Request 7
1131
(4, 1, 2)
2
(69, 28)
-> Request 8
1289
(4, 3, 2)
1
(32, 11)
-> Request 9
1379
(4, 2, 1)
1
(34, 3)
-> Request 10
1403
(3, 3, 2)
3
(73, 49)
-> Request 11
1405
(4, 3, 2)
3
(16, 26)
-> Request 12
1421
(2, 2, 2)
3
(74, 65)
---> Week : 12
--> Day : 0
-> Request 0
79
(4, 3, 2)
3
(14, 13)
-> Request 1
387
(4, 2, 2)
3
(62, 51)
-> Request 2
454
(3, 3, 1)
3
(63, 73)
-> Request 3
562
(3, 3, 1)
1
(1, 19)
-> Request 4
613
(4, 2, 1)
1
(76, 16)
-> Request 5
723
(4, 3, 1)
3
(21, 74)
-> Request 6
905
(2, 3, 1)
1
(16, 71)
-> Request 7
1187
(3, 2, 1)
2
(20, 35)
-> Request 8
1195
(4, 3, 2)
2
(5, 37)
-> Request 9
1281
(4, 2, 2)
2
(31, 72)
--> Day : 1
-> Request 0
52
(2, 1, 1)
1
(4, 13)
-> Request 1
159
(4, 2, 2)
2
(43, 7)
-> Request 2
186
(4, 3, 2)
2
(56, 69)
-> Request 3
201
(4, 2, 2)
1
(4, 50)
-> Request 4
252
(3, 3, 1)
2
(20, 49)
-> Request 5
433
(4, 3, 2)
1
(73, 71)
-> Request 6
514
(3, 2, 1)
1
(76, 58)
-> Request 7
1001
(2, 2, 1)
3
(27, 54)
-> Request 8
1036
(3, 2, 2)
2
(3, 69)
-> Request 9
1318
(4, 2, 2)
3
(58, 31)
--> Day : 2
-> Request 0
68
(4, 3, 2)
3
(27, 65)
-> Request 1
139
(4, 2, 1)
2
(28, 23)
-> Request 2
206
(4, 3, 2)
2
(36, 41)
-> Request 3
274
(4, 2, 1)
3
(12, 25)
-> Request 4
288
(4, 3, 1)
3
(13, 35)
-> Request 5
491
(3, 2, 2)
2
(79, 28)
-> Request 6
950
(4, 2, 1)
2
(17, 0)
-> Request 7
1002
(4, 2, 1)
2
(18, 54)
-> Request 8
1395
(3, 3, 2)
2
(61, 19)
--> Day : 3
-> Request 0
168
(2, 3, 2)
1
(74, 45)
-> Request 1
378
(4, 3, 2)
2
(79, 28)
-> Request 2
565
(3, 1, 1)
2
(67, 2)
-> Request 3
641
(2, 3, 1)
3
(68, 31)
-> Request 4
1158
(4, 3, 1)
2
(26, 46)
-> Request 5
1308
(3, 3, 2)
3
(28, 20)
-> Request 6
1352
(4, 2, 2)
3
(49, 15)
-> Request 7
1379
(4, 3, 2)
2
(10, 24)
--> Day : 4
-> Request 0
1071
(3, 2, 2)
1
(5, 0)
-> Request 1
1139
(4, 3, 1)
2
(47, 57)
-> Request 2
1177
(2, 3, 1)
2
(9, 11)
-> Request 3
1319
(4, 3, 1)
2
(69, 2)
-> Request 4
1343
(3, 3, 1)
1
(27, 2)
-> Request 5
1358
(4, 3, 1)
2
(20, 18)
---> Week : 13
--> Day : 0
-> Request 0
62
(1, 3, 1)
2
(27, 1)
-> Request 1
147
(4, 3, 1)
2
(7, 68)
-> Request 2
218
(4, 3, 2)
1
(73, 62)
-> Request 3
382
(4, 3, 2)
1
(32, 3)
-> Request 4
392
(3, 3, 2)
2
(8, 37)
-> Request 5
463
(2, 2, 1)
3
(69, 29)
-> Request 6
637
(4, 2, 2)
3
(63, 70)
-> Request 7
1316
(4, 3, 1)
2
(31, 0)
--> Day : 1
-> Request 0
93
(3, 3, 1)
1
(3, 4)
-> Request 1
95
(4, 1, 2)
2
(34, 78)
-> Request 2
177
(2, 3, 1)
3
(34, 28)
-> Request 3
569
(3, 3, 1)
2
(17, 6)
-> Request 4
618
(4, 2, 2)
1
(63, 34)
-> Request 5
628
(1, 3, 1)
2
(15, 14)
-> Request 6
751
(2, 3, 2)
3
(21, 25)
-> Request 7
916
(4, 3, 2)
1
(69, 7)
--> Day : 2
-> Request 0
31
(4, 2, 2)
3
(33, 34)
-> Request 1
46
(3, 2, 1)
3
(67, 6)
-> Request 2
133
(4, 2, 2)
3
(48, 71)
-> Request 3
468
(4, 3, 2)
3
(54, 51)
-> Request 4
824
(3, 3, 2)
1
(55, 31)
-> Request 5
835
(4, 1, 1)
3
(45, 1)
-> Request 6
846
(3, 3, 1)
2
(36, 18)
-> Request 7
857
(4, 3, 2)
1
(4, 16)
-> Request 8
908
(4, 2, 2)
1
(27, 78)
-> Request 9
956
(2, 3, 1)
2
(52, 20)
-> Request 10
1159
(2, 3, 2)
2
(49, 73)
-> Request 11
1327
(4, 3, 2)
3
(11, 3)
--> Day : 3
-> Request 0
35
(3, 3, 1)
2
(17, 42)
-> Request 1
39
(4, 3, 1)
3
(69, 51)
-> Request 2
68
(4, 1, 1)
1
(4, 2)
-> Request 3
681
(4, 2, 2)
2
(29, 2)
-> Request 4
693
(4, 3, 2)
2
(79, 47)
-> Request 5
720
(4, 3, 2)
3
(34, 27)
-> Request 6
734
(2, 1, 1)
3
(22, 5)
-> Request 7
806
(3, 3, 1)
3
(70, 56)
-> Request 8
913
(4, 3, 2)
1
(32, 24)
-> Request 9
1195
(2, 2, 1)
2
(15, 40)
-> Request 10
1354
(3, 3, 1)
2
(44, 11)
-> Request 11
1410
(4, 3, 1)
1
(51, 41)
--> Day : 4
-> Request 0
128
(4, 2, 1)
3
(29, 36)
-> Request 1
414
(4, 3, 1)
1
(7, 28)
-> Request 2
415
(4, 2, 2)
3
(78, 15)
-> Request 3
800
(4, 3, 2)
1
(51, 44)
-> Request 4
843
(4, 2, 2)
2
(6, 13)
-> Request 5
1105
(4, 3, 1)
1
(56, 73)
-> Request 6
1229
(1, 2, 2)
2
(36, 8)
---> Week : 14
--> Day : 0
-> Request 0
218
(4, 3, 1)
2
(53, 16)
-> Request 1
267
(4, 3, 1)
3
(69, 47)
-> Request 2
790
(2, 2, 1)
2
(46, 68)
-> Request 3
853
(4, 3, 1)
2
(61, 35)
-> Request 4
1350
(3, 3, 1)
3
(7, 42)
-> Request 5
1420
(1, 2, 1)
3
(13, 74)
--> Day : 1
-> Request 0
3
(4, 2, 2)
2
(58, 71)
-> Request 1
64
(3, 2, 2)
3
(57, 59)
-> Request 2
130
(4, 1, 2)
1
(61, 15)
-> Request 3
294
(4, 3, 1)
2
(35, 49)
-> Request 4
446
(1, 3, 1)
1
(76, 26)
-> Request 5
922
(3, 2, 2)
3
(14, 23)
-> Request 6
995
(3, 3, 2)
2
(21, 70)
-> Request 7
1088
(4, 2, 2)
3
(74, 58)
-> Request 8
1111
(4, 2, 1)
2
(22, 37)
-> Request 9
1300
(4, 3, 2)
1
(51, 12)
--> Day : 2
-> Request 0
257
(4, 3, 2)
2
(45, 10)
-> Request 1
265
(1, 3, 1)
1
(54, 20)
-> Request 2
366
(3, 3, 1)
3
(41, 29)
-> Request 3
714
(4, 3, 2)
3
(31, 44)
-> Request 4
744
(2, 3, 1)
1
(41, 27)
-> Request 5
858
(4, 3, 1)
1
(63, 78)
-> Request 6
1171
(4, 1, 2)
1
(27, 73)
-> Request 7
1284
(3, 2, 1)
2
(1, 66)
--> Day : 3
-> Request 0
60
(3, 2, 1)
1
(74, 18)
-> Request 1
78
(4, 1, 2)
1
(65, 33)
-> Request 2
313
(4, 3, 2)
1
(9, 1)
-> Request 3
563
(4, 2, 2)
1
(31, 42)
-> Request 4
942
(4, 2, 1)
1
(56, 75)
-> Request 5
1023
(4, 3, 1)
3
(58, 53)
-> Request 6
1309
(1, 2, 2)
3
(2, 69)
--> Day : 4
-> Request 0
123
(3, 3, 2)
2
(18, 20)
-> Request 1
327
(4, 3, 2)
2
(5, 39)
-> Request 2
808
(3, 3, 1)
3
(30, 30)
-> Request 3
879
(2, 2, 1)
3
(45, 32)
-> Request 4
985
(4, 3, 2)
1
(21, 37)
-> Request 5
1039
(4, 2, 1)
3
(0, 54)
-> Request 6
1085
(3, 3, 2)
3
(30, 70)
-> Request 7
1103
(4, 3, 2)
1
(45, 23)
-> Request 8
1351
(2, 3, 1)
3
(78, 7)
---> Week : 15
--> Day : 0
-> Request 0
55
(4, 2, 2)
2
(43, 56)
-> Request 1
184
(4, 3, 1)
3
(39, 49)
-> Request 2
338
(4, 2, 1)
1
(0, 46)
-> Request 3
646
(4, 2, 2)
2
(0, 37)
-> Request 4
1314
(4, 2, 1)
3
(45, 45)
-> Request 5
1314
(4, 3, 2)
3
(37, 6)
--> Day : 1
-> Request 0
171
(2, 3, 1)
3
(73, 18)
-> Request 1
493
(4, 3, 2)
3
(20, 70)
-> Request 2
543
(3, 3, 1)
3
(54, 40)
-> Request 3
1045
(4, 2, 2)
1
(13, 48)
-> Request 4
1369
(1, 2, 1)
2
(23, 65)
--> Day : 2
-> Request 0
3
(2, 3, 1)
1
(51, 70)
-> Request 1
163
(1, 3, 2)
1
(24, 45)
-> Request 2
377
(3, 3, 2)
2
(47, 68)
-> Request 3
471
(4, 3, 1)
1
(70, 29)
-> Request 4
498
(4, 2, 2)
1
(19, 23)
-> Request 5
562
(3, 2, 1)
2
(20, 77)
-> Request 6
588
(4, 3, 2)
1
(18, 41)
-> Request 7
757
(2, 2, 1)
1
(25, 58)
-> Request 8
767
(4, 3, 2)
1
(57, 73)
-> Request 9
914
(4, 2, 1)
1
(17, 78)
--> Day : 3
-> Request 0
162
(1, 3, 1)
2
(74, 0)
-> Request 1
783
(4, 2, 2)
2
(25, 38)
-> Request 2
792
(4, 3, 2)
2
(9, 60)
-> Request 3
874
(3, 2, 1)
3
(21, 74)
-> Request 4
1275
(2, 3, 1)
1
(49, 66)
-> Request 5
1430
(4, 3, 2)
2
(4, 45)
-> Request 6
1437
(3, 3, 1)
2
(41, 21)
--> Day : 4
-> Request 0
147
(1, 3, 1)
2
(14, 35)
-> Request 1
214
(4, 2, 2)
2
(23, 72)
-> Request 2
284
(3, 1, 1)
3
(61, 0)
-> Request 3
447
(4, 3, 2)
2
(2, 55)
-> Request 4
631
(4, 2, 2)
3
(24, 34)
-> Request 5
704
(3, 3, 1)
2
(55, 62)
-> Request 6
1188
(3, 3, 2)
3
(67, 29)
-> Request 7
1405
(4, 2, 2)
3
(55, 49)
-> Request 8
1430
(3, 3, 1)
2
(57, 31)
---> Week : 16
--> Day : 0
-> Request 0
107
(4, 3, 2)
2
(14, 8)
-> Request 1
233
(4, 2, 2)
2
(50, 26)
-> Request 2
362
(4, 3, 1)
2
(78, 23)
-> Request 3
429
(3, 3, 1)
2
(15, 68)
-> Request 4
518
(4, 2, 2)
1
(25, 63)
-> Request 5
754
(3, 3, 1)
1
(30, 44)
-> Request 6
1042
(4, 3, 1)
2
(39, 70)
-> Request 7
1149
(4, 3, 1)
1
(2, 61)
-> Request 8
1412
(3, 3, 2)
2
(53, 47)
--> Day : 1
-> Request 0
136
(4, 2, 1)
2
(65, 9)
-> Request 1
285
(4, 2, 1)
3
(10, 52)
-> Request 2
287
(4, 2, 2)
2
(11, 79)
-> Request 3
567
(3, 3, 1)
1
(66, 71)
-> Request 4
578
(3, 2, 1)
2
(8, 13)
-> Request 5
1020
(4, 3, 1)
1
(41, 44)
-> Request 6
1093
(4, 3, 2)
1
(42, 67)
-> Request 7
1327
(4, 1, 1)
2
(60, 41)
-> Request 8
1366
(4, 3, 2)
2
(44, 77)
-> Request 9
1378
(4, 3, 1)
2
(63, 76)
--> Day : 2
-> Request 0
163
(4, 3, 2)
1
(41, 60)
-> Request 1
277
(4, 2, 2)
1
(54, 78)
-> Request 2
481
(4, 3, 2)
2
(17, 66)
-> Request 3
545
(4, 3, 1)
1
(47, 57)
-> Request 4
603
(3, 3, 1)
2
(17, 9)
-> Request 5
906
(4, 2, 1)
1
(57, 0)
-> Request 6
1132
(2, 3, 1)
3
(35, 35)
-> Request 7
1317
(4, 1, 2)
3
(66, 20)
-> Request 8
1364
(4, 2, 1)
3
(3, 55)
--> Day : 3
-> Request 0
147
(3, 3, 1)
2
(77, 65)
-> Request 1
180
(4, 3, 1)
3
(54, 66)
-> Request 2
405
(2, 1, 2)
3
(1, 35)
-> Request 3
544
(2, 3, 1)
3
(73, 74)
-> Request 4
754
(3, 2, 2)
2
(68, 40)
-> Request 5
854
(4, 3, 2)
2
(8, 48)
-> Request 6
927
(3, 3, 2)
3
(53, 19)
-> Request 7
996
(4, 2, 2)
1
(49, 24)
-> Request 8
1109
(4, 3, 1)
2
(36, 4)
-> Request 9
1171
(4, 3, 1)
2
(52, 45)
-> Request 10
1190
(4, 2, 1)
3
(46, 22)
-> Request 11
1388
(4, 2, 1)
1
(64, 14)
--> Day : 4
-> Request 0
797
(4, 3, 2)
3
(7, 69)
-> Request 1
893
(4, 3, 1)
1
(34, 1)
---> Week : 17
--> Day : 0
-> Request 0
8
(4, 3, 2)
2
(51, 68)
-> Request 1
51
(3, 2, 1)
3
(62, 37)
-> Request 2
165
(3, 3, 2)
2
(68, 8)
-> Request 3
175
(4, 3, 1)
3
(76, 7)
-> Request 4
205
(4, 3, 1)
2
(19, 69)
-> Request 5
298
(3, 3, 2)
3
(28, 9)
-> Request 6
369
(2, 2, 2)
1
(78, 38)
-> Request 7
494
(3, 3, 2)
1
(55, 41)
-> Request 8
672
(4, 3, 2)
3
(33, 43)
-> Request 9
737
(4, 3, 2)
3
(76, 79)
-> Request 10
777
(3, 3, 2)
1
(63, 63)
-> Request 11
814
(2, 2, 1)
2
(49, 3)
-> Request 12
827
(4, 3, 1)
2
(4, 67)
-> Request 13
894
(3, 3, 2)
1
(20, 45)
-> Request 14
909
(2, 1, 1)
3
(53, 72)
-> Request 15
918
(4, 2, 1)
1
(9, 18)
-> Request 16
1037
(4, 3, 2)
2
(76, 43)
-> Request 17
1068
(3, 3, 2)
3
(25, 39)
-> Request 18
1131
(3, 3, 1)
3
(43, 77)
-> Request 19
1316
(3, 3, 1)
2
(60, 56)
-> Request 20
1382
(1, 3, 1)
1
(26, 8)
--> Day : 1
-> Request 0
314
(4, 2, 1)
1
(4, 25)
-> Request 1
372
(4, 2, 2)
2
(69, 53)
-> Request 2
489
(3, 2, 2)
1
(59, 9)
-> Request 3
493
(4, 3, 2)
1
(52, 60)
-> Request 4
502
(4, 3, 2)
3
(32, 78)
-> Request 5
503
(3, 2, 1)
3
(56, 72)
-> Request 6
585
(4, 3, 2)
3
(72, 42)
-> Request 7
861
(3, 2, 1)
2
(76, 29)
-> Request 8
905
(4, 1, 1)
3
(12, 14)
-> Request 9
1231
(4, 3, 1)
2
(30, 15)
-> Request 10
1426
(3, 3, 2)
3
(5, 18)
--> Day : 2
-> Request 0
130
(2, 3, 2)
2
(49, 68)
-> Request 1
189
(3, 2, 1)
1
(41, 20)
-> Request 2
223
(3, 3, 1)
1
(57, 72)
-> Request 3
331
(4, 3, 1)
2
(55, 49)
-> Request 4
371
(4, 2, 1)
1
(58, 14)
-> Request 5
730
(4, 2, 2)
1
(9, 78)
-> Request 6
818
(3, 1, 1)
3
(20, 30)
-> Request 7
1047
(4, 3, 2)
2
(52, 46)
-> Request 8
1149
(3, 2, 1)
3
(22, 7)
-> Request 9
1175
(2, 3, 1)
3
(46, 15)
-> Request 10
1265
(4, 3, 2)
3
(57, 60)
--> Day : 3
-> Request 0
288
(3, 3, 1)
3
(22, 77)
-> Request 1
391
(4, 2, 1)
2
(23, 73)
-> Request 2
561
(3, 2, 1)
3
(24, 72)
-> Request 3
561
(3, 2, 1)
2
(31, 43)
-> Request 4
652
(4, 3, 1)
1
(19, 73)
-> Request 5
1047
(2, 2, 1)
1
(30, 24)
-> Request 6
1252
(4, 3, 2)
3
(40, 24)
-> Request 7
1265
(3, 2, 2)
3
(78, 10)
-> Request 8
1396
(4, 3, 1)
2
(44, 3)
-> Request 9
1439
(3, 3, 1)
3
(15, 15)
--> Day : 4
-> Request 0
123
(3, 3, 2)
3
(33, 68)
-> Request 1
293
(3, 3, 1)
1
(52, 21)
-> Request 2
452
(4, 2, 2)
2
(22, 2)
-> Request 3
467
(2, 3, 2)
3
(17, 7)
-> Request 4
589
(3, 3, 1)
3
(47, 18)
-> Request 5
604
(4, 3, 1)
1
(51, 71)
-> Request 6
639
(2, 3, 2)
1
(2, 57)
-> Request 7
655
(4, 1, 2)
3
(24, 63)
-> Request 8
682
(2, 3, 2)
1
(20, 3)
-> Request 9
1232
(4, 3, 1)
3
(10, 43)
-> Request 10
1236
(3, 3, 1)
2
(18, 66)
-> Request 11
1262
(2, 3, 2)
1
(22, 72)
-> Request 12
1407
(4, 2, 1)
2
(56, 46)
-> Request 13
1418
(4, 2, 2)
2
(30, 0)
---> Week : 18
--> Day : 0
-> Request 0
104
(2, 3, 1)
1
(77, 18)
-> Request 1
262
(4, 3, 2)
2
(0, 47)
-> Request 2
301
(3, 2, 2)
1
(45, 63)
-> Request 3
388
(4, 3, 2)
1
(16, 45)
-> Request 4
983
(4, 3, 2)
2
(0, 44)
-> Request 5
1062
(3, 3, 2)
3
(64, 16)
-> Request 6
1088
(4, 2, 2)
3
(76, 0)
-> Request 7
1378
(3, 3, 2)
1
(39, 2)
-> Request 8
1431
(4, 3, 2)
2
(38, 43)
--> Day : 1
-> Request 0
68
(4, 3, 2)
3
(4, 12)
-> Request 1
381
(3, 2, 2)
1
(34, 13)
-> Request 2
650
(2, 3, 2)
2
(24, 48)
-> Request 3
672
(3, 3, 2)
3
(68, 75)
-> Request 4
701
(4, 3, 2)
1
(24, 51)
-> Request 5
724
(3, 2, 1)
3
(47, 1)
-> Request 6
822
(4, 3, 1)
1
(26, 75)
-> Request 7
836
(4, 3, 1)
2
(64, 33)
-> Request 8
980
(1, 2, 2)
1
(76, 30)
-> Request 9
1111
(3, 3, 1)
3
(42, 2)
-> Request 10
1354
(3, 3, 2)
1
(61, 10)
--> Day : 2
-> Request 0
231
(4, 2, 1)
2
(29, 7)
-> Request 1
266
(4, 2, 1)
1
(57, 65)
-> Request 2
285
(3, 3, 1)
1
(71, 19)
-> Request 3
506
(3, 3, 1)
2
(38, 39)
-> Request 4
538
(3, 2, 2)
1
(79, 22)
-> Request 5
542
(2, 2, 2)
2
(78, 37)
-> Request 6
588
(3, 3, 2)
3
(5, 27)
-> Request 7
601
(4, 2, 2)
3
(54, 74)
-> Request 8
654
(4, 3, 2)
3
(62, 77)
-> Request 9
829
(4, 2, 1)
2
(61, 13)
-> Request 10
845
(2, 1, 2)
1
(72, 52)
-> Request 11
1031
(4, 3, 1)
3
(78, 65)
-> Request 12
1163
(4, 3, 1)
1
(16, 17)
-> Request 13
1203
(3, 3, 1)
3
(51, 73)
-> Request 14
1418
(4, 2, 1)
1
(29, 11)
--> Day : 3
-> Request 0
216
(3, 3, 2)
3
(62, 12)
-> Request 1
258
(4, 3, 2)
1
(13, 13)
-> Request 2
311
(4, 3, 2)
1
(13, 41)
-> Request 3
311
(4, 3, 2)
1
(67, 27)
-> Request 4
606
(4, 3, 2)
2
(50, 42)
-> Request 5
1029
(2, 3, 1)
1
(29, 12)
-> Request 6
1127
(3, 3, 1)
2
(61, 8)
-> Request 7
1242
(4, 3, 2)
1
(68, 14)
-> Request 8
1257
(3, 3, 1)
1
(60, 75)
-> Request 9
1294
(4, 2, 2)
1
(64, 35)
--> Day : 4
-> Request 0
259
(3, 3, 1)
1
(28, 0)
-> Request 1
341
(4, 2, 1)
1
(16, 66)
-> Request 2
398
(4, 3, 2)
1
(46, 24)
-> Request 3
475
(3, 3, 2)
1
(21, 28)
-> Request 4
906
(3, 3, 2)
2
(17, 38)
-> Request 5
911
(4, 3, 1)
1
(25, 70)
-> Request 6
941
(4, 2, 2)
3
(40, 71)
-> Request 7
961
(3, 1, 1)
2
(23, 44)
-> Request 8
966
(1, 3, 1)
2
(52, 78)
-> Request 9
1118
(3, 3, 2)
1
(0, 77)
-> Request 10
1168
(3, 3, 1)
1
(40, 23)
-> Request 11
1259
(3, 3, 1)
3
(73, 17)
---> Week : 19
--> Day : 0
-> Request 0
166
(3, 3, 1)
1
(61, 55)
-> Request 1
272
(3, 3, 2)
1
(78, 33)
-> Request 2
372
(4, 3, 2)
3
(69, 57)
-> Request 3
375
(4, 3, 2)
1
(37, 34)
-> Request 4
383
(4, 3, 1)
3
(31, 22)
-> Request 5
427
(1, 2, 1)
3
(74, 10)
-> Request 6
614
(4, 2, 1)
1
(27, 20)
-> Request 7
780
(4, 3, 1)
1
(20, 56)
-> Request 8
867
(3, 3, 1)
1
(51, 72)
-> Request 9
1027
(3, 2, 2)
3
(53, 57)
--> Day : 1
-> Request 0
53
(2, 2, 1)
1
(41, 12)
-> Request 1
203
(3, 3, 2)
2
(55, 54)
-> Request 2
223
(3, 1, 1)
3
(40, 64)
-> Request 3
367
(3, 3, 2)
2
(35, 55)
-> Request 4
505
(1, 3, 2)
2
(63, 0)
-> Request 5
595
(1, 3, 2)
3
(30, 36)
-> Request 6
670
(4, 2, 1)
2
(67, 69)
-> Request 7
696
(3, 3, 2)
1
(48, 33)
-> Request 8
740
(4, 2, 1)
1
(9, 59)
-> Request 9
873
(4, 1, 1)
1
(41, 23)
-> Request 10
912
(3, 3, 1)
1
(56, 24)
-> Request 11
1082
(4, 2, 2)
1
(58, 65)
-> Request 12
1185
(4, 2, 1)
1
(2, 53)
--> Day : 2
-> Request 0
390
(4, 3, 1)
3
(15, 72)
-> Request 1
434
(4, 3, 1)
1
(61, 17)
-> Request 2
553
(4, 3, 2)
3
(16, 21)
-> Request 3
643
(2, 3, 1)
3
(51, 32)
-> Request 4
759
(2, 2, 1)
2
(52, 72)
-> Request 5
960
(2, 2, 1)
3
(5, 30)
-> Request 6
1048
(4, 2, 2)
2
(30, 4)
-> Request 7
1061
(4, 2, 1)
1
(34, 53)
-> Request 8
1115
(4, 3, 2)
2
(19, 78)
-> Request 9
1337
(3, 3, 2)
2
(2, 53)
--> Day : 3
-> Request 0
71
(1, 2, 2)
3
(13, 46)
-> Request 1
108
(3, 1, 1)
3
(39, 12)
-> Request 2
112
(1, 3, 2)
2
(21, 75)
-> Request 3
136
(4, 2, 1)
1
(17, 74)
-> Request 4
386
(3, 3, 2)
3
(66, 13)
-> Request 5
562
(4, 3, 2)
1
(19, 15)
-> Request 6
1158
(4, 3, 2)
2
(23, 4)
-> Request 7
1205
(4, 2, 1)
3
(14, 19)
-> Request 8
1251
(4, 3, 2)
3
(9, 60)
--> Day : 4
-> Request 0
53
(4, 3, 1)
1
(3, 61)
-> Request 1
310
(4, 3, 2)
1
(18, 65)
-> Request 2
456
(1, 2, 1)
3
(40, 14)
-> Request 3
498
(2, 3, 2)
2
(15, 56)
-> Request 4
579
(4, 3, 2)
3
(29, 60)
-> Request 5
1055
(3, 3, 1)
1
(3, 45)
-> Request 6
1150
(4, 1, 1)
3
(0, 67)
-> Request 7
1159
(3, 3, 2)
2
(29, 43)
