---> Week : 0
--> Day : 0
-> Request 0
292
(3, 3, 2)
1
(77, 30)
-> Request 1
312
(4, 2, 2)
2
(56, 54)
-> Request 2
341
(3, 2, 1)
3
(41, 27)
-> Request 3
733
(4, 3, 2)
1
(35, 31)
-> Request 4
752
(4, 3, 1)
3
(51, 48)
-> Request 5
775
(3, 3, 2)
3
(28, 9)
-> Request 6
839
(2, 3, 1)
1
(72, 31)
-> Request 7
995
(2, 3, 2)
3
(21, 21)
-> Request 8
1100
(2, 2, 2)
3
(51, 9)
-> Request 9
1320
(3, 2, 1)
1
(75, 36)
--> Day : 1
-> Request 0
96
(4, 3, 2)
3
(69, 69)
-> Request 1
469
(4, 2, 2)
1
(30, 4)
-> Request 2
778
(4, 2, 2)
3
(19, 3)
-> Request 3
809
(2, 1, 1)
3
(16, 79)
-> Request 4
875
(4, 2, 2)
3
(68, 14)
-> Request 5
1226
(3, 3, 2)
2
(77, 45)
-> Request 6
1277
(4, 2, 1)
2
(35, 32)
-> Request 7
1411
(3, 3, 1)
3
(46, 5)
-> Request 8
1430
(4, 2, 2)
3
(58, 23)
--> Day : 2
-> Request 0
239
(4, 3, 1)
1
(77, 30)
-> Request 1
312
(3, 2, 2)
3
(79, 5)
-> Request 2
469
(3, 3, 1)
1
(52, 36)
-> Request 3
542
(4, 1, 1)
2
(56, 73)
-> Request 4
624
(3, 3, 1)
3
(66, 67)
-> Request 5
649
(4, 3, 2)
3
(31, 47)
-> Request 6
811
(4, 2, 2)
1
(70, 61)
-> Request 7
967
(2, 2, 2)
1
(10, 75)
-> Request 8
1175
(3, 3, 1)
2
(1, 75)
-> Request 9
1431
(3, 1, 2)
1
(79, 4)
--> Day : 3
-> Request 0
46
(2, 3, 1)
3
(44, 13)
-> Request 1
167
(2, 3, 2)
3
(52, 32)
-> Request 2
174
(1, 2, 2)
3
(7, 4)
-> Request 3
176
(4, 3, 1)
2
(1, 47)
-> Request 4
212
(3, 3, 2)
2
(40, 3)
-> Request 5
288
(2, 3, 2)
3
(42, 32)
-> Request 6
291
(3, 3, 1)
2
(20, 36)
-> Request 7
324
(4, 2, 2)
2
(56, 60)
-> Request 8
717
(3, 2, 2)
3
(38, 68)
-> Request 9
758
(3, 2, 1)
2
(45, 69)
-> Request 10
770
(4, 3, 1)
1
(27, 61)
-> Request 11
900
(2, 2, 2)
3
(13, 53)
-> Request 12
1069
(3, 3, 1)
3
(60, 41)
-> Request 13
1124
(4, 1, 2)
1
(21, 10)
-> Request 14
1389
(2, 3, 1)
2
(19, 48)
--> Day : 4
-> Request 0
67
(4, 3, 2)
2
(45, 74)
-> Request 1
237
(4, 3, 1)
3
(55, 2)
-> Request 2
249
(3, 2, 1)
1
(32, 11)
-> Request 3
413
(4, 2, 2)
1
(47, 75)
-> Request 4
752
(4, 3, 2)
3
(44, 48)
-> Request 5
855
(4, 3, 1)
2
(51, 47)
-> Request 6
870
(3, 3, 2)
2
(5, 61)
-> Request 7
973
(1, 3, 1)
3
(39, 34)
-> Request 8
1060
(4, 3, 1)
3
(57, 78)
-> Request 9
1080
(4, 3, 1)
1
(29, 11)
---> Week : 1
--> Day : 0
-> Request 0
0
(3, 3, 2)
1
(36, 51)
-> Request 1
257
(3, 3, 1)
1
(59, 39)
-> Request 2
326
(3, 2, 2)
2
(77, 31)
-> Request 3
398
(2, 2, 1)
3
(51, 72)
-> Request 4
602
(4, 3, 2)
3
(32, 43)
-> Request 5
654
(4, 3, 1)
2
(13, 21)
-> Request 6
670
(2, 1, 2)
3
(5, 69)
-> Request 7
745
(3, 2, 1)
3
(72, 36)
-> Request 8
1270
(4, 3, 1)
3
(77, 35)
-> Request 9
1292
(3, 3, 1)
2
(37, 27)
--> Day : 1
-> Request 0
686
(3, 3, 2)
2
(7, 22)
-> Request 1
735
(4, 2, 1)
3
(77, 72)
-> Request 2
1286
(3, 3, 2)
1
(69, 21)
--> Day : 2
-> Request 0
208
(3, 3, 1)
1
(4, 62)
-> Request 1
430
(4, 2, 1)
1
(30, 0)
-> Request 2
540
(3, 2, 1)
2
(29, 71)
-> Request 3
1150
(3, 3, 1)
1
(58, 65)
-> Request 4
1307
(4, 2, 2)
2
(39, 13)
-> Request 5
1367
(4, 3, 1)
2
(6, 23)
-> Request 6
1424
(4, 3, 1)
3
(61, 41)
--> Day : 3
-> Request 0
15
(3, 2, 1)
2
(38, 46)
-> Request 1
163
(4, 2, 1)
1
(61, 38)
-> Request 2
222
(1, 2, 2)
1
(7, 2)
-> Request 3
624
(4, 3, 2)
2
(76, 56)
-> Request 4
890
(2, 2, 2)
2
(19, 54)
-> Request 5
976
(4, 3, 2)
2
(17, 8)
-> Request 6
1025
(4, 2, 1)
3
(13, 27)
-> Request 7
1128
(3, 1, 2)
1
(26, 0)
-> Request 8
1314
(4, 2, 1)
3
(65, 64)
--> Day : 4
-> Request 0
34
(2, 3, 2)
1
(34, 15)
-> Request 1
212
(3, 3, 2)
1
(14, 64)
-> Request 2
562
(4, 3, 2)
2
(71, 27)
-> Request 3
798
(4, 3, 2)
3
(57, 65)
-> Request 4
904
(4, 3, 1)
1
(12, 30)
-> Request 5
1017
(4, 3, 2)
2
(74, 57)
-> Request 6
1202
(4, 3, 2)
3
(78, 37)
---> Week : 2
--> Day : 0
-> Request 0
67
(2, 3, 2)
3
(34, 54)
-> Request 1
444
(4, 3, 2)
1
(29, 52)
-> Request 2
637
(4, 3, 1)
1
(65, 20)
-> Request 3
691
(1, 3, 2)
2
(12, 42)
-> Request 4
818
(4, 2, 2)
3
(3, 44)
-> Request 5
850
(1, 3, 1)
3
(40, 27)
-> Request 6
995
(3, 3, 2)
2
(41, 40)
-> Request 7
1039
(2, 3, 2)
2
(7, 56)
--> Day : 1
-> Request 0
335
(4, 3, 1)
3
(32, 2)
-> Request 1
639
(4, 2, 1)
1
(32, 10)
-> Request 2
689
(3, 3, 2)
3
(72, 30)
-> Request 3
854
(2, 3, 2)
3
(35, 19)
-> Request 4
1002
(3, 2, 1)
3
(0, 46)
-> Request 5
1111
(3, 2, 1)
2
(52, 10)
-> Request 6
1213
(1, 3, 1)
3
(49, 59)
-> Request 7
1330
(3, 2, 1)
3
(9, 55)
--> Day : 2
-> Request 0
423
(3, 2, 1)
2
(39, 57)
-> Request 1
477
(2, 2, 1)
1
(7, 78)
-> Request 2
564
(1, 3, 1)
3
(36, 75)
-> Request 3
579
(2, 3, 1)
2
(32, 18)
-> Request 4
676
(1, 3, 1)
3
(2, 13)
-> Request 5
706
(4, 3, 2)
2
(55, 50)
-> Request 6
941
(1, 3, 2)
2
(70, 23)
-> Request 7
1009
(2, 3, 2)
2
(17, 49)
-> Request 8
1030
(4, 3, 1)
1
(77, 31)
--> Day : 3
-> Request 0
156
(2, 2, 1)
3
(66, 53)
-> Request 1
327
(2, 1, 2)
3
(10, 50)
-> Request 2
406
(4, 3, 2)
3
(29, 51)
-> Request 3
429
(3, 2, 1)
1
(11, 51)
-> Request 4
1087
(2, 3, 2)
3
(7, 7)
-> Request 5
1276
(4, 3, 1)
1
(4, 59)
-> Request 6
1282
(4, 3, 2)
2
(56, 54)
-> Request 7
1360
(3, 2, 2)
3
(57, 77)
-> Request 8
1418
(4, 3, 1)
3
(66, 10)
--> Day : 4
-> Request 0
3
(4, 2, 1)
2
(14, 75)
-> Request 1
209
(4, 2, 1)
3
(71, 40)
-> Request 2
231
(2, 2, 2)
3
(24, 17)
-> Request 3
338
(4, 2, 2)
2
(75, 70)
-> Request 4
355
(4, 2, 2)
3
(19, 21)
-> Request 5
515
(4, 3, 1)
2
(22, 32)
-> Request 6
640
(3, 2, 1)
2
(10, 38)
-> Request 7
910
(3, 1, 1)
1
(69, 10)
-> Request 8
1048
(3, 3, 1)
1
(45, 61)
-> Request 9
1193
(4, 3, 1)
3
(68, 47)
-> Request 10
1289
(4, 3, 1)
3
(58, 37)
-> Request 11
1291
(4, 2, 2)
1
(3, 8)
-> Request 12
1344
(2, 3, 2)
3
(16, 19)
-> Request 13
1373
(1, 2, 1)
1
(43, 60)
---> Week : 3
--> Day : 0
-> Request 0
32
(4, 3, 1)
3
(64, 39)
-> Request 1
246
(4, 2, 2)
2
(50, 51)
-> Request 2
253
(4, 3, 2)
1
(78, 18)
-> Request 3
419
(4, 3, 1)
2
(16, 13)
-> Request 4
530
(2, 3, 1)
2
(30, 27)
-> Request 5
727
(3, 3, 2)
2
(29, 38)
-> Request 6
804
(3, 2, 2)
2
(34, 77)
-> Request 7
983
(2, 3, 2)
2
(18, 13)
-> Request 8
1103
(4, 3, 1)
1
(37, 5)
-> Request 9
1109
(2, 3, 2)
2
(69, 9)
-> Request 10
1146
(3, 3, 1)
3
(73, 40)
-> Request 11
1170
(3, 2, 1)
1
(72, 52)
-> Request 12
1187
(4, 3, 1)
2
(67, 50)
-> Request 13
1399
(4, 2, 1)
3
(36, 76)
--> Day : 1
-> Request 0
75
(4, 2, 1)
1
(22, 71)
-> Request 1
76
(3, 3, 1)
1
(62, 77)
-> Request 2
950
(4, 3, 2)
3
(60, 13)
-> Request 3
969
(2, 3, 1)
3
(12, 64)
-> Request 4
1015
(3, 3, 1)
2
(56, 58)
-> Request 5
1128
(3, 3, 2)
2
(45, 48)
-> Request 6
1185
(4, 2, 1)
1
(77, 63)
-> Request 7
1198
(4, 3, 1)
1
(23, 57)
-> Request 8
1304
(4, 3, 2)
1
(40, 27)
--> Day : 2
-> Request 0
492
(4, 1, 2)
3
(45, 4)
-> Request 1
1107
(3, 3, 2)
2
(26, 31)
-> Request 2
1120
(4, 3, 2)
3
(1, 20)
-> Request 3
1222
(4, 3, 1)
3
(76, 26)
-> Request 4
1319
(3, 3, 1)
2
(55, 58)
-> Request 5
1436
(4, 2, 2)
3
(18, 64)
--> Day : 3
-> Request 0
136
(3, 3, 2)
2
(14, 35)
-> Request 1
353
(4, 3, 1)
2
(25, 30)
-> Request 2
360
(2, 3, 2)
1
(4, 16)
-> Request 3
635
(2, 2, 2)
2
(67, 15)
-> Request 4
1015
(3, 3, 2)
2
(45, 54)
-> Request 5
1117
(4, 3, 2)
1
(17, 64)
-> Request 6
1218
(2, 2, 1)
3
(38, 45)
-> Request 7
1332
(3, 3, 1)
2
(22, 43)
-> Request 8
1386
(4, 3, 2)
3
(20, 47)
--> Day : 4
-> Request 0
22
(4, 3, 1)
2
(49, 1)
-> Request 1
293
(4, 2, 1)
1
(55, 7)
-> Request 2
448
(2, 3, 1)
1
(7, 66)
-> Request 3
682
(4, 3, 2)
3
(50, 72)
-> Request 4
955
(1, 3, 1)
3
(54, 19)
-> Request 5
979
(4, 2, 2)
3
(18, 55)
-> Request 6
1364
(4, 3, 2)
1
(43, 67)
-> Request 7
1433
(4, 3, 2)
2
(63, 31)
---> Week : 4
--> Day : 0
-> Request 0
58
(4, 2, 1)
2
(42, 46)
-> Request 1
121
(4, 2, 2)
2
(54, 76)
-> Request 2
241
(4, 3, 1)
1
(13, 60)
-> Request 3
439
(4, 3, 2)
1
(28, 30)
-> Request 4
447
(3, 2, 1)
2
(5, 22)
-> Request 5
463
(2, 2, 2)
3
(48, 14)
-> Request 6
556
(4, 3, 1)
3
(61, 75)
-> Request 7
703
(4, 3, 2)
1
(48, 49)
-> Request 8
730
(2, 3, 1)
3
(73, 56)
-> Request 9
776
(4, 1, 1)
2
(2, 61)
-> Request 10
848
(4, 3, 2)
3
(11, 10)
-> Request 11
919
(3, 2, 2)
1
(76, 74)
-> Request 12
1257
(4, 2, 2)
1
(21, 43)
--> Day : 1
-> Request 0
47
(3, 3, 1)
1
(39, 35)
-> Request 1
307
(4, 3, 2)
2
(17, 16)
-> Request 2
700
(3, 2, 2)
3
(19, 47)
-> Request 3
801
(4, 3, 1)
2
(34, 8)
-> Request 4
1103
(4, 1, 1)
3
(59, 63)
-> Request 5
1140
(4, 2, 2)
1
(64, 11)
-> Request 6
1167
(4, 3, 1)
3
(50, 57)
-> Request 7
1283
(2, 3, 1)
3
(67, 42)
-> Request 8
1383
(4, 2, 2)
1
(45, 13)
-> Request 9
1433
(3, 2, 2)
2
(56, 52)
--> Day : 2
-> Request 0
113
(2, 1, 2)
1
(21, 4)
-> Request 1
460
(3, 3, 2)
3
(3, 12)
-> Request 2
482
(3, 3, 1)
3
(70, 17)
-> Request 3
592
(4, 3, 1)
1
(25, 12)
--> Day : 3
-> Request 0
32
(3, 3, 2)
1
(30, 63)
-> Request 1
156
(4, 3, 2)
3
(5, 63)
-> Request 2
245
(3, 2, 2)
1
(74, 16)
-> Request 3
251
(2, 2, 2)
1
(0, 28)
-> Request 4
287
(2, 2, 2)
2
(11, 43)
-> Request 5
301
(4, 3, 2)
3
(41, 64)
-> Request 6
341
(4, 3, 1)
2
(22, 44)
-> Request 7
436
(4, 3, 1)
3
(34, 62)
-> Request 8
474
(2, 3, 1)
3
(45, 45)
-> Request 9
678
(4, 3, 2)
2
(66, 58)
-> Request 10
748
(4, 3, 1)
2
(14, 70)
-> Request 11
807
(4, 3, 2)
2
(58, 2)
-> Request 12
867
(4, 2, 2)
3
(49, 27)
-> Request 13
1206
(4, 3, 2)
3
(44, 27)
-> Request 14
1366
(4, 1, 2)
3
(64, 68)
--> Day : 4
-> Request 0
57
(4, 3, 2)
2
(8, 5)
-> Request 1
493
(4, 3, 1)
2
(63, 26)
-> Request 2
1192
(3, 3, 2)
1
(46, 37)
---> Week : 5
--> Day : 0
-> Request 0
100
(3, 3, 2)
3
(74, 26)
-> Request 1
108
(4, 3, 1)
1
(15, 25)
-> Request 2
115
(4, 1, 2)
2
(24, 8)
-> Request 3
271
(3, 3, 1)
1
(52, 7)
-> Request 4
542
(4, 2, 1)
2
(48, 34)
-> Request 5
583
(3, 3, 2)
1
(16, 10)
-> Request 6
590
(4, 2, 1)
1
(25, 9)
-> Request 7
764
(3, 3, 1)
2
(28, 2)
-> Request 8
944
(3, 3, 1)
3
(36, 28)
-> Request 9
1160
(4, 2, 2)
2
(67, 18)
-> Request 10
1222
(1, 2, 1)
2
(31, 16)
-> Request 11
1386
(3, 3, 2)
1
(30, 34)
--> Day : 1
-> Request 0
115
(3, 3, 2)
3
(61, 76)
-> Request 1
159
(1, 3, 2)
1
(39, 6)
-> Request 2
205
(4, 3, 2)
2
(74, 77)
-> Request 3
274
(4, 3, 1)
1
(63, 50)
-> Request 4
309
(4, 2, 1)
3
(15, 12)
-> Request 5
325
(3, 2, 2)
3
(27, 71)
-> Request 6
583
(1, 3, 2)
3
(31, 63)
-> Request 7
636
(4, 1, 2)
2
(36, 13)
-> Request 8
679
(3, 2, 2)
2
(44, 72)
-> Request 9
1244
(4, 3, 2)
2
(18, 21)
-> Request 10
1407
(2, 3, 1)
1
(74, 28)
--> Day : 2
-> Request 0
678
(4, 2, 2)
1
(79, 32)
-> Request 1
684
(3, 2, 2)
3
(25, 23)
-> Request 2
712
(3, 3, 2)
3
(6, 43)
-> Request 3
946
(4, 2, 2)
3
(61, 44)
-> Request 4
946
(3, 3, 2)
2
(31, 49)
-> Request 5
1019
(3, 3, 1)
2
(48, 31)
-> Request 6
1211
(2, 2, 1)
3
(30, 24)
-> Request 7
1290
(1, 3, 2)
3
(64, 41)
--> Day : 3
-> Request 0
242
(4, 3, 2)
1
(27, 55)
-> Request 1
358
(4, 3, 1)
3
(2, 17)
-> Request 2
760
(2, 3, 2)
2
(53, 6)
-> Request 3
824
(4, 3, 1)
1
(58, 28)
-> Request 4
871
(4, 1, 2)
3
(67, 50)
-> Request 5
872
(3, 3, 2)
3
(26, 78)
-> Request 6
930
(1, 2, 1)
3
(9, 21)
-> Request 7
994
(4, 2, 2)
3
(26, 42)
-> Request 8
1074
(3, 3, 2)
3
(26, 37)
-> Request 9
1322
(4, 3, 1)
1
(65, 7)
-> Request 10
1323
(3, 2, 1)
1
(79, 61)
-> Request 11
1383
(2, 3, 1)
1
(41, 24)
--> Day : 4
-> Request 0
175
(3, 2, 2)
3
(3, 32)
-> Request 1
684
(4, 2, 2)
3
(35, 32)
-> Request 2
954
(4, 2, 2)
3
(4, 17)
-> Request 3
1008
(4, 3, 1)
3
(19, 16)
-> Request 4
1112
(4, 1, 2)
2
(36, 24)
-> Request 5
1215
(3, 2, 1)
2
(56, 8)
-> Request 6
1218
(3, 2, 2)
3
(14, 79)
-> Request 7
1266
(2, 3, 1)
1
(41, 20)
---> Week : 6
--> Day : 0
-> Request 0
37
(2, 3, 2)
2
(31, 54)
-> Request 1
252
(4, 3, 2)
1
(45, 65)
-> Request 2
357
(4, 3, 1)
1
(35, 48)
-> Request 3
526
(3, 2, 1)
3
(5, 7)
-> Request 4
589
(4, 3, 1)
1
(1, 66)
-> Request 5
1027
(4, 3, 2)
2
(15, 42)
-> Request 6
1260
(2, 3, 2)
3
(76, 74)
--> Day : 1
-> Request 0
213
(4, 3, 1)
1
(21, 21)
-> Request 1
354
(4, 2, 2)
2
(4, 55)
-> Request 2
508
(4, 3, 1)
3
(26, 14)
-> Request 3
829
(4, 3, 2)
1
(6, 52)
-> Request 4
1126
(2, 3, 2)
3
(28, 35)
-> Request 5
1360
(4, 3, 1)
2
(27, 75)
-> Request 6
1434
(3, 1, 1)
3
(21, 6)
-> Request 7
1437
(2, 2, 1)
2
(65, 53)
--> Day : 2
-> Request 0
295
(4, 3, 1)
2
(61, 57)
-> Request 1
504
(3, 3, 2)
3
(21, 22)
-> Request 2
917
(4, 2, 1)
1
(26, 35)
-> Request 3
937
(4, 3, 1)
3
(51, 39)
-> Request 4
1020
(4, 3, 1)
3
(52, 1)
-> Request 5
1286
(3, 2, 2)
3
(64, 71)
-> Request 6
1432
(3, 2, 1)
1
(31, 11)
--> Day : 3
-> Request 0
162
(4, 2, 2)
1
(11, 68)
-> Request 1
172
(4, 3, 2)
1
(10, 63)
-> Request 2
459
(3, 3, 1)
3
(25, 42)
-> Request 3
1024
(3, 3, 1)
2
(41, 60)
-> Request 4
1304
(2, 2, 1)
1
(5, 51)
--> Day : 4
-> Request 0
101
(4, 3, 2)
2
(27, 67)
-> Request 1
127
(4, 3, 2)
3
(34, 46)
-> Request 2
235
(3, 2, 1)
3
(18, 57)
-> Request 3
274
(2, 3, 1)
2
(4, 34)
-> Request 4
362
(4, 3, 1)
3
(54, 79)
-> Request 5
421
(2, 3, 2)
2
(41, 36)
-> Request 6
469
(3, 3, 1)
2
(20, 7)
-> Request 7
590
(1, 3, 2)
3
(71, 71)
-> Request 8
594
(1, 1, 2)
1
(45, 20)
-> Request 9
638
(2, 3, 2)
3
(33, 30)
-> Request 10
766
(1, 3, 1)
2
(62, 23)
-> Request 11
912
(3, 3, 2)
2
(22, 17)
-> Request 12
1080
(4, 3, 2)
3
(21, 39)
-> Request 13
1120
(4, 2, 1)
3
(73, 42)
-> Request 14
1149
(4, 3, 1)
3
(27, 15)
-> Request 15
1236
(2, 3, 2)
1
(64, 39)
-> Request 16
1279
(3, 3, 2)
1
(74, 75)
-> Request 17
1385
(4, 2, 2)
3
(9, 54)
-> Request 18
1427
(4, 3, 1)
3
(72, 19)
---> Week : 7
--> Day : 0
-> Request 0
5
(4, 3, 2)
2
(38, 2)
-> Request 1
7
(4, 2, 2)
2
(27, 76)
-> Request 2
180
(4, 2, 1)
3
(23, 1)
-> Request 3
423
(3, 2, 2)
3
(25, 0)
-> Request 4
440
(4, 3, 2)
1
(0, 35)
-> Request 5
478
(2, 2, 1)
1
(27, 64)
-> Request 6
520
(2, 3, 2)
2
(6, 35)
-> Request 7
557
(2, 2, 1)
1
(11, 1)
-> Request 8
820
(4, 3, 2)
3
(53, 33)
-> Request 9
938
(2, 3, 1)
3
(7, 44)
-> Request 10
982
(4, 3, 1)
1
(67, 44)
-> Request 11
1153
(4, 3, 1)
1
(58, 56)
-> Request 12
1233
(3, 2, 1)
3
(63, 5)
-> Request 13
1254
(4, 3, 1)
2
(16, 44)
-> Request 14
1262
(3, 2, 1)
1
(68, 79)
--> Day : 1
-> Request 0
64
(1, 2, 2)
1
(2, 71)
-> Request 1
203
(4, 2, 2)
3
(75, 41)
-> Request 2
308
(3, 3, 1)
2
(39, 40)
-> Request 3
364
(3, 2, 1)
3
(37, 25)
-> Request 4
397
(2, 2, 1)
2
(17, 39)
-> Request 5
426
(4, 2, 2)
2
(9, 74)
-> Request 6
790
(3, 3, 1)
3
(5, 75)
-> Request 7
1220
(2, 3, 2)
3
(75, 0)
-> Request 8
1231
(3, 2, 1)
2
(65, 58)
--> Day : 2
-> Request 0
30
(4, 2, 1)
2
(42, 31)
-> Request 1
304
(4, 2, 2)
1
(17, 2)
-> Request 2
401
(1, 3, 2)
3
(58, 60)
-> Request 3
640
(1, 2, 2)
1
(4, 42)
-> Request 4
803
(4, 3, 2)
1
(14, 47)
-> Request 5
944
(4, 2, 2)
1
(53, 14)
-> Request 6
966
(2, 3, 1)
2
(74, 33)
-> Request 7
1156
(2, 1, 2)
1
(15, 73)
-> Request 8
1363
(3, 3, 1)
3
(15, 10)
--> Day : 3
-> Request 0
101
(3, 3, 2)
1
(5, 28)
-> Request 1
114
(4, 1, 2)
2
(52, 10)
-> Request 2
153
(2, 3, 1)
2
(12, 39)
-> Request 3
249
(4, 2, 1)
1
(61, 56)
-> Request 4
346
(3, 3, 2)
1
(37, 61)
-> Request 5
373
(4, 3, 2)
1
(19, 77)
-> Request 6
453
(2, 2, 1)
1
(42, 43)
-> Request 7
490
(3, 3, 2)
1
(64, 12)
-> Request 8
510
(4, 3, 2)
1
(77, 40)
-> Request 9
579
(4, 3, 2)
3
(70, 74)
-> Request 10
592
(4, 3, 1)
1
(23, 52)
-> Request 11
630
(2, 2, 1)
2
(27, 2)
--> Day : 4
-> Request 0
5
(4, 3, 1)
1
(39, 27)
-> Request 1
21
(4, 1, 2)
1
(35, 62)
-> Request 2
149
(3, 3, 2)
2
(15, 69)
-> Request 3
406
(3, 2, 2)
3
(67, 78)
-> Request 4
1028
(4, 2, 1)
1
(3, 69)
-> Request 5
1072
(4, 3, 2)
1
(14, 73)
-> Request 6
1086
(3, 2, 1)
1
(41, 71)
-> Request 7
1289
(4, 1, 2)
2
(67, 53)
-> Request 8
1305
(1, 2, 2)
3
(52, 49)
-> Request 9
1418
(4, 3, 2)
1
(3, 66)
-> Request 10
1426
(1, 3, 1)
2
(49, 32)
---> Week : 8
--> Day : 0
-> Request 0
120
(2, 3, 1)
1
(62, 34)
-> Request 1
267
(1, 3, 2)
3
(21, 53)
-> Request 2
344
(4, 3, 2)
3
(45, 76)
-> Request 3
350
(4, 3, 2)
1
(37, 15)
-> Request 4
551
(3, 2, 1)
1
(49, 46)
-> Request 5
796
(2, 3, 2)
2
(22, 27)
-> Request 6
896
(3, 3, 1)
2
(8, 24)
-> Request 7
1088
(3, 3, 1)
1
(57, 27)
-> Request 8
1300
(3, 3, 1)
3
(65, 40)
-> Request 9
1368
(4, 3, 1)
1
(11, 29)
-> Request 10
1397
(4, 3, 1)
1
(61, 19)
--> Day : 1
-> Request 0
8
(3, 2, 1)
3
(40, 73)
-> Request 1
179
(4, 3, 2)
2
(72, 55)
-> Request 2
527
(4, 2, 1)
1
(26, 5)
-> Request 3
605
(4, 3, 2)
1
(78, 41)
-> Request 4
614
(4, 2, 1)
3
(41, 26)
-> Request 5
635
(2, 3, 2)
1
(12, 27)
-> Request 6
972
(4, 3, 2)
1
(44, 71)
-> Request 7
1082
(4, 3, 1)
3
(34, 34)
-> Request 8
1138
(4, 3, 1)
2
(55, 3)
-> Request 9
1412
(1, 3, 2)
2
(47, 27)
--> Day : 2
-> Request 0
45
(4, 3, 2)
1
(15, 70)
-> Request 1
168
(2, 2, 2)
3
(44, 6)
-> Request 2
216
(3, 3, 1)
1
(26, 75)
-> Request 3
228
(2, 3, 1)
3
(26, 30)
-> Request 4
262
(2, 3, 1)
3
(44, 3)
-> Request 5
345
(4, 3, 1)
1
(36, 29)
-> Request 6
673
(3, 1, 1)
3
(73, 2)
-> Request 7
865
(4, 3, 2)
1
(66, 79)
-> Request 8
1153
(4, 3, 2)
3
(51, 54)
-> Request 9
1167
(4, 3, 2)
3
(26, 71)
-> Request 10
1285
(3, 3, 2)
1
(4, 8)
--> Day : 3
-> Request 0
161
(4, 2, 1)
2
(8, 32)
-> Request 1
165
(2, 3, 1)
3
(54, 26)
-> Request 2
471
(3, 2, 1)
3
(27, 33)
-> Request 3
747
(4, 2, 1)
3
(35, 22)
-> Request 4
941
(1, 2, 2)
3
(54, 73)
-> Request 5
1116
(4, 3, 1)
2
(49, 71)
-> Request 6
1199
(2, 3, 2)
1
(78, 21)
-> Request 7
1362
(4, 2, 2)
1
(35, 31)
--> Day : 4
-> Request 0
268
(4, 2, 2)
3
(52, 54)
-> Request 1
565
(4, 3, 2)
1
(58, 40)
-> Request 2
577
(3, 3, 1)
3
(13, 64)
-> Request 3
674
(3, 3, 2)
2
(6, 65)
-> Request 4
745
(4, 2, 2)
2
(63, 75)
-> Request 5
928
(3, 3, 1)
1
(1, 60)
-> Request 6
1158
(3, 3, 2)
3
(31, 41)
-> Request 7
1372
(4, 3, 2)
1
(23, 43)
-> Request 8
1408
(4, 2, 2)
3
(41, 41)
---> Week : 9
--> Day : 0
-> Request 0
568
(4, 3, 1)
2
(65, 13)
-> Request 1
896
(3, 3, 2)
1
(36, 48)
--> Day : 1
-> Request 0
48
(3, 2, 2)
1
(3, 54)
-> Request 1
749
(4, 3, 1)
1
(54, 6)
-> Request 2
763
(3, 3, 1)
2
(15, 66)
-> Request 3
897
(4, 2, 2)
3
(59, 75)
-> Request 4
969
(4, 3, 1)
2
(58, 44)
-> Request 5
1044
(3, 3, 2)
3
(0, 34)
-> Request 6
1228
(4, 2, 1)
3
(3, 64)
-> Request 7
1367
(1, 3, 1)
3
(78, 35)
--> Day : 2
-> Request 0
214
(3, 3, 1)
1
(42, 9)
-> Request 1
374
(3, 3, 1)
3
(67, 58)
-> Request 2
585
(1, 3, 1)
3
(49, 36)
-> Request 3
607
(4, 3, 1)
2
(12, 19)
-> Request 4
793
(3, 2, 2)
1
(3, 47)
-> Request 5
1007
(3, 3, 1)
1
(6, 16)
-> Request 6
1031
(3, 2, 1)
1
(7, 54)
-> Request 7
1091
(3, 2, 2)
3
(69, 30)
-> Request 8
1104
(4, 3, 1)
2
(39, 53)
-> Request 9
1393
(4, 2, 1)
3
(59, 72)
-> Request 10
1395
(4, 3, 2)
3
(11, 30)
-> Request 11
1406
(4, 2, 2)
1
(36, 69)
--> Day : 3
-> Request 0
103
(3, 2, 2)
2
(15, 53)
-> Request 1
225
(3, 3, 2)
3
(72, 67)
-> Request 2
229
(3, 3, 1)
3
(74, 25)
-> Request 3
252
(2, 3, 2)
1
(76, 34)
-> Request 4
314
(3, 3, 2)
2
(4, 74)
-> Request 5
447
(4, 3, 2)
3
(56, 49)
-> Request 6
476
(4, 2, 2)
2
(35, 33)
-> Request 7
653
(2, 2, 2)
3
(8, 63)
-> Request 8
840
(4, 3, 1)
1
(61, 14)
-> Request 9
925
(1, 2, 1)
1
(67, 9)
-> Request 10
931
(4, 3, 2)
1
(62, 26)
-> Request 11
1060
(3, 2, 2)
3
(79, 20)
-> Request 12
1142
(4, 3, 1)
1
(47, 78)
--> Day : 4
-> Request 0
4
(2, 2, 2)
3
(22, 51)
-> Request 1
413
(3, 2, 2)
3
(59, 62)
-> Request 2
466
(3, 3, 2)
3
(74, 40)
-> Request 3
523
(3, 3, 1)
3
(46, 25)
-> Request 4
704
(2, 3, 1)
1
(22, 43)
-> Request 5
708
(3, 3, 2)
3
(16, 47)
-> Request 6
991
(3, 2, 1)
2
(40, 76)
-> Request 7
997
(4, 3, 1)
2
(29, 70)
-> Request 8
1015
(4, 2, 2)
2
(22, 10)
-> Request 9
1255
(3, 2, 1)
3
(61, 46)
-> Request 10
1311
(3, 3, 2)
1
(9, 71)
-> Request 11
1350
(3, 3, 2)
2
(21, 64)
-> Request 12
1378
(3, 3, 1)
2
(28, 22)
---> Week : 10
--> Day : 0
-> Request 0
55
(3, 3, 1)
3
(54, 73)
-> Request 1
331
(4, 3, 2)
2
(27, 15)
-> Request 2
531
(4, 3, 2)
1
(32, 9)
-> Request 3
626
(3, 2, 2)
2
(14, 3)
-> Request 4
710
(2, 3, 1)
1
(34, 13)
-> Request 5
727
(4, 3, 1)
2
(62, 41)
-> Request 6
828
(3, 3, 1)
2
(21, 73)
-> Request 7
862
(4, 2, 1)
3
(31, 37)
-> Request 8
869
(2, 3, 2)
2
(20, 77)
-> Request 9
891
(3, 3, 1)
3
(15, 75)
-> Request 10
1373
(2, 3, 2)
1
(16, 56)
--> Day : 1
-> Request 0
439
(3, 3, 2)
1
(28, 9)
-> Request 1
493
(4, 3, 2)
2
(52, 58)
-> Request 2
529
(4, 2, 1)
3
(59, 24)
-> Request 3
697
(3, 3, 1)
2
(28, 16)
-> Request 4
1003
(4, 3, 1)
2
(12, 42)
-> Request 5
1006
(1, 3, 1)
1
(39, 24)
-> Request 6
1024
(2, 3, 1)
1
(12, 67)
-> Request 7
1052
(3, 3, 2)
2
(10, 15)
-> Request 8
1134
(4, 2, 2)
1
(77, 38)
-> Request 9
1410
(4, 3, 1)
2
(14, 70)
--> Day : 2
-> Request 0
1
(4, 2, 2)
1
(49, 31)
-> Request 1
26
(4, 3, 2)
2
(57, 60)
-> Request 2
112
(4, 3, 1)
1
(52, 47)
-> Request 3
215
(4, 3, 1)
1
(18, 49)
-> Request 4
238
(1, 3, 2)
2
(6, 71)
-> Request 5
263
(4, 2, 2)
2
(79, 11)
-> Request 6
265
(4, 1, 1)
2
(15, 69)
-> Request 7
320
(4, 3, 2)
3
(7, 21)
-> Request 8
364
(4, 1, 2)
1
(39, 25)
-> Request 9
682
(3, 3, 2)
2
(50, 68)
-> Request 10
746
(3, 3, 1)
2
(50, 6)
-> Request 11
1107
(3, 3, 2)
2
(60, 11)
-> Request 12
1302
(2, 3, 1)
3
(50, 67)
-> Request 13
1303
(2, 3, 2)
2
(36, 11)
-> Request 14
1336
(4, 2, 2)
1
(46, 44)
--> Day : 3
-> Request 0
58
(1, 3, 1)
3
(58, 30)
-> Request 1
197
(1, 3, 1)
2
(1, 44)
-> Request 2
208
(3, 3, 1)
3
(66, 44)
-> Request 3
332
(1, 3, 1)
2
(30, 54)
-> Request 4
410
(4, 3, 1)
2
(17, 6)
-> Request 5
614
(3, 3, 2)
2
(78, 66)
-> Request 6
789
(4, 3, 2)
2
(20, 21)
-> Request 7
861
(2, 3, 1)
2
(25, 21)
-> Request 8
1415
(4, 3, 1)
3
(49, 71)
--> Day : 4
-> Request 0
115
(3, 2, 1)
2
(58, 7)
-> Request 1
120
(4, 3, 1)
2
(13, 38)
-> Request 2
243
(1, 3, 2)
3
(33, 29)
-> Request 3
1203
(4, 2, 2)
1
(77, 23)
-> Request 4
1260
(3, 2, 1)
3
(62, 70)
-> Request 5
1409
(4, 3, 2)
3
(10, 8)
---> Week : 11
--> Day : 0
-> Request 0
69
(3, 3, 1)
2
(72, 28)
-> Request 1
431
(3, 3, 2)
1
(56, 68)
-> Request 2
478
(3, 3, 1)
1
(17, 41)
-> Request 3
809
(4, 3, 1)
1
(19, 32)
-> Request 4
845
(3, 2, 2)
2
(52, 40)
-> Request 5
925
(4, 3, 2)
2
(28, 52)
-> Request 6
928
(3, 3, 2)
1
(30, 55)
--> Day : 1
-> Request 0
3
(3, 3, 1)
2
(69, 31)
-> Request 1
30
(3, 3, 1)
1
(31, 23)
-> Request 2
256
(3, 3, 2)
3
(70, 2)
-> Request 3
271
(3, 3, 2)
2
(40, 61)
-> Request 4
478
(4, 3, 1)
3
(1, 72)
-> Request 5
536
(3, 3, 2)
1
(17, 38)
-> Request 6
798
(4, 1, 1)
3
(60, 23)
-> Request 7
867
(4, 3, 2)
1
(13, 35)
-> Request 8
871
(4, 3, 1)
2
(78, 12)
-> Request 9
954
(4, 2, 2)
3
(18, 30)
-> Request 10
1053
(4, 2, 2)
1
(32, 70)
-> Request 11
1088
(4, 3, 1)
1
(78, 16)
--> Day : 2
-> Request 0
15
(2, 2, 1)
1
(25, 69)
-> Request 1
207
(4, 3, 2)
3
(42, 1)
-> Request 2
238
(3, 2, 2)
2
(45, 69)
-> Request 3
432
(3, 2, 1)
3
(8, 13)
-> Request 4
629
(4, 3, 1)
2
(49, 36)
-> Request 5
643
(3, 3, 2)
2
(77, 65)
-> Request 6
655
(3, 3, 2)
3
(4, 10)
-> Request 7
1242
(4, 2, 2)
3
(19, 30)
-> Request 8
1337
(4, 3, 1)
3
(10, 17)
--> Day : 3
-> Request 0
61
(1, 3, 2)
2
(2, 52)
-> Request 1
208
(3, 2, 2)
1
(25, 69)
-> Request 2
346
(4, 3, 1)
3
(17, 54)
-> Request 3
569
(2, 3, 2)
2
(46, 33)
-> Request 4
572
(2, 3, 1)
2
(18, 58)
-> Request 5
637
(4, 3, 2)
2
(3, 57)
-> Request 6
782
(3, 3, 1)
3
(23, 5)
-> Request 7
816
(3, 3, 1)
3
(51, 39)
-> Request 8
838
(2, 2, 2)
3
(0, 62)
-> Request 9
1030
(3, 2, 2)
2
(40, 41)
-> Request 10
1061
(4, 2, 2)
3
(34, 22)
-> Request 11
1189
(4, 1, 2)
3
(31, 32)
-> Request 12
1263
(4, 3, 1)
1
(54, 34)
--> Day : 4
-> Request 0
313
(3, 3, 2)
2
(47, 56)
-> Request 1
515
(2, 3, 1)
2
(58, 45)
-> Request 2
640
(2, 2, 1)
1
(42, 74)
-> Request 3
738
(4, 3, 1)
1
(58, 24)
-> Request 4
1024
(4, 3, 1)
1
(30, 18)
-> Request 5
1104
(4, 2, 2)
1
(27, 57)
-> Request 6
1177
(4, 3, 1)
1
(18, 13)
-> Request 7
1253
(3, 3, 1)
3
(70, 32)
-> Request 8
1269
(4, 3, 2)
1
(5, 13)
-> Request 9
1281
(4, 3, 2)
2
(22, 20)
-> Request 10
1298
(4, 3, 1)
2
(20, 11)
---> Week : 12
--> Day : 0
-> Request 0
39
(4, 2, 2)
3
(34, 45)
-> Request 1
89
(4, 2, 2)
2
(35, 35)
-> Request 2
132
(3, 3, 1)
1
(24, 58)
-> Request 3
161
(4, 3, 1)
3
(26, 60)
-> Request 4
300
(4, 3, 2)
1
(74, 53)
-> Request 5
311
(3, 2, 2)
2
(61, 19)
-> Request 6
435
(3, 3, 2)
1
(39, 18)
-> Request 7
525
(2, 3, 2)
2
(77, 70)
-> Request 8
628
(1, 3, 2)
1
(69, 60)
-> Request 9
786
(4, 3, 2)
1
(53, 72)
-> Request 10
884
(4, 3, 1)
3
(33, 44)
-> Request 11
983
(3, 3, 2)
1
(53, 12)
-> Request 12
1235
(4, 3, 2)
1
(27, 17)
-> Request 13
1362
(2, 3, 2)
1
(52, 9)
-> Request 14
1409
(3, 2, 2)
2
(24, 9)
--> Day : 1
-> Request 0
296
(4, 3, 2)
2
(76, 24)
-> Request 1
338
(4, 3, 1)
3
(40, 71)
-> Request 2
792
(4, 2, 1)
2
(24, 67)
-> Request 3
1353
(2, 3, 2)
2
(71, 56)
-> Request 4
1366
(4, 2, 1)
3
(45, 20)
--> Day : 2
-> Request 0
194
(4, 2, 2)
2
(36, 12)
-> Request 1
250
(1, 3, 1)
1
(70, 5)
-> Request 2
259
(3, 2, 1)
2
(27, 13)
-> Request 3
293
(2, 3, 1)
1
(11, 32)
-> Request 4
405
(4, 1, 1)
2
(19, 42)
-> Request 5
409
(2, 3, 1)
3
(31, 10)
-> Request 6
469
(4, 3, 2)
3
(48, 29)
-> Request 7
487
(4, 2, 1)
2
(38, 44)
-> Request 8
576
(4, 2, 2)
3
(70, 8)
-> Request 9
646
(3, 2, 2)
1
(18, 2)
-> Request 10
672
(4, 3, 2)
3
(40, 61)
-> Request 11
708
(2, 3, 1)
2
(15, 79)
-> Request 12
736
(4, 2, 2)
1
(0, 18)
-> Request 13
1108
(4, 3, 2)
1
(1, 47)
-> Request 14
1178
(2, 3, 1)
3
(48, 45)
-> Request 15
1301
(4, 3, 2)
1
(64, 39)
-> Request 16
1340
(2, 3, 1)
2
(76, 77)
-> Request 17
1361
(4, 1, 1)
1
(79, 35)
--> Day : 3
-> Request 0
21
(3, 3, 2)
1
(34, 0)
-> Request 1
170
(3, 2, 1)
3
(44, 77)
-> Request 2
243
(3, 2, 1)
3
(26, 12)
-> Request 3
335
(4, 3, 1)
3
(65, 77)
-> Request 4
350
(4, 1, 2)
3
(68, 52)
-> Request 5
448
(3, 3, 2)
1
(76, 71)
-> Request 6
703
(3, 3, 2)
2
(17, 54)
-> Request 7
704
(4, 2, 1)
2
(9, 7)
-> Request 8
816
(3, 2, 2)
2
(48, 20)
-> Request 9
998
(4, 2, 1)
1
(25, 47)
-> Request 10
1272
(4, 1, 1)
1
(49, 6)
--> Day : 4
-> Request 0
248
(2, 3, 1)
3
(52, 50)
-> Request 1
360
(4, 2, 1)
1
(78, 16)
-> Request 2
394
(4, 3, 2)
2
(25, 32)
-> Request 3
441
(4, 2, 2)
1
(59, 25)
-> Request 4
472
(4, 3, 1)
3
(38, 47)
-> Request 5
680
(3, 2, 1)
1
(31, 0)
-> Request 6
680
(3, 3, 1)
3
(38, 48)
-> Request 7
740
(2, 2, 2)
1
(9, 28)
-> Request 8
751
(3, 3, 2)
2
(48, 31)
-> Request 9
776
(4, 3, 2)
3
(51, 22)
-> Request 10
1031
(4, 3, 1)
1
(57, 6)
-> Request 11
1187
(3, 2, 1)
3
(38, 18)
-> Request 12
1207
(4, 3, 2)
3
(40, 8)
-> Request 13
1437
(4, 1, 2)
2
(42, 60)
---> Week : 13
--> Day : 0
-> Request 0
159
(1, 2, 2)
2
(37, 43)
-> Request 1
557
(2, 2, 2)
3
(47, 15)
-> Request 2
635
(4, 3, 2)
2
(54, 59)
-> Request 3
652
(4, 3, 1)
1
(75, 76)
-> Request 4
779
(3, 2, 2)
3
(72, 21)
-> Request 5
836
(2, 1, 1)
1
(46, 15)
-> Request 6
955
(3, 2, 2)
1
(68, 25)
-> Request 7
1045
(3, 2, 1)
2
(16, 63)
-> Request 8
1103
(3, 3, 2)
3
(18, 56)
-> Request 9
1175
(2, 2, 1)
1
(15, 76)
-> Request 10
1394
(4, 2, 1)
2
(14, 36)
-> Request 11
1415
(1, 2, 2)
1
(33, 46)
--> Day : 1
-> Request 0
110
(3, 3, 1)
1
(77, 73)
-> Request 1
123
(3, 3, 2)
1
(7, 33)
-> Request 2
289
(4, 3, 1)
2
(21, 26)
-> Request 3
435
(4, 3, 1)
1
(22, 57)
-> Request 4
490
(4, 2, 1)
3
(57, 53)
-> Request 5
585
(4, 3, 1)
2
(78, 66)
-> Request 6
652
(4, 3, 2)
3
(78, 69)
-> Request 7
734
(3, 3, 2)
2
(16, 40)
-> Request 8
921
(2, 3, 2)
2
(65, 42)
-> Request 9
1005
(4, 3, 1)
1
(53, 22)
-> Request 10
1369
(4, 3, 2)
3
(53, 77)
-> Request 11
1430
(4, 2, 2)
2
(34, 65)
--> Day : 2
-> Request 0
626
(4, 2, 2)
3
(41, 67)
-> Request 1
1012
(3, 3, 2)
3
(57, 12)
-> Request 2
1082
(4, 2, 2)
1
(35, 68)
-> Request 3
1219
(4, 3, 2)
3
(58, 67)
-> Request 4
1405
(4, 2, 1)
1
(77, 45)
--> Day : 3
-> Request 0
90
(4, 3, 2)
2
(19, 40)
-> Request 1
166
(4, 3, 2)
2
(55, 78)
-> Request 2
579
(3, 2, 2)
2
(46, 32)
-> Request 3
772
(4, 3, 2)
3
(79, 32)
-> Request 4
815
(1, 3, 1)
1
(71, 21)
-> Request 5
938
(1, 3, 2)
1
(38, 5)
-> Request 6
973
(4, 2, 2)
3
(54, 50)
-> Request 7
1130
(4, 3, 1)
2
(74, 9)
-> Request 8
1221
(3, 1, 1)
1
(15, 43)
-> Request 9
1294
(3, 3, 2)
1
(50, 42)
-> Request 10
1297
(4, 2, 1)
3
(77, 67)
--> Day : 4
-> Request 0
335
(1, 2, 2)
2
(11, 65)
-> Request 1
467
(4, 3, 2)
3
(62, 12)
-> Request 2
651
(3, 3, 2)
3
(12, 36)
-> Request 3
1056
(3, 2, 1)
2
(0, 36)
---> Week : 14
--> Day : 0
-> Request 0
42
(1, 3, 2)
2
(54, 50)
-> Request 1
412
(4, 3, 2)
3
(17, 60)
-> Request 2
1212
(4, 3, 1)
1
(7, 30)
-> Request 3
1223
(1, 2, 2)
1
(23, 7)
-> Request 4
1265
(2, 3, 2)
3
(58, 72)
--> Day : 1
-> Request 0
118
(4, 2, 1)
3
(37, 15)
-> Request 1
239
(2, 1, 1)
1
(19, 77)
-> Request 2
317
(4, 3, 1)
2
(48, 1)
-> Request 3
363
(4, 2, 2)
1
(34, 24)
-> Request 4
482
(4, 2, 2)
1
(12, 5)
-> Request 5
567
(2, 2, 2)
3
(27, 24)
-> Request 6
635
(3, 3, 2)
1
(64, 76)
-> Request 7
1065
(4, 3, 1)
3
(38, 58)
-> Request 8
1303
(2, 2, 2)
2
(51, 79)
-> Request 9
1303
(3, 3, 1)
3
(68, 34)
--> Day : 2
-> Request 0
33
(3, 2, 2)
1
(47, 27)
-> Request 1
47
(3, 3, 1)
1
(4, 44)
-> Request 2
172
(4, 2, 1)
2
(42, 26)
-> Request 3
276
(4, 3, 1)
3
(31, 11)
-> Request 4
311
(4, 2, 2)
1
(3, 54)
-> Request 5
416
(2, 2, 1)
1
(29, 41)
-> Request 6
509
(3, 3, 2)
1
(0, 69)
-> Request 7
782
(3, 2, 2)
2
(5, 21)
-> Request 8
994
(4, 2, 2)
1
(3, 73)
-> Request 9
1016
(4, 3, 1)
3
(28, 20)
-> Request 10
1022
(4, 2, 2)
2
(15, 61)
-> Request 11
1100
(3, 2, 1)
1
(49, 41)
-> Request 12
1243
(4, 3, 2)
1
(63, 34)
--> Day : 3
-> Request 0
273
(3, 3, 1)
1
(72, 6)
-> Request 1
301
(3, 2, 1)
1
(56, 47)
-> Request 2
409
(2, 1, 2)
2
(53, 14)
-> Request 3
429
(3, 2, 2)
2
(59, 43)
-> Request 4
539
(4, 2, 1)
2
(49, 54)
-> Request 5
559
(3, 3, 2)
2
(8, 74)
-> Request 6
1039
(4, 3, 2)
2
(49, 48)
-> Request 7
1215
(3, 3, 2)
3
(40, 78)
-> Request 8
1317
(3, 1, 2)
1
(10, 74)
--> Day : 4
-> Request 0
129
(4, 2, 1)
1
(55, 43)
-> Request 1
159
(4, 3, 2)
3
(75, 25)
-> Request 2
436
(3, 2, 1)
1
(49, 18)
-> Request 3
497
(4, 3, 1)
3
(67, 13)
-> Request 4
972
(3, 3, 1)
3
(0, 15)
-> Request 5
1324
(4, 3, 1)
1
(14, 68)
---> Week : 15
--> Day : 0
-> Request 0
125
(4, 3, 1)
3
(0, 75)
-> Request 1
606
(4, 2, 1)
1
(35, 8)
-> Request 2
1401
(4, 2, 2)
3
(49, 10)
-> Request 3
1408
(3, 3, 2)
2
(45, 38)
--> Day : 1
-> Request 0
144
(4, 2, 2)
2
(70, 41)
-> Request 1
488
(2, 1, 1)
2
(69, 50)
-> Request 2
716
(2, 3, 1)
1
(56, 5)
-> Request 3
781
(4, 2, 1)
3
(1, 26)
-> Request 4
962
(4, 2, 2)
2
(39, 0)
-> Request 5
1284
(2, 3, 2)
1
(25, 71)
-> Request 6
1435
(4, 3, 1)
1
(65, 47)
--> Day : 2
-> Request 0
10
(3, 2, 2)
2
(34, 70)
-> Request 1
10
(4, 2, 1)
3
(11, 17)
-> Request 2
172
(3, 2, 1)
3
(63, 76)
-> Request 3
202
(3, 3, 2)
3
(77, 0)
-> Request 4
299
(4, 3, 2)
2
(49, 62)
-> Request 5
510
(4, 3, 1)
3
(18, 25)
-> Request 6
592
(3, 3, 2)
1
(4, 45)
-> Request 7
654
(4, 2, 1)
2
(40, 21)
-> Request 8
784
(4, 2, 2)
2
(27, 45)
-> Request 9
961
(4, 2, 1)
2
(25, 48)
-> Request 10
983
(4, 2, 1)
1
(51, 77)
-> Request 11
1239
(4, 2, 1)
3
(67, 52)
--> Day : 3
-> Request 0
20
(2, 3, 2)
3
(42, 12)
-> Request 1
20
(4, 3, 1)
2
(37, 41)
-> Request 2
248
(3, 3, 2)
1
(58, 19)
-> Request 3
310
(3, 3, 1)
1
(55, 24)
-> Request 4
955
(4, 3, 2)
2
(23, 39)
-> Request 5
990
(4, 3, 1)
1
(37, 73)
-> Request 6
1031
(4, 2, 1)
2
(16, 77)
-> Request 7
1168
(4, 3, 2)
2
(70, 58)
--> Day : 4
-> Request 0
273
(2, 2, 1)
3
(68, 50)
-> Request 1
546
(4, 1, 2)
2
(58, 56)
-> Request 2
630
(4, 2, 2)
2
(9, 46)
-> Request 3
898
(3, 3, 2)
3
(2, 38)
-> Request 4
931
(4, 3, 1)
1
(42, 63)
-> Request 5
1103
(3, 2, 1)
1
(20, 16)
-> Request 6
1116
(4, 3, 2)
2
(2, 56)
-> Request 7
1144
(3, 3, 1)
2
(66, 13)
-> Request 8
1189
(2, 2, 2)
2
(0, 59)
-> Request 9
1245
(3, 2, 2)
1
(56, 31)
---> Week : 16
--> Day : 0
-> Request 0
40
(4, 3, 2)
3
(71, 13)
-> Request 1
42
(4, 3, 1)
2
(61, 52)
-> Request 2
331
(3, 3, 2)
2
(27, 27)
-> Request 3
374
(4, 2, 2)
3
(39, 29)
-> Request 4
519
(4, 1, 1)
1
(6, 67)
-> Request 5
568
(4, 3, 2)
2
(68, 77)
-> Request 6
582
(4, 2, 1)
2
(35, 78)
-> Request 7
778
(4, 2, 1)
3
(5, 65)
-> Request 8
843
(1, 2, 1)
1
(72, 6)
-> Request 9
1167
(4, 1, 1)
3
(59, 56)
-> Request 10
1221
(4, 1, 2)
3
(18, 71)
-> Request 11
1294
(4, 3, 1)
2
(63, 66)
-> Request 12
1325
(4, 3, 1)
1
(40, 5)
-> Request 13
1404
(4, 2, 1)
3
(74, 37)
-> Request 14
1412
(3, 3, 1)
3
(79, 6)
--> Day : 1
-> Request 0
28
(4, 2, 1)
3
(66, 22)
-> Request 1
43
(4, 2, 1)
2
(37, 64)
-> Request 2
82
(3, 3, 1)
2
(65, 43)
-> Request 3
348
(4, 3, 2)
1
(17, 69)
-> Request 4
517
(2, 2, 2)
2
(56, 68)
-> Request 5
536
(4, 2, 1)
1
(70, 49)
-> Request 6
943
(4, 3, 2)
2
(17, 7)
-> Request 7
1006
(4, 3, 1)
2
(62, 68)
-> Request 8
1089
(4, 2, 1)
2
(59, 16)
-> Request 9
1143
(4, 3, 1)
1
(59, 3)
-> Request 10
1143
(3, 2, 2)
1
(78, 79)
-> Request 11
1255
(2, 3, 2)
3
(22, 28)
-> Request 12
1308
(2, 2, 2)
1
(60, 51)
-> Request 13
1370
(1, 3, 2)
2
(73, 21)
--> Day : 2
-> Request 0
165
(3, 3, 1)
1
(63, 8)
-> Request 1
671
(4, 2, 1)
1
(30, 54)
-> Request 2
738
(4, 3, 2)
2
(37, 50)
-> Request 3
745
(4, 3, 1)
2
(22, 27)
-> Request 4
788
(3, 3, 2)
3
(52, 50)
-> Request 5
1113
(4, 3, 1)
3
(70, 34)
-> Request 6
1146
(4, 2, 1)
3
(52, 51)
-> Request 7
1280
(1, 2, 2)
3
(18, 72)
-> Request 8
1414
(4, 2, 1)
3
(1, 13)
-> Request 9
1428
(3, 3, 2)
3
(30, 21)
--> Day : 3
-> Request 0
468
(3, 3, 2)
3
(43, 5)
-> Request 1
538
(4, 2, 2)
3
(73, 70)
-> Request 2
598
(3, 3, 1)
2
(60, 38)
-> Request 3
776
(2, 2, 2)
1
(66, 53)
-> Request 4
954
(2, 3, 1)
2
(36, 43)
-> Request 5
992
(2, 3, 2)
3
(26, 75)
-> Request 6
1027
(3, 3, 1)
2
(79, 61)
-> Request 7
1096
(2, 2, 1)
2
(3, 26)
-> Request 8
1210
(3, 2, 1)
1
(63, 35)
--> Day : 4
-> Request 0
71
(4, 2, 1)
2
(59, 42)
-> Request 1
107
(3, 3, 2)
3
(39, 10)
-> Request 2
134
(4, 3, 1)
1
(21, 63)
-> Request 3
368
(3, 3, 1)
1
(73, 34)
-> Request 4
597
(4, 3, 1)
3
(24, 26)
-> Request 5
831
(3, 3, 2)
3
(12, 7)
-> Request 6
1031
(2, 3, 1)
1
(41, 46)
-> Request 7
1297
(1, 3, 1)
3
(19, 67)
-> Request 8
1305
(4, 3, 2)
1
(13, 47)
---> Week : 17
--> Day : 0
-> Request 0
404
(4, 3, 2)
3
(7, 45)
-> Request 1
436
(3, 3, 2)
3
(31, 59)
-> Request 2
547
(4, 3, 1)
1
(74, 74)
-> Request 3
751
(4, 2, 1)
2
(22, 13)
-> Request 4
848
(4, 3, 2)
1
(51, 12)
-> Request 5
932
(4, 3, 1)
1
(23, 67)
-> Request 6
961
(2, 3, 2)
1
(18, 9)
-> Request 7
1021
(1, 3, 2)
3
(43, 5)
-> Request 8
1124
(4, 3, 1)
3
(46, 27)
-> Request 9
1131
(4, 2, 1)
1
(15, 37)
--> Day : 1
-> Request 0
134
(4, 3, 1)
3
(51, 78)
-> Request 1
180
(1, 2, 1)
2
(17, 15)
-> Request 2
348
(3, 2, 1)
2
(2, 11)
-> Request 3
457
(4, 2, 1)
2
(70, 39)
-> Request 4
659
(4, 2, 1)
1
(6, 67)
-> Request 5
668
(4, 3, 1)
3
(48, 32)
-> Request 6
998
(4, 2, 1)
2
(76, 71)
-> Request 7
1147
(3, 2, 2)
3
(26, 38)
-> Request 8
1177
(2, 2, 2)
2
(11, 23)
-> Request 9
1224
(4, 3, 2)
1
(40, 76)
--> Day : 2
-> Request 0
24
(3, 2, 1)
1
(11, 26)
-> Request 1
353
(2, 3, 2)
1
(30, 78)
-> Request 2
452
(3, 2, 1)
2
(51, 54)
-> Request 3
656
(4, 1, 1)
2
(78, 13)
-> Request 4
1435
(4, 1, 1)
2
(39, 58)
--> Day : 3
-> Request 0
26
(4, 3, 2)
2
(39, 51)
-> Request 1
150
(4, 3, 1)
2
(55, 34)
-> Request 2
391
(3, 2, 1)
2
(17, 47)
-> Request 3
565
(4, 3, 2)
1
(49, 36)
-> Request 4
638
(1, 3, 2)
1
(63, 41)
-> Request 5
675
(3, 2, 2)
2
(26, 48)
-> Request 6
681
(2, 3, 2)
3
(49, 38)
-> Request 7
707
(4, 2, 1)
2
(4, 62)
-> Request 8
731
(3, 1, 1)
2
(37, 67)
-> Request 9
773
(4, 2, 1)
1
(26, 2)
-> Request 10
925
(3, 2, 1)
3
(38, 75)
-> Request 11
1133
(4, 2, 1)
1
(60, 8)
-> Request 12
1375
(2, 2, 1)
3
(41, 52)
--> Day : 4
-> Request 0
289
(3, 3, 1)
3
(50, 60)
-> Request 1
429
(4, 3, 2)
2
(14, 77)
-> Request 2
623
(3, 3, 1)
3
(53, 68)
-> Request 3
720
(4, 2, 2)
3
(71, 58)
-> Request 4
729
(3, 2, 2)
1
(3, 55)
-> Request 5
975
(4, 3, 2)
1
(24, 9)
-> Request 6
1097
(4, 2, 2)
1
(19, 47)
-> Request 7
1128
(2, 2, 1)
3
(78, 27)
-> Request 8
1210
(2, 3, 1)
3
(64, 15)
-> Request 9
1388
(2, 3, 1)
3
(58, 76)
---> Week : 18
--> Day : 0
-> Request 0
592
(3, 2, 2)
1
(3, 20)
-> Request 1
597
(4, 3, 2)
2
(51, 52)
-> Request 2
654
(4, 2, 2)
1
(36, 45)
-> Request 3
655
(4, 3, 2)
2
(34, 44)
-> Request 4
856
(4, 3, 2)
1
(74, 61)
-> Request 5
1205
(2, 2, 1)
2
(1, 2)
-> Request 6
1235
(3, 3, 1)
2
(26, 8)
--> Day : 1
-> Request 0
39
(3, 3, 2)
1
(37, 53)
-> Request 1
61
(4, 2, 1)
2
(1, 30)
-> Request 2
275
(4, 3, 1)
3
(48, 60)
-> Request 3
275
(4, 3, 2)
3
(24, 7)
-> Request 4
520
(4, 2, 1)
3
(31, 49)
-> Request 5
897
(4, 3, 2)
2
(62, 68)
-> Request 6
915
(4, 3, 1)
2
(43, 72)
-> Request 7
968
(2, 3, 2)
1
(17, 44)
-> Request 8
1252
(2, 2, 2)
2
(23, 53)
-> Request 9
1261
(4, 3, 2)
1
(25, 40)
-> Request 10
1265
(4, 2, 1)
1
(76, 20)
-> Request 11
1420
(3, 3, 1)
1
(42, 49)
--> Day : 2
-> Request 0
330
(4, 2, 2)
3
(28, 9)
-> Request 1
357
(2, 3, 1)
3
(6, 77)
-> Request 2
531
(3, 2, 2)
3
(2, 1)
-> Request 3
820
(3, 3, 1)
1
(46, 67)
-> Request 4
915
(4, 2, 2)
1
(27, 61)
-> Request 5
1325
(4, 2, 1)
1
(25, 50)
--> Day : 3
-> Request 0
441
(3, 2, 2)
3
(64, 59)
-> Request 1
509
(4, 2, 2)
3
(54, 2)
-> Request 2
540
(4, 2, 1)
2
(37, 75)
-> Request 3
596
(1, 3, 2)
1
(75, 74)
-> Request 4
599
(4, 2, 2)
1
(67, 58)
-> Request 5
622
(3, 3, 2)
2
(18, 37)
-> Request 6
1163
(4, 2, 2)
3
(14, 1)
-> Request 7
1304
(2, 3, 2)
1
(74, 49)
--> Day : 4
-> Request 0
365
(4, 3, 2)
2
(27, 56)
-> Request 1
452
(3, 3, 1)
3
(78, 19)
-> Request 2
559
(1, 3, 2)
3
(44, 14)
-> Request 3
801
(3, 3, 1)
1
(24, 56)
-> Request 4
978
(1, 3, 2)
2
(35, 59)
-> Request 5
1094
(2, 2, 2)
1
(27, 69)
-> Request 6
1118
(3, 3, 2)
3
(68, 57)
-> Request 7
1122
(1, 2, 1)
1
(34, 1)
-> Request 8
1251
(3, 3, 2)
2
(19, 23)
-> Request 9
1319
(3, 3, 1)
3
(44, 62)
-> Request 10
1357
(4, 2, 2)
1
(78, 78)
-> Request 11
1391
(3, 3, 2)
2
(2, 3)
---> Week : 19
--> Day : 0
-> Request 0
366
(4, 3, 2)
1
(29, 37)
-> Request 1
539
(4, 3, 2)
1
(50, 23)
-> Request 2
814
(4, 3, 2)
3
(55, 37)
-> Request 3
990
(4, 3, 1)
1
(37, 73)
-> Request 4
1013
(4, 3, 2)
3
(42, 8)
-> Request 5
1089
(3, 3, 2)
2
(55, 76)
-> Request 6
1098
(3, 3, 1)
1
(75, 58)
-> Request 7
1201
(1, 3, 2)
1
(59, 21)
-> Request 8
1264
(4, 3, 1)
2
(77, 61)
--> Day : 1
-> Request 0
202
(3, 2, 1)
2
(28, 8)
-> Request 1
359
(2, 3, 2)
2
(8, 53)
-> Request 2
622
(4, 3, 2)
1
(10, 8)
-> Request 3
665
(4, 3, 1)
1
(42, 58)
-> Request 4
713
(2, 3, 2)
1
(22, 40)
-> Request 5
869
(4, 3, 2)
3
(7, 75)
-> Request 6
880
(2, 3, 1)
2
(8, 79)
-> Request 7
884
(4, 3, 2)
2
(39, 71)
-> Request 8
931
(3, 3, 2)
1
(41, 47)
-> Request 9
1026
(3, 2, 1)
2
(79, 42)
-> Request 10
1055
(4, 3, 1)
3
(49, 28)
--> Day : 2
-> Request 0
483
(4, 3, 2)
3
(75, 28)
-> Request 1
516
(4, 3, 2)
2
(52, 48)
-> Request 2
535
(4, 2, 1)
1
(30, 64)
-> Request 3
829
(4, 2, 1)
1
(61, 32)
-> Request 4
1206
(4, 2, 2)
1
(12, 75)
--> Day : 3
-> Request 0
184
(4, 3, 2)
3
(73, 30)
-> Request 1
500
(4, 3, 1)
1
(24, 46)
-> Request 2
532
(4, 2, 2)
1
(78, 39)
-> Request 3
668
(1, 3, 2)
1
(1, 37)
-> Request 4
867
(4, 3, 2)
3
(64, 71)
-> Request 5
984
(4, 3, 1)
3
(28, 0)
-> Request 6
1116
(4, 3, 2)
1
(62, 21)
-> Request 7
1272
(4, 3, 2)
3
(40, 15)
--> Day : 4
-> Request 0
132
(3, 3, 1)
2
(71, 46)
-> Request 1
225
(4, 2, 2)
1
(64, 44)
-> Request 2
388
(4, 2, 2)
1
(73, 59)
-> Request 3
465
(3, 3, 1)
3
(21, 5)
-> Request 4
834
(3, 3, 2)
2
(1, 78)
-> Request 5
946
(4, 3, 2)
3
(37, 69)
-> Request 6
1014
(3, 3, 2)
2
(2, 61)
-> Request 7
1258
(2, 3, 1)
3
(2, 48)
-> Request 8
1417
(2, 2, 1)
3
(19, 66)
-> Request 9
1420
(4, 2, 2)
2
(10, 50)
