---> Week : 0
--> Day : 0
-> Request 0
86
(4, 3, 2)
3
(25, 70)
-> Request 1
410
(3, 2, 1)
2
(53, 0)
-> Request 2
561
(4, 2, 1)
1
(54, 25)
-> Request 3
627
(2, 3, 2)
2
(75, 19)
-> Request 4
923
(4, 2, 2)
3
(22, 50)
-> Request 5
1162
(4, 2, 1)
3
(5, 73)
-> Request 6
1273
(2, 2, 1)
2
(44, 30)
--> Day : 1
-> Request 0
265
(4, 3, 2)
1
(29, 62)
-> Request 1
318
(4, 1, 1)
2
(3, 28)
-> Request 2
378
(1, 3, 1)
2
(41, 60)
-> Request 3
383
(4, 3, 1)
2
(0, 53)
-> Request 4
679
(4, 3, 1)
2
(17, 9)
-> Request 5
696
(1, 3, 2)
2
(42, 77)
-> Request 6
745
(3, 3, 2)
3
(16, 44)
-> Request 7
835
(2, 3, 1)
2
(23, 24)
-> Request 8
1044
(3, 3, 1)
3
(61, 0)
-> Request 9
1363
(2, 3, 1)
3
(6, 16)
--> Day : 2
-> Request 0
47
(4, 2, 1)
1
(76, 51)
-> Request 1
87
(4, 3, 2)
1
(43, 9)
-> Request 2
342
(4, 3, 2)
2
(47, 35)
-> Request 3
405
(3, 2, 1)
3
(71, 10)
-> Request 4
529
(3, 3, 2)
1
(0, 51)
-> Request 5
798
(4, 2, 2)
1
(31, 18)
-> Request 6
899
(2, 3, 2)
2
(11, 35)
-> Request 7
902
(4, 3, 1)
1
(59, 12)
-> Request 8
928
(3, 3, 2)
1
(11, 57)
-> Request 9
929
(1, 2, 2)
2
(37, 79)
-> Request 10
1015
(3, 3, 1)
2
(63, 31)
-> Request 11
1043
(4, 3, 2)
2
(45, 36)
-> Request 12
1126
(3, 2, 2)
2
(78, 50)
--> Day : 3
-> Request 0
27
(3, 3, 2)
1
(40, 70)
-> Request 1
34
(4, 3, 2)
3
(25, 48)
-> Request 2
448
(4, 3, 1)
1
(20, 15)
-> Request 3
630
(4, 3, 2)
2
(44, 1)
-> Request 4
695
(3, 2, 1)
3
(3, 50)
-> Request 5
705
(4, 3, 1)
2
(72, 71)
-> Request 6
1209
(3, 2, 1)
3
(28, 48)
-> Request 7
1209
(4, 3, 2)
2
(33, 12)
-> Request 8
1236
(3, 2, 1)
1
(10, 11)
-> Request 9
1305
(4, 2, 2)
2
(65, 31)
-> Request 10
1371
(4, 3, 1)
1
(65, 12)
-> Request 11
1387
(2, 2, 1)
3
(9, 49)
--> Day : 4
-> Request 0
187
(4, 3, 2)
2
(7, 24)
-> Request 1
191
(3, 2, 1)
2
(55, 0)
-> Request 2
299
(2, 2, 1)
2
(6, 29)
-> Request 3
350
(4, 2, 1)
2
(40, 8)
-> Request 4
359
(4, 2, 2)
3
(15, 38)
-> Request 5
387
(3, 2, 1)
3
(53, 48)
-> Request 6
413
(4, 2, 2)
3
(17, 63)
-> Request 7
584
(3, 3, 2)
1
(37, 53)
-> Request 8
698
(4, 3, 1)
2
(0, 59)
-> Request 9
739
(4, 2, 1)
3
(79, 72)
-> Request 10
742
(2, 2, 1)
3
(26, 65)
-> Request 11
790
(4, 2, 1)
3
(53, 28)
-> Request 12
1410
(4, 3, 1)
3
(20, 11)
---> Week : 1
--> Day : 0
-> Request 0
123
(3, 3, 2)
3
(32, 48)
-> Request 1
172
(4, 3, 1)
1
(67, 74)
-> Request 2
316
(3, 3, 2)
2
(78, 46)
-> Request 3
566
(4, 2, 1)
3
(33, 6)
-> Request 4
640
(3, 2, 2)
2
(70, 56)
-> Request 5
861
(3, 3, 2)
2
(28, 17)
-> Request 6
869
(4, 3, 2)
3
(21, 27)
-> Request 7
873
(3, 3, 2)
2
(27, 37)
-> Request 8
1018
(3, 2, 1)
3
(39, 36)
-> Request 9
1126
(4, 2, 1)
1
(55, 53)
-> Request 10
1165
(4, 3, 2)
1
(49, 79)
-> Request 11
1351
(4, 3, 2)
2
(70, 55)
-> Request 12
1387
(3, 3, 2)
2
(70, 72)
-> Request 13
1417
(3, 3, 1)
2
(8, 55)
--> Day : 1
-> Request 0
75
(4, 3, 1)
3
(1, 73)
-> Request 1
146
(4, 3, 2)
1
(46, 6)
-> Request 2
251
(4, 3, 1)
2
(37, 69)
-> Request 3
304
(4, 1, 2)
2
(78, 52)
-> Request 4
382
(4, 3, 2)
2
(19, 44)
-> Request 5
486
(4, 1, 2)
3
(40, 71)
-> Request 6
615
(3, 3, 1)
2
(77, 53)
-> Request 7
735
(1, 2, 2)
3
(22, 72)
-> Request 8
743
(4, 3, 2)
3
(24, 11)
-> Request 9
751
(4, 1, 1)
2
(28, 17)
-> Request 10
847
(2, 3, 1)
2
(38, 45)
-> Request 11
1035
(4, 3, 2)
2
(24, 20)
-> Request 12
1383
(3, 3, 1)
3
(42, 33)
--> Day : 2
-> Request 0
60
(4, 2, 2)
2
(15, 55)
-> Request 1
169
(3, 3, 2)
2
(39, 42)
-> Request 2
173
(4, 3, 2)
1
(31, 39)
-> Request 3
670
(4, 3, 1)
3
(39, 77)
-> Request 4
756
(4, 2, 1)
1
(52, 0)
-> Request 5
800
(1, 3, 2)
2
(23, 60)
-> Request 6
804
(4, 1, 1)
2
(63, 21)
-> Request 7
910
(4, 3, 2)
1
(79, 54)
-> Request 8
987
(4, 3, 1)
2
(31, 67)
-> Request 9
1007
(2, 3, 2)
1
(14, 73)
-> Request 10
1069
(4, 3, 1)
2
(60, 50)
-> Request 11
1296
(4, 3, 1)
1
(65, 36)
-> Request 12
1342
(3, 3, 2)
3
(72, 54)
--> Day : 3
-> Request 0
557
(3, 3, 1)
1
(20, 63)
-> Request 1
633
(2, 3, 1)
2
(76, 58)
-> Request 2
1131
(4, 2, 2)
1
(59, 76)
-> Request 3
1143
(4, 3, 2)
3
(45, 28)
-> Request 4
1238
(1, 3, 1)
3
(60, 47)
--> Day : 4
-> Request 0
232
(4, 2, 2)
2
(21, 16)
-> Request 1
420
(4, 3, 2)
2
(76, 30)
-> Request 2
509
(1, 3, 1)
2
(10, 61)
-> Request 3
555
(2, 3, 2)
1
(55, 33)
-> Request 4
986
(4, 2, 1)
2
(14, 69)
-> Request 5
1370
(4, 2, 2)
3
(9, 18)
-> Request 6
1401
(4, 2, 1)
2
(7, 33)
---> Week : 2
--> Day : 0
-> Request 0
245
(4, 2, 1)
3
(23, 74)
-> Request 1
277
(4, 3, 2)
3
(11, 67)
-> Request 2
277
(3, 2, 2)
1
(1, 76)
-> Request 3
627
(3, 3, 1)
2
(30, 37)
-> Request 4
694
(2, 3, 2)
2
(72, 30)
-> Request 5
840
(4, 1, 2)
3
(12, 23)
-> Request 6
1152
(4, 3, 1)
1
(25, 34)
-> Request 7
1177
(4, 3, 1)
2
(29, 25)
-> Request 8
1276
(4, 3, 2)
1
(66, 63)
-> Request 9
1333
(2, 3, 2)
2
(5, 39)
-> Request 10
1358
(4, 3, 1)
3
(53, 79)
-> Request 11
1387
(4, 2, 1)
2
(77, 3)
-> Request 12
1391
(3, 3, 1)
2
(37, 37)
--> Day : 1
-> Request 0
17
(4, 3, 1)
2
(44, 52)
-> Request 1
405
(2, 3, 1)
1
(21, 12)
-> Request 2
409
(4, 3, 1)
3
(61, 37)
-> Request 3
608
(1, 3, 1)
1
(11, 75)
-> Request 4
669
(3, 3, 2)
2
(54, 41)
-> Request 5
698
(4, 3, 1)
2
(23, 48)
-> Request 6
762
(4, 2, 1)
3
(51, 50)
-> Request 7
1248
(3, 3, 2)
3
(6, 15)
-> Request 8
1325
(2, 2, 2)
1
(20, 46)
--> Day : 2
-> Request 0
106
(3, 3, 1)
2
(73, 10)
-> Request 1
164
(4, 3, 2)
3
(6, 51)
-> Request 2
247
(4, 3, 1)
3
(5, 36)
-> Request 3
352
(4, 3, 1)
1
(15, 30)
-> Request 4
891
(3, 3, 2)
2
(14, 69)
-> Request 5
916
(2, 2, 1)
3
(13, 73)
-> Request 6
1176
(4, 3, 2)
3
(75, 75)
-> Request 7
1214
(4, 3, 1)
2
(53, 13)
-> Request 8
1232
(4, 2, 2)
3
(19, 8)
--> Day : 3
-> Request 0
21
(4, 3, 2)
1
(66, 67)
-> Request 1
53
(3, 3, 1)
1
(47, 59)
-> Request 2
65
(2, 2, 2)
2
(42, 11)
-> Request 3
92
(1, 3, 2)
3
(16, 67)
-> Request 4
103
(2, 3, 1)
3
(71, 57)
-> Request 5
152
(4, 3, 2)
1
(3, 15)
-> Request 6
335
(1, 2, 2)
1
(33, 7)
-> Request 7
351
(2, 3, 2)
3
(54, 58)
-> Request 8
761
(4, 2, 2)
3
(63, 49)
-> Request 9
794
(4, 1, 2)
3
(68, 40)
-> Request 10
1038
(2, 3, 1)
2
(27, 13)
-> Request 11
1038
(3, 2, 2)
2
(64, 66)
-> Request 12
1227
(4, 3, 2)
2
(35, 61)
-> Request 13
1271
(2, 3, 1)
3
(46, 68)
--> Day : 4
-> Request 0
132
(4, 3, 2)
2
(34, 62)
-> Request 1
273
(4, 3, 2)
2
(61, 4)
-> Request 2
339
(4, 1, 1)
3
(78, 49)
-> Request 3
369
(3, 3, 2)
2
(18, 49)
-> Request 4
405
(1, 3, 1)
3
(1, 22)
-> Request 5
536
(2, 3, 1)
2
(67, 0)
-> Request 6
911
(2, 2, 1)
2
(52, 0)
---> Week : 3
--> Day : 0
-> Request 0
1
(4, 2, 2)
1
(51, 43)
-> Request 1
57
(4, 2, 2)
3
(47, 39)
-> Request 2
109
(4, 3, 2)
2
(12, 40)
-> Request 3
177
(4, 2, 1)
2
(23, 6)
-> Request 4
400
(4, 3, 2)
2
(4, 14)
-> Request 5
500
(3, 2, 1)
3
(65, 76)
-> Request 6
514
(3, 3, 1)
3
(6, 6)
-> Request 7
979
(3, 3, 1)
2
(63, 14)
-> Request 8
1093
(1, 3, 1)
2
(4, 15)
-> Request 9
1188
(3, 3, 1)
1
(61, 59)
-> Request 10
1290
(3, 3, 2)
2
(67, 1)
-> Request 11
1311
(1, 2, 1)
2
(12, 58)
--> Day : 1
-> Request 0
14
(2, 2, 2)
2
(17, 46)
-> Request 1
158
(4, 3, 2)
3
(28, 57)
-> Request 2
286
(4, 3, 1)
2
(21, 36)
-> Request 3
306
(2, 2, 2)
2
(69, 25)
-> Request 4
369
(2, 2, 1)
3
(13, 53)
-> Request 5
430
(4, 2, 1)
2
(43, 50)
-> Request 6
434
(2, 2, 1)
1
(18, 58)
-> Request 7
605
(4, 1, 1)
2
(50, 50)
-> Request 8
650
(4, 3, 1)
3
(26, 1)
-> Request 9
726
(3, 2, 1)
3
(72, 35)
-> Request 10
1107
(4, 2, 1)
3
(77, 37)
-> Request 11
1349
(4, 3, 2)
1
(5, 78)
-> Request 12
1361
(4, 2, 1)
1
(21, 60)
-> Request 13
1380
(2, 3, 1)
1
(59, 14)
--> Day : 2
-> Request 0
506
(4, 3, 1)
2
(41, 60)
-> Request 1
804
(3, 3, 2)
1
(65, 52)
-> Request 2
853
(3, 3, 1)
3
(73, 77)
-> Request 3
966
(4, 3, 2)
3
(37, 63)
-> Request 4
1073
(3, 3, 2)
3
(79, 72)
-> Request 5
1369
(4, 3, 1)
1
(24, 49)
-> Request 6
1371
(3, 2, 1)
1
(15, 68)
--> Day : 3
-> Request 0
96
(4, 1, 1)
2
(2, 77)
-> Request 1
307
(4, 2, 1)
1
(56, 34)
-> Request 2
354
(4, 2, 1)
1
(77, 35)
-> Request 3
382
(4, 2, 2)
1
(0, 71)
-> Request 4
616
(4, 2, 1)
3
(8, 19)
-> Request 5
663
(2, 3, 1)
3
(67, 1)
-> Request 6
727
(4, 2, 2)
2
(16, 47)
-> Request 7
1150
(2, 3, 2)
1
(21, 46)
-> Request 8
1379
(3, 3, 1)
1
(6, 63)
-> Request 9
1418
(1, 3, 1)
2
(72, 19)
--> Day : 4
-> Request 0
31
(3, 3, 2)
1
(34, 23)
-> Request 1
117
(4, 2, 1)
3
(71, 1)
-> Request 2
262
(4, 3, 2)
1
(26, 71)
-> Request 3
428
(3, 3, 2)
2
(68, 33)
-> Request 4
464
(2, 3, 2)
2
(25, 33)
-> Request 5
579
(1, 3, 1)
2
(76, 2)
-> Request 6
611
(4, 3, 1)
1
(29, 66)
-> Request 7
637
(3, 2, 2)
2
(19, 1)
-> Request 8
699
(3, 3, 2)
3
(12, 19)
-> Request 9
721
(4, 1, 2)
3
(33, 57)
-> Request 10
864
(3, 3, 1)
2
(71, 0)
-> Request 11
917
(4, 2, 2)
2
(50, 11)
-> Request 12
1039
(4, 2, 2)
2
(48, 4)
-> Request 13
1051
(3, 3, 1)
2
(24, 6)
-> Request 14
1126
(4, 2, 1)
3
(74, 73)
-> Request 15
1138
(3, 2, 2)
3
(68, 56)
-> Request 16
1296
(3, 3, 2)
2
(66, 16)
-> Request 17
1330
(4, 2, 1)
2
(64, 22)
---> Week : 4
--> Day : 0
-> Request 0
59
(4, 2, 1)
2
(19, 63)
-> Request 1
125
(4, 2, 2)
1
(68, 54)
-> Request 2
326
(3, 2, 2)
1
(48, 39)
-> Request 3
427
(4, 3, 1)
2
(50, 48)
-> Request 4
765
(4, 2, 2)
1
(21, 38)
-> Request 5
789
(3, 2, 1)
2
(60, 59)
-> Request 6
790
(4, 2, 1)
3
(11, 41)
-> Request 7
1165
(4, 1, 2)
2
(63, 69)
-> Request 8
1289
(4, 3, 1)
1
(5, 13)
--> Day : 1
-> Request 0
932
(4, 1, 1)
1
(16, 45)
-> Request 1
1122
(2, 3, 2)
1
(29, 52)
-> Request 2
1194
(3, 2, 2)
2
(19, 72)
-> Request 3
1194
(4, 1, 1)
1
(24, 0)
-> Request 4
1238
(3, 2, 2)
3
(79, 17)
-> Request 5
1377
(4, 2, 2)
2
(71, 69)
--> Day : 2
-> Request 0
93
(3, 3, 2)
3
(2, 77)
-> Request 1
101
(4, 3, 1)
2
(45, 39)
-> Request 2
160
(3, 3, 1)
1
(44, 70)
-> Request 3
479
(3, 2, 1)
2
(40, 44)
-> Request 4
633
(2, 3, 1)
1
(11, 60)
-> Request 5
654
(4, 2, 2)
1
(50, 56)
-> Request 6
865
(4, 3, 2)
2
(3, 16)
-> Request 7
1027
(4, 2, 1)
2
(75, 36)
-> Request 8
1210
(3, 3, 1)
1
(23, 59)
-> Request 9
1221
(2, 2, 1)
1
(79, 59)
--> Day : 3
-> Request 0
76
(3, 3, 2)
1
(12, 47)
-> Request 1
230
(4, 3, 2)
1
(74, 18)
-> Request 2
303
(4, 3, 1)
1
(41, 16)
-> Request 3
479
(4, 2, 2)
3
(12, 10)
-> Request 4
657
(3, 2, 1)
3
(47, 10)
-> Request 5
685
(2, 3, 1)
1
(53, 35)
-> Request 6
837
(4, 2, 2)
2
(73, 66)
-> Request 7
1269
(4, 2, 1)
1
(28, 39)
-> Request 8
1436
(4, 2, 2)
2
(19, 11)
--> Day : 4
-> Request 0
370
(4, 3, 1)
1
(59, 57)
-> Request 1
389
(4, 2, 2)
2
(61, 25)
-> Request 2
744
(2, 3, 1)
1
(16, 0)
-> Request 3
1229
(4, 2, 1)
1
(41, 31)
-> Request 4
1416
(3, 2, 2)
3
(75, 40)
---> Week : 5
--> Day : 0
-> Request 0
54
(4, 2, 1)
2
(31, 19)
-> Request 1
98
(2, 2, 1)
1
(64, 32)
-> Request 2
134
(4, 3, 2)
1
(54, 43)
-> Request 3
310
(3, 2, 1)
3
(11, 68)
-> Request 4
335
(4, 3, 2)
1
(44, 57)
-> Request 5
400
(3, 2, 2)
2
(23, 58)
-> Request 6
574
(4, 3, 1)
3
(26, 78)
-> Request 7
628
(2, 3, 2)
3
(15, 74)
-> Request 8
683
(4, 3, 2)
2
(76, 34)
-> Request 9
727
(4, 3, 2)
2
(31, 54)
-> Request 10
901
(3, 3, 2)
3
(23, 44)
-> Request 11
978
(4, 3, 2)
3
(3, 19)
-> Request 12
1104
(4, 2, 2)
2
(5, 67)
--> Day : 1
-> Request 0
54
(4, 3, 2)
2
(10, 10)
-> Request 1
288
(4, 3, 1)
1
(5, 11)
-> Request 2
329
(3, 2, 2)
1
(14, 42)
-> Request 3
340
(4, 2, 2)
1
(18, 22)
-> Request 4
432
(4, 2, 1)
1
(23, 39)
-> Request 5
717
(1, 2, 1)
2
(10, 64)
-> Request 6
1087
(3, 3, 2)
1
(25, 1)
-> Request 7
1267
(4, 2, 1)
2
(77, 56)
-> Request 8
1436
(4, 3, 2)
1
(25, 43)
--> Day : 2
-> Request 0
37
(3, 3, 2)
2
(3, 33)
-> Request 1
62
(4, 3, 1)
1
(72, 32)
-> Request 2
152
(4, 3, 1)
1
(62, 36)
-> Request 3
185
(3, 2, 1)
1
(21, 58)
-> Request 4
307
(4, 3, 2)
2
(6, 0)
-> Request 5
415
(2, 3, 2)
3
(15, 14)
-> Request 6
598
(4, 2, 2)
2
(66, 30)
-> Request 7
639
(3, 2, 2)
3
(66, 14)
-> Request 8
1045
(1, 3, 1)
3
(53, 55)
-> Request 9
1064
(2, 2, 2)
2
(30, 47)
-> Request 10
1128
(2, 3, 2)
1
(3, 46)
-> Request 11
1198
(4, 2, 1)
2
(50, 23)
--> Day : 3
-> Request 0
115
(4, 3, 1)
3
(8, 41)
-> Request 1
168
(1, 3, 2)
3
(45, 57)
-> Request 2
196
(4, 3, 1)
3
(40, 71)
-> Request 3
587
(4, 2, 2)
2
(2, 40)
-> Request 4
588
(4, 3, 2)
3
(52, 76)
-> Request 5
625
(3, 2, 1)
1
(42, 65)
-> Request 6
632
(4, 3, 2)
2
(1, 25)
-> Request 7
688
(3, 3, 2)
1
(68, 60)
-> Request 8
704
(3, 2, 1)
2
(66, 15)
-> Request 9
804
(3, 3, 2)
2
(2, 33)
-> Request 10
988
(4, 3, 2)
1
(76, 3)
-> Request 11
1105
(3, 1, 1)
1
(52, 74)
-> Request 12
1425
(4, 3, 1)
1
(39, 41)
--> Day : 4
-> Request 0
70
(4, 2, 1)
3
(51, 38)
-> Request 1
374
(3, 3, 2)
1
(43, 75)
-> Request 2
458
(4, 2, 1)
2
(58, 33)
-> Request 3
586
(4, 3, 2)
1
(8, 69)
-> Request 4
786
(4, 3, 1)
1
(15, 70)
-> Request 5
1000
(3, 3, 2)
3
(60, 3)
-> Request 6
1367
(4, 3, 2)
2
(64, 0)
---> Week : 6
--> Day : 0
-> Request 0
53
(4, 2, 2)
3
(51, 24)
-> Request 1
683
(4, 2, 1)
1
(44, 4)
-> Request 2
768
(4, 3, 2)
3
(16, 60)
-> Request 3
884
(4, 3, 1)
2
(9, 35)
-> Request 4
1027
(4, 3, 2)
2
(69, 51)
-> Request 5
1065
(4, 2, 1)
2
(0, 20)
-> Request 6
1071
(2, 3, 1)
3
(1, 40)
-> Request 7
1195
(1, 3, 1)
2
(72, 55)
-> Request 8
1235
(4, 2, 2)
1
(37, 28)
--> Day : 1
-> Request 0
33
(4, 2, 2)
2
(2, 16)
-> Request 1
92
(4, 3, 1)
2
(59, 29)
-> Request 2
289
(2, 3, 2)
3
(79, 72)
-> Request 3
483
(4, 2, 1)
2
(53, 58)
-> Request 4
672
(2, 2, 2)
3
(62, 61)
-> Request 5
836
(3, 3, 1)
3
(61, 15)
-> Request 6
1296
(4, 3, 2)
1
(75, 52)
-> Request 7
1323
(3, 2, 1)
3
(66, 69)
--> Day : 2
-> Request 0
67
(4, 3, 1)
3
(18, 67)
-> Request 1
139
(4, 3, 2)
2
(1, 8)
-> Request 2
330
(3, 3, 1)
3
(64, 49)
-> Request 3
347
(3, 3, 1)
3
(68, 29)
-> Request 4
370
(3, 2, 2)
2
(68, 15)
-> Request 5
429
(4, 3, 2)
1
(48, 42)
-> Request 6
629
(4, 2, 2)
2
(70, 65)
-> Request 7
782
(4, 3, 2)
3
(26, 0)
-> Request 8
825
(3, 2, 2)
3
(39, 20)
-> Request 9
865
(4, 1, 2)
1
(66, 68)
-> Request 10
1022
(2, 3, 1)
2
(52, 34)
--> Day : 3
-> Request 0
32
(4, 3, 2)
1
(25, 39)
-> Request 1
180
(1, 3, 1)
1
(20, 23)
-> Request 2
607
(4, 3, 1)
2
(3, 79)
-> Request 3
818
(3, 3, 2)
2
(3, 77)
-> Request 4
1196
(4, 3, 2)
1
(23, 66)
-> Request 5
1199
(4, 2, 1)
2
(19, 66)
-> Request 6
1227
(1, 3, 2)
3
(46, 24)
--> Day : 4
-> Request 0
250
(4, 2, 1)
1
(17, 42)
-> Request 1
369
(2, 1, 2)
2
(0, 70)
-> Request 2
746
(2, 3, 2)
1
(30, 63)
-> Request 3
868
(4, 3, 1)
2
(52, 58)
-> Request 4
917
(3, 3, 1)
1
(49, 1)
-> Request 5
948
(4, 3, 1)
1
(29, 37)
-> Request 6
1103
(2, 2, 1)
1
(54, 29)
-> Request 7
1110
(4, 3, 1)
1
(16, 1)
-> Request 8
1121
(3, 2, 2)
2
(57, 37)
-> Request 9
1197
(4, 2, 2)
2
(49, 24)
-> Request 10
1255
(4, 3, 1)
1
(67, 32)
-> Request 11
1338
(4, 3, 1)
1
(76, 57)
---> Week : 7
--> Day : 0
-> Request 0
72
(4, 2, 2)
1
(1, 46)
-> Request 1
191
(4, 2, 2)
3
(38, 61)
-> Request 2
625
(4, 2, 2)
2
(69, 16)
-> Request 3
635
(2, 3, 2)
1
(38, 8)
-> Request 4
777
(4, 3, 2)
3
(15, 30)
-> Request 5
882
(4, 3, 1)
2
(50, 32)
-> Request 6
950
(3, 2, 2)
2
(38, 35)
-> Request 7
1088
(4, 3, 2)
1
(55, 66)
-> Request 8
1299
(4, 2, 1)
3
(72, 12)
-> Request 9
1394
(2, 3, 2)
2
(5, 44)
-> Request 10
1405
(4, 2, 1)
1
(63, 58)
--> Day : 1
-> Request 0
230
(3, 3, 1)
1
(75, 40)
-> Request 1
232
(4, 2, 2)
3
(21, 38)
-> Request 2
361
(3, 2, 1)
3
(66, 35)
-> Request 3
408
(4, 2, 1)
2
(27, 76)
-> Request 4
631
(1, 2, 2)
2
(73, 35)
-> Request 5
673
(3, 2, 1)
2
(9, 8)
-> Request 6
792
(3, 3, 2)
1
(31, 74)
-> Request 7
853
(4, 3, 1)
2
(74, 52)
-> Request 8
927
(2, 3, 2)
1
(14, 60)
-> Request 9
1268
(4, 2, 2)
2
(57, 31)
-> Request 10
1296
(4, 3, 2)
1
(60, 19)
--> Day : 2
-> Request 0
47
(3, 3, 1)
3
(28, 19)
-> Request 1
122
(4, 2, 2)
1
(1, 15)
-> Request 2
154
(4, 3, 1)
3
(75, 4)
-> Request 3
312
(2, 3, 1)
2
(36, 13)
-> Request 4
325
(4, 2, 2)
3
(65, 22)
-> Request 5
370
(4, 2, 2)
1
(15, 1)
-> Request 6
370
(4, 3, 1)
2
(63, 23)
-> Request 7
374
(3, 3, 1)
3
(17, 45)
-> Request 8
795
(4, 3, 1)
3
(71, 33)
-> Request 9
1196
(3, 3, 2)
2
(75, 75)
-> Request 10
1327
(3, 2, 1)
1
(42, 69)
-> Request 11
1404
(3, 3, 1)
2
(52, 16)
--> Day : 3
-> Request 0
194
(3, 3, 2)
2
(19, 22)
-> Request 1
234
(4, 3, 2)
3
(28, 1)
-> Request 2
276
(4, 3, 2)
3
(19, 0)
-> Request 3
751
(3, 2, 1)
2
(52, 67)
-> Request 4
826
(2, 2, 2)
1
(72, 47)
-> Request 5
995
(3, 2, 1)
2
(73, 52)
-> Request 6
1004
(4, 2, 2)
3
(32, 46)
-> Request 7
1063
(4, 3, 2)
3
(55, 51)
-> Request 8
1123
(4, 2, 2)
1
(67, 15)
-> Request 9
1128
(3, 2, 2)
2
(52, 70)
-> Request 10
1353
(1, 2, 1)
1
(74, 70)
-> Request 11
1364
(3, 3, 1)
3
(42, 16)
--> Day : 4
-> Request 0
69
(3, 3, 2)
2
(78, 33)
-> Request 1
194
(2, 3, 2)
2
(17, 2)
-> Request 2
244
(4, 2, 1)
3
(52, 3)
-> Request 3
328
(4, 3, 1)
3
(49, 69)
-> Request 4
717
(3, 2, 1)
3
(46, 29)
-> Request 5
841
(3, 3, 1)
3
(3, 10)
-> Request 6
850
(4, 2, 1)
3
(40, 71)
-> Request 7
897
(4, 3, 2)
2
(76, 41)
-> Request 8
1026
(4, 3, 2)
3
(31, 14)
-> Request 9
1069
(3, 2, 2)
1
(62, 67)
---> Week : 8
--> Day : 0
-> Request 0
435
(4, 2, 2)
3
(54, 29)
-> Request 1
611
(3, 3, 1)
3
(31, 62)
-> Request 2
781
(4, 3, 1)
2
(58, 43)
-> Request 3
817
(3, 3, 2)
3
(12, 61)
-> Request 4
846
(4, 2, 1)
1
(43, 54)
-> Request 5
1030
(1, 3, 1)
3
(55, 19)
-> Request 6
1040
(2, 1, 1)
2
(10, 75)
-> Request 7
1054
(3, 3, 1)
3
(64, 65)
-> Request 8
1110
(4, 2, 1)
2
(21, 67)
--> Day : 1
-> Request 0
10
(3, 3, 2)
1
(40, 78)
-> Request 1
417
(4, 3, 1)
3
(43, 39)
-> Request 2
537
(4, 3, 2)
1
(1, 45)
-> Request 3
680
(3, 3, 2)
3
(32, 34)
-> Request 4
690
(4, 3, 2)
2
(71, 42)
-> Request 5
771
(2, 2, 2)
3
(33, 20)
-> Request 6
1026
(3, 3, 1)
1
(47, 55)
-> Request 7
1224
(3, 1, 2)
1
(47, 42)
-> Request 8
1290
(3, 3, 1)
1
(2, 42)
-> Request 9
1332
(3, 3, 1)
3
(76, 0)
--> Day : 2
-> Request 0
28
(2, 2, 2)
2
(17, 72)
-> Request 1
225
(3, 3, 1)
1
(21, 9)
-> Request 2
341
(4, 3, 2)
1
(72, 64)
-> Request 3
353
(4, 3, 1)
3
(58, 32)
-> Request 4
475
(1, 3, 1)
2
(42, 66)
-> Request 5
595
(3, 3, 1)
2
(12, 48)
-> Request 6
677
(4, 2, 2)
1
(40, 57)
-> Request 7
729
(3, 3, 2)
1
(5, 16)
-> Request 8
776
(3, 2, 1)
3
(32, 56)
-> Request 9
1291
(1, 2, 2)
3
(9, 42)
-> Request 10
1370
(2, 3, 1)
2
(58, 1)
-> Request 11
1423
(1, 3, 2)
2
(67, 57)
--> Day : 3
-> Request 0
83
(4, 2, 2)
1
(12, 0)
-> Request 1
85
(2, 3, 1)
1
(62, 76)
-> Request 2
428
(4, 3, 2)
2
(16, 53)
-> Request 3
433
(4, 1, 2)
2
(29, 41)
-> Request 4
436
(4, 3, 1)
2
(36, 22)
-> Request 5
989
(2, 3, 1)
2
(63, 59)
-> Request 6
1089
(3, 1, 2)
2
(47, 42)
-> Request 7
1128
(4, 2, 2)
2
(22, 47)
--> Day : 4
-> Request 0
621
(2, 3, 1)
2
(47, 33)
-> Request 1
701
(3, 3, 1)
1
(1, 0)
-> Request 2
736
(4, 3, 1)
1
(13, 36)
-> Request 3
820
(4, 3, 2)
1
(42, 10)
-> Request 4
843
(3, 2, 2)
2
(74, 31)
-> Request 5
910
(3, 2, 2)
3
(19, 50)
-> Request 6
913
(4, 1, 2)
2
(15, 12)
-> Request 7
1179
(3, 2, 2)
1
(43, 36)
---> Week : 9
--> Day : 0
-> Request 0
6
(4, 3, 2)
1
(28, 20)
-> Request 1
126
(2, 3, 1)
2
(74, 45)
-> Request 2
240
(3, 3, 2)
1
(72, 63)
-> Request 3
398
(4, 3, 1)
3
(12, 4)
-> Request 4
401
(1, 3, 1)
1
(45, 19)
-> Request 5
458
(4, 2, 1)
1
(39, 73)
-> Request 6
673
(3, 3, 2)
3
(59, 14)
-> Request 7
876
(2, 3, 2)
2
(2, 78)
-> Request 8
883
(4, 3, 1)
3
(72, 41)
-> Request 9
916
(2, 3, 1)
3
(71, 44)
-> Request 10
1062
(4, 2, 1)
3
(64, 23)
-> Request 11
1092
(3, 2, 1)
1
(46, 52)
-> Request 12
1100
(3, 3, 2)
3
(64, 47)
-> Request 13
1208
(2, 3, 1)
3
(34, 31)
-> Request 14
1223
(3, 3, 2)
1
(34, 53)
-> Request 15
1283
(1, 2, 1)
3
(73, 36)
--> Day : 1
-> Request 0
131
(4, 3, 2)
2
(70, 39)
-> Request 1
255
(4, 2, 2)
3
(72, 1)
-> Request 2
284
(4, 3, 1)
2
(59, 14)
-> Request 3
679
(4, 3, 2)
2
(67, 8)
-> Request 4
954
(4, 2, 1)
2
(48, 54)
-> Request 5
1152
(4, 3, 1)
2
(74, 41)
-> Request 6
1357
(4, 3, 1)
2
(69, 60)
--> Day : 2
-> Request 0
101
(3, 2, 2)
3
(53, 40)
-> Request 1
438
(2, 2, 2)
3
(29, 64)
-> Request 2
584
(4, 3, 1)
3
(67, 29)
-> Request 3
874
(4, 2, 2)
3
(48, 47)
-> Request 4
1184
(3, 3, 2)
2
(1, 22)
-> Request 5
1187
(2, 3, 1)
2
(19, 12)
-> Request 6
1214
(4, 2, 1)
1
(57, 17)
-> Request 7
1382
(4, 3, 2)
3
(22, 35)
-> Request 8
1389
(3, 3, 2)
2
(62, 64)
-> Request 9
1438
(3, 2, 1)
3
(24, 21)
--> Day : 3
-> Request 0
348
(3, 3, 2)
3
(11, 28)
-> Request 1
364
(3, 2, 2)
1
(9, 24)
-> Request 2
423
(4, 3, 2)
1
(71, 54)
-> Request 3
424
(4, 3, 2)
2
(22, 48)
-> Request 4
501
(3, 1, 1)
1
(43, 1)
-> Request 5
501
(3, 2, 1)
1
(4, 71)
-> Request 6
511
(4, 3, 1)
3
(10, 29)
-> Request 7
592
(4, 2, 1)
3
(17, 65)
-> Request 8
600
(3, 3, 2)
3
(25, 23)
-> Request 9
619
(4, 3, 2)
3
(74, 2)
-> Request 10
811
(4, 2, 1)
1
(41, 65)
-> Request 11
1023
(3, 2, 2)
2
(42, 11)
-> Request 12
1043
(2, 3, 1)
3
(35, 62)
-> Request 13
1146
(4, 2, 1)
2
(33, 68)
-> Request 14
1271
(1, 3, 1)
3
(11, 76)
-> Request 15
1322
(4, 3, 1)
2
(38, 62)
-> Request 16
1367
(4, 2, 1)
3
(60, 70)
--> Day : 4
-> Request 0
17
(4, 2, 2)
2
(41, 4)
-> Request 1
372
(2, 2, 2)
3
(26, 79)
-> Request 2
410
(4, 3, 1)
3
(33, 63)
-> Request 3
595
(3, 3, 1)
3
(46, 6)
-> Request 4
608
(4, 2, 2)
3
(32, 14)
-> Request 5
655
(3, 3, 1)
2
(23, 26)
-> Request 6
777
(4, 3, 1)
1
(66, 24)
-> Request 7
960
(3, 3, 2)
2
(62, 44)
-> Request 8
1367
(4, 2, 2)
2
(64, 12)
-> Request 9
1432
(2, 3, 2)
2
(58, 16)
---> Week : 10
--> Day : 0
-> Request 0
135
(4, 3, 2)
2
(14, 73)
-> Request 1
372
(4, 3, 1)
3
(20, 54)
-> Request 2
446
(3, 2, 2)
3
(51, 36)
-> Request 3
622
(2, 2, 1)
1
(68, 48)
-> Request 4
720
(4, 3, 1)
1
(75, 61)
-> Request 5
778
(3, 2, 2)
2
(45, 8)
-> Request 6
989
(4, 3, 1)
1
(77, 75)
-> Request 7
1149
(3, 2, 2)
1
(42, 64)
-> Request 8
1221
(4, 3, 2)
3
(44, 16)
--> Day : 1
-> Request 0
43
(1, 3, 1)
2
(43, 73)
-> Request 1
144
(2, 3, 1)
2
(52, 73)
-> Request 2
410
(4, 2, 2)
2
(40, 21)
-> Request 3
792
(2, 2, 1)
3
(73, 6)
-> Request 4
968
(4, 3, 2)
3
(59, 52)
-> Request 5
973
(4, 1, 1)
3
(29, 52)
-> Request 6
1120
(4, 2, 2)
1
(78, 10)
-> Request 7
1381
(2, 3, 1)
2
(41, 26)
-> Request 8
1431
(4, 2, 1)
2
(33, 79)
--> Day : 2
-> Request 0
40
(3, 2, 2)
1
(12, 70)
-> Request 1
493
(3, 3, 2)
3
(63, 53)
-> Request 2
711
(1, 3, 1)
3
(37, 43)
-> Request 3
825
(3, 3, 1)
1
(39, 77)
-> Request 4
939
(3, 2, 2)
3
(72, 52)
-> Request 5
975
(4, 3, 1)
1
(36, 79)
-> Request 6
994
(2, 3, 2)
2
(66, 68)
-> Request 7
1291
(2, 3, 2)
3
(79, 5)
--> Day : 3
-> Request 0
25
(3, 3, 1)
2
(74, 21)
-> Request 1
34
(3, 3, 1)
3
(56, 31)
-> Request 2
161
(1, 2, 2)
3
(48, 1)
-> Request 3
520
(4, 1, 2)
2
(0, 78)
-> Request 4
668
(4, 2, 2)
2
(29, 11)
-> Request 5
1021
(4, 1, 1)
1
(73, 7)
-> Request 6
1143
(4, 2, 1)
2
(57, 77)
-> Request 7
1282
(2, 2, 1)
2
(32, 5)
-> Request 8
1293
(4, 3, 1)
1
(12, 61)
--> Day : 4
-> Request 0
24
(2, 3, 1)
1
(70, 9)
-> Request 1
324
(4, 2, 1)
3
(12, 62)
-> Request 2
414
(4, 3, 1)
2
(38, 8)
-> Request 3
595
(4, 3, 1)
3
(32, 3)
-> Request 4
829
(3, 2, 2)
3
(49, 8)
-> Request 5
1198
(4, 3, 2)
1
(19, 61)
-> Request 6
1388
(4, 3, 1)
3
(50, 42)
---> Week : 11
--> Day : 0
-> Request 0
278
(4, 1, 1)
3
(45, 2)
-> Request 1
317
(4, 3, 1)
1
(71, 1)
-> Request 2
341
(2, 2, 2)
1
(23, 39)
-> Request 3
392
(4, 3, 2)
3
(69, 26)
-> Request 4
649
(4, 2, 2)
2
(23, 53)
-> Request 5
998
(3, 2, 2)
2
(10, 74)
-> Request 6
1045
(1, 3, 2)
2
(36, 31)
-> Request 7
1145
(3, 3, 2)
2
(76, 60)
-> Request 8
1343
(2, 3, 2)
2
(56, 51)
--> Day : 1
-> Request 0
298
(4, 3, 2)
2
(40, 0)
-> Request 1
431
(4, 3, 2)
1
(37, 29)
-> Request 2
489
(4, 3, 1)
2
(74, 71)
-> Request 3
524
(4, 3, 1)
2
(7, 75)
-> Request 4
839
(4, 2, 1)
2
(1, 60)
-> Request 5
914
(2, 2, 2)
3
(59, 63)
-> Request 6
927
(4, 3, 1)
3
(51, 46)
-> Request 7
957
(4, 2, 1)
2
(63, 61)
-> Request 8
986
(4, 2, 2)
1
(39, 40)
-> Request 9
1067
(3, 3, 1)
3
(31, 57)
-> Request 10
1370
(3, 3, 2)
1
(67, 77)
--> Day : 2
-> Request 0
84
(4, 3, 2)
1
(26, 62)
-> Request 1
101
(2, 3, 2)
2
(75, 47)
-> Request 2
252
(4, 3, 1)
2
(2, 70)
-> Request 3
420
(3, 2, 2)
3
(27, 51)
-> Request 4
441
(2, 3, 1)
1
(50, 27)
-> Request 5
644
(4, 3, 2)
2
(73, 42)
-> Request 6
690
(2, 2, 1)
3
(52, 79)
-> Request 7
1133
(3, 3, 1)
1
(52, 27)
-> Request 8
1313
(4, 2, 1)
3
(48, 53)
-> Request 9
1358
(4, 2, 2)
2
(61, 6)
--> Day : 3
-> Request 0
36
(4, 3, 2)
1
(66, 6)
-> Request 1
39
(4, 2, 2)
2
(31, 55)
-> Request 2
45
(3, 2, 1)
3
(46, 1)
-> Request 3
180
(4, 3, 2)
3
(65, 29)
-> Request 4
1002
(4, 2, 1)
2
(77, 20)
-> Request 5
1205
(3, 1, 1)
1
(29, 41)
--> Day : 4
-> Request 0
297
(3, 2, 1)
3
(36, 61)
-> Request 1
609
(3, 2, 1)
1
(18, 6)
-> Request 2
729
(3, 2, 2)
2
(33, 64)
-> Request 3
780
(3, 2, 1)
3
(30, 6)
-> Request 4
826
(2, 2, 2)
2
(45, 14)
-> Request 5
1052
(3, 2, 1)
2
(39, 41)
-> Request 6
1055
(3, 1, 2)
3
(76, 73)
-> Request 7
1105
(4, 2, 2)
1
(15, 7)
-> Request 8
1238
(3, 3, 1)
2
(44, 21)
-> Request 9
1341
(4, 3, 1)
1
(12, 76)
---> Week : 12
--> Day : 0
-> Request 0
140
(3, 3, 1)
1
(75, 66)
-> Request 1
166
(2, 3, 2)
1
(38, 53)
-> Request 2
488
(4, 3, 1)
1
(5, 45)
-> Request 3
656
(3, 2, 2)
2
(78, 39)
-> Request 4
833
(4, 2, 2)
2
(33, 68)
-> Request 5
965
(4, 3, 1)
1
(22, 3)
-> Request 6
1004
(4, 3, 2)
3
(10, 53)
-> Request 7
1139
(2, 3, 2)
2
(27, 47)
-> Request 8
1164
(4, 3, 1)
3
(4, 41)
-> Request 9
1294
(4, 3, 1)
2
(47, 56)
-> Request 10
1386
(1, 3, 2)
1
(28, 34)
-> Request 11
1386
(4, 2, 1)
3
(22, 68)
--> Day : 1
-> Request 0
357
(3, 3, 2)
1
(63, 57)
-> Request 1
496
(4, 3, 2)
1
(3, 17)
-> Request 2
621
(3, 3, 2)
2
(12, 38)
-> Request 3
920
(4, 3, 1)
1
(66, 59)
-> Request 4
1409
(1, 2, 1)
3
(58, 41)
--> Day : 2
-> Request 0
2
(4, 3, 2)
3
(23, 17)
-> Request 1
175
(3, 2, 2)
3
(15, 10)
-> Request 2
286
(3, 2, 1)
1
(43, 21)
-> Request 3
353
(4, 2, 2)
3
(8, 33)
-> Request 4
508
(4, 3, 1)
3
(50, 10)
-> Request 5
672
(4, 2, 1)
2
(37, 75)
-> Request 6
675
(2, 3, 2)
3
(59, 77)
-> Request 7
714
(3, 3, 1)
2
(45, 74)
-> Request 8
970
(4, 3, 1)
1
(72, 71)
-> Request 9
1180
(4, 3, 2)
2
(56, 58)
-> Request 10
1201
(4, 2, 1)
2
(10, 9)
--> Day : 3
-> Request 0
42
(4, 2, 1)
3
(48, 5)
-> Request 1
99
(4, 3, 1)
1
(17, 51)
-> Request 2
113
(4, 3, 1)
3
(48, 1)
-> Request 3
288
(3, 2, 2)
2
(67, 22)
-> Request 4
310
(2, 2, 1)
2
(48, 8)
-> Request 5
393
(4, 3, 2)
3
(43, 12)
-> Request 6
895
(4, 3, 2)
2
(59, 76)
-> Request 7
994
(4, 3, 1)
2
(6, 66)
-> Request 8
1000
(3, 1, 1)
3
(33, 19)
-> Request 9
1090
(3, 3, 2)
2
(51, 65)
-> Request 10
1324
(4, 3, 2)
2
(56, 76)
--> Day : 4
-> Request 0
271
(3, 3, 2)
3
(31, 44)
-> Request 1
310
(4, 2, 1)
1
(29, 44)
-> Request 2
481
(4, 3, 2)
3
(0, 0)
-> Request 3
856
(4, 2, 1)
3
(64, 15)
-> Request 4
873
(3, 3, 2)
1
(60, 16)
-> Request 5
1012
(4, 2, 2)
2
(12, 15)
-> Request 6
1041
(1, 3, 1)
3
(69, 31)
-> Request 7
1063
(4, 3, 2)
3
(26, 25)
-> Request 8
1421
(4, 2, 1)
2
(61, 72)
---> Week : 13
--> Day : 0
-> Request 0
12
(3, 2, 2)
1
(65, 55)
-> Request 1
56
(3, 2, 2)
1
(68, 58)
-> Request 2
81
(1, 2, 2)
1
(8, 30)
-> Request 3
184
(1, 2, 1)
2
(22, 40)
-> Request 4
244
(4, 2, 2)
2
(36, 13)
-> Request 5
279
(3, 2, 1)
2
(49, 34)
-> Request 6
770
(3, 3, 2)
3
(22, 56)
-> Request 7
772
(4, 3, 2)
3
(34, 42)
-> Request 8
963
(4, 2, 1)
3
(68, 14)
-> Request 9
1107
(4, 2, 2)
3
(46, 64)
-> Request 10
1261
(4, 2, 2)
1
(35, 24)
-> Request 11
1377
(4, 2, 1)
1
(31, 62)
--> Day : 1
-> Request 0
23
(4, 3, 2)
1
(12, 74)
-> Request 1
72
(3, 3, 2)
3
(52, 28)
-> Request 2
519
(4, 3, 1)
2
(29, 35)
-> Request 3
876
(4, 3, 1)
1
(41, 15)
-> Request 4
901
(4, 2, 1)
3
(46, 30)
-> Request 5
1076
(4, 3, 1)
2
(65, 64)
-> Request 6
1215
(4, 1, 1)
3
(54, 32)
-> Request 7
1254
(3, 3, 1)
2
(71, 22)
-> Request 8
1414
(3, 3, 2)
3
(68, 71)
--> Day : 2
-> Request 0
367
(4, 2, 1)
3
(35, 47)
-> Request 1
1058
(4, 3, 1)
3
(63, 29)
-> Request 2
1073
(4, 3, 1)
1
(25, 61)
-> Request 3
1119
(2, 3, 1)
1
(57, 61)
--> Day : 3
-> Request 0
16
(3, 2, 1)
2
(50, 39)
-> Request 1
160
(2, 2, 2)
1
(26, 68)
-> Request 2
217
(4, 1, 1)
3
(64, 25)
-> Request 3
497
(2, 3, 2)
1
(31, 69)
-> Request 4
498
(4, 2, 2)
3
(19, 36)
-> Request 5
915
(4, 3, 1)
3
(50, 46)
-> Request 6
984
(3, 3, 1)
1
(8, 67)
-> Request 7
1168
(3, 3, 2)
1
(18, 26)
-> Request 8
1202
(4, 2, 1)
2
(49, 8)
-> Request 9
1228
(4, 3, 2)
1
(57, 56)
-> Request 10
1437
(3, 2, 2)
3
(78, 9)
--> Day : 4
-> Request 0
332
(4, 3, 1)
2
(30, 32)
-> Request 1
354
(4, 2, 1)
1
(30, 45)
-> Request 2
484
(4, 2, 1)
1
(49, 46)
-> Request 3
491
(3, 3, 1)
2
(76, 20)
-> Request 4
737
(4, 2, 1)
1
(6, 25)
-> Request 5
891
(3, 2, 2)
2
(30, 35)
-> Request 6
1085
(2, 2, 1)
3
(7, 31)
-> Request 7
1283
(4, 2, 2)
3
(33, 38)
-> Request 8
1289
(3, 3, 1)
3
(77, 62)
-> Request 9
1355
(4, 2, 2)
3
(21, 13)
---> Week : 14
--> Day : 0
-> Request 0
17
(4, 3, 1)
1
(28, 74)
-> Request 1
50
(4, 2, 1)
3
(78, 16)
-> Request 2
100
(4, 2, 2)
2
(38, 43)
-> Request 3
113
(4, 3, 1)
3
(26, 41)
-> Request 4
737
(3, 3, 2)
1
(7, 24)
-> Request 5
1025
(4, 2, 1)
1
(40, 58)
-> Request 6
1162
(4, 3, 2)
2
(21, 8)
-> Request 7
1438
(3, 2, 1)
3
(33, 51)
--> Day : 1
-> Request 0
109
(3, 3, 1)
1
(27, 16)
-> Request 1
268
(4, 3, 2)
2
(22, 58)
-> Request 2
488
(4, 2, 1)
1
(8, 16)
-> Request 3
623
(3, 3, 1)
1
(16, 57)
-> Request 4
707
(3, 1, 2)
1
(75, 71)
-> Request 5
978
(4, 2, 1)
3
(27, 21)
-> Request 6
1030
(4, 3, 1)
1
(4, 28)
-> Request 7
1039
(4, 3, 2)
3
(63, 30)
-> Request 8
1053
(2, 3, 1)
2
(65, 41)
-> Request 9
1062
(4, 1, 2)
1
(24, 79)
-> Request 10
1094
(4, 2, 2)
2
(26, 42)
-> Request 11
1245
(3, 3, 2)
2
(59, 65)
-> Request 12
1383
(4, 2, 1)
2
(47, 15)
--> Day : 2
-> Request 0
11
(4, 2, 2)
1
(23, 38)
-> Request 1
26
(3, 2, 1)
3
(74, 7)
-> Request 2
802
(4, 1, 2)
1
(67, 51)
-> Request 3
857
(3, 3, 2)
2
(13, 33)
-> Request 4
889
(4, 3, 1)
2
(19, 5)
-> Request 5
931
(4, 3, 1)
1
(18, 22)
-> Request 6
1138
(4, 2, 2)
1
(22, 15)
-> Request 7
1219
(4, 3, 1)
1
(50, 25)
-> Request 8
1219
(2, 2, 2)
2
(3, 38)
-> Request 9
1287
(4, 1, 1)
3
(39, 34)
--> Day : 3
-> Request 0
106
(4, 3, 2)
1
(61, 9)
-> Request 1
305
(4, 3, 2)
2
(37, 43)
-> Request 2
644
(4, 2, 1)
1
(13, 30)
-> Request 3
661
(1, 2, 1)
2
(28, 33)
-> Request 4
1036
(4, 2, 1)
3
(65, 4)
-> Request 5
1355
(4, 2, 1)
2
(63, 73)
--> Day : 4
-> Request 0
26
(2, 2, 1)
3
(18, 66)
-> Request 1
237
(3, 2, 2)
1
(60, 6)
-> Request 2
349
(1, 3, 1)
3
(62, 5)
-> Request 3
454
(4, 3, 1)
1
(40, 51)
-> Request 4
461
(4, 3, 1)
3
(15, 78)
-> Request 5
463
(4, 3, 1)
2
(37, 78)
-> Request 6
814
(4, 2, 2)
1
(1, 19)
-> Request 7
848
(3, 3, 2)
3
(62, 79)
-> Request 8
988
(4, 3, 2)
2
(64, 41)
-> Request 9
1017
(2, 1, 2)
3
(3, 40)
-> Request 10
1179
(3, 3, 2)
1
(22, 64)
-> Request 11
1305
(2, 2, 1)
2
(33, 43)
---> Week : 15
--> Day : 0
-> Request 0
2
(4, 2, 2)
3
(19, 45)
-> Request 1
117
(1, 3, 2)
2
(65, 47)
-> Request 2
375
(3, 2, 1)
3
(26, 41)
-> Request 3
376
(4, 2, 1)
3
(14, 39)
-> Request 4
582
(4, 3, 2)
2
(39, 76)
-> Request 5
708
(3, 3, 1)
2
(64, 32)
-> Request 6
714
(3, 3, 2)
1
(77, 27)
-> Request 7
717
(4, 2, 1)
3
(39, 11)
-> Request 8
861
(4, 1, 2)
1
(8, 12)
-> Request 9
1039
(3, 3, 2)
3
(7, 16)
-> Request 10
1093
(4, 3, 1)
2
(37, 22)
-> Request 11
1291
(3, 3, 1)
2
(61, 68)
-> Request 12
1313
(4, 3, 1)
1
(70, 3)
-> Request 13
1364
(2, 3, 2)
2
(67, 67)
-> Request 14
1364
(4, 2, 2)
2
(14, 43)
--> Day : 1
-> Request 0
283
(3, 3, 2)
1
(52, 44)
-> Request 1
289
(1, 3, 2)
3
(27, 11)
-> Request 2
759
(3, 2, 2)
1
(27, 26)
-> Request 3
852
(2, 3, 2)
3
(79, 38)
-> Request 4
857
(3, 2, 2)
3
(72, 15)
-> Request 5
1141
(2, 3, 2)
3
(39, 35)
--> Day : 2
-> Request 0
34
(3, 3, 1)
2
(35, 16)
-> Request 1
92
(3, 2, 2)
1
(58, 12)
-> Request 2
142
(3, 3, 1)
3
(65, 61)
-> Request 3
459
(4, 2, 1)
3
(21, 46)
-> Request 4
600
(2, 3, 2)
2
(33, 11)
-> Request 5
612
(3, 3, 1)
3
(18, 16)
-> Request 6
848
(4, 3, 1)
3
(44, 43)
-> Request 7
868
(4, 3, 2)
1
(45, 23)
-> Request 8
952
(3, 3, 1)
3
(42, 64)
-> Request 9
1032
(3, 3, 1)
2
(47, 59)
-> Request 10
1058
(3, 2, 1)
1
(79, 27)
-> Request 11
1107
(3, 2, 2)
1
(12, 66)
-> Request 12
1282
(3, 2, 1)
3
(18, 69)
-> Request 13
1290
(4, 2, 2)
3
(26, 19)
-> Request 14
1399
(4, 2, 2)
3
(34, 53)
-> Request 15
1406
(4, 3, 2)
1
(62, 77)
--> Day : 3
-> Request 0
30
(3, 2, 1)
2
(22, 22)
-> Request 1
100
(4, 3, 1)
1
(26, 56)
-> Request 2
115
(4, 3, 2)
3
(45, 16)
-> Request 3
138
(4, 3, 1)
3
(31, 12)
-> Request 4
625
(4, 3, 1)
3
(56, 43)
-> Request 5
632
(3, 3, 1)
1
(4, 77)
-> Request 6
999
(4, 3, 1)
2
(70, 13)
-> Request 7
1318
(3, 3, 2)
2
(12, 61)
-> Request 8
1434
(4, 3, 2)
2
(10, 0)
--> Day : 4
-> Request 0
143
(3, 2, 2)
1
(21, 57)
-> Request 1
264
(3, 3, 1)
3
(58, 33)
-> Request 2
386
(3, 1, 2)
1
(48, 26)
-> Request 3
871
(3, 3, 1)
2
(49, 0)
-> Request 4
880
(4, 3, 2)
3
(1, 24)
-> Request 5
900
(3, 3, 2)
3
(4, 60)
-> Request 6
923
(4, 2, 1)
2
(23, 50)
-> Request 7
1225
(3, 3, 1)
3
(10, 27)
-> Request 8
1242
(4, 1, 1)
2
(56, 56)
---> Week : 16
--> Day : 0
-> Request 0
82
(3, 3, 2)
3
(71, 40)
-> Request 1
576
(2, 2, 2)
1
(65, 17)
-> Request 2
750
(2, 2, 2)
1
(52, 62)
-> Request 3
873
(4, 1, 2)
3
(13, 68)
-> Request 4
1175
(3, 2, 1)
2
(73, 27)
--> Day : 1
-> Request 0
108
(2, 3, 2)
2
(3, 73)
-> Request 1
127
(3, 3, 2)
1
(12, 13)
-> Request 2
159
(2, 2, 2)
1
(41, 45)
-> Request 3
177
(3, 3, 2)
2
(77, 26)
-> Request 4
539
(4, 3, 1)
3
(44, 22)
-> Request 5
573
(3, 2, 1)
2
(12, 14)
-> Request 6
669
(4, 2, 2)
2
(45, 42)
-> Request 7
685
(3, 3, 2)
1
(69, 16)
-> Request 8
711
(4, 3, 2)
3
(11, 69)
-> Request 9
872
(4, 1, 2)
1
(22, 28)
-> Request 10
883
(4, 3, 2)
1
(15, 8)
-> Request 11
1042
(2, 3, 2)
2
(28, 22)
-> Request 12
1192
(4, 3, 2)
2
(9, 60)
-> Request 13
1274
(4, 3, 1)
2
(52, 0)
-> Request 14
1326
(3, 3, 1)
1
(36, 24)
-> Request 15
1425
(2, 3, 1)
3
(7, 20)
--> Day : 2
-> Request 0
199
(2, 3, 1)
1
(19, 73)
-> Request 1
326
(4, 2, 2)
1
(47, 42)
-> Request 2
353
(3, 3, 1)
3
(41, 24)
-> Request 3
520
(4, 3, 1)
3
(53, 39)
-> Request 4
647
(4, 3, 1)
1
(27, 48)
-> Request 5
718
(4, 3, 1)
3
(32, 72)
-> Request 6
734
(4, 1, 1)
2
(66, 23)
-> Request 7
927
(3, 2, 2)
2
(20, 63)
-> Request 8
1352
(4, 3, 2)
3
(13, 17)
--> Day : 3
-> Request 0
215
(4, 3, 2)
3
(60, 48)
-> Request 1
278
(2, 1, 1)
1
(61, 48)
-> Request 2
1348
(4, 2, 2)
1
(15, 13)
--> Day : 4
-> Request 0
70
(2, 2, 1)
3
(21, 69)
-> Request 1
153
(3, 3, 1)
2
(1, 46)
-> Request 2
255
(4, 2, 2)
2
(35, 15)
-> Request 3
337
(3, 3, 2)
2
(1, 79)
-> Request 4
678
(4, 2, 1)
2
(68, 75)
-> Request 5
775
(4, 2, 2)
1
(45, 13)
-> Request 6
834
(4, 3, 2)
1
(14, 44)
-> Request 7
861
(3, 2, 2)
3
(3, 56)
-> Request 8
1246
(3, 1, 2)
2
(63, 67)
-> Request 9
1437
(4, 2, 2)
1
(46, 65)
---> Week : 17
--> Day : 0
-> Request 0
51
(3, 3, 2)
1
(1, 53)
-> Request 1
54
(4, 3, 1)
2
(37, 9)
-> Request 2
128
(4, 2, 2)
3
(53, 39)
-> Request 3
401
(4, 3, 2)
3
(47, 30)
-> Request 4
483
(4, 3, 1)
3
(67, 30)
-> Request 5
601
(3, 2, 2)
3
(20, 20)
-> Request 6
815
(3, 3, 1)
1
(44, 31)
-> Request 7
868
(2, 2, 1)
2
(24, 44)
-> Request 8
985
(4, 3, 1)
1
(41, 45)
-> Request 9
1156
(3, 3, 2)
2
(28, 73)
-> Request 10
1187
(4, 2, 2)
3
(9, 72)
-> Request 11
1255
(4, 2, 2)
2
(34, 48)
-> Request 12
1280
(4, 2, 1)
1
(53, 9)
--> Day : 1
-> Request 0
48
(2, 3, 1)
1
(13, 56)
-> Request 1
85
(4, 3, 2)
1
(71, 74)
-> Request 2
107
(3, 3, 1)
3
(57, 45)
-> Request 3
240
(3, 2, 1)
2
(55, 26)
-> Request 4
351
(4, 2, 1)
2
(29, 19)
-> Request 5
489
(4, 1, 1)
2
(54, 39)
-> Request 6
534
(3, 3, 2)
2
(54, 1)
-> Request 7
684
(4, 2, 2)
1
(1, 24)
-> Request 8
1018
(3, 2, 2)
2
(74, 20)
-> Request 9
1046
(3, 2, 2)
1
(28, 73)
-> Request 10
1224
(2, 3, 1)
2
(44, 2)
-> Request 11
1298
(3, 3, 1)
1
(61, 13)
--> Day : 2
-> Request 0
77
(1, 3, 2)
3
(68, 69)
-> Request 1
173
(3, 2, 2)
2
(49, 73)
-> Request 2
309
(3, 2, 1)
2
(24, 79)
-> Request 3
339
(4, 3, 2)
3
(39, 77)
-> Request 4
465
(4, 2, 1)
2
(36, 25)
-> Request 5
674
(4, 3, 1)
1
(49, 54)
-> Request 6
688
(4, 1, 1)
3
(79, 65)
-> Request 7
912
(3, 2, 1)
2
(43, 58)
-> Request 8
912
(4, 3, 2)
1
(19, 7)
-> Request 9
978
(2, 3, 1)
2
(56, 54)
-> Request 10
1350
(3, 3, 2)
2
(46, 33)
--> Day : 3
-> Request 0
165
(4, 3, 2)
2
(65, 53)
-> Request 1
478
(2, 1, 2)
2
(47, 9)
-> Request 2
659
(4, 2, 2)
2
(10, 7)
-> Request 3
755
(4, 2, 1)
1
(4, 60)
-> Request 4
1130
(3, 2, 1)
1
(62, 26)
-> Request 5
1306
(4, 3, 2)
1
(77, 21)
-> Request 6
1350
(4, 3, 1)
2
(63, 9)
-> Request 7
1359
(3, 1, 2)
3
(33, 33)
--> Day : 4
-> Request 0
107
(4, 2, 1)
3
(26, 8)
-> Request 1
187
(3, 3, 2)
1
(21, 64)
-> Request 2
247
(3, 3, 1)
3
(12, 69)
-> Request 3
294
(2, 3, 2)
1
(57, 12)
-> Request 4
436
(4, 2, 2)
2
(30, 26)
-> Request 5
737
(3, 3, 1)
2
(16, 36)
-> Request 6
914
(3, 2, 2)
1
(54, 13)
-> Request 7
1009
(4, 3, 2)
2
(55, 45)
-> Request 8
1035
(4, 3, 1)
1
(23, 34)
-> Request 9
1264
(4, 2, 2)
2
(68, 37)
-> Request 10
1324
(2, 3, 1)
3
(54, 46)
---> Week : 18
--> Day : 0
-> Request 0
291
(3, 3, 2)
1
(2, 41)
-> Request 1
479
(4, 3, 2)
2
(1, 34)
-> Request 2
592
(3, 2, 2)
2
(36, 32)
-> Request 3
596
(2, 3, 2)
3
(60, 59)
-> Request 4
631
(4, 3, 2)
3
(72, 12)
-> Request 5
668
(3, 2, 1)
2
(76, 27)
-> Request 6
907
(4, 3, 2)
1
(27, 15)
-> Request 7
912
(3, 2, 1)
3
(15, 22)
-> Request 8
1050
(2, 2, 1)
3
(71, 61)
-> Request 9
1162
(4, 3, 1)
1
(16, 22)
--> Day : 1
-> Request 0
89
(4, 3, 2)
1
(8, 39)
-> Request 1
505
(4, 3, 2)
1
(38, 29)
-> Request 2
801
(2, 2, 2)
3
(78, 69)
-> Request 3
878
(3, 1, 2)
2
(33, 30)
--> Day : 2
-> Request 0
39
(4, 3, 1)
2
(44, 23)
-> Request 1
123
(2, 3, 1)
1
(27, 8)
-> Request 2
418
(4, 3, 2)
3
(16, 60)
-> Request 3
428
(4, 2, 1)
3
(55, 51)
-> Request 4
636
(4, 3, 2)
3
(24, 42)
-> Request 5
711
(2, 3, 2)
3
(35, 11)
-> Request 6
874
(3, 3, 1)
2
(73, 63)
-> Request 7
876
(2, 2, 2)
3
(18, 18)
-> Request 8
1003
(2, 2, 2)
3
(13, 6)
-> Request 9
1014
(4, 3, 1)
1
(49, 17)
-> Request 10
1117
(1, 3, 2)
2
(53, 55)
-> Request 11
1138
(3, 3, 1)
1
(6, 65)
-> Request 12
1171
(3, 3, 1)
1
(11, 0)
-> Request 13
1171
(2, 2, 1)
3
(79, 70)
-> Request 14
1323
(4, 2, 2)
2
(64, 47)
-> Request 15
1363
(4, 2, 2)
3
(5, 30)
-> Request 16
1401
(4, 3, 2)
1
(43, 44)
--> Day : 3
-> Request 0
110
(3, 2, 2)
2
(77, 78)
-> Request 1
114
(4, 3, 2)
2
(12, 74)
-> Request 2
290
(4, 3, 1)
2
(78, 25)
-> Request 3
433
(2, 3, 2)
1
(46, 31)
-> Request 4
487
(4, 3, 1)
1
(50, 68)
-> Request 5
569
(1, 3, 1)
1
(12, 8)
-> Request 6
1032
(3, 2, 1)
1
(78, 48)
-> Request 7
1077
(4, 1, 1)
1
(8, 54)
-> Request 8
1102
(2, 2, 1)
3
(34, 46)
--> Day : 4
-> Request 0
31
(4, 3, 2)
1
(13, 62)
-> Request 1
80
(4, 3, 2)
2
(17, 65)
-> Request 2
106
(3, 3, 1)
3
(77, 45)
-> Request 3
132
(4, 2, 2)
1
(68, 73)
-> Request 4
419
(4, 3, 1)
3
(27, 25)
-> Request 5
422
(4, 3, 2)
2
(55, 15)
-> Request 6
816
(4, 2, 1)
2
(16, 40)
-> Request 7
934
(4, 3, 2)
1
(22, 66)
-> Request 8
1056
(2, 2, 1)
3
(44, 13)
-> Request 9
1209
(3, 3, 2)
1
(45, 16)
---> Week : 19
--> Day : 0
-> Request 0
56
(4, 3, 1)
3
(46, 5)
-> Request 1
754
(3, 3, 1)
2
(69, 25)
-> Request 2
889
(3, 3, 2)
3
(23, 27)
-> Request 3
910
(1, 3, 1)
2
(18, 64)
-> Request 4
986
(4, 3, 1)
3
(61, 69)
-> Request 5
1057
(4, 2, 1)
3
(75, 23)
-> Request 6
1145
(4, 2, 1)
2
(75, 46)
-> Request 7
1161
(3, 3, 1)
1
(49, 40)
--> Day : 1
-> Request 0
12
(4, 2, 2)
3
(16, 52)
-> Request 1
122
(3, 2, 2)
3
(56, 40)
-> Request 2
524
(4, 3, 2)
3
(34, 58)
-> Request 3
705
(4, 2, 1)
1
(40, 35)
-> Request 4
964
(2, 3, 2)
2
(37, 10)
-> Request 5
1211
(4, 3, 2)
2
(56, 5)
-> Request 6
1389
(4, 3, 2)
2
(49, 44)
-> Request 7
1433
(4, 3, 2)
3
(8, 17)
--> Day : 2
-> Request 0
424
(4, 3, 1)
3
(52, 73)
-> Request 1
439
(4, 2, 2)
1
(69, 10)
-> Request 2
495
(3, 2, 1)
1
(30, 78)
-> Request 3
565
(4, 3, 1)
2
(1, 23)
-> Request 4
928
(4, 2, 1)
2
(20, 71)
-> Request 5
967
(1, 2, 1)
1
(40, 2)
-> Request 6
1025
(3, 2, 1)
2
(22, 1)
-> Request 7
1152
(3, 2, 2)
3
(13, 75)
-> Request 8
1412
(4, 3, 2)
1
(52, 37)
--> Day : 3
-> Request 0
356
(3, 2, 1)
1
(4, 68)
-> Request 1
431
(4, 1, 1)
2
(34, 77)
-> Request 2
518
(4, 3, 2)
1
(40, 37)
-> Request 3
713
(1, 3, 1)
3
(78, 21)
-> Request 4
770
(3, 2, 1)
2
(54, 3)
-> Request 5
799
(1, 1, 1)
1
(34, 46)
-> Request 6
840
(2, 3, 2)
2
(2, 70)
-> Request 7
886
(2, 2, 1)
1
(50, 58)
-> Request 8
926
(3, 3, 1)
2
(41, 8)
-> Request 9
1212
(3, 2, 1)
3
(23, 21)
-> Request 10
1276
(2, 2, 2)
3
(73, 48)
-> Request 11
1290
(4, 3, 2)
3
(1, 47)
-> Request 12
1302
(3, 3, 1)
2
(22, 76)
-> Request 13
1357
(4, 3, 2)
1
(73, 33)
-> Request 14
1359
(3, 2, 1)
2
(17, 62)
-> Request 15
1418
(4, 2, 2)
3
(14, 22)
-> Request 16
1427
(4, 2, 1)
2
(16, 44)
--> Day : 4
-> Request 0
106
(4, 2, 2)
2
(39, 43)
-> Request 1
161
(4, 2, 1)
3
(32, 53)
-> Request 2
292
(3, 3, 2)
2
(32, 17)
-> Request 3
718
(3, 3, 2)
2
(10, 9)
-> Request 4
782
(4, 3, 2)
1
(41, 1)
-> Request 5
796
(4, 2, 2)
3
(22, 30)
-> Request 6
1040
(2, 2, 1)
2
(10, 25)
-> Request 7
1275
(4, 3, 2)
1
(34, 71)
-> Request 8
1369
(4, 2, 1)
3
(31, 27)
