---> Week : 0
--> Day : 0
-> Request 0
292
(4, 2, 1)
2
(39, 11)
-> Request 1
707
(3, 2, 2)
2
(56, 69)
-> Request 2
825
(4, 2, 2)
2
(9, 31)
-> Request 3
847
(4, 3, 1)
1
(13, 7)
-> Request 4
894
(4, 2, 1)
3
(33, 74)
-> Request 5
901
(4, 2, 1)
1
(54, 23)
-> Request 6
947
(2, 2, 2)
1
(16, 54)
-> Request 7
1133
(3, 1, 2)
1
(54, 77)
-> Request 8
1165
(3, 3, 1)
1
(51, 31)
-> Request 9
1301
(3, 2, 2)
1
(58, 25)
-> Request 10
1327
(4, 2, 1)
2
(31, 60)
-> Request 11
1382
(2, 3, 2)
2
(61, 16)
--> Day : 1
-> Request 0
24
(3, 1, 1)
1
(35, 19)
-> Request 1
90
(3, 2, 2)
3
(4, 42)
-> Request 2
92
(4, 3, 2)
2
(24, 74)
-> Request 3
102
(3, 3, 2)
2
(59, 16)
-> Request 4
161
(4, 3, 2)
1
(41, 13)
-> Request 5
366
(3, 2, 1)
1
(15, 43)
-> Request 6
545
(3, 2, 2)
1
(55, 7)
-> Request 7
614
(4, 3, 2)
3
(53, 76)
-> Request 8
717
(4, 2, 2)
2
(27, 44)
-> Request 9
1072
(1, 3, 1)
3
(73, 34)
-> Request 10
1156
(4, 2, 1)
3
(33, 19)
-> Request 11
1168
(3, 1, 2)
2
(35, 4)
-> Request 12
1296
(4, 3, 1)
2
(31, 38)
-> Request 13
1352
(4, 3, 1)
1
(0, 61)
-> Request 14
1363
(3, 3, 2)
3
(49, 6)
--> Day : 2
-> Request 0
167
(4, 3, 2)
3
(45, 73)
-> Request 1
286
(4, 3, 1)
3
(17, 76)
-> Request 2
588
(4, 3, 2)
3
(27, 0)
-> Request 3
725
(2, 2, 1)
1
(55, 37)
-> Request 4
792
(4, 3, 1)
3
(23, 20)
-> Request 5
1028
(4, 3, 1)
1
(11, 50)
-> Request 6
1148
(4, 3, 1)
1
(35, 7)
-> Request 7
1351
(3, 2, 1)
3
(1, 39)
--> Day : 3
-> Request 0
126
(2, 3, 1)
2
(3, 64)
-> Request 1
228
(1, 3, 1)
2
(51, 13)
-> Request 2
281
(2, 3, 2)
1
(60, 8)
-> Request 3
407
(4, 2, 2)
1
(31, 78)
-> Request 4
414
(2, 3, 1)
2
(12, 58)
-> Request 5
454
(3, 2, 2)
2
(47, 71)
-> Request 6
754
(3, 2, 2)
3
(4, 42)
-> Request 7
778
(4, 3, 2)
3
(56, 49)
-> Request 8
1009
(1, 2, 1)
2
(45, 74)
--> Day : 4
-> Request 0
16
(4, 3, 2)
1
(38, 76)
-> Request 1
37
(3, 2, 1)
1
(43, 39)
-> Request 2
77
(4, 3, 1)
2
(13, 61)
-> Request 3
201
(4, 3, 1)
1
(57, 75)
-> Request 4
217
(3, 3, 1)
3
(51, 69)
-> Request 5
857
(1, 3, 2)
3
(55, 45)
-> Request 6
858
(3, 3, 2)
1
(55, 54)
-> Request 7
863
(4, 2, 1)
3
(6, 55)
-> Request 8
939
(4, 3, 1)
2
(29, 2)
-> Request 9
1007
(4, 3, 1)
2
(75, 11)
-> Request 10
1012
(2, 2, 1)
2
(29, 19)
-> Request 11
1043
(2, 3, 2)
2
(73, 10)
-> Request 12
1148
(3, 2, 1)
3
(69, 18)
-> Request 13
1174
(4, 3, 2)
3
(36, 37)
-> Request 14
1277
(3, 3, 2)
1
(10, 15)
-> Request 15
1368
(4, 3, 1)
2
(56, 30)
-> Request 16
1399
(1, 2, 1)
1
(8, 1)
-> Request 17
1422
(4, 3, 1)
1
(48, 74)
---> Week : 1
--> Day : 0
-> Request 0
51
(3, 2, 1)
1
(34, 9)
-> Request 1
178
(1, 2, 1)
2
(62, 63)
-> Request 2
534
(4, 2, 2)
3
(5, 54)
-> Request 3
717
(4, 2, 2)
2
(67, 22)
-> Request 4
891
(4, 2, 1)
2
(56, 60)
-> Request 5
1018
(4, 3, 1)
3
(4, 77)
-> Request 6
1122
(3, 2, 2)
3
(21, 59)
--> Day : 1
-> Request 0
50
(4, 3, 2)
2
(62, 74)
-> Request 1
121
(3, 3, 1)
1
(42, 7)
-> Request 2
533
(3, 3, 1)
1
(75, 53)
-> Request 3
710
(4, 3, 1)
3
(78, 78)
-> Request 4
805
(4, 3, 2)
3
(6, 35)
-> Request 5
1132
(2, 3, 2)
1
(10, 27)
--> Day : 2
-> Request 0
35
(3, 2, 1)
2
(55, 47)
-> Request 1
138
(2, 3, 1)
1
(61, 24)
-> Request 2
515
(4, 3, 1)
1
(49, 25)
-> Request 3
646
(4, 3, 1)
1
(75, 53)
-> Request 4
722
(4, 2, 1)
3
(5, 13)
-> Request 5
832
(2, 3, 2)
1
(46, 38)
-> Request 6
913
(4, 3, 2)
2
(34, 32)
-> Request 7
985
(4, 2, 2)
1
(78, 58)
-> Request 8
1140
(3, 2, 2)
2
(77, 33)
-> Request 9
1187
(3, 2, 2)
1
(7, 0)
--> Day : 3
-> Request 0
274
(4, 3, 2)
2
(22, 31)
-> Request 1
556
(3, 2, 2)
2
(35, 58)
-> Request 2
947
(4, 3, 2)
1
(29, 4)
-> Request 3
1337
(4, 3, 1)
3
(51, 15)
-> Request 4
1430
(3, 2, 1)
1
(37, 6)
--> Day : 4
-> Request 0
357
(2, 2, 1)
1
(24, 0)
-> Request 1
746
(4, 2, 2)
3
(55, 70)
-> Request 2
764
(4, 2, 1)
3
(62, 49)
-> Request 3
926
(2, 2, 2)
2
(48, 67)
-> Request 4
1232
(2, 2, 2)
1
(72, 15)
---> Week : 2
--> Day : 0
-> Request 0
95
(3, 2, 1)
2
(41, 27)
-> Request 1
115
(4, 2, 1)
1
(12, 50)
-> Request 2
148
(2, 2, 2)
3
(0, 6)
-> Request 3
232
(4, 2, 1)
2
(34, 50)
-> Request 4
285
(3, 2, 2)
2
(14, 34)
-> Request 5
722
(3, 3, 1)
3
(52, 72)
-> Request 6
748
(2, 3, 1)
1
(44, 73)
-> Request 7
846
(4, 2, 1)
3
(62, 17)
-> Request 8
949
(4, 3, 2)
2
(22, 13)
-> Request 9
1009
(4, 2, 1)
1
(5, 62)
-> Request 10
1051
(2, 3, 1)
1
(47, 72)
-> Request 11
1054
(4, 3, 2)
3
(18, 31)
-> Request 12
1077
(3, 2, 1)
3
(5, 37)
-> Request 13
1300
(4, 3, 2)
2
(24, 69)
-> Request 14
1319
(3, 2, 2)
2
(57, 13)
--> Day : 1
-> Request 0
24
(3, 2, 2)
2
(15, 1)
-> Request 1
208
(4, 3, 2)
2
(45, 5)
-> Request 2
304
(2, 1, 1)
3
(27, 38)
-> Request 3
695
(4, 3, 2)
1
(56, 68)
-> Request 4
703
(4, 3, 1)
1
(79, 12)
-> Request 5
780
(4, 2, 2)
2
(22, 40)
-> Request 6
783
(3, 3, 2)
3
(70, 6)
-> Request 7
802
(4, 3, 1)
3
(30, 4)
-> Request 8
1249
(3, 3, 2)
1
(2, 69)
--> Day : 2
-> Request 0
156
(2, 3, 1)
3
(75, 41)
-> Request 1
267
(2, 3, 1)
2
(57, 6)
-> Request 2
697
(3, 3, 2)
2
(16, 52)
-> Request 3
815
(3, 3, 2)
3
(52, 79)
-> Request 4
860
(4, 3, 2)
3
(50, 1)
-> Request 5
949
(4, 2, 2)
1
(11, 11)
-> Request 6
949
(4, 2, 2)
1
(46, 73)
-> Request 7
1026
(4, 3, 2)
3
(70, 41)
-> Request 8
1040
(3, 3, 2)
2
(70, 11)
-> Request 9
1110
(2, 2, 2)
1
(5, 55)
-> Request 10
1181
(3, 2, 2)
1
(29, 39)
-> Request 11
1252
(3, 3, 2)
2
(16, 27)
--> Day : 3
-> Request 0
53
(3, 3, 2)
1
(68, 73)
-> Request 1
171
(4, 3, 1)
3
(15, 18)
-> Request 2
179
(3, 2, 2)
1
(42, 13)
-> Request 3
228
(2, 2, 2)
2
(48, 17)
-> Request 4
255
(3, 3, 2)
3
(26, 40)
-> Request 5
531
(3, 2, 1)
3
(13, 39)
-> Request 6
535
(4, 2, 2)
1
(70, 72)
-> Request 7
540
(2, 3, 1)
3
(73, 18)
-> Request 8
686
(3, 2, 2)
2
(5, 47)
-> Request 9
936
(4, 3, 1)
3
(56, 69)
-> Request 10
971
(4, 2, 2)
3
(23, 4)
-> Request 11
1084
(4, 1, 1)
2
(39, 67)
-> Request 12
1122
(4, 2, 2)
1
(2, 57)
-> Request 13
1128
(3, 2, 1)
2
(52, 34)
-> Request 14
1203
(4, 3, 1)
2
(33, 26)
-> Request 15
1240
(4, 3, 2)
3
(39, 64)
--> Day : 4
-> Request 0
82
(3, 1, 1)
1
(23, 31)
-> Request 1
211
(3, 3, 1)
2
(21, 53)
-> Request 2
505
(3, 3, 2)
2
(73, 14)
-> Request 3
744
(3, 3, 2)
1
(38, 61)
-> Request 4
901
(3, 3, 2)
3
(4, 22)
-> Request 5
1202
(3, 2, 2)
1
(76, 57)
-> Request 6
1409
(4, 3, 2)
1
(70, 20)
---> Week : 3
--> Day : 0
-> Request 0
87
(1, 1, 2)
3
(5, 70)
-> Request 1
338
(4, 3, 2)
1
(57, 58)
-> Request 2
355
(2, 3, 1)
1
(73, 37)
-> Request 3
364
(4, 3, 1)
3
(45, 68)
-> Request 4
455
(3, 2, 2)
1
(72, 29)
-> Request 5
570
(4, 3, 2)
1
(49, 62)
-> Request 6
701
(3, 2, 2)
3
(53, 36)
-> Request 7
767
(4, 2, 2)
3
(79, 54)
-> Request 8
793
(3, 2, 1)
2
(3, 72)
-> Request 9
1316
(4, 3, 2)
3
(64, 32)
-> Request 10
1348
(4, 3, 1)
1
(68, 69)
--> Day : 1
-> Request 0
173
(3, 3, 2)
3
(79, 23)
-> Request 1
200
(1, 2, 2)
1
(69, 78)
-> Request 2
229
(4, 2, 1)
3
(67, 75)
-> Request 3
240
(2, 2, 2)
2
(38, 62)
-> Request 4
241
(4, 3, 1)
1
(29, 61)
-> Request 5
420
(4, 3, 1)
3
(55, 63)
-> Request 6
780
(3, 2, 2)
1
(72, 56)
-> Request 7
901
(2, 3, 2)
1
(38, 47)
-> Request 8
1031
(4, 3, 2)
2
(4, 54)
-> Request 9
1044
(3, 3, 2)
1
(7, 47)
-> Request 10
1194
(2, 3, 2)
1
(36, 78)
-> Request 11
1417
(2, 3, 2)
1
(39, 14)
-> Request 12
1426
(3, 3, 1)
3
(79, 5)
--> Day : 2
-> Request 0
151
(1, 2, 1)
3
(76, 36)
-> Request 1
270
(3, 3, 2)
3
(76, 16)
-> Request 2
303
(3, 3, 1)
3
(24, 43)
-> Request 3
471
(4, 2, 2)
2
(18, 36)
-> Request 4
520
(3, 2, 2)
1
(50, 16)
-> Request 5
592
(4, 1, 1)
3
(17, 14)
-> Request 6
897
(3, 2, 1)
3
(38, 73)
-> Request 7
913
(3, 3, 2)
2
(16, 24)
-> Request 8
1169
(2, 2, 1)
3
(24, 67)
-> Request 9
1233
(1, 3, 2)
1
(71, 6)
--> Day : 3
-> Request 0
63
(4, 3, 2)
2
(57, 18)
-> Request 1
379
(4, 3, 1)
1
(55, 50)
-> Request 2
433
(3, 3, 2)
2
(29, 18)
-> Request 3
537
(3, 3, 1)
2
(66, 66)
-> Request 4
931
(1, 3, 1)
3
(55, 62)
-> Request 5
1005
(2, 3, 1)
2
(3, 55)
-> Request 6
1213
(3, 2, 1)
2
(28, 13)
-> Request 7
1333
(2, 2, 1)
2
(1, 74)
-> Request 8
1350
(4, 2, 2)
3
(8, 62)
--> Day : 4
-> Request 0
71
(4, 2, 2)
3
(6, 36)
-> Request 1
266
(3, 3, 1)
3
(44, 62)
-> Request 2
300
(2, 3, 1)
3
(28, 33)
-> Request 3
617
(4, 3, 2)
1
(77, 28)
-> Request 4
757
(3, 3, 2)
1
(64, 66)
-> Request 5
879
(3, 3, 2)
1
(75, 41)
-> Request 6
1267
(4, 3, 1)
3
(32, 30)
-> Request 7
1334
(3, 3, 2)
2
(37, 20)
-> Request 8
1345
(1, 3, 2)
2
(36, 16)
-> Request 9
1358
(3, 2, 1)
3
(35, 60)
---> Week : 4
--> Day : 0
-> Request 0
6
(3, 3, 2)
3
(75, 41)
-> Request 1
80
(2, 3, 1)
2
(69, 8)
-> Request 2
371
(4, 3, 1)
2
(42, 57)
-> Request 3
410
(2, 3, 2)
3
(52, 4)
-> Request 4
450
(3, 3, 2)
3
(70, 6)
-> Request 5
507
(4, 1, 2)
2
(35, 52)
-> Request 6
538
(1, 3, 2)
1
(74, 55)
-> Request 7
568
(3, 3, 1)
1
(50, 17)
-> Request 8
732
(3, 3, 2)
2
(66, 19)
-> Request 9
1089
(3, 3, 1)
1
(77, 22)
-> Request 10
1101
(4, 2, 2)
1
(39, 35)
-> Request 11
1177
(4, 3, 2)
1
(68, 40)
-> Request 12
1373
(3, 3, 2)
1
(10, 68)
--> Day : 1
-> Request 0
67
(3, 3, 2)
1
(75, 79)
-> Request 1
73
(3, 3, 2)
3
(71, 75)
-> Request 2
111
(4, 3, 1)
3
(40, 39)
-> Request 3
275
(4, 3, 2)
3
(57, 41)
-> Request 4
325
(3, 3, 2)
1
(76, 74)
-> Request 5
428
(4, 3, 2)
3
(11, 0)
-> Request 6
530
(4, 3, 1)
3
(43, 44)
-> Request 7
598
(4, 2, 2)
3
(66, 69)
-> Request 8
709
(2, 2, 1)
2
(11, 44)
-> Request 9
758
(3, 3, 2)
3
(47, 44)
-> Request 10
840
(4, 3, 2)
2
(34, 48)
-> Request 11
1179
(3, 3, 1)
3
(16, 36)
-> Request 12
1217
(4, 3, 2)
1
(31, 30)
--> Day : 2
-> Request 0
3
(3, 2, 2)
3
(77, 9)
-> Request 1
121
(2, 3, 2)
3
(39, 41)
-> Request 2
324
(4, 3, 1)
2
(71, 33)
-> Request 3
952
(4, 2, 1)
2
(63, 0)
-> Request 4
1009
(3, 2, 1)
3
(0, 42)
-> Request 5
1150
(4, 3, 2)
1
(9, 55)
-> Request 6
1292
(2, 3, 2)
1
(14, 27)
-> Request 7
1327
(4, 2, 2)
2
(10, 60)
-> Request 8
1377
(4, 2, 2)
1
(15, 9)
--> Day : 3
-> Request 0
48
(3, 2, 2)
2
(57, 68)
-> Request 1
82
(2, 3, 2)
1
(9, 71)
-> Request 2
260
(2, 2, 2)
1
(74, 53)
-> Request 3
474
(4, 2, 1)
2
(30, 30)
-> Request 4
614
(4, 3, 1)
1
(68, 34)
-> Request 5
1095
(3, 2, 1)
2
(51, 35)
-> Request 6
1255
(3, 1, 2)
1
(71, 12)
-> Request 7
1353
(3, 3, 2)
1
(57, 46)
--> Day : 4
-> Request 0
847
(4, 2, 2)
3
(5, 21)
-> Request 1
984
(2, 3, 1)
2
(67, 27)
-> Request 2
1159
(2, 3, 2)
3
(70, 50)
-> Request 3
1323
(4, 3, 2)
1
(71, 78)
-> Request 4
1337
(2, 3, 1)
3
(33, 45)
---> Week : 5
--> Day : 0
-> Request 0
252
(4, 3, 1)
1
(3, 17)
-> Request 1
547
(2, 3, 1)
1
(14, 4)
-> Request 2
558
(3, 2, 2)
3
(15, 40)
-> Request 3
805
(3, 3, 2)
3
(24, 76)
-> Request 4
1022
(4, 2, 1)
2
(10, 19)
-> Request 5
1117
(2, 3, 2)
1
(61, 79)
-> Request 6
1225
(4, 1, 2)
1
(6, 23)
--> Day : 1
-> Request 0
199
(4, 3, 1)
1
(71, 59)
-> Request 1
473
(4, 3, 2)
1
(48, 51)
-> Request 2
533
(2, 3, 2)
3
(12, 54)
-> Request 3
591
(4, 3, 1)
2
(13, 60)
-> Request 4
611
(2, 3, 1)
3
(3, 4)
-> Request 5
734
(4, 3, 1)
2
(76, 44)
-> Request 6
790
(4, 2, 2)
1
(71, 38)
-> Request 7
822
(4, 2, 1)
3
(40, 61)
-> Request 8
863
(3, 2, 1)
1
(74, 64)
-> Request 9
1214
(3, 2, 2)
1
(7, 58)
--> Day : 2
-> Request 0
70
(2, 3, 2)
2
(68, 53)
-> Request 1
480
(4, 3, 2)
3
(45, 39)
-> Request 2
499
(4, 2, 1)
3
(10, 24)
-> Request 3
559
(3, 2, 1)
3
(54, 75)
-> Request 4
788
(3, 3, 2)
1
(30, 18)
-> Request 5
864
(3, 3, 1)
1
(55, 8)
-> Request 6
965
(3, 2, 2)
1
(20, 50)
-> Request 7
1400
(3, 3, 1)
2
(77, 8)
--> Day : 3
-> Request 0
78
(4, 3, 2)
2
(27, 59)
-> Request 1
104
(4, 3, 2)
3
(25, 76)
-> Request 2
612
(4, 2, 1)
3
(14, 38)
-> Request 3
997
(4, 3, 1)
1
(63, 51)
-> Request 4
1316
(3, 1, 2)
1
(64, 5)
--> Day : 4
-> Request 0
74
(3, 3, 1)
3
(9, 50)
-> Request 1
322
(3, 3, 2)
2
(0, 70)
-> Request 2
350
(4, 3, 2)
1
(51, 25)
-> Request 3
414
(2, 2, 2)
3
(66, 3)
-> Request 4
651
(3, 2, 2)
2
(71, 14)
-> Request 5
776
(3, 2, 1)
1
(37, 14)
-> Request 6
941
(4, 3, 1)
2
(74, 64)
-> Request 7
981
(3, 3, 1)
3
(66, 73)
-> Request 8
1233
(3, 3, 1)
3
(12, 21)
---> Week : 6
--> Day : 0
-> Request 0
417
(2, 2, 1)
1
(71, 49)
-> Request 1
463
(3, 2, 1)
1
(45, 74)
-> Request 2
544
(2, 2, 1)
3
(32, 20)
-> Request 3
657
(3, 3, 1)
2
(48, 42)
-> Request 4
659
(4, 3, 1)
3
(65, 25)
-> Request 5
1284
(3, 2, 1)
2
(26, 10)
--> Day : 1
-> Request 0
83
(4, 3, 2)
2
(28, 59)
-> Request 1
88
(2, 3, 2)
2
(39, 61)
-> Request 2
152
(4, 2, 2)
3
(14, 36)
-> Request 3
174
(3, 3, 1)
2
(36, 21)
-> Request 4
456
(1, 3, 2)
3
(46, 68)
-> Request 5
673
(3, 3, 2)
3
(2, 54)
-> Request 6
694
(3, 3, 2)
2
(54, 49)
-> Request 7
928
(3, 2, 1)
2
(54, 12)
-> Request 8
945
(3, 2, 1)
2
(28, 20)
-> Request 9
1428
(4, 3, 2)
3
(53, 17)
-> Request 10
1436
(4, 3, 2)
2
(26, 73)
--> Day : 2
-> Request 0
77
(3, 2, 1)
2
(46, 46)
-> Request 1
162
(4, 3, 1)
2
(17, 49)
-> Request 2
203
(3, 2, 1)
3
(68, 61)
-> Request 3
399
(1, 3, 2)
2
(0, 34)
-> Request 4
526
(4, 3, 1)
2
(28, 9)
-> Request 5
682
(1, 2, 1)
1
(31, 14)
-> Request 6
695
(4, 3, 2)
1
(63, 75)
-> Request 7
715
(3, 3, 2)
3
(55, 7)
-> Request 8
739
(3, 3, 2)
3
(47, 22)
-> Request 9
922
(1, 3, 1)
1
(78, 53)
-> Request 10
1115
(2, 3, 2)
3
(59, 16)
-> Request 11
1188
(1, 3, 1)
2
(63, 47)
-> Request 12
1293
(4, 2, 1)
3
(16, 8)
--> Day : 3
-> Request 0
67
(3, 2, 1)
2
(6, 37)
-> Request 1
113
(3, 3, 2)
2
(58, 3)
-> Request 2
331
(3, 3, 1)
1
(62, 43)
-> Request 3
461
(4, 2, 1)
2
(53, 55)
-> Request 4
687
(4, 2, 2)
2
(64, 15)
-> Request 5
697
(4, 3, 2)
3
(79, 6)
-> Request 6
819
(2, 3, 1)
3
(68, 51)
-> Request 7
988
(3, 3, 2)
2
(55, 62)
-> Request 8
1058
(1, 2, 2)
3
(17, 18)
-> Request 9
1115
(3, 3, 2)
1
(77, 13)
-> Request 10
1119
(4, 3, 2)
2
(32, 41)
-> Request 11
1210
(4, 2, 2)
1
(69, 49)
--> Day : 4
-> Request 0
33
(1, 2, 1)
2
(22, 48)
-> Request 1
126
(3, 3, 1)
2
(18, 14)
-> Request 2
160
(3, 3, 1)
1
(17, 23)
-> Request 3
278
(4, 3, 1)
2
(34, 30)
-> Request 4
537
(3, 2, 1)
3
(77, 59)
-> Request 5
581
(4, 3, 2)
3
(70, 17)
-> Request 6
649
(4, 2, 1)
3
(5, 61)
-> Request 7
684
(3, 1, 1)
2
(42, 64)
-> Request 8
722
(4, 2, 1)
2
(37, 12)
-> Request 9
762
(3, 2, 2)
1
(71, 40)
-> Request 10
793
(3, 3, 1)
1
(32, 24)
---> Week : 7
--> Day : 0
-> Request 0
1
(4, 3, 1)
1
(4, 5)
-> Request 1
125
(4, 2, 2)
2
(15, 15)
-> Request 2
159
(3, 2, 1)
1
(51, 67)
-> Request 3
170
(3, 2, 1)
3
(45, 36)
-> Request 4
380
(3, 2, 2)
2
(46, 20)
-> Request 5
689
(4, 3, 2)
2
(38, 50)
-> Request 6
803
(3, 2, 2)
3
(40, 43)
-> Request 7
913
(3, 3, 1)
2
(47, 34)
-> Request 8
1035
(4, 2, 2)
2
(9, 33)
-> Request 9
1127
(4, 3, 1)
2
(59, 17)
--> Day : 1
-> Request 0
37
(4, 2, 2)
2
(73, 19)
-> Request 1
207
(4, 2, 2)
3
(63, 66)
-> Request 2
232
(3, 2, 2)
2
(11, 73)
-> Request 3
581
(4, 3, 1)
1
(23, 31)
-> Request 4
611
(4, 2, 2)
3
(56, 14)
-> Request 5
815
(4, 3, 2)
2
(21, 63)
-> Request 6
821
(3, 2, 2)
2
(27, 54)
-> Request 7
840
(4, 3, 2)
1
(65, 60)
-> Request 8
953
(1, 2, 1)
3
(48, 20)
-> Request 9
1140
(4, 3, 2)
2
(27, 50)
-> Request 10
1141
(3, 3, 2)
3
(2, 29)
-> Request 11
1280
(2, 3, 1)
2
(60, 64)
-> Request 12
1424
(2, 3, 1)
2
(63, 71)
-> Request 13
1432
(3, 3, 1)
3
(0, 11)
-> Request 14
1438
(2, 2, 2)
3
(53, 4)
--> Day : 2
-> Request 0
435
(4, 3, 2)
3
(7, 7)
-> Request 1
540
(2, 3, 1)
1
(31, 37)
-> Request 2
622
(4, 3, 2)
3
(52, 24)
-> Request 3
630
(3, 3, 2)
3
(75, 44)
-> Request 4
647
(3, 3, 2)
2
(45, 50)
-> Request 5
827
(1, 2, 2)
1
(75, 48)
-> Request 6
905
(4, 3, 2)
1
(31, 25)
-> Request 7
1020
(4, 3, 2)
3
(34, 46)
-> Request 8
1437
(3, 3, 1)
2
(55, 28)
--> Day : 3
-> Request 0
21
(3, 2, 2)
1
(13, 52)
-> Request 1
25
(4, 1, 2)
2
(52, 52)
-> Request 2
233
(4, 3, 2)
3
(19, 36)
-> Request 3
394
(3, 2, 2)
1
(26, 54)
-> Request 4
620
(4, 3, 2)
1
(53, 59)
-> Request 5
664
(2, 2, 2)
3
(25, 57)
-> Request 6
744
(4, 3, 1)
1
(18, 67)
-> Request 7
772
(4, 3, 2)
2
(68, 4)
-> Request 8
783
(1, 3, 2)
2
(54, 77)
-> Request 9
858
(3, 2, 1)
3
(66, 59)
-> Request 10
874
(3, 2, 1)
2
(51, 11)
-> Request 11
1007
(4, 2, 2)
3
(6, 19)
-> Request 12
1369
(4, 2, 1)
2
(51, 68)
--> Day : 4
-> Request 0
86
(2, 3, 2)
2
(79, 0)
-> Request 1
530
(4, 2, 1)
2
(14, 42)
-> Request 2
694
(4, 3, 1)
1
(74, 22)
-> Request 3
866
(4, 2, 2)
2
(35, 42)
-> Request 4
1345
(4, 2, 1)
1
(20, 2)
-> Request 5
1346
(1, 2, 1)
3
(68, 39)
---> Week : 8
--> Day : 0
-> Request 0
63
(4, 3, 1)
1
(21, 70)
-> Request 1
107
(4, 3, 2)
3
(29, 28)
-> Request 2
412
(4, 3, 1)
2
(65, 11)
-> Request 3
490
(2, 2, 2)
3
(29, 53)
-> Request 4
526
(3, 1, 2)
1
(9, 32)
-> Request 5
630
(4, 3, 2)
3
(33, 74)
-> Request 6
738
(4, 3, 1)
1
(32, 79)
-> Request 7
863
(4, 2, 2)
2
(63, 60)
-> Request 8
944
(4, 2, 2)
2
(9, 63)
-> Request 9
1017
(4, 3, 1)
3
(60, 5)
-> Request 10
1247
(3, 2, 2)
1
(6, 27)
--> Day : 1
-> Request 0
72
(3, 2, 1)
1
(77, 57)
-> Request 1
183
(4, 2, 2)
3
(23, 69)
-> Request 2
189
(3, 3, 2)
3
(65, 12)
-> Request 3
307
(2, 1, 1)
3
(25, 79)
-> Request 4
500
(3, 2, 1)
3
(32, 32)
-> Request 5
566
(4, 3, 2)
3
(4, 41)
-> Request 6
667
(4, 2, 1)
1
(68, 49)
-> Request 7
825
(3, 3, 2)
2
(61, 51)
-> Request 8
1218
(3, 3, 2)
3
(22, 19)
--> Day : 2
-> Request 0
63
(4, 3, 2)
2
(77, 32)
-> Request 1
211
(3, 3, 2)
3
(59, 61)
-> Request 2
346
(4, 3, 2)
3
(19, 36)
-> Request 3
470
(2, 2, 1)
1
(57, 3)
-> Request 4
610
(4, 2, 1)
3
(28, 59)
-> Request 5
1080
(2, 3, 2)
2
(64, 3)
--> Day : 3
-> Request 0
300
(3, 3, 1)
3
(70, 73)
-> Request 1
300
(4, 3, 1)
2
(69, 15)
-> Request 2
380
(4, 3, 2)
1
(70, 50)
-> Request 3
477
(4, 3, 1)
2
(43, 29)
-> Request 4
561
(4, 2, 1)
1
(57, 50)
-> Request 5
662
(2, 2, 1)
1
(74, 69)
-> Request 6
738
(3, 3, 2)
2
(75, 12)
-> Request 7
1004
(4, 3, 2)
2
(13, 65)
-> Request 8
1227
(4, 3, 2)
3
(13, 15)
--> Day : 4
-> Request 0
67
(4, 3, 2)
3
(8, 16)
-> Request 1
138
(3, 2, 2)
2
(32, 50)
-> Request 2
504
(4, 2, 1)
3
(32, 25)
-> Request 3
552
(4, 3, 1)
2
(11, 72)
-> Request 4
952
(2, 2, 1)
3
(40, 64)
-> Request 5
1009
(3, 3, 2)
2
(56, 24)
-> Request 6
1060
(3, 3, 2)
2
(46, 78)
-> Request 7
1184
(2, 3, 2)
2
(70, 29)
---> Week : 9
--> Day : 0
-> Request 0
146
(3, 3, 2)
1
(48, 21)
-> Request 1
200
(3, 3, 2)
1
(73, 21)
-> Request 2
466
(4, 3, 2)
1
(52, 61)
-> Request 3
599
(4, 2, 1)
3
(32, 19)
-> Request 4
667
(4, 2, 1)
2
(37, 19)
-> Request 5
1022
(4, 2, 2)
1
(10, 71)
-> Request 6
1101
(4, 3, 1)
3
(70, 42)
-> Request 7
1222
(2, 3, 2)
1
(66, 58)
--> Day : 1
-> Request 0
153
(3, 3, 1)
1
(23, 28)
-> Request 1
158
(4, 3, 1)
3
(52, 66)
-> Request 2
284
(3, 2, 2)
2
(75, 56)
-> Request 3
291
(4, 3, 2)
3
(61, 54)
-> Request 4
895
(3, 2, 1)
1
(62, 33)
-> Request 5
1103
(4, 2, 2)
3
(41, 20)
-> Request 6
1244
(1, 2, 2)
1
(39, 8)
--> Day : 2
-> Request 0
192
(1, 2, 2)
1
(17, 10)
-> Request 1
229
(4, 3, 1)
2
(48, 32)
-> Request 2
366
(3, 2, 2)
1
(60, 37)
-> Request 3
414
(4, 3, 2)
3
(11, 59)
-> Request 4
551
(4, 2, 2)
3
(53, 66)
-> Request 5
681
(3, 3, 1)
3
(1, 22)
-> Request 6
686
(2, 2, 1)
2
(40, 13)
-> Request 7
695
(4, 3, 2)
1
(34, 39)
-> Request 8
1329
(1, 3, 2)
1
(23, 19)
--> Day : 3
-> Request 0
266
(3, 2, 1)
2
(47, 61)
-> Request 1
331
(4, 2, 1)
3
(24, 40)
-> Request 2
416
(3, 3, 1)
2
(70, 10)
-> Request 3
421
(2, 3, 1)
3
(20, 40)
-> Request 4
529
(4, 2, 2)
2
(78, 21)
-> Request 5
686
(4, 3, 1)
1
(74, 77)
-> Request 6
813
(4, 3, 1)
1
(0, 28)
-> Request 7
1105
(4, 2, 2)
1
(41, 49)
-> Request 8
1162
(2, 2, 2)
3
(60, 46)
-> Request 9
1179
(4, 3, 2)
3
(8, 48)
-> Request 10
1287
(4, 2, 1)
2
(22, 15)
--> Day : 4
-> Request 0
71
(4, 1, 2)
3
(8, 13)
-> Request 1
120
(4, 3, 2)
2
(56, 72)
-> Request 2
193
(4, 3, 1)
1
(78, 36)
-> Request 3
257
(3, 1, 1)
3
(14, 38)
-> Request 4
260
(2, 3, 2)
3
(20, 58)
-> Request 5
291
(2, 3, 1)
3
(29, 12)
-> Request 6
309
(3, 3, 1)
3
(30, 36)
-> Request 7
351
(4, 3, 2)
2
(42, 60)
-> Request 8
459
(3, 3, 1)
3
(73, 12)
-> Request 9
502
(3, 3, 1)
1
(11, 12)
-> Request 10
588
(4, 2, 2)
1
(63, 54)
-> Request 11
724
(4, 3, 2)
1
(61, 2)
-> Request 12
1025
(3, 3, 1)
3
(61, 34)
-> Request 13
1085
(4, 3, 2)
1
(64, 69)
-> Request 14
1094
(3, 3, 1)
2
(66, 45)
-> Request 15
1139
(3, 3, 2)
2
(56, 3)
-> Request 16
1252
(4, 3, 2)
3
(34, 44)
-> Request 17
1377
(4, 3, 1)
3
(24, 36)
---> Week : 10
--> Day : 0
-> Request 0
30
(4, 3, 1)
2
(72, 24)
-> Request 1
262
(3, 1, 2)
2
(78, 55)
-> Request 2
295
(4, 2, 2)
1
(14, 79)
-> Request 3
571
(4, 3, 2)
2
(23, 54)
-> Request 4
597
(4, 3, 1)
1
(25, 30)
-> Request 5
846
(2, 3, 2)
2
(30, 21)
-> Request 6
1101
(4, 2, 1)
2
(26, 54)
-> Request 7
1302
(2, 1, 1)
1
(9, 21)
-> Request 8
1315
(1, 3, 2)
1
(49, 15)
--> Day : 1
-> Request 0
292
(4, 2, 2)
3
(17, 18)
-> Request 1
358
(3, 2, 2)
3
(33, 68)
-> Request 2
549
(4, 1, 1)
3
(74, 50)
-> Request 3
767
(4, 2, 2)
3
(25, 79)
-> Request 4
830
(4, 2, 2)
1
(51, 0)
-> Request 5
1350
(3, 3, 1)
2
(6, 3)
--> Day : 2
-> Request 0
127
(3, 2, 2)
1
(36, 29)
-> Request 1
425
(3, 2, 1)
1
(77, 28)
-> Request 2
552
(4, 3, 1)
2
(0, 2)
-> Request 3
646
(3, 3, 2)
1
(42, 19)
-> Request 4
725
(3, 1, 1)
1
(31, 66)
-> Request 5
890
(4, 2, 2)
1
(55, 79)
-> Request 6
989
(4, 3, 2)
3
(62, 15)
-> Request 7
1012
(4, 3, 1)
3
(51, 66)
-> Request 8
1109
(3, 3, 2)
3
(73, 62)
-> Request 9
1141
(3, 3, 2)
1
(10, 55)
-> Request 10
1392
(2, 2, 2)
3
(24, 10)
-> Request 11
1438
(3, 3, 1)
2
(16, 62)
--> Day : 3
-> Request 0
24
(4, 3, 2)
2
(2, 74)
-> Request 1
461
(4, 3, 2)
2
(67, 70)
-> Request 2
502
(3, 2, 2)
3
(22, 73)
-> Request 3
569
(1, 3, 2)
1
(31, 53)
-> Request 4
573
(4, 3, 1)
3
(17, 71)
-> Request 5
823
(3, 2, 1)
2
(46, 71)
-> Request 6
844
(3, 2, 2)
1
(25, 64)
-> Request 7
901
(4, 3, 1)
2
(25, 33)
-> Request 8
913
(4, 3, 1)
3
(10, 62)
-> Request 9
1097
(3, 3, 2)
1
(43, 7)
-> Request 10
1256
(1, 3, 1)
1
(76, 19)
-> Request 11
1283
(3, 3, 2)
2
(37, 54)
-> Request 12
1427
(4, 3, 2)
2
(73, 60)
--> Day : 4
-> Request 0
107
(3, 3, 2)
1
(4, 46)
-> Request 1
112
(4, 3, 1)
1
(21, 26)
-> Request 2
163
(1, 3, 2)
2
(33, 67)
-> Request 3
385
(4, 2, 2)
3
(73, 17)
-> Request 4
405
(4, 2, 1)
1
(51, 18)
-> Request 5
443
(3, 3, 1)
1
(69, 46)
-> Request 6
587
(4, 3, 1)
2
(48, 54)
-> Request 7
659
(2, 3, 1)
3
(39, 60)
-> Request 8
1136
(1, 2, 2)
1
(54, 63)
-> Request 9
1337
(2, 3, 2)
1
(72, 59)
-> Request 10
1428
(3, 2, 1)
3
(0, 38)
---> Week : 11
--> Day : 0
-> Request 0
89
(3, 3, 2)
1
(34, 76)
-> Request 1
161
(3, 2, 1)
1
(2, 38)
-> Request 2
219
(3, 3, 1)
3
(39, 4)
-> Request 3
395
(2, 3, 2)
1
(77, 77)
-> Request 4
874
(2, 3, 2)
3
(59, 28)
-> Request 5
1164
(3, 2, 2)
3
(48, 38)
-> Request 6
1287
(4, 3, 1)
3
(14, 28)
--> Day : 1
-> Request 0
191
(3, 3, 2)
2
(32, 51)
-> Request 1
232
(4, 1, 2)
2
(0, 77)
-> Request 2
320
(4, 2, 2)
1
(76, 47)
-> Request 3
355
(4, 3, 1)
2
(74, 53)
-> Request 4
367
(3, 3, 1)
1
(45, 27)
-> Request 5
545
(3, 3, 1)
2
(3, 39)
-> Request 6
557
(3, 2, 1)
2
(27, 78)
-> Request 7
572
(2, 3, 2)
1
(17, 24)
-> Request 8
699
(4, 3, 1)
2
(34, 41)
-> Request 9
1183
(4, 3, 1)
3
(68, 53)
-> Request 10
1231
(1, 3, 1)
1
(77, 30)
-> Request 11
1256
(4, 3, 1)
2
(16, 48)
-> Request 12
1355
(2, 3, 2)
1
(53, 21)
--> Day : 2
-> Request 0
16
(3, 1, 2)
1
(25, 73)
-> Request 1
90
(4, 3, 1)
1
(27, 51)
-> Request 2
136
(4, 1, 1)
3
(40, 29)
-> Request 3
284
(4, 2, 2)
1
(34, 10)
-> Request 4
328
(4, 3, 2)
2
(12, 45)
-> Request 5
529
(4, 3, 1)
2
(0, 28)
-> Request 6
609
(4, 3, 2)
1
(47, 4)
-> Request 7
765
(2, 3, 1)
3
(8, 72)
-> Request 8
880
(4, 3, 2)
1
(50, 40)
-> Request 9
986
(4, 3, 1)
3
(9, 63)
-> Request 10
1114
(4, 3, 1)
3
(36, 47)
-> Request 11
1115
(3, 2, 1)
3
(32, 4)
-> Request 12
1364
(3, 2, 2)
2
(79, 15)
-> Request 13
1365
(3, 3, 1)
3
(18, 21)
--> Day : 3
-> Request 0
80
(2, 3, 2)
3
(17, 28)
-> Request 1
80
(4, 3, 2)
1
(9, 9)
-> Request 2
198
(4, 3, 1)
2
(40, 63)
-> Request 3
222
(4, 3, 2)
2
(75, 5)
-> Request 4
414
(4, 2, 2)
2
(38, 62)
-> Request 5
495
(3, 3, 1)
2
(30, 77)
-> Request 6
709
(4, 3, 1)
1
(52, 50)
-> Request 7
746
(4, 2, 1)
2
(17, 72)
-> Request 8
824
(2, 3, 1)
3
(36, 13)
-> Request 9
1007
(1, 3, 1)
2
(37, 46)
-> Request 10
1046
(4, 3, 1)
3
(47, 27)
-> Request 11
1093
(4, 2, 1)
1
(57, 33)
-> Request 12
1222
(4, 3, 1)
2
(67, 32)
-> Request 13
1321
(4, 2, 2)
1
(25, 24)
-> Request 14
1326
(3, 3, 2)
2
(32, 20)
--> Day : 4
-> Request 0
72
(3, 2, 2)
1
(73, 73)
-> Request 1
227
(3, 3, 1)
2
(67, 11)
-> Request 2
246
(4, 1, 2)
2
(75, 42)
-> Request 3
515
(3, 3, 1)
3
(72, 45)
-> Request 4
649
(1, 2, 2)
3
(76, 21)
-> Request 5
680
(4, 2, 1)
3
(54, 6)
-> Request 6
871
(4, 2, 2)
3
(42, 11)
-> Request 7
1006
(4, 1, 1)
2
(73, 29)
-> Request 8
1096
(3, 2, 2)
3
(74, 9)
-> Request 9
1304
(1, 1, 2)
2
(27, 20)
-> Request 10
1423
(4, 1, 2)
2
(40, 21)
---> Week : 12
--> Day : 0
-> Request 0
68
(3, 2, 2)
2
(71, 20)
-> Request 1
225
(3, 3, 2)
2
(14, 1)
-> Request 2
788
(3, 3, 2)
3
(54, 15)
-> Request 3
992
(3, 3, 2)
1
(4, 71)
-> Request 4
1090
(4, 3, 2)
1
(1, 27)
-> Request 5
1336
(4, 3, 2)
2
(74, 29)
--> Day : 1
-> Request 0
51
(4, 3, 2)
1
(20, 22)
-> Request 1
269
(2, 3, 1)
2
(7, 67)
-> Request 2
271
(3, 3, 2)
2
(23, 43)
-> Request 3
319
(4, 3, 2)
1
(18, 64)
-> Request 4
417
(4, 2, 2)
2
(51, 22)
-> Request 5
480
(4, 2, 1)
2
(28, 1)
-> Request 6
521
(1, 2, 2)
2
(17, 11)
-> Request 7
548
(1, 3, 2)
3
(18, 72)
-> Request 8
570
(4, 3, 2)
3
(32, 3)
-> Request 9
746
(2, 2, 2)
3
(15, 68)
-> Request 10
771
(3, 2, 2)
2
(13, 16)
-> Request 11
1306
(2, 2, 2)
3
(45, 28)
-> Request 12
1404
(3, 3, 1)
2
(72, 24)
-> Request 13
1417
(4, 2, 2)
1
(62, 26)
--> Day : 2
-> Request 0
26
(4, 2, 2)
1
(6, 72)
-> Request 1
267
(4, 2, 1)
1
(15, 55)
-> Request 2
372
(2, 3, 1)
2
(34, 48)
-> Request 3
494
(4, 3, 1)
1
(17, 57)
-> Request 4
734
(4, 2, 2)
3
(51, 73)
-> Request 5
1010
(3, 2, 1)
1
(73, 55)
-> Request 6
1367
(4, 2, 1)
2
(71, 33)
-> Request 7
1379
(3, 1, 1)
2
(62, 31)
--> Day : 3
-> Request 0
252
(4, 3, 1)
3
(56, 22)
-> Request 1
376
(2, 3, 1)
3
(69, 70)
-> Request 2
382
(4, 3, 2)
3
(31, 21)
-> Request 3
417
(3, 3, 1)
3
(30, 49)
-> Request 4
686
(3, 2, 1)
1
(5, 3)
-> Request 5
977
(3, 3, 1)
2
(46, 34)
-> Request 6
1327
(2, 3, 2)
3
(6, 12)
-> Request 7
1397
(2, 3, 2)
2
(21, 35)
-> Request 8
1415
(3, 3, 1)
1
(46, 19)
-> Request 9
1435
(4, 3, 1)
3
(39, 79)
--> Day : 4
-> Request 0
173
(3, 2, 1)
3
(19, 60)
-> Request 1
279
(4, 3, 1)
3
(67, 65)
-> Request 2
387
(3, 1, 1)
3
(51, 24)
-> Request 3
499
(1, 2, 1)
2
(54, 51)
-> Request 4
546
(1, 3, 2)
1
(56, 38)
-> Request 5
831
(3, 2, 1)
1
(11, 15)
-> Request 6
860
(4, 2, 2)
3
(23, 70)
-> Request 7
892
(4, 2, 2)
2
(26, 5)
-> Request 8
934
(3, 2, 1)
3
(61, 59)
-> Request 9
1219
(4, 3, 2)
3
(39, 55)
-> Request 10
1309
(3, 3, 2)
1
(7, 5)
-> Request 11
1366
(4, 3, 2)
2
(27, 55)
---> Week : 13
--> Day : 0
-> Request 0
2
(4, 1, 2)
3
(38, 19)
-> Request 1
207
(3, 2, 1)
2
(2, 17)
-> Request 2
300
(3, 3, 2)
1
(7, 3)
-> Request 3
660
(4, 2, 1)
2
(20, 22)
-> Request 4
872
(3, 3, 2)
1
(71, 52)
-> Request 5
967
(4, 3, 1)
2
(60, 18)
-> Request 6
1186
(4, 3, 1)
3
(7, 65)
-> Request 7
1335
(4, 3, 1)
2
(55, 1)
-> Request 8
1365
(3, 3, 1)
2
(69, 75)
--> Day : 1
-> Request 0
153
(3, 3, 2)
2
(52, 78)
-> Request 1
255
(4, 1, 2)
3
(47, 23)
-> Request 2
569
(2, 3, 2)
3
(68, 25)
-> Request 3
935
(4, 2, 1)
2
(70, 33)
-> Request 4
1093
(1, 1, 1)
3
(64, 74)
-> Request 5
1176
(3, 2, 1)
2
(6, 65)
-> Request 6
1438
(4, 2, 1)
3
(6, 27)
--> Day : 2
-> Request 0
48
(3, 3, 2)
2
(35, 33)
-> Request 1
84
(4, 3, 2)
1
(31, 9)
-> Request 2
164
(3, 3, 2)
2
(78, 68)
-> Request 3
176
(3, 2, 1)
3
(59, 47)
-> Request 4
208
(4, 3, 1)
2
(29, 12)
-> Request 5
503
(4, 2, 1)
1
(17, 56)
-> Request 6
686
(3, 3, 2)
2
(28, 60)
-> Request 7
798
(4, 2, 2)
2
(31, 76)
-> Request 8
911
(4, 3, 2)
3
(19, 70)
-> Request 9
1233
(4, 3, 2)
3
(12, 62)
--> Day : 3
-> Request 0
217
(2, 2, 1)
3
(54, 52)
-> Request 1
276
(3, 3, 2)
2
(4, 25)
-> Request 2
356
(4, 2, 2)
1
(42, 56)
-> Request 3
426
(4, 2, 2)
3
(16, 63)
-> Request 4
463
(4, 3, 1)
3
(22, 76)
-> Request 5
506
(3, 2, 2)
1
(64, 71)
-> Request 6
604
(4, 1, 2)
2
(57, 37)
-> Request 7
682
(4, 3, 2)
2
(22, 41)
-> Request 8
754
(3, 1, 2)
2
(33, 26)
-> Request 9
814
(3, 2, 2)
1
(69, 79)
-> Request 10
821
(2, 3, 2)
2
(15, 6)
-> Request 11
844
(3, 2, 1)
1
(34, 31)
-> Request 12
916
(4, 2, 1)
3
(2, 34)
-> Request 13
1037
(4, 3, 2)
3
(49, 29)
-> Request 14
1107
(4, 3, 1)
3
(14, 11)
-> Request 15
1178
(3, 2, 1)
3
(9, 25)
-> Request 16
1349
(4, 3, 2)
2
(16, 53)
-> Request 17
1376
(4, 3, 2)
3
(44, 59)
--> Day : 4
-> Request 0
16
(2, 2, 2)
1
(23, 28)
-> Request 1
119
(4, 2, 2)
1
(67, 14)
-> Request 2
175
(4, 2, 2)
2
(78, 34)
-> Request 3
463
(3, 2, 1)
2
(48, 28)
-> Request 4
621
(4, 3, 1)
1
(65, 12)
-> Request 5
680
(3, 3, 1)
2
(31, 43)
-> Request 6
948
(4, 3, 1)
1
(14, 41)
-> Request 7
1208
(4, 2, 1)
3
(27, 41)
-> Request 8
1400
(4, 3, 2)
3
(46, 40)
---> Week : 14
--> Day : 0
-> Request 0
273
(3, 3, 2)
1
(35, 54)
-> Request 1
290
(2, 3, 2)
3
(20, 12)
-> Request 2
322
(3, 3, 2)
2
(77, 3)
-> Request 3
488
(3, 3, 2)
2
(7, 33)
-> Request 4
606
(2, 3, 1)
2
(22, 22)
-> Request 5
815
(2, 3, 1)
3
(33, 36)
-> Request 6
827
(3, 2, 1)
2
(68, 24)
-> Request 7
1004
(3, 2, 2)
1
(28, 69)
-> Request 8
1145
(4, 3, 1)
3
(59, 36)
-> Request 9
1330
(4, 3, 2)
1
(70, 12)
-> Request 10
1382
(4, 2, 1)
2
(34, 50)
-> Request 11
1389
(4, 2, 2)
2
(61, 75)
--> Day : 1
-> Request 0
353
(4, 2, 2)
3
(44, 14)
-> Request 1
374
(4, 2, 1)
1
(55, 60)
-> Request 2
532
(2, 2, 2)
1
(79, 36)
-> Request 3
557
(4, 3, 1)
1
(43, 54)
-> Request 4
621
(3, 2, 1)
1
(0, 0)
-> Request 5
1138
(3, 3, 1)
1
(20, 25)
--> Day : 2
-> Request 0
98
(3, 3, 2)
2
(4, 23)
-> Request 1
564
(3, 3, 2)
1
(65, 14)
-> Request 2
678
(2, 2, 1)
1
(28, 7)
-> Request 3
717
(3, 3, 1)
1
(66, 60)
-> Request 4
800
(3, 3, 2)
1
(5, 33)
-> Request 5
878
(2, 2, 2)
1
(38, 75)
-> Request 6
1067
(2, 3, 2)
3
(71, 5)
-> Request 7
1095
(4, 3, 1)
3
(12, 64)
-> Request 8
1202
(3, 2, 1)
1
(9, 38)
-> Request 9
1203
(3, 3, 1)
2
(56, 70)
-> Request 10
1406
(3, 2, 2)
1
(54, 43)
--> Day : 3
-> Request 0
58
(4, 3, 1)
2
(68, 13)
-> Request 1
79
(3, 2, 1)
2
(49, 51)
-> Request 2
351
(4, 3, 2)
2
(24, 12)
-> Request 3
496
(2, 2, 2)
3
(78, 39)
-> Request 4
589
(3, 3, 1)
2
(43, 57)
-> Request 5
927
(3, 2, 1)
1
(68, 1)
-> Request 6
1282
(3, 3, 2)
3
(42, 59)
-> Request 7
1315
(3, 3, 2)
3
(68, 7)
-> Request 8
1385
(4, 3, 1)
2
(73, 71)
-> Request 9
1415
(2, 3, 1)
3
(17, 73)
--> Day : 4
-> Request 0
22
(3, 3, 1)
3
(13, 11)
-> Request 1
142
(4, 3, 2)
3
(14, 74)
-> Request 2
164
(2, 3, 2)
3
(35, 36)
-> Request 3
186
(4, 2, 1)
1
(23, 1)
-> Request 4
331
(4, 2, 1)
1
(69, 21)
-> Request 5
591
(3, 3, 2)
3
(63, 78)
-> Request 6
813
(4, 3, 1)
2
(50, 50)
-> Request 7
1067
(4, 3, 2)
1
(19, 65)
-> Request 8
1163
(4, 3, 2)
1
(18, 49)
---> Week : 15
--> Day : 0
-> Request 0
488
(4, 3, 2)
1
(28, 64)
-> Request 1
615
(3, 2, 1)
2
(70, 73)
-> Request 2
696
(4, 3, 2)
3
(41, 75)
-> Request 3
757
(3, 2, 1)
3
(48, 7)
-> Request 4
872
(4, 2, 1)
1
(75, 57)
-> Request 5
970
(3, 2, 1)
2
(47, 75)
-> Request 6
1051
(4, 2, 1)
3
(78, 6)
-> Request 7
1117
(4, 3, 1)
2
(13, 39)
-> Request 8
1140
(3, 2, 1)
3
(9, 31)
-> Request 9
1147
(1, 2, 1)
3
(39, 77)
-> Request 10
1157
(3, 2, 2)
3
(53, 53)
-> Request 11
1359
(3, 3, 2)
1
(49, 74)
--> Day : 1
-> Request 0
405
(4, 3, 1)
2
(26, 31)
-> Request 1
572
(4, 3, 1)
1
(31, 49)
-> Request 2
645
(4, 2, 2)
3
(16, 42)
-> Request 3
674
(2, 3, 1)
3
(75, 19)
-> Request 4
719
(3, 3, 1)
2
(17, 18)
-> Request 5
777
(4, 1, 1)
3
(56, 53)
-> Request 6
869
(3, 3, 2)
3
(22, 7)
-> Request 7
875
(4, 3, 2)
2
(51, 30)
-> Request 8
884
(2, 2, 1)
3
(61, 30)
-> Request 9
994
(3, 3, 2)
3
(15, 62)
-> Request 10
1011
(3, 2, 1)
1
(21, 34)
-> Request 11
1048
(2, 3, 1)
2
(26, 45)
-> Request 12
1203
(4, 3, 2)
2
(67, 67)
--> Day : 2
-> Request 0
170
(4, 3, 2)
1
(47, 51)
-> Request 1
314
(4, 3, 1)
3
(3, 38)
-> Request 2
382
(3, 2, 1)
1
(64, 50)
-> Request 3
532
(4, 2, 2)
3
(5, 6)
-> Request 4
650
(4, 3, 2)
3
(36, 4)
-> Request 5
1244
(3, 2, 2)
1
(17, 59)
-> Request 6
1301
(4, 3, 1)
3
(22, 38)
-> Request 7
1424
(4, 1, 2)
2
(1, 17)
--> Day : 3
-> Request 0
23
(3, 3, 2)
2
(61, 77)
-> Request 1
37
(4, 3, 2)
1
(57, 17)
-> Request 2
133
(3, 2, 1)
2
(2, 29)
-> Request 3
314
(4, 3, 2)
2
(2, 63)
-> Request 4
326
(4, 2, 1)
3
(23, 64)
-> Request 5
547
(2, 3, 2)
2
(27, 76)
-> Request 6
661
(3, 3, 1)
2
(30, 36)
-> Request 7
735
(3, 3, 2)
2
(42, 23)
-> Request 8
754
(4, 2, 1)
1
(20, 27)
-> Request 9
1190
(4, 3, 1)
3
(2, 18)
-> Request 10
1215
(4, 3, 2)
3
(62, 1)
--> Day : 4
-> Request 0
149
(2, 3, 1)
1
(7, 5)
-> Request 1
183
(4, 2, 1)
2
(39, 24)
-> Request 2
273
(3, 3, 2)
1
(33, 4)
-> Request 3
658
(4, 3, 2)
2
(0, 74)
-> Request 4
720
(3, 3, 2)
2
(58, 48)
-> Request 5
768
(2, 2, 2)
1
(7, 11)
-> Request 6
910
(3, 2, 2)
3
(52, 22)
-> Request 7
1152
(3, 3, 1)
1
(14, 76)
---> Week : 16
--> Day : 0
-> Request 0
68
(4, 3, 1)
3
(66, 12)
-> Request 1
135
(3, 3, 1)
3
(25, 13)
-> Request 2
148
(2, 3, 1)
3
(47, 23)
-> Request 3
293
(3, 2, 1)
3
(35, 24)
-> Request 4
323
(3, 2, 2)
3
(1, 46)
-> Request 5
388
(3, 3, 2)
1
(20, 16)
-> Request 6
403
(3, 3, 1)
1
(78, 55)
-> Request 7
973
(2, 2, 1)
2
(12, 12)
-> Request 8
1095
(4, 2, 1)
1
(22, 41)
-> Request 9
1122
(3, 2, 2)
2
(6, 75)
-> Request 10
1289
(4, 3, 2)
2
(1, 38)
--> Day : 1
-> Request 0
412
(4, 3, 1)
2
(45, 63)
-> Request 1
422
(2, 3, 2)
3
(30, 73)
-> Request 2
440
(4, 3, 1)
3
(14, 15)
-> Request 3
602
(3, 2, 2)
3
(52, 4)
-> Request 4
1074
(4, 3, 2)
1
(29, 15)
--> Day : 2
-> Request 0
12
(3, 3, 2)
1
(35, 70)
-> Request 1
61
(3, 2, 2)
2
(42, 5)
-> Request 2
178
(4, 2, 2)
3
(68, 73)
-> Request 3
261
(2, 1, 1)
1
(1, 4)
-> Request 4
361
(2, 3, 1)
3
(74, 61)
-> Request 5
392
(3, 2, 1)
3
(16, 79)
-> Request 6
449
(4, 2, 1)
1
(42, 2)
-> Request 7
498
(4, 3, 2)
1
(76, 72)
-> Request 8
599
(2, 3, 1)
2
(48, 30)
-> Request 9
600
(2, 2, 2)
2
(4, 0)
-> Request 10
744
(4, 3, 2)
1
(35, 22)
-> Request 11
785
(4, 3, 2)
2
(38, 30)
-> Request 12
926
(2, 3, 1)
3
(79, 36)
-> Request 13
1111
(3, 3, 2)
1
(21, 16)
-> Request 14
1254
(2, 3, 2)
1
(12, 61)
--> Day : 3
-> Request 0
295
(1, 3, 1)
1
(9, 21)
-> Request 1
474
(3, 3, 2)
1
(58, 29)
-> Request 2
777
(4, 2, 1)
1
(26, 74)
-> Request 3
845
(2, 3, 2)
2
(30, 58)
-> Request 4
906
(4, 2, 1)
1
(70, 72)
-> Request 5
1165
(4, 1, 1)
2
(29, 33)
-> Request 6
1319
(2, 2, 2)
1
(44, 4)
-> Request 7
1327
(4, 2, 2)
2
(79, 76)
-> Request 8
1376
(2, 3, 1)
2
(51, 12)
-> Request 9
1380
(4, 2, 1)
1
(30, 12)
--> Day : 4
-> Request 0
30
(4, 2, 2)
2
(1, 24)
-> Request 1
105
(3, 3, 1)
3
(72, 29)
-> Request 2
193
(3, 3, 1)
3
(74, 14)
-> Request 3
919
(4, 2, 2)
1
(40, 9)
-> Request 4
943
(4, 3, 1)
3
(76, 8)
-> Request 5
993
(3, 2, 1)
1
(13, 58)
-> Request 6
1127
(2, 2, 1)
2
(62, 13)
-> Request 7
1198
(3, 2, 1)
1
(16, 16)
-> Request 8
1266
(3, 3, 2)
1
(6, 6)
-> Request 9
1375
(2, 3, 2)
3
(13, 73)
---> Week : 17
--> Day : 0
-> Request 0
32
(3, 2, 2)
1
(8, 25)
-> Request 1
76
(4, 2, 2)
2
(70, 52)
-> Request 2
91
(2, 2, 1)
3
(77, 72)
-> Request 3
108
(3, 3, 1)
1
(17, 35)
-> Request 4
150
(4, 2, 2)
2
(9, 40)
-> Request 5
495
(3, 3, 2)
1
(27, 54)
-> Request 6
622
(2, 3, 2)
2
(14, 63)
-> Request 7
691
(4, 2, 2)
2
(11, 37)
-> Request 8
872
(4, 3, 2)
2
(69, 21)
-> Request 9
879
(3, 3, 1)
1
(24, 37)
-> Request 10
882
(4, 2, 2)
2
(48, 27)
-> Request 11
1024
(4, 3, 2)
2
(69, 72)
-> Request 12
1049
(4, 3, 1)
1
(19, 1)
-> Request 13
1082
(3, 2, 2)
1
(36, 60)
-> Request 14
1201
(3, 3, 2)
1
(18, 10)
-> Request 15
1377
(1, 3, 1)
3
(42, 18)
--> Day : 1
-> Request 0
207
(4, 3, 1)
1
(29, 43)
-> Request 1
414
(2, 3, 1)
2
(73, 68)
-> Request 2
530
(4, 2, 1)
2
(43, 2)
-> Request 3
543
(4, 2, 2)
3
(18, 39)
-> Request 4
609
(3, 3, 1)
2
(8, 6)
-> Request 5
680
(3, 2, 1)
1
(5, 39)
-> Request 6
714
(4, 3, 2)
1
(25, 50)
-> Request 7
809
(2, 3, 1)
2
(4, 71)
-> Request 8
1095
(2, 3, 1)
3
(1, 17)
-> Request 9
1222
(4, 3, 2)
3
(78, 13)
-> Request 10
1229
(4, 3, 1)
1
(29, 79)
--> Day : 2
-> Request 0
124
(3, 3, 1)
3
(53, 48)
-> Request 1
348
(4, 1, 2)
2
(78, 19)
-> Request 2
435
(3, 2, 2)
3
(60, 59)
-> Request 3
848
(4, 3, 1)
2
(25, 77)
-> Request 4
865
(4, 3, 1)
2
(57, 50)
-> Request 5
1075
(4, 2, 2)
2
(45, 14)
-> Request 6
1293
(3, 3, 2)
3
(7, 63)
-> Request 7
1309
(2, 3, 1)
1
(50, 38)
--> Day : 3
-> Request 0
546
(4, 2, 1)
3
(66, 24)
-> Request 1
938
(4, 2, 1)
3
(19, 72)
-> Request 2
1156
(3, 2, 1)
1
(76, 11)
-> Request 3
1206
(4, 2, 1)
1
(34, 39)
--> Day : 4
-> Request 0
13
(3, 2, 1)
2
(59, 75)
-> Request 1
97
(3, 3, 2)
1
(48, 24)
-> Request 2
165
(4, 3, 1)
2
(70, 68)
-> Request 3
178
(1, 2, 1)
1
(56, 59)
-> Request 4
314
(4, 3, 2)
3
(21, 33)
-> Request 5
562
(3, 3, 2)
2
(31, 77)
-> Request 6
793
(3, 1, 1)
3
(53, 56)
-> Request 7
1265
(4, 3, 2)
1
(71, 10)
-> Request 8
1304
(4, 3, 1)
3
(27, 30)
-> Request 9
1385
(3, 3, 1)
2
(36, 65)
-> Request 10
1415
(4, 2, 1)
2
(39, 10)
---> Week : 18
--> Day : 0
-> Request 0
61
(2, 3, 2)
1
(64, 8)
-> Request 1
139
(4, 3, 2)
2
(16, 0)
-> Request 2
280
(4, 2, 2)
1
(54, 73)
-> Request 3
301
(4, 2, 1)
3
(58, 60)
-> Request 4
320
(4, 2, 1)
1
(11, 25)
-> Request 5
780
(4, 3, 2)
1
(77, 21)
-> Request 6
1302
(3, 1, 1)
3
(16, 43)
--> Day : 1
-> Request 0
126
(3, 3, 1)
1
(64, 45)
-> Request 1
446
(4, 2, 1)
3
(46, 46)
-> Request 2
456
(4, 2, 1)
3
(12, 66)
-> Request 3
470
(4, 2, 2)
1
(9, 58)
-> Request 4
492
(3, 3, 2)
3
(15, 68)
-> Request 5
954
(2, 2, 1)
2
(8, 33)
-> Request 6
1079
(4, 3, 2)
2
(54, 0)
-> Request 7
1374
(3, 2, 2)
2
(64, 47)
--> Day : 2
-> Request 0
250
(3, 3, 1)
3
(3, 25)
-> Request 1
335
(3, 3, 1)
3
(61, 39)
-> Request 2
456
(4, 3, 1)
3
(63, 33)
-> Request 3
865
(4, 3, 1)
1
(76, 64)
-> Request 4
1099
(2, 3, 2)
3
(67, 38)
-> Request 5
1237
(4, 2, 1)
2
(13, 43)
--> Day : 3
-> Request 0
50
(1, 3, 2)
3
(72, 57)
-> Request 1
145
(4, 3, 1)
1
(24, 28)
-> Request 2
220
(4, 3, 1)
1
(52, 1)
-> Request 3
269
(4, 3, 2)
3
(34, 77)
-> Request 4
470
(3, 2, 2)
2
(47, 47)
-> Request 5
634
(3, 3, 1)
1
(7, 48)
-> Request 6
912
(4, 2, 1)
3
(15, 77)
-> Request 7
948
(3, 2, 2)
2
(17, 11)
-> Request 8
982
(1, 3, 2)
1
(79, 38)
-> Request 9
1136
(4, 2, 2)
2
(29, 7)
-> Request 10
1145
(4, 3, 1)
2
(59, 65)
-> Request 11
1177
(4, 3, 2)
2
(19, 5)
-> Request 12
1271
(4, 3, 2)
2
(62, 59)
--> Day : 4
-> Request 0
97
(3, 2, 1)
3
(62, 59)
-> Request 1
119
(4, 2, 2)
2
(36, 12)
-> Request 2
188
(2, 3, 1)
2
(17, 36)
-> Request 3
753
(4, 3, 1)
1
(9, 20)
-> Request 4
757
(1, 3, 1)
1
(39, 1)
-> Request 5
822
(4, 2, 1)
1
(79, 30)
-> Request 6
896
(2, 3, 1)
2
(32, 70)
-> Request 7
905
(4, 2, 2)
1
(79, 43)
-> Request 8
1124
(3, 3, 1)
2
(79, 68)
-> Request 9
1137
(3, 3, 2)
2
(37, 0)
-> Request 10
1245
(2, 3, 1)
2
(44, 9)
-> Request 11
1248
(3, 2, 1)
3
(40, 40)
-> Request 12
1314
(4, 3, 1)
1
(36, 64)
---> Week : 19
--> Day : 0
-> Request 0
44
(4, 3, 1)
1
(59, 26)
-> Request 1
143
(4, 3, 1)
2
(29, 26)
-> Request 2
150
(3, 2, 1)
3
(14, 20)
-> Request 3
443
(4, 2, 2)
1
(54, 63)
-> Request 4
745
(4, 2, 2)
2
(73, 46)
-> Request 5
768
(4, 2, 1)
3
(15, 8)
-> Request 6
1277
(2, 3, 2)
1
(77, 38)
-> Request 7
1390
(3, 3, 1)
3
(30, 47)
--> Day : 1
-> Request 0
29
(3, 3, 1)
3
(25, 26)
-> Request 1
120
(3, 3, 2)
3
(38, 48)
-> Request 2
860
(3, 3, 1)
1
(68, 57)
--> Day : 2
-> Request 0
91
(4, 3, 1)
3
(6, 59)
-> Request 1
130
(4, 3, 2)
1
(7, 67)
-> Request 2
171
(3, 3, 2)
3
(68, 8)
-> Request 3
205
(3, 2, 2)
1
(38, 24)
-> Request 4
259
(3, 3, 1)
1
(2, 47)
-> Request 5
263
(4, 3, 1)
1
(16, 60)
-> Request 6
305
(2, 3, 1)
3
(55, 16)
-> Request 7
564
(4, 2, 1)
1
(60, 47)
-> Request 8
715
(3, 2, 2)
2
(7, 49)
-> Request 9
747
(2, 3, 2)
2
(34, 65)
-> Request 10
1102
(1, 3, 1)
2
(21, 42)
-> Request 11
1260
(4, 3, 1)
1
(74, 42)
-> Request 12
1353
(4, 3, 2)
2
(47, 34)
--> Day : 3
-> Request 0
266
(4, 2, 1)
1
(40, 21)
-> Request 1
315
(4, 3, 2)
3
(12, 8)
-> Request 2
666
(4, 2, 2)
3
(15, 22)
-> Request 3
828
(4, 2, 2)
2
(69, 28)
-> Request 4
1018
(2, 2, 2)
2
(72, 11)
-> Request 5
1255
(4, 3, 1)
3
(15, 75)
-> Request 6
1288
(4, 3, 1)
3
(66, 78)
-> Request 7
1423
(3, 3, 1)
3
(19, 34)
--> Day : 4
-> Request 0
4
(4, 3, 2)
3
(78, 65)
-> Request 1
244
(4, 3, 1)
3
(62, 68)
-> Request 2
510
(2, 3, 1)
1
(18, 28)
-> Request 3
608
(3, 2, 1)
2
(74, 73)
-> Request 4
646
(2, 2, 1)
2
(74, 48)
-> Request 5
846
(3, 2, 1)
2
(23, 19)
-> Request 6
914
(3, 2, 2)
3
(31, 64)
-> Request 7
924
(2, 2, 1)
1
(14, 50)
-> Request 8
1059
(2, 3, 2)
2
(61, 20)
