---> Week : 0
--> Day : 0
-> Request 0
54
(3, 2, 2)
3
(40, 54)
-> Request 1
69
(4, 3, 2)
2
(5, 51)
-> Request 2
93
(4, 3, 1)
2
(6, 71)
-> Request 3
179
(2, 3, 1)
2
(45, 39)
-> Request 4
371
(4, 2, 1)
1
(20, 12)
-> Request 5
487
(4, 3, 1)
2
(37, 63)
-> Request 6
569
(3, 3, 2)
2
(57, 29)
-> Request 7
636
(3, 3, 2)
2
(31, 70)
-> Request 8
957
(3, 2, 2)
1
(21, 44)
--> Day : 1
-> Request 0
48
(3, 3, 2)
1
(22, 22)
-> Request 1
191
(3, 2, 1)
1
(40, 64)
-> Request 2
293
(3, 2, 2)
3
(51, 14)
-> Request 3
334
(4, 2, 2)
2
(13, 18)
-> Request 4
386
(3, 3, 2)
1
(52, 33)
-> Request 5
439
(3, 3, 2)
1
(67, 58)
-> Request 6
623
(4, 3, 2)
2
(56, 34)
-> Request 7
712
(4, 1, 1)
1
(21, 36)
-> Request 8
1042
(4, 3, 2)
2
(67, 47)
-> Request 9
1360
(2, 3, 1)
3
(51, 11)
--> Day : 2
-> Request 0
252
(4, 3, 1)
3
(27, 43)
-> Request 1
401
(3, 3, 1)
3
(6, 22)
-> Request 2
441
(4, 3, 1)
1
(2, 24)
-> Request 3
536
(4, 3, 1)
2
(21, 75)
-> Request 4
749
(3, 3, 1)
1
(23, 51)
-> Request 5
750
(3, 3, 1)
2
(57, 21)
-> Request 6
816
(4, 3, 2)
3
(34, 41)
-> Request 7
836
(3, 3, 1)
2
(54, 57)
-> Request 8
877
(4, 3, 2)
3
(31, 19)
-> Request 9
1114
(3, 2, 2)
1
(72, 67)
-> Request 10
1280
(3, 3, 1)
2
(24, 16)
-> Request 11
1357
(4, 2, 1)
1
(62, 45)
--> Day : 3
-> Request 0
120
(3, 2, 2)
3
(6, 72)
-> Request 1
199
(4, 3, 1)
3
(41, 17)
-> Request 2
460
(3, 1, 1)
2
(73, 78)
-> Request 3
815
(4, 3, 2)
3
(53, 70)
-> Request 4
1276
(3, 3, 1)
2
(64, 1)
--> Day : 4
-> Request 0
25
(4, 2, 2)
1
(35, 34)
-> Request 1
108
(4, 2, 2)
1
(8, 13)
-> Request 2
135
(4, 1, 2)
1
(50, 59)
-> Request 3
171
(4, 3, 2)
2
(19, 17)
-> Request 4
173
(4, 3, 1)
1
(42, 71)
-> Request 5
281
(4, 3, 1)
3
(53, 50)
-> Request 6
341
(3, 3, 2)
2
(32, 25)
-> Request 7
464
(4, 3, 2)
1
(61, 44)
-> Request 8
724
(2, 3, 1)
2
(63, 9)
-> Request 9
958
(4, 3, 2)
2
(27, 17)
-> Request 10
994
(4, 2, 2)
1
(9, 71)
-> Request 11
1059
(3, 1, 1)
2
(16, 25)
-> Request 12
1118
(4, 2, 1)
1
(31, 76)
-> Request 13
1358
(3, 2, 1)
3
(2, 49)
---> Week : 1
--> Day : 0
-> Request 0
57
(4, 3, 1)
1
(18, 3)
-> Request 1
277
(4, 3, 1)
1
(40, 21)
-> Request 2
288
(3, 2, 1)
2
(55, 12)
-> Request 3
575
(4, 3, 1)
2
(18, 66)
-> Request 4
583
(1, 1, 1)
3
(59, 23)
-> Request 5
720
(4, 1, 1)
3
(56, 64)
-> Request 6
1013
(4, 1, 2)
1
(78, 16)
-> Request 7
1313
(3, 2, 1)
2
(7, 57)
-> Request 8
1401
(4, 3, 1)
1
(37, 36)
--> Day : 1
-> Request 0
121
(4, 3, 1)
3
(56, 73)
-> Request 1
205
(1, 3, 2)
3
(8, 22)
-> Request 2
298
(3, 2, 1)
3
(50, 62)
-> Request 3
535
(3, 2, 2)
1
(43, 78)
-> Request 4
725
(3, 2, 1)
2
(64, 55)
-> Request 5
732
(4, 3, 2)
3
(62, 11)
-> Request 6
1023
(4, 2, 2)
1
(21, 9)
-> Request 7
1189
(4, 3, 2)
3
(8, 16)
-> Request 8
1256
(4, 3, 2)
2
(45, 21)
--> Day : 2
-> Request 0
284
(4, 3, 1)
1
(15, 69)
-> Request 1
424
(3, 2, 1)
1
(53, 64)
-> Request 2
650
(2, 3, 2)
2
(37, 66)
-> Request 3
786
(4, 2, 1)
2
(12, 70)
-> Request 4
1373
(4, 3, 2)
3
(27, 49)
--> Day : 3
-> Request 0
176
(2, 3, 1)
3
(12, 11)
-> Request 1
222
(1, 2, 2)
1
(52, 3)
-> Request 2
328
(1, 2, 2)
1
(13, 47)
-> Request 3
374
(4, 3, 2)
1
(54, 7)
-> Request 4
464
(2, 3, 2)
3
(48, 43)
-> Request 5
488
(4, 2, 1)
3
(58, 11)
-> Request 6
514
(3, 3, 2)
2
(60, 13)
-> Request 7
567
(1, 3, 2)
2
(47, 10)
-> Request 8
703
(4, 2, 1)
3
(49, 38)
-> Request 9
703
(1, 3, 1)
2
(50, 3)
-> Request 10
895
(3, 3, 1)
2
(35, 79)
-> Request 11
1003
(3, 3, 1)
1
(61, 62)
-> Request 12
1341
(4, 3, 2)
3
(59, 9)
--> Day : 4
-> Request 0
365
(4, 3, 1)
2
(47, 50)
-> Request 1
572
(3, 3, 2)
3
(0, 26)
-> Request 2
698
(2, 3, 1)
2
(42, 71)
-> Request 3
732
(4, 3, 1)
3
(29, 2)
-> Request 4
741
(2, 2, 2)
2
(78, 37)
-> Request 5
799
(4, 2, 2)
1
(43, 43)
-> Request 6
1060
(2, 3, 2)
1
(27, 18)
-> Request 7
1347
(4, 2, 2)
3
(79, 1)
---> Week : 2
--> Day : 0
-> Request 0
318
(2, 3, 2)
2
(72, 36)
-> Request 1
383
(4, 3, 1)
3
(61, 78)
-> Request 2
574
(3, 3, 2)
2
(69, 30)
-> Request 3
905
(4, 3, 2)
2
(16, 12)
-> Request 4
927
(4, 3, 2)
2
(7, 7)
-> Request 5
1312
(2, 3, 2)
1
(45, 19)
-> Request 6
1345
(4, 3, 2)
1
(16, 68)
-> Request 7
1420
(2, 3, 2)
1
(53, 43)
--> Day : 1
-> Request 0
54
(3, 1, 2)
3
(14, 41)
-> Request 1
222
(3, 2, 1)
3
(42, 57)
-> Request 2
335
(4, 3, 1)
1
(67, 45)
-> Request 3
526
(3, 3, 2)
2
(27, 77)
-> Request 4
682
(3, 3, 1)
1
(39, 57)
-> Request 5
702
(3, 3, 2)
3
(45, 60)
-> Request 6
739
(3, 1, 2)
1
(56, 27)
-> Request 7
949
(4, 2, 1)
3
(66, 77)
--> Day : 2
-> Request 0
206
(3, 2, 1)
3
(59, 78)
-> Request 1
208
(4, 3, 2)
3
(70, 49)
-> Request 2
353
(2, 3, 1)
2
(46, 22)
-> Request 3
777
(3, 3, 1)
2
(59, 45)
-> Request 4
811
(2, 3, 1)
1
(69, 17)
-> Request 5
828
(3, 1, 2)
3
(22, 65)
-> Request 6
860
(3, 3, 2)
2
(66, 65)
-> Request 7
1140
(2, 3, 1)
3
(20, 52)
-> Request 8
1164
(4, 3, 1)
3
(71, 35)
-> Request 9
1256
(4, 1, 1)
2
(30, 21)
--> Day : 3
-> Request 0
208
(4, 3, 2)
2
(52, 72)
-> Request 1
240
(2, 3, 2)
1
(15, 11)
-> Request 2
327
(4, 3, 1)
3
(16, 32)
-> Request 3
460
(3, 3, 2)
3
(74, 58)
-> Request 4
620
(4, 3, 1)
3
(3, 21)
-> Request 5
696
(4, 3, 2)
1
(27, 41)
-> Request 6
798
(4, 3, 2)
3
(75, 60)
-> Request 7
848
(4, 1, 2)
2
(16, 15)
-> Request 8
1335
(3, 3, 2)
3
(33, 12)
--> Day : 4
-> Request 0
87
(3, 3, 1)
3
(9, 6)
-> Request 1
171
(3, 2, 1)
2
(12, 41)
-> Request 2
524
(3, 3, 2)
3
(75, 58)
-> Request 3
588
(3, 3, 1)
1
(59, 66)
-> Request 4
597
(3, 3, 1)
1
(34, 20)
-> Request 5
1101
(2, 3, 2)
2
(49, 79)
-> Request 6
1111
(4, 2, 1)
2
(75, 7)
-> Request 7
1281
(3, 2, 2)
3
(52, 30)
-> Request 8
1396
(4, 3, 1)
1
(56, 7)
---> Week : 3
--> Day : 0
-> Request 0
126
(2, 3, 1)
3
(40, 21)
-> Request 1
217
(4, 2, 1)
1
(31, 66)
-> Request 2
429
(2, 2, 2)
1
(15, 60)
-> Request 3
532
(1, 3, 2)
3
(29, 10)
-> Request 4
725
(2, 2, 2)
3
(18, 63)
-> Request 5
737
(4, 3, 2)
2
(65, 14)
-> Request 6
758
(2, 3, 2)
2
(49, 57)
-> Request 7
758
(4, 3, 1)
1
(21, 11)
-> Request 8
816
(4, 2, 1)
1
(37, 53)
-> Request 9
829
(3, 3, 2)
3
(67, 64)
-> Request 10
935
(4, 3, 2)
3
(47, 47)
-> Request 11
1056
(2, 3, 1)
1
(56, 0)
-> Request 12
1364
(3, 2, 1)
3
(14, 19)
--> Day : 1
-> Request 0
16
(2, 3, 1)
2
(69, 65)
-> Request 1
60
(4, 2, 2)
1
(63, 4)
-> Request 2
237
(2, 3, 2)
3
(74, 30)
-> Request 3
285
(4, 2, 1)
1
(62, 9)
-> Request 4
367
(4, 1, 2)
1
(50, 5)
-> Request 5
445
(3, 3, 2)
2
(62, 68)
-> Request 6
863
(4, 3, 1)
3
(65, 69)
-> Request 7
1180
(3, 3, 1)
3
(1, 49)
-> Request 8
1213
(4, 2, 2)
2
(49, 67)
-> Request 9
1221
(3, 3, 1)
2
(15, 45)
--> Day : 2
-> Request 0
8
(1, 3, 1)
2
(64, 47)
-> Request 1
76
(4, 2, 1)
2
(48, 3)
-> Request 2
80
(4, 2, 2)
2
(20, 17)
-> Request 3
360
(3, 3, 1)
2
(26, 6)
-> Request 4
538
(3, 3, 2)
1
(34, 21)
-> Request 5
647
(4, 2, 1)
3
(19, 71)
-> Request 6
761
(4, 2, 2)
3
(11, 59)
-> Request 7
1039
(2, 3, 2)
3
(77, 54)
--> Day : 3
-> Request 0
18
(3, 3, 1)
1
(12, 65)
-> Request 1
91
(4, 2, 2)
2
(1, 57)
-> Request 2
366
(3, 2, 2)
2
(73, 76)
-> Request 3
391
(3, 3, 1)
2
(33, 73)
-> Request 4
424
(1, 3, 2)
1
(54, 67)
-> Request 5
480
(4, 2, 1)
2
(60, 41)
-> Request 6
580
(2, 3, 2)
3
(49, 41)
-> Request 7
725
(3, 2, 2)
1
(16, 79)
-> Request 8
849
(4, 3, 1)
2
(36, 49)
-> Request 9
899
(3, 3, 2)
1
(45, 26)
-> Request 10
929
(4, 3, 2)
2
(77, 2)
-> Request 11
1015
(1, 3, 1)
2
(69, 65)
-> Request 12
1024
(3, 3, 2)
2
(45, 1)
-> Request 13
1233
(4, 3, 1)
1
(36, 52)
-> Request 14
1362
(4, 2, 2)
2
(8, 45)
--> Day : 4
-> Request 0
40
(2, 2, 1)
1
(39, 63)
-> Request 1
168
(3, 2, 2)
1
(26, 54)
-> Request 2
192
(3, 3, 1)
2
(65, 37)
-> Request 3
344
(4, 3, 1)
1
(0, 53)
-> Request 4
757
(3, 2, 1)
1
(33, 47)
-> Request 5
975
(1, 3, 1)
1
(42, 45)
-> Request 6
975
(4, 3, 1)
3
(6, 27)
-> Request 7
1126
(4, 3, 1)
3
(64, 58)
-> Request 8
1207
(3, 3, 2)
3
(35, 8)
-> Request 9
1257
(4, 1, 2)
1
(0, 19)
---> Week : 4
--> Day : 0
-> Request 0
483
(3, 3, 1)
1
(27, 59)
-> Request 1
529
(4, 3, 1)
3
(68, 24)
-> Request 2
615
(4, 3, 2)
1
(7, 76)
-> Request 3
630
(4, 3, 2)
3
(47, 35)
-> Request 4
874
(4, 2, 2)
2
(43, 55)
-> Request 5
1275
(4, 3, 2)
3
(18, 49)
-> Request 6
1396
(2, 3, 2)
2
(20, 59)
--> Day : 1
-> Request 0
346
(1, 2, 1)
1
(69, 35)
-> Request 1
413
(3, 3, 1)
2
(52, 1)
-> Request 2
579
(4, 3, 2)
2
(19, 59)
-> Request 3
998
(3, 2, 1)
1
(60, 53)
-> Request 4
1026
(3, 3, 2)
3
(38, 5)
-> Request 5
1071
(2, 2, 1)
3
(29, 16)
-> Request 6
1092
(4, 3, 1)
3
(25, 44)
-> Request 7
1194
(4, 3, 1)
2
(64, 14)
-> Request 8
1235
(4, 3, 1)
2
(59, 8)
-> Request 9
1378
(4, 2, 1)
1
(16, 36)
-> Request 10
1415
(4, 2, 2)
2
(65, 71)
-> Request 11
1422
(2, 3, 1)
1
(47, 68)
--> Day : 2
-> Request 0
16
(3, 2, 1)
1
(40, 35)
-> Request 1
87
(4, 3, 1)
1
(68, 2)
-> Request 2
150
(2, 3, 2)
1
(46, 51)
-> Request 3
328
(4, 2, 2)
1
(69, 47)
-> Request 4
1430
(4, 2, 2)
2
(60, 79)
--> Day : 3
-> Request 0
195
(4, 3, 2)
3
(64, 15)
-> Request 1
701
(4, 3, 2)
3
(41, 41)
-> Request 2
788
(4, 2, 1)
1
(29, 5)
-> Request 3
829
(4, 3, 2)
1
(39, 8)
-> Request 4
867
(3, 3, 2)
3
(65, 78)
-> Request 5
952
(1, 3, 2)
1
(70, 75)
-> Request 6
977
(4, 3, 1)
3
(50, 8)
-> Request 7
1070
(4, 1, 2)
2
(45, 25)
-> Request 8
1141
(4, 2, 2)
3
(31, 4)
-> Request 9
1273
(4, 2, 2)
1
(78, 72)
-> Request 10
1311
(3, 3, 2)
3
(28, 71)
-> Request 11
1393
(4, 2, 2)
1
(63, 35)
--> Day : 4
-> Request 0
18
(3, 3, 2)
1
(65, 58)
-> Request 1
322
(2, 3, 2)
3
(12, 10)
-> Request 2
382
(4, 3, 2)
2
(6, 44)
-> Request 3
689
(3, 3, 2)
2
(18, 52)
-> Request 4
719
(3, 2, 1)
2
(71, 19)
-> Request 5
1088
(2, 3, 2)
1
(46, 28)
-> Request 6
1132
(4, 3, 2)
1
(1, 72)
-> Request 7
1247
(3, 2, 2)
3
(9, 66)
---> Week : 5
--> Day : 0
-> Request 0
218
(2, 3, 1)
3
(63, 55)
-> Request 1
247
(4, 3, 1)
3
(72, 57)
-> Request 2
268
(4, 1, 2)
2
(59, 46)
-> Request 3
632
(4, 2, 2)
1
(58, 60)
-> Request 4
874
(3, 3, 1)
1
(49, 9)
-> Request 5
927
(4, 3, 2)
1
(31, 36)
-> Request 6
1263
(3, 2, 2)
3
(36, 69)
-> Request 7
1302
(4, 3, 2)
1
(68, 5)
-> Request 8
1412
(4, 3, 2)
2
(56, 72)
--> Day : 1
-> Request 0
32
(4, 3, 1)
1
(42, 1)
-> Request 1
268
(3, 2, 2)
3
(66, 18)
-> Request 2
285
(3, 3, 2)
3
(68, 68)
-> Request 3
293
(4, 1, 1)
2
(21, 60)
-> Request 4
441
(3, 3, 2)
1
(23, 11)
-> Request 5
444
(3, 3, 1)
2
(66, 41)
-> Request 6
446
(3, 3, 2)
1
(9, 69)
-> Request 7
474
(4, 3, 2)
3
(63, 70)
-> Request 8
633
(4, 2, 1)
2
(48, 70)
-> Request 9
780
(2, 3, 2)
3
(70, 56)
-> Request 10
1035
(3, 1, 1)
1
(31, 26)
-> Request 11
1041
(4, 3, 2)
1
(41, 78)
-> Request 12
1239
(2, 2, 1)
1
(50, 66)
-> Request 13
1352
(4, 3, 1)
3
(35, 65)
-> Request 14
1432
(4, 2, 1)
1
(42, 65)
--> Day : 2
-> Request 0
76
(4, 3, 2)
2
(67, 59)
-> Request 1
399
(4, 3, 2)
2
(53, 54)
-> Request 2
560
(4, 3, 2)
1
(30, 18)
-> Request 3
619
(2, 2, 1)
1
(40, 54)
-> Request 4
631
(4, 2, 2)
2
(70, 56)
-> Request 5
637
(4, 3, 1)
3
(20, 31)
-> Request 6
784
(1, 2, 2)
1
(55, 19)
-> Request 7
823
(4, 3, 2)
2
(11, 72)
-> Request 8
1125
(4, 3, 2)
3
(21, 28)
-> Request 9
1275
(4, 3, 2)
1
(24, 63)
--> Day : 3
-> Request 0
347
(4, 2, 2)
3
(50, 65)
-> Request 1
394
(3, 2, 1)
2
(75, 34)
-> Request 2
496
(2, 2, 1)
3
(32, 72)
-> Request 3
541
(3, 3, 2)
3
(42, 26)
-> Request 4
736
(3, 3, 2)
2
(23, 66)
-> Request 5
864
(2, 2, 2)
1
(68, 67)
-> Request 6
948
(4, 3, 1)
1
(31, 42)
-> Request 7
962
(4, 3, 1)
3
(35, 1)
-> Request 8
1235
(4, 3, 2)
2
(60, 63)
-> Request 9
1361
(4, 1, 1)
1
(61, 42)
-> Request 10
1385
(1, 2, 1)
1
(64, 15)
-> Request 11
1423
(2, 2, 1)
3
(44, 63)
--> Day : 4
-> Request 0
111
(4, 3, 2)
3
(62, 0)
-> Request 1
220
(3, 2, 2)
2
(28, 38)
-> Request 2
304
(4, 2, 2)
1
(37, 77)
-> Request 3
466
(2, 2, 1)
3
(1, 74)
-> Request 4
495
(3, 3, 1)
3
(76, 33)
-> Request 5
501
(4, 2, 2)
2
(67, 33)
-> Request 6
738
(4, 2, 1)
1
(8, 69)
-> Request 7
765
(4, 2, 2)
2
(4, 77)
-> Request 8
800
(3, 2, 1)
1
(65, 46)
-> Request 9
884
(4, 3, 2)
2
(40, 67)
-> Request 10
977
(2, 3, 2)
2
(19, 16)
-> Request 11
1200
(3, 3, 2)
1
(8, 68)
---> Week : 6
--> Day : 0
-> Request 0
19
(4, 3, 2)
3
(47, 73)
-> Request 1
341
(1, 3, 2)
1
(39, 12)
-> Request 2
429
(4, 2, 1)
2
(42, 14)
-> Request 3
480
(1, 2, 2)
2
(66, 62)
-> Request 4
823
(4, 3, 2)
1
(64, 30)
-> Request 5
993
(4, 3, 1)
1
(20, 32)
-> Request 6
1260
(2, 3, 1)
1
(4, 25)
-> Request 7
1264
(4, 3, 2)
2
(78, 67)
--> Day : 1
-> Request 0
196
(4, 3, 2)
2
(65, 6)
-> Request 1
342
(4, 3, 1)
2
(5, 69)
-> Request 2
352
(4, 3, 2)
2
(60, 36)
-> Request 3
618
(1, 3, 1)
2
(47, 69)
-> Request 4
696
(4, 1, 1)
3
(78, 29)
-> Request 5
707
(2, 2, 1)
1
(64, 44)
-> Request 6
773
(4, 3, 1)
3
(73, 17)
-> Request 7
1438
(4, 3, 2)
1
(64, 40)
--> Day : 2
-> Request 0
475
(3, 1, 2)
3
(45, 42)
-> Request 1
486
(4, 2, 1)
3
(65, 51)
-> Request 2
518
(4, 3, 1)
3
(76, 45)
-> Request 3
525
(1, 3, 2)
2
(75, 79)
-> Request 4
731
(3, 3, 1)
3
(31, 57)
-> Request 5
896
(4, 3, 2)
1
(29, 79)
-> Request 6
1208
(3, 2, 1)
1
(58, 30)
-> Request 7
1292
(4, 3, 2)
2
(71, 43)
-> Request 8
1320
(4, 2, 1)
1
(2, 46)
--> Day : 3
-> Request 0
55
(3, 2, 2)
2
(12, 9)
-> Request 1
219
(3, 1, 2)
3
(26, 75)
-> Request 2
339
(4, 2, 2)
2
(41, 28)
-> Request 3
512
(4, 2, 1)
3
(74, 19)
-> Request 4
555
(3, 2, 2)
2
(60, 7)
-> Request 5
560
(4, 2, 2)
1
(3, 40)
-> Request 6
842
(4, 1, 1)
1
(15, 53)
-> Request 7
858
(4, 2, 2)
3
(27, 10)
-> Request 8
861
(3, 3, 2)
1
(38, 45)
-> Request 9
1020
(3, 3, 2)
1
(19, 30)
-> Request 10
1096
(4, 2, 1)
2
(13, 52)
--> Day : 4
-> Request 0
435
(4, 2, 1)
3
(75, 36)
-> Request 1
445
(4, 3, 2)
2
(14, 7)
-> Request 2
508
(1, 1, 1)
1
(69, 26)
-> Request 3
660
(3, 1, 2)
3
(30, 65)
-> Request 4
804
(4, 2, 1)
1
(58, 8)
-> Request 5
827
(4, 2, 2)
2
(35, 39)
-> Request 6
1085
(2, 3, 1)
1
(28, 27)
-> Request 7
1217
(3, 3, 1)
1
(59, 38)
-> Request 8
1403
(3, 3, 1)
3
(65, 45)
---> Week : 7
--> Day : 0
-> Request 0
78
(3, 3, 2)
1
(54, 62)
-> Request 1
199
(2, 3, 2)
2
(68, 48)
-> Request 2
231
(4, 2, 2)
1
(4, 49)
-> Request 3
233
(2, 2, 2)
1
(78, 77)
-> Request 4
255
(4, 3, 1)
2
(35, 78)
-> Request 5
471
(2, 2, 2)
1
(11, 55)
-> Request 6
879
(4, 3, 2)
2
(39, 0)
-> Request 7
915
(2, 3, 1)
3
(26, 27)
-> Request 8
1017
(4, 3, 1)
3
(44, 11)
-> Request 9
1110
(4, 3, 1)
2
(17, 36)
-> Request 10
1197
(3, 3, 2)
3
(79, 71)
--> Day : 1
-> Request 0
24
(3, 2, 1)
3
(16, 71)
-> Request 1
80
(3, 2, 1)
1
(54, 64)
-> Request 2
180
(2, 2, 1)
3
(52, 29)
-> Request 3
395
(4, 2, 1)
1
(32, 9)
-> Request 4
820
(3, 3, 2)
2
(56, 76)
-> Request 5
824
(4, 3, 2)
2
(18, 16)
-> Request 6
1422
(3, 3, 1)
2
(55, 20)
--> Day : 2
-> Request 0
251
(4, 3, 1)
3
(24, 37)
-> Request 1
259
(3, 2, 2)
3
(14, 33)
-> Request 2
309
(3, 2, 2)
1
(62, 30)
-> Request 3
436
(4, 3, 1)
3
(22, 26)
-> Request 4
890
(4, 3, 2)
2
(46, 9)
-> Request 5
972
(3, 3, 1)
1
(49, 40)
-> Request 6
1069
(2, 2, 2)
1
(50, 74)
-> Request 7
1080
(4, 3, 1)
3
(57, 23)
-> Request 8
1166
(4, 3, 2)
3
(34, 55)
-> Request 9
1357
(4, 2, 2)
2
(37, 48)
-> Request 10
1435
(3, 2, 2)
1
(12, 45)
--> Day : 3
-> Request 0
362
(4, 2, 2)
2
(16, 10)
-> Request 1
386
(3, 3, 2)
2
(64, 32)
-> Request 2
664
(1, 3, 2)
3
(55, 15)
-> Request 3
1041
(4, 3, 1)
2
(57, 47)
-> Request 4
1155
(4, 2, 1)
1
(14, 79)
--> Day : 4
-> Request 0
569
(4, 3, 1)
3
(45, 19)
-> Request 1
779
(4, 3, 1)
1
(77, 40)
-> Request 2
791
(4, 3, 2)
3
(53, 18)
-> Request 3
806
(4, 3, 1)
3
(13, 51)
-> Request 4
1070
(4, 3, 2)
1
(22, 13)
-> Request 5
1079
(2, 3, 1)
3
(66, 45)
-> Request 6
1103
(4, 2, 2)
1
(17, 35)
-> Request 7
1197
(4, 3, 1)
1
(78, 50)
-> Request 8
1201
(3, 1, 1)
2
(74, 42)
-> Request 9
1342
(4, 3, 1)
3
(47, 70)
---> Week : 8
--> Day : 0
-> Request 0
190
(4, 2, 2)
1
(42, 46)
-> Request 1
204
(3, 2, 1)
3
(40, 7)
-> Request 2
400
(4, 2, 1)
2
(56, 60)
-> Request 3
412
(4, 3, 1)
2
(36, 77)
-> Request 4
518
(4, 2, 2)
1
(34, 11)
-> Request 5
841
(2, 2, 2)
1
(34, 77)
-> Request 6
858
(4, 3, 1)
3
(44, 39)
-> Request 7
862
(2, 2, 1)
2
(61, 2)
-> Request 8
962
(3, 3, 1)
1
(15, 7)
-> Request 9
1187
(4, 3, 2)
1
(39, 46)
-> Request 10
1295
(4, 3, 2)
2
(47, 70)
-> Request 11
1367
(4, 3, 2)
3
(54, 25)
--> Day : 1
-> Request 0
321
(3, 3, 2)
3
(19, 75)
-> Request 1
1297
(4, 3, 2)
2
(65, 41)
-> Request 2
1298
(4, 1, 2)
1
(50, 9)
-> Request 3
1359
(4, 2, 1)
3
(33, 4)
-> Request 4
1433
(4, 3, 1)
3
(57, 0)
--> Day : 2
-> Request 0
579
(4, 3, 2)
3
(71, 7)
-> Request 1
672
(3, 3, 1)
2
(51, 37)
-> Request 2
681
(4, 3, 1)
2
(54, 51)
-> Request 3
736
(3, 3, 1)
2
(35, 44)
-> Request 4
777
(4, 3, 2)
1
(62, 73)
-> Request 5
959
(4, 2, 2)
1
(75, 26)
-> Request 6
1071
(4, 2, 2)
1
(61, 52)
--> Day : 3
-> Request 0
60
(4, 2, 1)
3
(21, 50)
-> Request 1
132
(4, 3, 2)
1
(79, 51)
-> Request 2
201
(4, 2, 1)
1
(63, 8)
-> Request 3
423
(1, 2, 2)
1
(64, 32)
-> Request 4
670
(3, 3, 1)
1
(45, 2)
-> Request 5
873
(4, 1, 2)
1
(18, 29)
-> Request 6
925
(4, 2, 2)
2
(63, 39)
-> Request 7
1016
(4, 2, 2)
3
(55, 53)
--> Day : 4
-> Request 0
122
(2, 3, 1)
3
(43, 38)
-> Request 1
168
(4, 3, 1)
1
(39, 42)
-> Request 2
243
(4, 2, 2)
1
(59, 27)
-> Request 3
309
(4, 2, 2)
2
(18, 22)
-> Request 4
383
(3, 3, 1)
3
(16, 35)
-> Request 5
488
(4, 3, 1)
3
(30, 66)
-> Request 6
737
(2, 2, 2)
2
(17, 32)
-> Request 7
783
(3, 3, 1)
2
(7, 63)
-> Request 8
980
(3, 2, 1)
2
(70, 16)
-> Request 9
1013
(2, 3, 1)
1
(33, 24)
-> Request 10
1146
(4, 2, 1)
3
(53, 14)
---> Week : 9
--> Day : 0
-> Request 0
43
(4, 2, 1)
3
(21, 6)
-> Request 1
170
(3, 1, 2)
3
(20, 30)
-> Request 2
203
(3, 3, 2)
1
(57, 3)
-> Request 3
416
(2, 2, 1)
3
(31, 24)
-> Request 4
443
(4, 3, 2)
2
(53, 62)
-> Request 5
710
(4, 3, 2)
1
(47, 56)
-> Request 6
1138
(3, 3, 2)
1
(9, 49)
--> Day : 1
-> Request 0
19
(3, 3, 1)
1
(74, 58)
-> Request 1
238
(4, 3, 2)
2
(68, 49)
-> Request 2
792
(4, 2, 2)
1
(62, 6)
-> Request 3
819
(4, 3, 1)
1
(78, 7)
-> Request 4
879
(1, 3, 2)
1
(61, 12)
-> Request 5
904
(4, 3, 1)
3
(64, 18)
-> Request 6
1424
(4, 3, 2)
2
(3, 20)
--> Day : 2
-> Request 0
157
(4, 2, 1)
1
(63, 65)
-> Request 1
223
(1, 2, 2)
2
(20, 33)
-> Request 2
265
(4, 2, 2)
1
(18, 16)
-> Request 3
347
(4, 2, 2)
2
(71, 60)
-> Request 4
829
(4, 1, 2)
3
(28, 76)
-> Request 5
937
(4, 3, 2)
2
(31, 50)
-> Request 6
1255
(4, 3, 1)
3
(74, 57)
-> Request 7
1362
(1, 3, 2)
2
(79, 3)
--> Day : 3
-> Request 0
249
(2, 3, 2)
3
(24, 74)
-> Request 1
624
(1, 3, 1)
1
(4, 38)
-> Request 2
843
(4, 2, 2)
3
(54, 71)
-> Request 3
854
(4, 2, 1)
2
(36, 22)
-> Request 4
988
(3, 3, 2)
2
(11, 61)
-> Request 5
1165
(4, 2, 1)
2
(22, 59)
-> Request 6
1190
(4, 1, 2)
3
(52, 16)
-> Request 7
1313
(4, 3, 1)
3
(33, 20)
--> Day : 4
-> Request 0
317
(3, 3, 1)
3
(34, 6)
-> Request 1
693
(4, 3, 1)
3
(17, 20)
-> Request 2
782
(2, 3, 2)
2
(47, 48)
-> Request 3
832
(4, 2, 2)
3
(55, 20)
-> Request 4
910
(3, 3, 2)
1
(57, 18)
-> Request 5
930
(4, 2, 1)
1
(25, 4)
-> Request 6
942
(4, 3, 1)
3
(49, 74)
-> Request 7
995
(4, 2, 1)
1
(2, 5)
-> Request 8
1159
(3, 3, 1)
3
(30, 45)
-> Request 9
1174
(4, 3, 1)
1
(18, 35)
-> Request 10
1308
(2, 3, 2)
3
(50, 33)
---> Week : 10
--> Day : 0
-> Request 0
14
(4, 3, 1)
3
(55, 38)
-> Request 1
20
(4, 3, 2)
3
(62, 65)
-> Request 2
181
(3, 3, 2)
2
(17, 8)
-> Request 3
358
(4, 2, 2)
3
(53, 58)
-> Request 4
390
(4, 3, 2)
2
(34, 8)
-> Request 5
437
(4, 2, 1)
3
(67, 32)
-> Request 6
499
(3, 3, 2)
2
(44, 33)
-> Request 7
578
(4, 2, 2)
3
(39, 20)
-> Request 8
656
(3, 1, 2)
3
(53, 37)
-> Request 9
678
(4, 3, 1)
1
(42, 9)
-> Request 10
729
(2, 3, 2)
2
(43, 58)
-> Request 11
1011
(3, 2, 2)
3
(59, 41)
-> Request 12
1028
(2, 1, 1)
3
(18, 35)
--> Day : 1
-> Request 0
196
(4, 2, 1)
3
(14, 16)
-> Request 1
472
(4, 2, 1)
2
(13, 25)
-> Request 2
790
(3, 3, 2)
1
(38, 56)
-> Request 3
878
(3, 3, 1)
2
(48, 68)
-> Request 4
988
(4, 3, 1)
3
(34, 79)
-> Request 5
1104
(3, 2, 1)
1
(1, 39)
-> Request 6
1290
(4, 2, 1)
2
(5, 76)
--> Day : 2
-> Request 0
367
(2, 3, 2)
3
(0, 63)
-> Request 1
470
(2, 2, 2)
2
(69, 46)
-> Request 2
665
(4, 3, 2)
1
(43, 41)
-> Request 3
773
(2, 2, 2)
3
(26, 19)
-> Request 4
906
(3, 3, 1)
3
(51, 47)
-> Request 5
1008
(2, 3, 1)
3
(12, 40)
-> Request 6
1061
(4, 3, 2)
1
(75, 18)
--> Day : 3
-> Request 0
15
(4, 3, 2)
1
(62, 50)
-> Request 1
275
(2, 3, 2)
2
(74, 32)
-> Request 2
329
(3, 2, 2)
3
(52, 75)
-> Request 3
341
(4, 2, 1)
1
(60, 31)
-> Request 4
475
(3, 2, 2)
2
(33, 35)
-> Request 5
545
(4, 3, 1)
3
(70, 44)
-> Request 6
644
(3, 2, 2)
3
(22, 70)
-> Request 7
710
(3, 3, 1)
1
(72, 10)
-> Request 8
833
(4, 3, 1)
2
(39, 69)
-> Request 9
836
(4, 2, 1)
3
(5, 69)
-> Request 10
974
(2, 3, 1)
2
(13, 0)
-> Request 11
980
(4, 1, 1)
3
(16, 63)
-> Request 12
1045
(3, 2, 1)
2
(12, 47)
-> Request 13
1211
(4, 3, 1)
3
(25, 6)
-> Request 14
1386
(4, 3, 2)
3
(23, 68)
--> Day : 4
-> Request 0
231
(3, 2, 1)
2
(17, 61)
-> Request 1
234
(4, 3, 1)
1
(29, 31)
-> Request 2
398
(3, 3, 2)
2
(18, 45)
-> Request 3
466
(4, 3, 2)
2
(57, 30)
-> Request 4
554
(4, 3, 1)
2
(74, 58)
-> Request 5
579
(3, 2, 1)
1
(20, 53)
-> Request 6
621
(4, 2, 1)
2
(11, 66)
-> Request 7
768
(3, 2, 1)
1
(22, 19)
-> Request 8
1055
(4, 3, 2)
2
(45, 15)
-> Request 9
1128
(4, 3, 1)
2
(17, 57)
-> Request 10
1322
(4, 2, 2)
3
(53, 56)
---> Week : 11
--> Day : 0
-> Request 0
4
(4, 3, 1)
2
(38, 2)
-> Request 1
109
(4, 3, 2)
3
(25, 44)
-> Request 2
144
(4, 3, 1)
3
(22, 66)
-> Request 3
170
(3, 3, 2)
1
(69, 5)
-> Request 4
318
(4, 3, 1)
1
(29, 33)
-> Request 5
401
(2, 2, 1)
2
(7, 23)
-> Request 6
431
(4, 2, 2)
2
(70, 6)
-> Request 7
448
(3, 3, 1)
2
(38, 58)
-> Request 8
473
(3, 1, 1)
3
(27, 18)
-> Request 9
585
(3, 2, 1)
2
(61, 43)
-> Request 10
588
(3, 3, 1)
1
(64, 21)
-> Request 11
1371
(1, 3, 1)
1
(52, 39)
--> Day : 1
-> Request 0
2
(4, 3, 1)
2
(59, 10)
-> Request 1
24
(3, 3, 2)
1
(11, 17)
-> Request 2
71
(4, 3, 2)
2
(39, 15)
-> Request 3
413
(4, 1, 2)
1
(51, 78)
-> Request 4
527
(4, 3, 2)
2
(51, 19)
-> Request 5
529
(3, 1, 1)
1
(78, 70)
-> Request 6
548
(4, 3, 2)
3
(19, 2)
-> Request 7
778
(4, 3, 2)
2
(12, 31)
-> Request 8
851
(2, 1, 1)
2
(66, 43)
-> Request 9
1149
(3, 2, 2)
2
(22, 71)
-> Request 10
1180
(4, 3, 2)
2
(12, 29)
-> Request 11
1222
(3, 2, 2)
3
(24, 78)
-> Request 12
1315
(4, 2, 1)
3
(60, 3)
--> Day : 2
-> Request 0
138
(3, 3, 1)
3
(60, 57)
-> Request 1
881
(4, 2, 1)
1
(75, 53)
-> Request 2
1110
(4, 3, 1)
2
(34, 44)
-> Request 3
1128
(4, 2, 1)
2
(60, 49)
-> Request 4
1128
(4, 3, 1)
1
(20, 30)
--> Day : 3
-> Request 0
119
(4, 3, 1)
1
(40, 68)
-> Request 1
184
(3, 3, 2)
1
(34, 61)
-> Request 2
423
(4, 3, 2)
2
(73, 27)
-> Request 3
548
(3, 3, 2)
2
(55, 12)
-> Request 4
679
(4, 2, 1)
3
(10, 10)
-> Request 5
697
(4, 3, 1)
3
(7, 63)
-> Request 6
904
(4, 3, 2)
2
(62, 27)
-> Request 7
992
(3, 2, 2)
3
(14, 22)
-> Request 8
1129
(4, 2, 2)
1
(11, 74)
-> Request 9
1154
(4, 3, 2)
2
(39, 78)
--> Day : 4
-> Request 0
42
(4, 3, 2)
2
(16, 54)
-> Request 1
78
(2, 3, 2)
1
(11, 1)
-> Request 2
245
(3, 3, 2)
3
(23, 29)
-> Request 3
320
(4, 3, 2)
2
(30, 67)
-> Request 4
527
(4, 3, 2)
1
(16, 53)
-> Request 5
579
(3, 3, 2)
3
(44, 75)
-> Request 6
717
(3, 3, 2)
1
(7, 40)
-> Request 7
884
(3, 2, 2)
3
(3, 49)
-> Request 8
1230
(4, 2, 1)
1
(61, 51)
---> Week : 12
--> Day : 0
-> Request 0
193
(4, 3, 1)
1
(5, 42)
-> Request 1
262
(4, 3, 2)
1
(13, 44)
-> Request 2
470
(4, 2, 2)
1
(62, 42)
-> Request 3
841
(2, 3, 2)
2
(36, 70)
-> Request 4
849
(4, 2, 1)
2
(57, 31)
-> Request 5
1333
(4, 1, 2)
1
(17, 3)
--> Day : 1
-> Request 0
118
(2, 3, 2)
2
(26, 29)
-> Request 1
129
(4, 2, 2)
3
(39, 44)
-> Request 2
471
(3, 3, 2)
2
(60, 46)
-> Request 3
516
(4, 2, 1)
3
(20, 66)
-> Request 4
746
(4, 3, 1)
3
(1, 62)
-> Request 5
848
(4, 3, 1)
1
(70, 63)
-> Request 6
935
(4, 3, 2)
3
(62, 45)
-> Request 7
1000
(3, 3, 2)
2
(64, 65)
-> Request 8
1379
(2, 2, 1)
3
(63, 61)
--> Day : 2
-> Request 0
166
(4, 2, 1)
1
(41, 60)
-> Request 1
346
(4, 2, 1)
1
(6, 9)
-> Request 2
355
(4, 3, 2)
3
(58, 79)
-> Request 3
578
(4, 3, 2)
3
(18, 41)
-> Request 4
809
(3, 2, 2)
2
(77, 68)
-> Request 5
834
(2, 3, 1)
3
(53, 58)
-> Request 6
1434
(4, 1, 2)
2
(12, 68)
--> Day : 3
-> Request 0
278
(4, 1, 2)
3
(19, 24)
-> Request 1
338
(2, 3, 1)
2
(63, 48)
-> Request 2
342
(4, 2, 1)
1
(65, 64)
-> Request 3
564
(3, 1, 2)
2
(31, 16)
-> Request 4
820
(3, 1, 1)
3
(6, 60)
-> Request 5
845
(3, 3, 1)
2
(8, 9)
-> Request 6
887
(3, 2, 2)
1
(61, 62)
-> Request 7
1025
(2, 3, 1)
2
(25, 35)
-> Request 8
1085
(2, 3, 2)
3
(21, 64)
-> Request 9
1100
(4, 3, 1)
3
(0, 20)
-> Request 10
1245
(4, 2, 2)
3
(35, 29)
-> Request 11
1276
(4, 3, 2)
3
(75, 13)
-> Request 12
1279
(3, 3, 1)
3
(74, 72)
-> Request 13
1297
(2, 2, 1)
2
(45, 58)
-> Request 14
1301
(2, 3, 2)
1
(52, 46)
-> Request 15
1324
(4, 3, 1)
3
(21, 47)
-> Request 16
1347
(2, 3, 1)
1
(63, 22)
-> Request 17
1351
(2, 3, 1)
1
(73, 75)
--> Day : 4
-> Request 0
64
(4, 2, 2)
3
(50, 47)
-> Request 1
210
(4, 2, 2)
1
(58, 53)
-> Request 2
326
(4, 2, 2)
2
(21, 69)
-> Request 3
908
(4, 1, 1)
2
(35, 27)
---> Week : 13
--> Day : 0
-> Request 0
21
(3, 2, 1)
1
(51, 34)
-> Request 1
33
(3, 3, 1)
2
(63, 49)
-> Request 2
72
(4, 3, 1)
2
(54, 70)
-> Request 3
193
(4, 3, 1)
2
(78, 38)
-> Request 4
371
(4, 2, 1)
1
(45, 76)
-> Request 5
480
(3, 3, 1)
1
(56, 44)
-> Request 6
601
(4, 1, 2)
2
(10, 12)
-> Request 7
633
(2, 2, 1)
2
(72, 75)
-> Request 8
741
(4, 3, 2)
2
(9, 21)
--> Day : 1
-> Request 0
219
(4, 2, 2)
2
(20, 58)
-> Request 1
322
(4, 3, 1)
1
(68, 34)
-> Request 2
327
(3, 3, 1)
3
(79, 64)
-> Request 3
595
(3, 2, 2)
2
(63, 20)
-> Request 4
973
(4, 2, 2)
2
(18, 72)
-> Request 5
1042
(4, 1, 2)
1
(46, 23)
-> Request 6
1166
(3, 2, 2)
1
(79, 44)
--> Day : 2
-> Request 0
41
(4, 3, 1)
2
(32, 52)
-> Request 1
86
(3, 3, 2)
3
(63, 62)
-> Request 2
395
(3, 2, 1)
1
(45, 62)
-> Request 3
483
(4, 3, 2)
1
(7, 39)
-> Request 4
571
(4, 3, 1)
2
(8, 8)
-> Request 5
963
(3, 3, 1)
3
(71, 56)
-> Request 6
1009
(3, 3, 2)
3
(46, 33)
-> Request 7
1086
(3, 3, 2)
1
(15, 21)
-> Request 8
1088
(3, 2, 1)
2
(55, 43)
-> Request 9
1158
(3, 1, 1)
2
(49, 70)
-> Request 10
1159
(1, 3, 2)
3
(34, 44)
-> Request 11
1228
(4, 3, 2)
2
(10, 78)
-> Request 12
1242
(4, 1, 1)
1
(35, 27)
-> Request 13
1437
(4, 2, 1)
3
(9, 17)
--> Day : 3
-> Request 0
139
(3, 3, 2)
1
(3, 3)
-> Request 1
181
(3, 2, 2)
3
(41, 39)
-> Request 2
343
(4, 2, 2)
1
(58, 66)
-> Request 3
399
(3, 2, 2)
1
(25, 43)
-> Request 4
497
(3, 3, 1)
3
(69, 48)
-> Request 5
741
(4, 3, 2)
1
(55, 10)
-> Request 6
955
(1, 2, 2)
2
(41, 7)
-> Request 7
994
(3, 3, 2)
2
(57, 1)
-> Request 8
1211
(4, 2, 2)
3
(19, 35)
-> Request 9
1243
(4, 2, 2)
2
(55, 72)
-> Request 10
1286
(4, 3, 1)
2
(64, 26)
--> Day : 4
-> Request 0
101
(2, 2, 2)
2
(1, 54)
-> Request 1
229
(2, 2, 1)
1
(19, 8)
-> Request 2
247
(4, 3, 1)
3
(13, 43)
-> Request 3
315
(2, 3, 1)
2
(43, 69)
-> Request 4
442
(4, 3, 1)
1
(79, 52)
-> Request 5
586
(4, 2, 2)
2
(68, 15)
-> Request 6
747
(3, 2, 1)
2
(12, 67)
-> Request 7
800
(2, 2, 2)
2
(3, 4)
-> Request 8
978
(4, 2, 1)
3
(4, 17)
-> Request 9
1015
(4, 3, 1)
3
(35, 2)
-> Request 10
1190
(4, 2, 1)
3
(63, 17)
-> Request 11
1230
(3, 3, 1)
2
(51, 65)
---> Week : 14
--> Day : 0
-> Request 0
197
(2, 3, 1)
2
(20, 0)
-> Request 1
253
(3, 3, 2)
1
(35, 49)
-> Request 2
415
(4, 1, 2)
3
(20, 31)
-> Request 3
631
(4, 2, 1)
1
(66, 70)
-> Request 4
692
(3, 3, 2)
3
(28, 66)
-> Request 5
706
(4, 2, 1)
2
(53, 34)
-> Request 6
927
(4, 3, 2)
2
(59, 57)
-> Request 7
1021
(4, 3, 1)
2
(24, 0)
-> Request 8
1045
(4, 2, 1)
3
(51, 42)
-> Request 9
1096
(3, 3, 1)
3
(42, 21)
--> Day : 1
-> Request 0
55
(4, 2, 2)
2
(54, 60)
-> Request 1
194
(1, 2, 2)
2
(74, 13)
-> Request 2
262
(1, 3, 2)
1
(64, 52)
-> Request 3
295
(4, 2, 1)
2
(3, 24)
-> Request 4
367
(1, 1, 2)
1
(72, 75)
-> Request 5
578
(4, 2, 2)
2
(45, 71)
-> Request 6
623
(2, 2, 2)
3
(38, 14)
-> Request 7
699
(4, 1, 2)
2
(27, 15)
-> Request 8
720
(2, 3, 2)
1
(55, 34)
-> Request 9
794
(3, 3, 2)
1
(14, 44)
-> Request 10
1150
(4, 2, 2)
3
(26, 64)
-> Request 11
1380
(2, 3, 2)
2
(68, 14)
--> Day : 2
-> Request 0
193
(4, 3, 2)
2
(58, 14)
-> Request 1
256
(4, 3, 1)
3
(34, 53)
-> Request 2
315
(2, 2, 1)
2
(75, 0)
-> Request 3
338
(2, 2, 1)
2
(35, 66)
-> Request 4
364
(4, 1, 2)
3
(48, 36)
-> Request 5
479
(3, 3, 2)
2
(76, 50)
-> Request 6
652
(3, 3, 2)
2
(45, 25)
-> Request 7
816
(3, 3, 2)
1
(30, 73)
-> Request 8
853
(2, 2, 2)
1
(9, 71)
-> Request 9
1125
(3, 2, 2)
3
(33, 28)
-> Request 10
1140
(4, 2, 1)
3
(21, 52)
-> Request 11
1243
(3, 3, 2)
2
(65, 74)
-> Request 12
1387
(4, 2, 2)
1
(59, 57)
-> Request 13
1427
(2, 3, 1)
3
(22, 11)
--> Day : 3
-> Request 0
183
(4, 2, 1)
3
(63, 73)
-> Request 1
480
(3, 3, 1)
3
(30, 65)
-> Request 2
654
(4, 2, 2)
2
(71, 59)
-> Request 3
1054
(3, 2, 1)
2
(26, 78)
-> Request 4
1148
(3, 2, 1)
2
(74, 36)
--> Day : 4
-> Request 0
96
(4, 3, 1)
3
(74, 30)
-> Request 1
107
(4, 2, 1)
2
(68, 71)
-> Request 2
226
(4, 3, 2)
1
(52, 35)
-> Request 3
362
(4, 3, 1)
2
(56, 10)
-> Request 4
695
(2, 3, 1)
3
(48, 37)
-> Request 5
923
(4, 3, 1)
3
(6, 38)
-> Request 6
1112
(2, 2, 2)
1
(36, 32)
-> Request 7
1165
(4, 3, 1)
2
(41, 30)
---> Week : 15
--> Day : 0
-> Request 0
123
(2, 3, 1)
3
(48, 36)
-> Request 1
131
(2, 3, 2)
3
(47, 29)
-> Request 2
212
(4, 3, 2)
2
(40, 7)
-> Request 3
557
(1, 3, 1)
3
(12, 25)
-> Request 4
570
(4, 3, 1)
3
(71, 36)
-> Request 5
637
(4, 3, 1)
2
(52, 68)
-> Request 6
695
(4, 2, 2)
2
(24, 77)
-> Request 7
724
(3, 2, 2)
2
(15, 66)
-> Request 8
925
(2, 3, 1)
1
(73, 18)
-> Request 9
964
(4, 3, 1)
3
(8, 38)
-> Request 10
1036
(4, 3, 1)
3
(64, 6)
-> Request 11
1089
(4, 3, 1)
3
(72, 65)
-> Request 12
1152
(2, 2, 2)
2
(37, 28)
-> Request 13
1200
(4, 2, 1)
1
(4, 22)
-> Request 14
1248
(4, 2, 1)
3
(64, 25)
-> Request 15
1352
(4, 3, 2)
1
(50, 64)
--> Day : 1
-> Request 0
135
(4, 3, 2)
3
(7, 78)
-> Request 1
402
(4, 3, 1)
3
(70, 50)
-> Request 2
523
(4, 3, 1)
1
(73, 65)
-> Request 3
645
(4, 3, 1)
3
(0, 13)
-> Request 4
797
(4, 3, 1)
2
(35, 23)
-> Request 5
1092
(4, 2, 2)
3
(4, 3)
-> Request 6
1195
(4, 3, 1)
2
(36, 71)
-> Request 7
1253
(4, 2, 2)
2
(24, 74)
-> Request 8
1300
(3, 3, 2)
2
(1, 17)
--> Day : 2
-> Request 0
181
(2, 3, 1)
1
(44, 49)
-> Request 1
581
(4, 3, 2)
3
(19, 31)
-> Request 2
730
(3, 3, 1)
2
(30, 3)
-> Request 3
810
(3, 3, 1)
1
(26, 23)
-> Request 4
1071
(4, 3, 1)
3
(1, 39)
-> Request 5
1153
(4, 3, 2)
2
(66, 4)
-> Request 6
1181
(3, 3, 1)
1
(16, 48)
-> Request 7
1362
(3, 2, 1)
2
(55, 30)
--> Day : 3
-> Request 0
76
(4, 3, 1)
3
(20, 24)
-> Request 1
78
(4, 2, 1)
1
(17, 18)
-> Request 2
155
(4, 3, 1)
3
(16, 63)
-> Request 3
167
(3, 3, 1)
2
(39, 52)
-> Request 4
190
(4, 2, 1)
1
(41, 53)
-> Request 5
628
(3, 2, 2)
2
(15, 0)
-> Request 6
688
(4, 2, 2)
1
(66, 76)
-> Request 7
779
(3, 3, 1)
1
(19, 6)
-> Request 8
838
(4, 2, 2)
1
(67, 78)
-> Request 9
1292
(2, 2, 1)
1
(3, 72)
-> Request 10
1434
(2, 2, 2)
1
(7, 61)
-> Request 11
1437
(4, 3, 2)
3
(9, 13)
--> Day : 4
-> Request 0
3
(4, 2, 1)
1
(75, 12)
-> Request 1
27
(3, 3, 2)
3
(40, 53)
-> Request 2
99
(4, 2, 1)
3
(63, 57)
-> Request 3
215
(4, 2, 1)
1
(43, 8)
-> Request 4
558
(4, 1, 1)
2
(71, 49)
-> Request 5
674
(4, 2, 1)
2
(56, 4)
-> Request 6
832
(4, 3, 1)
1
(10, 60)
-> Request 7
882
(4, 3, 2)
2
(8, 28)
-> Request 8
976
(4, 3, 1)
3
(54, 40)
-> Request 9
1132
(4, 3, 2)
2
(63, 72)
-> Request 10
1149
(4, 3, 1)
2
(44, 60)
-> Request 11
1321
(4, 3, 2)
1
(10, 20)
-> Request 12
1385
(3, 3, 2)
3
(32, 48)
-> Request 13
1414
(3, 2, 2)
1
(69, 47)
---> Week : 16
--> Day : 0
-> Request 0
257
(4, 2, 2)
1
(33, 1)
-> Request 1
858
(3, 3, 2)
1
(2, 61)
-> Request 2
884
(4, 1, 2)
2
(27, 67)
-> Request 3
938
(2, 3, 2)
1
(63, 1)
-> Request 4
1193
(4, 3, 2)
2
(41, 7)
--> Day : 1
-> Request 0
539
(4, 3, 2)
3
(33, 31)
-> Request 1
784
(3, 3, 2)
3
(60, 78)
-> Request 2
795
(4, 3, 1)
1
(47, 4)
-> Request 3
795
(4, 2, 1)
1
(13, 67)
-> Request 4
860
(4, 3, 1)
3
(28, 21)
-> Request 5
1145
(4, 3, 1)
2
(28, 14)
-> Request 6
1199
(2, 2, 2)
1
(58, 28)
--> Day : 2
-> Request 0
91
(4, 3, 1)
1
(65, 35)
-> Request 1
477
(3, 2, 2)
2
(42, 26)
-> Request 2
670
(3, 3, 1)
1
(23, 73)
-> Request 3
757
(4, 3, 2)
3
(18, 2)
-> Request 4
1090
(4, 2, 1)
1
(29, 28)
-> Request 5
1250
(3, 3, 1)
3
(47, 23)
-> Request 6
1426
(3, 3, 2)
2
(20, 79)
--> Day : 3
-> Request 0
557
(2, 3, 2)
1
(78, 34)
-> Request 1
558
(2, 3, 2)
3
(5, 46)
-> Request 2
658
(3, 2, 1)
1
(39, 52)
-> Request 3
707
(4, 3, 1)
3
(8, 5)
-> Request 4
731
(2, 3, 2)
2
(7, 78)
-> Request 5
753
(2, 1, 1)
1
(15, 7)
-> Request 6
770
(4, 2, 2)
2
(43, 52)
-> Request 7
1009
(4, 1, 2)
2
(56, 21)
-> Request 8
1029
(4, 2, 1)
3
(72, 23)
-> Request 9
1217
(3, 2, 1)
1
(1, 18)
--> Day : 4
-> Request 0
285
(3, 3, 1)
1
(59, 72)
-> Request 1
340
(3, 3, 2)
3
(45, 66)
-> Request 2
351
(4, 3, 2)
2
(20, 13)
-> Request 3
647
(4, 3, 1)
1
(36, 34)
-> Request 4
727
(4, 3, 2)
2
(28, 75)
-> Request 5
949
(3, 3, 1)
1
(62, 31)
-> Request 6
1105
(4, 3, 1)
2
(44, 57)
-> Request 7
1253
(3, 2, 1)
3
(48, 43)
-> Request 8
1393
(4, 3, 1)
3
(76, 31)
---> Week : 17
--> Day : 0
-> Request 0
120
(3, 2, 2)
3
(9, 47)
-> Request 1
247
(4, 2, 1)
1
(15, 18)
-> Request 2
378
(4, 3, 1)
2
(7, 63)
-> Request 3
587
(4, 2, 2)
2
(24, 44)
-> Request 4
715
(4, 3, 2)
1
(36, 19)
-> Request 5
960
(3, 3, 1)
1
(45, 4)
-> Request 6
1049
(4, 3, 2)
1
(9, 10)
-> Request 7
1424
(4, 2, 2)
3
(16, 7)
--> Day : 1
-> Request 0
321
(2, 1, 2)
2
(56, 43)
-> Request 1
324
(3, 3, 1)
1
(1, 57)
-> Request 2
333
(3, 3, 1)
1
(79, 30)
-> Request 3
380
(4, 3, 2)
1
(43, 71)
-> Request 4
397
(4, 2, 1)
2
(78, 24)
-> Request 5
405
(4, 3, 2)
3
(60, 38)
-> Request 6
632
(4, 2, 1)
2
(55, 29)
-> Request 7
678
(4, 2, 1)
2
(10, 43)
-> Request 8
700
(4, 2, 1)
1
(55, 43)
-> Request 9
732
(4, 3, 1)
1
(72, 71)
-> Request 10
958
(4, 1, 1)
2
(51, 13)
-> Request 11
982
(4, 2, 1)
2
(77, 0)
-> Request 12
1191
(4, 3, 1)
3
(59, 48)
--> Day : 2
-> Request 0
31
(4, 2, 1)
3
(16, 69)
-> Request 1
43
(1, 2, 1)
3
(31, 78)
-> Request 2
82
(4, 1, 2)
1
(10, 7)
-> Request 3
303
(4, 3, 2)
1
(1, 19)
-> Request 4
442
(3, 3, 2)
1
(11, 65)
-> Request 5
531
(3, 3, 2)
1
(50, 53)
-> Request 6
563
(4, 3, 1)
2
(34, 56)
-> Request 7
608
(3, 2, 1)
2
(63, 9)
-> Request 8
739
(1, 3, 2)
3
(72, 6)
-> Request 9
750
(2, 3, 2)
2
(2, 3)
-> Request 10
765
(3, 3, 1)
2
(42, 58)
-> Request 11
800
(3, 2, 2)
2
(60, 0)
-> Request 12
1126
(3, 3, 1)
1
(12, 51)
-> Request 13
1166
(3, 2, 2)
1
(13, 2)
-> Request 14
1246
(4, 3, 2)
2
(23, 1)
-> Request 15
1290
(3, 2, 1)
1
(50, 62)
-> Request 16
1309
(4, 3, 1)
2
(35, 75)
--> Day : 3
-> Request 0
25
(4, 2, 2)
2
(69, 61)
-> Request 1
151
(3, 3, 1)
2
(24, 55)
-> Request 2
174
(2, 2, 2)
3
(59, 51)
-> Request 3
354
(4, 3, 1)
2
(69, 24)
-> Request 4
354
(4, 2, 1)
3
(36, 59)
-> Request 5
383
(2, 2, 1)
1
(5, 25)
-> Request 6
395
(4, 2, 1)
1
(16, 48)
-> Request 7
572
(4, 3, 2)
1
(74, 39)
-> Request 8
672
(4, 3, 1)
1
(38, 64)
-> Request 9
1068
(4, 3, 1)
3
(71, 53)
-> Request 10
1234
(3, 2, 1)
1
(70, 68)
-> Request 11
1240
(3, 2, 2)
1
(46, 22)
-> Request 12
1308
(4, 2, 2)
3
(10, 25)
-> Request 13
1311
(4, 3, 1)
3
(57, 27)
-> Request 14
1439
(4, 3, 1)
3
(15, 60)
--> Day : 4
-> Request 0
59
(4, 3, 1)
1
(16, 2)
-> Request 1
100
(4, 2, 1)
3
(30, 5)
-> Request 2
310
(4, 2, 2)
2
(4, 7)
-> Request 3
476
(3, 2, 1)
3
(9, 45)
-> Request 4
757
(4, 3, 2)
1
(42, 13)
-> Request 5
1024
(4, 2, 2)
3
(23, 19)
-> Request 6
1214
(2, 3, 1)
3
(29, 22)
-> Request 7
1245
(2, 3, 2)
2
(42, 74)
-> Request 8
1304
(1, 3, 1)
1
(75, 58)
-> Request 9
1379
(4, 3, 2)
3
(49, 10)
-> Request 10
1387
(4, 3, 1)
3
(48, 45)
---> Week : 18
--> Day : 0
-> Request 0
239
(3, 3, 2)
3
(55, 21)
-> Request 1
241
(3, 3, 2)
3
(78, 42)
-> Request 2
482
(3, 2, 2)
2
(24, 37)
-> Request 3
1006
(3, 2, 1)
3
(49, 72)
--> Day : 1
-> Request 0
16
(4, 3, 1)
2
(39, 68)
-> Request 1
112
(4, 2, 2)
2
(56, 55)
-> Request 2
542
(4, 2, 1)
2
(47, 70)
-> Request 3
646
(1, 3, 1)
3
(26, 78)
-> Request 4
992
(4, 2, 1)
3
(61, 36)
-> Request 5
1006
(3, 3, 1)
3
(5, 45)
-> Request 6
1029
(2, 1, 2)
1
(23, 61)
-> Request 7
1091
(4, 2, 2)
2
(39, 50)
-> Request 8
1117
(4, 3, 2)
1
(75, 68)
-> Request 9
1254
(4, 2, 1)
1
(52, 50)
--> Day : 2
-> Request 0
194
(1, 3, 1)
2
(32, 59)
-> Request 1
268
(2, 3, 2)
2
(7, 37)
-> Request 2
297
(4, 3, 2)
1
(77, 40)
-> Request 3
531
(3, 3, 1)
2
(52, 14)
-> Request 4
1186
(4, 1, 2)
1
(66, 53)
-> Request 5
1319
(1, 3, 1)
1
(41, 57)
-> Request 6
1373
(2, 3, 2)
2
(7, 33)
--> Day : 3
-> Request 0
242
(4, 3, 2)
2
(17, 59)
-> Request 1
355
(2, 2, 2)
1
(1, 44)
-> Request 2
370
(4, 3, 1)
2
(52, 63)
-> Request 3
551
(3, 2, 2)
1
(43, 48)
-> Request 4
677
(3, 2, 1)
3
(66, 1)
-> Request 5
1022
(3, 3, 1)
3
(33, 56)
-> Request 6
1025
(4, 3, 2)
1
(67, 5)
-> Request 7
1041
(3, 2, 2)
2
(49, 35)
-> Request 8
1173
(2, 2, 2)
3
(21, 38)
-> Request 9
1299
(4, 3, 1)
3
(58, 22)
-> Request 10
1366
(4, 3, 1)
2
(23, 28)
-> Request 11
1416
(4, 2, 2)
2
(4, 57)
--> Day : 4
-> Request 0
9
(4, 3, 1)
1
(76, 12)
-> Request 1
33
(3, 2, 2)
2
(30, 18)
-> Request 2
84
(2, 3, 2)
1
(65, 13)
-> Request 3
98
(4, 3, 1)
3
(63, 58)
-> Request 4
107
(4, 2, 1)
2
(75, 62)
-> Request 5
415
(2, 1, 2)
2
(43, 35)
-> Request 6
555
(4, 3, 2)
2
(50, 6)
-> Request 7
644
(4, 1, 1)
2
(50, 5)
-> Request 8
693
(4, 3, 2)
1
(65, 36)
-> Request 9
983
(1, 2, 1)
1
(9, 73)
-> Request 10
1174
(4, 3, 2)
2
(42, 0)
-> Request 11
1242
(1, 2, 1)
3
(33, 3)
---> Week : 19
--> Day : 0
-> Request 0
323
(4, 3, 1)
1
(22, 34)
-> Request 1
455
(4, 3, 2)
1
(10, 62)
-> Request 2
540
(4, 3, 1)
2
(17, 55)
-> Request 3
668
(3, 3, 1)
2
(15, 7)
-> Request 4
795
(4, 1, 2)
1
(42, 49)
-> Request 5
877
(2, 2, 1)
1
(52, 24)
-> Request 6
968
(4, 3, 1)
1
(62, 74)
-> Request 7
1091
(3, 3, 1)
1
(5, 76)
-> Request 8
1147
(4, 3, 2)
2
(26, 44)
-> Request 9
1198
(4, 2, 2)
1
(55, 72)
--> Day : 1
-> Request 0
313
(4, 3, 2)
2
(71, 30)
-> Request 1
439
(4, 3, 1)
1
(76, 15)
-> Request 2
547
(3, 3, 2)
1
(42, 45)
-> Request 3
863
(2, 2, 1)
3
(61, 21)
-> Request 4
876
(2, 3, 2)
2
(6, 18)
-> Request 5
958
(3, 3, 2)
3
(79, 4)
-> Request 6
1066
(4, 3, 1)
1
(0, 60)
-> Request 7
1103
(3, 3, 1)
3
(53, 79)
-> Request 8
1309
(4, 3, 2)
3
(63, 30)
-> Request 9
1396
(3, 3, 1)
3
(20, 5)
--> Day : 2
-> Request 0
56
(4, 2, 2)
3
(68, 64)
-> Request 1
644
(2, 3, 2)
1
(68, 7)
-> Request 2
866
(3, 2, 2)
3
(19, 24)
-> Request 3
899
(4, 3, 1)
1
(6, 24)
-> Request 4
912
(4, 2, 2)
3
(59, 30)
-> Request 5
1105
(2, 3, 1)
2
(21, 22)
-> Request 6
1288
(4, 3, 2)
1
(44, 30)
-> Request 7
1332
(3, 2, 2)
2
(30, 16)
--> Day : 3
-> Request 0
2
(4, 2, 1)
3
(22, 32)
-> Request 1
657
(3, 3, 2)
1
(7, 6)
-> Request 2
666
(4, 2, 2)
3
(49, 11)
-> Request 3
863
(4, 2, 1)
2
(17, 68)
-> Request 4
950
(4, 2, 2)
3
(31, 58)
-> Request 5
1176
(2, 2, 1)
3
(22, 55)
-> Request 6
1243
(4, 2, 2)
3
(64, 75)
-> Request 7
1307
(2, 3, 1)
2
(40, 18)
-> Request 8
1318
(4, 2, 2)
2
(26, 44)
--> Day : 4
-> Request 0
22
(3, 3, 1)
3
(72, 40)
-> Request 1
105
(4, 2, 2)
1
(54, 11)
-> Request 2
114
(3, 1, 1)
3
(26, 66)
-> Request 3
494
(2, 2, 2)
1
(58, 45)
-> Request 4
677
(4, 2, 2)
1
(38, 47)
-> Request 5
705
(4, 3, 1)
3
(59, 44)
-> Request 6
848
(4, 3, 1)
3
(37, 25)
-> Request 7
990
(2, 3, 2)
1
(47, 49)
-> Request 8
1235
(4, 1, 2)
2
(12, 59)
-> Request 9
1259
(4, 2, 2)
1
(19, 45)
-> Request 10
1263
(3, 2, 2)
3
(69, 45)
