---> Week : 0
--> Day : 0
-> Request 0
33
(2, 3, 2)
1
(62, 69)
-> Request 1
147
(2, 1, 1)
1
(55, 28)
-> Request 2
273
(1, 3, 2)
1
(65, 76)
-> Request 3
294
(3, 1, 2)
2
(56, 67)
-> Request 4
392
(2, 3, 2)
3
(38, 55)
-> Request 5
584
(4, 2, 2)
1
(74, 42)
-> Request 6
630
(1, 3, 2)
1
(56, 29)
-> Request 7
736
(4, 1, 1)
3
(56, 31)
-> Request 8
776
(3, 1, 1)
2
(61, 2)
-> Request 9
808
(4, 2, 2)
2
(33, 7)
-> Request 10
1045
(4, 1, 1)
2
(79, 49)
-> Request 11
1058
(2, 2, 2)
1
(41, 54)
-> Request 12
1379
(4, 3, 1)
2
(51, 26)
--> Day : 1
-> Request 0
195
(4, 2, 1)
3
(79, 61)
-> Request 1
212
(1, 1, 2)
2
(36, 4)
-> Request 2
213
(1, 2, 1)
3
(8, 23)
-> Request 3
334
(2, 3, 2)
3
(13, 29)
-> Request 4
417
(2, 1, 1)
3
(65, 63)
-> Request 5
419
(4, 2, 2)
1
(54, 77)
-> Request 6
506
(2, 3, 2)
3
(43, 40)
-> Request 7
594
(1, 2, 2)
2
(43, 42)
-> Request 8
868
(1, 2, 1)
3
(56, 31)
-> Request 9
1077
(1, 1, 2)
1
(36, 44)
-> Request 10
1217
(3, 2, 2)
1
(10, 26)
--> Day : 2
-> Request 0
115
(1, 2, 2)
3
(43, 46)
-> Request 1
182
(2, 3, 1)
1
(5, 40)
-> Request 2
239
(1, 1, 2)
1
(50, 42)
-> Request 3
487
(1, 2, 2)
1
(59, 64)
-> Request 4
561
(2, 2, 1)
1
(64, 77)
-> Request 5
742
(1, 3, 1)
3
(53, 64)
-> Request 6
789
(1, 3, 2)
3
(4, 35)
-> Request 7
853
(4, 1, 1)
1
(60, 38)
--> Day : 3
-> Request 0
0
(2, 2, 1)
2
(55, 74)
-> Request 1
26
(4, 2, 1)
2
(59, 48)
-> Request 2
109
(1, 1, 1)
3
(51, 38)
-> Request 3
247
(2, 2, 2)
2
(24, 14)
-> Request 4
265
(2, 2, 2)
2
(47, 34)
-> Request 5
348
(4, 3, 1)
1
(16, 26)
-> Request 6
405
(2, 3, 2)
2
(48, 33)
-> Request 7
497
(2, 2, 2)
1
(56, 43)
-> Request 8
611
(3, 1, 1)
1
(72, 71)
-> Request 9
1072
(1, 3, 2)
3
(69, 3)
-> Request 10
1120
(2, 2, 2)
3
(45, 38)
-> Request 11
1212
(1, 1, 2)
2
(14, 27)
-> Request 12
1225
(2, 1, 1)
1
(12, 17)
-> Request 13
1312
(2, 3, 1)
2
(15, 38)
-> Request 14
1426
(4, 2, 1)
2
(14, 61)
--> Day : 4
-> Request 0
754
(4, 2, 2)
2
(14, 24)
-> Request 1
946
(4, 2, 1)
2
(44, 33)
-> Request 2
1143
(2, 1, 1)
1
(55, 65)
-> Request 3
1337
(3, 2, 1)
1
(66, 77)
-> Request 4
1395
(1, 1, 1)
2
(53, 70)
-> Request 5
1424
(3, 1, 1)
3
(43, 53)
---> Week : 1
--> Day : 0
-> Request 0
7
(3, 3, 1)
1
(14, 29)
-> Request 1
113
(2, 2, 1)
1
(46, 71)
-> Request 2
148
(4, 3, 1)
1
(9, 42)
-> Request 3
388
(2, 3, 2)
1
(65, 65)
-> Request 4
471
(1, 2, 1)
3
(70, 67)
-> Request 5
606
(1, 2, 2)
1
(63, 64)
-> Request 6
641
(4, 3, 2)
1
(55, 70)
-> Request 7
696
(4, 3, 2)
3
(53, 0)
-> Request 8
1181
(2, 1, 2)
2
(56, 34)
-> Request 9
1203
(2, 3, 1)
1
(9, 28)
-> Request 10
1322
(3, 3, 1)
3
(47, 33)
-> Request 11
1342
(1, 1, 2)
3
(56, 72)
--> Day : 1
-> Request 0
68
(1, 3, 2)
3
(8, 28)
-> Request 1
164
(4, 3, 1)
1
(50, 61)
-> Request 2
373
(2, 2, 1)
2
(55, 36)
-> Request 3
381
(1, 3, 2)
1
(61, 66)
-> Request 4
470
(4, 3, 2)
1
(62, 42)
-> Request 5
480
(4, 3, 2)
1
(12, 14)
-> Request 6
722
(2, 1, 2)
2
(55, 46)
-> Request 7
792
(4, 2, 1)
1
(15, 24)
-> Request 8
834
(4, 1, 2)
2
(65, 75)
-> Request 9
977
(4, 1, 1)
3
(56, 38)
-> Request 10
1070
(2, 2, 2)
2
(59, 46)
-> Request 11
1166
(4, 3, 1)
2
(16, 20)
-> Request 12
1177
(2, 1, 2)
2
(17, 48)
-> Request 13
1195
(1, 1, 1)
3
(67, 7)
-> Request 14
1198
(1, 2, 1)
1
(8, 55)
-> Request 15
1202
(2, 1, 1)
2
(57, 28)
--> Day : 2
-> Request 0
33
(3, 3, 2)
3
(29, 17)
-> Request 1
110
(3, 1, 2)
1
(52, 35)
-> Request 2
218
(2, 1, 1)
3
(78, 42)
-> Request 3
307
(2, 3, 2)
1
(9, 21)
-> Request 4
340
(3, 1, 2)
3
(14, 24)
-> Request 5
552
(2, 3, 2)
2
(9, 23)
-> Request 6
1187
(3, 1, 2)
1
(52, 66)
-> Request 7
1428
(3, 3, 2)
3
(55, 65)
--> Day : 3
-> Request 0
474
(2, 3, 2)
1
(68, 52)
-> Request 1
566
(2, 2, 1)
2
(29, 67)
-> Request 2
709
(4, 3, 1)
3
(33, 77)
-> Request 3
766
(4, 3, 1)
1
(23, 77)
-> Request 4
857
(3, 3, 1)
3
(9, 46)
-> Request 5
919
(3, 3, 2)
1
(54, 45)
-> Request 6
989
(1, 3, 1)
1
(60, 9)
-> Request 7
1119
(1, 2, 1)
3
(40, 0)
-> Request 8
1195
(3, 2, 2)
2
(15, 22)
-> Request 9
1206
(4, 3, 1)
3
(41, 60)
-> Request 10
1383
(3, 2, 1)
3
(12, 24)
--> Day : 4
-> Request 0
86
(3, 3, 1)
1
(43, 37)
-> Request 1
95
(4, 2, 1)
1
(28, 12)
-> Request 2
166
(4, 3, 1)
2
(44, 35)
-> Request 3
184
(3, 1, 1)
3
(61, 19)
-> Request 4
590
(2, 3, 2)
2
(0, 63)
-> Request 5
647
(2, 3, 2)
3
(31, 46)
-> Request 6
728
(1, 1, 1)
2
(67, 61)
-> Request 7
1027
(3, 2, 1)
2
(76, 10)
-> Request 8
1299
(4, 3, 1)
3
(7, 76)
-> Request 9
1375
(2, 1, 2)
2
(41, 52)
---> Week : 2
--> Day : 0
-> Request 0
131
(4, 3, 1)
1
(66, 71)
-> Request 1
610
(2, 1, 1)
2
(75, 59)
-> Request 2
711
(3, 1, 2)
2
(3, 7)
-> Request 3
740
(1, 3, 2)
1
(59, 63)
-> Request 4
745
(3, 1, 1)
1
(59, 30)
-> Request 5
808
(3, 2, 1)
2
(9, 14)
-> Request 6
979
(1, 3, 1)
2
(61, 37)
-> Request 7
1164
(2, 3, 1)
3
(61, 39)
-> Request 8
1384
(4, 3, 2)
1
(38, 72)
--> Day : 1
-> Request 0
18
(2, 3, 2)
2
(13, 20)
-> Request 1
128
(2, 1, 1)
3
(63, 70)
-> Request 2
310
(2, 2, 1)
3
(57, 72)
-> Request 3
514
(3, 1, 1)
3
(13, 57)
-> Request 4
545
(2, 1, 1)
2
(26, 29)
-> Request 5
608
(4, 1, 2)
3
(65, 76)
-> Request 6
719
(4, 1, 2)
1
(53, 46)
-> Request 7
774
(2, 2, 1)
3
(37, 66)
-> Request 8
801
(1, 1, 2)
2
(35, 49)
-> Request 9
858
(2, 3, 1)
1
(54, 70)
-> Request 10
884
(3, 3, 2)
1
(49, 30)
-> Request 11
892
(2, 2, 2)
1
(71, 42)
-> Request 12
992
(2, 3, 1)
3
(45, 37)
-> Request 13
1013
(3, 3, 1)
3
(22, 9)
-> Request 14
1168
(2, 3, 1)
3
(68, 36)
-> Request 15
1387
(2, 1, 1)
3
(44, 39)
--> Day : 2
-> Request 0
33
(4, 1, 1)
3
(57, 32)
-> Request 1
474
(4, 3, 1)
3
(15, 24)
-> Request 2
505
(1, 1, 2)
3
(50, 40)
-> Request 3
609
(3, 1, 1)
3
(6, 32)
-> Request 4
681
(1, 2, 1)
2
(32, 15)
-> Request 5
823
(4, 1, 1)
1
(45, 46)
-> Request 6
1340
(4, 2, 2)
2
(57, 65)
--> Day : 3
-> Request 0
131
(3, 2, 1)
3
(27, 55)
-> Request 1
156
(3, 1, 1)
3
(58, 35)
-> Request 2
163
(2, 2, 1)
2
(45, 40)
-> Request 3
406
(2, 2, 1)
2
(61, 37)
-> Request 4
536
(4, 2, 2)
3
(64, 68)
-> Request 5
574
(3, 3, 1)
1
(52, 12)
-> Request 6
833
(1, 3, 1)
1
(11, 52)
-> Request 7
1171
(1, 3, 2)
2
(50, 58)
-> Request 8
1250
(2, 2, 2)
3
(63, 73)
-> Request 9
1270
(4, 1, 2)
1
(56, 39)
-> Request 10
1292
(3, 1, 2)
3
(54, 69)
--> Day : 4
-> Request 0
24
(2, 2, 2)
1
(42, 8)
-> Request 1
293
(4, 1, 1)
2
(51, 44)
-> Request 2
457
(3, 3, 2)
1
(37, 52)
-> Request 3
641
(4, 3, 2)
3
(28, 49)
-> Request 4
759
(4, 3, 1)
2
(51, 44)
-> Request 5
790
(4, 1, 1)
3
(59, 28)
-> Request 6
1098
(2, 3, 2)
1
(70, 32)
-> Request 7
1243
(2, 1, 2)
3
(50, 37)
-> Request 8
1373
(4, 2, 1)
3
(38, 71)
-> Request 9
1405
(3, 3, 2)
2
(46, 46)
---> Week : 3
--> Day : 0
-> Request 0
44
(3, 1, 1)
3
(8, 74)
-> Request 1
155
(2, 1, 2)
2
(45, 37)
-> Request 2
380
(4, 3, 1)
3
(61, 37)
-> Request 3
403
(3, 1, 1)
1
(36, 53)
-> Request 4
430
(4, 3, 1)
1
(59, 76)
-> Request 5
490
(4, 2, 1)
3
(66, 77)
-> Request 6
642
(2, 2, 1)
2
(45, 39)
-> Request 7
870
(3, 1, 2)
3
(62, 30)
-> Request 8
873
(1, 3, 2)
3
(5, 29)
-> Request 9
984
(2, 2, 2)
3
(60, 60)
-> Request 10
1149
(4, 3, 1)
1
(55, 45)
-> Request 11
1171
(3, 3, 2)
3
(52, 3)
-> Request 12
1200
(2, 2, 1)
1
(62, 46)
-> Request 13
1264
(4, 2, 2)
2
(78, 11)
-> Request 14
1299
(4, 2, 2)
3
(31, 22)
--> Day : 1
-> Request 0
78
(2, 2, 2)
3
(62, 38)
-> Request 1
139
(4, 3, 2)
2
(55, 44)
-> Request 2
209
(4, 3, 2)
2
(61, 2)
-> Request 3
340
(4, 3, 1)
1
(26, 26)
-> Request 4
520
(1, 2, 2)
3
(45, 79)
-> Request 5
838
(3, 1, 1)
3
(56, 68)
-> Request 6
892
(2, 1, 1)
1
(50, 27)
-> Request 7
923
(1, 1, 2)
1
(6, 47)
-> Request 8
1062
(3, 3, 2)
2
(61, 67)
-> Request 9
1199
(3, 1, 1)
3
(57, 42)
-> Request 10
1362
(1, 3, 2)
3
(16, 29)
--> Day : 2
-> Request 0
95
(4, 2, 2)
2
(45, 43)
-> Request 1
164
(1, 3, 2)
2
(60, 11)
-> Request 2
559
(2, 2, 2)
3
(61, 29)
-> Request 3
839
(1, 1, 1)
3
(58, 27)
--> Day : 3
-> Request 0
108
(2, 3, 1)
1
(76, 1)
-> Request 1
177
(2, 3, 2)
2
(78, 61)
-> Request 2
226
(4, 3, 1)
2
(41, 22)
-> Request 3
339
(1, 2, 1)
2
(52, 75)
-> Request 4
407
(2, 2, 2)
3
(19, 15)
-> Request 5
408
(3, 3, 1)
1
(56, 41)
-> Request 6
481
(2, 1, 2)
2
(51, 30)
-> Request 7
705
(1, 1, 1)
3
(20, 66)
-> Request 8
863
(2, 2, 2)
1
(46, 34)
-> Request 9
1024
(4, 3, 2)
3
(61, 72)
--> Day : 4
-> Request 0
34
(1, 3, 2)
3
(59, 7)
-> Request 1
288
(3, 1, 1)
2
(62, 77)
-> Request 2
366
(1, 3, 1)
1
(43, 31)
-> Request 3
1036
(1, 2, 2)
3
(65, 65)
-> Request 4
1163
(2, 3, 1)
1
(12, 22)
---> Week : 4
--> Day : 0
-> Request 0
199
(1, 2, 2)
3
(52, 35)
-> Request 1
278
(4, 1, 1)
1
(53, 14)
-> Request 2
338
(1, 1, 2)
3
(54, 45)
-> Request 3
433
(4, 3, 2)
3
(14, 76)
-> Request 4
554
(1, 3, 1)
3
(64, 69)
-> Request 5
772
(3, 3, 1)
2
(75, 39)
-> Request 6
873
(3, 1, 1)
2
(16, 28)
-> Request 7
1032
(4, 3, 2)
2
(52, 40)
-> Request 8
1040
(3, 3, 2)
2
(20, 39)
-> Request 9
1081
(4, 1, 1)
3
(47, 46)
-> Request 10
1110
(2, 1, 1)
1
(6, 7)
-> Request 11
1324
(4, 1, 1)
3
(55, 36)
-> Request 12
1438
(2, 2, 2)
3
(54, 66)
--> Day : 1
-> Request 0
87
(2, 1, 2)
2
(29, 73)
-> Request 1
96
(2, 3, 2)
2
(44, 41)
-> Request 2
152
(1, 2, 2)
3
(48, 36)
-> Request 3
381
(1, 3, 1)
2
(61, 34)
-> Request 4
494
(2, 1, 1)
1
(48, 28)
-> Request 5
500
(1, 2, 1)
3
(59, 43)
-> Request 6
620
(2, 3, 2)
3
(14, 29)
-> Request 7
1033
(4, 2, 2)
2
(49, 32)
-> Request 8
1144
(2, 2, 2)
1
(11, 11)
-> Request 9
1311
(4, 2, 1)
2
(34, 22)
--> Day : 2
-> Request 0
216
(1, 3, 1)
3
(28, 16)
-> Request 1
447
(3, 1, 1)
1
(24, 6)
-> Request 2
1100
(2, 2, 1)
1
(53, 40)
-> Request 3
1106
(4, 1, 2)
1
(55, 69)
-> Request 4
1109
(3, 2, 2)
3
(3, 77)
-> Request 5
1185
(4, 3, 2)
3
(73, 77)
-> Request 6
1206
(1, 3, 1)
3
(15, 41)
-> Request 7
1265
(1, 3, 1)
1
(51, 33)
-> Request 8
1365
(2, 2, 1)
2
(66, 17)
--> Day : 3
-> Request 0
197
(1, 3, 2)
1
(68, 72)
-> Request 1
234
(1, 1, 2)
1
(57, 31)
-> Request 2
275
(2, 1, 1)
2
(31, 78)
-> Request 3
373
(4, 1, 1)
1
(62, 69)
-> Request 4
453
(3, 1, 2)
1
(68, 68)
-> Request 5
516
(4, 2, 1)
2
(56, 64)
-> Request 6
568
(2, 1, 1)
1
(63, 65)
-> Request 7
896
(3, 2, 2)
3
(64, 78)
-> Request 8
965
(4, 3, 2)
2
(22, 23)
-> Request 9
1024
(1, 2, 1)
1
(72, 7)
-> Request 10
1214
(3, 3, 1)
2
(11, 26)
-> Request 11
1296
(4, 3, 2)
3
(43, 31)
-> Request 12
1327
(3, 1, 2)
2
(61, 66)
--> Day : 4
-> Request 0
122
(4, 2, 2)
1
(57, 37)
-> Request 1
711
(2, 1, 2)
2
(59, 72)
-> Request 2
745
(2, 1, 1)
3
(59, 28)
-> Request 3
917
(2, 1, 1)
3
(7, 67)
-> Request 4
923
(3, 3, 1)
2
(18, 33)
-> Request 5
1316
(2, 2, 2)
2
(60, 42)
---> Week : 5
--> Day : 0
-> Request 0
148
(1, 1, 2)
1
(12, 29)
-> Request 1
456
(2, 2, 1)
1
(54, 18)
-> Request 2
750
(2, 1, 2)
1
(16, 25)
-> Request 3
888
(4, 2, 2)
3
(50, 35)
-> Request 4
1101
(3, 1, 1)
3
(76, 52)
-> Request 5
1165
(4, 1, 1)
1
(19, 31)
-> Request 6
1401
(4, 2, 1)
1
(64, 78)
--> Day : 1
-> Request 0
202
(3, 3, 2)
2
(14, 73)
-> Request 1
285
(2, 1, 1)
1
(41, 48)
-> Request 2
306
(4, 1, 1)
3
(60, 70)
-> Request 3
520
(4, 3, 1)
2
(54, 71)
-> Request 4
526
(1, 2, 1)
1
(23, 60)
-> Request 5
591
(1, 2, 2)
3
(46, 36)
-> Request 6
703
(2, 2, 2)
3
(53, 76)
--> Day : 2
-> Request 0
79
(3, 2, 2)
2
(13, 42)
-> Request 1
341
(4, 2, 2)
2
(63, 69)
-> Request 2
440
(2, 3, 1)
1
(61, 70)
-> Request 3
466
(3, 2, 2)
3
(1, 63)
-> Request 4
535
(4, 2, 2)
3
(16, 67)
-> Request 5
834
(3, 2, 2)
3
(72, 20)
-> Request 6
1307
(1, 3, 2)
1
(57, 29)
--> Day : 3
-> Request 0
23
(3, 1, 1)
1
(69, 15)
-> Request 1
93
(2, 3, 2)
1
(71, 51)
-> Request 2
100
(4, 3, 1)
2
(43, 40)
-> Request 3
339
(1, 1, 1)
3
(17, 25)
-> Request 4
524
(3, 2, 1)
2
(46, 40)
-> Request 5
578
(1, 3, 2)
2
(16, 69)
-> Request 6
581
(1, 3, 2)
2
(58, 44)
-> Request 7
876
(1, 1, 2)
3
(33, 60)
-> Request 8
1065
(4, 2, 1)
2
(4, 22)
-> Request 9
1067
(3, 2, 2)
2
(61, 73)
-> Request 10
1190
(1, 1, 2)
2
(25, 1)
-> Request 11
1237
(1, 2, 1)
1
(12, 4)
-> Request 12
1342
(3, 2, 2)
3
(53, 70)
-> Request 13
1376
(1, 2, 2)
1
(48, 59)
--> Day : 4
-> Request 0
51
(2, 1, 1)
2
(3, 60)
-> Request 1
211
(4, 1, 1)
3
(57, 73)
-> Request 2
491
(3, 1, 2)
2
(66, 19)
-> Request 3
806
(1, 3, 2)
3
(8, 28)
-> Request 4
906
(4, 3, 1)
1
(63, 4)
-> Request 5
1070
(3, 3, 2)
2
(53, 2)
-> Request 6
1363
(2, 3, 1)
2
(32, 20)
---> Week : 6
--> Day : 0
-> Request 0
63
(3, 1, 2)
1
(42, 5)
-> Request 1
465
(1, 3, 2)
1
(24, 60)
-> Request 2
569
(2, 1, 2)
2
(28, 30)
-> Request 3
581
(1, 2, 1)
2
(71, 38)
-> Request 4
646
(2, 2, 2)
3
(59, 78)
-> Request 5
854
(3, 1, 2)
3
(14, 28)
-> Request 6
983
(2, 1, 1)
2
(46, 76)
-> Request 7
1012
(1, 2, 1)
1
(47, 29)
-> Request 8
1119
(4, 3, 1)
3
(0, 35)
-> Request 9
1230
(2, 1, 2)
1
(48, 32)
-> Request 10
1277
(3, 2, 2)
2
(49, 27)
-> Request 11
1401
(3, 2, 1)
3
(9, 23)
--> Day : 1
-> Request 0
15
(3, 1, 2)
3
(73, 73)
-> Request 1
391
(1, 2, 1)
2
(60, 34)
-> Request 2
469
(2, 3, 1)
1
(52, 75)
-> Request 3
508
(4, 3, 2)
3
(48, 27)
-> Request 4
792
(3, 3, 2)
3
(12, 43)
-> Request 5
829
(2, 1, 2)
2
(56, 77)
-> Request 6
839
(3, 3, 1)
1
(17, 24)
-> Request 7
948
(1, 3, 2)
2
(59, 42)
-> Request 8
1163
(3, 3, 2)
2
(53, 46)
-> Request 9
1347
(1, 2, 2)
2
(48, 74)
-> Request 10
1406
(4, 1, 2)
2
(69, 45)
--> Day : 2
-> Request 0
373
(1, 2, 2)
3
(33, 9)
-> Request 1
375
(3, 1, 2)
1
(15, 38)
-> Request 2
768
(4, 1, 2)
2
(30, 5)
-> Request 3
787
(4, 2, 1)
2
(54, 37)
-> Request 4
875
(3, 3, 1)
2
(56, 34)
-> Request 5
1082
(2, 3, 2)
1
(0, 31)
-> Request 6
1113
(1, 3, 1)
2
(47, 46)
--> Day : 3
-> Request 0
79
(2, 1, 2)
3
(47, 36)
-> Request 1
366
(3, 3, 2)
1
(1, 11)
-> Request 2
418
(2, 2, 1)
3
(15, 22)
-> Request 3
593
(3, 2, 2)
2
(2, 45)
-> Request 4
697
(2, 3, 1)
1
(14, 28)
-> Request 5
854
(1, 2, 2)
2
(58, 78)
-> Request 6
1261
(3, 2, 2)
1
(52, 62)
-> Request 7
1291
(2, 1, 1)
3
(14, 10)
--> Day : 4
-> Request 0
44
(2, 2, 2)
1
(59, 38)
-> Request 1
57
(4, 3, 1)
1
(61, 69)
-> Request 2
71
(1, 2, 2)
1
(22, 48)
-> Request 3
123
(3, 2, 1)
3
(37, 79)
-> Request 4
188
(2, 3, 2)
3
(61, 42)
-> Request 5
410
(3, 3, 2)
3
(51, 34)
-> Request 6
474
(2, 3, 2)
3
(68, 3)
-> Request 7
507
(1, 3, 1)
2
(53, 33)
-> Request 8
525
(4, 2, 2)
1
(37, 4)
-> Request 9
568
(3, 2, 1)
1
(9, 22)
-> Request 10
656
(2, 2, 1)
2
(54, 45)
-> Request 11
661
(3, 1, 2)
1
(48, 30)
-> Request 12
1241
(3, 2, 2)
2
(68, 69)
-> Request 13
1296
(3, 1, 2)
3
(58, 77)
-> Request 14
1296
(2, 2, 2)
2
(54, 71)
---> Week : 7
--> Day : 0
-> Request 0
103
(4, 2, 1)
1
(61, 74)
-> Request 1
168
(3, 2, 2)
3
(52, 71)
-> Request 2
198
(3, 2, 1)
1
(53, 63)
-> Request 3
431
(2, 1, 1)
1
(55, 36)
-> Request 4
463
(3, 2, 2)
1
(61, 42)
-> Request 5
726
(3, 2, 1)
1
(62, 34)
-> Request 6
854
(1, 1, 2)
1
(28, 72)
-> Request 7
1154
(2, 2, 2)
1
(42, 7)
-> Request 8
1205
(3, 2, 2)
2
(41, 66)
-> Request 9
1248
(3, 1, 1)
2
(48, 27)
-> Request 10
1400
(2, 1, 2)
2
(14, 53)
--> Day : 1
-> Request 0
36
(2, 3, 2)
3
(28, 68)
-> Request 1
102
(2, 1, 2)
3
(57, 69)
-> Request 2
425
(4, 3, 1)
2
(79, 32)
-> Request 3
442
(1, 3, 1)
3
(4, 1)
-> Request 4
672
(2, 3, 1)
3
(59, 65)
-> Request 5
728
(1, 3, 2)
1
(61, 27)
-> Request 6
778
(1, 2, 1)
2
(59, 65)
-> Request 7
787
(2, 3, 2)
3
(47, 36)
-> Request 8
827
(1, 2, 1)
1
(64, 75)
-> Request 9
894
(1, 1, 2)
2
(61, 71)
-> Request 10
902
(4, 2, 2)
3
(59, 66)
-> Request 11
1063
(1, 2, 2)
3
(23, 63)
-> Request 12
1159
(4, 1, 1)
1
(50, 48)
-> Request 13
1204
(3, 1, 2)
1
(62, 67)
-> Request 14
1290
(1, 1, 1)
3
(60, 41)
-> Request 15
1333
(1, 3, 2)
3
(64, 41)
--> Day : 2
-> Request 0
346
(3, 2, 2)
2
(26, 0)
-> Request 1
388
(4, 2, 1)
3
(8, 24)
-> Request 2
544
(4, 3, 2)
3
(8, 48)
-> Request 3
624
(2, 2, 2)
3
(58, 78)
-> Request 4
687
(4, 2, 2)
3
(62, 28)
-> Request 5
791
(4, 3, 1)
2
(51, 71)
-> Request 6
848
(3, 2, 2)
2
(26, 26)
-> Request 7
920
(4, 2, 1)
1
(55, 76)
-> Request 8
1258
(4, 2, 1)
2
(66, 65)
-> Request 9
1285
(2, 3, 1)
3
(42, 9)
--> Day : 3
-> Request 0
44
(4, 3, 2)
3
(52, 47)
-> Request 1
204
(4, 3, 2)
2
(9, 27)
-> Request 2
534
(2, 3, 1)
2
(1, 8)
-> Request 3
540
(3, 1, 2)
3
(15, 72)
-> Request 4
558
(3, 3, 2)
3
(56, 32)
-> Request 5
720
(3, 2, 1)
3
(45, 52)
-> Request 6
913
(4, 1, 2)
1
(12, 24)
-> Request 7
1180
(4, 2, 2)
1
(59, 74)
--> Day : 4
-> Request 0
5
(3, 1, 1)
2
(61, 45)
-> Request 1
71
(1, 1, 1)
1
(50, 30)
-> Request 2
164
(4, 3, 2)
1
(28, 11)
-> Request 3
417
(4, 3, 2)
3
(40, 1)
-> Request 4
1103
(2, 1, 2)
2
(46, 43)
-> Request 5
1146
(2, 3, 1)
3
(53, 31)
-> Request 6
1179
(4, 3, 1)
2
(63, 5)
-> Request 7
1245
(2, 1, 1)
1
(16, 78)
---> Week : 8
--> Day : 0
-> Request 0
9
(3, 3, 1)
3
(61, 33)
-> Request 1
13
(4, 1, 2)
2
(65, 72)
-> Request 2
68
(3, 1, 2)
1
(62, 37)
-> Request 3
485
(1, 1, 2)
2
(63, 77)
-> Request 4
554
(4, 2, 2)
3
(26, 76)
-> Request 5
612
(1, 3, 2)
1
(47, 11)
-> Request 6
787
(1, 2, 1)
1
(51, 30)
-> Request 7
1426
(2, 3, 2)
1
(38, 61)
--> Day : 1
-> Request 0
8
(3, 2, 1)
3
(58, 34)
-> Request 1
12
(3, 3, 2)
3
(51, 30)
-> Request 2
479
(3, 3, 2)
3
(64, 71)
-> Request 3
489
(4, 3, 2)
1
(18, 78)
-> Request 4
610
(2, 2, 1)
1
(49, 20)
-> Request 5
648
(3, 1, 2)
2
(78, 26)
-> Request 6
739
(1, 1, 2)
2
(52, 10)
-> Request 7
880
(2, 1, 1)
2
(50, 28)
-> Request 8
1241
(4, 3, 1)
3
(61, 53)
-> Request 9
1323
(2, 1, 1)
1
(63, 64)
-> Request 10
1365
(3, 3, 2)
1
(11, 29)
-> Request 11
1383
(2, 2, 1)
3
(52, 64)
--> Day : 2
-> Request 0
114
(4, 3, 2)
2
(9, 26)
-> Request 1
183
(3, 3, 2)
1
(51, 39)
-> Request 2
267
(1, 1, 1)
2
(44, 33)
-> Request 3
431
(2, 2, 2)
3
(19, 18)
-> Request 4
780
(4, 1, 2)
1
(4, 3)
-> Request 5
799
(4, 2, 2)
3
(59, 66)
-> Request 6
865
(1, 3, 2)
1
(61, 37)
-> Request 7
901
(4, 3, 1)
1
(56, 33)
-> Request 8
952
(1, 2, 2)
3
(13, 26)
-> Request 9
962
(2, 1, 2)
2
(75, 0)
-> Request 10
1378
(3, 1, 1)
3
(10, 38)
-> Request 11
1395
(1, 3, 2)
2
(59, 34)
--> Day : 3
-> Request 0
33
(2, 1, 1)
2
(51, 40)
-> Request 1
85
(4, 1, 2)
3
(52, 64)
-> Request 2
142
(2, 3, 1)
2
(31, 54)
-> Request 3
177
(2, 3, 1)
3
(56, 78)
-> Request 4
312
(2, 1, 1)
2
(2, 55)
-> Request 5
464
(3, 2, 2)
1
(46, 38)
-> Request 6
512
(2, 3, 2)
3
(2, 18)
-> Request 7
597
(1, 1, 1)
3
(57, 68)
-> Request 8
650
(2, 3, 2)
2
(61, 72)
-> Request 9
945
(4, 1, 1)
3
(56, 67)
-> Request 10
972
(1, 2, 1)
1
(52, 77)
-> Request 11
1030
(2, 3, 1)
1
(16, 24)
-> Request 12
1098
(2, 1, 1)
3
(45, 45)
--> Day : 4
-> Request 0
128
(1, 3, 2)
2
(52, 18)
-> Request 1
276
(1, 2, 1)
3
(5, 73)
-> Request 2
411
(2, 2, 1)
3
(9, 25)
-> Request 3
438
(4, 2, 1)
2
(71, 69)
-> Request 4
853
(1, 2, 2)
1
(55, 53)
-> Request 5
874
(3, 1, 2)
3
(15, 40)
-> Request 6
948
(3, 2, 2)
1
(15, 5)
-> Request 7
990
(2, 2, 1)
2
(46, 46)
-> Request 8
1239
(3, 3, 2)
1
(64, 64)
-> Request 9
1302
(3, 3, 1)
1
(67, 3)
-> Request 10
1413
(2, 1, 1)
1
(49, 30)
---> Week : 9
--> Day : 0
-> Request 0
78
(1, 2, 2)
2
(48, 44)
-> Request 1
139
(3, 3, 2)
2
(47, 33)
-> Request 2
390
(3, 1, 1)
1
(54, 9)
-> Request 3
434
(2, 2, 1)
3
(59, 23)
-> Request 4
538
(2, 2, 1)
3
(56, 41)
-> Request 5
724
(2, 1, 1)
2
(56, 41)
-> Request 6
796
(2, 3, 2)
1
(50, 43)
-> Request 7
870
(4, 3, 1)
2
(16, 77)
-> Request 8
948
(4, 2, 2)
1
(60, 27)
-> Request 9
956
(1, 1, 1)
1
(53, 72)
-> Request 10
1431
(3, 1, 1)
3
(59, 38)
--> Day : 1
-> Request 0
98
(2, 3, 2)
2
(60, 74)
-> Request 1
104
(2, 3, 2)
1
(13, 73)
-> Request 2
211
(2, 1, 2)
3
(61, 76)
-> Request 3
267
(2, 2, 2)
2
(56, 22)
-> Request 4
391
(2, 2, 1)
3
(51, 52)
-> Request 5
540
(4, 1, 1)
2
(66, 57)
-> Request 6
540
(3, 3, 2)
1
(45, 27)
-> Request 7
597
(3, 1, 1)
2
(41, 50)
-> Request 8
927
(1, 2, 2)
2
(54, 32)
-> Request 9
975
(4, 1, 1)
3
(35, 33)
-> Request 10
1041
(4, 1, 1)
1
(10, 68)
-> Request 11
1251
(1, 1, 2)
2
(59, 76)
--> Day : 2
-> Request 0
79
(1, 3, 2)
3
(74, 52)
-> Request 1
83
(4, 2, 2)
3
(32, 77)
-> Request 2
164
(3, 1, 2)
3
(30, 41)
-> Request 3
489
(1, 2, 2)
2
(74, 4)
-> Request 4
666
(4, 1, 1)
3
(10, 24)
-> Request 5
675
(2, 3, 1)
2
(65, 6)
-> Request 6
716
(3, 3, 2)
1
(62, 34)
-> Request 7
754
(4, 3, 1)
3
(47, 33)
-> Request 8
842
(3, 3, 1)
2
(30, 54)
-> Request 9
885
(1, 2, 2)
1
(46, 43)
-> Request 10
1046
(1, 1, 1)
3
(54, 36)
-> Request 11
1187
(2, 1, 2)
1
(78, 64)
-> Request 12
1399
(3, 1, 2)
3
(22, 27)
--> Day : 3
-> Request 0
608
(3, 2, 1)
1
(62, 67)
-> Request 1
658
(4, 3, 2)
1
(52, 78)
-> Request 2
1025
(2, 2, 2)
3
(8, 19)
-> Request 3
1062
(1, 2, 2)
2
(68, 33)
-> Request 4
1068
(4, 2, 1)
3
(69, 53)
-> Request 5
1261
(1, 2, 1)
1
(48, 46)
-> Request 6
1439
(1, 3, 2)
3
(50, 28)
--> Day : 4
-> Request 0
201
(4, 2, 2)
3
(54, 66)
-> Request 1
398
(2, 2, 2)
3
(38, 76)
-> Request 2
516
(2, 3, 1)
3
(45, 44)
-> Request 3
827
(2, 3, 2)
2
(58, 38)
-> Request 4
967
(2, 1, 1)
1
(61, 70)
-> Request 5
1080
(2, 3, 2)
2
(57, 55)
-> Request 6
1332
(3, 2, 1)
2
(67, 1)
-> Request 7
1366
(1, 1, 1)
2
(47, 46)
---> Week : 10
--> Day : 0
-> Request 0
187
(3, 3, 2)
1
(39, 62)
-> Request 1
523
(2, 2, 1)
2
(27, 44)
-> Request 2
926
(3, 2, 1)
2
(17, 65)
-> Request 3
1175
(4, 1, 2)
1
(61, 29)
-> Request 4
1196
(3, 3, 2)
3
(63, 74)
-> Request 5
1417
(1, 3, 1)
3
(48, 39)
--> Day : 1
-> Request 0
31
(4, 2, 1)
1
(50, 46)
-> Request 1
138
(4, 2, 1)
3
(15, 24)
-> Request 2
374
(4, 2, 2)
2
(47, 37)
-> Request 3
409
(3, 2, 1)
1
(66, 20)
-> Request 4
438
(4, 2, 2)
3
(12, 75)
-> Request 5
619
(2, 1, 1)
2
(61, 31)
-> Request 6
687
(1, 3, 1)
3
(29, 51)
-> Request 7
1186
(1, 1, 2)
2
(62, 29)
--> Day : 2
-> Request 0
144
(4, 1, 1)
1
(51, 32)
-> Request 1
185
(1, 3, 1)
2
(66, 15)
-> Request 2
625
(3, 3, 2)
3
(50, 43)
-> Request 3
638
(3, 1, 1)
2
(65, 74)
-> Request 4
796
(2, 3, 2)
1
(43, 34)
-> Request 5
832
(3, 2, 1)
2
(50, 38)
-> Request 6
862
(2, 3, 1)
2
(56, 41)
-> Request 7
928
(4, 2, 2)
2
(61, 38)
-> Request 8
928
(2, 3, 2)
2
(8, 27)
-> Request 9
1070
(2, 3, 2)
2
(66, 27)
-> Request 10
1103
(1, 2, 2)
3
(64, 76)
-> Request 11
1113
(4, 1, 2)
1
(10, 28)
-> Request 12
1203
(3, 3, 1)
2
(54, 43)
-> Request 13
1319
(1, 1, 1)
2
(44, 39)
--> Day : 3
-> Request 0
311
(3, 1, 2)
1
(44, 23)
-> Request 1
427
(2, 1, 1)
2
(48, 60)
-> Request 2
495
(1, 1, 2)
1
(22, 51)
-> Request 3
515
(1, 3, 2)
1
(52, 38)
-> Request 4
880
(4, 1, 1)
2
(4, 47)
-> Request 5
955
(1, 3, 2)
2
(59, 53)
-> Request 6
959
(3, 2, 1)
2
(29, 15)
-> Request 7
1088
(3, 2, 2)
3
(44, 30)
-> Request 8
1191
(1, 3, 1)
2
(27, 61)
-> Request 9
1257
(1, 1, 1)
1
(56, 74)
-> Request 10
1328
(2, 2, 2)
1
(61, 34)
--> Day : 4
-> Request 0
177
(4, 2, 2)
3
(36, 75)
-> Request 1
324
(2, 1, 2)
3
(57, 38)
-> Request 2
349
(4, 1, 1)
1
(44, 50)
-> Request 3
454
(3, 3, 2)
3
(72, 4)
-> Request 4
552
(3, 1, 2)
2
(59, 34)
-> Request 5
1011
(4, 2, 2)
3
(57, 43)
-> Request 6
1390
(3, 2, 2)
2
(67, 35)
---> Week : 11
--> Day : 0
-> Request 0
121
(2, 2, 1)
2
(56, 35)
-> Request 1
130
(3, 3, 1)
3
(53, 36)
-> Request 2
755
(4, 3, 2)
1
(10, 25)
-> Request 3
855
(2, 1, 1)
3
(9, 20)
-> Request 4
1125
(2, 1, 1)
1
(56, 78)
--> Day : 1
-> Request 0
100
(2, 3, 2)
3
(47, 44)
-> Request 1
480
(1, 3, 2)
1
(51, 36)
-> Request 2
692
(2, 3, 1)
3
(31, 58)
-> Request 3
1052
(1, 1, 2)
2
(17, 24)
-> Request 4
1275
(2, 2, 2)
3
(55, 79)
--> Day : 2
-> Request 0
434
(1, 2, 1)
3
(46, 21)
-> Request 1
465
(2, 2, 2)
2
(50, 44)
-> Request 2
620
(3, 1, 1)
1
(71, 26)
-> Request 3
669
(4, 2, 2)
1
(62, 73)
-> Request 4
1190
(2, 3, 1)
1
(58, 77)
-> Request 5
1198
(3, 3, 2)
1
(64, 65)
-> Request 6
1382
(2, 1, 2)
3
(49, 32)
-> Request 7
1391
(4, 3, 1)
2
(36, 2)
--> Day : 3
-> Request 0
180
(2, 1, 2)
3
(49, 46)
-> Request 1
238
(2, 2, 1)
1
(8, 27)
-> Request 2
397
(4, 1, 1)
3
(12, 23)
-> Request 3
674
(2, 3, 1)
2
(54, 35)
-> Request 4
838
(4, 2, 2)
3
(44, 46)
-> Request 5
1248
(4, 1, 1)
1
(51, 37)
--> Day : 4
-> Request 0
108
(4, 2, 2)
3
(38, 6)
-> Request 1
694
(1, 1, 2)
1
(16, 49)
-> Request 2
752
(1, 3, 1)
3
(60, 28)
-> Request 3
977
(2, 1, 2)
1
(4, 28)
-> Request 4
1108
(4, 3, 2)
2
(45, 33)
-> Request 5
1158
(1, 2, 2)
1
(60, 37)
-> Request 6
1179
(1, 1, 1)
2
(24, 48)
-> Request 7
1182
(4, 1, 2)
1
(59, 36)
---> Week : 12
--> Day : 0
-> Request 0
234
(3, 2, 1)
1
(57, 32)
-> Request 1
430
(4, 1, 2)
2
(25, 2)
-> Request 2
577
(1, 1, 2)
3
(9, 23)
-> Request 3
719
(2, 1, 2)
2
(59, 68)
-> Request 4
981
(2, 3, 1)
1
(24, 60)
-> Request 5
1045
(4, 1, 1)
2
(6, 10)
-> Request 6
1119
(4, 2, 1)
2
(66, 78)
-> Request 7
1297
(4, 2, 2)
3
(21, 12)
-> Request 8
1306
(4, 2, 1)
1
(62, 36)
--> Day : 1
-> Request 0
196
(4, 2, 2)
3
(13, 20)
-> Request 1
226
(4, 3, 1)
2
(44, 56)
-> Request 2
320
(2, 1, 2)
1
(49, 56)
-> Request 3
354
(2, 2, 1)
2
(53, 4)
-> Request 4
453
(1, 3, 2)
1
(48, 44)
-> Request 5
547
(3, 3, 2)
2
(7, 7)
-> Request 6
683
(2, 1, 1)
1
(26, 14)
-> Request 7
735
(1, 1, 1)
2
(65, 74)
-> Request 8
1080
(1, 3, 2)
3
(62, 72)
-> Request 9
1082
(2, 2, 1)
1
(6, 37)
-> Request 10
1097
(4, 2, 1)
3
(7, 5)
-> Request 11
1295
(1, 1, 2)
2
(54, 28)
-> Request 12
1371
(4, 1, 2)
1
(65, 78)
--> Day : 2
-> Request 0
42
(1, 2, 1)
3
(53, 72)
-> Request 1
275
(1, 1, 1)
1
(29, 54)
-> Request 2
517
(2, 1, 2)
3
(57, 67)
-> Request 3
627
(1, 3, 1)
3
(18, 44)
-> Request 4
688
(2, 2, 1)
1
(45, 20)
-> Request 5
712
(4, 3, 1)
2
(61, 68)
-> Request 6
895
(1, 1, 1)
3
(69, 77)
-> Request 7
1052
(3, 2, 2)
1
(58, 78)
-> Request 8
1439
(1, 1, 1)
2
(1, 69)
--> Day : 3
-> Request 0
21
(3, 2, 1)
1
(65, 66)
-> Request 1
43
(3, 1, 2)
1
(70, 0)
-> Request 2
47
(3, 1, 1)
1
(58, 41)
-> Request 3
86
(2, 1, 2)
2
(58, 32)
-> Request 4
235
(3, 3, 2)
1
(46, 46)
-> Request 5
435
(2, 3, 2)
2
(10, 20)
-> Request 6
492
(3, 1, 2)
3
(13, 28)
-> Request 7
579
(3, 3, 1)
1
(15, 10)
-> Request 8
629
(2, 3, 2)
3
(59, 42)
-> Request 9
815
(4, 3, 2)
3
(53, 40)
-> Request 10
871
(3, 1, 1)
1
(34, 25)
--> Day : 4
-> Request 0
107
(1, 1, 2)
3
(20, 10)
-> Request 1
343
(4, 3, 2)
1
(41, 23)
-> Request 2
414
(1, 2, 1)
2
(5, 2)
-> Request 3
501
(4, 1, 2)
3
(47, 40)
-> Request 4
1036
(1, 1, 2)
3
(71, 10)
-> Request 5
1127
(3, 3, 1)
3
(22, 25)
---> Week : 13
--> Day : 0
-> Request 0
102
(1, 3, 1)
2
(59, 76)
-> Request 1
127
(3, 2, 2)
3
(21, 34)
-> Request 2
262
(1, 1, 2)
1
(22, 64)
-> Request 3
357
(2, 2, 2)
3
(16, 46)
-> Request 4
361
(4, 3, 2)
2
(71, 25)
-> Request 5
676
(4, 2, 2)
2
(55, 71)
-> Request 6
697
(1, 2, 1)
3
(53, 78)
-> Request 7
736
(3, 3, 1)
2
(28, 73)
-> Request 8
990
(1, 3, 1)
3
(58, 33)
-> Request 9
1071
(2, 1, 1)
3
(15, 78)
-> Request 10
1129
(3, 1, 2)
1
(6, 42)
-> Request 11
1273
(1, 1, 2)
2
(64, 73)
-> Request 12
1311
(2, 2, 2)
2
(1, 16)
-> Request 13
1437
(4, 3, 2)
2
(61, 77)
--> Day : 1
-> Request 0
9
(3, 1, 2)
2
(50, 45)
-> Request 1
44
(1, 2, 1)
1
(4, 67)
-> Request 2
78
(3, 2, 1)
2
(74, 47)
-> Request 3
261
(3, 3, 1)
3
(40, 49)
-> Request 4
317
(4, 1, 1)
1
(50, 30)
-> Request 5
897
(3, 3, 1)
2
(40, 56)
-> Request 6
1232
(1, 1, 2)
3
(53, 76)
-> Request 7
1234
(3, 2, 2)
3
(58, 33)
-> Request 8
1354
(4, 2, 2)
1
(2, 5)
--> Day : 2
-> Request 0
2
(3, 1, 2)
1
(5, 51)
-> Request 1
315
(4, 1, 2)
2
(28, 27)
-> Request 2
388
(1, 3, 2)
3
(32, 35)
-> Request 3
448
(1, 2, 1)
2
(74, 50)
-> Request 4
604
(3, 3, 1)
1
(49, 29)
-> Request 5
611
(4, 2, 2)
3
(57, 35)
-> Request 6
1030
(4, 1, 1)
1
(58, 31)
-> Request 7
1184
(1, 2, 1)
1
(36, 58)
-> Request 8
1375
(2, 2, 2)
3
(24, 53)
--> Day : 3
-> Request 0
125
(3, 3, 2)
1
(13, 63)
-> Request 1
200
(1, 1, 1)
2
(22, 31)
-> Request 2
886
(2, 2, 1)
1
(37, 28)
-> Request 3
917
(2, 1, 1)
2
(45, 16)
-> Request 4
1092
(2, 1, 1)
1
(58, 65)
-> Request 5
1104
(4, 1, 1)
2
(58, 5)
-> Request 6
1254
(2, 1, 1)
3
(45, 29)
-> Request 7
1315
(3, 3, 2)
2
(60, 31)
--> Day : 4
-> Request 0
28
(3, 2, 2)
3
(46, 37)
-> Request 1
150
(4, 2, 1)
3
(63, 67)
-> Request 2
306
(4, 3, 2)
3
(46, 12)
-> Request 3
611
(4, 1, 2)
3
(18, 15)
-> Request 4
758
(3, 3, 1)
3
(0, 26)
-> Request 5
1059
(4, 2, 2)
3
(8, 13)
-> Request 6
1117
(2, 1, 2)
2
(13, 79)
-> Request 7
1211
(3, 3, 1)
2
(14, 20)
-> Request 8
1374
(4, 3, 1)
3
(67, 10)
-> Request 9
1395
(4, 3, 2)
3
(56, 27)
---> Week : 14
--> Day : 0
-> Request 0
184
(3, 1, 2)
2
(26, 74)
-> Request 1
337
(3, 2, 2)
2
(58, 70)
-> Request 2
421
(3, 1, 2)
3
(77, 0)
-> Request 3
561
(1, 1, 2)
2
(55, 33)
-> Request 4
801
(3, 1, 1)
1
(50, 33)
-> Request 5
816
(1, 1, 2)
3
(10, 32)
-> Request 6
1060
(3, 3, 2)
1
(57, 41)
-> Request 7
1413
(3, 1, 1)
1
(55, 30)
--> Day : 1
-> Request 0
50
(1, 2, 1)
3
(63, 58)
-> Request 1
73
(4, 3, 2)
3
(56, 28)
-> Request 2
77
(1, 2, 1)
1
(33, 69)
-> Request 3
301
(1, 2, 1)
3
(60, 8)
-> Request 4
390
(2, 2, 2)
1
(52, 36)
-> Request 5
493
(1, 2, 1)
1
(36, 70)
-> Request 6
500
(4, 3, 1)
1
(27, 79)
-> Request 7
651
(4, 2, 1)
1
(44, 42)
-> Request 8
1067
(3, 1, 1)
1
(72, 3)
-> Request 9
1292
(1, 1, 2)
2
(59, 16)
-> Request 10
1294
(4, 2, 1)
3
(3, 69)
-> Request 11
1383
(2, 3, 1)
1
(29, 38)
--> Day : 2
-> Request 0
59
(3, 2, 1)
2
(5, 17)
-> Request 1
61
(3, 1, 2)
3
(45, 4)
-> Request 2
191
(3, 2, 1)
2
(47, 45)
-> Request 3
295
(2, 1, 1)
1
(61, 45)
-> Request 4
330
(1, 1, 1)
2
(53, 40)
-> Request 5
380
(2, 1, 1)
1
(51, 74)
-> Request 6
494
(4, 1, 1)
1
(54, 67)
-> Request 7
779
(4, 2, 1)
3
(52, 76)
-> Request 8
1343
(3, 2, 1)
2
(2, 77)
-> Request 9
1406
(2, 3, 1)
2
(27, 7)
-> Request 10
1413
(1, 3, 1)
2
(36, 62)
-> Request 11
1433
(1, 2, 1)
1
(32, 59)
--> Day : 3
-> Request 0
180
(3, 2, 2)
3
(55, 73)
-> Request 1
247
(4, 1, 1)
1
(55, 32)
-> Request 2
287
(3, 2, 2)
1
(55, 65)
-> Request 3
497
(4, 2, 2)
1
(33, 23)
-> Request 4
540
(2, 1, 1)
3
(43, 30)
-> Request 5
668
(3, 1, 2)
3
(65, 41)
-> Request 6
1048
(3, 3, 1)
2
(76, 68)
-> Request 7
1431
(4, 3, 2)
2
(55, 40)
--> Day : 4
-> Request 0
403
(1, 1, 2)
1
(55, 74)
-> Request 1
695
(2, 3, 1)
3
(55, 17)
-> Request 2
954
(4, 1, 2)
2
(26, 72)
-> Request 3
996
(4, 2, 2)
2
(61, 70)
-> Request 4
1011
(1, 2, 1)
2
(63, 65)
-> Request 5
1171
(1, 2, 1)
1
(43, 30)
-> Request 6
1378
(1, 3, 1)
1
(11, 32)
-> Request 7
1388
(4, 3, 2)
1
(58, 47)
-> Request 8
1409
(1, 1, 1)
3
(59, 45)
---> Week : 15
--> Day : 0
-> Request 0
133
(2, 1, 1)
2
(6, 53)
-> Request 1
200
(2, 3, 1)
1
(8, 28)
-> Request 2
208
(1, 1, 2)
1
(62, 69)
-> Request 3
391
(3, 3, 2)
3
(55, 29)
-> Request 4
525
(3, 2, 2)
3
(8, 21)
-> Request 5
716
(3, 2, 1)
3
(46, 41)
-> Request 6
753
(4, 3, 2)
1
(47, 12)
-> Request 7
860
(2, 2, 2)
1
(46, 41)
-> Request 8
945
(4, 1, 1)
1
(63, 73)
-> Request 9
952
(1, 2, 1)
2
(58, 7)
-> Request 10
956
(1, 2, 1)
1
(50, 46)
-> Request 11
982
(4, 2, 2)
3
(58, 45)
-> Request 12
1051
(2, 1, 1)
2
(53, 58)
--> Day : 1
-> Request 0
24
(1, 3, 2)
2
(20, 41)
-> Request 1
44
(3, 1, 2)
2
(53, 29)
-> Request 2
565
(3, 3, 2)
3
(66, 64)
-> Request 3
604
(2, 1, 1)
1
(46, 44)
-> Request 4
801
(1, 2, 2)
3
(45, 42)
-> Request 5
962
(1, 2, 1)
3
(54, 44)
-> Request 6
979
(1, 3, 1)
2
(59, 70)
-> Request 7
1240
(2, 2, 1)
1
(63, 65)
--> Day : 2
-> Request 0
248
(1, 3, 2)
1
(9, 25)
-> Request 1
408
(2, 3, 2)
3
(3, 24)
-> Request 2
994
(1, 1, 1)
3
(63, 15)
-> Request 3
1044
(1, 2, 1)
2
(53, 67)
-> Request 4
1061
(4, 2, 2)
2
(45, 39)
-> Request 5
1268
(1, 1, 2)
2
(62, 36)
-> Request 6
1340
(2, 2, 2)
2
(27, 32)
-> Request 7
1354
(1, 1, 2)
1
(49, 43)
--> Day : 3
-> Request 0
130
(2, 2, 2)
3
(37, 11)
-> Request 1
599
(3, 3, 2)
3
(69, 0)
-> Request 2
757
(2, 1, 1)
2
(58, 69)
-> Request 3
1286
(3, 2, 2)
3
(54, 6)
-> Request 4
1345
(3, 2, 1)
3
(17, 26)
--> Day : 4
-> Request 0
375
(4, 3, 2)
1
(69, 27)
-> Request 1
846
(3, 3, 2)
1
(61, 61)
-> Request 2
909
(4, 3, 1)
2
(14, 25)
-> Request 3
1053
(4, 1, 1)
1
(47, 30)
-> Request 4
1207
(1, 3, 2)
1
(7, 48)
-> Request 5
1241
(4, 2, 2)
3
(26, 39)
-> Request 6
1373
(1, 1, 2)
1
(29, 20)
---> Week : 16
--> Day : 0
-> Request 0
242
(3, 3, 2)
3
(56, 4)
-> Request 1
351
(3, 2, 2)
2
(70, 60)
-> Request 2
369
(3, 1, 1)
3
(47, 11)
-> Request 3
834
(3, 3, 1)
3
(61, 45)
-> Request 4
928
(1, 3, 2)
1
(15, 25)
-> Request 5
948
(2, 3, 1)
2
(43, 56)
--> Day : 1
-> Request 0
323
(2, 2, 1)
1
(12, 26)
-> Request 1
373
(2, 1, 2)
2
(37, 33)
-> Request 2
410
(2, 2, 1)
1
(61, 32)
-> Request 3
502
(3, 2, 1)
2
(17, 21)
-> Request 4
578
(3, 3, 1)
1
(62, 7)
-> Request 5
660
(1, 2, 1)
2
(60, 74)
-> Request 6
779
(1, 3, 2)
3
(32, 47)
-> Request 7
1040
(2, 3, 1)
3
(69, 12)
-> Request 8
1187
(2, 3, 1)
2
(61, 36)
-> Request 9
1282
(2, 2, 2)
1
(48, 13)
--> Day : 2
-> Request 0
201
(4, 2, 1)
3
(34, 0)
-> Request 1
241
(2, 2, 2)
1
(53, 52)
-> Request 2
447
(1, 2, 2)
3
(79, 47)
-> Request 3
515
(4, 2, 2)
3
(58, 35)
-> Request 4
521
(1, 3, 1)
1
(2, 58)
-> Request 5
636
(2, 3, 2)
2
(54, 42)
-> Request 6
943
(4, 3, 2)
3
(71, 75)
-> Request 7
1325
(1, 1, 2)
2
(15, 0)
-> Request 8
1343
(4, 2, 2)
1
(66, 78)
--> Day : 3
-> Request 0
122
(3, 2, 2)
1
(57, 34)
-> Request 1
157
(3, 3, 1)
2
(72, 40)
-> Request 2
234
(3, 1, 1)
2
(17, 25)
-> Request 3
373
(4, 2, 1)
3
(16, 60)
-> Request 4
384
(4, 2, 1)
3
(78, 34)
-> Request 5
408
(2, 2, 2)
2
(47, 72)
-> Request 6
421
(1, 3, 2)
1
(56, 31)
-> Request 7
475
(1, 1, 1)
1
(52, 72)
-> Request 8
692
(2, 1, 2)
1
(55, 77)
-> Request 9
1075
(4, 1, 2)
2
(54, 17)
-> Request 10
1132
(3, 1, 1)
3
(56, 45)
-> Request 11
1437
(3, 3, 2)
1
(55, 17)
--> Day : 4
-> Request 0
37
(1, 1, 1)
2
(43, 34)
-> Request 1
231
(2, 1, 2)
1
(17, 79)
-> Request 2
312
(1, 2, 2)
1
(71, 26)
-> Request 3
421
(1, 1, 2)
3
(53, 43)
-> Request 4
516
(2, 2, 1)
2
(53, 44)
-> Request 5
561
(3, 2, 2)
3
(13, 24)
-> Request 6
626
(4, 2, 1)
2
(11, 70)
-> Request 7
747
(2, 3, 1)
2
(65, 74)
-> Request 8
847
(1, 1, 1)
1
(18, 29)
-> Request 9
906
(3, 2, 1)
2
(60, 72)
-> Request 10
1042
(2, 3, 2)
1
(55, 27)
-> Request 11
1044
(2, 2, 2)
1
(45, 29)
-> Request 12
1253
(1, 3, 1)
2
(53, 34)
---> Week : 17
--> Day : 0
-> Request 0
122
(1, 2, 2)
3
(20, 10)
-> Request 1
350
(4, 2, 1)
2
(2, 51)
-> Request 2
785
(2, 1, 1)
3
(31, 14)
-> Request 3
1027
(3, 1, 2)
3
(29, 26)
-> Request 4
1052
(4, 2, 2)
3
(62, 42)
-> Request 5
1070
(4, 2, 1)
3
(14, 52)
-> Request 6
1133
(4, 1, 1)
3
(27, 17)
-> Request 7
1229
(4, 2, 2)
2
(5, 21)
-> Request 8
1250
(4, 2, 2)
1
(65, 73)
-> Request 9
1323
(2, 2, 2)
1
(24, 20)
--> Day : 1
-> Request 0
40
(2, 3, 2)
2
(57, 43)
-> Request 1
100
(1, 1, 2)
1
(66, 9)
-> Request 2
133
(1, 3, 1)
2
(8, 5)
-> Request 3
199
(3, 1, 2)
2
(57, 37)
-> Request 4
226
(2, 3, 2)
3
(53, 70)
-> Request 5
302
(3, 3, 1)
2
(71, 7)
-> Request 6
327
(4, 2, 2)
1
(60, 30)
-> Request 7
544
(4, 3, 1)
2
(62, 72)
-> Request 8
706
(3, 2, 2)
1
(10, 23)
-> Request 9
715
(4, 2, 2)
1
(42, 22)
-> Request 10
737
(4, 2, 1)
2
(71, 77)
-> Request 11
1210
(1, 1, 2)
2
(55, 27)
-> Request 12
1369
(2, 1, 2)
3
(46, 58)
-> Request 13
1397
(2, 3, 1)
2
(54, 39)
--> Day : 2
-> Request 0
272
(1, 3, 2)
1
(9, 23)
-> Request 1
645
(3, 3, 1)
1
(50, 33)
-> Request 2
712
(1, 3, 2)
3
(5, 34)
-> Request 3
901
(4, 3, 2)
3
(44, 45)
--> Day : 3
-> Request 0
113
(4, 2, 1)
1
(57, 71)
-> Request 1
279
(3, 2, 2)
3
(40, 31)
-> Request 2
788
(2, 3, 2)
2
(44, 64)
-> Request 3
807
(2, 2, 2)
1
(78, 52)
-> Request 4
890
(2, 3, 1)
1
(17, 17)
-> Request 5
1198
(3, 1, 1)
2
(58, 71)
-> Request 6
1426
(1, 2, 1)
2
(62, 18)
--> Day : 4
-> Request 0
21
(2, 2, 2)
2
(10, 37)
-> Request 1
94
(3, 1, 1)
2
(31, 32)
-> Request 2
253
(4, 2, 1)
2
(61, 38)
-> Request 3
289
(4, 1, 2)
1
(0, 70)
-> Request 4
303
(4, 2, 2)
3
(45, 73)
-> Request 5
550
(1, 3, 2)
2
(73, 22)
-> Request 6
799
(2, 3, 2)
1
(62, 76)
-> Request 7
1033
(4, 3, 2)
2
(62, 41)
-> Request 8
1161
(3, 2, 2)
2
(46, 65)
-> Request 9
1258
(1, 3, 1)
2
(78, 59)
-> Request 10
1315
(1, 1, 1)
1
(14, 23)
-> Request 11
1409
(4, 2, 1)
2
(31, 39)
---> Week : 18
--> Day : 0
-> Request 0
60
(2, 2, 2)
1
(56, 76)
-> Request 1
302
(3, 2, 1)
3
(4, 70)
-> Request 2
358
(3, 2, 1)
1
(56, 28)
-> Request 3
364
(2, 2, 2)
3
(45, 29)
-> Request 4
440
(3, 2, 1)
2
(8, 26)
-> Request 5
468
(3, 1, 1)
2
(59, 57)
-> Request 6
580
(4, 3, 1)
3
(67, 16)
-> Request 7
817
(1, 3, 2)
2
(52, 37)
-> Request 8
1009
(2, 3, 1)
3
(53, 68)
-> Request 9
1024
(1, 3, 2)
1
(47, 33)
-> Request 10
1079
(4, 2, 1)
2
(17, 75)
-> Request 11
1141
(4, 2, 2)
3
(34, 30)
--> Day : 1
-> Request 0
32
(2, 1, 1)
1
(50, 37)
-> Request 1
55
(4, 1, 1)
1
(43, 45)
-> Request 2
301
(2, 2, 2)
2
(27, 39)
-> Request 3
1160
(1, 3, 1)
3
(2, 71)
-> Request 4
1205
(2, 2, 2)
2
(55, 28)
-> Request 5
1245
(4, 1, 1)
2
(54, 28)
-> Request 6
1327
(2, 2, 1)
3
(56, 67)
--> Day : 2
-> Request 0
1
(3, 3, 1)
2
(51, 17)
-> Request 1
59
(3, 2, 2)
2
(16, 26)
-> Request 2
124
(3, 1, 1)
1
(69, 64)
-> Request 3
152
(1, 2, 1)
1
(57, 69)
-> Request 4
223
(1, 2, 2)
2
(53, 58)
-> Request 5
323
(1, 2, 2)
3
(3, 60)
-> Request 6
391
(4, 1, 2)
3
(30, 32)
-> Request 7
576
(1, 2, 1)
2
(10, 26)
-> Request 8
599
(1, 3, 1)
3
(62, 33)
-> Request 9
739
(4, 1, 1)
3
(66, 24)
-> Request 10
741
(4, 3, 1)
2
(71, 69)
-> Request 11
890
(4, 3, 1)
3
(53, 45)
-> Request 12
907
(1, 1, 1)
3
(77, 39)
-> Request 13
1008
(2, 2, 2)
2
(39, 5)
-> Request 14
1099
(4, 3, 2)
2
(60, 20)
--> Day : 3
-> Request 0
320
(2, 2, 2)
3
(14, 64)
-> Request 1
431
(4, 3, 2)
3
(44, 42)
-> Request 2
435
(4, 2, 1)
2
(64, 77)
-> Request 3
794
(1, 2, 2)
1
(65, 69)
-> Request 4
858
(3, 2, 2)
3
(48, 42)
-> Request 5
1175
(2, 1, 1)
1
(55, 73)
-> Request 6
1361
(1, 1, 1)
3
(14, 22)
--> Day : 4
-> Request 0
86
(1, 1, 1)
1
(54, 46)
-> Request 1
208
(3, 3, 1)
2
(29, 11)
-> Request 2
320
(3, 3, 2)
1
(57, 67)
-> Request 3
401
(1, 2, 2)
2
(45, 54)
-> Request 4
597
(3, 3, 1)
3
(55, 30)
-> Request 5
756
(4, 2, 2)
2
(47, 41)
-> Request 6
882
(2, 1, 1)
3
(8, 28)
-> Request 7
963
(2, 2, 2)
1
(30, 30)
-> Request 8
973
(1, 3, 1)
1
(66, 72)
-> Request 9
999
(1, 2, 2)
3
(53, 65)
-> Request 10
1051
(2, 2, 2)
2
(47, 53)
-> Request 11
1098
(3, 3, 2)
1
(48, 41)
-> Request 12
1098
(4, 2, 2)
1
(57, 35)
-> Request 13
1287
(1, 3, 1)
1
(38, 55)
---> Week : 19
--> Day : 0
-> Request 0
64
(1, 1, 1)
2
(52, 69)
-> Request 1
76
(2, 1, 2)
3
(60, 41)
-> Request 2
150
(2, 1, 2)
2
(60, 56)
-> Request 3
236
(4, 2, 2)
1
(48, 36)
-> Request 4
1113
(1, 1, 1)
1
(56, 75)
-> Request 5
1177
(1, 2, 2)
2
(20, 25)
-> Request 6
1184
(3, 1, 1)
3
(64, 66)
-> Request 7
1272
(2, 2, 1)
3
(10, 23)
--> Day : 1
-> Request 0
26
(3, 2, 2)
3
(62, 10)
-> Request 1
57
(2, 1, 2)
3
(52, 76)
-> Request 2
95
(3, 1, 2)
2
(79, 40)
-> Request 3
282
(2, 3, 2)
1
(44, 42)
-> Request 4
408
(3, 2, 2)
2
(27, 1)
-> Request 5
516
(1, 3, 1)
1
(55, 38)
-> Request 6
552
(3, 1, 2)
1
(51, 27)
-> Request 7
572
(1, 3, 2)
3
(61, 42)
-> Request 8
636
(4, 1, 1)
1
(29, 0)
-> Request 9
1014
(1, 1, 1)
1
(53, 37)
-> Request 10
1068
(4, 2, 1)
1
(57, 77)
-> Request 11
1126
(4, 2, 1)
2
(49, 55)
-> Request 12
1201
(1, 1, 1)
3
(64, 44)
-> Request 13
1437
(1, 1, 2)
1
(54, 51)
--> Day : 2
-> Request 0
125
(4, 1, 2)
2
(24, 9)
-> Request 1
176
(1, 2, 1)
3
(68, 23)
-> Request 2
311
(2, 2, 1)
2
(28, 13)
-> Request 3
555
(1, 3, 1)
1
(55, 66)
-> Request 4
1279
(3, 2, 2)
2
(17, 29)
-> Request 5
1305
(4, 3, 1)
2
(55, 34)
-> Request 6
1360
(4, 1, 1)
2
(43, 29)
-> Request 7
1399
(3, 2, 1)
2
(39, 16)
--> Day : 3
-> Request 0
47
(4, 1, 1)
1
(11, 4)
-> Request 1
174
(4, 2, 2)
1
(55, 40)
-> Request 2
252
(4, 1, 1)
2
(49, 30)
-> Request 3
454
(1, 3, 2)
1
(67, 73)
-> Request 4
533
(4, 1, 1)
3
(50, 31)
-> Request 5
551
(4, 2, 1)
1
(44, 15)
-> Request 6
648
(4, 1, 2)
3
(54, 12)
-> Request 7
680
(2, 3, 1)
1
(57, 65)
-> Request 8
740
(3, 1, 2)
1
(44, 30)
-> Request 9
830
(2, 1, 2)
3
(11, 26)
-> Request 10
1128
(4, 2, 1)
3
(43, 39)
-> Request 11
1167
(1, 1, 1)
2
(60, 70)
--> Day : 4
-> Request 0
70
(3, 1, 1)
3
(55, 35)
-> Request 1
182
(3, 3, 2)
2
(44, 43)
-> Request 2
251
(2, 3, 2)
1
(58, 27)
-> Request 3
447
(2, 2, 1)
3
(23, 53)
-> Request 4
469
(3, 3, 2)
3
(34, 20)
-> Request 5
569
(4, 3, 2)
1
(63, 36)
-> Request 6
875
(4, 1, 2)
2
(55, 35)
-> Request 7
950
(1, 3, 1)
3
(50, 46)
-> Request 8
1017
(4, 3, 2)
2
(10, 27)
-> Request 9
1200
(3, 3, 1)
1
(53, 71)
-> Request 10
1334
(3, 2, 2)
3
(78, 68)
-> Request 11
1439
(1, 1, 2)
1
(42, 12)
