---> Week : 0
--> Day : 0
-> Request 0
161
(1, 3, 2)
2
(51, 29)
-> Request 1
346
(1, 1, 1)
1
(61, 46)
-> Request 2
398
(1, 3, 2)
2
(31, 47)
-> Request 3
398
(2, 1, 2)
3
(56, 39)
-> Request 4
489
(4, 2, 2)
3
(16, 70)
-> Request 5
518
(1, 1, 1)
1
(45, 46)
-> Request 6
552
(1, 2, 1)
3
(37, 76)
-> Request 7
962
(3, 3, 2)
3
(51, 37)
-> Request 8
1041
(2, 3, 2)
1
(57, 27)
-> Request 9
1259
(3, 3, 2)
1
(60, 32)
--> Day : 1
-> Request 0
134
(1, 2, 2)
2
(32, 4)
-> Request 1
423
(4, 1, 2)
3
(1, 29)
-> Request 2
433
(3, 3, 2)
1
(49, 43)
-> Request 3
446
(1, 2, 1)
3
(16, 79)
-> Request 4
474
(2, 1, 1)
1
(66, 2)
-> Request 5
653
(2, 1, 2)
2
(6, 62)
-> Request 6
782
(3, 2, 1)
3
(65, 13)
-> Request 7
851
(3, 3, 1)
1
(62, 46)
-> Request 8
1019
(3, 1, 1)
2
(1, 27)
-> Request 9
1411
(2, 2, 2)
2
(59, 37)
--> Day : 2
-> Request 0
144
(2, 2, 2)
1
(5, 30)
-> Request 1
159
(3, 3, 2)
1
(1, 52)
-> Request 2
542
(4, 2, 1)
2
(76, 49)
-> Request 3
570
(2, 3, 2)
2
(43, 41)
-> Request 4
740
(3, 3, 2)
2
(48, 33)
-> Request 5
762
(3, 3, 2)
2
(49, 33)
-> Request 6
791
(1, 3, 1)
1
(1, 1)
-> Request 7
1104
(1, 2, 1)
1
(51, 35)
-> Request 8
1182
(2, 3, 1)
3
(57, 70)
-> Request 9
1192
(1, 1, 2)
3
(11, 25)
-> Request 10
1195
(4, 3, 2)
1
(9, 58)
-> Request 11
1273
(1, 2, 2)
3
(62, 46)
--> Day : 3
-> Request 0
142
(2, 1, 1)
2
(10, 0)
-> Request 1
152
(2, 2, 1)
1
(62, 73)
-> Request 2
419
(3, 1, 1)
1
(61, 60)
-> Request 3
572
(1, 3, 2)
2
(58, 5)
-> Request 4
665
(2, 2, 1)
2
(55, 64)
-> Request 5
970
(4, 3, 2)
2
(38, 45)
-> Request 6
1090
(1, 1, 2)
3
(44, 77)
-> Request 7
1141
(2, 3, 1)
3
(57, 70)
-> Request 8
1196
(2, 2, 1)
2
(46, 35)
--> Day : 4
-> Request 0
15
(3, 3, 1)
3
(74, 57)
-> Request 1
237
(2, 2, 1)
2
(45, 13)
-> Request 2
268
(3, 3, 1)
3
(44, 53)
-> Request 3
441
(3, 2, 2)
3
(45, 42)
-> Request 4
576
(1, 3, 1)
2
(18, 58)
-> Request 5
629
(2, 3, 2)
1
(46, 34)
-> Request 6
681
(2, 2, 1)
1
(11, 22)
-> Request 7
981
(1, 3, 1)
3
(3, 27)
-> Request 8
1329
(2, 2, 2)
1
(41, 73)
-> Request 9
1428
(1, 2, 1)
1
(1, 17)
---> Week : 1
--> Day : 0
-> Request 0
258
(4, 3, 1)
2
(10, 42)
-> Request 1
356
(3, 1, 2)
3
(53, 42)
-> Request 2
443
(3, 1, 2)
3
(73, 13)
-> Request 3
580
(1, 3, 2)
3
(9, 28)
-> Request 4
597
(1, 3, 2)
2
(8, 54)
-> Request 5
788
(1, 1, 1)
2
(58, 73)
-> Request 6
791
(1, 1, 2)
1
(45, 42)
-> Request 7
801
(1, 2, 1)
3
(52, 75)
-> Request 8
829
(1, 3, 1)
1
(61, 74)
-> Request 9
914
(2, 3, 1)
2
(65, 76)
-> Request 10
1119
(3, 1, 2)
2
(57, 46)
-> Request 11
1155
(2, 2, 1)
1
(58, 73)
-> Request 12
1214
(3, 3, 2)
2
(11, 20)
-> Request 13
1256
(4, 1, 2)
2
(57, 25)
-> Request 14
1337
(1, 3, 1)
1
(57, 29)
-> Request 15
1368
(2, 3, 1)
1
(69, 48)
-> Request 16
1417
(3, 1, 2)
1
(27, 34)
--> Day : 1
-> Request 0
352
(2, 1, 1)
1
(16, 15)
-> Request 1
519
(2, 1, 1)
2
(61, 37)
-> Request 2
519
(3, 1, 1)
2
(14, 21)
-> Request 3
652
(1, 2, 1)
1
(43, 29)
-> Request 4
674
(4, 1, 1)
1
(36, 14)
-> Request 5
707
(3, 3, 2)
2
(61, 62)
-> Request 6
882
(4, 1, 2)
2
(62, 39)
-> Request 7
995
(1, 1, 2)
2
(30, 63)
-> Request 8
1011
(3, 1, 2)
1
(45, 42)
-> Request 9
1068
(3, 2, 1)
1
(58, 69)
-> Request 10
1418
(2, 2, 2)
3
(74, 47)
--> Day : 2
-> Request 0
26
(3, 1, 1)
3
(59, 28)
-> Request 1
361
(1, 1, 2)
3
(28, 71)
-> Request 2
414
(4, 2, 1)
1
(25, 59)
-> Request 3
503
(3, 1, 2)
1
(55, 64)
-> Request 4
620
(2, 2, 1)
3
(69, 70)
-> Request 5
633
(1, 2, 2)
2
(18, 66)
-> Request 6
706
(2, 2, 2)
3
(43, 41)
-> Request 7
720
(2, 2, 2)
2
(63, 69)
-> Request 8
721
(2, 1, 1)
2
(6, 62)
-> Request 9
736
(2, 3, 2)
2
(57, 75)
-> Request 10
755
(2, 1, 1)
1
(56, 68)
-> Request 11
870
(1, 2, 2)
3
(35, 1)
-> Request 12
1104
(1, 2, 1)
1
(55, 31)
-> Request 13
1213
(1, 3, 2)
1
(60, 70)
-> Request 14
1263
(2, 1, 1)
3
(19, 4)
-> Request 15
1372
(1, 1, 1)
1
(1, 57)
--> Day : 3
-> Request 0
526
(4, 3, 2)
1
(53, 76)
-> Request 1
653
(4, 1, 1)
1
(16, 25)
-> Request 2
705
(4, 3, 1)
3
(8, 22)
-> Request 3
933
(1, 3, 1)
3
(45, 34)
-> Request 4
1038
(4, 1, 2)
1
(59, 0)
--> Day : 4
-> Request 0
35
(4, 3, 2)
3
(58, 76)
-> Request 1
216
(3, 2, 2)
2
(48, 34)
-> Request 2
328
(1, 2, 2)
2
(11, 27)
-> Request 3
453
(2, 3, 2)
1
(18, 49)
-> Request 4
503
(2, 2, 1)
2
(52, 36)
-> Request 5
540
(3, 3, 1)
3
(66, 69)
-> Request 6
927
(3, 2, 1)
1
(55, 5)
-> Request 7
1067
(3, 3, 2)
1
(48, 68)
-> Request 8
1096
(4, 2, 1)
3
(44, 31)
-> Request 9
1109
(1, 2, 2)
3
(65, 71)
-> Request 10
1262
(4, 2, 2)
2
(2, 37)
-> Request 11
1302
(4, 1, 2)
3
(57, 31)
---> Week : 2
--> Day : 0
-> Request 0
105
(1, 2, 1)
1
(34, 47)
-> Request 1
251
(1, 1, 2)
3
(17, 27)
-> Request 2
352
(3, 2, 1)
1
(57, 43)
-> Request 3
356
(3, 2, 1)
2
(48, 41)
-> Request 4
364
(1, 3, 2)
3
(61, 42)
-> Request 5
701
(4, 1, 2)
1
(43, 26)
-> Request 6
1024
(1, 1, 1)
3
(44, 72)
-> Request 7
1365
(4, 3, 1)
2
(12, 15)
--> Day : 1
-> Request 0
79
(1, 3, 2)
3
(73, 4)
-> Request 1
136
(1, 3, 2)
1
(43, 38)
-> Request 2
204
(3, 3, 2)
1
(11, 29)
-> Request 3
275
(1, 3, 1)
2
(49, 30)
-> Request 4
275
(4, 2, 2)
2
(77, 17)
-> Request 5
512
(2, 2, 2)
2
(34, 44)
-> Request 6
592
(2, 3, 2)
3
(7, 12)
-> Request 7
683
(3, 3, 2)
1
(13, 79)
-> Request 8
1043
(3, 1, 2)
2
(54, 45)
-> Request 9
1077
(3, 1, 1)
2
(39, 54)
-> Request 10
1175
(1, 1, 1)
2
(47, 31)
-> Request 11
1382
(3, 2, 1)
1
(43, 30)
--> Day : 2
-> Request 0
166
(2, 2, 1)
2
(15, 13)
-> Request 1
169
(2, 1, 1)
1
(54, 45)
-> Request 2
425
(3, 3, 2)
1
(2, 12)
-> Request 3
719
(1, 1, 2)
3
(26, 36)
-> Request 4
954
(3, 1, 1)
2
(69, 42)
-> Request 5
1081
(3, 3, 2)
2
(55, 10)
-> Request 6
1097
(2, 1, 1)
2
(59, 45)
-> Request 7
1378
(3, 1, 2)
1
(32, 29)
-> Request 8
1404
(4, 2, 1)
2
(25, 34)
--> Day : 3
-> Request 0
7
(1, 2, 2)
1
(58, 46)
-> Request 1
20
(3, 3, 2)
3
(62, 43)
-> Request 2
330
(2, 2, 2)
2
(3, 62)
-> Request 3
654
(3, 1, 1)
2
(46, 53)
-> Request 4
846
(3, 1, 2)
3
(8, 56)
-> Request 5
847
(3, 3, 2)
3
(4, 76)
--> Day : 4
-> Request 0
96
(3, 1, 2)
1
(31, 16)
-> Request 1
232
(4, 3, 1)
2
(15, 26)
-> Request 2
348
(1, 2, 1)
3
(1, 63)
-> Request 3
494
(3, 2, 1)
1
(8, 72)
-> Request 4
695
(1, 1, 1)
3
(52, 76)
-> Request 5
713
(2, 1, 2)
2
(41, 71)
-> Request 6
1122
(4, 3, 2)
3
(57, 41)
-> Request 7
1183
(4, 1, 2)
1
(45, 33)
-> Request 8
1242
(3, 3, 1)
3
(66, 66)
-> Request 9
1361
(1, 3, 1)
2
(50, 62)
-> Request 10
1417
(2, 2, 2)
3
(30, 21)
---> Week : 3
--> Day : 0
-> Request 0
330
(3, 2, 1)
2
(57, 30)
-> Request 1
419
(2, 3, 1)
3
(74, 0)
-> Request 2
896
(3, 1, 2)
2
(62, 39)
-> Request 3
1095
(3, 1, 2)
2
(13, 46)
-> Request 4
1428
(3, 2, 1)
2
(62, 74)
--> Day : 1
-> Request 0
51
(2, 1, 1)
2
(51, 21)
-> Request 1
70
(4, 3, 2)
1
(58, 77)
-> Request 2
619
(3, 3, 2)
3
(58, 29)
-> Request 3
847
(3, 3, 2)
2
(41, 22)
-> Request 4
870
(2, 2, 1)
1
(17, 22)
-> Request 5
924
(2, 2, 1)
2
(54, 9)
-> Request 6
1065
(3, 2, 1)
1
(43, 13)
-> Request 7
1162
(2, 3, 1)
1
(39, 23)
-> Request 8
1352
(3, 3, 1)
1
(49, 27)
-> Request 9
1369
(1, 2, 2)
1
(78, 14)
--> Day : 2
-> Request 0
20
(1, 1, 2)
1
(54, 33)
-> Request 1
25
(2, 2, 1)
2
(51, 56)
-> Request 2
69
(1, 3, 2)
2
(56, 46)
-> Request 3
131
(2, 2, 1)
3
(28, 46)
-> Request 4
279
(1, 3, 1)
2
(64, 64)
-> Request 5
592
(3, 3, 2)
1
(53, 28)
-> Request 6
678
(2, 3, 1)
3
(47, 44)
-> Request 7
688
(2, 2, 1)
2
(41, 16)
-> Request 8
688
(1, 3, 1)
2
(16, 26)
-> Request 9
711
(2, 1, 1)
3
(62, 28)
-> Request 10
732
(4, 3, 2)
2
(1, 25)
-> Request 11
795
(1, 2, 2)
2
(56, 70)
-> Request 12
832
(2, 2, 2)
3
(58, 37)
-> Request 13
838
(2, 1, 1)
1
(66, 78)
-> Request 14
1084
(4, 1, 1)
1
(66, 66)
-> Request 15
1360
(2, 2, 1)
2
(33, 70)
--> Day : 3
-> Request 0
1
(2, 2, 1)
3
(9, 29)
-> Request 1
146
(4, 2, 2)
1
(46, 34)
-> Request 2
698
(2, 1, 1)
3
(25, 15)
-> Request 3
822
(3, 1, 2)
2
(13, 26)
-> Request 4
823
(4, 2, 2)
1
(17, 34)
-> Request 5
879
(1, 3, 2)
3
(54, 28)
-> Request 6
886
(3, 3, 2)
2
(4, 36)
-> Request 7
911
(2, 1, 2)
1
(4, 37)
-> Request 8
995
(3, 2, 1)
2
(59, 15)
-> Request 9
1373
(4, 3, 2)
1
(49, 44)
--> Day : 4
-> Request 0
1
(4, 1, 2)
3
(57, 64)
-> Request 1
9
(4, 1, 2)
2
(62, 30)
-> Request 2
177
(3, 3, 1)
1
(30, 77)
-> Request 3
282
(4, 2, 2)
1
(53, 40)
-> Request 4
328
(1, 1, 1)
2
(8, 16)
-> Request 5
447
(3, 1, 1)
1
(59, 79)
-> Request 6
464
(4, 3, 2)
3
(48, 32)
-> Request 7
519
(4, 2, 1)
2
(65, 78)
-> Request 8
543
(2, 2, 1)
2
(35, 1)
-> Request 9
546
(3, 3, 2)
3
(63, 74)
-> Request 10
721
(2, 2, 2)
2
(55, 52)
-> Request 11
993
(2, 1, 2)
3
(18, 43)
-> Request 12
1093
(3, 3, 1)
1
(57, 79)
-> Request 13
1221
(3, 1, 1)
1
(43, 39)
---> Week : 4
--> Day : 0
-> Request 0
31
(3, 2, 2)
3
(54, 33)
-> Request 1
1000
(2, 3, 2)
2
(48, 31)
-> Request 2
1143
(1, 3, 1)
2
(22, 62)
-> Request 3
1165
(1, 1, 2)
2
(57, 19)
--> Day : 1
-> Request 0
24
(4, 1, 1)
2
(46, 44)
-> Request 1
64
(1, 2, 2)
3
(10, 56)
-> Request 2
329
(3, 2, 2)
3
(64, 77)
-> Request 3
392
(2, 3, 1)
2
(52, 66)
-> Request 4
547
(2, 1, 2)
3
(24, 2)
-> Request 5
1169
(1, 3, 2)
3
(52, 32)
-> Request 6
1229
(3, 3, 1)
2
(51, 36)
-> Request 7
1253
(3, 3, 1)
1
(71, 45)
--> Day : 2
-> Request 0
45
(1, 1, 2)
3
(17, 22)
-> Request 1
72
(3, 3, 2)
3
(44, 39)
-> Request 2
101
(1, 2, 1)
1
(12, 25)
-> Request 3
184
(2, 2, 2)
3
(63, 22)
-> Request 4
203
(1, 1, 2)
3
(16, 20)
-> Request 5
254
(3, 3, 2)
1
(36, 22)
-> Request 6
371
(4, 1, 1)
1
(50, 41)
-> Request 7
820
(4, 1, 2)
3
(14, 40)
-> Request 8
1032
(2, 1, 2)
1
(61, 69)
-> Request 9
1124
(3, 1, 1)
2
(45, 33)
-> Request 10
1161
(1, 2, 1)
3
(49, 48)
-> Request 11
1221
(4, 1, 2)
2
(26, 7)
-> Request 12
1244
(4, 3, 2)
2
(23, 62)
-> Request 13
1343
(2, 3, 1)
2
(11, 4)
-> Request 14
1350
(3, 1, 1)
1
(54, 32)
--> Day : 3
-> Request 0
49
(3, 3, 2)
2
(59, 64)
-> Request 1
85
(3, 3, 2)
3
(69, 76)
-> Request 2
373
(4, 3, 1)
1
(5, 20)
-> Request 3
437
(1, 2, 2)
2
(65, 8)
-> Request 4
449
(3, 1, 1)
1
(55, 30)
-> Request 5
488
(3, 1, 2)
3
(58, 41)
-> Request 6
1018
(2, 3, 1)
1
(48, 27)
--> Day : 4
-> Request 0
218
(2, 1, 1)
3
(21, 37)
-> Request 1
513
(1, 2, 1)
3
(16, 20)
-> Request 2
632
(3, 2, 2)
1
(47, 44)
-> Request 3
780
(1, 1, 2)
3
(48, 35)
-> Request 4
788
(1, 1, 2)
3
(15, 79)
-> Request 5
1065
(2, 3, 1)
2
(8, 71)
-> Request 6
1152
(3, 3, 1)
2
(54, 38)
-> Request 7
1235
(2, 2, 1)
3
(24, 50)
-> Request 8
1419
(2, 2, 2)
3
(65, 47)
---> Week : 5
--> Day : 0
-> Request 0
156
(1, 3, 1)
2
(27, 61)
-> Request 1
284
(1, 3, 2)
2
(75, 23)
-> Request 2
376
(1, 3, 2)
2
(49, 41)
-> Request 3
444
(3, 2, 2)
2
(0, 35)
-> Request 4
555
(2, 2, 2)
1
(36, 3)
-> Request 5
1117
(4, 3, 2)
3
(55, 13)
-> Request 6
1227
(1, 1, 1)
1
(62, 73)
--> Day : 1
-> Request 0
376
(1, 2, 1)
2
(63, 46)
-> Request 1
680
(4, 3, 1)
3
(5, 4)
-> Request 2
845
(2, 2, 2)
3
(59, 1)
-> Request 3
849
(1, 3, 2)
3
(17, 23)
-> Request 4
889
(4, 2, 2)
3
(35, 4)
-> Request 5
965
(2, 2, 2)
1
(57, 75)
--> Day : 2
-> Request 0
6
(4, 3, 1)
2
(43, 27)
-> Request 1
920
(4, 1, 2)
1
(51, 40)
-> Request 2
1092
(4, 2, 1)
1
(30, 55)
-> Request 3
1280
(4, 1, 1)
3
(56, 28)
--> Day : 3
-> Request 0
0
(4, 1, 1)
3
(64, 50)
-> Request 1
6
(3, 2, 2)
2
(59, 65)
-> Request 2
70
(2, 2, 2)
1
(57, 67)
-> Request 3
81
(2, 1, 2)
3
(51, 32)
-> Request 4
221
(2, 3, 2)
2
(51, 37)
-> Request 5
288
(2, 2, 1)
2
(40, 71)
-> Request 6
426
(1, 3, 1)
1
(18, 46)
-> Request 7
439
(1, 1, 1)
2
(60, 40)
-> Request 8
461
(4, 1, 2)
1
(54, 57)
-> Request 9
574
(4, 1, 1)
3
(62, 4)
-> Request 10
663
(3, 3, 2)
1
(67, 41)
-> Request 11
1093
(4, 3, 2)
1
(30, 46)
-> Request 12
1274
(4, 2, 2)
3
(9, 22)
-> Request 13
1359
(1, 3, 1)
3
(11, 58)
--> Day : 4
-> Request 0
5
(4, 3, 1)
2
(66, 71)
-> Request 1
9
(2, 2, 2)
1
(58, 42)
-> Request 2
201
(4, 3, 2)
1
(47, 45)
-> Request 3
203
(2, 2, 2)
3
(74, 20)
-> Request 4
415
(4, 1, 2)
1
(60, 28)
-> Request 5
519
(1, 1, 2)
1
(64, 74)
-> Request 6
624
(4, 1, 2)
2
(10, 26)
-> Request 7
755
(3, 3, 2)
2
(69, 65)
-> Request 8
765
(2, 2, 1)
1
(47, 33)
-> Request 9
1060
(2, 1, 2)
3
(14, 69)
-> Request 10
1215
(3, 3, 1)
3
(16, 0)
-> Request 11
1273
(4, 3, 1)
1
(3, 49)
-> Request 12
1308
(2, 1, 1)
3
(62, 29)
-> Request 13
1322
(2, 3, 2)
1
(79, 60)
-> Request 14
1375
(4, 1, 1)
1
(51, 30)
---> Week : 6
--> Day : 0
-> Request 0
21
(2, 2, 1)
2
(79, 62)
-> Request 1
395
(2, 3, 2)
1
(42, 46)
-> Request 2
432
(4, 3, 1)
3
(15, 26)
-> Request 3
520
(4, 3, 1)
1
(52, 17)
-> Request 4
767
(3, 1, 2)
3
(53, 44)
-> Request 5
826
(3, 2, 1)
2
(58, 27)
-> Request 6
1011
(2, 1, 1)
1
(48, 25)
-> Request 7
1012
(2, 1, 2)
2
(47, 31)
-> Request 8
1430
(3, 2, 2)
3
(48, 63)
--> Day : 1
-> Request 0
27
(4, 2, 1)
2
(63, 76)
-> Request 1
28
(1, 2, 2)
3
(3, 32)
-> Request 2
46
(4, 3, 1)
1
(11, 20)
-> Request 3
606
(2, 3, 2)
2
(46, 39)
-> Request 4
634
(3, 1, 2)
2
(49, 46)
-> Request 5
661
(3, 2, 1)
3
(69, 39)
-> Request 6
770
(4, 1, 2)
1
(63, 66)
-> Request 7
841
(4, 3, 2)
2
(13, 29)
-> Request 8
986
(1, 2, 1)
2
(59, 64)
-> Request 9
1313
(2, 3, 2)
2
(28, 15)
-> Request 10
1412
(4, 3, 1)
3
(11, 24)
--> Day : 2
-> Request 0
14
(3, 1, 2)
2
(45, 32)
-> Request 1
117
(3, 3, 1)
3
(58, 66)
-> Request 2
568
(4, 1, 2)
3
(8, 23)
-> Request 3
574
(1, 2, 2)
3
(45, 3)
-> Request 4
593
(3, 3, 1)
1
(63, 76)
-> Request 5
601
(1, 2, 2)
1
(61, 36)
-> Request 6
728
(1, 3, 1)
2
(7, 44)
-> Request 7
770
(1, 1, 2)
3
(49, 77)
-> Request 8
783
(1, 1, 2)
1
(16, 45)
-> Request 9
820
(1, 1, 1)
2
(33, 24)
-> Request 10
1144
(1, 2, 2)
2
(69, 49)
-> Request 11
1295
(3, 2, 1)
2
(60, 34)
-> Request 12
1348
(1, 2, 1)
1
(66, 22)
-> Request 13
1405
(2, 3, 1)
2
(10, 26)
--> Day : 3
-> Request 0
90
(4, 2, 1)
2
(64, 75)
-> Request 1
267
(1, 3, 2)
2
(3, 22)
-> Request 2
319
(4, 3, 1)
2
(65, 65)
-> Request 3
530
(2, 1, 2)
3
(65, 67)
-> Request 4
557
(1, 2, 1)
3
(59, 78)
-> Request 5
624
(2, 2, 2)
2
(54, 74)
-> Request 6
700
(3, 3, 1)
2
(44, 9)
-> Request 7
702
(2, 2, 2)
1
(43, 28)
-> Request 8
757
(3, 3, 2)
3
(13, 28)
-> Request 9
850
(1, 1, 2)
2
(53, 35)
-> Request 10
858
(4, 1, 2)
1
(37, 49)
-> Request 11
915
(3, 3, 1)
1
(44, 45)
-> Request 12
1051
(3, 2, 1)
1
(49, 77)
-> Request 13
1193
(4, 2, 1)
1
(44, 37)
--> Day : 4
-> Request 0
59
(1, 2, 2)
2
(44, 46)
-> Request 1
499
(2, 2, 1)
3
(9, 44)
-> Request 2
502
(1, 3, 1)
1
(60, 63)
-> Request 3
503
(4, 3, 2)
3
(17, 15)
-> Request 4
577
(3, 1, 1)
3
(76, 45)
-> Request 5
794
(2, 1, 1)
3
(57, 33)
-> Request 6
1288
(3, 2, 2)
3
(61, 45)
---> Week : 7
--> Day : 0
-> Request 0
4
(4, 3, 2)
2
(54, 75)
-> Request 1
279
(2, 3, 2)
2
(55, 45)
-> Request 2
639
(4, 1, 2)
3
(46, 29)
-> Request 3
903
(1, 2, 2)
3
(27, 47)
-> Request 4
1210
(3, 1, 1)
1
(20, 28)
-> Request 5
1418
(3, 1, 2)
3
(64, 68)
--> Day : 1
-> Request 0
138
(2, 3, 2)
2
(78, 19)
-> Request 1
164
(2, 2, 1)
1
(48, 44)
-> Request 2
274
(2, 2, 2)
2
(52, 30)
-> Request 3
780
(4, 3, 2)
1
(23, 32)
-> Request 4
863
(1, 2, 2)
1
(71, 13)
-> Request 5
918
(2, 2, 1)
3
(61, 30)
-> Request 6
1257
(1, 1, 1)
3
(48, 46)
-> Request 7
1372
(2, 2, 2)
2
(3, 66)
--> Day : 2
-> Request 0
387
(3, 3, 1)
3
(52, 76)
-> Request 1
450
(3, 1, 1)
3
(17, 21)
-> Request 2
526
(4, 2, 2)
1
(25, 14)
-> Request 3
548
(4, 2, 2)
1
(3, 55)
-> Request 4
586
(1, 2, 2)
2
(15, 22)
-> Request 5
591
(4, 1, 2)
2
(47, 31)
-> Request 6
818
(4, 1, 2)
2
(45, 35)
-> Request 7
1019
(3, 2, 2)
3
(16, 25)
-> Request 8
1050
(2, 2, 2)
1
(57, 49)
-> Request 9
1149
(1, 3, 1)
3
(78, 65)
-> Request 10
1279
(3, 1, 1)
3
(7, 42)
-> Request 11
1353
(1, 1, 1)
2
(17, 70)
--> Day : 3
-> Request 0
287
(1, 2, 2)
3
(76, 66)
-> Request 1
399
(2, 2, 1)
1
(62, 39)
-> Request 2
817
(1, 1, 2)
1
(40, 63)
-> Request 3
822
(2, 3, 2)
3
(76, 73)
-> Request 4
864
(4, 1, 2)
3
(52, 78)
-> Request 5
1389
(1, 3, 1)
2
(61, 27)
--> Day : 4
-> Request 0
169
(3, 2, 2)
1
(43, 69)
-> Request 1
367
(3, 2, 1)
2
(57, 37)
-> Request 2
378
(2, 2, 2)
1
(57, 42)
-> Request 3
433
(3, 3, 2)
2
(19, 30)
-> Request 4
499
(4, 2, 1)
1
(64, 50)
-> Request 5
1045
(1, 3, 2)
3
(15, 55)
-> Request 6
1129
(4, 1, 2)
3
(13, 52)
-> Request 7
1232
(3, 3, 1)
3
(33, 40)
---> Week : 8
--> Day : 0
-> Request 0
32
(4, 2, 2)
2
(46, 63)
-> Request 1
77
(3, 3, 2)
2
(53, 77)
-> Request 2
394
(2, 1, 1)
2
(50, 29)
-> Request 3
409
(3, 1, 1)
3
(50, 8)
-> Request 4
623
(1, 3, 1)
3
(10, 70)
-> Request 5
690
(4, 1, 1)
2
(15, 23)
-> Request 6
1033
(2, 1, 1)
3
(49, 27)
-> Request 7
1253
(2, 3, 1)
2
(66, 72)
-> Request 8
1373
(4, 2, 2)
1
(6, 40)
-> Request 9
1417
(2, 2, 2)
1
(34, 0)
--> Day : 1
-> Request 0
124
(3, 3, 2)
1
(17, 24)
-> Request 1
456
(4, 2, 2)
2
(44, 32)
-> Request 2
804
(4, 3, 1)
2
(16, 59)
-> Request 3
937
(2, 2, 2)
2
(8, 15)
-> Request 4
961
(2, 1, 1)
1
(17, 20)
-> Request 5
1244
(1, 2, 1)
2
(29, 7)
-> Request 6
1318
(4, 3, 2)
3
(9, 27)
--> Day : 2
-> Request 0
152
(2, 3, 2)
3
(52, 44)
-> Request 1
298
(3, 2, 2)
2
(58, 28)
-> Request 2
584
(4, 3, 2)
1
(51, 37)
-> Request 3
607
(2, 1, 2)
1
(41, 37)
-> Request 4
680
(2, 3, 1)
2
(63, 69)
-> Request 5
840
(4, 2, 1)
2
(70, 51)
-> Request 6
848
(4, 2, 2)
1
(60, 68)
-> Request 7
917
(1, 2, 2)
3
(56, 48)
-> Request 8
961
(4, 1, 2)
2
(61, 45)
-> Request 9
1046
(4, 2, 1)
3
(63, 64)
-> Request 10
1220
(1, 2, 1)
2
(78, 79)
-> Request 11
1358
(1, 2, 2)
1
(60, 50)
--> Day : 3
-> Request 0
281
(1, 3, 2)
2
(60, 65)
-> Request 1
309
(2, 3, 1)
2
(26, 22)
-> Request 2
401
(3, 2, 2)
1
(17, 41)
-> Request 3
638
(1, 1, 2)
2
(15, 26)
-> Request 4
677
(2, 3, 1)
3
(59, 13)
-> Request 5
810
(3, 1, 2)
2
(56, 18)
-> Request 6
847
(1, 3, 2)
2
(69, 7)
-> Request 7
1168
(4, 3, 2)
1
(61, 66)
-> Request 8
1287
(2, 1, 2)
2
(79, 8)
-> Request 9
1437
(2, 3, 1)
2
(60, 40)
--> Day : 4
-> Request 0
478
(2, 1, 2)
2
(29, 28)
-> Request 1
574
(3, 3, 2)
2
(5, 30)
-> Request 2
712
(2, 1, 1)
3
(65, 30)
-> Request 3
797
(3, 1, 1)
1
(14, 25)
-> Request 4
1160
(2, 2, 1)
3
(64, 60)
-> Request 5
1168
(1, 2, 1)
1
(56, 6)
-> Request 6
1218
(3, 1, 2)
2
(62, 28)
-> Request 7
1251
(2, 3, 2)
3
(30, 75)
---> Week : 9
--> Day : 0
-> Request 0
151
(1, 1, 1)
2
(57, 72)
-> Request 1
238
(3, 2, 1)
3
(52, 35)
-> Request 2
371
(3, 2, 1)
3
(68, 59)
-> Request 3
444
(4, 3, 2)
1
(76, 51)
-> Request 4
457
(3, 3, 1)
1
(54, 45)
-> Request 5
513
(3, 2, 1)
3
(62, 39)
-> Request 6
623
(2, 1, 2)
2
(51, 31)
-> Request 7
781
(4, 1, 2)
1
(24, 58)
-> Request 8
869
(1, 2, 2)
2
(55, 69)
-> Request 9
1150
(4, 3, 1)
2
(66, 64)
-> Request 10
1238
(1, 2, 1)
1
(50, 55)
-> Request 11
1328
(3, 3, 2)
1
(55, 7)
--> Day : 1
-> Request 0
30
(3, 2, 2)
1
(48, 59)
-> Request 1
79
(1, 2, 2)
2
(61, 36)
-> Request 2
141
(3, 3, 2)
3
(25, 56)
-> Request 3
205
(3, 2, 1)
1
(69, 10)
-> Request 4
209
(1, 3, 1)
2
(43, 37)
-> Request 5
467
(4, 3, 2)
2
(33, 49)
-> Request 6
579
(4, 3, 1)
2
(13, 28)
-> Request 7
626
(1, 1, 1)
1
(9, 25)
-> Request 8
722
(2, 3, 1)
1
(39, 46)
-> Request 9
892
(2, 2, 1)
1
(55, 28)
-> Request 10
1055
(2, 2, 1)
1
(61, 59)
--> Day : 2
-> Request 0
7
(3, 1, 2)
3
(57, 35)
-> Request 1
302
(1, 3, 1)
3
(69, 33)
-> Request 2
531
(2, 2, 2)
2
(54, 33)
-> Request 3
613
(4, 1, 1)
3
(12, 27)
-> Request 4
760
(1, 3, 1)
3
(22, 39)
-> Request 5
923
(4, 3, 2)
2
(52, 28)
-> Request 6
1096
(2, 3, 2)
1
(54, 6)
-> Request 7
1098
(4, 1, 1)
3
(63, 64)
-> Request 8
1145
(2, 2, 2)
3
(31, 14)
-> Request 9
1210
(1, 3, 1)
1
(3, 3)
-> Request 10
1386
(4, 1, 1)
1
(33, 53)
--> Day : 3
-> Request 0
231
(1, 2, 1)
2
(55, 77)
-> Request 1
464
(2, 1, 2)
2
(75, 33)
-> Request 2
487
(4, 1, 1)
3
(15, 16)
-> Request 3
799
(1, 3, 1)
3
(45, 28)
-> Request 4
963
(4, 3, 2)
3
(54, 74)
-> Request 5
1276
(3, 3, 2)
2
(42, 23)
--> Day : 4
-> Request 0
240
(3, 3, 1)
2
(59, 68)
-> Request 1
472
(4, 2, 1)
3
(58, 68)
-> Request 2
499
(4, 3, 1)
3
(52, 68)
-> Request 3
705
(3, 3, 1)
2
(28, 3)
-> Request 4
895
(3, 1, 2)
2
(53, 44)
-> Request 5
921
(1, 2, 1)
2
(45, 44)
-> Request 6
1037
(2, 2, 2)
1
(49, 42)
-> Request 7
1153
(3, 3, 2)
3
(53, 33)
-> Request 8
1187
(3, 1, 2)
2
(79, 76)
-> Request 9
1205
(4, 2, 2)
1
(54, 37)
-> Request 10
1321
(1, 1, 1)
3
(11, 14)
---> Week : 10
--> Day : 0
-> Request 0
301
(2, 1, 1)
3
(49, 29)
-> Request 1
357
(1, 2, 1)
3
(64, 74)
-> Request 2
496
(1, 1, 1)
1
(43, 37)
-> Request 3
498
(4, 2, 2)
3
(43, 72)
-> Request 4
952
(4, 1, 2)
2
(13, 24)
-> Request 5
956
(3, 2, 1)
1
(44, 28)
-> Request 6
960
(1, 2, 1)
2
(9, 4)
-> Request 7
1342
(2, 1, 2)
3
(54, 40)
--> Day : 1
-> Request 0
40
(3, 1, 1)
1
(13, 24)
-> Request 1
166
(4, 3, 1)
3
(10, 13)
-> Request 2
277
(1, 3, 2)
2
(53, 78)
-> Request 3
351
(1, 1, 1)
1
(54, 17)
-> Request 4
680
(4, 2, 1)
1
(77, 74)
-> Request 5
723
(2, 3, 2)
1
(55, 19)
-> Request 6
772
(4, 1, 1)
3
(55, 41)
-> Request 7
868
(2, 2, 2)
1
(21, 62)
-> Request 8
1289
(2, 1, 2)
1
(2, 63)
-> Request 9
1329
(4, 2, 2)
1
(57, 61)
--> Day : 2
-> Request 0
354
(1, 3, 2)
3
(57, 32)
-> Request 1
643
(3, 1, 1)
2
(47, 36)
-> Request 2
654
(4, 3, 2)
2
(64, 8)
-> Request 3
686
(4, 1, 2)
3
(61, 55)
-> Request 4
854
(4, 3, 2)
2
(64, 78)
-> Request 5
969
(1, 2, 1)
2
(47, 34)
-> Request 6
1362
(4, 2, 2)
1
(56, 43)
-> Request 7
1378
(1, 1, 2)
2
(26, 54)
--> Day : 3
-> Request 0
233
(2, 2, 2)
2
(44, 24)
-> Request 1
325
(1, 2, 1)
1
(77, 57)
-> Request 2
799
(4, 2, 2)
3
(74, 36)
-> Request 3
941
(4, 3, 2)
2
(51, 69)
-> Request 4
1264
(2, 1, 2)
3
(51, 14)
-> Request 5
1327
(4, 2, 1)
3
(63, 66)
-> Request 6
1344
(2, 1, 2)
2
(34, 31)
-> Request 7
1350
(2, 1, 2)
1
(61, 36)
-> Request 8
1376
(3, 3, 2)
3
(61, 0)
-> Request 9
1377
(1, 1, 1)
1
(62, 65)
--> Day : 4
-> Request 0
135
(4, 2, 2)
2
(70, 67)
-> Request 1
141
(4, 3, 2)
1
(2, 16)
-> Request 2
586
(2, 1, 1)
2
(0, 12)
-> Request 3
1024
(4, 1, 2)
3
(16, 23)
-> Request 4
1126
(4, 3, 2)
3
(49, 58)
-> Request 5
1203
(2, 2, 2)
1
(22, 29)
---> Week : 11
--> Day : 0
-> Request 0
244
(2, 1, 2)
1
(50, 45)
-> Request 1
362
(3, 1, 2)
2
(54, 40)
-> Request 2
524
(4, 2, 1)
1
(51, 36)
-> Request 3
610
(3, 2, 2)
1
(44, 48)
-> Request 4
910
(3, 1, 2)
2
(76, 42)
-> Request 5
1038
(2, 1, 1)
3
(77, 52)
-> Request 6
1166
(1, 1, 1)
1
(9, 23)
-> Request 7
1338
(1, 1, 2)
2
(54, 57)
--> Day : 1
-> Request 0
521
(1, 1, 2)
2
(69, 3)
-> Request 1
598
(4, 1, 2)
3
(14, 33)
-> Request 2
735
(3, 3, 1)
2
(49, 43)
-> Request 3
736
(4, 2, 1)
3
(62, 17)
-> Request 4
791
(2, 3, 2)
2
(44, 34)
-> Request 5
885
(1, 1, 1)
3
(40, 48)
-> Request 6
1040
(4, 2, 2)
2
(65, 66)
--> Day : 2
-> Request 0
56
(1, 3, 1)
3
(54, 45)
-> Request 1
121
(2, 2, 2)
2
(54, 27)
-> Request 2
237
(4, 1, 1)
3
(60, 36)
-> Request 3
258
(4, 1, 1)
1
(65, 78)
-> Request 4
298
(3, 2, 2)
2
(62, 40)
-> Request 5
351
(4, 3, 2)
2
(16, 28)
-> Request 6
384
(4, 3, 2)
2
(13, 52)
-> Request 7
599
(3, 2, 1)
2
(50, 44)
-> Request 8
649
(1, 2, 2)
2
(62, 4)
-> Request 9
784
(2, 2, 2)
2
(3, 68)
-> Request 10
810
(4, 3, 1)
1
(47, 34)
-> Request 11
1115
(4, 1, 2)
1
(46, 30)
-> Request 12
1309
(3, 3, 1)
1
(16, 20)
-> Request 13
1348
(4, 3, 1)
3
(52, 66)
--> Day : 3
-> Request 0
6
(2, 3, 1)
3
(48, 35)
-> Request 1
76
(3, 2, 2)
3
(47, 32)
-> Request 2
317
(3, 1, 1)
1
(62, 46)
-> Request 3
342
(3, 2, 1)
3
(12, 30)
-> Request 4
769
(4, 1, 1)
2
(58, 38)
-> Request 5
983
(2, 1, 1)
2
(50, 36)
-> Request 6
1108
(2, 2, 1)
1
(59, 44)
-> Request 7
1358
(2, 1, 2)
2
(31, 14)
--> Day : 4
-> Request 0
142
(4, 2, 2)
1
(23, 12)
-> Request 1
262
(1, 3, 2)
3
(61, 35)
-> Request 2
383
(2, 1, 2)
1
(18, 56)
-> Request 3
547
(3, 3, 2)
1
(13, 34)
-> Request 4
578
(1, 2, 1)
2
(15, 23)
-> Request 5
659
(4, 1, 1)
2
(62, 8)
-> Request 6
791
(4, 3, 2)
3
(55, 35)
-> Request 7
868
(1, 2, 1)
3
(62, 32)
---> Week : 12
--> Day : 0
-> Request 0
534
(1, 1, 2)
2
(66, 26)
-> Request 1
1135
(1, 1, 2)
3
(11, 24)
-> Request 2
1347
(3, 1, 2)
2
(6, 51)
-> Request 3
1399
(1, 3, 2)
2
(62, 55)
--> Day : 1
-> Request 0
104
(1, 2, 1)
1
(7, 51)
-> Request 1
153
(2, 1, 2)
2
(15, 27)
-> Request 2
185
(3, 1, 1)
3
(16, 28)
-> Request 3
759
(4, 1, 2)
2
(63, 66)
-> Request 4
799
(2, 2, 2)
3
(68, 65)
-> Request 5
840
(1, 1, 2)
2
(23, 49)
-> Request 6
976
(1, 3, 1)
1
(54, 10)
-> Request 7
1048
(4, 3, 1)
1
(74, 53)
-> Request 8
1268
(3, 1, 2)
2
(74, 15)
--> Day : 2
-> Request 0
36
(1, 2, 2)
2
(44, 27)
-> Request 1
85
(2, 3, 1)
3
(74, 46)
-> Request 2
169
(4, 3, 2)
2
(58, 10)
-> Request 3
208
(2, 1, 2)
2
(24, 1)
-> Request 4
359
(3, 2, 2)
3
(63, 64)
-> Request 5
641
(1, 2, 1)
3
(17, 29)
-> Request 6
648
(4, 1, 1)
1
(75, 59)
-> Request 7
886
(4, 2, 2)
1
(54, 31)
-> Request 8
940
(4, 3, 1)
1
(43, 42)
-> Request 9
1036
(3, 3, 2)
2
(63, 69)
-> Request 10
1292
(2, 2, 1)
1
(68, 64)
-> Request 11
1293
(2, 2, 2)
1
(63, 25)
-> Request 12
1313
(4, 3, 1)
1
(58, 6)
--> Day : 3
-> Request 0
112
(2, 3, 2)
3
(51, 32)
-> Request 1
461
(1, 2, 1)
2
(57, 68)
-> Request 2
496
(2, 2, 2)
1
(31, 13)
-> Request 3
808
(2, 1, 2)
2
(17, 14)
-> Request 4
874
(4, 3, 1)
2
(76, 75)
-> Request 5
1129
(3, 1, 2)
3
(78, 53)
-> Request 6
1242
(1, 1, 1)
1
(8, 23)
--> Day : 4
-> Request 0
120
(3, 2, 2)
3
(12, 40)
-> Request 1
278
(3, 2, 1)
3
(10, 28)
-> Request 2
419
(4, 2, 1)
1
(54, 43)
-> Request 3
516
(2, 3, 1)
2
(52, 72)
-> Request 4
650
(3, 2, 1)
2
(66, 72)
-> Request 5
1074
(3, 2, 1)
1
(66, 77)
-> Request 6
1111
(4, 3, 2)
3
(34, 48)
-> Request 7
1162
(4, 3, 2)
2
(60, 27)
---> Week : 13
--> Day : 0
-> Request 0
20
(1, 1, 1)
3
(10, 6)
-> Request 1
33
(3, 1, 1)
2
(65, 73)
-> Request 2
129
(2, 2, 2)
3
(55, 8)
-> Request 3
188
(2, 2, 2)
2
(57, 45)
-> Request 4
299
(2, 3, 2)
3
(26, 9)
-> Request 5
316
(1, 3, 1)
3
(69, 33)
-> Request 6
387
(3, 2, 2)
1
(48, 40)
-> Request 7
422
(4, 3, 2)
2
(10, 28)
-> Request 8
457
(1, 2, 2)
1
(38, 73)
-> Request 9
524
(4, 3, 2)
2
(49, 65)
-> Request 10
899
(1, 1, 2)
2
(42, 74)
-> Request 11
915
(3, 2, 2)
3
(18, 22)
-> Request 12
1102
(1, 1, 2)
3
(6, 11)
-> Request 13
1238
(1, 1, 1)
2
(43, 39)
-> Request 14
1410
(2, 1, 1)
1
(71, 37)
--> Day : 1
-> Request 0
365
(3, 1, 1)
1
(59, 27)
-> Request 1
897
(1, 3, 1)
3
(67, 73)
-> Request 2
1004
(3, 3, 1)
2
(10, 11)
-> Request 3
1131
(1, 3, 2)
3
(55, 39)
-> Request 4
1327
(4, 2, 2)
2
(3, 31)
--> Day : 2
-> Request 0
134
(3, 3, 1)
3
(65, 71)
-> Request 1
320
(1, 1, 2)
1
(58, 27)
-> Request 2
349
(1, 1, 2)
3
(10, 13)
-> Request 3
430
(1, 3, 2)
1
(25, 33)
-> Request 4
539
(2, 1, 2)
3
(64, 73)
-> Request 5
855
(1, 3, 2)
2
(49, 28)
-> Request 6
902
(1, 3, 2)
1
(49, 37)
-> Request 7
912
(2, 2, 2)
2
(57, 35)
-> Request 8
1018
(2, 3, 1)
1
(23, 26)
-> Request 9
1060
(1, 1, 1)
2
(56, 30)
-> Request 10
1068
(1, 1, 2)
2
(21, 10)
-> Request 11
1076
(4, 2, 1)
1
(31, 76)
-> Request 12
1314
(3, 3, 1)
3
(46, 72)
--> Day : 3
-> Request 0
165
(2, 1, 1)
1
(17, 31)
-> Request 1
168
(2, 3, 2)
2
(72, 34)
-> Request 2
221
(3, 3, 2)
2
(66, 71)
-> Request 3
278
(4, 1, 1)
1
(61, 37)
-> Request 4
574
(3, 2, 2)
3
(7, 29)
-> Request 5
619
(2, 3, 1)
1
(47, 37)
-> Request 6
833
(2, 2, 2)
2
(66, 65)
-> Request 7
987
(4, 1, 2)
1
(9, 22)
-> Request 8
992
(4, 3, 2)
3
(49, 41)
-> Request 9
1063
(4, 1, 1)
1
(53, 65)
-> Request 10
1178
(1, 1, 1)
1
(56, 67)
--> Day : 4
-> Request 0
15
(1, 1, 2)
1
(77, 42)
-> Request 1
175
(3, 3, 2)
2
(11, 25)
-> Request 2
444
(4, 3, 1)
3
(43, 34)
-> Request 3
598
(4, 2, 2)
1
(59, 68)
-> Request 4
641
(2, 2, 2)
2
(66, 78)
-> Request 5
851
(1, 2, 1)
1
(50, 33)
-> Request 6
915
(4, 1, 1)
3
(6, 65)
-> Request 7
987
(4, 3, 1)
3
(5, 26)
-> Request 8
1205
(2, 3, 2)
2
(16, 70)
-> Request 9
1391
(1, 3, 2)
2
(64, 18)
---> Week : 14
--> Day : 0
-> Request 0
147
(1, 3, 1)
3
(9, 24)
-> Request 1
563
(2, 2, 2)
3
(58, 31)
-> Request 2
705
(1, 3, 2)
1
(63, 75)
-> Request 3
705
(3, 2, 1)
2
(58, 70)
-> Request 4
706
(4, 3, 1)
2
(78, 74)
-> Request 5
714
(4, 3, 2)
2
(37, 74)
-> Request 6
799
(4, 3, 1)
1
(56, 30)
-> Request 7
933
(4, 1, 2)
2
(41, 59)
-> Request 8
1193
(3, 2, 2)
1
(56, 64)
-> Request 9
1347
(3, 3, 1)
2
(21, 17)
--> Day : 1
-> Request 0
1
(2, 2, 2)
3
(39, 12)
-> Request 1
170
(1, 1, 2)
3
(55, 32)
-> Request 2
204
(4, 3, 2)
2
(42, 34)
-> Request 3
245
(4, 1, 2)
2
(7, 40)
-> Request 4
300
(1, 3, 2)
3
(21, 19)
-> Request 5
321
(1, 2, 1)
2
(46, 9)
-> Request 6
408
(3, 2, 2)
1
(4, 21)
-> Request 7
456
(1, 1, 1)
1
(59, 74)
-> Request 8
480
(3, 3, 2)
1
(18, 53)
-> Request 9
500
(2, 2, 1)
2
(64, 64)
-> Request 10
732
(4, 3, 2)
3
(27, 41)
-> Request 11
985
(1, 2, 2)
1
(58, 69)
-> Request 12
1081
(2, 1, 1)
1
(48, 31)
-> Request 13
1097
(1, 3, 2)
1
(53, 32)
-> Request 14
1180
(4, 1, 2)
2
(61, 70)
--> Day : 2
-> Request 0
21
(2, 2, 2)
3
(50, 62)
-> Request 1
112
(4, 2, 1)
2
(52, 44)
-> Request 2
215
(4, 2, 1)
2
(9, 79)
-> Request 3
482
(4, 1, 1)
1
(55, 76)
-> Request 4
498
(4, 2, 2)
1
(44, 46)
-> Request 5
531
(1, 1, 2)
1
(8, 56)
-> Request 6
683
(2, 2, 1)
2
(65, 62)
-> Request 7
713
(3, 3, 2)
1
(17, 35)
-> Request 8
750
(3, 3, 1)
3
(69, 26)
-> Request 9
903
(2, 3, 2)
2
(28, 39)
-> Request 10
1171
(1, 2, 1)
1
(59, 64)
-> Request 11
1171
(2, 1, 1)
1
(42, 54)
-> Request 12
1181
(1, 2, 1)
2
(60, 30)
-> Request 13
1197
(3, 1, 1)
3
(17, 22)
-> Request 14
1241
(3, 3, 1)
2
(57, 64)
-> Request 15
1388
(3, 2, 2)
2
(43, 31)
--> Day : 3
-> Request 0
350
(4, 3, 1)
2
(23, 44)
-> Request 1
462
(2, 3, 1)
1
(16, 74)
-> Request 2
911
(2, 3, 2)
2
(18, 28)
-> Request 3
1147
(2, 3, 2)
2
(17, 20)
-> Request 4
1153
(2, 3, 2)
3
(65, 5)
-> Request 5
1437
(4, 3, 2)
2
(55, 46)
--> Day : 4
-> Request 0
66
(1, 3, 2)
3
(62, 34)
-> Request 1
78
(1, 2, 1)
2
(61, 74)
-> Request 2
170
(3, 3, 2)
3
(21, 11)
-> Request 3
629
(4, 3, 2)
2
(66, 71)
-> Request 4
660
(1, 3, 2)
2
(61, 76)
-> Request 5
781
(2, 1, 1)
2
(49, 72)
-> Request 6
810
(4, 1, 1)
3
(64, 13)
-> Request 7
812
(4, 3, 1)
1
(31, 40)
-> Request 8
949
(3, 3, 1)
2
(53, 31)
-> Request 9
949
(3, 2, 1)
2
(38, 70)
-> Request 10
1150
(2, 3, 2)
1
(43, 18)
-> Request 11
1346
(1, 3, 2)
1
(19, 15)
-> Request 12
1362
(1, 2, 2)
2
(65, 70)
---> Week : 15
--> Day : 0
-> Request 0
145
(3, 1, 2)
1
(42, 4)
-> Request 1
222
(1, 3, 2)
3
(65, 6)
-> Request 2
335
(2, 1, 2)
3
(1, 27)
-> Request 3
862
(3, 2, 2)
1
(60, 37)
-> Request 4
1011
(1, 3, 1)
1
(48, 10)
-> Request 5
1119
(3, 3, 1)
1
(1, 66)
-> Request 6
1339
(4, 1, 2)
3
(53, 71)
--> Day : 1
-> Request 0
356
(4, 3, 2)
2
(16, 54)
-> Request 1
440
(3, 3, 1)
2
(20, 9)
-> Request 2
445
(2, 3, 2)
3
(5, 61)
-> Request 3
455
(2, 3, 2)
1
(11, 17)
-> Request 4
622
(2, 3, 2)
1
(63, 9)
-> Request 5
658
(2, 2, 1)
1
(72, 26)
-> Request 6
665
(3, 2, 2)
2
(41, 75)
-> Request 7
763
(3, 3, 1)
2
(49, 17)
-> Request 8
1033
(4, 2, 1)
1
(28, 78)
-> Request 9
1058
(2, 2, 2)
1
(15, 16)
-> Request 10
1115
(2, 2, 1)
1
(60, 27)
-> Request 11
1241
(2, 3, 2)
1
(44, 4)
-> Request 12
1389
(1, 2, 2)
3
(13, 42)
--> Day : 2
-> Request 0
106
(2, 3, 2)
3
(46, 28)
-> Request 1
269
(3, 3, 2)
1
(61, 76)
-> Request 2
408
(3, 1, 2)
2
(54, 31)
-> Request 3
598
(2, 1, 1)
1
(47, 46)
-> Request 4
613
(1, 2, 2)
1
(40, 25)
-> Request 5
654
(2, 1, 1)
2
(50, 32)
-> Request 6
707
(2, 2, 2)
3
(38, 38)
-> Request 7
961
(1, 1, 2)
1
(78, 48)
-> Request 8
1057
(4, 1, 1)
2
(47, 40)
-> Request 9
1391
(3, 2, 1)
1
(66, 68)
--> Day : 3
-> Request 0
20
(1, 3, 2)
2
(10, 51)
-> Request 1
83
(3, 1, 1)
2
(4, 65)
-> Request 2
103
(3, 2, 2)
1
(67, 7)
-> Request 3
204
(2, 2, 1)
1
(60, 30)
-> Request 4
397
(3, 3, 1)
3
(60, 46)
-> Request 5
942
(1, 1, 1)
3
(61, 75)
-> Request 6
1099
(1, 2, 1)
2
(50, 45)
--> Day : 4
-> Request 0
577
(3, 1, 1)
1
(71, 45)
-> Request 1
770
(4, 1, 1)
2
(12, 28)
-> Request 2
879
(1, 3, 2)
2
(50, 28)
-> Request 3
1009
(2, 2, 1)
3
(55, 40)
-> Request 4
1134
(3, 2, 2)
2
(13, 25)
-> Request 5
1205
(2, 3, 1)
2
(61, 73)
-> Request 6
1426
(2, 1, 2)
3
(59, 43)
---> Week : 16
--> Day : 0
-> Request 0
75
(4, 3, 1)
1
(61, 45)
-> Request 1
82
(1, 1, 1)
2
(64, 76)
-> Request 2
85
(1, 1, 1)
3
(0, 73)
-> Request 3
512
(4, 2, 2)
1
(47, 27)
-> Request 4
518
(1, 1, 2)
1
(7, 56)
-> Request 5
523
(3, 2, 1)
1
(43, 34)
-> Request 6
1022
(2, 3, 1)
2
(36, 13)
-> Request 7
1091
(1, 2, 1)
1
(23, 23)
--> Day : 1
-> Request 0
54
(3, 1, 2)
2
(56, 65)
-> Request 1
452
(4, 2, 1)
1
(61, 39)
-> Request 2
505
(3, 1, 1)
2
(61, 66)
-> Request 3
674
(4, 2, 2)
3
(14, 45)
-> Request 4
1052
(4, 1, 2)
2
(45, 31)
-> Request 5
1372
(1, 1, 2)
2
(16, 3)
--> Day : 2
-> Request 0
80
(2, 2, 2)
2
(11, 29)
-> Request 1
535
(4, 3, 1)
3
(16, 24)
-> Request 2
668
(2, 3, 2)
3
(66, 73)
-> Request 3
708
(3, 3, 2)
3
(56, 13)
-> Request 4
724
(3, 1, 1)
2
(15, 57)
-> Request 5
815
(4, 3, 2)
1
(58, 70)
-> Request 6
959
(2, 1, 2)
1
(64, 71)
-> Request 7
1279
(4, 3, 1)
2
(43, 32)
-> Request 8
1317
(3, 2, 1)
1
(67, 41)
-> Request 9
1365
(4, 1, 2)
1
(56, 44)
-> Request 10
1368
(1, 1, 2)
1
(75, 35)
-> Request 11
1381
(2, 3, 2)
3
(64, 68)
-> Request 12
1401
(4, 2, 2)
1
(12, 22)
--> Day : 3
-> Request 0
215
(2, 2, 1)
1
(17, 21)
-> Request 1
434
(2, 2, 1)
3
(24, 74)
-> Request 2
715
(2, 3, 2)
1
(41, 0)
-> Request 3
930
(2, 3, 1)
3
(10, 26)
-> Request 4
942
(4, 2, 2)
3
(64, 27)
-> Request 5
969
(1, 3, 1)
2
(46, 33)
-> Request 6
985
(2, 2, 1)
1
(41, 33)
-> Request 7
1099
(2, 2, 1)
2
(3, 56)
-> Request 8
1213
(3, 3, 1)
3
(58, 72)
-> Request 9
1344
(1, 1, 2)
1
(47, 76)
--> Day : 4
-> Request 0
129
(3, 1, 1)
2
(57, 30)
-> Request 1
482
(4, 3, 1)
3
(48, 30)
-> Request 2
492
(2, 3, 1)
1
(39, 31)
-> Request 3
834
(1, 3, 1)
2
(63, 69)
-> Request 4
1096
(4, 2, 2)
3
(7, 56)
-> Request 5
1179
(4, 1, 1)
2
(16, 8)
-> Request 6
1242
(4, 1, 1)
1
(61, 64)
-> Request 7
1311
(4, 3, 1)
3
(12, 24)
-> Request 8
1430
(1, 2, 1)
2
(44, 43)
---> Week : 17
--> Day : 0
-> Request 0
320
(2, 1, 2)
2
(3, 20)
-> Request 1
478
(4, 1, 2)
2
(65, 71)
-> Request 2
818
(1, 2, 2)
1
(5, 12)
-> Request 3
1033
(3, 2, 2)
3
(59, 72)
-> Request 4
1104
(2, 3, 1)
3
(58, 29)
-> Request 5
1147
(3, 1, 2)
3
(60, 71)
-> Request 6
1171
(4, 2, 2)
2
(59, 78)
-> Request 7
1298
(1, 3, 2)
1
(49, 45)
-> Request 8
1325
(2, 1, 1)
3
(45, 41)
-> Request 9
1348
(4, 2, 1)
1
(9, 72)
--> Day : 1
-> Request 0
393
(4, 3, 2)
1
(12, 23)
-> Request 1
401
(4, 2, 2)
2
(53, 31)
-> Request 2
540
(1, 1, 1)
1
(18, 25)
-> Request 3
762
(4, 3, 1)
2
(14, 60)
-> Request 4
1157
(1, 1, 2)
1
(51, 69)
--> Day : 2
-> Request 0
483
(3, 3, 2)
2
(57, 77)
-> Request 1
687
(4, 3, 2)
1
(47, 32)
-> Request 2
712
(2, 1, 2)
1
(22, 30)
-> Request 3
843
(4, 3, 2)
3
(53, 72)
-> Request 4
1033
(3, 2, 1)
2
(63, 66)
-> Request 5
1241
(4, 3, 1)
3
(72, 10)
-> Request 6
1418
(1, 1, 1)
3
(21, 47)
--> Day : 3
-> Request 0
182
(3, 3, 1)
2
(32, 36)
-> Request 1
263
(2, 1, 1)
3
(23, 18)
-> Request 2
550
(4, 2, 2)
2
(4, 20)
-> Request 3
606
(4, 2, 1)
2
(62, 34)
-> Request 4
936
(3, 3, 1)
1
(9, 4)
-> Request 5
1106
(2, 2, 1)
1
(59, 36)
-> Request 6
1141
(4, 2, 2)
2
(65, 34)
-> Request 7
1158
(4, 3, 1)
3
(58, 41)
-> Request 8
1184
(4, 3, 1)
2
(40, 31)
-> Request 9
1306
(1, 3, 1)
1
(66, 32)
-> Request 10
1357
(3, 1, 1)
1
(54, 44)
--> Day : 4
-> Request 0
11
(3, 2, 1)
2
(41, 32)
-> Request 1
127
(4, 1, 1)
1
(52, 76)
-> Request 2
177
(1, 3, 1)
2
(0, 77)
-> Request 3
257
(2, 2, 1)
1
(21, 39)
-> Request 4
384
(3, 3, 2)
2
(6, 29)
-> Request 5
420
(1, 3, 1)
1
(49, 68)
-> Request 6
428
(3, 2, 1)
1
(60, 73)
-> Request 7
434
(1, 1, 2)
3
(52, 37)
-> Request 8
439
(3, 1, 2)
3
(43, 34)
-> Request 9
496
(3, 1, 2)
3
(44, 15)
-> Request 10
583
(3, 2, 1)
3
(60, 27)
-> Request 11
703
(2, 2, 2)
1
(60, 34)
-> Request 12
979
(3, 1, 2)
2
(62, 25)
-> Request 13
1005
(2, 3, 2)
2
(46, 33)
-> Request 14
1179
(2, 3, 2)
1
(3, 27)
---> Week : 18
--> Day : 0
-> Request 0
38
(2, 2, 2)
3
(9, 68)
-> Request 1
457
(4, 1, 2)
3
(55, 40)
-> Request 2
576
(1, 3, 1)
2
(55, 37)
-> Request 3
770
(2, 3, 1)
2
(69, 63)
-> Request 4
841
(4, 3, 2)
1
(62, 70)
-> Request 5
923
(4, 3, 1)
3
(4, 73)
-> Request 6
965
(1, 2, 2)
3
(5, 42)
-> Request 7
1153
(4, 3, 2)
3
(14, 38)
-> Request 8
1180
(2, 1, 2)
2
(56, 34)
-> Request 9
1284
(2, 3, 1)
1
(53, 63)
-> Request 10
1428
(2, 2, 1)
3
(11, 25)
--> Day : 1
-> Request 0
279
(1, 2, 1)
2
(59, 45)
-> Request 1
690
(3, 3, 1)
1
(26, 52)
-> Request 2
771
(3, 2, 2)
2
(50, 34)
-> Request 3
1295
(3, 3, 1)
2
(6, 27)
-> Request 4
1411
(2, 3, 2)
3
(59, 57)
--> Day : 2
-> Request 0
25
(4, 1, 2)
2
(52, 72)
-> Request 1
82
(4, 2, 1)
1
(46, 41)
-> Request 2
128
(2, 3, 1)
2
(60, 30)
-> Request 3
206
(1, 1, 1)
1
(59, 34)
-> Request 4
456
(3, 3, 1)
1
(66, 74)
-> Request 5
519
(4, 3, 2)
3
(64, 77)
-> Request 6
542
(3, 2, 2)
1
(47, 38)
-> Request 7
658
(3, 2, 1)
1
(47, 32)
-> Request 8
685
(1, 2, 2)
3
(52, 25)
-> Request 9
1085
(2, 3, 1)
3
(48, 29)
--> Day : 3
-> Request 0
137
(2, 3, 1)
2
(29, 59)
-> Request 1
200
(1, 1, 2)
1
(11, 37)
-> Request 2
313
(2, 1, 1)
1
(53, 75)
-> Request 3
412
(3, 3, 1)
3
(62, 39)
-> Request 4
502
(3, 2, 2)
3
(45, 32)
-> Request 5
547
(2, 1, 2)
3
(38, 10)
-> Request 6
569
(2, 2, 2)
1
(52, 71)
-> Request 7
629
(3, 2, 1)
2
(38, 10)
-> Request 8
735
(1, 2, 2)
3
(2, 38)
-> Request 9
811
(3, 3, 1)
3
(48, 36)
-> Request 10
1185
(1, 3, 1)
3
(66, 64)
-> Request 11
1312
(2, 1, 2)
2
(33, 16)
-> Request 12
1393
(1, 1, 1)
3
(57, 38)
-> Request 13
1419
(2, 3, 2)
3
(60, 31)
-> Request 14
1432
(3, 3, 1)
2
(22, 38)
--> Day : 4
-> Request 0
66
(4, 3, 2)
3
(60, 31)
-> Request 1
233
(2, 1, 2)
2
(60, 46)
-> Request 2
490
(3, 3, 1)
1
(62, 62)
-> Request 3
623
(4, 3, 2)
3
(20, 56)
-> Request 4
695
(1, 1, 2)
2
(6, 0)
-> Request 5
813
(2, 1, 2)
2
(55, 75)
-> Request 6
931
(1, 3, 1)
3
(57, 78)
-> Request 7
1054
(4, 2, 2)
2
(45, 31)
-> Request 8
1074
(3, 2, 2)
3
(56, 11)
-> Request 9
1086
(1, 2, 1)
1
(61, 65)
-> Request 10
1121
(2, 3, 2)
1
(59, 67)
-> Request 11
1203
(3, 1, 1)
1
(52, 64)
-> Request 12
1337
(1, 1, 2)
2
(44, 54)
-> Request 13
1367
(2, 1, 2)
1
(37, 61)
---> Week : 19
--> Day : 0
-> Request 0
260
(2, 1, 1)
2
(51, 30)
-> Request 1
313
(4, 2, 2)
2
(39, 1)
-> Request 2
323
(4, 3, 2)
2
(59, 29)
-> Request 3
436
(3, 2, 1)
2
(63, 75)
-> Request 4
436
(3, 3, 2)
1
(53, 28)
-> Request 5
464
(4, 2, 2)
2
(48, 29)
-> Request 6
624
(4, 2, 2)
1
(60, 27)
-> Request 7
797
(4, 1, 1)
3
(51, 51)
-> Request 8
1049
(2, 3, 1)
2
(61, 39)
-> Request 9
1049
(2, 3, 1)
2
(65, 42)
-> Request 10
1298
(2, 3, 2)
3
(57, 17)
-> Request 11
1298
(1, 2, 1)
2
(54, 27)
-> Request 12
1389
(1, 3, 2)
3
(6, 32)
--> Day : 1
-> Request 0
184
(1, 2, 2)
2
(52, 33)
-> Request 1
278
(2, 3, 1)
1
(39, 43)
-> Request 2
285
(3, 2, 1)
1
(46, 46)
-> Request 3
694
(2, 3, 1)
2
(38, 79)
-> Request 4
760
(4, 3, 1)
3
(54, 22)
-> Request 5
807
(3, 2, 1)
2
(10, 9)
-> Request 6
872
(1, 3, 1)
1
(58, 47)
-> Request 7
878
(4, 2, 2)
1
(61, 22)
-> Request 8
1027
(2, 2, 1)
1
(52, 38)
-> Request 9
1260
(3, 2, 1)
2
(70, 68)
--> Day : 2
-> Request 0
79
(3, 2, 1)
1
(8, 62)
-> Request 1
91
(1, 3, 2)
2
(40, 47)
-> Request 2
110
(3, 3, 2)
1
(27, 65)
-> Request 3
494
(3, 3, 1)
1
(59, 16)
-> Request 4
528
(3, 2, 1)
2
(52, 15)
-> Request 5
660
(4, 3, 2)
1
(24, 7)
-> Request 6
1241
(1, 3, 2)
2
(52, 76)
--> Day : 3
-> Request 0
33
(3, 1, 2)
3
(9, 47)
-> Request 1
243
(1, 1, 1)
3
(64, 68)
-> Request 2
299
(2, 2, 2)
2
(47, 38)
-> Request 3
634
(2, 3, 2)
3
(10, 28)
-> Request 4
645
(2, 1, 1)
3
(47, 33)
-> Request 5
1093
(4, 1, 2)
1
(39, 48)
-> Request 6
1166
(2, 2, 1)
3
(32, 6)
--> Day : 4
-> Request 0
318
(2, 2, 2)
2
(4, 63)
-> Request 1
763
(2, 1, 2)
3
(57, 76)
-> Request 2
964
(4, 1, 1)
3
(60, 42)
-> Request 3
1311
(4, 1, 2)
3
(11, 28)
-> Request 4
1323
(1, 3, 2)
1
(44, 28)
-> Request 5
1386
(4, 1, 1)
2
(74, 76)
