---> Week : 0
--> Day : 0
-> Request 0
37
(1, 1, 2)
1
(56, 38)
-> Request 1
219
(3, 2, 2)
2
(40, 52)
-> Request 2
725
(1, 2, 2)
2
(67, 16)
-> Request 3
941
(4, 3, 2)
3
(56, 41)
-> Request 4
947
(4, 3, 2)
3
(4, 10)
-> Request 5
1017
(3, 3, 1)
2
(31, 10)
-> Request 6
1121
(2, 1, 2)
2
(44, 32)
--> Day : 1
-> Request 0
32
(1, 1, 2)
3
(36, 59)
-> Request 1
90
(4, 1, 1)
2
(50, 38)
-> Request 2
97
(1, 3, 1)
2
(54, 33)
-> Request 3
291
(2, 3, 1)
2
(15, 66)
-> Request 4
376
(1, 3, 2)
2
(63, 10)
-> Request 5
448
(4, 2, 1)
1
(65, 68)
-> Request 6
500
(2, 2, 1)
2
(66, 71)
-> Request 7
720
(4, 1, 2)
2
(58, 71)
-> Request 8
788
(2, 1, 1)
3
(56, 76)
-> Request 9
869
(2, 2, 1)
3
(75, 17)
-> Request 10
1032
(4, 3, 2)
3
(52, 34)
-> Request 11
1068
(2, 1, 1)
2
(9, 20)
--> Day : 2
-> Request 0
242
(3, 3, 2)
1
(33, 38)
-> Request 1
320
(3, 1, 1)
3
(27, 8)
-> Request 2
361
(1, 2, 1)
1
(15, 26)
-> Request 3
431
(4, 3, 2)
2
(55, 71)
-> Request 4
686
(3, 2, 2)
1
(39, 63)
-> Request 5
789
(1, 1, 1)
3
(61, 41)
-> Request 6
1261
(1, 3, 1)
1
(40, 59)
-> Request 7
1434
(3, 3, 2)
2
(52, 76)
--> Day : 3
-> Request 0
185
(4, 3, 1)
2
(63, 47)
-> Request 1
338
(2, 3, 2)
3
(74, 74)
-> Request 2
417
(3, 3, 1)
1
(12, 25)
-> Request 3
995
(4, 2, 2)
1
(74, 76)
-> Request 4
1236
(3, 3, 2)
3
(77, 74)
-> Request 5
1271
(1, 1, 2)
2
(45, 39)
--> Day : 4
-> Request 0
467
(3, 2, 1)
1
(64, 77)
-> Request 1
584
(3, 3, 2)
3
(71, 31)
-> Request 2
749
(2, 3, 1)
1
(55, 77)
-> Request 3
848
(1, 3, 1)
1
(62, 67)
-> Request 4
997
(2, 2, 2)
1
(72, 12)
-> Request 5
1229
(1, 2, 2)
1
(33, 1)
-> Request 6
1335
(4, 2, 1)
1
(48, 40)
-> Request 7
1429
(1, 3, 2)
2
(46, 38)
---> Week : 1
--> Day : 0
-> Request 0
195
(1, 2, 1)
2
(66, 72)
-> Request 1
287
(4, 3, 1)
1
(59, 37)
-> Request 2
592
(1, 2, 1)
3
(43, 39)
-> Request 3
685
(1, 2, 1)
1
(66, 73)
-> Request 4
1255
(2, 1, 2)
2
(13, 27)
-> Request 5
1276
(2, 2, 2)
1
(72, 12)
--> Day : 1
-> Request 0
103
(4, 3, 2)
3
(20, 38)
-> Request 1
232
(4, 3, 1)
2
(38, 26)
-> Request 2
257
(2, 3, 1)
2
(77, 0)
-> Request 3
1037
(2, 3, 1)
2
(40, 6)
-> Request 4
1193
(2, 2, 2)
1
(63, 78)
-> Request 5
1347
(2, 2, 1)
2
(34, 10)
-> Request 6
1425
(3, 1, 2)
2
(56, 44)
--> Day : 2
-> Request 0
140
(2, 3, 1)
1
(62, 38)
-> Request 1
182
(3, 2, 2)
2
(54, 41)
-> Request 2
341
(3, 1, 2)
2
(62, 47)
-> Request 3
409
(3, 3, 1)
1
(62, 36)
-> Request 4
575
(4, 3, 2)
1
(14, 50)
-> Request 5
791
(2, 2, 1)
2
(54, 57)
-> Request 6
863
(4, 1, 1)
3
(71, 25)
-> Request 7
899
(3, 3, 2)
2
(61, 41)
-> Request 8
1108
(4, 2, 1)
2
(62, 65)
-> Request 9
1263
(2, 3, 1)
1
(55, 71)
--> Day : 3
-> Request 0
172
(3, 1, 2)
1
(58, 32)
-> Request 1
285
(4, 1, 2)
2
(77, 65)
-> Request 2
762
(4, 1, 1)
2
(54, 41)
-> Request 3
1119
(4, 2, 1)
1
(70, 1)
--> Day : 4
-> Request 0
2
(3, 3, 1)
1
(24, 25)
-> Request 1
24
(3, 2, 2)
3
(14, 29)
-> Request 2
88
(1, 3, 2)
1
(37, 64)
-> Request 3
201
(3, 1, 2)
1
(54, 35)
-> Request 4
627
(1, 2, 2)
1
(59, 34)
-> Request 5
632
(2, 2, 1)
1
(58, 77)
-> Request 6
799
(4, 1, 1)
1
(62, 33)
-> Request 7
878
(4, 2, 2)
1
(70, 19)
-> Request 8
933
(4, 3, 2)
3
(57, 34)
-> Request 9
1363
(4, 3, 2)
2
(41, 28)
-> Request 10
1392
(2, 3, 2)
2
(9, 28)
---> Week : 2
--> Day : 0
-> Request 0
137
(4, 2, 2)
2
(45, 40)
-> Request 1
285
(4, 1, 2)
2
(51, 38)
-> Request 2
373
(1, 1, 2)
1
(8, 20)
-> Request 3
506
(3, 3, 2)
2
(62, 65)
-> Request 4
752
(1, 1, 2)
3
(43, 51)
-> Request 5
785
(4, 1, 2)
2
(63, 69)
-> Request 6
786
(1, 2, 1)
1
(22, 7)
-> Request 7
853
(1, 2, 1)
3
(71, 25)
-> Request 8
1000
(2, 1, 2)
1
(53, 77)
-> Request 9
1076
(2, 2, 1)
3
(59, 72)
-> Request 10
1309
(3, 3, 1)
2
(52, 73)
--> Day : 1
-> Request 0
185
(2, 1, 1)
3
(47, 38)
-> Request 1
401
(2, 3, 1)
1
(50, 45)
-> Request 2
453
(3, 3, 1)
1
(59, 69)
-> Request 3
490
(1, 3, 2)
1
(57, 44)
-> Request 4
523
(2, 3, 2)
1
(18, 62)
-> Request 5
537
(4, 3, 1)
3
(60, 32)
-> Request 6
595
(3, 1, 1)
1
(61, 35)
-> Request 7
639
(2, 2, 1)
1
(75, 58)
-> Request 8
650
(2, 3, 2)
1
(9, 23)
-> Request 9
867
(3, 3, 1)
2
(24, 45)
-> Request 10
963
(2, 2, 2)
2
(58, 69)
-> Request 11
969
(3, 2, 1)
3
(57, 30)
-> Request 12
1106
(4, 2, 2)
3
(11, 26)
--> Day : 2
-> Request 0
155
(1, 3, 2)
1
(48, 45)
-> Request 1
347
(1, 2, 1)
3
(49, 40)
-> Request 2
409
(4, 2, 2)
2
(47, 42)
-> Request 3
502
(4, 1, 2)
3
(17, 29)
-> Request 4
572
(1, 1, 2)
1
(15, 29)
-> Request 5
726
(4, 2, 2)
3
(73, 8)
-> Request 6
797
(1, 2, 1)
3
(60, 77)
-> Request 7
1155
(2, 1, 2)
2
(9, 44)
--> Day : 3
-> Request 0
987
(4, 2, 2)
2
(57, 31)
-> Request 1
1413
(1, 3, 2)
3
(36, 65)
--> Day : 4
-> Request 0
259
(2, 3, 1)
2
(43, 79)
-> Request 1
375
(3, 3, 2)
3
(62, 77)
-> Request 2
882
(1, 2, 2)
2
(15, 63)
-> Request 3
1283
(3, 2, 1)
2
(64, 66)
---> Week : 3
--> Day : 0
-> Request 0
204
(2, 2, 2)
3
(61, 42)
-> Request 1
306
(3, 3, 1)
1
(46, 31)
-> Request 2
328
(4, 3, 2)
1
(59, 68)
-> Request 3
481
(3, 3, 2)
2
(58, 77)
-> Request 4
509
(1, 1, 2)
3
(26, 78)
-> Request 5
680
(4, 1, 2)
1
(47, 28)
-> Request 6
683
(1, 2, 2)
1
(40, 3)
-> Request 7
730
(4, 1, 2)
1
(60, 37)
-> Request 8
848
(3, 1, 1)
3
(56, 45)
-> Request 9
970
(2, 1, 2)
1
(8, 21)
-> Request 10
1137
(1, 1, 2)
1
(43, 41)
-> Request 11
1252
(2, 2, 1)
2
(53, 37)
-> Request 12
1385
(1, 1, 1)
2
(60, 73)
--> Day : 1
-> Request 0
156
(3, 2, 1)
1
(18, 67)
-> Request 1
328
(3, 2, 1)
2
(51, 55)
-> Request 2
491
(1, 1, 1)
2
(61, 69)
-> Request 3
517
(2, 3, 1)
3
(34, 40)
-> Request 4
687
(1, 3, 2)
2
(8, 25)
-> Request 5
708
(1, 1, 2)
1
(65, 75)
-> Request 6
1054
(3, 1, 2)
1
(54, 64)
-> Request 7
1412
(3, 2, 2)
1
(0, 56)
--> Day : 2
-> Request 0
3
(3, 2, 1)
1
(61, 42)
-> Request 1
154
(3, 1, 2)
1
(26, 61)
-> Request 2
177
(4, 3, 1)
1
(61, 49)
-> Request 3
408
(2, 2, 2)
3
(48, 32)
-> Request 4
474
(1, 1, 1)
2
(55, 44)
-> Request 5
543
(4, 1, 2)
2
(76, 60)
-> Request 6
574
(4, 1, 1)
3
(16, 24)
-> Request 7
619
(2, 3, 1)
2
(52, 66)
-> Request 8
998
(1, 1, 2)
1
(9, 22)
-> Request 9
1093
(4, 2, 1)
1
(62, 68)
-> Request 10
1100
(1, 1, 1)
2
(63, 76)
-> Request 11
1140
(3, 3, 1)
1
(46, 22)
-> Request 12
1193
(1, 1, 2)
3
(38, 40)
-> Request 13
1271
(4, 3, 2)
3
(19, 46)
--> Day : 3
-> Request 0
43
(4, 2, 1)
2
(62, 27)
-> Request 1
150
(3, 1, 1)
2
(52, 64)
-> Request 2
273
(3, 2, 1)
1
(47, 41)
-> Request 3
613
(1, 1, 1)
2
(61, 68)
-> Request 4
677
(3, 3, 1)
3
(19, 6)
-> Request 5
700
(2, 2, 2)
3
(20, 72)
-> Request 6
1363
(4, 1, 2)
3
(67, 38)
-> Request 7
1395
(3, 1, 1)
3
(7, 45)
--> Day : 4
-> Request 0
574
(2, 3, 1)
2
(52, 75)
-> Request 1
731
(3, 1, 2)
2
(58, 68)
-> Request 2
1056
(4, 3, 1)
3
(17, 45)
-> Request 3
1171
(3, 3, 1)
2
(75, 11)
-> Request 4
1180
(1, 3, 1)
2
(73, 52)
-> Request 5
1191
(2, 3, 2)
3
(3, 22)
-> Request 6
1275
(4, 1, 1)
2
(5, 33)
-> Request 7
1365
(4, 1, 1)
2
(5, 79)
-> Request 8
1418
(4, 3, 1)
3
(43, 32)
---> Week : 4
--> Day : 0
-> Request 0
449
(1, 1, 1)
3
(53, 41)
-> Request 1
613
(3, 3, 1)
1
(65, 71)
-> Request 2
1083
(4, 2, 1)
1
(59, 78)
-> Request 3
1216
(2, 2, 1)
1
(27, 14)
-> Request 4
1268
(1, 1, 1)
2
(59, 36)
-> Request 5
1372
(4, 3, 2)
3
(65, 17)
--> Day : 1
-> Request 0
33
(4, 1, 2)
1
(44, 38)
-> Request 1
526
(1, 1, 2)
2
(61, 44)
-> Request 2
648
(1, 3, 1)
1
(72, 73)
-> Request 3
1110
(4, 1, 2)
1
(4, 64)
-> Request 4
1378
(3, 3, 1)
3
(9, 27)
-> Request 5
1388
(4, 1, 2)
3
(69, 69)
--> Day : 2
-> Request 0
320
(3, 2, 1)
2
(56, 72)
-> Request 1
475
(1, 1, 1)
1
(64, 65)
-> Request 2
556
(4, 1, 1)
3
(42, 22)
-> Request 3
572
(1, 2, 1)
2
(3, 74)
-> Request 4
822
(1, 3, 1)
2
(46, 42)
-> Request 5
1207
(1, 2, 1)
3
(58, 36)
--> Day : 3
-> Request 0
27
(4, 3, 1)
1
(54, 31)
-> Request 1
40
(3, 2, 1)
3
(64, 70)
-> Request 2
156
(2, 2, 1)
3
(45, 9)
-> Request 3
441
(3, 2, 1)
3
(64, 69)
-> Request 4
562
(4, 3, 1)
3
(3, 39)
-> Request 5
699
(1, 2, 2)
3
(42, 2)
-> Request 6
924
(2, 3, 2)
2
(8, 44)
-> Request 7
1217
(1, 3, 1)
2
(36, 3)
-> Request 8
1337
(3, 3, 2)
1
(34, 56)
--> Day : 4
-> Request 0
0
(4, 2, 2)
1
(53, 9)
-> Request 1
81
(3, 1, 2)
2
(57, 68)
-> Request 2
81
(2, 2, 2)
3
(59, 37)
-> Request 3
290
(2, 1, 2)
1
(59, 41)
-> Request 4
490
(3, 1, 1)
1
(1, 64)
-> Request 5
787
(4, 3, 1)
2
(57, 69)
-> Request 6
891
(3, 1, 1)
3
(53, 69)
-> Request 7
1261
(4, 1, 1)
3
(59, 50)
---> Week : 5
--> Day : 0
-> Request 0
306
(2, 1, 2)
3
(61, 35)
-> Request 1
465
(3, 2, 1)
3
(17, 21)
-> Request 2
825
(4, 1, 1)
1
(68, 79)
-> Request 3
1016
(4, 3, 1)
3
(0, 64)
-> Request 4
1087
(1, 3, 1)
2
(17, 28)
--> Day : 1
-> Request 0
148
(2, 3, 2)
3
(75, 28)
-> Request 1
200
(1, 3, 2)
1
(59, 68)
-> Request 2
257
(4, 3, 1)
1
(53, 76)
-> Request 3
607
(3, 1, 2)
3
(7, 66)
-> Request 4
717
(4, 2, 2)
1
(15, 76)
-> Request 5
805
(2, 3, 1)
1
(33, 23)
-> Request 6
1137
(1, 1, 2)
3
(50, 40)
-> Request 7
1149
(4, 2, 1)
2
(51, 27)
-> Request 8
1301
(1, 1, 1)
2
(66, 76)
-> Request 9
1438
(1, 3, 1)
3
(25, 46)
--> Day : 2
-> Request 0
143
(4, 2, 1)
2
(61, 32)
-> Request 1
320
(2, 1, 2)
1
(46, 36)
-> Request 2
658
(4, 3, 1)
2
(14, 24)
-> Request 3
689
(1, 2, 2)
2
(51, 67)
-> Request 4
957
(2, 1, 1)
2
(10, 17)
-> Request 5
1006
(2, 1, 2)
1
(57, 66)
-> Request 6
1206
(2, 1, 2)
3
(55, 3)
-> Request 7
1255
(1, 3, 2)
3
(57, 27)
--> Day : 3
-> Request 0
98
(1, 3, 1)
1
(35, 14)
-> Request 1
124
(2, 3, 1)
1
(39, 16)
-> Request 2
190
(1, 3, 2)
2
(32, 41)
-> Request 3
218
(1, 2, 2)
2
(62, 71)
-> Request 4
469
(4, 3, 1)
1
(42, 53)
-> Request 5
534
(3, 3, 2)
3
(50, 33)
-> Request 6
630
(4, 3, 2)
2
(56, 46)
-> Request 7
678
(2, 3, 1)
1
(59, 68)
-> Request 8
783
(1, 3, 2)
2
(13, 43)
-> Request 9
822
(3, 2, 2)
2
(37, 72)
-> Request 10
968
(4, 2, 1)
3
(19, 51)
-> Request 11
1169
(2, 2, 1)
3
(57, 46)
-> Request 12
1220
(4, 2, 2)
1
(14, 13)
-> Request 13
1314
(4, 3, 2)
3
(51, 12)
-> Request 14
1414
(4, 1, 1)
2
(25, 19)
--> Day : 4
-> Request 0
21
(2, 1, 2)
2
(56, 40)
-> Request 1
174
(2, 1, 2)
3
(49, 43)
-> Request 2
492
(3, 3, 2)
2
(43, 41)
-> Request 3
719
(2, 2, 1)
2
(4, 8)
-> Request 4
902
(2, 2, 2)
2
(56, 67)
-> Request 5
1219
(1, 3, 2)
2
(56, 79)
-> Request 6
1248
(1, 2, 2)
1
(54, 76)
-> Request 7
1253
(3, 1, 2)
1
(0, 25)
-> Request 8
1376
(3, 3, 1)
1
(55, 39)
-> Request 9
1417
(1, 1, 2)
2
(59, 67)
---> Week : 6
--> Day : 0
-> Request 0
212
(4, 3, 2)
3
(67, 10)
-> Request 1
370
(3, 3, 1)
2
(30, 34)
-> Request 2
484
(3, 2, 2)
2
(5, 26)
-> Request 3
528
(4, 1, 1)
3
(44, 48)
-> Request 4
686
(4, 3, 2)
1
(53, 76)
-> Request 5
880
(4, 1, 1)
2
(14, 24)
-> Request 6
1070
(1, 2, 1)
2
(44, 44)
-> Request 7
1210
(2, 3, 1)
1
(10, 26)
--> Day : 1
-> Request 0
201
(1, 3, 2)
3
(49, 32)
-> Request 1
210
(2, 3, 2)
1
(14, 23)
-> Request 2
493
(1, 1, 2)
1
(34, 43)
-> Request 3
672
(4, 1, 1)
2
(66, 74)
-> Request 4
683
(3, 2, 1)
1
(17, 31)
-> Request 5
755
(4, 1, 2)
3
(14, 62)
-> Request 6
755
(3, 1, 1)
3
(45, 38)
-> Request 7
808
(1, 2, 1)
2
(69, 57)
-> Request 8
1168
(2, 3, 2)
2
(22, 6)
-> Request 9
1169
(3, 3, 1)
1
(60, 68)
-> Request 10
1258
(3, 3, 2)
3
(25, 43)
-> Request 11
1329
(2, 3, 1)
1
(60, 73)
--> Day : 2
-> Request 0
31
(1, 3, 2)
2
(70, 17)
-> Request 1
213
(1, 3, 2)
3
(63, 76)
-> Request 2
452
(4, 1, 1)
2
(40, 20)
-> Request 3
574
(4, 1, 2)
1
(12, 72)
--> Day : 3
-> Request 0
129
(3, 3, 1)
3
(34, 23)
-> Request 1
209
(2, 3, 1)
3
(50, 37)
-> Request 2
354
(3, 2, 1)
1
(39, 48)
-> Request 3
515
(3, 2, 1)
1
(17, 29)
-> Request 4
575
(1, 2, 2)
2
(75, 35)
-> Request 5
626
(1, 2, 1)
1
(54, 45)
-> Request 6
693
(4, 2, 1)
2
(52, 43)
-> Request 7
786
(3, 3, 2)
1
(27, 67)
-> Request 8
1142
(1, 1, 1)
2
(62, 71)
-> Request 9
1170
(3, 2, 1)
2
(32, 14)
-> Request 10
1221
(4, 2, 2)
2
(75, 3)
--> Day : 4
-> Request 0
267
(3, 2, 2)
2
(74, 2)
-> Request 1
387
(1, 1, 1)
3
(55, 67)
-> Request 2
483
(4, 3, 1)
1
(33, 15)
-> Request 3
564
(1, 2, 1)
3
(49, 30)
-> Request 4
587
(4, 2, 2)
2
(43, 45)
-> Request 5
697
(2, 2, 1)
1
(57, 28)
-> Request 6
707
(4, 2, 1)
3
(5, 28)
-> Request 7
846
(2, 1, 2)
2
(13, 24)
-> Request 8
851
(1, 3, 1)
1
(46, 27)
-> Request 9
996
(2, 1, 1)
2
(48, 38)
-> Request 10
1080
(1, 3, 1)
2
(28, 27)
---> Week : 7
--> Day : 0
-> Request 0
631
(3, 1, 1)
1
(54, 2)
-> Request 1
651
(2, 1, 2)
3
(60, 76)
-> Request 2
667
(1, 3, 1)
3
(49, 28)
-> Request 3
828
(1, 3, 1)
3
(42, 63)
-> Request 4
895
(3, 2, 1)
1
(60, 77)
-> Request 5
923
(1, 2, 1)
3
(11, 20)
-> Request 6
924
(4, 3, 1)
2
(23, 25)
-> Request 7
1096
(1, 2, 2)
1
(58, 29)
-> Request 8
1111
(1, 1, 1)
1
(13, 14)
-> Request 9
1126
(2, 2, 2)
2
(59, 12)
-> Request 10
1141
(4, 3, 1)
2
(0, 41)
-> Request 11
1187
(2, 1, 2)
3
(55, 27)
-> Request 12
1390
(2, 1, 2)
1
(3, 2)
--> Day : 1
-> Request 0
225
(4, 1, 1)
1
(53, 30)
-> Request 1
228
(2, 2, 2)
3
(39, 0)
-> Request 2
301
(4, 2, 1)
2
(63, 78)
-> Request 3
632
(1, 3, 1)
3
(57, 73)
-> Request 4
634
(4, 3, 1)
1
(41, 50)
-> Request 5
877
(2, 2, 2)
1
(63, 65)
-> Request 6
1030
(4, 2, 2)
3
(62, 41)
-> Request 7
1163
(3, 1, 2)
2
(45, 39)
-> Request 8
1421
(2, 1, 2)
2
(63, 71)
-> Request 9
1437
(3, 3, 1)
2
(44, 72)
--> Day : 2
-> Request 0
45
(3, 3, 2)
1
(47, 28)
-> Request 1
244
(4, 3, 1)
1
(4, 74)
-> Request 2
250
(1, 2, 1)
2
(45, 28)
-> Request 3
342
(4, 2, 1)
2
(2, 43)
-> Request 4
433
(3, 3, 2)
3
(58, 44)
-> Request 5
553
(3, 1, 2)
1
(60, 43)
-> Request 6
610
(4, 1, 1)
1
(9, 54)
-> Request 7
629
(4, 3, 2)
3
(73, 16)
-> Request 8
691
(2, 3, 1)
3
(44, 47)
-> Request 9
1056
(4, 3, 2)
3
(16, 20)
--> Day : 3
-> Request 0
289
(3, 1, 1)
2
(47, 30)
-> Request 1
377
(1, 3, 2)
1
(55, 42)
-> Request 2
403
(1, 1, 1)
3
(10, 42)
-> Request 3
411
(4, 2, 1)
3
(47, 42)
-> Request 4
520
(4, 1, 2)
3
(54, 41)
-> Request 5
650
(2, 3, 1)
1
(75, 67)
-> Request 6
764
(3, 3, 2)
2
(5, 43)
-> Request 7
773
(1, 1, 1)
3
(18, 0)
-> Request 8
786
(1, 2, 2)
3
(50, 16)
-> Request 9
835
(3, 3, 1)
3
(60, 39)
-> Request 10
917
(1, 1, 2)
2
(60, 38)
-> Request 11
1427
(4, 3, 2)
1
(17, 8)
--> Day : 4
-> Request 0
710
(4, 3, 2)
2
(64, 74)
-> Request 1
807
(1, 3, 2)
3
(2, 69)
-> Request 2
972
(4, 1, 2)
3
(57, 66)
-> Request 3
1080
(2, 2, 2)
3
(48, 36)
---> Week : 8
--> Day : 0
-> Request 0
12
(4, 2, 1)
1
(43, 35)
-> Request 1
40
(2, 3, 2)
3
(6, 37)
-> Request 2
168
(3, 1, 2)
3
(47, 38)
-> Request 3
384
(2, 3, 1)
1
(34, 78)
-> Request 4
511
(4, 2, 2)
3
(64, 60)
-> Request 5
701
(4, 2, 1)
3
(58, 68)
-> Request 6
742
(3, 3, 1)
3
(60, 36)
-> Request 7
1100
(3, 3, 2)
3
(68, 54)
-> Request 8
1147
(1, 3, 2)
3
(29, 28)
-> Request 9
1151
(1, 3, 2)
3
(44, 40)
-> Request 10
1157
(2, 1, 2)
1
(45, 11)
-> Request 11
1199
(3, 3, 1)
3
(16, 20)
-> Request 12
1235
(2, 3, 1)
1
(21, 79)
-> Request 13
1318
(4, 3, 2)
3
(51, 46)
--> Day : 1
-> Request 0
5
(4, 2, 1)
3
(43, 43)
-> Request 1
377
(2, 2, 1)
2
(46, 37)
-> Request 2
448
(4, 3, 2)
1
(47, 29)
-> Request 3
516
(3, 3, 1)
3
(44, 30)
-> Request 4
1023
(4, 1, 2)
3
(48, 5)
-> Request 5
1341
(4, 1, 1)
2
(71, 37)
--> Day : 2
-> Request 0
6
(4, 2, 2)
3
(8, 25)
-> Request 1
113
(1, 3, 1)
2
(44, 34)
-> Request 2
166
(3, 3, 1)
1
(3, 2)
-> Request 3
745
(1, 3, 1)
1
(42, 57)
-> Request 4
756
(1, 2, 2)
3
(7, 53)
-> Request 5
823
(4, 2, 2)
1
(12, 1)
-> Request 6
1148
(4, 2, 1)
2
(44, 27)
-> Request 7
1154
(1, 2, 2)
3
(53, 29)
-> Request 8
1281
(4, 2, 1)
3
(44, 31)
-> Request 9
1309
(4, 2, 1)
1
(65, 18)
--> Day : 3
-> Request 0
389
(3, 1, 1)
2
(62, 12)
-> Request 1
449
(4, 1, 1)
3
(11, 25)
-> Request 2
659
(4, 1, 2)
1
(10, 46)
-> Request 3
694
(2, 1, 1)
1
(50, 30)
-> Request 4
796
(2, 3, 1)
1
(66, 56)
-> Request 5
968
(1, 1, 2)
2
(74, 63)
-> Request 6
974
(3, 2, 2)
3
(63, 66)
-> Request 7
996
(3, 3, 1)
1
(55, 13)
-> Request 8
1049
(1, 1, 2)
1
(29, 73)
-> Request 9
1127
(1, 1, 2)
3
(54, 43)
-> Request 10
1195
(1, 1, 2)
1
(61, 42)
-> Request 11
1237
(3, 1, 1)
1
(54, 77)
-> Request 12
1242
(3, 2, 1)
1
(8, 74)
-> Request 13
1260
(1, 1, 2)
2
(78, 61)
-> Request 14
1420
(3, 3, 2)
1
(58, 27)
--> Day : 4
-> Request 0
214
(1, 1, 1)
1
(57, 46)
-> Request 1
221
(1, 2, 2)
3
(23, 2)
-> Request 2
270
(4, 3, 2)
1
(74, 50)
-> Request 3
362
(1, 2, 2)
1
(20, 3)
-> Request 4
474
(2, 2, 1)
2
(2, 0)
-> Request 5
503
(4, 1, 2)
2
(18, 61)
-> Request 6
524
(3, 1, 1)
1
(53, 72)
-> Request 7
609
(1, 1, 1)
1
(59, 73)
-> Request 8
719
(1, 1, 2)
2
(44, 33)
-> Request 9
737
(4, 3, 1)
2
(79, 24)
-> Request 10
755
(1, 3, 1)
3
(43, 45)
---> Week : 9
--> Day : 0
-> Request 0
247
(3, 1, 1)
2
(59, 72)
-> Request 1
444
(3, 1, 2)
3
(70, 60)
-> Request 2
452
(2, 1, 2)
1
(8, 61)
-> Request 3
566
(1, 3, 2)
1
(56, 73)
-> Request 4
743
(3, 3, 1)
3
(65, 32)
-> Request 5
887
(2, 2, 1)
3
(55, 45)
-> Request 6
952
(2, 1, 1)
2
(59, 41)
-> Request 7
1106
(2, 1, 1)
3
(58, 58)
-> Request 8
1160
(1, 3, 1)
1
(20, 63)
--> Day : 1
-> Request 0
49
(2, 3, 1)
2
(44, 35)
-> Request 1
119
(2, 1, 2)
1
(10, 26)
-> Request 2
237
(1, 3, 1)
3
(54, 78)
-> Request 3
440
(1, 2, 1)
1
(51, 76)
-> Request 4
734
(3, 2, 2)
2
(64, 7)
-> Request 5
778
(1, 3, 2)
2
(37, 22)
-> Request 6
1305
(2, 1, 2)
2
(51, 5)
-> Request 7
1324
(3, 3, 2)
1
(58, 46)
--> Day : 2
-> Request 0
62
(4, 3, 2)
1
(10, 25)
-> Request 1
128
(3, 1, 2)
1
(54, 43)
-> Request 2
157
(4, 1, 2)
1
(14, 21)
-> Request 3
269
(1, 3, 2)
3
(7, 19)
-> Request 4
271
(1, 1, 2)
1
(59, 64)
-> Request 5
276
(1, 2, 1)
1
(66, 43)
-> Request 6
291
(4, 1, 2)
2
(44, 64)
-> Request 7
328
(1, 2, 2)
3
(78, 57)
-> Request 8
349
(3, 2, 1)
3
(15, 27)
-> Request 9
385
(2, 1, 2)
1
(11, 38)
-> Request 10
450
(3, 1, 2)
3
(54, 40)
-> Request 11
1146
(4, 1, 1)
1
(47, 41)
-> Request 12
1151
(3, 1, 1)
3
(78, 67)
-> Request 13
1202
(1, 3, 1)
2
(13, 35)
-> Request 14
1202
(1, 1, 2)
2
(57, 75)
--> Day : 3
-> Request 0
219
(4, 2, 2)
1
(56, 45)
-> Request 1
222
(2, 3, 2)
1
(16, 25)
-> Request 2
248
(3, 2, 2)
3
(13, 0)
-> Request 3
430
(3, 2, 2)
2
(70, 62)
-> Request 4
1170
(4, 2, 1)
3
(56, 31)
-> Request 5
1225
(2, 2, 2)
2
(44, 27)
--> Day : 4
-> Request 0
153
(1, 2, 2)
1
(47, 46)
-> Request 1
244
(4, 2, 1)
3
(70, 69)
-> Request 2
605
(1, 1, 2)
3
(47, 31)
-> Request 3
791
(4, 2, 2)
2
(58, 77)
-> Request 4
899
(3, 3, 2)
2
(52, 28)
-> Request 5
1157
(3, 3, 2)
2
(35, 35)
-> Request 6
1228
(2, 2, 1)
3
(53, 46)
-> Request 7
1311
(1, 2, 2)
2
(49, 27)
-> Request 8
1393
(2, 2, 1)
3
(71, 21)
-> Request 9
1410
(2, 3, 2)
2
(56, 37)
---> Week : 10
--> Day : 0
-> Request 0
3
(1, 1, 2)
2
(54, 73)
-> Request 1
329
(1, 1, 2)
3
(24, 33)
-> Request 2
346
(2, 1, 2)
2
(61, 30)
-> Request 3
588
(1, 3, 2)
3
(26, 59)
-> Request 4
703
(3, 1, 2)
2
(57, 41)
-> Request 5
1023
(3, 2, 2)
1
(58, 7)
--> Day : 1
-> Request 0
8
(1, 2, 1)
2
(23, 63)
-> Request 1
211
(1, 2, 2)
3
(66, 67)
-> Request 2
383
(1, 2, 1)
1
(10, 55)
-> Request 3
513
(3, 1, 1)
2
(0, 62)
-> Request 4
633
(4, 3, 1)
3
(35, 48)
-> Request 5
701
(3, 1, 1)
3
(32, 20)
-> Request 6
710
(1, 3, 1)
2
(13, 3)
-> Request 7
878
(4, 3, 2)
1
(73, 53)
-> Request 8
957
(3, 2, 1)
3
(57, 77)
-> Request 9
979
(2, 3, 1)
1
(53, 70)
-> Request 10
1028
(4, 2, 2)
3
(64, 64)
-> Request 11
1217
(2, 3, 2)
2
(31, 66)
--> Day : 2
-> Request 0
56
(1, 3, 1)
3
(59, 42)
-> Request 1
141
(1, 3, 1)
1
(53, 43)
-> Request 2
451
(3, 2, 1)
3
(10, 26)
-> Request 3
534
(4, 1, 2)
1
(61, 7)
-> Request 4
549
(1, 1, 2)
1
(65, 70)
-> Request 5
679
(4, 2, 2)
2
(6, 12)
-> Request 6
1057
(2, 3, 1)
2
(52, 75)
-> Request 7
1100
(1, 3, 2)
1
(57, 33)
-> Request 8
1233
(3, 1, 1)
3
(47, 33)
--> Day : 3
-> Request 0
132
(1, 2, 2)
3
(76, 23)
-> Request 1
325
(4, 3, 1)
1
(21, 34)
-> Request 2
572
(2, 3, 2)
3
(63, 25)
-> Request 3
614
(4, 2, 1)
3
(47, 22)
-> Request 4
841
(4, 2, 1)
3
(27, 49)
-> Request 5
1213
(3, 1, 1)
2
(23, 73)
-> Request 6
1380
(1, 1, 1)
1
(52, 66)
-> Request 7
1422
(3, 2, 1)
2
(46, 37)
--> Day : 4
-> Request 0
58
(4, 3, 2)
2
(53, 37)
-> Request 1
603
(2, 2, 1)
3
(9, 31)
-> Request 2
674
(1, 2, 1)
2
(59, 65)
-> Request 3
1102
(2, 1, 2)
1
(16, 27)
-> Request 4
1114
(4, 1, 1)
3
(4, 11)
-> Request 5
1149
(3, 1, 1)
3
(4, 19)
-> Request 6
1409
(4, 1, 2)
2
(63, 67)
-> Request 7
1429
(2, 2, 2)
3
(0, 21)
---> Week : 11
--> Day : 0
-> Request 0
188
(4, 3, 2)
3
(59, 9)
-> Request 1
308
(3, 2, 1)
1
(77, 77)
-> Request 2
532
(4, 1, 2)
1
(61, 68)
-> Request 3
635
(3, 1, 1)
1
(59, 35)
-> Request 4
767
(4, 2, 2)
2
(60, 75)
-> Request 5
1102
(4, 3, 2)
3
(66, 4)
-> Request 6
1170
(4, 2, 2)
2
(61, 78)
--> Day : 1
-> Request 0
273
(4, 3, 1)
1
(14, 34)
-> Request 1
377
(1, 2, 1)
3
(57, 41)
-> Request 2
478
(3, 2, 1)
1
(19, 67)
-> Request 3
610
(1, 3, 2)
2
(10, 35)
-> Request 4
782
(2, 1, 1)
2
(47, 16)
-> Request 5
1268
(4, 3, 2)
3
(9, 26)
--> Day : 2
-> Request 0
525
(2, 3, 2)
1
(13, 22)
-> Request 1
616
(3, 2, 2)
1
(53, 31)
-> Request 2
1049
(1, 1, 1)
1
(55, 43)
-> Request 3
1265
(2, 3, 2)
2
(62, 73)
-> Request 4
1438
(2, 2, 1)
1
(45, 42)
--> Day : 3
-> Request 0
35
(3, 1, 1)
2
(54, 45)
-> Request 1
96
(2, 2, 2)
2
(3, 13)
-> Request 2
187
(4, 1, 1)
2
(26, 54)
-> Request 3
458
(2, 3, 2)
2
(54, 30)
-> Request 4
565
(1, 3, 1)
3
(19, 72)
-> Request 5
909
(4, 2, 2)
3
(62, 37)
-> Request 6
966
(3, 2, 2)
1
(72, 54)
-> Request 7
1264
(1, 2, 1)
2
(14, 68)
--> Day : 4
-> Request 0
198
(3, 2, 1)
2
(41, 18)
-> Request 1
256
(3, 1, 1)
2
(57, 43)
-> Request 2
299
(1, 1, 1)
3
(59, 19)
-> Request 3
480
(4, 3, 1)
2
(52, 45)
-> Request 4
683
(3, 3, 1)
3
(17, 46)
-> Request 5
920
(4, 3, 2)
1
(55, 77)
-> Request 6
924
(1, 3, 1)
2
(66, 2)
---> Week : 12
--> Day : 0
-> Request 0
499
(3, 3, 2)
3
(64, 78)
-> Request 1
530
(1, 3, 1)
2
(56, 38)
-> Request 2
642
(4, 2, 2)
2
(16, 24)
-> Request 3
651
(1, 3, 2)
3
(63, 71)
-> Request 4
678
(1, 3, 2)
2
(57, 76)
-> Request 5
1087
(3, 3, 1)
2
(49, 37)
-> Request 6
1206
(1, 2, 2)
2
(2, 33)
-> Request 7
1243
(4, 3, 1)
1
(60, 3)
-> Request 8
1372
(1, 2, 1)
3
(57, 27)
-> Request 9
1434
(3, 1, 2)
3
(29, 37)
--> Day : 1
-> Request 0
51
(4, 2, 2)
2
(46, 35)
-> Request 1
75
(2, 3, 2)
2
(62, 65)
-> Request 2
219
(2, 3, 2)
2
(62, 68)
-> Request 3
257
(3, 3, 2)
3
(20, 15)
-> Request 4
625
(1, 3, 1)
3
(44, 68)
-> Request 5
742
(1, 1, 2)
2
(60, 35)
-> Request 6
812
(3, 1, 2)
2
(57, 71)
-> Request 7
968
(2, 2, 1)
2
(9, 29)
-> Request 8
1094
(3, 3, 1)
2
(54, 73)
-> Request 9
1243
(4, 1, 2)
3
(56, 40)
-> Request 10
1250
(3, 2, 1)
3
(15, 25)
--> Day : 2
-> Request 0
120
(4, 3, 1)
2
(11, 25)
-> Request 1
402
(3, 1, 2)
2
(62, 31)
-> Request 2
498
(4, 1, 2)
2
(58, 41)
-> Request 3
690
(4, 1, 2)
2
(51, 41)
-> Request 4
1077
(2, 3, 2)
1
(72, 8)
-> Request 5
1274
(1, 1, 1)
3
(62, 34)
-> Request 6
1329
(3, 3, 1)
3
(8, 18)
-> Request 7
1396
(2, 1, 1)
3
(17, 46)
--> Day : 3
-> Request 0
412
(1, 2, 2)
3
(6, 79)
-> Request 1
558
(2, 2, 1)
2
(79, 33)
-> Request 2
675
(2, 1, 2)
3
(31, 28)
-> Request 3
785
(1, 3, 1)
2
(62, 74)
-> Request 4
854
(2, 2, 1)
2
(63, 74)
-> Request 5
950
(4, 3, 2)
2
(45, 21)
-> Request 6
962
(4, 1, 1)
1
(3, 60)
-> Request 7
1393
(3, 2, 2)
2
(28, 4)
-> Request 8
1430
(2, 1, 2)
3
(42, 53)
--> Day : 4
-> Request 0
122
(2, 2, 1)
1
(10, 62)
-> Request 1
126
(1, 3, 1)
2
(41, 42)
-> Request 2
213
(4, 2, 1)
3
(2, 11)
-> Request 3
244
(3, 2, 2)
1
(13, 51)
-> Request 4
245
(1, 2, 2)
1
(9, 22)
-> Request 5
383
(3, 1, 1)
2
(13, 26)
-> Request 6
480
(2, 1, 1)
1
(53, 48)
-> Request 7
709
(3, 3, 2)
1
(56, 47)
-> Request 8
1009
(2, 2, 1)
1
(63, 73)
-> Request 9
1061
(4, 3, 2)
3
(78, 74)
-> Request 10
1344
(3, 2, 1)
3
(61, 45)
-> Request 11
1379
(2, 3, 1)
1
(9, 1)
---> Week : 13
--> Day : 0
-> Request 0
87
(4, 2, 2)
2
(52, 65)
-> Request 1
235
(3, 1, 1)
2
(52, 42)
-> Request 2
296
(2, 3, 1)
3
(55, 69)
-> Request 3
527
(4, 2, 2)
2
(73, 23)
-> Request 4
762
(4, 1, 1)
2
(13, 26)
-> Request 5
1278
(3, 1, 2)
1
(48, 28)
-> Request 6
1432
(3, 1, 2)
2
(12, 4)
--> Day : 1
-> Request 0
42
(3, 2, 1)
1
(52, 77)
-> Request 1
146
(1, 1, 2)
1
(32, 30)
-> Request 2
200
(1, 1, 1)
3
(71, 60)
-> Request 3
241
(4, 1, 2)
3
(64, 64)
-> Request 4
352
(3, 2, 2)
2
(72, 4)
-> Request 5
370
(3, 2, 2)
1
(60, 30)
-> Request 6
374
(4, 2, 1)
2
(65, 72)
-> Request 7
650
(1, 2, 1)
1
(69, 59)
-> Request 8
722
(1, 3, 1)
1
(19, 11)
-> Request 9
1280
(3, 3, 1)
1
(45, 32)
-> Request 10
1417
(4, 3, 2)
2
(15, 19)
--> Day : 2
-> Request 0
13
(1, 3, 2)
3
(60, 31)
-> Request 1
69
(3, 2, 2)
2
(62, 36)
-> Request 2
192
(3, 3, 2)
1
(54, 38)
-> Request 3
239
(3, 1, 2)
3
(57, 42)
-> Request 4
325
(2, 3, 1)
1
(60, 69)
-> Request 5
384
(2, 3, 1)
3
(55, 74)
-> Request 6
392
(1, 2, 1)
1
(48, 38)
-> Request 7
401
(1, 1, 2)
2
(59, 43)
-> Request 8
467
(2, 3, 1)
2
(50, 38)
-> Request 9
662
(4, 3, 2)
2
(55, 30)
-> Request 10
837
(2, 3, 2)
2
(7, 32)
-> Request 11
857
(3, 3, 2)
2
(13, 19)
-> Request 12
1015
(1, 2, 1)
2
(11, 25)
-> Request 13
1100
(3, 2, 2)
1
(34, 51)
-> Request 14
1398
(1, 1, 2)
1
(47, 35)
--> Day : 3
-> Request 0
115
(2, 1, 1)
2
(12, 28)
-> Request 1
161
(2, 3, 1)
3
(62, 40)
-> Request 2
296
(3, 1, 1)
3
(52, 35)
-> Request 3
401
(1, 2, 1)
2
(52, 39)
-> Request 4
511
(1, 2, 2)
2
(61, 38)
-> Request 5
566
(4, 3, 1)
3
(56, 34)
-> Request 6
594
(3, 2, 2)
1
(57, 78)
-> Request 7
795
(2, 3, 1)
2
(53, 33)
-> Request 8
1011
(2, 3, 2)
2
(42, 0)
-> Request 9
1018
(2, 3, 1)
2
(48, 45)
-> Request 10
1284
(1, 3, 1)
1
(20, 26)
--> Day : 4
-> Request 0
88
(4, 1, 1)
3
(37, 62)
-> Request 1
298
(3, 3, 1)
3
(44, 29)
-> Request 2
361
(1, 3, 2)
3
(27, 67)
-> Request 3
372
(2, 2, 2)
2
(32, 50)
-> Request 4
531
(3, 1, 2)
3
(34, 37)
-> Request 5
566
(1, 1, 1)
3
(56, 72)
-> Request 6
634
(3, 1, 2)
3
(56, 70)
-> Request 7
685
(3, 1, 1)
2
(46, 76)
-> Request 8
880
(4, 3, 2)
1
(59, 38)
-> Request 9
909
(4, 2, 2)
1
(49, 73)
-> Request 10
1202
(1, 1, 2)
3
(9, 7)
-> Request 11
1274
(1, 2, 1)
3
(48, 73)
-> Request 12
1406
(2, 1, 1)
3
(28, 30)
---> Week : 14
--> Day : 0
-> Request 0
243
(4, 2, 1)
1
(52, 45)
-> Request 1
335
(2, 1, 1)
1
(37, 64)
-> Request 2
574
(4, 2, 2)
2
(70, 22)
-> Request 3
799
(4, 3, 1)
1
(53, 27)
--> Day : 1
-> Request 0
89
(3, 1, 1)
3
(13, 25)
-> Request 1
142
(4, 1, 1)
3
(17, 20)
-> Request 2
158
(2, 2, 2)
1
(49, 46)
-> Request 3
341
(4, 2, 1)
3
(60, 38)
-> Request 4
590
(3, 1, 1)
2
(32, 1)
-> Request 5
739
(1, 2, 1)
3
(68, 45)
-> Request 6
873
(3, 1, 2)
3
(14, 29)
-> Request 7
1045
(1, 1, 1)
2
(50, 35)
-> Request 8
1178
(1, 3, 2)
1
(62, 74)
-> Request 9
1180
(4, 2, 1)
1
(15, 29)
-> Request 10
1335
(2, 3, 1)
1
(52, 77)
--> Day : 2
-> Request 0
65
(2, 2, 2)
3
(4, 33)
-> Request 1
150
(1, 2, 1)
2
(53, 44)
-> Request 2
150
(4, 3, 2)
3
(65, 76)
-> Request 3
171
(3, 1, 2)
2
(46, 38)
-> Request 4
204
(2, 2, 2)
3
(8, 25)
-> Request 5
287
(4, 2, 2)
2
(66, 76)
-> Request 6
453
(3, 3, 1)
2
(16, 27)
-> Request 7
668
(3, 1, 2)
3
(54, 37)
-> Request 8
837
(1, 2, 2)
2
(79, 20)
-> Request 9
1189
(3, 1, 2)
3
(14, 20)
-> Request 10
1233
(3, 2, 1)
3
(41, 19)
--> Day : 3
-> Request 0
259
(4, 3, 1)
2
(23, 14)
-> Request 1
295
(3, 3, 1)
3
(43, 28)
-> Request 2
357
(4, 2, 1)
1
(61, 40)
-> Request 3
488
(3, 3, 1)
3
(58, 68)
-> Request 4
695
(4, 1, 2)
1
(45, 39)
-> Request 5
903
(4, 1, 2)
1
(69, 74)
-> Request 6
1014
(3, 2, 1)
2
(45, 36)
-> Request 7
1020
(4, 3, 1)
1
(56, 41)
-> Request 8
1414
(2, 3, 1)
1
(44, 32)
--> Day : 4
-> Request 0
13
(4, 3, 2)
3
(10, 73)
-> Request 1
433
(3, 3, 2)
2
(74, 8)
-> Request 2
577
(4, 3, 2)
3
(52, 77)
-> Request 3
603
(2, 3, 1)
3
(50, 42)
-> Request 4
621
(1, 1, 2)
1
(56, 44)
-> Request 5
754
(4, 2, 2)
3
(45, 27)
-> Request 6
797
(2, 2, 1)
3
(71, 4)
-> Request 7
846
(4, 2, 1)
2
(6, 64)
-> Request 8
869
(1, 1, 2)
3
(55, 5)
-> Request 9
1198
(3, 2, 1)
1
(59, 39)
-> Request 10
1243
(1, 3, 1)
3
(9, 20)
-> Request 11
1303
(4, 2, 1)
1
(54, 45)
---> Week : 15
--> Day : 0
-> Request 0
12
(1, 2, 2)
2
(64, 28)
-> Request 1
92
(1, 1, 2)
1
(55, 77)
-> Request 2
499
(1, 2, 2)
3
(33, 55)
-> Request 3
569
(1, 2, 1)
1
(67, 70)
-> Request 4
641
(4, 2, 2)
2
(5, 63)
-> Request 5
767
(1, 1, 2)
1
(55, 65)
-> Request 6
804
(4, 2, 1)
3
(15, 70)
-> Request 7
966
(4, 1, 1)
3
(57, 64)
-> Request 8
1180
(1, 3, 1)
2
(44, 37)
-> Request 9
1382
(3, 2, 1)
3
(44, 29)
--> Day : 1
-> Request 0
92
(3, 1, 1)
1
(26, 38)
-> Request 1
335
(1, 3, 1)
2
(52, 42)
-> Request 2
477
(3, 3, 2)
1
(1, 70)
-> Request 3
578
(4, 3, 1)
2
(40, 3)
-> Request 4
884
(3, 1, 2)
3
(56, 67)
-> Request 5
901
(2, 2, 1)
3
(60, 44)
-> Request 6
926
(2, 3, 1)
1
(8, 26)
-> Request 7
1034
(3, 1, 1)
2
(15, 51)
-> Request 8
1303
(4, 1, 1)
2
(31, 20)
--> Day : 2
-> Request 0
101
(3, 2, 2)
2
(54, 41)
-> Request 1
580
(4, 1, 2)
1
(27, 19)
-> Request 2
643
(4, 2, 1)
1
(38, 5)
-> Request 3
789
(1, 3, 2)
3
(20, 76)
-> Request 4
958
(2, 2, 2)
2
(56, 31)
-> Request 5
1233
(4, 2, 1)
2
(17, 20)
-> Request 6
1253
(4, 3, 2)
3
(50, 41)
-> Request 7
1422
(1, 2, 1)
2
(14, 21)
--> Day : 3
-> Request 0
0
(4, 1, 1)
1
(50, 29)
-> Request 1
50
(2, 1, 1)
2
(34, 13)
-> Request 2
227
(4, 3, 2)
3
(57, 28)
-> Request 3
237
(4, 3, 1)
2
(60, 77)
-> Request 4
303
(2, 2, 1)
3
(57, 76)
-> Request 5
394
(1, 2, 2)
1
(56, 44)
-> Request 6
773
(4, 1, 1)
3
(46, 39)
-> Request 7
893
(1, 1, 2)
1
(25, 3)
-> Request 8
965
(2, 3, 1)
1
(43, 27)
-> Request 9
1091
(1, 3, 1)
2
(52, 67)
-> Request 10
1195
(2, 1, 2)
3
(4, 17)
-> Request 11
1196
(3, 1, 2)
2
(16, 20)
-> Request 12
1356
(2, 2, 1)
2
(15, 27)
-> Request 13
1406
(2, 1, 2)
1
(56, 67)
--> Day : 4
-> Request 0
54
(2, 2, 1)
1
(59, 59)
-> Request 1
853
(2, 2, 2)
3
(14, 28)
-> Request 2
913
(3, 3, 2)
3
(36, 17)
-> Request 3
982
(2, 2, 2)
2
(48, 39)
-> Request 4
989
(4, 2, 2)
2
(46, 28)
-> Request 5
1036
(4, 2, 1)
1
(47, 42)
-> Request 6
1045
(2, 3, 2)
2
(4, 45)
-> Request 7
1373
(1, 3, 1)
1
(60, 52)
-> Request 8
1420
(2, 3, 2)
2
(19, 68)
---> Week : 16
--> Day : 0
-> Request 0
160
(4, 3, 1)
3
(44, 55)
-> Request 1
161
(2, 1, 2)
3
(7, 18)
-> Request 2
177
(1, 1, 1)
3
(16, 23)
-> Request 3
371
(4, 1, 1)
2
(55, 38)
-> Request 4
454
(2, 1, 2)
1
(45, 38)
-> Request 5
455
(3, 3, 1)
1
(56, 27)
-> Request 6
464
(4, 1, 2)
3
(23, 71)
-> Request 7
654
(2, 2, 2)
1
(54, 43)
-> Request 8
876
(4, 1, 1)
1
(74, 45)
-> Request 9
948
(1, 1, 1)
3
(17, 76)
-> Request 10
1051
(1, 1, 2)
2
(44, 35)
-> Request 11
1166
(2, 1, 1)
2
(58, 66)
-> Request 12
1285
(4, 2, 1)
3
(59, 78)
-> Request 13
1330
(1, 2, 2)
2
(49, 40)
-> Request 14
1381
(1, 3, 2)
3
(74, 70)
-> Request 15
1423
(2, 2, 1)
1
(9, 27)
--> Day : 1
-> Request 0
92
(2, 1, 2)
1
(64, 70)
-> Request 1
422
(1, 1, 2)
2
(58, 73)
-> Request 2
532
(3, 2, 1)
1
(44, 47)
-> Request 3
688
(1, 1, 1)
2
(9, 35)
-> Request 4
809
(2, 3, 1)
1
(56, 74)
-> Request 5
1010
(4, 2, 1)
2
(55, 41)
--> Day : 2
-> Request 0
158
(2, 2, 2)
1
(56, 27)
-> Request 1
167
(2, 2, 2)
3
(47, 41)
-> Request 2
241
(4, 2, 1)
3
(63, 40)
-> Request 3
458
(4, 1, 2)
1
(51, 40)
-> Request 4
701
(2, 1, 1)
2
(39, 72)
-> Request 5
910
(3, 1, 2)
1
(75, 59)
-> Request 6
984
(1, 2, 1)
2
(8, 23)
-> Request 7
1272
(2, 3, 1)
2
(18, 38)
-> Request 8
1348
(1, 2, 1)
2
(38, 39)
-> Request 9
1375
(1, 1, 2)
1
(28, 40)
--> Day : 3
-> Request 0
21
(3, 2, 1)
3
(10, 48)
-> Request 1
396
(2, 3, 2)
1
(58, 45)
-> Request 2
516
(3, 2, 1)
3
(75, 48)
-> Request 3
612
(3, 2, 2)
3
(15, 13)
-> Request 4
628
(1, 1, 2)
3
(48, 1)
-> Request 5
630
(1, 1, 2)
3
(12, 29)
-> Request 6
753
(1, 1, 1)
2
(38, 32)
-> Request 7
1063
(2, 2, 2)
3
(19, 59)
-> Request 8
1148
(4, 1, 1)
2
(62, 34)
-> Request 9
1150
(4, 2, 2)
2
(61, 42)
-> Request 10
1277
(4, 1, 1)
3
(28, 70)
-> Request 11
1408
(1, 2, 1)
1
(36, 46)
--> Day : 4
-> Request 0
119
(1, 2, 2)
2
(8, 48)
-> Request 1
211
(4, 1, 2)
3
(74, 4)
-> Request 2
258
(4, 3, 2)
3
(62, 37)
-> Request 3
354
(1, 2, 2)
1
(52, 72)
-> Request 4
466
(1, 1, 2)
3
(43, 39)
-> Request 5
481
(2, 1, 2)
3
(68, 52)
-> Request 6
744
(1, 3, 2)
1
(62, 70)
-> Request 7
805
(3, 3, 1)
1
(45, 40)
-> Request 8
985
(4, 2, 1)
1
(27, 14)
-> Request 9
1059
(1, 2, 2)
3
(54, 78)
-> Request 10
1107
(2, 1, 1)
2
(43, 19)
-> Request 11
1238
(4, 2, 2)
2
(10, 78)
-> Request 12
1334
(1, 1, 1)
2
(62, 40)
---> Week : 17
--> Day : 0
-> Request 0
290
(4, 1, 2)
1
(38, 26)
-> Request 1
490
(2, 1, 1)
3
(58, 35)
-> Request 2
517
(2, 3, 2)
1
(16, 79)
-> Request 3
530
(4, 2, 2)
3
(27, 32)
-> Request 4
541
(4, 2, 2)
1
(59, 68)
-> Request 5
794
(2, 3, 2)
3
(71, 74)
-> Request 6
797
(1, 1, 2)
3
(17, 29)
-> Request 7
968
(4, 2, 1)
1
(60, 55)
-> Request 8
974
(3, 3, 2)
1
(53, 67)
-> Request 9
1353
(4, 2, 2)
2
(61, 72)
-> Request 10
1354
(3, 2, 1)
2
(3, 17)
--> Day : 1
-> Request 0
6
(1, 1, 2)
1
(59, 70)
-> Request 1
33
(3, 3, 2)
3
(14, 20)
-> Request 2
96
(1, 1, 1)
2
(71, 23)
-> Request 3
99
(1, 1, 2)
3
(61, 33)
-> Request 4
105
(3, 3, 2)
1
(36, 45)
-> Request 5
356
(2, 3, 2)
1
(9, 22)
-> Request 6
374
(2, 1, 2)
1
(53, 36)
-> Request 7
621
(2, 1, 2)
2
(51, 42)
-> Request 8
957
(3, 1, 1)
1
(62, 28)
-> Request 9
973
(3, 3, 1)
1
(59, 28)
-> Request 10
1290
(2, 3, 2)
1
(66, 71)
--> Day : 2
-> Request 0
12
(4, 1, 1)
2
(5, 43)
-> Request 1
299
(4, 1, 2)
2
(71, 43)
-> Request 2
541
(3, 3, 2)
3
(10, 34)
-> Request 3
653
(4, 2, 1)
3
(43, 9)
-> Request 4
700
(1, 2, 2)
3
(54, 28)
-> Request 5
765
(1, 3, 1)
1
(14, 40)
-> Request 6
801
(2, 2, 2)
1
(44, 33)
-> Request 7
802
(4, 2, 1)
1
(65, 74)
-> Request 8
1380
(2, 3, 2)
3
(12, 8)
--> Day : 3
-> Request 0
0
(2, 2, 1)
3
(69, 54)
-> Request 1
237
(4, 1, 1)
1
(50, 33)
-> Request 2
362
(3, 3, 2)
1
(54, 69)
-> Request 3
472
(1, 2, 1)
1
(58, 75)
-> Request 4
965
(3, 1, 2)
1
(59, 31)
-> Request 5
1013
(1, 3, 2)
3
(12, 69)
-> Request 6
1158
(2, 1, 2)
1
(77, 33)
-> Request 7
1350
(2, 1, 1)
3
(58, 75)
--> Day : 4
-> Request 0
116
(1, 1, 1)
1
(47, 55)
-> Request 1
193
(1, 2, 2)
2
(46, 72)
-> Request 2
601
(1, 1, 2)
1
(39, 18)
-> Request 3
688
(1, 3, 2)
1
(39, 54)
-> Request 4
717
(4, 2, 1)
3
(55, 31)
-> Request 5
731
(4, 3, 2)
2
(60, 66)
-> Request 6
745
(1, 1, 1)
2
(29, 17)
-> Request 7
754
(4, 1, 1)
1
(8, 21)
-> Request 8
825
(4, 1, 2)
2
(57, 68)
-> Request 9
1045
(2, 1, 1)
3
(16, 30)
-> Request 10
1069
(1, 2, 1)
2
(41, 35)
-> Request 11
1073
(3, 3, 1)
2
(72, 16)
-> Request 12
1155
(3, 2, 2)
3
(63, 30)
-> Request 13
1182
(2, 1, 2)
3
(66, 66)
-> Request 14
1224
(3, 3, 2)
2
(59, 74)
-> Request 15
1284
(4, 2, 1)
3
(46, 36)
---> Week : 18
--> Day : 0
-> Request 0
550
(2, 1, 2)
2
(40, 54)
-> Request 1
564
(1, 1, 1)
3
(14, 61)
-> Request 2
786
(4, 2, 1)
3
(32, 37)
-> Request 3
1011
(4, 2, 1)
2
(59, 31)
-> Request 4
1067
(3, 2, 2)
2
(17, 36)
-> Request 5
1153
(3, 1, 1)
1
(53, 43)
-> Request 6
1420
(3, 1, 1)
1
(53, 76)
--> Day : 1
-> Request 0
93
(4, 3, 2)
1
(52, 31)
-> Request 1
274
(2, 1, 1)
2
(48, 59)
-> Request 2
305
(3, 1, 2)
3
(19, 28)
-> Request 3
485
(4, 3, 1)
2
(60, 73)
-> Request 4
829
(3, 3, 2)
1
(52, 77)
-> Request 5
866
(2, 3, 1)
3
(43, 30)
-> Request 6
984
(2, 2, 1)
3
(11, 30)
-> Request 7
1095
(4, 1, 1)
3
(65, 64)
-> Request 8
1296
(3, 2, 2)
1
(55, 35)
-> Request 9
1312
(2, 3, 1)
1
(45, 44)
-> Request 10
1319
(2, 3, 1)
1
(77, 79)
-> Request 11
1353
(3, 3, 1)
3
(66, 54)
-> Request 12
1380
(4, 3, 2)
2
(37, 8)
--> Day : 2
-> Request 0
91
(1, 2, 1)
2
(52, 36)
-> Request 1
109
(1, 3, 1)
1
(13, 16)
-> Request 2
172
(3, 3, 1)
1
(1, 16)
-> Request 3
367
(1, 1, 2)
3
(48, 44)
-> Request 4
540
(4, 3, 1)
1
(50, 29)
-> Request 5
628
(2, 1, 1)
1
(58, 39)
-> Request 6
665
(1, 2, 2)
2
(54, 74)
-> Request 7
708
(3, 2, 2)
1
(8, 49)
-> Request 8
756
(3, 2, 1)
1
(49, 46)
-> Request 9
893
(2, 1, 2)
2
(53, 74)
-> Request 10
1134
(3, 2, 1)
2
(49, 32)
-> Request 11
1390
(2, 2, 2)
2
(49, 41)
--> Day : 3
-> Request 0
95
(2, 2, 1)
1
(54, 32)
-> Request 1
415
(1, 3, 1)
2
(52, 77)
-> Request 2
529
(4, 1, 2)
3
(43, 43)
-> Request 3
782
(1, 1, 2)
3
(11, 4)
-> Request 4
859
(3, 1, 1)
3
(10, 54)
-> Request 5
860
(2, 1, 1)
1
(4, 28)
-> Request 6
1378
(1, 1, 2)
2
(58, 44)
--> Day : 4
-> Request 0
210
(2, 2, 1)
1
(57, 2)
-> Request 1
290
(4, 1, 2)
3
(19, 78)
-> Request 2
373
(2, 2, 2)
2
(64, 77)
-> Request 3
961
(1, 3, 2)
1
(54, 41)
-> Request 4
1021
(2, 1, 1)
2
(61, 67)
-> Request 5
1146
(1, 3, 2)
1
(71, 0)
-> Request 6
1155
(3, 3, 1)
3
(60, 37)
-> Request 7
1254
(2, 2, 2)
2
(49, 47)
-> Request 8
1372
(2, 2, 1)
2
(50, 32)
---> Week : 19
--> Day : 0
-> Request 0
170
(2, 3, 2)
1
(14, 49)
-> Request 1
293
(3, 1, 2)
2
(51, 34)
-> Request 2
478
(3, 3, 1)
2
(43, 17)
-> Request 3
650
(3, 1, 2)
1
(38, 2)
-> Request 4
726
(4, 3, 1)
3
(71, 40)
-> Request 5
806
(2, 3, 1)
3
(44, 30)
-> Request 6
867
(3, 1, 1)
2
(8, 27)
-> Request 7
1124
(2, 3, 1)
1
(11, 5)
-> Request 8
1132
(4, 2, 2)
3
(53, 73)
-> Request 9
1214
(2, 1, 2)
3
(58, 39)
-> Request 10
1358
(4, 1, 2)
1
(70, 38)
--> Day : 1
-> Request 0
102
(4, 2, 1)
3
(47, 27)
-> Request 1
114
(3, 3, 1)
3
(1, 18)
-> Request 2
137
(3, 3, 1)
2
(51, 29)
-> Request 3
359
(2, 2, 1)
3
(55, 31)
-> Request 4
424
(2, 2, 1)
3
(16, 25)
-> Request 5
456
(1, 1, 1)
2
(68, 54)
-> Request 6
1133
(3, 2, 1)
1
(12, 21)
-> Request 7
1263
(1, 2, 1)
2
(57, 70)
-> Request 8
1403
(2, 1, 1)
2
(60, 30)
--> Day : 2
-> Request 0
201
(3, 1, 1)
1
(22, 25)
-> Request 1
305
(3, 1, 2)
2
(53, 43)
-> Request 2
326
(3, 1, 1)
1
(47, 36)
-> Request 3
330
(1, 1, 1)
3
(55, 23)
-> Request 4
615
(3, 3, 1)
1
(61, 77)
-> Request 5
624
(2, 3, 1)
3
(8, 21)
-> Request 6
689
(2, 3, 1)
1
(61, 27)
-> Request 7
860
(3, 1, 2)
2
(48, 13)
-> Request 8
933
(2, 1, 2)
1
(42, 58)
-> Request 9
1142
(2, 1, 2)
2
(49, 46)
--> Day : 3
-> Request 0
93
(2, 1, 1)
3
(66, 77)
-> Request 1
342
(1, 1, 1)
1
(62, 44)
-> Request 2
504
(1, 2, 1)
2
(55, 35)
-> Request 3
520
(3, 1, 1)
1
(38, 65)
-> Request 4
700
(1, 3, 2)
1
(53, 70)
-> Request 5
1169
(2, 3, 2)
2
(43, 55)
-> Request 6
1231
(2, 2, 2)
1
(44, 19)
-> Request 7
1305
(4, 2, 2)
1
(6, 43)
-> Request 8
1400
(2, 1, 1)
1
(50, 25)
--> Day : 4
-> Request 0
168
(1, 2, 1)
1
(3, 10)
-> Request 1
511
(3, 2, 2)
1
(47, 24)
-> Request 2
693
(2, 1, 1)
3
(23, 63)
-> Request 3
842
(1, 1, 1)
2
(49, 67)
-> Request 4
869
(1, 1, 2)
1
(72, 34)
-> Request 5
993
(3, 2, 1)
1
(72, 72)
-> Request 6
1200
(1, 2, 2)
3
(14, 26)
