---> Week : 0
--> Day : 0
-> Request 0
169
(4, 3, 1)
2
(76, 46)
-> Request 1
328
(1, 3, 1)
2
(69, 30)
-> Request 2
354
(3, 1, 2)
3
(46, 31)
-> Request 3
367
(2, 3, 1)
2
(73, 61)
-> Request 4
540
(3, 3, 2)
2
(11, 20)
-> Request 5
805
(3, 2, 1)
2
(39, 37)
-> Request 6
888
(2, 1, 1)
2
(37, 22)
-> Request 7
973
(2, 3, 1)
2
(59, 77)
-> Request 8
988
(4, 2, 2)
1
(56, 68)
--> Day : 1
-> Request 0
83
(2, 1, 1)
2
(54, 26)
-> Request 1
112
(4, 2, 2)
1
(59, 35)
-> Request 2
134
(4, 2, 2)
3
(62, 64)
-> Request 3
146
(1, 1, 2)
1
(55, 72)
-> Request 4
217
(2, 2, 1)
2
(70, 72)
-> Request 5
267
(2, 3, 1)
3
(8, 3)
-> Request 6
332
(2, 1, 1)
2
(45, 36)
-> Request 7
360
(1, 2, 1)
2
(52, 74)
-> Request 8
455
(2, 2, 1)
1
(12, 2)
-> Request 9
500
(3, 2, 2)
3
(66, 66)
-> Request 10
619
(1, 2, 2)
3
(66, 77)
-> Request 11
679
(2, 3, 2)
2
(62, 30)
-> Request 12
809
(3, 1, 2)
1
(66, 7)
-> Request 13
1058
(4, 3, 1)
2
(73, 11)
-> Request 14
1083
(1, 1, 1)
1
(65, 68)
-> Request 15
1162
(1, 2, 2)
1
(45, 32)
-> Request 16
1330
(1, 1, 1)
2
(58, 71)
-> Request 17
1341
(4, 1, 2)
1
(65, 45)
-> Request 18
1382
(4, 3, 2)
3
(58, 39)
-> Request 19
1399
(4, 1, 2)
1
(58, 36)
--> Day : 2
-> Request 0
115
(2, 3, 1)
1
(51, 45)
-> Request 1
133
(4, 3, 2)
1
(78, 50)
-> Request 2
176
(1, 3, 2)
2
(45, 23)
-> Request 3
260
(2, 2, 1)
2
(26, 17)
-> Request 4
676
(3, 3, 2)
2
(12, 12)
-> Request 5
678
(4, 1, 1)
1
(4, 18)
-> Request 6
750
(4, 1, 2)
2
(53, 35)
-> Request 7
792
(1, 1, 2)
2
(59, 28)
-> Request 8
809
(3, 3, 1)
1
(14, 10)
-> Request 9
1135
(4, 2, 2)
3
(48, 24)
-> Request 10
1246
(1, 2, 1)
1
(57, 38)
--> Day : 3
-> Request 0
110
(1, 2, 1)
3
(30, 70)
-> Request 1
758
(2, 3, 1)
3
(11, 58)
-> Request 2
764
(1, 3, 1)
1
(48, 33)
-> Request 3
801
(1, 3, 2)
3
(62, 46)
-> Request 4
1021
(2, 2, 2)
2
(60, 53)
-> Request 5
1099
(4, 1, 2)
2
(73, 39)
-> Request 6
1218
(2, 1, 1)
1
(35, 10)
-> Request 7
1237
(1, 2, 1)
2
(26, 15)
-> Request 8
1239
(2, 1, 1)
1
(7, 43)
-> Request 9
1309
(1, 1, 2)
3
(65, 60)
--> Day : 4
-> Request 0
36
(4, 3, 2)
2
(54, 64)
-> Request 1
441
(3, 2, 1)
2
(74, 61)
-> Request 2
469
(3, 3, 2)
2
(12, 28)
-> Request 3
517
(2, 2, 2)
3
(64, 70)
-> Request 4
654
(2, 3, 1)
1
(27, 15)
-> Request 5
755
(3, 1, 2)
1
(14, 21)
-> Request 6
937
(4, 2, 1)
3
(63, 74)
-> Request 7
963
(2, 2, 2)
2
(53, 34)
-> Request 8
973
(3, 2, 1)
1
(61, 65)
-> Request 9
999
(1, 2, 2)
2
(60, 30)
-> Request 10
1000
(3, 3, 1)
2
(44, 42)
-> Request 11
1301
(2, 1, 1)
2
(57, 64)
-> Request 12
1336
(1, 3, 2)
1
(12, 29)
-> Request 13
1345
(4, 2, 1)
3
(53, 66)
---> Week : 1
--> Day : 0
-> Request 0
43
(1, 1, 1)
1
(51, 32)
-> Request 1
140
(3, 1, 2)
1
(11, 77)
-> Request 2
511
(1, 3, 1)
2
(52, 32)
-> Request 3
534
(1, 3, 1)
3
(50, 38)
-> Request 4
667
(1, 1, 1)
1
(27, 11)
--> Day : 1
-> Request 0
404
(4, 2, 1)
2
(48, 74)
-> Request 1
502
(4, 1, 2)
2
(43, 42)
-> Request 2
633
(4, 1, 1)
2
(0, 14)
-> Request 3
651
(3, 2, 2)
3
(56, 36)
-> Request 4
1195
(2, 2, 2)
3
(61, 76)
-> Request 5
1264
(1, 3, 2)
2
(57, 73)
-> Request 6
1410
(2, 1, 1)
1
(50, 29)
-> Request 7
1432
(1, 2, 2)
3
(21, 53)
--> Day : 2
-> Request 0
39
(4, 1, 1)
1
(59, 33)
-> Request 1
62
(1, 3, 2)
2
(33, 6)
-> Request 2
165
(1, 3, 1)
3
(44, 27)
-> Request 3
235
(1, 1, 1)
2
(58, 30)
-> Request 4
297
(3, 3, 1)
2
(28, 63)
-> Request 5
414
(4, 1, 2)
3
(60, 77)
-> Request 6
466
(1, 1, 2)
2
(61, 72)
-> Request 7
645
(4, 2, 2)
1
(12, 21)
-> Request 8
793
(1, 1, 1)
3
(31, 11)
-> Request 9
810
(2, 2, 1)
1
(69, 47)
-> Request 10
934
(2, 1, 1)
2
(24, 32)
-> Request 11
972
(1, 3, 1)
1
(17, 4)
-> Request 12
1189
(3, 3, 2)
3
(1, 43)
-> Request 13
1223
(3, 1, 2)
2
(55, 42)
-> Request 14
1308
(3, 3, 1)
1
(59, 64)
-> Request 15
1364
(2, 1, 1)
3
(47, 4)
--> Day : 3
-> Request 0
124
(4, 1, 1)
2
(67, 19)
-> Request 1
184
(4, 3, 1)
1
(9, 20)
-> Request 2
267
(2, 3, 2)
1
(43, 34)
-> Request 3
327
(3, 3, 1)
1
(64, 69)
-> Request 4
480
(1, 3, 2)
2
(62, 42)
-> Request 5
641
(3, 1, 2)
2
(7, 68)
-> Request 6
734
(4, 3, 2)
2
(55, 57)
-> Request 7
773
(4, 1, 1)
3
(40, 38)
-> Request 8
796
(2, 3, 2)
2
(57, 70)
-> Request 9
833
(3, 3, 2)
1
(33, 11)
-> Request 10
998
(2, 2, 2)
3
(76, 25)
-> Request 11
1135
(2, 3, 2)
1
(62, 24)
-> Request 12
1237
(4, 3, 1)
2
(8, 31)
-> Request 13
1261
(4, 2, 2)
3
(63, 64)
-> Request 14
1373
(3, 3, 2)
2
(62, 39)
-> Request 15
1377
(2, 1, 2)
3
(13, 22)
--> Day : 4
-> Request 0
7
(3, 2, 1)
2
(54, 77)
-> Request 1
210
(3, 3, 2)
2
(60, 78)
-> Request 2
262
(3, 1, 2)
3
(8, 23)
-> Request 3
450
(4, 3, 1)
2
(17, 9)
-> Request 4
489
(4, 3, 1)
3
(50, 40)
-> Request 5
958
(1, 2, 1)
1
(30, 79)
-> Request 6
1258
(4, 3, 1)
2
(16, 12)
-> Request 7
1418
(2, 2, 2)
3
(61, 71)
---> Week : 2
--> Day : 0
-> Request 0
10
(1, 1, 1)
2
(16, 43)
-> Request 1
62
(3, 2, 1)
3
(70, 52)
-> Request 2
66
(4, 1, 2)
3
(59, 39)
-> Request 3
104
(4, 2, 2)
3
(15, 24)
-> Request 4
262
(2, 1, 2)
1
(46, 32)
-> Request 5
268
(4, 2, 2)
1
(56, 43)
-> Request 6
378
(2, 2, 2)
1
(21, 51)
-> Request 7
437
(1, 2, 2)
2
(9, 58)
-> Request 8
583
(3, 2, 2)
1
(51, 45)
-> Request 9
862
(4, 2, 2)
3
(68, 9)
-> Request 10
922
(3, 3, 2)
1
(15, 62)
-> Request 11
952
(4, 1, 2)
1
(51, 19)
-> Request 12
991
(2, 3, 2)
3
(34, 39)
-> Request 13
1020
(1, 3, 2)
3
(55, 74)
-> Request 14
1032
(1, 3, 2)
3
(48, 46)
-> Request 15
1327
(3, 3, 1)
1
(43, 24)
--> Day : 1
-> Request 0
18
(3, 3, 2)
3
(38, 27)
-> Request 1
82
(4, 2, 2)
1
(46, 41)
-> Request 2
117
(1, 2, 2)
3
(39, 59)
-> Request 3
199
(4, 3, 1)
2
(0, 42)
-> Request 4
406
(3, 2, 2)
3
(47, 44)
-> Request 5
483
(4, 1, 1)
2
(77, 52)
-> Request 6
608
(1, 3, 1)
2
(11, 24)
-> Request 7
635
(1, 1, 1)
3
(52, 29)
-> Request 8
1120
(1, 1, 1)
2
(73, 22)
-> Request 9
1194
(4, 2, 2)
1
(60, 64)
-> Request 10
1309
(4, 2, 1)
3
(51, 31)
--> Day : 2
-> Request 0
46
(1, 3, 2)
1
(62, 34)
-> Request 1
254
(2, 2, 1)
2
(56, 29)
-> Request 2
446
(3, 2, 2)
2
(49, 32)
-> Request 3
580
(3, 3, 2)
1
(74, 35)
-> Request 4
679
(2, 3, 2)
1
(61, 71)
-> Request 5
892
(1, 1, 2)
3
(64, 35)
--> Day : 3
-> Request 0
134
(2, 3, 1)
1
(65, 74)
-> Request 1
165
(3, 2, 2)
3
(47, 46)
-> Request 2
253
(4, 3, 2)
2
(64, 76)
-> Request 3
335
(3, 3, 1)
3
(52, 46)
-> Request 4
336
(3, 2, 1)
2
(10, 25)
-> Request 5
452
(1, 2, 2)
2
(14, 8)
-> Request 6
478
(3, 3, 2)
3
(7, 13)
-> Request 7
572
(3, 1, 1)
3
(45, 37)
-> Request 8
946
(4, 1, 2)
2
(78, 71)
-> Request 9
1388
(3, 1, 1)
2
(49, 40)
--> Day : 4
-> Request 0
592
(1, 3, 2)
1
(57, 43)
-> Request 1
617
(4, 3, 1)
1
(71, 23)
-> Request 2
844
(3, 2, 1)
2
(72, 23)
-> Request 3
1025
(2, 2, 1)
2
(55, 65)
-> Request 4
1062
(1, 2, 1)
1
(60, 37)
-> Request 5
1143
(4, 1, 1)
2
(7, 26)
-> Request 6
1151
(1, 1, 2)
3
(36, 72)
-> Request 7
1185
(1, 1, 2)
3
(55, 76)
-> Request 8
1275
(1, 3, 2)
1
(55, 66)
---> Week : 3
--> Day : 0
-> Request 0
19
(1, 1, 2)
1
(56, 38)
-> Request 1
184
(3, 1, 1)
2
(55, 46)
-> Request 2
304
(2, 2, 1)
1
(1, 59)
-> Request 3
463
(1, 3, 1)
3
(11, 30)
-> Request 4
488
(2, 1, 2)
2
(56, 78)
-> Request 5
510
(4, 2, 2)
2
(45, 43)
-> Request 6
673
(2, 2, 1)
2
(22, 43)
-> Request 7
783
(1, 3, 1)
3
(73, 57)
-> Request 8
1010
(4, 3, 2)
3
(8, 26)
-> Request 9
1230
(1, 1, 1)
2
(3, 60)
-> Request 10
1295
(3, 3, 1)
2
(59, 65)
-> Request 11
1425
(3, 2, 1)
1
(12, 24)
--> Day : 1
-> Request 0
91
(2, 1, 2)
2
(24, 56)
-> Request 1
111
(1, 2, 1)
1
(51, 29)
-> Request 2
144
(4, 3, 1)
1
(53, 68)
-> Request 3
151
(2, 1, 1)
3
(61, 42)
-> Request 4
243
(4, 2, 2)
1
(74, 70)
-> Request 5
254
(3, 3, 2)
3
(12, 21)
-> Request 6
645
(2, 1, 1)
2
(52, 7)
-> Request 7
743
(4, 1, 1)
1
(11, 20)
-> Request 8
765
(2, 1, 1)
2
(25, 8)
-> Request 9
820
(4, 3, 2)
3
(11, 23)
-> Request 10
905
(1, 2, 1)
1
(51, 34)
-> Request 11
983
(4, 2, 2)
2
(61, 41)
-> Request 12
1037
(3, 3, 2)
1
(10, 25)
-> Request 13
1042
(3, 1, 1)
3
(4, 37)
-> Request 14
1264
(4, 1, 2)
3
(62, 45)
--> Day : 2
-> Request 0
158
(2, 2, 1)
2
(57, 52)
-> Request 1
319
(1, 1, 2)
1
(16, 21)
-> Request 2
459
(1, 3, 1)
3
(52, 45)
-> Request 3
536
(3, 1, 1)
1
(48, 35)
-> Request 4
567
(2, 3, 1)
1
(56, 36)
-> Request 5
1006
(4, 2, 2)
1
(59, 75)
-> Request 6
1161
(3, 2, 2)
3
(52, 72)
-> Request 7
1424
(2, 1, 2)
3
(34, 44)
-> Request 8
1428
(1, 3, 2)
1
(58, 0)
--> Day : 3
-> Request 0
76
(2, 1, 2)
3
(73, 51)
-> Request 1
76
(1, 1, 2)
1
(11, 15)
-> Request 2
82
(4, 1, 1)
2
(45, 47)
-> Request 3
127
(2, 2, 1)
2
(72, 48)
-> Request 4
176
(1, 1, 2)
1
(16, 20)
-> Request 5
217
(3, 3, 1)
2
(64, 72)
-> Request 6
278
(1, 2, 1)
2
(69, 48)
-> Request 7
540
(3, 1, 1)
1
(65, 67)
-> Request 8
661
(1, 2, 2)
2
(13, 21)
-> Request 9
747
(3, 3, 1)
3
(57, 65)
-> Request 10
947
(2, 1, 2)
3
(35, 48)
-> Request 11
1040
(2, 2, 2)
3
(47, 52)
-> Request 12
1136
(3, 3, 2)
1
(60, 73)
--> Day : 4
-> Request 0
113
(4, 3, 2)
1
(48, 43)
-> Request 1
196
(2, 2, 2)
2
(29, 77)
-> Request 2
469
(2, 1, 2)
2
(28, 37)
-> Request 3
477
(4, 3, 2)
2
(69, 42)
-> Request 4
571
(2, 1, 1)
3
(45, 36)
-> Request 5
782
(1, 2, 2)
1
(13, 29)
-> Request 6
1111
(4, 3, 1)
3
(66, 23)
-> Request 7
1172
(3, 3, 2)
2
(59, 64)
-> Request 8
1208
(2, 1, 1)
3
(50, 77)
-> Request 9
1235
(2, 3, 2)
2
(48, 31)
-> Request 10
1301
(1, 1, 2)
3
(32, 28)
-> Request 11
1313
(2, 2, 1)
3
(45, 28)
-> Request 12
1428
(2, 1, 1)
2
(57, 76)
---> Week : 4
--> Day : 0
-> Request 0
214
(1, 1, 2)
1
(45, 66)
-> Request 1
262
(1, 3, 2)
3
(56, 34)
-> Request 2
339
(4, 2, 1)
2
(29, 76)
-> Request 3
428
(1, 3, 1)
3
(54, 44)
-> Request 4
779
(2, 2, 2)
3
(20, 70)
-> Request 5
974
(2, 3, 2)
2
(52, 73)
-> Request 6
1081
(3, 1, 1)
3
(10, 71)
-> Request 7
1090
(1, 1, 2)
3
(11, 54)
--> Day : 1
-> Request 0
155
(1, 1, 1)
2
(61, 18)
-> Request 1
259
(3, 2, 2)
3
(53, 70)
-> Request 2
632
(1, 3, 2)
1
(58, 36)
-> Request 3
697
(4, 3, 1)
3
(61, 65)
-> Request 4
811
(2, 3, 1)
3
(23, 72)
-> Request 5
888
(2, 3, 2)
3
(30, 56)
-> Request 6
971
(2, 3, 2)
2
(49, 42)
-> Request 7
995
(2, 2, 1)
3
(51, 37)
-> Request 8
1106
(1, 1, 2)
2
(8, 26)
-> Request 9
1236
(3, 2, 1)
3
(52, 66)
-> Request 10
1289
(2, 2, 1)
1
(61, 39)
-> Request 11
1301
(2, 1, 1)
2
(47, 46)
-> Request 12
1387
(2, 3, 2)
1
(54, 36)
--> Day : 2
-> Request 0
334
(2, 3, 1)
1
(60, 72)
-> Request 1
403
(2, 1, 1)
1
(52, 33)
-> Request 2
598
(4, 2, 2)
3
(16, 27)
-> Request 3
646
(1, 1, 2)
2
(24, 50)
-> Request 4
668
(1, 1, 2)
1
(62, 76)
-> Request 5
711
(4, 1, 1)
2
(59, 71)
-> Request 6
938
(2, 2, 1)
1
(43, 28)
-> Request 7
1047
(3, 3, 2)
3
(16, 21)
-> Request 8
1090
(3, 1, 1)
1
(56, 29)
-> Request 9
1095
(4, 2, 2)
2
(2, 48)
-> Request 10
1310
(1, 1, 1)
1
(54, 65)
--> Day : 3
-> Request 0
27
(3, 2, 2)
2
(47, 33)
-> Request 1
466
(1, 3, 2)
1
(60, 69)
-> Request 2
508
(1, 2, 1)
3
(15, 29)
-> Request 3
831
(4, 1, 1)
2
(42, 17)
-> Request 4
1020
(2, 1, 2)
2
(53, 37)
-> Request 5
1049
(2, 2, 1)
1
(59, 37)
-> Request 6
1239
(3, 3, 1)
2
(70, 76)
--> Day : 4
-> Request 0
96
(2, 3, 1)
3
(22, 40)
-> Request 1
748
(2, 1, 2)
2
(54, 34)
-> Request 2
833
(4, 2, 2)
3
(15, 1)
-> Request 3
893
(3, 1, 1)
3
(16, 26)
-> Request 4
938
(1, 1, 2)
1
(23, 1)
-> Request 5
1033
(1, 1, 1)
3
(57, 72)
-> Request 6
1036
(3, 3, 1)
2
(49, 31)
-> Request 7
1073
(3, 3, 1)
1
(62, 43)
-> Request 8
1133
(4, 3, 2)
3
(42, 70)
-> Request 9
1178
(2, 3, 1)
2
(11, 28)
-> Request 10
1274
(1, 1, 2)
1
(10, 29)
-> Request 11
1302
(4, 2, 1)
2
(47, 30)
-> Request 12
1308
(2, 1, 2)
3
(13, 17)
---> Week : 5
--> Day : 0
-> Request 0
79
(2, 3, 1)
1
(61, 70)
-> Request 1
175
(3, 1, 2)
1
(62, 28)
-> Request 2
393
(3, 3, 1)
2
(51, 45)
-> Request 3
615
(2, 3, 2)
2
(16, 24)
-> Request 4
729
(4, 3, 1)
2
(16, 29)
-> Request 5
808
(1, 1, 2)
1
(14, 21)
-> Request 6
851
(2, 2, 1)
3
(46, 54)
-> Request 7
957
(1, 1, 2)
3
(60, 35)
--> Day : 1
-> Request 0
204
(4, 1, 2)
1
(60, 38)
-> Request 1
241
(1, 3, 1)
1
(31, 55)
-> Request 2
251
(3, 1, 1)
3
(60, 70)
-> Request 3
399
(2, 1, 2)
1
(20, 35)
-> Request 4
1127
(4, 2, 2)
2
(62, 78)
-> Request 5
1200
(1, 3, 1)
1
(58, 45)
-> Request 6
1263
(2, 2, 2)
2
(55, 68)
-> Request 7
1339
(1, 1, 1)
3
(60, 73)
--> Day : 2
-> Request 0
89
(2, 1, 1)
1
(51, 36)
-> Request 1
228
(3, 1, 2)
1
(63, 77)
-> Request 2
291
(3, 1, 2)
3
(9, 21)
-> Request 3
413
(2, 1, 2)
1
(6, 25)
-> Request 4
466
(1, 2, 2)
3
(18, 4)
-> Request 5
656
(4, 1, 1)
2
(43, 48)
-> Request 6
849
(3, 2, 2)
1
(19, 15)
-> Request 7
1082
(4, 3, 1)
1
(0, 56)
-> Request 8
1093
(2, 1, 1)
1
(14, 23)
-> Request 9
1241
(4, 1, 1)
2
(45, 41)
-> Request 10
1341
(3, 3, 2)
2
(65, 66)
-> Request 11
1373
(2, 2, 2)
1
(15, 19)
--> Day : 3
-> Request 0
317
(2, 2, 2)
2
(16, 35)
-> Request 1
617
(2, 3, 1)
3
(44, 27)
-> Request 2
940
(3, 3, 1)
3
(52, 56)
-> Request 3
1055
(1, 2, 2)
3
(31, 60)
-> Request 4
1061
(3, 2, 2)
1
(56, 45)
-> Request 5
1118
(1, 3, 2)
2
(52, 72)
-> Request 6
1357
(2, 2, 2)
3
(64, 72)
-> Request 7
1375
(2, 3, 1)
3
(26, 11)
-> Request 8
1396
(4, 1, 1)
3
(48, 68)
--> Day : 4
-> Request 0
17
(3, 1, 2)
1
(8, 21)
-> Request 1
260
(1, 2, 2)
1
(56, 40)
-> Request 2
611
(2, 1, 1)
3
(61, 76)
-> Request 3
663
(3, 3, 1)
1
(40, 77)
-> Request 4
1049
(2, 2, 1)
3
(46, 39)
-> Request 5
1058
(2, 3, 1)
3
(48, 34)
-> Request 6
1262
(4, 3, 2)
3
(21, 57)
-> Request 7
1347
(1, 1, 2)
2
(55, 46)
-> Request 8
1435
(3, 1, 1)
3
(9, 20)
-> Request 9
1438
(3, 1, 2)
1
(38, 28)
---> Week : 6
--> Day : 0
-> Request 0
33
(3, 1, 2)
3
(38, 34)
-> Request 1
160
(3, 2, 1)
2
(72, 57)
-> Request 2
226
(2, 3, 2)
3
(74, 0)
-> Request 3
469
(2, 3, 1)
3
(58, 27)
-> Request 4
569
(4, 1, 2)
3
(6, 45)
-> Request 5
1260
(3, 2, 2)
2
(13, 28)
-> Request 6
1349
(1, 3, 1)
3
(9, 26)
-> Request 7
1401
(2, 1, 2)
2
(62, 76)
-> Request 8
1439
(2, 1, 1)
1
(67, 13)
--> Day : 1
-> Request 0
213
(2, 2, 1)
2
(61, 23)
-> Request 1
327
(1, 2, 2)
3
(43, 13)
-> Request 2
853
(2, 1, 2)
2
(44, 69)
-> Request 3
882
(1, 2, 1)
1
(70, 48)
-> Request 4
1296
(4, 3, 1)
3
(51, 34)
--> Day : 2
-> Request 0
0
(2, 2, 2)
1
(50, 31)
-> Request 1
131
(1, 3, 1)
2
(13, 22)
-> Request 2
364
(2, 1, 1)
1
(45, 2)
-> Request 3
441
(1, 3, 2)
3
(49, 47)
-> Request 4
653
(4, 1, 2)
3
(48, 32)
-> Request 5
653
(4, 3, 2)
2
(55, 41)
-> Request 6
791
(4, 2, 1)
1
(10, 20)
-> Request 7
988
(4, 2, 1)
1
(11, 24)
-> Request 8
1081
(3, 2, 1)
3
(52, 70)
-> Request 9
1274
(3, 1, 2)
3
(45, 39)
-> Request 10
1335
(3, 1, 2)
1
(15, 23)
--> Day : 3
-> Request 0
142
(1, 2, 2)
1
(3, 19)
-> Request 1
269
(4, 3, 2)
2
(20, 69)
-> Request 2
584
(3, 2, 1)
1
(49, 30)
-> Request 3
848
(4, 3, 2)
1
(74, 45)
-> Request 4
1206
(1, 2, 1)
2
(29, 44)
--> Day : 4
-> Request 0
90
(3, 2, 2)
3
(37, 5)
-> Request 1
281
(4, 2, 2)
1
(19, 72)
-> Request 2
688
(2, 3, 1)
2
(34, 74)
-> Request 3
702
(3, 2, 1)
3
(66, 78)
-> Request 4
717
(4, 1, 1)
1
(43, 36)
-> Request 5
720
(3, 1, 2)
1
(54, 31)
-> Request 6
858
(2, 1, 1)
1
(56, 73)
---> Week : 7
--> Day : 0
-> Request 0
18
(3, 2, 1)
2
(12, 73)
-> Request 1
373
(3, 3, 2)
3
(65, 70)
-> Request 2
457
(3, 2, 2)
2
(21, 61)
-> Request 3
562
(3, 3, 1)
2
(62, 30)
-> Request 4
655
(2, 3, 1)
1
(61, 27)
-> Request 5
696
(3, 1, 1)
2
(64, 68)
-> Request 6
931
(1, 1, 1)
3
(74, 12)
-> Request 7
1059
(1, 1, 1)
1
(0, 26)
-> Request 8
1132
(1, 3, 2)
3
(52, 39)
-> Request 9
1189
(3, 1, 2)
2
(61, 77)
-> Request 10
1273
(1, 1, 1)
2
(56, 16)
--> Day : 1
-> Request 0
214
(2, 1, 2)
3
(44, 41)
-> Request 1
293
(1, 2, 1)
3
(53, 42)
-> Request 2
434
(3, 2, 2)
1
(21, 14)
-> Request 3
485
(4, 2, 1)
2
(48, 37)
-> Request 4
599
(4, 2, 2)
3
(58, 76)
-> Request 5
771
(4, 2, 2)
3
(31, 71)
-> Request 6
878
(3, 3, 1)
3
(40, 25)
-> Request 7
1160
(2, 3, 2)
3
(62, 41)
-> Request 8
1255
(1, 3, 2)
2
(68, 2)
--> Day : 2
-> Request 0
317
(4, 2, 1)
2
(69, 30)
-> Request 1
510
(1, 3, 2)
2
(63, 74)
-> Request 2
571
(3, 1, 1)
2
(50, 38)
-> Request 3
645
(2, 2, 1)
2
(53, 39)
-> Request 4
725
(4, 3, 1)
3
(53, 26)
-> Request 5
728
(3, 2, 1)
1
(57, 23)
-> Request 6
812
(4, 1, 2)
1
(53, 34)
-> Request 7
858
(4, 2, 1)
2
(44, 45)
-> Request 8
902
(1, 3, 2)
3
(57, 76)
-> Request 9
1205
(4, 3, 1)
1
(72, 68)
-> Request 10
1291
(2, 1, 2)
1
(56, 35)
-> Request 11
1309
(1, 3, 1)
3
(57, 78)
--> Day : 3
-> Request 0
24
(4, 3, 2)
3
(9, 32)
-> Request 1
126
(3, 2, 1)
1
(41, 67)
-> Request 2
346
(1, 3, 1)
2
(62, 44)
-> Request 3
353
(3, 2, 2)
2
(59, 31)
-> Request 4
390
(4, 3, 2)
1
(17, 21)
-> Request 5
480
(1, 1, 1)
1
(9, 24)
-> Request 6
664
(4, 3, 1)
2
(27, 19)
-> Request 7
907
(2, 2, 1)
1
(79, 75)
-> Request 8
933
(2, 1, 1)
1
(62, 69)
-> Request 9
1003
(3, 1, 2)
3
(8, 26)
-> Request 10
1016
(4, 2, 2)
1
(46, 37)
-> Request 11
1051
(3, 1, 1)
2
(17, 29)
-> Request 12
1217
(4, 2, 2)
2
(14, 59)
-> Request 13
1223
(1, 2, 2)
3
(26, 32)
-> Request 14
1401
(3, 2, 1)
3
(35, 57)
--> Day : 4
-> Request 0
236
(2, 1, 1)
3
(66, 67)
-> Request 1
250
(4, 1, 2)
2
(57, 66)
-> Request 2
452
(4, 1, 1)
1
(54, 43)
-> Request 3
503
(2, 2, 2)
1
(14, 71)
-> Request 4
520
(3, 2, 2)
1
(28, 8)
-> Request 5
681
(3, 1, 1)
3
(57, 45)
-> Request 6
1198
(2, 1, 1)
1
(7, 6)
-> Request 7
1218
(3, 3, 1)
3
(43, 4)
-> Request 8
1350
(4, 1, 2)
1
(43, 46)
---> Week : 8
--> Day : 0
-> Request 0
92
(1, 1, 2)
1
(68, 2)
-> Request 1
132
(4, 3, 2)
1
(11, 67)
-> Request 2
146
(4, 3, 2)
1
(34, 54)
-> Request 3
491
(2, 3, 2)
3
(55, 73)
-> Request 4
547
(2, 1, 2)
3
(58, 29)
-> Request 5
565
(1, 1, 1)
2
(55, 72)
-> Request 6
579
(1, 2, 1)
3
(76, 38)
-> Request 7
618
(1, 2, 1)
3
(6, 43)
-> Request 8
810
(1, 1, 1)
1
(29, 72)
-> Request 9
813
(1, 1, 1)
1
(49, 62)
-> Request 10
850
(1, 1, 1)
2
(61, 75)
-> Request 11
953
(3, 3, 1)
2
(54, 66)
-> Request 12
1023
(2, 3, 1)
3
(65, 69)
--> Day : 1
-> Request 0
291
(4, 2, 1)
2
(46, 32)
-> Request 1
367
(1, 2, 2)
2
(66, 67)
-> Request 2
519
(2, 1, 1)
3
(9, 34)
-> Request 3
689
(1, 3, 2)
1
(11, 61)
-> Request 4
693
(3, 2, 2)
1
(60, 75)
-> Request 5
695
(1, 3, 2)
1
(62, 44)
-> Request 6
862
(1, 1, 2)
2
(12, 23)
-> Request 7
1081
(2, 1, 2)
2
(61, 71)
-> Request 8
1263
(3, 1, 2)
1
(12, 78)
-> Request 9
1267
(3, 3, 1)
2
(50, 28)
-> Request 10
1316
(3, 2, 1)
2
(45, 32)
--> Day : 2
-> Request 0
195
(2, 1, 2)
1
(59, 1)
-> Request 1
347
(1, 2, 1)
1
(55, 77)
-> Request 2
554
(1, 2, 1)
3
(55, 69)
-> Request 3
590
(2, 2, 1)
3
(48, 30)
-> Request 4
640
(3, 2, 2)
2
(8, 20)
-> Request 5
690
(2, 2, 2)
1
(3, 67)
-> Request 6
715
(2, 3, 2)
3
(44, 54)
-> Request 7
1103
(3, 1, 2)
1
(64, 66)
-> Request 8
1116
(4, 3, 1)
1
(73, 45)
-> Request 9
1190
(3, 1, 2)
3
(76, 17)
-> Request 10
1274
(1, 3, 2)
1
(52, 33)
-> Request 11
1345
(2, 2, 2)
2
(57, 42)
--> Day : 3
-> Request 0
31
(3, 2, 1)
1
(65, 71)
-> Request 1
35
(3, 1, 1)
1
(56, 42)
-> Request 2
91
(4, 2, 1)
1
(61, 75)
-> Request 3
214
(1, 1, 2)
1
(71, 57)
-> Request 4
308
(1, 2, 2)
1
(63, 21)
-> Request 5
834
(2, 2, 2)
2
(53, 33)
-> Request 6
862
(3, 3, 2)
1
(54, 67)
-> Request 7
972
(1, 3, 2)
2
(53, 78)
-> Request 8
987
(4, 3, 1)
2
(53, 22)
-> Request 9
1029
(2, 1, 1)
3
(47, 24)
-> Request 10
1066
(4, 1, 2)
3
(12, 0)
-> Request 11
1088
(2, 3, 2)
3
(50, 39)
-> Request 12
1170
(3, 3, 2)
3
(55, 72)
--> Day : 4
-> Request 0
110
(4, 3, 1)
2
(72, 60)
-> Request 1
330
(4, 2, 1)
2
(74, 10)
-> Request 2
339
(3, 1, 2)
1
(62, 46)
-> Request 3
376
(2, 3, 1)
2
(62, 67)
-> Request 4
730
(4, 1, 2)
3
(2, 29)
-> Request 5
926
(4, 3, 2)
3
(57, 75)
-> Request 6
992
(4, 3, 2)
1
(43, 28)
-> Request 7
1004
(3, 2, 2)
1
(13, 23)
-> Request 8
1017
(3, 1, 2)
1
(67, 0)
---> Week : 9
--> Day : 0
-> Request 0
441
(2, 2, 2)
1
(32, 51)
-> Request 1
473
(2, 3, 1)
2
(58, 13)
-> Request 2
681
(2, 1, 2)
3
(33, 74)
-> Request 3
797
(1, 3, 2)
2
(66, 68)
-> Request 4
890
(3, 3, 2)
3
(54, 72)
-> Request 5
995
(1, 2, 1)
1
(51, 29)
-> Request 6
1043
(4, 1, 2)
2
(55, 29)
-> Request 7
1308
(1, 1, 1)
1
(52, 44)
-> Request 8
1310
(3, 3, 1)
3
(9, 22)
--> Day : 1
-> Request 0
48
(2, 1, 1)
2
(42, 9)
-> Request 1
72
(2, 3, 1)
1
(47, 3)
-> Request 2
91
(1, 1, 1)
3
(19, 31)
-> Request 3
540
(2, 2, 1)
1
(62, 36)
-> Request 4
807
(4, 2, 2)
2
(2, 61)
-> Request 5
1017
(2, 3, 2)
1
(56, 76)
-> Request 6
1082
(3, 3, 1)
3
(55, 31)
-> Request 7
1340
(4, 2, 1)
2
(26, 48)
--> Day : 2
-> Request 0
175
(2, 1, 1)
3
(8, 46)
-> Request 1
182
(4, 3, 1)
3
(49, 40)
-> Request 2
591
(1, 3, 1)
1
(40, 78)
-> Request 3
615
(3, 2, 1)
1
(24, 59)
-> Request 4
822
(2, 2, 1)
1
(58, 29)
-> Request 5
1346
(3, 1, 1)
2
(52, 28)
--> Day : 3
-> Request 0
49
(4, 1, 1)
1
(9, 22)
-> Request 1
185
(3, 2, 2)
1
(15, 26)
-> Request 2
284
(2, 3, 2)
1
(59, 78)
-> Request 3
582
(1, 1, 1)
3
(16, 19)
-> Request 4
596
(2, 1, 2)
2
(45, 46)
-> Request 5
1094
(2, 1, 2)
1
(53, 75)
-> Request 6
1105
(1, 1, 1)
1
(62, 67)
-> Request 7
1377
(2, 2, 1)
1
(4, 7)
-> Request 8
1404
(3, 3, 1)
1
(27, 36)
--> Day : 4
-> Request 0
503
(4, 3, 1)
1
(55, 27)
-> Request 1
657
(3, 3, 2)
3
(59, 28)
-> Request 2
749
(2, 2, 2)
2
(37, 64)
-> Request 3
779
(2, 3, 1)
3
(19, 19)
-> Request 4
1030
(3, 3, 1)
3
(9, 56)
-> Request 5
1046
(1, 2, 1)
3
(10, 21)
-> Request 6
1114
(1, 2, 1)
1
(77, 30)
-> Request 7
1117
(2, 3, 1)
2
(73, 10)
-> Request 8
1408
(4, 3, 1)
3
(7, 22)
-> Request 9
1430
(2, 2, 1)
2
(34, 8)
---> Week : 10
--> Day : 0
-> Request 0
77
(4, 3, 1)
3
(67, 6)
-> Request 1
80
(2, 3, 2)
3
(53, 20)
-> Request 2
135
(3, 3, 2)
3
(50, 28)
-> Request 3
331
(2, 2, 2)
2
(66, 52)
-> Request 4
403
(1, 2, 2)
2
(60, 34)
-> Request 5
422
(4, 1, 2)
3
(14, 58)
-> Request 6
517
(4, 1, 2)
1
(14, 22)
-> Request 7
809
(2, 2, 1)
1
(57, 46)
-> Request 8
1011
(1, 1, 1)
2
(58, 64)
-> Request 9
1227
(4, 3, 1)
3
(68, 69)
--> Day : 1
-> Request 0
201
(2, 1, 2)
1
(53, 30)
-> Request 1
213
(1, 1, 1)
1
(51, 23)
-> Request 2
484
(2, 2, 2)
1
(62, 68)
-> Request 3
744
(1, 2, 2)
2
(46, 34)
-> Request 4
750
(1, 1, 1)
1
(51, 28)
-> Request 5
1392
(2, 1, 1)
1
(59, 65)
-> Request 6
1403
(2, 2, 1)
3
(69, 8)
--> Day : 2
-> Request 0
71
(2, 3, 2)
3
(18, 46)
-> Request 1
98
(1, 2, 2)
3
(50, 38)
-> Request 2
264
(3, 2, 2)
3
(29, 60)
-> Request 3
839
(3, 1, 1)
2
(79, 15)
-> Request 4
1027
(2, 2, 2)
2
(58, 67)
--> Day : 3
-> Request 0
133
(2, 1, 1)
2
(56, 4)
-> Request 1
184
(4, 1, 2)
2
(72, 59)
-> Request 2
221
(1, 2, 1)
3
(60, 43)
-> Request 3
541
(1, 2, 2)
1
(79, 13)
-> Request 4
689
(1, 1, 1)
2
(46, 32)
-> Request 5
746
(3, 1, 1)
1
(50, 30)
-> Request 6
912
(1, 2, 2)
1
(55, 43)
-> Request 7
920
(4, 1, 2)
3
(21, 23)
-> Request 8
1434
(3, 3, 2)
3
(24, 72)
--> Day : 4
-> Request 0
75
(3, 3, 1)
3
(64, 73)
-> Request 1
114
(4, 1, 1)
1
(4, 17)
-> Request 2
216
(4, 1, 2)
3
(51, 1)
-> Request 3
403
(2, 3, 1)
3
(9, 29)
-> Request 4
454
(3, 3, 1)
1
(51, 37)
-> Request 5
611
(1, 1, 2)
1
(47, 73)
-> Request 6
885
(1, 3, 1)
3
(36, 12)
-> Request 7
885
(2, 3, 1)
2
(75, 19)
-> Request 8
904
(1, 2, 1)
3
(43, 11)
-> Request 9
1059
(2, 3, 2)
1
(57, 76)
-> Request 10
1247
(2, 1, 1)
1
(23, 15)
-> Request 11
1269
(3, 3, 2)
3
(72, 49)
-> Request 12
1277
(3, 1, 1)
3
(9, 28)
-> Request 13
1416
(2, 2, 2)
2
(58, 79)
---> Week : 11
--> Day : 0
-> Request 0
8
(4, 3, 1)
1
(46, 0)
-> Request 1
50
(1, 1, 2)
1
(55, 61)
-> Request 2
220
(1, 1, 2)
2
(60, 65)
-> Request 3
335
(3, 2, 2)
1
(15, 21)
-> Request 4
450
(4, 3, 2)
2
(50, 38)
-> Request 5
685
(3, 3, 2)
2
(57, 73)
-> Request 6
747
(3, 1, 2)
1
(11, 20)
-> Request 7
916
(2, 3, 1)
1
(61, 64)
-> Request 8
944
(4, 1, 1)
2
(72, 55)
-> Request 9
1023
(4, 3, 1)
2
(53, 73)
-> Request 10
1153
(2, 2, 1)
1
(19, 75)
-> Request 11
1274
(1, 2, 2)
1
(50, 38)
-> Request 12
1292
(2, 1, 2)
1
(61, 34)
-> Request 13
1314
(2, 3, 2)
1
(34, 77)
-> Request 14
1367
(4, 2, 2)
2
(48, 35)
--> Day : 1
-> Request 0
101
(4, 2, 1)
3
(58, 11)
-> Request 1
157
(4, 2, 2)
1
(49, 40)
-> Request 2
234
(3, 1, 1)
2
(58, 69)
-> Request 3
317
(2, 3, 2)
3
(66, 75)
-> Request 4
628
(2, 1, 2)
1
(35, 10)
-> Request 5
982
(3, 3, 2)
3
(46, 40)
-> Request 6
1127
(3, 3, 2)
2
(53, 67)
-> Request 7
1144
(1, 3, 1)
1
(49, 36)
-> Request 8
1181
(2, 2, 2)
1
(55, 71)
-> Request 9
1203
(2, 1, 1)
1
(66, 72)
-> Request 10
1414
(1, 1, 1)
3
(42, 75)
--> Day : 2
-> Request 0
183
(1, 1, 1)
1
(50, 28)
-> Request 1
200
(1, 3, 2)
2
(43, 29)
-> Request 2
546
(2, 1, 2)
1
(12, 44)
-> Request 3
582
(1, 3, 2)
2
(53, 28)
-> Request 4
816
(1, 1, 2)
2
(3, 76)
-> Request 5
844
(2, 3, 2)
3
(57, 43)
-> Request 6
939
(1, 1, 1)
3
(49, 29)
-> Request 7
1135
(1, 3, 2)
3
(53, 68)
-> Request 8
1412
(2, 3, 2)
1
(61, 30)
-> Request 9
1430
(4, 3, 2)
3
(77, 44)
--> Day : 3
-> Request 0
84
(2, 1, 1)
1
(10, 25)
-> Request 1
98
(4, 1, 1)
2
(49, 34)
-> Request 2
179
(2, 3, 1)
2
(63, 72)
-> Request 3
236
(4, 1, 2)
2
(76, 79)
-> Request 4
267
(2, 1, 2)
3
(3, 1)
-> Request 5
315
(3, 2, 2)
2
(77, 4)
-> Request 6
317
(2, 1, 2)
3
(9, 1)
-> Request 7
415
(3, 2, 2)
1
(61, 31)
-> Request 8
481
(2, 1, 1)
2
(45, 42)
-> Request 9
705
(2, 2, 2)
2
(7, 11)
-> Request 10
856
(2, 3, 2)
1
(57, 75)
-> Request 11
953
(4, 1, 1)
2
(49, 28)
-> Request 12
1078
(4, 2, 1)
1
(48, 28)
-> Request 13
1133
(3, 2, 2)
1
(62, 70)
-> Request 14
1174
(4, 1, 1)
2
(40, 30)
-> Request 15
1270
(2, 2, 2)
1
(43, 67)
--> Day : 4
-> Request 0
153
(2, 2, 2)
1
(30, 18)
-> Request 1
194
(3, 2, 2)
3
(55, 75)
-> Request 2
248
(4, 3, 1)
2
(66, 74)
-> Request 3
466
(2, 1, 1)
2
(61, 75)
-> Request 4
577
(4, 1, 1)
3
(44, 69)
-> Request 5
997
(2, 2, 2)
3
(57, 41)
-> Request 6
1077
(3, 1, 2)
2
(62, 41)
-> Request 7
1273
(1, 1, 2)
3
(64, 71)
---> Week : 12
--> Day : 0
-> Request 0
209
(4, 3, 1)
1
(8, 24)
-> Request 1
281
(4, 3, 1)
1
(30, 50)
-> Request 2
637
(2, 2, 1)
3
(52, 39)
-> Request 3
765
(1, 3, 2)
3
(47, 79)
-> Request 4
787
(4, 1, 2)
2
(59, 64)
-> Request 5
912
(1, 2, 2)
3
(50, 42)
-> Request 6
946
(3, 3, 2)
2
(52, 41)
-> Request 7
1282
(3, 2, 1)
2
(57, 40)
-> Request 8
1435
(2, 2, 2)
3
(39, 22)
--> Day : 1
-> Request 0
536
(3, 3, 2)
2
(2, 65)
-> Request 1
574
(2, 3, 1)
1
(63, 77)
-> Request 2
646
(3, 1, 2)
1
(59, 76)
-> Request 3
992
(4, 1, 1)
3
(59, 28)
--> Day : 2
-> Request 0
157
(1, 3, 2)
2
(57, 43)
-> Request 1
158
(3, 3, 1)
3
(77, 36)
-> Request 2
177
(3, 3, 2)
1
(47, 72)
-> Request 3
712
(1, 2, 1)
3
(55, 33)
-> Request 4
789
(3, 2, 1)
2
(76, 30)
-> Request 5
1136
(1, 1, 2)
3
(57, 30)
-> Request 6
1275
(3, 3, 2)
2
(45, 49)
--> Day : 3
-> Request 0
379
(3, 1, 2)
1
(57, 64)
-> Request 1
486
(2, 3, 1)
1
(6, 19)
-> Request 2
505
(4, 3, 2)
2
(50, 38)
-> Request 3
709
(1, 2, 2)
3
(25, 7)
-> Request 4
751
(3, 2, 1)
3
(57, 37)
-> Request 5
1009
(1, 3, 2)
2
(62, 35)
-> Request 6
1014
(2, 1, 1)
1
(51, 48)
-> Request 7
1025
(2, 1, 1)
2
(67, 71)
-> Request 8
1439
(1, 1, 2)
2
(48, 29)
--> Day : 4
-> Request 0
23
(1, 2, 2)
2
(64, 69)
-> Request 1
31
(2, 3, 1)
3
(38, 70)
-> Request 2
216
(4, 3, 1)
1
(23, 73)
-> Request 3
389
(3, 1, 1)
3
(28, 41)
-> Request 4
576
(4, 1, 1)
3
(14, 26)
-> Request 5
746
(2, 2, 1)
3
(4, 0)
-> Request 6
933
(1, 2, 1)
2
(26, 58)
-> Request 7
1022
(1, 2, 1)
2
(23, 34)
-> Request 8
1121
(1, 2, 1)
2
(13, 29)
-> Request 9
1157
(2, 2, 1)
2
(44, 31)
---> Week : 13
--> Day : 0
-> Request 0
93
(1, 2, 1)
3
(32, 39)
-> Request 1
270
(4, 3, 1)
1
(64, 78)
-> Request 2
712
(2, 1, 1)
3
(71, 12)
-> Request 3
851
(1, 3, 2)
3
(43, 69)
-> Request 4
888
(3, 2, 2)
1
(43, 44)
-> Request 5
909
(1, 1, 1)
3
(50, 27)
-> Request 6
1202
(1, 1, 2)
3
(44, 43)
-> Request 7
1315
(3, 2, 2)
2
(51, 38)
--> Day : 1
-> Request 0
106
(3, 2, 2)
1
(31, 24)
-> Request 1
171
(1, 2, 2)
1
(55, 68)
-> Request 2
241
(4, 3, 2)
2
(75, 49)
-> Request 3
387
(3, 2, 1)
3
(76, 33)
-> Request 4
410
(3, 1, 1)
3
(13, 73)
-> Request 5
543
(4, 3, 2)
2
(32, 48)
-> Request 6
752
(3, 3, 1)
1
(13, 23)
-> Request 7
840
(1, 2, 2)
3
(69, 28)
-> Request 8
887
(1, 3, 2)
2
(21, 21)
-> Request 9
1148
(3, 3, 1)
3
(54, 57)
-> Request 10
1173
(3, 3, 2)
3
(55, 42)
-> Request 11
1348
(2, 3, 2)
3
(43, 40)
--> Day : 2
-> Request 0
43
(2, 1, 1)
2
(44, 7)
-> Request 1
154
(4, 3, 2)
2
(16, 23)
-> Request 2
178
(3, 3, 2)
2
(57, 73)
-> Request 3
260
(4, 3, 2)
1
(27, 30)
-> Request 4
653
(4, 3, 2)
3
(60, 36)
-> Request 5
657
(3, 3, 2)
3
(20, 55)
-> Request 6
702
(3, 3, 1)
2
(61, 72)
-> Request 7
835
(4, 1, 2)
2
(73, 15)
-> Request 8
960
(1, 1, 2)
1
(61, 74)
-> Request 9
1121
(2, 2, 2)
1
(76, 75)
-> Request 10
1198
(3, 2, 2)
2
(37, 78)
-> Request 11
1224
(1, 1, 2)
3
(62, 26)
-> Request 12
1354
(1, 2, 1)
2
(56, 60)
-> Request 13
1390
(1, 1, 1)
1
(38, 69)
-> Request 14
1421
(1, 1, 2)
2
(50, 35)
--> Day : 3
-> Request 0
179
(3, 2, 1)
1
(48, 31)
-> Request 1
219
(1, 3, 2)
1
(55, 45)
-> Request 2
222
(3, 2, 1)
2
(57, 46)
-> Request 3
360
(2, 3, 1)
3
(17, 20)
-> Request 4
677
(1, 1, 1)
2
(53, 66)
-> Request 5
773
(3, 3, 2)
1
(60, 43)
-> Request 6
1021
(2, 2, 1)
1
(73, 59)
-> Request 7
1063
(1, 1, 1)
3
(61, 27)
-> Request 8
1072
(3, 2, 1)
1
(8, 77)
-> Request 9
1156
(2, 3, 1)
3
(60, 35)
-> Request 10
1317
(3, 1, 2)
3
(45, 4)
--> Day : 4
-> Request 0
11
(1, 3, 2)
3
(9, 27)
-> Request 1
20
(2, 3, 1)
1
(32, 49)
-> Request 2
187
(4, 2, 2)
2
(77, 26)
-> Request 3
279
(4, 1, 2)
3
(65, 66)
-> Request 4
350
(3, 2, 1)
2
(78, 33)
-> Request 5
380
(1, 1, 1)
3
(56, 67)
-> Request 6
567
(1, 3, 2)
1
(44, 29)
-> Request 7
639
(2, 3, 2)
1
(58, 71)
-> Request 8
715
(3, 3, 1)
1
(34, 2)
-> Request 9
777
(1, 1, 2)
1
(30, 68)
-> Request 10
876
(3, 1, 2)
3
(49, 30)
-> Request 11
983
(1, 3, 2)
3
(47, 31)
-> Request 12
1204
(4, 2, 1)
3
(59, 69)
-> Request 13
1347
(2, 3, 1)
2
(46, 43)
---> Week : 14
--> Day : 0
-> Request 0
128
(1, 1, 1)
2
(12, 21)
-> Request 1
133
(1, 3, 1)
3
(50, 39)
-> Request 2
482
(1, 3, 1)
3
(70, 18)
-> Request 3
497
(3, 3, 2)
3
(61, 31)
-> Request 4
779
(1, 2, 1)
3
(18, 10)
-> Request 5
890
(4, 1, 1)
2
(44, 30)
-> Request 6
984
(2, 2, 1)
2
(53, 32)
-> Request 7
1103
(3, 2, 2)
2
(46, 44)
-> Request 8
1111
(2, 2, 2)
3
(62, 66)
-> Request 9
1240
(3, 1, 2)
1
(0, 44)
--> Day : 1
-> Request 0
41
(3, 1, 2)
2
(54, 70)
-> Request 1
558
(1, 1, 1)
1
(37, 22)
-> Request 2
637
(4, 1, 2)
3
(16, 45)
-> Request 3
670
(1, 1, 2)
2
(54, 74)
-> Request 4
722
(3, 3, 1)
1
(12, 24)
-> Request 5
731
(4, 2, 2)
3
(46, 16)
-> Request 6
784
(4, 1, 2)
1
(17, 1)
-> Request 7
997
(2, 1, 1)
3
(61, 18)
-> Request 8
1012
(3, 2, 2)
1
(40, 26)
-> Request 9
1085
(2, 1, 1)
3
(53, 75)
--> Day : 2
-> Request 0
60
(3, 2, 2)
1
(34, 56)
-> Request 1
95
(4, 1, 2)
3
(13, 1)
-> Request 2
108
(4, 1, 1)
1
(44, 26)
-> Request 3
175
(3, 3, 1)
1
(57, 72)
-> Request 4
294
(1, 3, 2)
1
(40, 46)
-> Request 5
310
(4, 3, 1)
3
(68, 33)
-> Request 6
661
(2, 3, 1)
2
(40, 63)
-> Request 7
755
(4, 2, 2)
3
(12, 23)
-> Request 8
802
(2, 2, 1)
1
(28, 65)
-> Request 9
1001
(2, 1, 2)
3
(62, 75)
-> Request 10
1063
(3, 3, 1)
1
(22, 73)
-> Request 11
1104
(3, 1, 1)
3
(53, 18)
-> Request 12
1394
(1, 3, 1)
3
(76, 19)
--> Day : 3
-> Request 0
220
(4, 2, 1)
2
(61, 29)
-> Request 1
287
(1, 3, 2)
3
(0, 59)
-> Request 2
469
(1, 2, 1)
2
(63, 59)
-> Request 3
628
(4, 3, 2)
1
(45, 44)
-> Request 4
684
(2, 2, 1)
2
(47, 44)
-> Request 5
707
(1, 1, 2)
3
(9, 76)
-> Request 6
1126
(2, 1, 1)
2
(24, 37)
-> Request 7
1160
(3, 1, 2)
1
(26, 64)
-> Request 8
1191
(3, 3, 2)
1
(23, 38)
-> Request 9
1204
(3, 1, 1)
1
(54, 45)
-> Request 10
1319
(1, 3, 1)
1
(4, 64)
-> Request 11
1341
(3, 1, 1)
2
(4, 69)
-> Request 12
1418
(3, 3, 1)
2
(62, 34)
-> Request 13
1420
(1, 3, 1)
1
(14, 23)
--> Day : 4
-> Request 0
266
(2, 1, 1)
1
(60, 29)
-> Request 1
387
(3, 2, 1)
1
(55, 68)
-> Request 2
707
(2, 3, 1)
1
(57, 35)
-> Request 3
818
(1, 1, 2)
3
(52, 67)
-> Request 4
913
(4, 1, 1)
1
(63, 3)
-> Request 5
1015
(1, 3, 2)
3
(49, 35)
---> Week : 15
--> Day : 0
-> Request 0
187
(4, 2, 2)
2
(65, 56)
-> Request 1
346
(2, 3, 2)
1
(8, 50)
-> Request 2
405
(1, 1, 1)
1
(72, 66)
-> Request 3
434
(2, 1, 1)
1
(75, 9)
-> Request 4
442
(1, 3, 1)
1
(37, 31)
-> Request 5
664
(2, 1, 2)
1
(75, 18)
-> Request 6
961
(1, 1, 1)
2
(21, 28)
-> Request 7
1153
(1, 2, 2)
2
(21, 12)
-> Request 8
1350
(3, 2, 2)
1
(50, 44)
-> Request 9
1391
(1, 1, 2)
2
(1, 79)
--> Day : 1
-> Request 0
140
(3, 1, 1)
1
(71, 21)
-> Request 1
256
(3, 3, 1)
3
(75, 70)
-> Request 2
472
(4, 2, 2)
1
(59, 29)
-> Request 3
508
(1, 2, 2)
2
(61, 71)
-> Request 4
575
(1, 3, 1)
1
(64, 74)
-> Request 5
887
(2, 1, 1)
2
(50, 10)
-> Request 6
948
(4, 1, 2)
1
(54, 38)
-> Request 7
1084
(2, 2, 2)
2
(74, 75)
-> Request 8
1246
(2, 1, 1)
3
(69, 74)
-> Request 9
1331
(2, 1, 1)
3
(39, 33)
-> Request 10
1349
(1, 1, 2)
2
(79, 59)
--> Day : 2
-> Request 0
59
(3, 2, 1)
2
(46, 33)
-> Request 1
64
(4, 2, 2)
2
(53, 51)
-> Request 2
157
(4, 2, 1)
2
(59, 38)
-> Request 3
162
(3, 3, 1)
1
(61, 29)
-> Request 4
321
(1, 1, 2)
1
(25, 50)
-> Request 5
641
(3, 2, 2)
1
(28, 73)
-> Request 6
654
(1, 3, 2)
3
(61, 41)
-> Request 7
1134
(4, 2, 1)
2
(63, 71)
-> Request 8
1205
(3, 1, 2)
3
(74, 26)
-> Request 9
1426
(4, 3, 1)
2
(47, 33)
--> Day : 3
-> Request 0
589
(1, 3, 2)
2
(66, 76)
-> Request 1
632
(3, 2, 2)
2
(7, 24)
-> Request 2
643
(1, 1, 2)
3
(21, 30)
-> Request 3
693
(2, 2, 1)
1
(59, 30)
-> Request 4
710
(4, 2, 2)
1
(14, 25)
-> Request 5
980
(3, 3, 2)
3
(44, 33)
-> Request 6
1015
(1, 2, 1)
3
(63, 33)
-> Request 7
1218
(1, 3, 2)
1
(37, 79)
-> Request 8
1417
(4, 2, 2)
1
(11, 23)
--> Day : 4
-> Request 0
133
(1, 3, 1)
1
(66, 75)
-> Request 1
286
(2, 1, 1)
2
(55, 64)
-> Request 2
294
(3, 3, 2)
2
(17, 22)
-> Request 3
665
(1, 1, 2)
1
(60, 69)
-> Request 4
946
(4, 1, 1)
1
(61, 78)
-> Request 5
1029
(4, 2, 2)
3
(43, 43)
-> Request 6
1224
(1, 2, 2)
2
(29, 49)
-> Request 7
1345
(4, 2, 2)
3
(59, 71)
---> Week : 16
--> Day : 0
-> Request 0
46
(1, 2, 1)
3
(70, 46)
-> Request 1
47
(3, 2, 2)
3
(53, 42)
-> Request 2
192
(1, 3, 2)
2
(66, 73)
-> Request 3
267
(4, 3, 1)
2
(62, 45)
-> Request 4
374
(3, 2, 2)
2
(65, 64)
-> Request 5
526
(4, 1, 1)
1
(38, 22)
-> Request 6
676
(4, 2, 1)
1
(9, 36)
-> Request 7
799
(1, 3, 2)
3
(34, 13)
-> Request 8
803
(3, 2, 1)
3
(43, 37)
-> Request 9
862
(1, 1, 1)
1
(3, 63)
-> Request 10
950
(1, 2, 1)
1
(4, 61)
-> Request 11
962
(2, 2, 1)
1
(56, 29)
-> Request 12
975
(4, 3, 2)
3
(36, 65)
-> Request 13
1183
(3, 3, 1)
1
(24, 72)
-> Request 14
1221
(4, 2, 2)
1
(62, 36)
-> Request 15
1234
(4, 3, 1)
1
(56, 46)
-> Request 16
1416
(2, 3, 1)
2
(53, 32)
-> Request 17
1431
(4, 2, 1)
1
(41, 66)
--> Day : 1
-> Request 0
245
(3, 3, 1)
3
(57, 46)
-> Request 1
500
(3, 2, 1)
3
(52, 32)
-> Request 2
573
(4, 2, 2)
1
(47, 46)
-> Request 3
597
(4, 2, 1)
1
(48, 36)
-> Request 4
756
(1, 3, 1)
3
(56, 46)
-> Request 5
907
(4, 2, 2)
3
(46, 27)
-> Request 6
920
(4, 1, 2)
1
(38, 58)
-> Request 7
950
(2, 2, 1)
2
(16, 23)
-> Request 8
1036
(1, 1, 1)
2
(59, 14)
-> Request 9
1062
(1, 3, 2)
1
(36, 37)
--> Day : 2
-> Request 0
154
(1, 3, 2)
2
(61, 42)
-> Request 1
207
(2, 3, 1)
3
(47, 29)
-> Request 2
478
(2, 3, 1)
3
(49, 27)
-> Request 3
671
(2, 1, 1)
2
(65, 3)
-> Request 4
706
(2, 3, 1)
3
(41, 77)
-> Request 5
997
(2, 3, 1)
1
(45, 32)
--> Day : 3
-> Request 0
16
(1, 2, 2)
1
(17, 23)
-> Request 1
246
(2, 3, 2)
2
(60, 72)
-> Request 2
459
(2, 3, 1)
3
(66, 68)
-> Request 3
703
(4, 3, 2)
3
(66, 64)
-> Request 4
715
(3, 2, 1)
2
(58, 30)
-> Request 5
775
(4, 2, 2)
2
(60, 35)
-> Request 6
942
(1, 3, 2)
1
(0, 25)
-> Request 7
1074
(1, 2, 2)
1
(42, 74)
-> Request 8
1173
(2, 3, 1)
3
(0, 27)
-> Request 9
1286
(3, 3, 2)
3
(40, 65)
--> Day : 4
-> Request 0
3
(1, 2, 2)
1
(43, 27)
-> Request 1
286
(2, 2, 2)
1
(8, 22)
-> Request 2
402
(4, 2, 2)
1
(58, 29)
-> Request 3
526
(4, 3, 2)
1
(58, 66)
-> Request 4
689
(4, 3, 1)
3
(14, 20)
-> Request 5
770
(3, 3, 2)
3
(72, 12)
-> Request 6
1292
(4, 1, 1)
1
(73, 48)
---> Week : 17
--> Day : 0
-> Request 0
148
(4, 2, 1)
1
(56, 46)
-> Request 1
879
(1, 1, 1)
3
(45, 37)
-> Request 2
1126
(4, 2, 2)
3
(55, 70)
-> Request 3
1309
(3, 1, 1)
2
(65, 64)
-> Request 4
1330
(2, 3, 2)
2
(41, 41)
-> Request 5
1382
(2, 2, 2)
3
(27, 41)
--> Day : 1
-> Request 0
35
(2, 1, 2)
1
(55, 78)
-> Request 1
77
(1, 3, 2)
2
(29, 27)
-> Request 2
146
(1, 1, 2)
3
(14, 57)
-> Request 3
149
(4, 2, 1)
3
(6, 54)
-> Request 4
412
(3, 3, 2)
3
(52, 67)
-> Request 5
449
(3, 2, 1)
3
(9, 22)
-> Request 6
531
(3, 1, 2)
3
(13, 21)
-> Request 7
536
(4, 1, 1)
3
(56, 5)
-> Request 8
542
(1, 2, 1)
1
(8, 24)
-> Request 9
652
(4, 2, 1)
2
(14, 77)
-> Request 10
824
(4, 3, 2)
1
(56, 74)
-> Request 11
967
(3, 3, 1)
1
(51, 44)
-> Request 12
1422
(4, 1, 2)
1
(79, 57)
--> Day : 2
-> Request 0
211
(4, 3, 2)
3
(31, 67)
-> Request 1
427
(4, 2, 1)
3
(11, 27)
-> Request 2
803
(2, 1, 1)
2
(17, 75)
-> Request 3
834
(4, 2, 2)
3
(15, 76)
-> Request 4
843
(2, 1, 1)
3
(51, 34)
-> Request 5
957
(3, 1, 1)
2
(77, 51)
-> Request 6
1289
(3, 3, 2)
2
(50, 13)
-> Request 7
1428
(4, 2, 1)
2
(53, 27)
--> Day : 3
-> Request 0
185
(3, 1, 1)
1
(1, 19)
-> Request 1
255
(4, 2, 2)
2
(59, 55)
-> Request 2
266
(2, 3, 2)
2
(51, 40)
-> Request 3
270
(3, 2, 2)
1
(62, 9)
-> Request 4
319
(4, 1, 2)
3
(47, 45)
-> Request 5
468
(1, 2, 1)
3
(46, 43)
-> Request 6
540
(1, 3, 2)
3
(66, 69)
-> Request 7
552
(2, 1, 2)
2
(46, 42)
-> Request 8
593
(1, 2, 2)
2
(75, 40)
-> Request 9
665
(4, 2, 2)
3
(38, 63)
-> Request 10
962
(3, 1, 1)
1
(39, 72)
-> Request 11
1170
(4, 2, 2)
3
(56, 48)
-> Request 12
1186
(4, 1, 1)
3
(3, 79)
--> Day : 4
-> Request 0
44
(4, 1, 1)
3
(53, 67)
-> Request 1
458
(4, 2, 1)
2
(4, 19)
-> Request 2
737
(1, 1, 2)
1
(61, 74)
-> Request 3
844
(4, 1, 1)
1
(43, 30)
-> Request 4
1012
(1, 1, 1)
2
(64, 70)
-> Request 5
1076
(1, 1, 2)
2
(25, 67)
-> Request 6
1146
(1, 3, 2)
2
(70, 33)
-> Request 7
1394
(1, 1, 2)
2
(54, 58)
---> Week : 18
--> Day : 0
-> Request 0
83
(4, 3, 1)
3
(15, 29)
-> Request 1
113
(4, 1, 2)
1
(55, 71)
-> Request 2
193
(2, 1, 2)
1
(36, 30)
-> Request 3
348
(1, 3, 2)
3
(16, 41)
-> Request 4
424
(3, 3, 1)
1
(51, 41)
-> Request 5
684
(4, 3, 2)
2
(43, 32)
-> Request 6
798
(3, 2, 2)
3
(12, 37)
-> Request 7
830
(4, 1, 2)
3
(10, 70)
-> Request 8
862
(2, 3, 1)
3
(74, 39)
-> Request 9
1021
(3, 1, 2)
3
(11, 21)
-> Request 10
1168
(4, 3, 1)
2
(44, 73)
-> Request 11
1332
(1, 2, 2)
1
(54, 74)
-> Request 12
1362
(2, 3, 2)
2
(50, 55)
--> Day : 1
-> Request 0
311
(3, 1, 1)
2
(48, 35)
-> Request 1
404
(1, 3, 2)
2
(17, 23)
-> Request 2
431
(4, 3, 1)
2
(58, 66)
-> Request 3
482
(2, 2, 1)
3
(65, 72)
-> Request 4
484
(2, 1, 2)
1
(60, 66)
-> Request 5
516
(2, 2, 2)
3
(59, 58)
-> Request 6
623
(4, 1, 2)
3
(65, 66)
-> Request 7
869
(4, 2, 2)
3
(55, 36)
-> Request 8
1120
(3, 3, 2)
1
(47, 30)
-> Request 9
1174
(3, 3, 1)
1
(55, 71)
-> Request 10
1320
(3, 3, 2)
1
(61, 34)
--> Day : 2
-> Request 0
455
(3, 2, 1)
2
(55, 72)
-> Request 1
818
(3, 2, 2)
1
(32, 76)
-> Request 2
856
(2, 2, 2)
3
(14, 39)
-> Request 3
894
(1, 2, 2)
1
(43, 37)
-> Request 4
964
(1, 3, 2)
3
(61, 45)
-> Request 5
1164
(2, 3, 1)
1
(70, 68)
-> Request 6
1171
(1, 3, 2)
2
(26, 20)
-> Request 7
1277
(4, 1, 2)
1
(7, 32)
-> Request 8
1337
(1, 1, 1)
3
(66, 10)
--> Day : 3
-> Request 0
45
(3, 3, 1)
2
(59, 34)
-> Request 1
360
(4, 3, 1)
3
(71, 76)
-> Request 2
383
(4, 2, 1)
3
(31, 73)
-> Request 3
442
(4, 1, 1)
3
(64, 74)
-> Request 4
483
(2, 2, 1)
3
(47, 42)
-> Request 5
544
(4, 1, 2)
2
(62, 45)
-> Request 6
596
(3, 2, 2)
2
(57, 74)
-> Request 7
888
(3, 3, 1)
1
(53, 40)
-> Request 8
1016
(3, 2, 1)
2
(43, 29)
-> Request 9
1433
(2, 3, 2)
1
(40, 47)
--> Day : 4
-> Request 0
294
(2, 3, 2)
2
(10, 36)
-> Request 1
302
(4, 3, 1)
2
(27, 17)
-> Request 2
326
(3, 2, 1)
2
(30, 72)
-> Request 3
347
(4, 3, 1)
1
(32, 1)
-> Request 4
519
(4, 2, 1)
2
(50, 43)
-> Request 5
545
(3, 2, 2)
3
(49, 33)
-> Request 6
599
(3, 3, 2)
1
(6, 49)
-> Request 7
840
(2, 1, 2)
1
(54, 76)
-> Request 8
924
(4, 1, 1)
1
(7, 67)
-> Request 9
1052
(4, 2, 1)
2
(10, 29)
-> Request 10
1124
(2, 2, 1)
1
(58, 27)
-> Request 11
1132
(3, 3, 2)
3
(61, 36)
-> Request 12
1277
(4, 3, 2)
2
(58, 27)
---> Week : 19
--> Day : 0
-> Request 0
124
(3, 1, 2)
3
(45, 27)
-> Request 1
366
(1, 1, 1)
1
(63, 20)
-> Request 2
453
(1, 3, 1)
3
(13, 29)
-> Request 3
520
(2, 3, 1)
1
(65, 72)
-> Request 4
701
(4, 1, 2)
1
(34, 61)
-> Request 5
756
(1, 1, 1)
3
(58, 32)
-> Request 6
764
(3, 1, 2)
3
(78, 45)
-> Request 7
821
(2, 2, 1)
1
(6, 3)
-> Request 8
905
(1, 2, 2)
1
(56, 69)
-> Request 9
973
(2, 2, 2)
3
(3, 75)
-> Request 10
1095
(1, 1, 2)
1
(57, 38)
-> Request 11
1341
(4, 1, 1)
3
(65, 66)
-> Request 12
1373
(3, 2, 1)
2
(20, 26)
--> Day : 1
-> Request 0
61
(1, 1, 2)
2
(12, 45)
-> Request 1
512
(1, 3, 2)
1
(57, 65)
-> Request 2
694
(4, 1, 1)
2
(49, 32)
-> Request 3
809
(1, 2, 1)
1
(65, 38)
-> Request 4
1256
(3, 2, 1)
3
(16, 21)
-> Request 5
1305
(1, 2, 1)
3
(18, 2)
--> Day : 2
-> Request 0
96
(2, 1, 2)
1
(62, 78)
-> Request 1
145
(1, 3, 1)
2
(55, 74)
-> Request 2
203
(4, 1, 2)
1
(57, 44)
-> Request 3
207
(1, 3, 2)
3
(58, 41)
-> Request 4
393
(1, 3, 2)
2
(62, 71)
-> Request 5
491
(3, 3, 2)
2
(44, 39)
-> Request 6
492
(1, 3, 2)
1
(61, 65)
-> Request 7
744
(2, 2, 2)
1
(54, 64)
-> Request 8
1351
(3, 1, 2)
3
(51, 33)
--> Day : 3
-> Request 0
7
(4, 1, 1)
3
(50, 44)
-> Request 1
27
(3, 3, 2)
2
(57, 73)
-> Request 2
160
(1, 1, 2)
2
(6, 63)
-> Request 3
345
(1, 3, 1)
2
(18, 50)
-> Request 4
472
(1, 1, 2)
3
(16, 4)
-> Request 5
522
(1, 1, 1)
3
(68, 31)
-> Request 6
571
(1, 3, 2)
1
(52, 71)
-> Request 7
913
(2, 3, 2)
1
(29, 2)
-> Request 8
995
(2, 1, 1)
3
(62, 55)
-> Request 9
1026
(4, 2, 1)
3
(53, 30)
-> Request 10
1032
(1, 2, 2)
3
(67, 20)
-> Request 11
1179
(4, 1, 2)
2
(59, 16)
--> Day : 4
-> Request 0
173
(3, 1, 2)
3
(10, 49)
-> Request 1
558
(4, 1, 2)
1
(38, 48)
-> Request 2
784
(1, 1, 1)
3
(69, 67)
-> Request 3
799
(1, 3, 1)
2
(55, 70)
-> Request 4
875
(1, 3, 1)
1
(10, 37)
-> Request 5
889
(1, 3, 1)
3
(77, 57)
-> Request 6
954
(2, 3, 1)
2
(55, 69)
-> Request 7
987
(1, 2, 2)
1
(13, 20)
-> Request 8
1006
(4, 3, 2)
1
(74, 54)
-> Request 9
1114
(4, 2, 1)
1
(58, 38)
-> Request 10
1182
(1, 1, 1)
1
(62, 66)
-> Request 11
1304
(3, 1, 1)
2
(54, 46)
-> Request 12
1321
(2, 3, 1)
2
(58, 40)
-> Request 13
1410
(2, 1, 2)
3
(8, 66)
