---> Week : 0
--> Day : 0
-> Request 0
14
(2, 2, 1)
2
(75, 14)
-> Request 1
79
(3, 2, 1)
2
(77, 70)
-> Request 2
197
(1, 3, 2)
1
(18, 52)
-> Request 3
399
(3, 1, 1)
2
(66, 65)
-> Request 4
550
(3, 2, 2)
3
(16, 24)
-> Request 5
816
(4, 1, 1)
2
(47, 43)
-> Request 6
816
(1, 2, 1)
2
(65, 64)
-> Request 7
1144
(4, 3, 2)
3
(17, 21)
--> Day : 1
-> Request 0
62
(4, 2, 1)
2
(62, 41)
-> Request 1
296
(3, 3, 1)
2
(17, 26)
-> Request 2
611
(3, 1, 2)
2
(61, 60)
-> Request 3
875
(4, 3, 2)
3
(64, 64)
-> Request 4
919
(2, 3, 2)
2
(36, 41)
-> Request 5
924
(4, 3, 1)
3
(77, 38)
-> Request 6
989
(3, 3, 1)
2
(56, 41)
-> Request 7
1259
(2, 1, 1)
3
(9, 11)
-> Request 8
1327
(4, 2, 2)
2
(58, 38)
-> Request 9
1393
(3, 3, 1)
3
(13, 63)
--> Day : 2
-> Request 0
62
(3, 2, 2)
3
(46, 43)
-> Request 1
470
(4, 2, 2)
2
(63, 57)
-> Request 2
471
(3, 2, 2)
1
(47, 30)
-> Request 3
1236
(1, 1, 2)
2
(52, 67)
-> Request 4
1426
(2, 3, 1)
1
(47, 39)
--> Day : 3
-> Request 0
27
(1, 1, 1)
1
(75, 74)
-> Request 1
233
(3, 2, 2)
3
(48, 35)
-> Request 2
806
(2, 2, 2)
2
(52, 22)
-> Request 3
1026
(2, 3, 1)
2
(56, 30)
-> Request 4
1238
(2, 3, 1)
3
(22, 35)
-> Request 5
1293
(3, 1, 1)
3
(59, 68)
-> Request 6
1378
(4, 2, 2)
2
(50, 41)
-> Request 7
1411
(4, 1, 2)
1
(26, 69)
--> Day : 4
-> Request 0
337
(2, 1, 2)
1
(57, 68)
-> Request 1
486
(1, 2, 2)
1
(30, 52)
-> Request 2
649
(3, 1, 1)
3
(57, 69)
-> Request 3
787
(3, 1, 1)
2
(45, 35)
---> Week : 1
--> Day : 0
-> Request 0
7
(1, 3, 1)
1
(32, 3)
-> Request 1
19
(2, 3, 1)
1
(60, 32)
-> Request 2
88
(1, 1, 1)
3
(52, 30)
-> Request 3
414
(4, 3, 2)
1
(53, 71)
-> Request 4
465
(4, 2, 2)
2
(59, 67)
-> Request 5
838
(1, 2, 2)
1
(65, 75)
-> Request 6
898
(3, 1, 1)
3
(1, 76)
-> Request 7
1330
(1, 1, 1)
1
(24, 32)
-> Request 8
1343
(2, 1, 1)
2
(56, 30)
--> Day : 1
-> Request 0
67
(1, 3, 2)
3
(29, 44)
-> Request 1
735
(1, 1, 1)
1
(15, 22)
-> Request 2
1034
(3, 3, 1)
3
(62, 78)
-> Request 3
1103
(4, 3, 2)
3
(58, 33)
-> Request 4
1198
(4, 3, 1)
1
(1, 49)
-> Request 5
1262
(3, 3, 2)
2
(50, 34)
--> Day : 2
-> Request 0
173
(4, 2, 1)
1
(50, 42)
-> Request 1
242
(3, 1, 1)
1
(13, 20)
-> Request 2
533
(3, 1, 1)
3
(0, 53)
-> Request 3
693
(3, 2, 2)
2
(25, 5)
-> Request 4
975
(1, 2, 2)
1
(53, 69)
--> Day : 3
-> Request 0
47
(4, 1, 1)
1
(35, 55)
-> Request 1
50
(4, 2, 2)
2
(19, 49)
-> Request 2
189
(2, 1, 2)
1
(10, 35)
-> Request 3
424
(3, 1, 2)
3
(61, 72)
-> Request 4
433
(2, 2, 1)
2
(12, 49)
-> Request 5
534
(4, 1, 2)
1
(61, 45)
-> Request 6
729
(1, 2, 1)
3
(48, 32)
-> Request 7
853
(3, 1, 1)
2
(52, 76)
-> Request 8
939
(1, 1, 2)
2
(46, 27)
-> Request 9
1060
(1, 2, 1)
3
(73, 38)
-> Request 10
1225
(4, 3, 2)
2
(47, 32)
-> Request 11
1381
(2, 1, 1)
1
(2, 73)
--> Day : 4
-> Request 0
168
(3, 1, 1)
2
(44, 30)
-> Request 1
196
(2, 2, 2)
2
(10, 73)
-> Request 2
423
(4, 1, 2)
3
(20, 4)
-> Request 3
429
(1, 3, 2)
3
(32, 62)
-> Request 4
496
(2, 3, 2)
2
(63, 13)
-> Request 5
591
(1, 3, 1)
2
(45, 44)
-> Request 6
705
(2, 3, 1)
3
(30, 26)
-> Request 7
823
(4, 2, 2)
2
(55, 33)
-> Request 8
876
(4, 2, 1)
2
(11, 20)
-> Request 9
1016
(4, 1, 2)
1
(56, 29)
-> Request 10
1214
(1, 1, 1)
2
(64, 77)
-> Request 11
1218
(2, 3, 2)
1
(65, 73)
-> Request 12
1437
(2, 1, 2)
2
(35, 12)
---> Week : 2
--> Day : 0
-> Request 0
30
(1, 2, 1)
3
(44, 10)
-> Request 1
304
(1, 2, 2)
2
(54, 66)
-> Request 2
682
(2, 1, 2)
2
(58, 24)
-> Request 3
1099
(2, 1, 1)
2
(4, 70)
-> Request 4
1114
(4, 2, 2)
2
(41, 44)
-> Request 5
1424
(3, 1, 2)
2
(61, 63)
--> Day : 1
-> Request 0
226
(1, 1, 1)
1
(49, 43)
-> Request 1
301
(2, 3, 1)
1
(56, 68)
-> Request 2
485
(1, 3, 2)
3
(61, 46)
-> Request 3
917
(4, 1, 1)
2
(30, 45)
-> Request 4
947
(4, 2, 2)
1
(35, 54)
-> Request 5
974
(1, 1, 1)
2
(17, 9)
-> Request 6
1100
(2, 2, 1)
1
(47, 27)
-> Request 7
1299
(2, 2, 1)
1
(59, 28)
--> Day : 2
-> Request 0
112
(3, 3, 2)
3
(39, 24)
-> Request 1
270
(1, 2, 1)
3
(77, 75)
-> Request 2
290
(2, 2, 2)
2
(68, 49)
-> Request 3
564
(3, 3, 2)
3
(44, 77)
-> Request 4
869
(3, 3, 1)
3
(57, 62)
-> Request 5
924
(2, 1, 1)
2
(56, 58)
-> Request 6
1156
(4, 2, 2)
2
(50, 27)
-> Request 7
1248
(2, 2, 2)
2
(58, 30)
-> Request 8
1412
(2, 3, 2)
2
(50, 28)
--> Day : 3
-> Request 0
7
(1, 3, 2)
3
(2, 68)
-> Request 1
91
(4, 3, 2)
1
(44, 28)
-> Request 2
174
(2, 2, 1)
1
(51, 38)
-> Request 3
581
(4, 2, 1)
1
(43, 33)
-> Request 4
869
(4, 1, 2)
2
(53, 72)
-> Request 5
1015
(3, 3, 1)
3
(54, 44)
-> Request 6
1043
(2, 3, 1)
3
(21, 44)
-> Request 7
1076
(1, 3, 1)
3
(48, 29)
-> Request 8
1171
(1, 2, 1)
2
(64, 71)
-> Request 9
1241
(2, 3, 1)
2
(49, 43)
--> Day : 4
-> Request 0
36
(4, 2, 1)
3
(58, 71)
-> Request 1
94
(1, 3, 2)
3
(12, 27)
-> Request 2
704
(4, 3, 2)
2
(54, 25)
-> Request 3
899
(3, 1, 2)
3
(43, 41)
-> Request 4
933
(1, 2, 1)
1
(24, 22)
-> Request 5
934
(1, 3, 1)
2
(59, 69)
-> Request 6
1019
(2, 2, 2)
3
(54, 70)
-> Request 7
1066
(2, 2, 1)
3
(11, 75)
-> Request 8
1066
(3, 2, 1)
1
(60, 67)
-> Request 9
1127
(2, 2, 2)
1
(1, 1)
---> Week : 3
--> Day : 0
-> Request 0
33
(3, 2, 1)
3
(56, 41)
-> Request 1
220
(3, 3, 2)
3
(10, 15)
-> Request 2
339
(3, 1, 1)
2
(56, 44)
-> Request 3
389
(4, 2, 1)
2
(4, 52)
-> Request 4
629
(4, 2, 1)
3
(9, 28)
-> Request 5
652
(2, 1, 1)
3
(48, 53)
-> Request 6
781
(1, 1, 2)
1
(36, 38)
-> Request 7
802
(2, 1, 2)
2
(57, 35)
-> Request 8
1054
(3, 2, 2)
1
(6, 5)
-> Request 9
1054
(4, 3, 1)
3
(75, 56)
-> Request 10
1172
(4, 3, 1)
1
(52, 69)
-> Request 11
1314
(3, 2, 1)
1
(65, 37)
-> Request 12
1335
(4, 3, 2)
3
(33, 12)
-> Request 13
1376
(3, 1, 2)
2
(55, 66)
-> Request 14
1380
(3, 1, 1)
1
(20, 50)
-> Request 15
1426
(1, 1, 1)
2
(63, 57)
--> Day : 1
-> Request 0
125
(3, 3, 2)
3
(50, 39)
-> Request 1
138
(2, 3, 2)
3
(62, 72)
-> Request 2
138
(1, 1, 2)
2
(33, 19)
-> Request 3
332
(2, 2, 1)
2
(53, 42)
-> Request 4
527
(4, 1, 2)
2
(38, 43)
-> Request 5
898
(3, 2, 1)
2
(65, 64)
-> Request 6
997
(4, 2, 1)
3
(54, 67)
-> Request 7
1073
(3, 1, 2)
2
(3, 25)
-> Request 8
1100
(3, 3, 1)
1
(27, 1)
-> Request 9
1122
(4, 1, 2)
1
(44, 36)
--> Day : 2
-> Request 0
156
(4, 1, 1)
2
(22, 45)
-> Request 1
250
(3, 1, 2)
2
(48, 31)
-> Request 2
277
(1, 1, 2)
1
(40, 31)
-> Request 3
322
(3, 3, 1)
3
(58, 68)
-> Request 4
430
(3, 1, 1)
2
(60, 38)
-> Request 5
479
(4, 2, 2)
3
(66, 66)
-> Request 6
603
(1, 1, 1)
3
(52, 36)
-> Request 7
718
(4, 3, 2)
1
(74, 36)
-> Request 8
791
(4, 1, 1)
2
(11, 7)
-> Request 9
897
(4, 3, 2)
2
(51, 28)
-> Request 10
954
(2, 1, 2)
2
(61, 77)
-> Request 11
991
(3, 3, 2)
3
(53, 65)
-> Request 12
1078
(1, 2, 1)
1
(63, 76)
-> Request 13
1344
(1, 1, 2)
2
(52, 42)
--> Day : 3
-> Request 0
515
(2, 2, 2)
2
(63, 65)
-> Request 1
546
(2, 3, 2)
1
(47, 45)
-> Request 2
997
(4, 2, 1)
2
(5, 55)
-> Request 3
1031
(2, 1, 1)
3
(50, 46)
-> Request 4
1101
(3, 3, 1)
1
(15, 19)
-> Request 5
1176
(3, 2, 1)
1
(55, 78)
-> Request 6
1261
(1, 1, 1)
2
(41, 74)
-> Request 7
1287
(2, 1, 1)
1
(27, 69)
-> Request 8
1321
(1, 3, 1)
3
(43, 5)
-> Request 9
1331
(3, 1, 2)
2
(30, 26)
--> Day : 4
-> Request 0
53
(4, 3, 1)
1
(77, 61)
-> Request 1
208
(1, 2, 1)
3
(46, 28)
-> Request 2
306
(4, 2, 2)
3
(6, 36)
-> Request 3
383
(3, 3, 2)
3
(15, 26)
-> Request 4
1062
(1, 2, 1)
2
(8, 35)
-> Request 5
1108
(2, 1, 1)
3
(57, 72)
-> Request 6
1285
(2, 3, 2)
3
(60, 24)
-> Request 7
1352
(4, 3, 2)
2
(45, 44)
---> Week : 4
--> Day : 0
-> Request 0
18
(1, 2, 2)
1
(32, 66)
-> Request 1
230
(3, 1, 2)
2
(55, 54)
-> Request 2
280
(3, 1, 2)
2
(69, 70)
-> Request 3
293
(1, 2, 1)
1
(52, 54)
-> Request 4
366
(3, 1, 2)
3
(64, 26)
-> Request 5
616
(1, 3, 2)
2
(52, 65)
-> Request 6
991
(2, 2, 1)
1
(3, 71)
-> Request 7
1003
(1, 1, 2)
3
(27, 19)
-> Request 8
1094
(2, 2, 1)
1
(79, 14)
--> Day : 1
-> Request 0
5
(1, 3, 1)
2
(6, 45)
-> Request 1
63
(4, 3, 2)
2
(56, 44)
-> Request 2
258
(4, 1, 1)
3
(6, 74)
-> Request 3
338
(4, 2, 2)
2
(64, 12)
-> Request 4
540
(3, 3, 1)
2
(27, 15)
-> Request 5
883
(2, 1, 1)
1
(10, 28)
-> Request 6
896
(2, 3, 2)
3
(10, 23)
-> Request 7
1422
(4, 1, 1)
2
(64, 18)
--> Day : 2
-> Request 0
99
(2, 3, 2)
1
(62, 74)
-> Request 1
126
(3, 3, 1)
1
(59, 74)
-> Request 2
236
(3, 2, 1)
1
(27, 66)
-> Request 3
293
(3, 3, 1)
2
(21, 63)
-> Request 4
302
(3, 2, 1)
3
(23, 19)
-> Request 5
366
(3, 1, 1)
3
(59, 78)
-> Request 6
410
(2, 1, 2)
1
(49, 37)
-> Request 7
498
(4, 1, 1)
2
(65, 72)
-> Request 8
580
(1, 3, 2)
1
(28, 48)
-> Request 9
938
(3, 1, 1)
1
(71, 1)
-> Request 10
1161
(4, 1, 1)
3
(44, 40)
-> Request 11
1274
(4, 1, 1)
3
(15, 56)
--> Day : 3
-> Request 0
93
(4, 1, 2)
1
(49, 28)
-> Request 1
217
(2, 1, 1)
1
(49, 45)
-> Request 2
309
(2, 2, 1)
3
(48, 13)
-> Request 3
642
(1, 1, 2)
1
(54, 68)
-> Request 4
716
(2, 1, 1)
3
(47, 39)
-> Request 5
944
(1, 2, 1)
3
(54, 68)
-> Request 6
976
(3, 1, 2)
3
(46, 37)
-> Request 7
992
(3, 2, 2)
2
(60, 75)
--> Day : 4
-> Request 0
72
(1, 1, 1)
2
(45, 2)
-> Request 1
139
(4, 2, 1)
3
(26, 62)
-> Request 2
678
(3, 2, 1)
2
(18, 13)
-> Request 3
865
(2, 2, 2)
1
(9, 2)
-> Request 4
939
(2, 1, 2)
2
(43, 56)
-> Request 5
1025
(4, 3, 1)
1
(8, 48)
-> Request 6
1042
(3, 1, 2)
2
(53, 33)
-> Request 7
1150
(2, 3, 1)
3
(48, 34)
-> Request 8
1308
(4, 2, 2)
1
(55, 38)
-> Request 9
1353
(2, 2, 2)
3
(45, 35)
-> Request 10
1373
(4, 2, 1)
3
(65, 41)
---> Week : 5
--> Day : 0
-> Request 0
467
(4, 3, 1)
1
(69, 57)
-> Request 1
934
(2, 2, 1)
2
(38, 78)
-> Request 2
1004
(4, 2, 1)
3
(51, 28)
-> Request 3
1014
(2, 1, 1)
3
(33, 21)
-> Request 4
1212
(2, 1, 2)
1
(46, 31)
--> Day : 1
-> Request 0
35
(1, 1, 2)
1
(67, 28)
-> Request 1
37
(1, 2, 1)
1
(72, 29)
-> Request 2
113
(3, 2, 1)
2
(60, 74)
-> Request 3
164
(1, 2, 1)
1
(73, 78)
-> Request 4
336
(1, 1, 2)
2
(58, 43)
-> Request 5
548
(1, 3, 2)
2
(50, 38)
-> Request 6
670
(2, 1, 1)
2
(40, 69)
-> Request 7
1137
(4, 3, 1)
1
(59, 34)
--> Day : 2
-> Request 0
2
(1, 2, 2)
1
(62, 43)
-> Request 1
161
(2, 3, 1)
2
(63, 64)
-> Request 2
289
(2, 2, 2)
3
(60, 76)
-> Request 3
443
(3, 2, 2)
2
(60, 44)
-> Request 4
506
(3, 2, 1)
3
(15, 22)
-> Request 5
892
(1, 1, 2)
3
(60, 76)
-> Request 6
910
(1, 2, 1)
2
(65, 72)
-> Request 7
990
(4, 2, 2)
3
(50, 37)
-> Request 8
1150
(1, 2, 2)
1
(55, 73)
-> Request 9
1159
(1, 1, 1)
3
(30, 61)
-> Request 10
1198
(1, 2, 2)
2
(3, 31)
-> Request 11
1321
(4, 2, 1)
2
(9, 25)
-> Request 12
1326
(4, 1, 2)
1
(58, 34)
-> Request 13
1326
(3, 2, 1)
2
(5, 70)
--> Day : 3
-> Request 0
45
(3, 1, 2)
1
(45, 43)
-> Request 1
121
(2, 2, 2)
3
(12, 55)
-> Request 2
162
(1, 2, 1)
3
(51, 33)
-> Request 3
167
(2, 3, 2)
1
(29, 73)
-> Request 4
273
(4, 2, 2)
2
(58, 68)
-> Request 5
651
(4, 1, 1)
1
(61, 67)
-> Request 6
705
(1, 1, 1)
1
(52, 35)
-> Request 7
782
(2, 3, 2)
1
(63, 52)
-> Request 8
957
(4, 1, 2)
1
(52, 39)
-> Request 9
1182
(4, 3, 1)
2
(44, 28)
-> Request 10
1205
(1, 2, 1)
2
(51, 38)
-> Request 11
1229
(1, 2, 2)
2
(36, 2)
-> Request 12
1375
(3, 3, 2)
1
(65, 64)
--> Day : 4
-> Request 0
213
(2, 2, 2)
2
(59, 64)
-> Request 1
235
(3, 2, 2)
1
(34, 6)
-> Request 2
670
(2, 3, 2)
2
(46, 33)
-> Request 3
671
(4, 3, 2)
1
(65, 69)
-> Request 4
719
(3, 1, 1)
3
(41, 36)
-> Request 5
740
(4, 3, 1)
2
(43, 43)
-> Request 6
898
(3, 1, 1)
1
(48, 34)
-> Request 7
934
(4, 2, 1)
2
(51, 28)
-> Request 8
960
(3, 1, 2)
1
(62, 34)
-> Request 9
1088
(1, 3, 2)
1
(57, 34)
---> Week : 6
--> Day : 0
-> Request 0
123
(2, 2, 1)
2
(32, 74)
-> Request 1
197
(4, 3, 1)
2
(23, 1)
-> Request 2
461
(4, 1, 2)
1
(49, 32)
-> Request 3
559
(3, 1, 1)
1
(76, 78)
-> Request 4
629
(3, 3, 2)
2
(46, 42)
-> Request 5
682
(1, 2, 2)
2
(56, 76)
-> Request 6
1055
(3, 2, 2)
3
(52, 76)
-> Request 7
1140
(4, 3, 2)
1
(58, 41)
-> Request 8
1140
(2, 3, 1)
1
(25, 55)
-> Request 9
1272
(2, 1, 2)
3
(15, 24)
-> Request 10
1394
(1, 3, 1)
3
(9, 21)
-> Request 11
1394
(1, 2, 2)
2
(13, 77)
--> Day : 1
-> Request 0
102
(4, 3, 1)
3
(65, 56)
-> Request 1
174
(4, 3, 2)
3
(58, 45)
-> Request 2
416
(3, 1, 2)
1
(48, 33)
-> Request 3
442
(2, 1, 2)
3
(59, 39)
-> Request 4
528
(2, 3, 1)
2
(13, 53)
-> Request 5
1053
(4, 1, 1)
1
(74, 14)
-> Request 6
1053
(1, 3, 1)
2
(53, 78)
-> Request 7
1134
(1, 2, 1)
3
(53, 29)
--> Day : 2
-> Request 0
74
(3, 3, 1)
2
(6, 0)
-> Request 1
101
(2, 3, 2)
3
(55, 42)
-> Request 2
155
(4, 3, 2)
2
(48, 44)
-> Request 3
219
(4, 3, 2)
3
(45, 33)
-> Request 4
428
(3, 3, 2)
1
(58, 68)
-> Request 5
498
(4, 1, 1)
2
(31, 25)
-> Request 6
550
(1, 2, 1)
3
(36, 35)
-> Request 7
1097
(3, 1, 1)
2
(14, 28)
-> Request 8
1115
(2, 2, 1)
2
(53, 39)
-> Request 9
1124
(4, 2, 2)
1
(49, 69)
-> Request 10
1163
(4, 2, 1)
1
(32, 3)
-> Request 11
1279
(3, 2, 1)
1
(63, 64)
-> Request 12
1301
(3, 1, 2)
2
(58, 44)
--> Day : 3
-> Request 0
39
(1, 2, 2)
1
(65, 57)
-> Request 1
191
(3, 1, 1)
1
(42, 16)
-> Request 2
490
(1, 3, 1)
2
(27, 57)
-> Request 3
518
(2, 1, 1)
3
(56, 39)
-> Request 4
916
(3, 2, 1)
1
(64, 60)
-> Request 5
981
(2, 1, 2)
1
(61, 35)
-> Request 6
1054
(2, 2, 2)
1
(60, 38)
-> Request 7
1240
(2, 2, 1)
3
(23, 60)
-> Request 8
1275
(2, 2, 1)
1
(12, 23)
-> Request 9
1327
(2, 1, 2)
2
(63, 75)
-> Request 10
1355
(4, 3, 1)
2
(52, 73)
-> Request 11
1402
(2, 1, 1)
1
(30, 24)
--> Day : 4
-> Request 0
139
(2, 2, 1)
1
(51, 57)
-> Request 1
238
(4, 2, 1)
3
(51, 37)
-> Request 2
248
(3, 3, 1)
2
(61, 32)
-> Request 3
285
(2, 3, 1)
3
(51, 43)
-> Request 4
351
(1, 1, 2)
3
(75, 30)
-> Request 5
562
(1, 3, 2)
1
(66, 36)
-> Request 6
596
(3, 3, 1)
1
(52, 36)
-> Request 7
991
(1, 3, 2)
1
(23, 71)
-> Request 8
1119
(3, 3, 1)
3
(65, 77)
-> Request 9
1176
(3, 2, 1)
2
(12, 28)
-> Request 10
1178
(4, 1, 1)
1
(66, 21)
-> Request 11
1306
(1, 3, 2)
3
(41, 28)
---> Week : 7
--> Day : 0
-> Request 0
192
(2, 3, 1)
2
(39, 72)
-> Request 1
711
(2, 1, 1)
3
(28, 11)
-> Request 2
734
(4, 2, 1)
1
(64, 64)
-> Request 3
1075
(2, 1, 2)
3
(24, 43)
--> Day : 1
-> Request 0
87
(1, 1, 1)
2
(3, 68)
-> Request 1
109
(1, 1, 2)
2
(70, 25)
-> Request 2
148
(1, 1, 2)
2
(43, 41)
-> Request 3
233
(2, 3, 1)
2
(19, 5)
-> Request 4
327
(4, 2, 1)
3
(66, 22)
-> Request 5
493
(1, 3, 1)
1
(12, 7)
-> Request 6
512
(4, 3, 1)
2
(57, 41)
-> Request 7
570
(1, 3, 2)
3
(9, 67)
-> Request 8
600
(3, 1, 2)
2
(5, 64)
-> Request 9
750
(2, 2, 1)
3
(58, 77)
-> Request 10
784
(2, 1, 2)
3
(54, 43)
-> Request 11
827
(2, 3, 1)
1
(61, 10)
-> Request 12
993
(1, 3, 2)
3
(61, 38)
-> Request 13
1080
(1, 1, 2)
2
(61, 68)
-> Request 14
1111
(3, 3, 2)
1
(43, 35)
-> Request 15
1207
(2, 1, 2)
1
(13, 27)
-> Request 16
1258
(3, 3, 1)
2
(56, 35)
--> Day : 2
-> Request 0
15
(1, 1, 2)
3
(61, 74)
-> Request 1
66
(3, 1, 1)
2
(54, 63)
-> Request 2
789
(4, 1, 2)
2
(70, 58)
-> Request 3
919
(3, 3, 1)
2
(0, 19)
-> Request 4
952
(2, 2, 1)
2
(16, 26)
-> Request 5
972
(2, 2, 2)
1
(61, 30)
-> Request 6
1303
(4, 3, 1)
3
(54, 58)
--> Day : 3
-> Request 0
248
(1, 3, 2)
1
(16, 25)
-> Request 1
404
(1, 1, 2)
2
(61, 72)
-> Request 2
472
(2, 3, 2)
3
(48, 43)
-> Request 3
493
(2, 3, 1)
1
(51, 46)
-> Request 4
558
(2, 3, 1)
1
(64, 74)
-> Request 5
570
(2, 1, 2)
3
(22, 24)
-> Request 6
784
(2, 2, 2)
1
(14, 11)
-> Request 7
786
(2, 3, 1)
2
(43, 46)
-> Request 8
860
(1, 2, 2)
3
(69, 74)
-> Request 9
997
(2, 3, 2)
3
(57, 33)
-> Request 10
1045
(1, 3, 2)
1
(34, 24)
-> Request 11
1095
(2, 2, 1)
1
(21, 51)
-> Request 12
1109
(4, 3, 2)
3
(76, 34)
-> Request 13
1182
(4, 2, 1)
1
(57, 37)
-> Request 14
1260
(2, 3, 2)
3
(13, 21)
-> Request 15
1350
(1, 1, 1)
3
(70, 60)
--> Day : 4
-> Request 0
300
(3, 1, 2)
1
(48, 42)
-> Request 1
368
(1, 1, 1)
3
(45, 12)
-> Request 2
557
(2, 1, 1)
1
(74, 62)
-> Request 3
909
(4, 3, 1)
3
(58, 42)
---> Week : 8
--> Day : 0
-> Request 0
32
(1, 3, 1)
1
(66, 66)
-> Request 1
47
(1, 3, 2)
3
(60, 68)
-> Request 2
99
(3, 2, 1)
3
(8, 29)
-> Request 3
291
(2, 2, 2)
3
(63, 71)
-> Request 4
320
(3, 3, 1)
2
(54, 3)
-> Request 5
394
(2, 1, 2)
3
(14, 21)
-> Request 6
725
(2, 3, 2)
2
(17, 79)
-> Request 7
763
(2, 1, 1)
2
(13, 25)
-> Request 8
822
(4, 2, 2)
2
(26, 43)
-> Request 9
1128
(3, 1, 2)
1
(56, 50)
-> Request 10
1315
(1, 2, 2)
3
(5, 66)
--> Day : 1
-> Request 0
97
(2, 1, 1)
3
(60, 36)
-> Request 1
212
(3, 3, 2)
1
(45, 45)
-> Request 2
236
(3, 2, 2)
1
(29, 0)
-> Request 3
396
(1, 3, 2)
1
(52, 71)
-> Request 4
850
(4, 3, 2)
3
(57, 68)
-> Request 5
912
(4, 1, 1)
2
(68, 48)
-> Request 6
950
(1, 2, 2)
1
(50, 39)
-> Request 7
1017
(3, 1, 2)
3
(52, 68)
-> Request 8
1141
(4, 1, 2)
1
(64, 69)
--> Day : 2
-> Request 0
121
(1, 1, 2)
1
(14, 23)
-> Request 1
179
(3, 2, 2)
1
(72, 29)
-> Request 2
195
(1, 3, 2)
3
(65, 74)
-> Request 3
668
(1, 1, 2)
2
(46, 24)
-> Request 4
721
(3, 3, 1)
2
(45, 69)
-> Request 5
1086
(1, 3, 2)
3
(59, 39)
-> Request 6
1101
(1, 1, 1)
2
(43, 20)
-> Request 7
1353
(2, 2, 1)
2
(71, 72)
--> Day : 3
-> Request 0
190
(3, 1, 2)
2
(20, 20)
-> Request 1
665
(2, 1, 1)
2
(45, 28)
-> Request 2
667
(1, 2, 1)
1
(60, 74)
-> Request 3
857
(1, 3, 2)
3
(17, 25)
-> Request 4
925
(1, 3, 2)
2
(48, 33)
-> Request 5
1144
(1, 1, 2)
3
(51, 43)
--> Day : 4
-> Request 0
136
(3, 1, 2)
3
(13, 26)
-> Request 1
159
(2, 2, 1)
3
(6, 37)
-> Request 2
240
(4, 2, 1)
2
(53, 75)
-> Request 3
251
(2, 2, 1)
2
(20, 48)
-> Request 4
496
(2, 1, 2)
3
(53, 45)
-> Request 5
615
(2, 2, 1)
1
(79, 63)
-> Request 6
775
(3, 1, 1)
2
(10, 21)
-> Request 7
1174
(1, 3, 2)
2
(55, 67)
-> Request 8
1265
(4, 1, 2)
3
(14, 9)
---> Week : 9
--> Day : 0
-> Request 0
6
(4, 3, 1)
2
(36, 49)
-> Request 1
29
(1, 1, 1)
1
(6, 58)
-> Request 2
301
(3, 2, 1)
2
(19, 35)
-> Request 3
500
(2, 1, 2)
3
(63, 79)
-> Request 4
520
(1, 1, 2)
1
(57, 0)
-> Request 5
536
(3, 3, 1)
2
(15, 47)
-> Request 6
560
(4, 2, 1)
2
(53, 55)
-> Request 7
580
(4, 3, 2)
3
(59, 42)
-> Request 8
669
(3, 1, 2)
3
(61, 43)
-> Request 9
671
(4, 2, 2)
1
(9, 27)
-> Request 10
1033
(2, 1, 1)
1
(0, 47)
-> Request 11
1093
(3, 2, 2)
3
(76, 66)
-> Request 12
1327
(1, 3, 2)
3
(16, 28)
-> Request 13
1362
(4, 3, 2)
2
(48, 4)
--> Day : 1
-> Request 0
78
(3, 1, 2)
2
(43, 39)
-> Request 1
107
(4, 1, 1)
1
(11, 21)
-> Request 2
143
(4, 1, 2)
3
(49, 1)
-> Request 3
196
(2, 3, 2)
1
(45, 35)
-> Request 4
213
(4, 3, 2)
3
(15, 60)
-> Request 5
372
(1, 3, 2)
2
(58, 29)
-> Request 6
434
(3, 1, 2)
2
(35, 50)
-> Request 7
491
(3, 3, 2)
2
(58, 34)
-> Request 8
918
(2, 2, 1)
2
(55, 35)
-> Request 9
949
(3, 3, 1)
3
(55, 36)
-> Request 10
1051
(3, 1, 2)
2
(59, 76)
-> Request 11
1209
(3, 2, 2)
3
(30, 66)
-> Request 12
1224
(4, 3, 2)
2
(8, 26)
-> Request 13
1322
(1, 1, 2)
3
(51, 33)
-> Request 14
1379
(2, 2, 2)
1
(12, 20)
-> Request 15
1397
(4, 1, 2)
1
(59, 19)
--> Day : 2
-> Request 0
99
(4, 2, 2)
1
(2, 48)
-> Request 1
310
(4, 3, 2)
3
(16, 41)
-> Request 2
642
(2, 1, 1)
1
(58, 45)
-> Request 3
1350
(1, 2, 2)
3
(1, 64)
--> Day : 3
-> Request 0
376
(4, 3, 1)
2
(50, 64)
-> Request 1
380
(4, 3, 1)
2
(17, 22)
-> Request 2
508
(3, 2, 2)
2
(7, 26)
-> Request 3
519
(4, 1, 2)
1
(50, 32)
-> Request 4
547
(1, 3, 2)
1
(49, 38)
-> Request 5
599
(3, 3, 1)
1
(48, 27)
-> Request 6
978
(4, 1, 2)
3
(54, 66)
-> Request 7
1098
(2, 3, 2)
3
(66, 68)
-> Request 8
1130
(3, 2, 2)
3
(13, 21)
-> Request 9
1169
(3, 1, 1)
2
(79, 58)
-> Request 10
1241
(3, 2, 1)
3
(50, 36)
-> Request 11
1426
(1, 1, 2)
3
(20, 4)
--> Day : 4
-> Request 0
492
(2, 2, 2)
2
(46, 27)
-> Request 1
530
(4, 2, 2)
1
(60, 43)
-> Request 2
565
(1, 2, 1)
1
(53, 40)
-> Request 3
634
(4, 1, 1)
3
(54, 77)
-> Request 4
638
(2, 1, 1)
2
(10, 79)
-> Request 5
670
(1, 3, 1)
1
(59, 32)
-> Request 6
1248
(1, 1, 1)
2
(46, 27)
-> Request 7
1301
(4, 2, 1)
3
(14, 78)
-> Request 8
1320
(3, 3, 2)
2
(35, 10)
---> Week : 10
--> Day : 0
-> Request 0
80
(4, 3, 1)
3
(12, 29)
-> Request 1
431
(2, 2, 1)
3
(64, 67)
-> Request 2
436
(2, 3, 2)
1
(64, 74)
-> Request 3
440
(3, 2, 1)
1
(15, 22)
-> Request 4
484
(3, 3, 2)
3
(15, 11)
-> Request 5
526
(2, 1, 2)
1
(74, 0)
-> Request 6
597
(2, 3, 2)
1
(4, 13)
-> Request 7
702
(1, 2, 1)
1
(63, 41)
-> Request 8
739
(4, 3, 1)
2
(58, 40)
-> Request 9
837
(3, 2, 1)
1
(45, 29)
-> Request 10
877
(1, 2, 2)
2
(52, 38)
-> Request 11
1022
(3, 1, 2)
3
(8, 28)
-> Request 12
1115
(2, 2, 2)
3
(60, 45)
-> Request 13
1166
(4, 3, 1)
2
(61, 34)
-> Request 14
1200
(3, 1, 2)
1
(45, 29)
--> Day : 1
-> Request 0
35
(2, 2, 2)
1
(48, 40)
-> Request 1
124
(4, 2, 2)
1
(55, 66)
-> Request 2
198
(4, 2, 2)
1
(51, 34)
-> Request 3
298
(1, 3, 2)
3
(26, 37)
-> Request 4
468
(1, 3, 2)
3
(14, 9)
-> Request 5
478
(3, 3, 1)
1
(50, 36)
-> Request 6
637
(4, 2, 1)
2
(27, 2)
-> Request 7
707
(4, 2, 1)
3
(22, 69)
-> Request 8
1125
(3, 3, 2)
1
(55, 74)
-> Request 9
1176
(1, 1, 1)
3
(57, 78)
-> Request 10
1210
(2, 1, 1)
1
(65, 73)
--> Day : 2
-> Request 0
124
(3, 3, 2)
2
(21, 71)
-> Request 1
355
(1, 2, 1)
3
(29, 77)
-> Request 2
878
(1, 3, 2)
1
(65, 71)
-> Request 3
1164
(3, 1, 2)
3
(59, 61)
-> Request 4
1174
(4, 2, 1)
2
(51, 77)
--> Day : 3
-> Request 0
66
(1, 3, 1)
3
(50, 27)
-> Request 1
189
(3, 2, 1)
1
(57, 45)
-> Request 2
276
(2, 1, 1)
2
(32, 65)
-> Request 3
398
(1, 3, 2)
3
(59, 38)
-> Request 4
925
(3, 1, 1)
3
(40, 52)
-> Request 5
973
(1, 3, 2)
2
(59, 57)
-> Request 6
996
(3, 2, 2)
1
(10, 35)
--> Day : 4
-> Request 0
58
(2, 1, 1)
1
(49, 19)
-> Request 1
132
(3, 1, 1)
3
(49, 36)
-> Request 2
615
(3, 1, 1)
1
(55, 37)
-> Request 3
722
(2, 3, 1)
1
(8, 29)
-> Request 4
928
(4, 2, 1)
2
(63, 72)
-> Request 5
1129
(1, 2, 2)
3
(16, 21)
-> Request 6
1313
(1, 2, 2)
3
(48, 33)
---> Week : 11
--> Day : 0
-> Request 0
114
(3, 1, 2)
2
(15, 23)
-> Request 1
158
(1, 2, 2)
1
(62, 28)
-> Request 2
196
(3, 2, 2)
1
(66, 68)
-> Request 3
340
(2, 1, 2)
3
(57, 73)
-> Request 4
368
(2, 3, 1)
1
(27, 75)
-> Request 5
683
(1, 3, 2)
3
(56, 73)
-> Request 6
746
(1, 1, 2)
3
(33, 44)
-> Request 7
946
(3, 1, 1)
1
(38, 77)
-> Request 8
966
(3, 2, 2)
2
(63, 74)
-> Request 9
1199
(1, 2, 2)
3
(50, 38)
-> Request 10
1201
(3, 1, 1)
2
(47, 40)
-> Request 11
1344
(1, 2, 1)
2
(24, 57)
--> Day : 1
-> Request 0
6
(1, 2, 1)
3
(35, 13)
-> Request 1
315
(4, 2, 1)
3
(60, 77)
-> Request 2
527
(3, 1, 2)
2
(44, 43)
-> Request 3
534
(4, 3, 1)
3
(39, 4)
-> Request 4
996
(4, 2, 2)
2
(63, 74)
-> Request 5
1211
(3, 3, 1)
1
(45, 41)
--> Day : 2
-> Request 0
29
(1, 1, 1)
1
(62, 40)
-> Request 1
38
(2, 1, 1)
3
(31, 0)
-> Request 2
182
(3, 3, 1)
2
(61, 45)
-> Request 3
229
(3, 1, 1)
1
(57, 66)
-> Request 4
336
(1, 3, 1)
3
(56, 68)
-> Request 5
386
(2, 3, 1)
2
(59, 46)
-> Request 6
391
(2, 1, 2)
1
(61, 22)
-> Request 7
446
(2, 1, 2)
3
(3, 6)
-> Request 8
842
(3, 1, 2)
1
(28, 55)
-> Request 9
850
(2, 2, 2)
3
(11, 20)
-> Request 10
944
(2, 3, 1)
1
(36, 41)
-> Request 11
992
(2, 3, 2)
2
(50, 28)
-> Request 12
1255
(3, 2, 2)
3
(66, 47)
--> Day : 3
-> Request 0
9
(2, 2, 1)
3
(62, 75)
-> Request 1
174
(2, 3, 2)
3
(17, 40)
-> Request 2
564
(2, 3, 1)
1
(36, 17)
-> Request 3
620
(4, 1, 2)
1
(11, 23)
-> Request 4
830
(3, 3, 2)
1
(0, 29)
-> Request 5
918
(1, 3, 2)
3
(79, 64)
-> Request 6
1144
(4, 1, 1)
3
(65, 75)
-> Request 7
1207
(4, 3, 2)
1
(61, 74)
-> Request 8
1289
(2, 1, 1)
2
(18, 22)
-> Request 9
1343
(4, 2, 1)
2
(38, 30)
--> Day : 4
-> Request 0
150
(2, 1, 2)
3
(49, 41)
-> Request 1
152
(1, 2, 2)
1
(66, 64)
-> Request 2
267
(2, 1, 1)
1
(61, 36)
-> Request 3
306
(1, 3, 2)
3
(49, 35)
-> Request 4
450
(2, 3, 2)
2
(15, 28)
-> Request 5
658
(4, 1, 2)
1
(75, 62)
-> Request 6
950
(1, 3, 2)
1
(66, 23)
-> Request 7
1026
(1, 1, 1)
1
(61, 66)
-> Request 8
1210
(4, 2, 1)
3
(8, 26)
-> Request 9
1215
(1, 3, 1)
2
(47, 18)
-> Request 10
1249
(1, 3, 2)
2
(41, 34)
-> Request 11
1297
(2, 2, 1)
3
(49, 33)
---> Week : 12
--> Day : 0
-> Request 0
152
(4, 2, 1)
2
(69, 74)
-> Request 1
794
(3, 2, 2)
2
(62, 20)
-> Request 2
804
(4, 2, 2)
2
(45, 44)
-> Request 3
929
(2, 1, 1)
3
(55, 15)
-> Request 4
1119
(4, 3, 1)
3
(38, 31)
-> Request 5
1141
(4, 1, 2)
3
(59, 38)
-> Request 6
1151
(3, 3, 1)
3
(11, 20)
-> Request 7
1282
(3, 3, 1)
2
(13, 28)
-> Request 8
1308
(4, 3, 2)
1
(55, 77)
-> Request 9
1338
(3, 1, 2)
3
(32, 4)
--> Day : 1
-> Request 0
154
(1, 1, 1)
3
(32, 24)
-> Request 1
389
(3, 1, 2)
2
(52, 67)
-> Request 2
550
(2, 1, 2)
3
(48, 23)
-> Request 3
780
(1, 3, 2)
3
(25, 19)
-> Request 4
797
(3, 1, 2)
1
(71, 35)
-> Request 5
1251
(1, 2, 2)
3
(41, 57)
-> Request 6
1378
(1, 1, 2)
3
(52, 22)
--> Day : 2
-> Request 0
362
(4, 2, 2)
1
(42, 68)
-> Request 1
832
(1, 2, 2)
1
(60, 43)
-> Request 2
893
(2, 2, 2)
2
(26, 37)
-> Request 3
1073
(1, 3, 1)
3
(37, 61)
-> Request 4
1296
(3, 2, 2)
3
(71, 63)
-> Request 5
1343
(3, 2, 2)
2
(38, 59)
-> Request 6
1435
(3, 1, 2)
2
(12, 27)
--> Day : 3
-> Request 0
54
(3, 3, 2)
2
(65, 3)
-> Request 1
82
(2, 1, 1)
3
(62, 71)
-> Request 2
422
(3, 3, 1)
1
(37, 25)
-> Request 3
696
(1, 3, 1)
1
(23, 35)
-> Request 4
827
(1, 3, 1)
2
(56, 35)
-> Request 5
1026
(4, 1, 1)
1
(45, 27)
-> Request 6
1054
(2, 3, 1)
1
(77, 7)
-> Request 7
1057
(2, 3, 2)
3
(14, 71)
--> Day : 4
-> Request 0
9
(4, 1, 2)
1
(30, 34)
-> Request 1
57
(4, 2, 1)
3
(46, 37)
-> Request 2
92
(4, 3, 2)
1
(67, 68)
-> Request 3
115
(2, 1, 2)
2
(8, 19)
-> Request 4
162
(1, 3, 2)
1
(12, 33)
-> Request 5
182
(2, 2, 1)
3
(44, 32)
-> Request 6
185
(2, 3, 1)
3
(25, 62)
-> Request 7
235
(3, 2, 1)
2
(0, 55)
-> Request 8
422
(2, 2, 2)
1
(79, 79)
-> Request 9
460
(2, 2, 2)
2
(57, 44)
-> Request 10
715
(2, 3, 2)
2
(27, 16)
-> Request 11
948
(2, 3, 2)
2
(74, 27)
-> Request 12
1002
(3, 1, 2)
3
(53, 40)
-> Request 13
1016
(4, 2, 2)
3
(50, 40)
-> Request 14
1033
(4, 2, 2)
2
(59, 44)
-> Request 15
1134
(1, 3, 1)
3
(17, 23)
-> Request 16
1355
(2, 2, 1)
1
(53, 59)
-> Request 17
1358
(4, 2, 1)
2
(10, 29)
---> Week : 13
--> Day : 0
-> Request 0
371
(4, 3, 1)
1
(59, 74)
-> Request 1
385
(2, 2, 2)
1
(56, 61)
-> Request 2
449
(3, 1, 2)
1
(67, 42)
-> Request 3
502
(2, 2, 1)
3
(21, 77)
-> Request 4
506
(3, 3, 1)
3
(65, 22)
-> Request 5
617
(3, 1, 2)
1
(50, 41)
-> Request 6
803
(3, 3, 1)
3
(16, 28)
-> Request 7
829
(1, 2, 2)
3
(24, 34)
-> Request 8
1153
(2, 2, 2)
2
(66, 76)
-> Request 9
1192
(2, 1, 1)
1
(48, 41)
--> Day : 1
-> Request 0
94
(4, 3, 2)
2
(55, 78)
-> Request 1
213
(3, 3, 2)
3
(45, 40)
-> Request 2
477
(3, 1, 1)
3
(30, 29)
-> Request 3
491
(1, 3, 2)
3
(44, 27)
-> Request 4
764
(4, 1, 1)
1
(12, 23)
-> Request 5
969
(3, 1, 1)
3
(76, 72)
-> Request 6
1050
(3, 1, 1)
1
(51, 73)
-> Request 7
1056
(2, 1, 2)
2
(16, 29)
-> Request 8
1381
(2, 3, 1)
1
(50, 39)
--> Day : 2
-> Request 0
322
(3, 3, 2)
2
(29, 69)
-> Request 1
346
(2, 2, 1)
3
(66, 75)
-> Request 2
680
(4, 1, 1)
1
(43, 28)
-> Request 3
1101
(1, 1, 2)
3
(53, 27)
-> Request 4
1117
(1, 2, 2)
3
(51, 46)
-> Request 5
1191
(2, 2, 2)
1
(43, 34)
-> Request 6
1390
(1, 2, 2)
3
(55, 31)
--> Day : 3
-> Request 0
92
(1, 1, 1)
1
(55, 75)
-> Request 1
218
(2, 2, 2)
2
(17, 42)
-> Request 2
269
(2, 3, 1)
3
(51, 36)
-> Request 3
276
(3, 2, 1)
2
(56, 77)
-> Request 4
780
(3, 1, 1)
1
(71, 24)
-> Request 5
905
(3, 3, 2)
2
(36, 76)
-> Request 6
1037
(1, 1, 1)
2
(55, 43)
-> Request 7
1200
(4, 3, 1)
3
(75, 59)
-> Request 8
1327
(1, 3, 1)
2
(16, 5)
--> Day : 4
-> Request 0
192
(1, 2, 2)
3
(50, 36)
-> Request 1
246
(4, 3, 2)
3
(59, 34)
-> Request 2
335
(1, 2, 1)
2
(29, 71)
-> Request 3
360
(4, 1, 2)
2
(63, 77)
-> Request 4
365
(3, 3, 1)
2
(53, 28)
-> Request 5
379
(2, 3, 2)
1
(54, 68)
-> Request 6
450
(4, 2, 1)
1
(20, 41)
-> Request 7
544
(4, 3, 2)
1
(56, 32)
-> Request 8
591
(2, 3, 1)
1
(47, 33)
-> Request 9
616
(1, 2, 2)
3
(58, 75)
-> Request 10
766
(3, 2, 1)
3
(65, 67)
-> Request 11
795
(2, 2, 2)
1
(58, 33)
-> Request 12
918
(2, 2, 2)
3
(63, 69)
-> Request 13
923
(2, 2, 2)
2
(11, 4)
-> Request 14
968
(2, 1, 2)
3
(49, 35)
-> Request 15
1053
(1, 2, 2)
3
(65, 66)
-> Request 16
1364
(3, 3, 2)
2
(50, 33)
-> Request 17
1383
(2, 3, 1)
3
(63, 31)
---> Week : 14
--> Day : 0
-> Request 0
338
(4, 1, 2)
1
(65, 69)
-> Request 1
569
(2, 1, 1)
3
(67, 26)
-> Request 2
1037
(3, 2, 2)
2
(59, 38)
-> Request 3
1213
(1, 3, 1)
2
(45, 34)
-> Request 4
1411
(4, 3, 1)
3
(43, 44)
--> Day : 1
-> Request 0
12
(3, 3, 2)
1
(60, 42)
-> Request 1
71
(1, 2, 1)
1
(63, 67)
-> Request 2
693
(2, 2, 1)
1
(51, 33)
-> Request 3
785
(2, 2, 1)
3
(12, 23)
-> Request 4
1013
(3, 1, 2)
3
(8, 42)
-> Request 5
1263
(2, 1, 2)
1
(40, 72)
-> Request 6
1388
(2, 2, 2)
1
(52, 71)
--> Day : 2
-> Request 0
274
(2, 2, 2)
2
(62, 43)
-> Request 1
312
(1, 2, 2)
2
(55, 30)
-> Request 2
425
(3, 1, 1)
2
(11, 26)
-> Request 3
430
(2, 3, 1)
2
(47, 28)
-> Request 4
750
(4, 3, 2)
2
(43, 46)
-> Request 5
768
(1, 1, 2)
3
(33, 77)
-> Request 6
846
(3, 2, 2)
3
(47, 17)
-> Request 7
912
(2, 3, 2)
1
(43, 27)
-> Request 8
1133
(3, 3, 1)
2
(32, 71)
-> Request 9
1199
(3, 3, 1)
2
(53, 29)
-> Request 10
1266
(1, 1, 1)
1
(36, 68)
--> Day : 3
-> Request 0
8
(2, 2, 1)
2
(23, 47)
-> Request 1
112
(3, 3, 1)
1
(47, 51)
-> Request 2
410
(1, 3, 1)
1
(58, 77)
-> Request 3
567
(1, 3, 2)
3
(65, 54)
-> Request 4
680
(4, 2, 1)
3
(56, 46)
-> Request 5
754
(4, 2, 2)
3
(70, 39)
-> Request 6
790
(1, 2, 2)
2
(17, 22)
-> Request 7
842
(3, 2, 2)
1
(69, 52)
-> Request 8
890
(2, 3, 1)
1
(9, 32)
-> Request 9
990
(3, 2, 2)
3
(74, 36)
-> Request 10
1154
(4, 2, 1)
1
(53, 73)
-> Request 11
1176
(1, 3, 2)
1
(57, 71)
--> Day : 4
-> Request 0
29
(3, 3, 1)
2
(48, 62)
-> Request 1
183
(2, 1, 1)
1
(44, 69)
-> Request 2
255
(1, 2, 2)
3
(51, 42)
-> Request 3
281
(3, 2, 2)
2
(60, 54)
-> Request 4
358
(2, 1, 2)
3
(57, 40)
-> Request 5
383
(1, 3, 2)
2
(61, 65)
-> Request 6
389
(4, 3, 1)
3
(53, 27)
-> Request 7
511
(3, 2, 1)
1
(61, 27)
-> Request 8
515
(3, 2, 2)
2
(57, 74)
-> Request 9
531
(1, 3, 1)
3
(56, 46)
-> Request 10
875
(2, 3, 2)
1
(60, 35)
-> Request 11
892
(4, 2, 1)
1
(56, 39)
-> Request 12
955
(1, 1, 1)
2
(44, 76)
-> Request 13
989
(4, 3, 1)
2
(37, 28)
-> Request 14
1112
(2, 3, 2)
2
(17, 71)
-> Request 15
1198
(1, 1, 1)
3
(49, 32)
-> Request 16
1365
(1, 3, 2)
3
(48, 43)
---> Week : 15
--> Day : 0
-> Request 0
129
(1, 3, 1)
3
(10, 17)
-> Request 1
313
(1, 3, 1)
3
(14, 23)
-> Request 2
332
(2, 2, 1)
1
(53, 66)
-> Request 3
736
(4, 3, 1)
1
(47, 36)
-> Request 4
771
(4, 1, 2)
3
(50, 19)
-> Request 5
945
(2, 3, 1)
1
(20, 42)
-> Request 6
988
(1, 2, 1)
3
(43, 33)
-> Request 7
1410
(3, 3, 2)
3
(4, 5)
--> Day : 1
-> Request 0
168
(1, 2, 1)
2
(68, 21)
-> Request 1
324
(1, 1, 1)
2
(34, 57)
-> Request 2
646
(4, 1, 2)
3
(23, 37)
-> Request 3
745
(1, 3, 2)
3
(37, 49)
-> Request 4
786
(3, 1, 1)
1
(79, 67)
-> Request 5
836
(4, 3, 2)
2
(11, 68)
-> Request 6
1074
(2, 1, 1)
2
(57, 37)
-> Request 7
1099
(2, 2, 2)
3
(61, 60)
-> Request 8
1182
(1, 2, 1)
2
(65, 68)
-> Request 9
1390
(3, 1, 1)
2
(68, 5)
--> Day : 2
-> Request 0
28
(2, 3, 1)
2
(78, 49)
-> Request 1
152
(1, 1, 2)
2
(58, 37)
-> Request 2
293
(2, 3, 1)
1
(76, 65)
-> Request 3
299
(2, 2, 2)
3
(60, 36)
-> Request 4
577
(1, 2, 2)
1
(38, 22)
-> Request 5
965
(2, 2, 2)
1
(55, 67)
-> Request 6
1032
(1, 2, 1)
1
(58, 76)
-> Request 7
1081
(4, 1, 1)
2
(51, 33)
-> Request 8
1092
(2, 2, 1)
2
(40, 45)
-> Request 9
1297
(4, 3, 1)
2
(20, 14)
-> Request 10
1358
(1, 3, 1)
3
(51, 39)
-> Request 11
1399
(2, 1, 2)
3
(55, 64)
--> Day : 3
-> Request 0
10
(3, 3, 2)
2
(56, 73)
-> Request 1
53
(2, 3, 2)
1
(64, 77)
-> Request 2
259
(4, 2, 1)
2
(5, 1)
-> Request 3
353
(2, 2, 2)
3
(23, 61)
-> Request 4
481
(4, 2, 2)
3
(17, 25)
-> Request 5
499
(1, 3, 2)
1
(73, 72)
-> Request 6
715
(4, 1, 2)
1
(57, 26)
-> Request 7
763
(2, 1, 1)
2
(44, 32)
-> Request 8
853
(1, 2, 2)
3
(55, 68)
-> Request 9
1070
(3, 2, 1)
2
(63, 72)
-> Request 10
1165
(2, 2, 1)
1
(8, 24)
-> Request 11
1197
(4, 1, 1)
3
(55, 28)
-> Request 12
1332
(4, 2, 1)
3
(61, 39)
--> Day : 4
-> Request 0
2
(3, 1, 1)
1
(57, 31)
-> Request 1
297
(1, 2, 1)
3
(62, 69)
-> Request 2
374
(2, 2, 1)
2
(44, 37)
-> Request 3
732
(4, 1, 2)
2
(73, 37)
-> Request 4
753
(2, 2, 2)
3
(52, 36)
-> Request 5
1231
(3, 3, 1)
1
(60, 36)
---> Week : 16
--> Day : 0
-> Request 0
70
(4, 2, 2)
2
(51, 31)
-> Request 1
94
(1, 2, 1)
2
(66, 73)
-> Request 2
293
(4, 3, 1)
1
(59, 42)
-> Request 3
485
(4, 3, 2)
2
(44, 34)
-> Request 4
564
(3, 3, 2)
2
(12, 57)
-> Request 5
596
(1, 3, 2)
3
(59, 36)
-> Request 6
649
(1, 3, 1)
2
(50, 22)
-> Request 7
761
(2, 2, 1)
3
(52, 36)
-> Request 8
832
(3, 3, 2)
1
(44, 44)
-> Request 9
1039
(4, 3, 1)
3
(12, 25)
-> Request 10
1049
(1, 1, 1)
3
(13, 76)
-> Request 11
1275
(2, 2, 1)
2
(51, 30)
--> Day : 1
-> Request 0
53
(2, 3, 1)
2
(52, 46)
-> Request 1
140
(2, 1, 2)
1
(39, 29)
-> Request 2
152
(1, 2, 2)
3
(60, 72)
-> Request 3
350
(2, 1, 2)
1
(48, 43)
-> Request 4
356
(2, 1, 2)
1
(46, 28)
-> Request 5
384
(3, 2, 1)
3
(65, 53)
-> Request 6
669
(2, 2, 1)
2
(35, 20)
-> Request 7
794
(3, 2, 2)
3
(53, 71)
-> Request 8
801
(1, 2, 2)
1
(72, 51)
-> Request 9
880
(1, 2, 1)
3
(3, 76)
-> Request 10
1002
(4, 1, 1)
2
(31, 2)
-> Request 11
1003
(4, 2, 2)
3
(45, 3)
-> Request 12
1171
(2, 2, 2)
3
(60, 59)
-> Request 13
1300
(3, 3, 1)
3
(62, 26)
--> Day : 2
-> Request 0
465
(3, 2, 1)
1
(9, 5)
-> Request 1
763
(1, 3, 1)
3
(61, 69)
-> Request 2
769
(4, 2, 2)
1
(51, 59)
-> Request 3
992
(2, 2, 2)
3
(21, 47)
-> Request 4
1376
(4, 2, 1)
3
(62, 75)
--> Day : 3
-> Request 0
33
(2, 1, 1)
2
(69, 50)
-> Request 1
221
(1, 2, 2)
3
(48, 35)
-> Request 2
429
(1, 3, 1)
3
(46, 8)
-> Request 3
671
(1, 3, 2)
2
(60, 31)
-> Request 4
812
(2, 1, 2)
2
(63, 67)
-> Request 5
926
(3, 3, 1)
2
(49, 32)
-> Request 6
1036
(1, 1, 2)
1
(63, 77)
-> Request 7
1263
(2, 3, 2)
2
(46, 63)
-> Request 8
1371
(1, 1, 2)
2
(72, 13)
--> Day : 4
-> Request 0
161
(3, 1, 2)
1
(66, 46)
-> Request 1
298
(2, 2, 1)
2
(60, 64)
-> Request 2
664
(1, 1, 2)
2
(69, 55)
-> Request 3
982
(2, 2, 1)
1
(53, 36)
-> Request 4
1414
(1, 3, 2)
1
(58, 62)
---> Week : 17
--> Day : 0
-> Request 0
159
(2, 3, 1)
2
(57, 39)
-> Request 1
273
(3, 3, 2)
2
(50, 47)
-> Request 2
310
(1, 3, 2)
3
(21, 15)
-> Request 3
467
(2, 3, 1)
2
(57, 70)
-> Request 4
652
(4, 3, 2)
2
(29, 21)
-> Request 5
863
(2, 1, 2)
1
(63, 78)
-> Request 6
871
(1, 3, 1)
1
(58, 77)
-> Request 7
931
(3, 3, 2)
2
(48, 42)
-> Request 8
1044
(3, 3, 1)
1
(8, 65)
-> Request 9
1155
(2, 2, 1)
2
(7, 24)
--> Day : 1
-> Request 0
5
(2, 1, 2)
3
(17, 42)
-> Request 1
210
(4, 3, 1)
3
(46, 34)
-> Request 2
247
(1, 2, 2)
1
(17, 28)
-> Request 3
501
(3, 2, 2)
2
(61, 15)
-> Request 4
595
(1, 2, 1)
2
(76, 72)
-> Request 5
730
(4, 2, 1)
3
(43, 45)
-> Request 6
830
(1, 3, 2)
3
(55, 28)
-> Request 7
845
(2, 3, 1)
1
(40, 47)
-> Request 8
914
(1, 1, 1)
2
(16, 27)
-> Request 9
1083
(4, 3, 1)
3
(55, 10)
-> Request 10
1159
(3, 2, 2)
2
(58, 40)
-> Request 11
1316
(4, 3, 1)
2
(58, 66)
-> Request 12
1379
(1, 3, 1)
1
(44, 50)
--> Day : 2
-> Request 0
201
(3, 3, 2)
2
(46, 28)
-> Request 1
222
(1, 1, 2)
1
(43, 43)
-> Request 2
488
(2, 2, 2)
2
(44, 29)
-> Request 3
600
(1, 1, 1)
2
(71, 31)
-> Request 4
780
(1, 1, 2)
3
(53, 73)
-> Request 5
882
(3, 2, 1)
2
(51, 7)
-> Request 6
948
(3, 3, 1)
1
(24, 22)
-> Request 7
1108
(4, 3, 2)
2
(16, 26)
-> Request 8
1418
(3, 1, 1)
3
(12, 28)
--> Day : 3
-> Request 0
2
(3, 2, 2)
3
(36, 22)
-> Request 1
32
(4, 3, 2)
1
(60, 41)
-> Request 2
75
(1, 3, 1)
1
(17, 6)
-> Request 3
111
(3, 1, 2)
3
(68, 35)
-> Request 4
146
(2, 2, 1)
3
(62, 32)
-> Request 5
612
(4, 2, 1)
3
(57, 46)
-> Request 6
834
(3, 2, 2)
3
(45, 39)
-> Request 7
966
(4, 2, 1)
1
(64, 34)
-> Request 8
1029
(2, 1, 1)
1
(29, 53)
-> Request 9
1069
(1, 2, 2)
2
(28, 79)
-> Request 10
1139
(1, 2, 1)
3
(58, 44)
-> Request 11
1254
(4, 2, 1)
3
(48, 40)
--> Day : 4
-> Request 0
65
(3, 1, 1)
1
(79, 13)
-> Request 1
80
(3, 3, 1)
2
(69, 11)
-> Request 2
130
(1, 3, 2)
2
(59, 31)
-> Request 3
196
(1, 2, 1)
1
(3, 33)
-> Request 4
397
(1, 2, 1)
2
(44, 34)
-> Request 5
457
(4, 1, 2)
3
(66, 69)
-> Request 6
640
(3, 3, 1)
1
(54, 78)
-> Request 7
647
(4, 1, 2)
1
(75, 64)
-> Request 8
688
(2, 2, 2)
1
(59, 30)
-> Request 9
1231
(3, 1, 1)
1
(43, 36)
-> Request 10
1279
(3, 3, 1)
2
(15, 60)
-> Request 11
1439
(3, 3, 1)
3
(61, 77)
---> Week : 18
--> Day : 0
-> Request 0
37
(3, 2, 1)
1
(52, 38)
-> Request 1
81
(3, 1, 2)
3
(62, 68)
-> Request 2
133
(4, 2, 1)
2
(74, 21)
-> Request 3
284
(4, 1, 1)
1
(54, 77)
-> Request 4
517
(1, 1, 2)
2
(44, 46)
-> Request 5
587
(3, 1, 1)
3
(46, 35)
-> Request 6
691
(3, 3, 1)
2
(57, 46)
-> Request 7
724
(1, 2, 1)
1
(66, 61)
-> Request 8
1027
(4, 1, 1)
2
(21, 0)
-> Request 9
1220
(4, 1, 1)
2
(59, 66)
-> Request 10
1230
(2, 1, 1)
1
(51, 40)
-> Request 11
1249
(2, 1, 2)
1
(14, 45)
--> Day : 1
-> Request 0
24
(1, 2, 1)
1
(54, 45)
-> Request 1
282
(4, 2, 1)
1
(15, 24)
-> Request 2
393
(3, 2, 1)
1
(55, 77)
-> Request 3
475
(2, 3, 2)
2
(25, 10)
-> Request 4
511
(3, 2, 2)
3
(47, 36)
-> Request 5
602
(2, 1, 2)
3
(54, 73)
-> Request 6
929
(4, 1, 1)
2
(0, 57)
-> Request 7
1314
(4, 2, 1)
2
(12, 52)
-> Request 8
1365
(4, 1, 2)
3
(10, 45)
-> Request 9
1402
(1, 1, 2)
1
(74, 49)
--> Day : 2
-> Request 0
49
(4, 1, 2)
3
(32, 67)
-> Request 1
77
(3, 2, 2)
2
(58, 29)
-> Request 2
218
(1, 1, 2)
2
(49, 35)
-> Request 3
223
(1, 3, 1)
1
(15, 55)
-> Request 4
367
(3, 2, 1)
2
(56, 36)
-> Request 5
943
(2, 2, 2)
1
(72, 18)
-> Request 6
1226
(3, 1, 1)
2
(59, 33)
-> Request 7
1390
(1, 1, 2)
2
(57, 39)
-> Request 8
1416
(4, 1, 2)
2
(47, 43)
--> Day : 3
-> Request 0
178
(4, 3, 1)
1
(69, 29)
-> Request 1
240
(4, 2, 2)
1
(14, 28)
-> Request 2
404
(4, 2, 1)
2
(58, 33)
-> Request 3
660
(4, 2, 2)
3
(48, 52)
-> Request 4
689
(4, 2, 2)
2
(59, 70)
-> Request 5
1294
(4, 3, 2)
2
(60, 4)
--> Day : 4
-> Request 0
289
(1, 1, 2)
3
(65, 75)
-> Request 1
497
(2, 2, 1)
3
(47, 42)
-> Request 2
498
(4, 3, 1)
3
(62, 44)
-> Request 3
585
(2, 1, 2)
2
(13, 26)
-> Request 4
856
(1, 1, 1)
1
(77, 53)
-> Request 5
1164
(2, 1, 1)
1
(62, 29)
-> Request 6
1357
(1, 1, 2)
2
(17, 21)
-> Request 7
1382
(3, 1, 1)
3
(36, 18)
---> Week : 19
--> Day : 0
-> Request 0
0
(1, 2, 2)
3
(62, 24)
-> Request 1
112
(2, 2, 2)
3
(48, 35)
-> Request 2
146
(2, 3, 2)
3
(76, 68)
-> Request 3
221
(1, 1, 2)
2
(58, 44)
-> Request 4
302
(2, 3, 2)
1
(48, 35)
-> Request 5
879
(1, 1, 2)
2
(53, 26)
-> Request 6
930
(1, 2, 2)
2
(66, 73)
-> Request 7
1071
(3, 1, 2)
2
(54, 70)
-> Request 8
1073
(3, 2, 2)
1
(31, 75)
-> Request 9
1264
(2, 3, 2)
3
(75, 49)
-> Request 10
1321
(3, 2, 2)
2
(46, 43)
-> Request 11
1347
(1, 3, 2)
1
(54, 45)
--> Day : 1
-> Request 0
252
(2, 1, 1)
3
(13, 25)
-> Request 1
308
(4, 3, 1)
3
(39, 20)
-> Request 2
409
(3, 1, 1)
3
(58, 35)
-> Request 3
1002
(2, 3, 2)
1
(10, 27)
-> Request 4
1104
(1, 3, 1)
1
(3, 45)
-> Request 5
1372
(4, 1, 2)
2
(52, 66)
--> Day : 2
-> Request 0
126
(4, 3, 1)
3
(54, 76)
-> Request 1
613
(3, 2, 2)
2
(54, 64)
-> Request 2
638
(3, 2, 2)
1
(54, 35)
-> Request 3
814
(4, 1, 1)
1
(58, 40)
-> Request 4
841
(1, 3, 1)
2
(32, 12)
-> Request 5
896
(1, 2, 2)
1
(51, 60)
-> Request 6
915
(1, 3, 2)
1
(47, 37)
-> Request 7
928
(1, 3, 1)
1
(54, 45)
-> Request 8
999
(3, 2, 2)
3
(42, 46)
-> Request 9
1010
(4, 1, 2)
2
(56, 70)
-> Request 10
1032
(3, 1, 2)
1
(33, 54)
-> Request 11
1331
(1, 2, 2)
1
(39, 32)
--> Day : 3
-> Request 0
60
(2, 1, 1)
1
(6, 50)
-> Request 1
65
(4, 3, 2)
1
(22, 21)
-> Request 2
205
(1, 3, 2)
1
(50, 35)
-> Request 3
253
(3, 3, 1)
2
(8, 22)
-> Request 4
413
(4, 3, 2)
1
(70, 67)
-> Request 5
608
(3, 3, 2)
2
(61, 77)
-> Request 6
799
(2, 1, 2)
3
(12, 26)
-> Request 7
854
(1, 2, 1)
1
(62, 21)
-> Request 8
921
(3, 1, 2)
3
(65, 71)
-> Request 9
1363
(3, 2, 1)
2
(14, 79)
--> Day : 4
-> Request 0
146
(2, 1, 1)
1
(25, 20)
-> Request 1
275
(1, 2, 1)
1
(7, 43)
-> Request 2
483
(2, 2, 1)
1
(45, 44)
-> Request 3
844
(3, 1, 2)
1
(13, 28)
-> Request 4
1159
(2, 2, 1)
3
(58, 75)
