---> Week : 0
--> Day : 0
-> Request 0
246
(1, 2, 2)
1
(71, 57)
-> Request 1
266
(1, 3, 2)
1
(60, 73)
-> Request 2
596
(1, 2, 1)
3
(65, 65)
-> Request 3
1137
(1, 3, 1)
2
(23, 10)
-> Request 4
1178
(1, 1, 1)
2
(31, 72)
-> Request 5
1200
(4, 1, 1)
3
(55, 46)
--> Day : 1
-> Request 0
24
(3, 2, 2)
1
(56, 64)
-> Request 1
61
(1, 3, 2)
3
(47, 62)
-> Request 2
421
(4, 2, 1)
1
(50, 45)
-> Request 3
650
(2, 3, 2)
3
(56, 59)
-> Request 4
676
(4, 1, 2)
2
(16, 7)
-> Request 5
680
(4, 3, 2)
2
(52, 75)
-> Request 6
796
(2, 1, 2)
3
(44, 36)
-> Request 7
891
(3, 1, 1)
3
(5, 19)
-> Request 8
981
(3, 2, 1)
3
(51, 31)
--> Day : 2
-> Request 0
271
(2, 3, 1)
2
(10, 50)
-> Request 1
418
(1, 1, 1)
2
(12, 25)
-> Request 2
429
(4, 3, 1)
1
(48, 72)
-> Request 3
491
(4, 2, 2)
2
(53, 45)
-> Request 4
616
(1, 3, 2)
2
(3, 28)
-> Request 5
654
(3, 2, 2)
3
(56, 77)
-> Request 6
817
(3, 3, 1)
3
(43, 18)
-> Request 7
951
(1, 1, 2)
2
(19, 74)
-> Request 8
1160
(4, 2, 1)
3
(56, 46)
-> Request 9
1298
(4, 2, 2)
3
(53, 76)
--> Day : 3
-> Request 0
211
(4, 3, 2)
2
(14, 61)
-> Request 1
520
(1, 3, 1)
1
(13, 22)
-> Request 2
580
(1, 2, 1)
3
(51, 38)
-> Request 3
594
(1, 2, 1)
1
(56, 71)
-> Request 4
612
(1, 2, 2)
1
(36, 33)
-> Request 5
617
(4, 3, 2)
3
(74, 47)
-> Request 6
1150
(2, 1, 1)
1
(67, 46)
-> Request 7
1396
(1, 1, 2)
1
(24, 51)
--> Day : 4
-> Request 0
314
(3, 3, 1)
2
(59, 73)
-> Request 1
381
(1, 3, 1)
2
(60, 71)
-> Request 2
416
(2, 1, 1)
3
(51, 34)
-> Request 3
941
(3, 2, 2)
2
(72, 53)
-> Request 4
988
(2, 2, 2)
3
(55, 36)
-> Request 5
1157
(1, 1, 2)
2
(64, 71)
-> Request 6
1159
(3, 1, 1)
2
(1, 77)
-> Request 7
1194
(2, 2, 1)
1
(44, 41)
-> Request 8
1195
(2, 1, 2)
2
(72, 62)
---> Week : 1
--> Day : 0
-> Request 0
27
(1, 1, 2)
1
(22, 56)
-> Request 1
169
(3, 1, 1)
2
(22, 11)
-> Request 2
947
(3, 2, 2)
1
(75, 18)
-> Request 3
1080
(2, 3, 1)
2
(0, 23)
-> Request 4
1193
(4, 3, 2)
2
(52, 27)
-> Request 5
1234
(2, 3, 1)
2
(45, 44)
-> Request 6
1270
(1, 1, 1)
2
(44, 36)
-> Request 7
1368
(3, 2, 1)
1
(57, 39)
-> Request 8
1415
(1, 1, 2)
3
(47, 43)
--> Day : 1
-> Request 0
58
(2, 1, 2)
2
(43, 28)
-> Request 1
153
(4, 2, 2)
1
(44, 2)
-> Request 2
178
(3, 1, 2)
3
(10, 40)
-> Request 3
684
(3, 3, 2)
3
(16, 23)
-> Request 4
798
(1, 1, 2)
3
(61, 40)
-> Request 5
864
(2, 2, 2)
3
(43, 28)
-> Request 6
875
(4, 1, 2)
2
(15, 26)
-> Request 7
884
(2, 3, 1)
1
(56, 70)
-> Request 8
1074
(2, 2, 2)
1
(75, 79)
-> Request 9
1117
(3, 2, 1)
3
(9, 66)
-> Request 10
1176
(3, 1, 2)
2
(59, 31)
-> Request 11
1237
(2, 3, 1)
3
(79, 59)
--> Day : 2
-> Request 0
147
(4, 2, 2)
2
(25, 41)
-> Request 1
437
(2, 1, 2)
2
(55, 30)
-> Request 2
514
(3, 3, 1)
3
(73, 71)
-> Request 3
557
(2, 2, 2)
1
(50, 46)
-> Request 4
713
(2, 1, 1)
1
(74, 48)
-> Request 5
752
(3, 3, 2)
1
(52, 37)
-> Request 6
758
(4, 2, 1)
1
(17, 39)
-> Request 7
919
(4, 2, 1)
2
(11, 78)
-> Request 8
1144
(3, 1, 1)
1
(68, 64)
-> Request 9
1257
(3, 1, 1)
2
(28, 17)
-> Request 10
1313
(4, 1, 2)
3
(13, 20)
-> Request 11
1407
(4, 2, 2)
3
(56, 76)
--> Day : 3
-> Request 0
101
(4, 3, 2)
2
(27, 75)
-> Request 1
121
(2, 3, 2)
1
(20, 41)
-> Request 2
165
(1, 2, 2)
3
(58, 38)
-> Request 3
358
(4, 1, 2)
3
(49, 29)
-> Request 4
378
(4, 1, 1)
1
(62, 42)
-> Request 5
475
(2, 3, 1)
1
(6, 79)
-> Request 6
660
(4, 2, 2)
2
(69, 0)
-> Request 7
679
(1, 1, 2)
2
(45, 40)
-> Request 8
788
(1, 2, 2)
1
(21, 65)
-> Request 9
827
(3, 1, 2)
1
(13, 24)
-> Request 10
1000
(3, 3, 2)
1
(45, 46)
-> Request 11
1206
(2, 3, 1)
1
(61, 43)
-> Request 12
1424
(3, 3, 2)
2
(57, 38)
--> Day : 4
-> Request 0
23
(4, 2, 1)
1
(44, 79)
-> Request 1
207
(3, 2, 1)
2
(58, 30)
-> Request 2
329
(1, 3, 1)
1
(73, 76)
-> Request 3
452
(4, 3, 2)
1
(61, 36)
-> Request 4
469
(1, 1, 1)
2
(6, 77)
-> Request 5
815
(2, 2, 1)
2
(27, 53)
---> Week : 2
--> Day : 0
-> Request 0
48
(2, 2, 1)
2
(69, 5)
-> Request 1
208
(1, 1, 1)
3
(27, 19)
-> Request 2
363
(1, 1, 1)
2
(54, 40)
-> Request 3
588
(4, 2, 2)
2
(30, 31)
-> Request 4
590
(2, 1, 1)
2
(15, 27)
-> Request 5
675
(2, 2, 2)
2
(25, 77)
-> Request 6
1371
(1, 1, 1)
3
(62, 57)
--> Day : 1
-> Request 0
316
(2, 3, 2)
1
(65, 66)
-> Request 1
325
(2, 2, 1)
3
(60, 37)
-> Request 2
355
(2, 3, 2)
1
(59, 44)
-> Request 3
449
(4, 1, 1)
2
(17, 28)
-> Request 4
455
(2, 3, 1)
1
(48, 39)
-> Request 5
494
(1, 1, 1)
2
(18, 57)
-> Request 6
670
(3, 2, 1)
1
(69, 50)
-> Request 7
880
(3, 3, 2)
1
(63, 73)
-> Request 8
917
(1, 3, 1)
1
(52, 27)
-> Request 9
1176
(3, 1, 1)
2
(63, 72)
--> Day : 2
-> Request 0
70
(2, 2, 1)
1
(69, 51)
-> Request 1
74
(3, 3, 2)
1
(14, 23)
-> Request 2
471
(3, 1, 2)
3
(64, 75)
-> Request 3
550
(3, 2, 1)
1
(66, 58)
-> Request 4
722
(1, 2, 2)
3
(62, 56)
-> Request 5
814
(4, 3, 1)
2
(57, 45)
-> Request 6
1291
(1, 1, 1)
1
(21, 34)
--> Day : 3
-> Request 0
65
(4, 3, 2)
2
(6, 39)
-> Request 1
839
(4, 3, 2)
2
(57, 69)
-> Request 2
917
(1, 2, 1)
3
(68, 49)
-> Request 3
998
(2, 1, 1)
3
(15, 54)
--> Day : 4
-> Request 0
133
(4, 1, 2)
2
(36, 70)
-> Request 1
195
(4, 3, 2)
3
(43, 46)
-> Request 2
344
(4, 1, 1)
2
(59, 9)
-> Request 3
378
(3, 2, 1)
2
(61, 68)
-> Request 4
464
(4, 3, 1)
3
(49, 5)
-> Request 5
874
(3, 1, 2)
2
(77, 3)
-> Request 6
905
(4, 2, 2)
3
(45, 38)
-> Request 7
1026
(4, 2, 1)
1
(65, 78)
-> Request 8
1134
(1, 2, 2)
2
(34, 41)
-> Request 9
1242
(2, 1, 1)
3
(22, 76)
-> Request 10
1277
(2, 1, 1)
3
(78, 5)
-> Request 11
1286
(1, 1, 1)
3
(61, 65)
---> Week : 3
--> Day : 0
-> Request 0
225
(3, 2, 2)
3
(15, 43)
-> Request 1
272
(1, 2, 1)
1
(45, 35)
-> Request 2
468
(2, 3, 2)
3
(36, 71)
-> Request 3
875
(1, 3, 1)
2
(64, 64)
-> Request 4
883
(4, 2, 1)
1
(11, 28)
-> Request 5
986
(1, 3, 1)
1
(27, 40)
-> Request 6
1001
(2, 1, 2)
2
(53, 65)
-> Request 7
1084
(1, 3, 2)
1
(49, 37)
-> Request 8
1096
(4, 1, 2)
1
(54, 35)
-> Request 9
1189
(1, 1, 2)
1
(59, 37)
-> Request 10
1214
(3, 3, 2)
3
(66, 74)
-> Request 11
1273
(2, 2, 2)
1
(8, 40)
-> Request 12
1410
(4, 2, 2)
1
(53, 27)
--> Day : 1
-> Request 0
505
(1, 2, 1)
2
(50, 35)
-> Request 1
511
(3, 2, 2)
3
(59, 71)
-> Request 2
654
(2, 3, 2)
1
(52, 52)
-> Request 3
897
(3, 1, 2)
2
(0, 29)
-> Request 4
927
(1, 1, 2)
3
(50, 32)
-> Request 5
1098
(1, 2, 1)
3
(74, 64)
-> Request 6
1325
(4, 2, 2)
3
(22, 40)
--> Day : 2
-> Request 0
23
(2, 1, 2)
1
(46, 35)
-> Request 1
101
(2, 1, 1)
1
(73, 46)
-> Request 2
223
(4, 2, 2)
3
(51, 41)
-> Request 3
253
(2, 3, 1)
1
(63, 67)
-> Request 4
811
(1, 1, 2)
1
(62, 49)
-> Request 5
1283
(2, 3, 1)
2
(27, 68)
-> Request 6
1316
(4, 1, 2)
3
(46, 78)
--> Day : 3
-> Request 0
253
(1, 3, 2)
3
(9, 23)
-> Request 1
442
(2, 2, 2)
3
(55, 78)
-> Request 2
802
(1, 1, 2)
1
(15, 75)
-> Request 3
1347
(3, 3, 2)
3
(65, 72)
-> Request 4
1388
(1, 1, 2)
1
(47, 32)
--> Day : 4
-> Request 0
22
(3, 1, 2)
1
(47, 34)
-> Request 1
147
(4, 1, 2)
2
(44, 27)
-> Request 2
616
(1, 3, 1)
3
(27, 6)
-> Request 3
773
(2, 1, 1)
2
(62, 43)
-> Request 4
854
(2, 3, 2)
2
(34, 35)
-> Request 5
1129
(1, 2, 1)
3
(68, 73)
-> Request 6
1267
(1, 2, 2)
3
(6, 4)
-> Request 7
1287
(3, 1, 2)
3
(68, 11)
-> Request 8
1331
(2, 1, 1)
2
(60, 67)
-> Request 9
1331
(3, 1, 1)
2
(78, 45)
---> Week : 4
--> Day : 0
-> Request 0
176
(4, 2, 1)
1
(61, 71)
-> Request 1
295
(3, 1, 1)
3
(63, 68)
-> Request 2
306
(3, 2, 1)
2
(55, 28)
-> Request 3
477
(3, 3, 1)
3
(62, 64)
-> Request 4
745
(3, 3, 2)
1
(50, 43)
-> Request 5
754
(3, 3, 2)
2
(14, 22)
-> Request 6
762
(4, 2, 1)
3
(53, 77)
-> Request 7
1045
(4, 3, 2)
2
(52, 30)
-> Request 8
1192
(3, 3, 2)
1
(9, 22)
-> Request 9
1313
(4, 1, 2)
2
(54, 41)
--> Day : 1
-> Request 0
98
(1, 2, 2)
2
(61, 8)
-> Request 1
346
(2, 3, 2)
1
(47, 35)
-> Request 2
456
(2, 3, 2)
1
(32, 21)
-> Request 3
566
(4, 2, 1)
3
(47, 33)
-> Request 4
585
(2, 2, 1)
2
(8, 26)
-> Request 5
626
(3, 2, 1)
2
(53, 38)
-> Request 6
927
(4, 2, 2)
2
(62, 33)
-> Request 7
940
(1, 2, 2)
2
(64, 34)
--> Day : 2
-> Request 0
7
(3, 3, 1)
2
(56, 44)
-> Request 1
138
(2, 3, 1)
3
(27, 48)
-> Request 2
235
(1, 1, 1)
1
(78, 73)
-> Request 3
429
(1, 3, 1)
3
(45, 36)
-> Request 4
435
(4, 2, 2)
2
(44, 39)
-> Request 5
449
(2, 2, 2)
1
(59, 46)
-> Request 6
459
(1, 2, 2)
1
(63, 74)
-> Request 7
464
(4, 2, 2)
1
(60, 76)
-> Request 8
883
(4, 3, 2)
3
(71, 45)
-> Request 9
916
(4, 3, 1)
1
(20, 75)
-> Request 10
1439
(4, 2, 2)
2
(75, 24)
--> Day : 3
-> Request 0
55
(4, 1, 1)
1
(61, 28)
-> Request 1
546
(2, 2, 2)
1
(31, 59)
-> Request 2
560
(3, 3, 1)
3
(10, 20)
-> Request 3
839
(4, 1, 1)
2
(37, 7)
-> Request 4
896
(3, 2, 1)
3
(51, 35)
-> Request 5
1002
(1, 2, 2)
3
(56, 33)
-> Request 6
1018
(2, 1, 1)
2
(44, 35)
--> Day : 4
-> Request 0
3
(1, 1, 2)
2
(7, 41)
-> Request 1
286
(4, 2, 2)
2
(53, 46)
-> Request 2
296
(3, 2, 2)
2
(54, 36)
-> Request 3
538
(1, 2, 1)
2
(61, 0)
-> Request 4
573
(3, 3, 1)
1
(33, 24)
-> Request 5
599
(1, 1, 1)
1
(46, 5)
-> Request 6
621
(2, 3, 2)
2
(48, 49)
-> Request 7
970
(1, 2, 2)
1
(6, 4)
-> Request 8
1034
(4, 3, 2)
3
(43, 40)
-> Request 9
1085
(1, 3, 2)
1
(14, 1)
-> Request 10
1138
(2, 1, 1)
2
(53, 34)
-> Request 11
1373
(4, 2, 1)
3
(36, 11)
---> Week : 5
--> Day : 0
-> Request 0
131
(1, 2, 2)
1
(58, 35)
-> Request 1
355
(1, 2, 1)
2
(50, 42)
-> Request 2
448
(3, 1, 2)
3
(43, 28)
-> Request 3
598
(1, 3, 1)
1
(54, 37)
-> Request 4
815
(1, 1, 1)
3
(56, 77)
-> Request 5
914
(4, 3, 2)
3
(58, 66)
-> Request 6
918
(1, 2, 1)
2
(60, 0)
-> Request 7
985
(4, 3, 2)
2
(72, 44)
-> Request 8
1406
(1, 1, 1)
2
(47, 33)
--> Day : 1
-> Request 0
122
(4, 1, 1)
2
(53, 16)
-> Request 1
338
(4, 2, 1)
1
(51, 36)
-> Request 2
367
(3, 1, 1)
3
(4, 70)
-> Request 3
380
(3, 2, 1)
2
(30, 70)
-> Request 4
402
(3, 3, 2)
1
(59, 77)
-> Request 5
610
(1, 2, 2)
1
(69, 53)
-> Request 6
755
(3, 1, 1)
3
(24, 31)
-> Request 7
779
(3, 3, 1)
1
(16, 66)
-> Request 8
1044
(3, 3, 1)
1
(61, 68)
-> Request 9
1145
(4, 1, 2)
2
(33, 67)
-> Request 10
1235
(2, 3, 2)
2
(17, 23)
-> Request 11
1238
(1, 1, 1)
1
(55, 67)
-> Request 12
1345
(4, 2, 2)
2
(55, 69)
-> Request 13
1361
(1, 1, 2)
1
(45, 29)
--> Day : 2
-> Request 0
13
(2, 1, 1)
1
(59, 44)
-> Request 1
23
(1, 2, 1)
1
(58, 65)
-> Request 2
128
(3, 3, 2)
3
(47, 37)
-> Request 3
660
(1, 1, 2)
1
(54, 66)
-> Request 4
757
(1, 1, 2)
1
(47, 29)
-> Request 5
882
(4, 1, 1)
2
(23, 0)
-> Request 6
1069
(3, 2, 2)
1
(17, 25)
-> Request 7
1437
(3, 1, 1)
3
(52, 66)
--> Day : 3
-> Request 0
291
(3, 3, 1)
2
(48, 40)
-> Request 1
736
(1, 3, 2)
1
(11, 58)
-> Request 2
821
(3, 3, 1)
3
(18, 11)
-> Request 3
1023
(2, 1, 1)
2
(50, 34)
-> Request 4
1084
(2, 1, 2)
1
(43, 40)
-> Request 5
1120
(2, 2, 1)
3
(52, 69)
-> Request 6
1266
(3, 2, 1)
2
(13, 27)
-> Request 7
1285
(4, 2, 1)
2
(66, 76)
-> Request 8
1316
(4, 3, 1)
2
(56, 31)
-> Request 9
1320
(1, 1, 2)
2
(69, 31)
--> Day : 4
-> Request 0
215
(2, 3, 1)
3
(52, 76)
-> Request 1
647
(3, 1, 1)
1
(72, 49)
-> Request 2
798
(1, 1, 1)
1
(67, 38)
-> Request 3
1101
(3, 2, 1)
1
(55, 31)
---> Week : 6
--> Day : 0
-> Request 0
63
(1, 3, 2)
2
(64, 71)
-> Request 1
217
(4, 2, 2)
3
(14, 55)
-> Request 2
344
(2, 3, 1)
3
(12, 20)
-> Request 3
395
(1, 2, 1)
1
(73, 53)
-> Request 4
442
(1, 3, 1)
2
(14, 70)
-> Request 5
896
(1, 2, 2)
3
(60, 65)
-> Request 6
955
(1, 3, 1)
2
(49, 39)
-> Request 7
990
(2, 3, 1)
2
(54, 68)
-> Request 8
1124
(4, 2, 2)
2
(17, 27)
-> Request 9
1152
(1, 2, 1)
2
(41, 51)
-> Request 10
1233
(4, 2, 2)
1
(66, 2)
-> Request 11
1344
(3, 2, 1)
2
(55, 32)
--> Day : 1
-> Request 0
49
(1, 2, 2)
2
(12, 20)
-> Request 1
87
(2, 3, 1)
3
(50, 37)
-> Request 2
335
(3, 2, 2)
2
(76, 30)
-> Request 3
454
(3, 3, 2)
3
(73, 29)
-> Request 4
470
(2, 1, 2)
1
(50, 43)
-> Request 5
663
(2, 1, 1)
2
(43, 29)
-> Request 6
671
(2, 3, 2)
1
(54, 64)
-> Request 7
853
(2, 3, 1)
3
(57, 46)
-> Request 8
879
(2, 1, 2)
1
(46, 29)
-> Request 9
1002
(4, 2, 1)
1
(26, 59)
-> Request 10
1036
(3, 2, 2)
3
(21, 61)
-> Request 11
1385
(4, 1, 1)
3
(40, 78)
--> Day : 2
-> Request 0
12
(3, 1, 1)
3
(61, 68)
-> Request 1
98
(2, 1, 1)
2
(54, 44)
-> Request 2
632
(2, 2, 2)
1
(39, 6)
-> Request 3
1078
(1, 3, 1)
2
(2, 36)
-> Request 4
1251
(4, 2, 2)
1
(58, 70)
-> Request 5
1330
(2, 1, 1)
1
(64, 72)
--> Day : 3
-> Request 0
112
(4, 2, 1)
2
(39, 46)
-> Request 1
620
(2, 2, 2)
2
(58, 28)
-> Request 2
909
(1, 2, 1)
3
(33, 62)
-> Request 3
932
(1, 2, 2)
2
(16, 26)
-> Request 4
1036
(3, 2, 1)
3
(55, 66)
-> Request 5
1166
(3, 1, 1)
1
(79, 29)
--> Day : 4
-> Request 0
111
(1, 1, 1)
1
(32, 8)
-> Request 1
314
(4, 3, 1)
2
(56, 74)
-> Request 2
331
(3, 2, 1)
2
(59, 30)
-> Request 3
340
(3, 3, 2)
2
(45, 29)
-> Request 4
542
(4, 2, 1)
1
(60, 46)
-> Request 5
699
(1, 1, 2)
2
(6, 37)
-> Request 6
838
(2, 3, 2)
1
(14, 27)
---> Week : 7
--> Day : 0
-> Request 0
20
(2, 3, 2)
3
(62, 44)
-> Request 1
481
(3, 1, 1)
2
(11, 42)
-> Request 2
1343
(4, 2, 2)
1
(56, 70)
-> Request 3
1411
(2, 1, 2)
2
(73, 59)
--> Day : 1
-> Request 0
72
(1, 1, 1)
2
(12, 24)
-> Request 1
341
(3, 2, 1)
3
(47, 36)
-> Request 2
593
(1, 2, 2)
3
(68, 68)
-> Request 3
1183
(4, 1, 2)
3
(66, 77)
-> Request 4
1300
(1, 3, 2)
2
(46, 38)
--> Day : 2
-> Request 0
518
(3, 2, 2)
1
(21, 76)
-> Request 1
603
(3, 3, 2)
1
(58, 45)
-> Request 2
697
(1, 1, 1)
3
(64, 52)
-> Request 3
847
(4, 3, 2)
3
(52, 74)
-> Request 4
933
(2, 3, 2)
1
(65, 71)
-> Request 5
1065
(2, 1, 2)
2
(46, 38)
-> Request 6
1145
(2, 2, 2)
3
(56, 37)
-> Request 7
1268
(2, 2, 2)
1
(15, 20)
--> Day : 3
-> Request 0
237
(2, 1, 1)
1
(51, 29)
-> Request 1
690
(4, 2, 1)
1
(16, 61)
-> Request 2
832
(1, 3, 2)
1
(45, 38)
-> Request 3
905
(1, 3, 1)
3
(2, 17)
-> Request 4
1160
(3, 2, 2)
1
(79, 40)
-> Request 5
1225
(2, 1, 2)
1
(59, 68)
-> Request 6
1253
(2, 2, 1)
1
(54, 9)
-> Request 7
1334
(4, 1, 1)
3
(36, 20)
-> Request 8
1335
(3, 1, 1)
3
(65, 20)
-> Request 9
1379
(1, 3, 2)
1
(56, 78)
--> Day : 4
-> Request 0
112
(3, 1, 2)
3
(20, 19)
-> Request 1
128
(1, 3, 1)
1
(38, 0)
-> Request 2
304
(2, 3, 2)
3
(58, 64)
-> Request 3
930
(3, 3, 2)
3
(43, 28)
-> Request 4
1006
(2, 3, 1)
3
(51, 38)
-> Request 5
1243
(1, 3, 2)
2
(50, 1)
-> Request 6
1247
(3, 2, 1)
2
(44, 28)
-> Request 7
1272
(4, 1, 1)
2
(57, 40)
-> Request 8
1340
(4, 3, 1)
1
(7, 1)
---> Week : 8
--> Day : 0
-> Request 0
90
(4, 2, 1)
1
(61, 73)
-> Request 1
311
(3, 1, 1)
1
(66, 69)
-> Request 2
341
(1, 2, 1)
1
(46, 23)
-> Request 3
392
(1, 3, 1)
1
(30, 12)
-> Request 4
398
(4, 2, 2)
2
(61, 45)
-> Request 5
422
(1, 3, 2)
3
(50, 58)
-> Request 6
641
(4, 2, 1)
2
(52, 66)
-> Request 7
668
(1, 1, 2)
1
(53, 47)
-> Request 8
675
(3, 2, 1)
1
(51, 40)
-> Request 9
726
(3, 1, 1)
1
(12, 29)
-> Request 10
1316
(3, 1, 2)
3
(60, 37)
--> Day : 1
-> Request 0
13
(1, 3, 2)
1
(4, 64)
-> Request 1
27
(3, 3, 2)
3
(56, 34)
-> Request 2
237
(2, 1, 1)
1
(42, 73)
-> Request 3
255
(4, 2, 1)
2
(75, 44)
-> Request 4
577
(4, 2, 2)
2
(4, 66)
-> Request 5
722
(1, 1, 1)
3
(44, 59)
-> Request 6
807
(4, 3, 1)
3
(52, 69)
-> Request 7
839
(1, 2, 1)
1
(63, 14)
-> Request 8
927
(2, 2, 2)
2
(55, 37)
-> Request 9
1077
(2, 3, 2)
3
(8, 24)
-> Request 10
1105
(1, 2, 2)
2
(58, 34)
-> Request 11
1138
(2, 1, 2)
3
(59, 37)
-> Request 12
1352
(1, 3, 1)
2
(12, 15)
--> Day : 2
-> Request 0
193
(3, 2, 1)
2
(14, 51)
-> Request 1
411
(4, 2, 2)
3
(50, 46)
-> Request 2
453
(2, 1, 2)
1
(10, 48)
-> Request 3
745
(2, 1, 1)
3
(47, 32)
-> Request 4
1202
(2, 3, 1)
1
(48, 43)
-> Request 5
1327
(3, 2, 2)
3
(15, 77)
--> Day : 3
-> Request 0
112
(1, 1, 1)
2
(55, 77)
-> Request 1
319
(3, 1, 2)
2
(66, 68)
-> Request 2
393
(4, 1, 1)
2
(61, 27)
-> Request 3
603
(3, 2, 1)
1
(78, 5)
-> Request 4
700
(2, 2, 2)
3
(20, 76)
-> Request 5
900
(2, 3, 1)
1
(15, 73)
-> Request 6
977
(4, 3, 2)
3
(50, 41)
-> Request 7
1057
(2, 1, 2)
1
(31, 21)
-> Request 8
1172
(1, 1, 2)
3
(53, 36)
-> Request 9
1254
(2, 3, 1)
3
(44, 32)
-> Request 10
1295
(3, 1, 2)
1
(55, 75)
--> Day : 4
-> Request 0
47
(1, 2, 1)
2
(75, 6)
-> Request 1
376
(3, 2, 2)
3
(64, 65)
-> Request 2
653
(2, 2, 2)
3
(7, 59)
-> Request 3
1324
(1, 3, 1)
3
(59, 66)
---> Week : 9
--> Day : 0
-> Request 0
46
(3, 3, 1)
1
(64, 57)
-> Request 1
130
(2, 1, 2)
2
(44, 40)
-> Request 2
214
(4, 1, 1)
1
(17, 26)
-> Request 3
488
(2, 2, 2)
1
(66, 66)
-> Request 4
889
(3, 2, 1)
3
(48, 56)
-> Request 5
949
(1, 2, 2)
3
(13, 77)
-> Request 6
1050
(3, 1, 2)
2
(11, 48)
-> Request 7
1105
(2, 2, 1)
1
(27, 32)
-> Request 8
1153
(4, 3, 1)
3
(57, 42)
-> Request 9
1335
(1, 1, 2)
2
(13, 22)
--> Day : 1
-> Request 0
37
(1, 1, 2)
3
(46, 29)
-> Request 1
74
(1, 2, 1)
1
(14, 73)
-> Request 2
165
(3, 3, 2)
2
(61, 67)
-> Request 3
332
(4, 1, 2)
2
(5, 73)
-> Request 4
469
(3, 1, 2)
3
(59, 75)
-> Request 5
535
(2, 2, 2)
3
(56, 67)
-> Request 6
631
(3, 1, 1)
3
(73, 74)
-> Request 7
1109
(2, 3, 1)
3
(59, 72)
-> Request 8
1179
(3, 2, 2)
1
(51, 30)
-> Request 9
1327
(4, 3, 2)
3
(77, 66)
-> Request 10
1361
(2, 1, 1)
1
(7, 65)
--> Day : 2
-> Request 0
115
(2, 2, 2)
2
(10, 20)
-> Request 1
206
(1, 2, 2)
1
(45, 45)
-> Request 2
275
(2, 2, 1)
2
(71, 76)
-> Request 3
367
(4, 1, 2)
1
(10, 52)
-> Request 4
475
(1, 1, 1)
1
(66, 71)
-> Request 5
539
(3, 3, 1)
1
(58, 46)
-> Request 6
878
(4, 2, 1)
3
(59, 31)
-> Request 7
1007
(1, 2, 1)
2
(56, 78)
-> Request 8
1293
(4, 1, 2)
1
(53, 41)
-> Request 9
1344
(3, 1, 2)
2
(11, 37)
--> Day : 3
-> Request 0
50
(4, 2, 2)
3
(57, 20)
-> Request 1
159
(1, 3, 2)
3
(74, 41)
-> Request 2
249
(1, 1, 2)
1
(63, 73)
-> Request 3
360
(4, 2, 2)
1
(43, 33)
-> Request 4
369
(1, 2, 2)
3
(15, 53)
-> Request 5
399
(1, 2, 1)
2
(3, 76)
-> Request 6
427
(2, 2, 2)
3
(27, 60)
-> Request 7
648
(2, 2, 2)
3
(38, 65)
-> Request 8
708
(3, 3, 1)
3
(55, 74)
-> Request 9
712
(1, 3, 1)
3
(45, 38)
-> Request 10
718
(1, 1, 2)
3
(2, 31)
-> Request 11
811
(4, 2, 1)
2
(9, 7)
-> Request 12
823
(3, 3, 2)
3
(52, 31)
-> Request 13
870
(4, 2, 1)
3
(18, 32)
-> Request 14
1320
(2, 3, 1)
1
(53, 75)
-> Request 15
1359
(2, 1, 2)
2
(61, 40)
-> Request 16
1404
(4, 3, 2)
2
(59, 67)
--> Day : 4
-> Request 0
273
(2, 1, 1)
1
(17, 27)
-> Request 1
947
(3, 2, 2)
2
(46, 43)
-> Request 2
1018
(1, 2, 1)
1
(57, 71)
-> Request 3
1279
(3, 3, 1)
3
(47, 37)
---> Week : 10
--> Day : 0
-> Request 0
186
(1, 3, 1)
3
(62, 48)
-> Request 1
259
(4, 2, 1)
3
(68, 1)
-> Request 2
463
(2, 1, 2)
1
(44, 29)
-> Request 3
510
(1, 1, 1)
3
(24, 29)
-> Request 4
554
(4, 3, 2)
3
(56, 66)
-> Request 5
872
(2, 2, 1)
1
(49, 31)
-> Request 6
1269
(1, 1, 2)
1
(62, 37)
--> Day : 1
-> Request 0
27
(4, 1, 1)
1
(52, 30)
-> Request 1
77
(1, 2, 1)
1
(33, 1)
-> Request 2
209
(3, 3, 1)
3
(45, 43)
-> Request 3
243
(1, 3, 1)
3
(52, 46)
-> Request 4
388
(2, 1, 1)
2
(28, 31)
-> Request 5
527
(2, 3, 2)
1
(61, 51)
-> Request 6
954
(3, 1, 1)
1
(13, 27)
-> Request 7
1278
(4, 2, 1)
1
(45, 2)
-> Request 8
1350
(2, 1, 2)
3
(53, 65)
-> Request 9
1359
(4, 2, 2)
2
(54, 31)
--> Day : 2
-> Request 0
97
(2, 3, 1)
3
(13, 27)
-> Request 1
346
(2, 3, 1)
3
(57, 77)
-> Request 2
410
(3, 3, 1)
3
(61, 73)
-> Request 3
457
(4, 2, 2)
1
(53, 27)
-> Request 4
532
(1, 3, 1)
3
(48, 45)
-> Request 5
644
(2, 3, 2)
2
(47, 35)
-> Request 6
846
(2, 1, 2)
2
(30, 61)
-> Request 7
857
(3, 3, 1)
2
(1, 13)
-> Request 8
1092
(3, 3, 2)
1
(16, 21)
--> Day : 3
-> Request 0
46
(4, 2, 2)
2
(13, 5)
-> Request 1
660
(1, 2, 1)
3
(63, 75)
-> Request 2
1059
(2, 3, 2)
1
(75, 7)
-> Request 3
1109
(1, 2, 1)
2
(42, 62)
-> Request 4
1285
(1, 3, 1)
3
(69, 18)
-> Request 5
1342
(3, 2, 1)
2
(50, 33)
--> Day : 4
-> Request 0
257
(2, 1, 2)
3
(64, 24)
-> Request 1
361
(4, 3, 2)
3
(62, 46)
-> Request 2
444
(4, 2, 2)
2
(61, 59)
-> Request 3
494
(4, 3, 2)
2
(60, 74)
-> Request 4
627
(2, 1, 1)
1
(41, 25)
-> Request 5
742
(1, 1, 1)
3
(22, 17)
-> Request 6
939
(2, 3, 1)
2
(17, 56)
-> Request 7
1174
(4, 3, 2)
1
(54, 39)
-> Request 8
1185
(4, 2, 1)
2
(21, 66)
-> Request 9
1245
(4, 3, 1)
1
(64, 71)
---> Week : 11
--> Day : 0
-> Request 0
9
(3, 3, 1)
3
(10, 42)
-> Request 1
183
(2, 3, 2)
1
(57, 38)
-> Request 2
401
(4, 2, 2)
1
(61, 30)
-> Request 3
457
(4, 3, 1)
3
(13, 29)
-> Request 4
748
(2, 1, 1)
1
(39, 45)
-> Request 5
960
(1, 2, 2)
2
(44, 41)
-> Request 6
1153
(4, 1, 1)
2
(74, 64)
-> Request 7
1180
(2, 1, 2)
3
(62, 29)
-> Request 8
1343
(1, 1, 2)
3
(65, 49)
-> Request 9
1424
(1, 1, 2)
1
(6, 66)
--> Day : 1
-> Request 0
243
(2, 3, 2)
3
(61, 36)
-> Request 1
243
(4, 2, 2)
1
(58, 44)
-> Request 2
339
(2, 2, 2)
1
(59, 24)
-> Request 3
628
(3, 1, 2)
2
(46, 38)
-> Request 4
688
(2, 1, 2)
1
(60, 78)
-> Request 5
1018
(2, 3, 2)
2
(54, 34)
-> Request 6
1069
(4, 1, 1)
1
(48, 34)
-> Request 7
1073
(4, 3, 1)
1
(20, 7)
-> Request 8
1086
(1, 1, 1)
1
(61, 46)
-> Request 9
1234
(1, 3, 2)
3
(58, 76)
-> Request 10
1352
(4, 2, 1)
1
(35, 69)
-> Request 11
1421
(1, 3, 1)
1
(44, 33)
--> Day : 2
-> Request 0
54
(3, 2, 2)
1
(43, 28)
-> Request 1
177
(4, 3, 2)
2
(66, 4)
-> Request 2
296
(1, 3, 2)
3
(36, 63)
-> Request 3
975
(2, 1, 2)
1
(14, 37)
-> Request 4
1165
(1, 2, 2)
3
(29, 24)
-> Request 5
1243
(2, 1, 1)
1
(76, 42)
-> Request 6
1318
(1, 1, 2)
1
(46, 30)
-> Request 7
1348
(1, 2, 1)
1
(33, 17)
--> Day : 3
-> Request 0
180
(4, 2, 1)
1
(74, 57)
-> Request 1
181
(2, 1, 2)
2
(56, 27)
-> Request 2
334
(2, 3, 2)
3
(13, 40)
-> Request 3
528
(3, 1, 1)
2
(59, 75)
-> Request 4
727
(1, 3, 2)
2
(64, 76)
-> Request 5
948
(3, 3, 1)
3
(56, 77)
-> Request 6
954
(2, 3, 2)
2
(62, 37)
-> Request 7
1193
(4, 1, 1)
1
(11, 45)
-> Request 8
1266
(1, 2, 1)
2
(40, 58)
-> Request 9
1432
(2, 1, 1)
2
(62, 66)
--> Day : 4
-> Request 0
101
(1, 3, 1)
2
(59, 44)
-> Request 1
288
(4, 1, 2)
3
(21, 77)
-> Request 2
646
(3, 2, 2)
1
(61, 61)
-> Request 3
660
(1, 2, 1)
2
(62, 77)
-> Request 4
725
(3, 2, 2)
1
(46, 42)
-> Request 5
881
(1, 1, 1)
2
(49, 31)
-> Request 6
1092
(3, 3, 1)
2
(44, 54)
-> Request 7
1228
(4, 3, 2)
3
(53, 34)
-> Request 8
1280
(1, 1, 2)
3
(45, 29)
---> Week : 12
--> Day : 0
-> Request 0
80
(3, 3, 1)
2
(65, 76)
-> Request 1
300
(4, 1, 2)
1
(56, 30)
-> Request 2
378
(3, 2, 2)
3
(59, 19)
-> Request 3
438
(2, 2, 1)
1
(66, 76)
-> Request 4
462
(4, 3, 2)
3
(16, 26)
-> Request 5
509
(1, 2, 1)
1
(64, 25)
-> Request 6
559
(2, 3, 2)
1
(52, 68)
-> Request 7
705
(4, 1, 2)
3
(28, 62)
-> Request 8
896
(3, 1, 1)
3
(46, 33)
-> Request 9
1054
(1, 3, 2)
1
(46, 44)
-> Request 10
1063
(3, 3, 2)
1
(6, 75)
-> Request 11
1124
(1, 3, 1)
3
(72, 27)
-> Request 12
1370
(1, 2, 2)
3
(56, 28)
-> Request 13
1401
(1, 3, 1)
3
(46, 38)
--> Day : 1
-> Request 0
101
(2, 3, 2)
3
(49, 27)
-> Request 1
340
(1, 2, 2)
1
(53, 41)
-> Request 2
887
(4, 2, 1)
1
(17, 25)
--> Day : 2
-> Request 0
297
(1, 1, 2)
3
(48, 37)
-> Request 1
344
(3, 2, 1)
1
(52, 43)
-> Request 2
519
(2, 1, 2)
1
(61, 42)
-> Request 3
794
(3, 1, 2)
3
(56, 37)
-> Request 4
1037
(4, 3, 2)
3
(58, 38)
-> Request 5
1170
(1, 2, 2)
3
(50, 43)
-> Request 6
1230
(3, 1, 2)
2
(61, 74)
-> Request 7
1244
(1, 1, 2)
2
(43, 46)
-> Request 8
1270
(2, 2, 2)
3
(64, 68)
-> Request 9
1346
(1, 2, 1)
1
(44, 34)
-> Request 10
1347
(1, 1, 1)
1
(61, 75)
--> Day : 3
-> Request 0
333
(2, 3, 2)
1
(59, 46)
-> Request 1
498
(2, 3, 2)
3
(54, 10)
-> Request 2
547
(3, 3, 2)
2
(78, 63)
-> Request 3
692
(2, 3, 1)
3
(60, 44)
-> Request 4
719
(4, 3, 1)
3
(53, 70)
-> Request 5
1041
(4, 1, 1)
1
(54, 31)
-> Request 6
1301
(4, 1, 1)
2
(53, 27)
--> Day : 4
-> Request 0
268
(2, 1, 1)
3
(49, 11)
-> Request 1
417
(4, 1, 1)
2
(53, 27)
-> Request 2
746
(3, 2, 2)
1
(15, 43)
-> Request 3
904
(2, 2, 1)
2
(18, 76)
-> Request 4
916
(4, 2, 1)
3
(37, 62)
-> Request 5
936
(4, 2, 1)
3
(7, 77)
-> Request 6
1126
(4, 2, 1)
1
(33, 42)
---> Week : 13
--> Day : 0
-> Request 0
305
(1, 1, 2)
1
(59, 68)
-> Request 1
313
(3, 3, 2)
1
(62, 27)
-> Request 2
643
(1, 3, 2)
3
(10, 25)
-> Request 3
755
(1, 1, 1)
1
(15, 26)
-> Request 4
786
(1, 3, 1)
3
(8, 78)
-> Request 5
806
(3, 1, 2)
2
(12, 26)
-> Request 6
883
(3, 3, 2)
3
(59, 40)
-> Request 7
931
(2, 3, 1)
2
(45, 42)
-> Request 8
1002
(4, 1, 2)
2
(55, 68)
--> Day : 1
-> Request 0
23
(4, 3, 2)
3
(46, 31)
-> Request 1
276
(4, 2, 1)
2
(51, 35)
-> Request 2
289
(1, 1, 2)
3
(1, 44)
-> Request 3
388
(3, 1, 2)
3
(62, 72)
-> Request 4
443
(3, 1, 2)
1
(50, 22)
-> Request 5
579
(4, 2, 2)
2
(53, 31)
-> Request 6
617
(3, 2, 2)
1
(47, 11)
-> Request 7
1431
(1, 3, 1)
1
(68, 26)
--> Day : 2
-> Request 0
142
(4, 1, 2)
2
(41, 63)
-> Request 1
148
(3, 1, 2)
1
(29, 16)
-> Request 2
198
(1, 3, 2)
3
(71, 34)
-> Request 3
202
(2, 2, 2)
2
(17, 28)
-> Request 4
353
(2, 2, 1)
3
(17, 65)
-> Request 5
424
(4, 2, 2)
2
(51, 34)
-> Request 6
454
(2, 3, 1)
1
(48, 28)
-> Request 7
531
(3, 2, 2)
1
(54, 15)
-> Request 8
560
(4, 3, 2)
3
(57, 69)
-> Request 9
738
(2, 1, 1)
3
(21, 37)
-> Request 10
916
(2, 1, 2)
2
(9, 72)
-> Request 11
1179
(3, 1, 2)
2
(28, 76)
--> Day : 3
-> Request 0
7
(4, 1, 2)
1
(45, 32)
-> Request 1
86
(1, 1, 2)
3
(65, 74)
-> Request 2
243
(4, 1, 1)
3
(61, 30)
-> Request 3
267
(2, 3, 1)
1
(50, 27)
-> Request 4
288
(1, 1, 2)
2
(57, 39)
-> Request 5
570
(1, 2, 1)
1
(9, 20)
-> Request 6
607
(1, 3, 2)
3
(54, 2)
-> Request 7
636
(4, 2, 1)
2
(66, 64)
-> Request 8
921
(4, 1, 2)
3
(30, 70)
-> Request 9
925
(3, 1, 1)
2
(5, 13)
-> Request 10
1090
(4, 1, 1)
3
(55, 64)
-> Request 11
1110
(2, 2, 2)
1
(61, 31)
-> Request 12
1350
(2, 2, 1)
3
(57, 36)
-> Request 13
1427
(4, 1, 2)
1
(47, 64)
--> Day : 4
-> Request 0
2
(3, 3, 1)
2
(21, 5)
-> Request 1
244
(1, 3, 1)
2
(52, 73)
-> Request 2
393
(4, 3, 2)
1
(59, 32)
-> Request 3
457
(4, 2, 1)
3
(51, 27)
-> Request 4
554
(1, 1, 1)
2
(30, 20)
-> Request 5
743
(4, 3, 2)
3
(33, 55)
-> Request 6
780
(1, 3, 2)
2
(2, 32)
-> Request 7
1054
(3, 2, 1)
2
(56, 70)
-> Request 8
1083
(1, 2, 2)
2
(18, 72)
-> Request 9
1167
(3, 1, 1)
3
(61, 29)
-> Request 10
1181
(1, 1, 2)
2
(4, 4)
-> Request 11
1238
(2, 3, 2)
3
(74, 78)
---> Week : 14
--> Day : 0
-> Request 0
234
(2, 1, 2)
3
(60, 36)
-> Request 1
351
(1, 1, 2)
1
(13, 62)
-> Request 2
832
(3, 3, 2)
1
(60, 41)
-> Request 3
866
(3, 2, 2)
2
(18, 23)
-> Request 4
866
(2, 3, 1)
1
(57, 74)
-> Request 5
982
(1, 3, 2)
1
(65, 70)
-> Request 6
1066
(1, 1, 1)
2
(39, 6)
-> Request 7
1125
(3, 3, 1)
3
(52, 77)
-> Request 8
1233
(2, 3, 2)
2
(18, 62)
--> Day : 1
-> Request 0
157
(1, 2, 2)
1
(79, 71)
-> Request 1
382
(3, 2, 1)
2
(56, 66)
-> Request 2
505
(3, 2, 1)
2
(24, 33)
-> Request 3
708
(2, 2, 2)
2
(56, 32)
-> Request 4
843
(4, 2, 2)
2
(72, 2)
-> Request 5
1160
(2, 1, 1)
3
(63, 66)
-> Request 6
1217
(2, 1, 1)
3
(39, 56)
-> Request 7
1395
(1, 3, 2)
1
(62, 77)
--> Day : 2
-> Request 0
45
(2, 1, 2)
2
(20, 5)
-> Request 1
130
(1, 3, 2)
1
(52, 39)
-> Request 2
202
(2, 1, 1)
1
(42, 45)
-> Request 3
310
(2, 2, 2)
3
(9, 29)
-> Request 4
420
(4, 3, 1)
2
(75, 66)
-> Request 5
656
(2, 2, 2)
2
(17, 25)
-> Request 6
864
(4, 3, 1)
1
(8, 20)
-> Request 7
896
(4, 3, 1)
1
(58, 65)
-> Request 8
976
(1, 1, 2)
3
(10, 38)
-> Request 9
1118
(4, 3, 2)
1
(64, 71)
-> Request 10
1140
(1, 2, 2)
2
(66, 38)
-> Request 11
1167
(2, 3, 2)
3
(6, 56)
-> Request 12
1170
(2, 3, 1)
1
(63, 73)
-> Request 13
1274
(1, 2, 2)
3
(78, 18)
-> Request 14
1338
(3, 1, 1)
3
(56, 39)
--> Day : 3
-> Request 0
51
(3, 3, 2)
2
(61, 39)
-> Request 1
84
(2, 3, 2)
2
(60, 56)
-> Request 2
86
(1, 1, 1)
1
(41, 45)
-> Request 3
265
(1, 3, 1)
2
(51, 9)
-> Request 4
390
(3, 2, 2)
1
(59, 30)
-> Request 5
436
(3, 3, 1)
2
(15, 29)
-> Request 6
878
(3, 2, 1)
1
(49, 40)
-> Request 7
1221
(2, 2, 1)
2
(52, 66)
-> Request 8
1358
(3, 3, 2)
2
(50, 41)
--> Day : 4
-> Request 0
104
(2, 2, 1)
2
(46, 41)
-> Request 1
105
(2, 3, 1)
2
(35, 14)
-> Request 2
628
(4, 2, 1)
3
(58, 32)
-> Request 3
630
(3, 2, 2)
1
(70, 41)
-> Request 4
840
(2, 2, 1)
3
(65, 53)
-> Request 5
917
(1, 2, 2)
3
(59, 65)
-> Request 6
928
(4, 3, 2)
3
(38, 14)
-> Request 7
935
(3, 1, 2)
3
(58, 71)
-> Request 8
1015
(1, 1, 1)
1
(63, 66)
---> Week : 15
--> Day : 0
-> Request 0
125
(2, 2, 2)
3
(69, 11)
-> Request 1
242
(3, 3, 1)
3
(51, 48)
-> Request 2
896
(3, 1, 1)
1
(64, 75)
-> Request 3
976
(3, 1, 2)
3
(44, 14)
-> Request 4
1289
(3, 1, 1)
2
(47, 48)
-> Request 5
1416
(1, 2, 1)
1
(54, 4)
-> Request 6
1437
(3, 2, 1)
2
(43, 27)
--> Day : 1
-> Request 0
343
(4, 2, 2)
2
(11, 73)
-> Request 1
419
(4, 2, 2)
3
(19, 60)
-> Request 2
589
(1, 2, 2)
2
(60, 76)
-> Request 3
790
(1, 1, 1)
3
(47, 35)
-> Request 4
806
(1, 2, 1)
2
(58, 17)
-> Request 5
1099
(1, 2, 2)
3
(18, 75)
--> Day : 2
-> Request 0
180
(1, 1, 2)
3
(47, 45)
-> Request 1
253
(4, 2, 1)
2
(48, 43)
-> Request 2
307
(2, 1, 1)
3
(46, 2)
-> Request 3
364
(3, 1, 2)
3
(44, 44)
-> Request 4
385
(4, 1, 1)
3
(59, 74)
-> Request 5
893
(1, 2, 2)
3
(6, 55)
-> Request 6
1093
(1, 1, 2)
2
(60, 33)
-> Request 7
1096
(2, 3, 2)
1
(51, 35)
-> Request 8
1195
(3, 1, 1)
2
(3, 75)
--> Day : 3
-> Request 0
253
(2, 2, 1)
2
(61, 29)
-> Request 1
420
(3, 1, 1)
3
(55, 44)
-> Request 2
459
(3, 3, 1)
3
(58, 41)
-> Request 3
696
(2, 3, 1)
3
(18, 57)
-> Request 4
753
(3, 3, 2)
3
(9, 23)
-> Request 5
841
(1, 1, 2)
2
(8, 27)
-> Request 6
895
(3, 3, 2)
3
(11, 3)
-> Request 7
950
(1, 2, 2)
2
(63, 75)
-> Request 8
1092
(1, 2, 1)
3
(53, 68)
-> Request 9
1268
(4, 3, 1)
1
(58, 66)
--> Day : 4
-> Request 0
130
(1, 1, 2)
1
(3, 59)
-> Request 1
494
(1, 2, 1)
1
(73, 39)
-> Request 2
495
(2, 2, 2)
1
(71, 79)
-> Request 3
511
(1, 1, 1)
2
(59, 43)
-> Request 4
524
(4, 2, 2)
2
(8, 20)
-> Request 5
747
(1, 1, 1)
3
(37, 26)
-> Request 6
957
(3, 3, 2)
1
(52, 77)
-> Request 7
1170
(4, 3, 2)
1
(13, 29)
---> Week : 16
--> Day : 0
-> Request 0
156
(4, 1, 1)
3
(60, 42)
-> Request 1
258
(3, 1, 1)
2
(47, 31)
-> Request 2
336
(4, 1, 1)
1
(5, 52)
-> Request 3
370
(2, 2, 2)
2
(1, 57)
-> Request 4
683
(1, 1, 1)
3
(27, 10)
-> Request 5
1034
(1, 3, 2)
1
(53, 39)
-> Request 6
1053
(2, 2, 1)
3
(7, 61)
-> Request 7
1066
(3, 2, 2)
3
(29, 19)
-> Request 8
1214
(3, 2, 1)
1
(64, 74)
-> Request 9
1279
(3, 1, 1)
3
(58, 74)
--> Day : 1
-> Request 0
384
(3, 1, 1)
1
(55, 33)
-> Request 1
722
(4, 3, 2)
1
(43, 68)
-> Request 2
1074
(3, 1, 1)
1
(53, 66)
-> Request 3
1165
(3, 2, 2)
1
(63, 65)
-> Request 4
1244
(2, 3, 2)
3
(40, 7)
-> Request 5
1407
(2, 2, 1)
2
(64, 34)
--> Day : 2
-> Request 0
321
(3, 2, 1)
1
(9, 63)
-> Request 1
358
(1, 3, 1)
3
(58, 74)
-> Request 2
555
(1, 2, 2)
1
(20, 13)
-> Request 3
658
(1, 3, 2)
2
(43, 30)
-> Request 4
698
(4, 3, 2)
3
(57, 54)
-> Request 5
724
(3, 1, 2)
2
(67, 51)
-> Request 6
915
(2, 3, 2)
1
(13, 27)
-> Request 7
927
(1, 3, 2)
1
(29, 29)
-> Request 8
988
(1, 1, 2)
2
(44, 26)
-> Request 9
1101
(1, 1, 2)
1
(60, 27)
-> Request 10
1126
(4, 2, 2)
1
(39, 1)
-> Request 11
1235
(1, 2, 2)
3
(51, 34)
-> Request 12
1314
(3, 1, 1)
2
(55, 36)
-> Request 13
1432
(4, 2, 1)
2
(3, 40)
--> Day : 3
-> Request 0
290
(3, 1, 1)
3
(47, 77)
-> Request 1
322
(4, 3, 2)
2
(65, 68)
-> Request 2
408
(3, 3, 1)
2
(28, 45)
-> Request 3
410
(1, 3, 1)
1
(12, 28)
-> Request 4
682
(3, 1, 2)
3
(16, 36)
-> Request 5
798
(4, 2, 1)
3
(44, 11)
-> Request 6
1085
(1, 3, 1)
1
(62, 32)
-> Request 7
1205
(2, 3, 1)
1
(0, 33)
-> Request 8
1250
(3, 1, 1)
2
(35, 3)
-> Request 9
1331
(1, 1, 2)
2
(25, 8)
--> Day : 4
-> Request 0
125
(1, 2, 1)
3
(59, 28)
-> Request 1
269
(1, 2, 1)
3
(25, 7)
-> Request 2
312
(3, 2, 1)
1
(74, 37)
-> Request 3
769
(1, 3, 2)
1
(56, 36)
-> Request 4
942
(2, 3, 1)
1
(63, 29)
-> Request 5
1223
(1, 2, 2)
2
(42, 25)
-> Request 6
1346
(1, 2, 2)
2
(65, 67)
-> Request 7
1390
(4, 2, 2)
1
(8, 25)
---> Week : 17
--> Day : 0
-> Request 0
53
(3, 1, 2)
2
(42, 7)
-> Request 1
303
(2, 2, 1)
1
(56, 36)
-> Request 2
310
(2, 2, 2)
3
(11, 7)
-> Request 3
344
(4, 3, 1)
1
(22, 50)
-> Request 4
519
(1, 3, 2)
3
(47, 42)
-> Request 5
581
(2, 2, 1)
1
(54, 66)
-> Request 6
792
(3, 2, 2)
1
(8, 43)
-> Request 7
1247
(4, 2, 2)
1
(61, 74)
-> Request 8
1372
(2, 2, 2)
3
(50, 65)
-> Request 9
1419
(2, 1, 1)
2
(55, 38)
--> Day : 1
-> Request 0
151
(1, 1, 1)
1
(73, 67)
-> Request 1
152
(3, 2, 1)
3
(40, 43)
-> Request 2
268
(3, 3, 2)
1
(61, 42)
-> Request 3
420
(1, 2, 1)
3
(46, 44)
-> Request 4
538
(4, 2, 2)
3
(13, 38)
-> Request 5
1101
(2, 1, 2)
2
(41, 27)
-> Request 6
1194
(3, 2, 1)
1
(58, 28)
-> Request 7
1270
(2, 2, 1)
1
(34, 61)
--> Day : 2
-> Request 0
147
(1, 1, 2)
1
(20, 2)
-> Request 1
181
(2, 1, 1)
3
(54, 37)
-> Request 2
289
(3, 1, 1)
1
(40, 18)
-> Request 3
304
(4, 1, 2)
1
(51, 45)
-> Request 4
534
(4, 2, 2)
2
(79, 72)
-> Request 5
627
(2, 1, 1)
2
(28, 30)
-> Request 6
688
(4, 1, 1)
3
(60, 27)
-> Request 7
882
(1, 2, 2)
1
(30, 42)
-> Request 8
925
(2, 3, 2)
3
(49, 35)
-> Request 9
1154
(2, 1, 1)
1
(6, 45)
-> Request 10
1249
(1, 1, 2)
3
(59, 69)
-> Request 11
1290
(3, 1, 2)
1
(4, 71)
-> Request 12
1374
(2, 1, 1)
1
(69, 15)
--> Day : 3
-> Request 0
135
(2, 2, 1)
1
(71, 14)
-> Request 1
172
(1, 2, 2)
2
(60, 18)
-> Request 2
333
(3, 3, 2)
2
(45, 28)
-> Request 3
581
(3, 3, 2)
1
(12, 9)
-> Request 4
620
(1, 3, 1)
1
(25, 23)
-> Request 5
624
(1, 3, 1)
2
(60, 35)
-> Request 6
660
(3, 3, 1)
3
(64, 77)
-> Request 7
868
(4, 3, 2)
1
(55, 72)
-> Request 8
1002
(2, 3, 2)
2
(59, 32)
--> Day : 4
-> Request 0
103
(3, 1, 1)
2
(54, 76)
-> Request 1
325
(1, 3, 2)
1
(32, 13)
-> Request 2
351
(1, 3, 1)
2
(50, 42)
-> Request 3
390
(2, 3, 2)
1
(43, 35)
-> Request 4
763
(3, 3, 1)
2
(44, 37)
-> Request 5
788
(2, 3, 2)
2
(44, 40)
-> Request 6
1031
(4, 3, 1)
2
(46, 37)
-> Request 7
1079
(1, 3, 1)
3
(44, 25)
-> Request 8
1424
(1, 2, 1)
1
(15, 28)
---> Week : 18
--> Day : 0
-> Request 0
365
(2, 3, 2)
1
(59, 42)
-> Request 1
654
(1, 3, 1)
2
(63, 49)
-> Request 2
921
(4, 2, 2)
3
(11, 23)
-> Request 3
1265
(2, 2, 2)
3
(18, 68)
--> Day : 1
-> Request 0
17
(2, 1, 2)
3
(58, 68)
-> Request 1
19
(1, 1, 1)
3
(25, 33)
-> Request 2
73
(4, 3, 1)
3
(22, 51)
-> Request 3
324
(3, 1, 2)
3
(2, 13)
-> Request 4
347
(2, 1, 1)
2
(30, 58)
-> Request 5
557
(3, 3, 2)
1
(55, 72)
-> Request 6
692
(4, 2, 2)
3
(12, 25)
-> Request 7
774
(4, 1, 2)
2
(26, 41)
-> Request 8
800
(2, 3, 2)
3
(57, 52)
-> Request 9
813
(2, 2, 1)
1
(65, 74)
-> Request 10
1172
(2, 3, 2)
2
(10, 22)
-> Request 11
1226
(2, 3, 1)
2
(8, 28)
--> Day : 2
-> Request 0
67
(4, 3, 1)
3
(48, 20)
-> Request 1
115
(1, 1, 2)
3
(61, 42)
-> Request 2
202
(4, 2, 1)
1
(17, 17)
-> Request 3
281
(3, 1, 2)
2
(60, 31)
-> Request 4
282
(4, 2, 2)
2
(61, 40)
-> Request 5
685
(4, 1, 2)
3
(64, 77)
-> Request 6
750
(4, 3, 1)
3
(62, 74)
-> Request 7
973
(1, 1, 1)
2
(11, 46)
-> Request 8
975
(4, 1, 2)
1
(66, 78)
-> Request 9
1398
(2, 2, 2)
3
(17, 31)
--> Day : 3
-> Request 0
147
(3, 3, 2)
2
(54, 34)
-> Request 1
386
(1, 1, 1)
3
(45, 29)
-> Request 2
619
(3, 1, 2)
2
(61, 34)
-> Request 3
659
(2, 1, 1)
3
(46, 31)
-> Request 4
1067
(1, 1, 2)
2
(60, 46)
-> Request 5
1076
(3, 3, 2)
2
(9, 30)
-> Request 6
1418
(3, 2, 2)
2
(22, 14)
--> Day : 4
-> Request 0
202
(2, 2, 2)
3
(48, 60)
-> Request 1
382
(1, 3, 2)
2
(54, 2)
-> Request 2
483
(3, 2, 2)
2
(75, 75)
-> Request 3
586
(3, 2, 2)
2
(0, 31)
-> Request 4
635
(1, 1, 2)
2
(53, 67)
-> Request 5
952
(2, 2, 1)
3
(49, 37)
-> Request 6
1282
(3, 3, 1)
2
(6, 66)
-> Request 7
1288
(4, 1, 1)
2
(43, 46)
-> Request 8
1363
(1, 1, 2)
2
(12, 21)
---> Week : 19
--> Day : 0
-> Request 0
75
(1, 1, 1)
1
(55, 37)
-> Request 1
117
(2, 1, 1)
3
(51, 29)
-> Request 2
148
(3, 3, 2)
2
(62, 38)
-> Request 3
225
(3, 1, 1)
1
(13, 8)
-> Request 4
234
(1, 1, 1)
3
(57, 56)
-> Request 5
384
(3, 1, 1)
2
(52, 77)
-> Request 6
418
(2, 1, 1)
2
(15, 52)
-> Request 7
429
(2, 3, 2)
2
(58, 73)
-> Request 8
545
(4, 3, 1)
2
(1, 47)
-> Request 9
548
(3, 1, 2)
3
(72, 5)
-> Request 10
636
(3, 3, 1)
1
(33, 49)
-> Request 11
680
(3, 1, 1)
1
(56, 43)
-> Request 12
798
(1, 2, 1)
3
(44, 44)
-> Request 13
940
(3, 1, 1)
1
(43, 45)
-> Request 14
948
(3, 3, 2)
1
(9, 21)
-> Request 15
1110
(3, 1, 1)
3
(75, 0)
-> Request 16
1117
(4, 3, 2)
2
(51, 46)
-> Request 17
1131
(4, 1, 1)
1
(79, 46)
-> Request 18
1248
(4, 1, 1)
1
(15, 59)
--> Day : 1
-> Request 0
95
(3, 3, 1)
2
(53, 71)
-> Request 1
266
(4, 3, 2)
2
(67, 17)
-> Request 2
376
(1, 2, 2)
3
(57, 75)
-> Request 3
397
(3, 1, 1)
1
(55, 64)
-> Request 4
834
(1, 3, 2)
2
(69, 60)
-> Request 5
945
(3, 1, 1)
1
(10, 24)
-> Request 6
1146
(4, 2, 1)
2
(8, 73)
--> Day : 2
-> Request 0
35
(4, 1, 1)
1
(53, 43)
-> Request 1
283
(1, 2, 1)
1
(72, 4)
-> Request 2
412
(3, 2, 2)
2
(42, 42)
-> Request 3
601
(4, 3, 1)
3
(51, 45)
-> Request 4
843
(2, 3, 2)
2
(56, 64)
-> Request 5
959
(2, 1, 2)
3
(49, 33)
-> Request 6
1149
(2, 1, 2)
1
(50, 40)
-> Request 7
1238
(2, 3, 1)
2
(59, 43)
-> Request 8
1303
(4, 3, 1)
3
(57, 37)
-> Request 9
1319
(3, 1, 2)
1
(57, 65)
--> Day : 3
-> Request 0
68
(1, 3, 2)
1
(53, 43)
-> Request 1
480
(2, 2, 1)
3
(57, 35)
-> Request 2
657
(1, 2, 1)
3
(21, 66)
-> Request 3
716
(1, 1, 2)
2
(14, 55)
-> Request 4
718
(2, 3, 1)
1
(27, 2)
-> Request 5
854
(4, 3, 1)
1
(32, 42)
-> Request 6
1201
(4, 3, 2)
2
(0, 26)
-> Request 7
1239
(1, 1, 2)
3
(26, 38)
--> Day : 4
-> Request 0
247
(3, 3, 2)
3
(56, 78)
-> Request 1
377
(2, 2, 1)
3
(48, 44)
-> Request 2
672
(1, 3, 1)
2
(62, 36)
-> Request 3
856
(2, 1, 1)
1
(21, 30)
-> Request 4
1124
(4, 3, 1)
3
(13, 38)
-> Request 5
1285
(2, 3, 1)
3
(53, 45)
