---> Week : 0
--> Day : 0
-> Request 0
203
(1, 2, 2)
3
(13, 33)
-> Request 1
362
(1, 3, 1)
3
(57, 28)
-> Request 2
691
(3, 2, 1)
2
(49, 27)
-> Request 3
750
(2, 1, 2)
2
(54, 70)
-> Request 4
801
(1, 2, 2)
1
(47, 29)
-> Request 5
873
(4, 1, 2)
2
(10, 22)
-> Request 6
1017
(2, 2, 2)
2
(58, 31)
-> Request 7
1034
(3, 3, 2)
2
(78, 15)
-> Request 8
1034
(4, 3, 1)
3
(15, 24)
-> Request 9
1118
(1, 2, 1)
2
(55, 56)
-> Request 10
1161
(3, 2, 2)
2
(56, 76)
--> Day : 1
-> Request 0
105
(2, 3, 2)
2
(55, 34)
-> Request 1
239
(2, 3, 1)
2
(52, 72)
-> Request 2
584
(3, 3, 2)
3
(18, 13)
-> Request 3
971
(2, 1, 2)
2
(21, 17)
-> Request 4
1140
(1, 2, 1)
1
(8, 15)
--> Day : 2
-> Request 0
169
(2, 2, 2)
1
(9, 25)
-> Request 1
207
(3, 1, 2)
2
(47, 35)
-> Request 2
241
(1, 2, 1)
1
(63, 76)
-> Request 3
432
(1, 2, 2)
2
(9, 22)
-> Request 4
515
(4, 3, 2)
1
(1, 48)
-> Request 5
526
(3, 2, 2)
3
(22, 34)
-> Request 6
562
(3, 1, 1)
2
(54, 35)
-> Request 7
687
(4, 1, 2)
2
(22, 29)
-> Request 8
736
(2, 1, 1)
3
(70, 55)
-> Request 9
861
(1, 1, 1)
2
(54, 72)
-> Request 10
893
(3, 1, 2)
2
(51, 32)
-> Request 11
1020
(1, 2, 2)
2
(58, 40)
-> Request 12
1190
(2, 1, 1)
3
(15, 9)
-> Request 13
1426
(2, 3, 1)
2
(29, 6)
--> Day : 3
-> Request 0
20
(1, 1, 1)
1
(50, 72)
-> Request 1
49
(3, 3, 1)
2
(31, 40)
-> Request 2
60
(3, 3, 1)
2
(46, 39)
-> Request 3
182
(1, 1, 1)
2
(43, 54)
-> Request 4
444
(3, 1, 2)
2
(56, 34)
-> Request 5
600
(1, 1, 2)
2
(60, 41)
-> Request 6
742
(4, 2, 1)
2
(61, 67)
-> Request 7
837
(3, 3, 2)
3
(10, 8)
-> Request 8
1357
(2, 3, 1)
3
(11, 72)
-> Request 9
1383
(3, 2, 2)
3
(42, 65)
-> Request 10
1412
(1, 3, 1)
3
(43, 38)
-> Request 11
1430
(4, 1, 2)
2
(51, 36)
-> Request 12
1431
(1, 1, 1)
2
(56, 77)
--> Day : 4
-> Request 0
288
(4, 1, 2)
1
(60, 43)
-> Request 1
557
(3, 3, 1)
3
(47, 23)
-> Request 2
894
(2, 2, 2)
3
(23, 25)
-> Request 3
905
(4, 3, 2)
1
(44, 39)
-> Request 4
933
(3, 1, 2)
2
(61, 31)
-> Request 5
950
(3, 1, 1)
1
(60, 35)
-> Request 6
967
(4, 2, 1)
1
(60, 72)
-> Request 7
1412
(1, 2, 2)
3
(61, 67)
---> Week : 1
--> Day : 0
-> Request 0
18
(3, 3, 2)
1
(70, 29)
-> Request 1
82
(2, 2, 2)
3
(78, 76)
-> Request 2
202
(3, 2, 2)
3
(34, 48)
-> Request 3
236
(4, 1, 1)
1
(52, 70)
-> Request 4
309
(3, 3, 1)
1
(48, 22)
-> Request 5
401
(4, 3, 2)
3
(1, 2)
-> Request 6
442
(1, 1, 1)
1
(78, 69)
-> Request 7
485
(3, 1, 1)
1
(16, 28)
-> Request 8
515
(4, 1, 1)
1
(55, 66)
-> Request 9
608
(3, 1, 1)
3
(65, 67)
-> Request 10
694
(1, 3, 1)
2
(62, 33)
-> Request 11
695
(2, 1, 2)
1
(5, 11)
-> Request 12
718
(4, 3, 1)
2
(8, 25)
-> Request 13
742
(3, 1, 2)
1
(54, 64)
-> Request 14
809
(4, 2, 1)
2
(61, 49)
-> Request 15
912
(2, 2, 2)
2
(50, 41)
-> Request 16
957
(2, 2, 1)
1
(65, 68)
--> Day : 1
-> Request 0
143
(2, 1, 1)
1
(57, 29)
-> Request 1
293
(1, 2, 2)
1
(9, 25)
-> Request 2
332
(3, 2, 2)
1
(40, 16)
-> Request 3
348
(1, 2, 2)
3
(58, 66)
-> Request 4
483
(2, 3, 2)
2
(51, 32)
-> Request 5
496
(1, 2, 2)
2
(34, 10)
-> Request 6
1041
(1, 3, 1)
1
(22, 51)
-> Request 7
1152
(2, 3, 2)
2
(53, 25)
--> Day : 2
-> Request 0
99
(1, 1, 1)
2
(55, 77)
-> Request 1
375
(4, 1, 2)
1
(74, 26)
-> Request 2
569
(4, 3, 2)
1
(59, 44)
-> Request 3
635
(2, 2, 1)
1
(54, 72)
-> Request 4
702
(4, 2, 1)
1
(45, 32)
-> Request 5
814
(1, 1, 1)
1
(63, 61)
-> Request 6
893
(3, 2, 1)
1
(24, 52)
-> Request 7
1217
(2, 3, 2)
1
(64, 65)
--> Day : 3
-> Request 0
15
(1, 2, 1)
3
(52, 64)
-> Request 1
48
(4, 3, 1)
2
(61, 38)
-> Request 2
177
(4, 2, 2)
1
(15, 44)
-> Request 3
445
(2, 3, 1)
1
(52, 33)
-> Request 4
490
(1, 3, 1)
2
(48, 0)
-> Request 5
560
(3, 2, 2)
2
(44, 31)
-> Request 6
681
(4, 3, 1)
2
(9, 34)
-> Request 7
960
(3, 1, 2)
1
(19, 30)
-> Request 8
980
(3, 3, 1)
1
(50, 35)
-> Request 9
1196
(1, 2, 1)
1
(70, 52)
-> Request 10
1306
(2, 1, 2)
3
(60, 46)
-> Request 11
1401
(2, 2, 2)
3
(9, 34)
--> Day : 4
-> Request 0
264
(3, 2, 2)
3
(56, 44)
-> Request 1
293
(1, 3, 1)
2
(55, 76)
-> Request 2
486
(1, 3, 2)
2
(29, 68)
-> Request 3
524
(2, 2, 1)
3
(45, 70)
-> Request 4
554
(4, 2, 2)
1
(69, 67)
-> Request 5
570
(4, 1, 1)
3
(57, 39)
-> Request 6
706
(4, 1, 2)
3
(50, 27)
-> Request 7
773
(3, 1, 1)
3
(65, 67)
-> Request 8
825
(3, 2, 2)
2
(17, 27)
-> Request 9
916
(3, 3, 2)
3
(8, 27)
-> Request 10
931
(1, 3, 2)
1
(51, 31)
-> Request 11
938
(4, 1, 1)
3
(53, 46)
-> Request 12
1202
(3, 2, 2)
3
(22, 53)
-> Request 13
1283
(2, 2, 1)
3
(59, 30)
-> Request 14
1378
(3, 2, 2)
3
(22, 1)
-> Request 15
1393
(4, 3, 1)
2
(25, 43)
---> Week : 2
--> Day : 0
-> Request 0
213
(3, 2, 2)
2
(60, 77)
-> Request 1
642
(1, 3, 1)
2
(8, 72)
-> Request 2
969
(4, 3, 1)
3
(61, 66)
-> Request 3
1291
(1, 3, 1)
2
(48, 45)
-> Request 4
1292
(3, 3, 1)
1
(65, 70)
-> Request 5
1351
(1, 1, 2)
1
(57, 33)
-> Request 6
1362
(3, 1, 1)
1
(63, 68)
-> Request 7
1418
(4, 2, 1)
3
(52, 72)
-> Request 8
1427
(3, 1, 2)
3
(69, 69)
--> Day : 1
-> Request 0
386
(3, 3, 1)
3
(45, 4)
-> Request 1
494
(2, 2, 1)
1
(48, 27)
-> Request 2
858
(2, 1, 1)
1
(59, 73)
-> Request 3
1339
(3, 1, 1)
1
(44, 37)
--> Day : 2
-> Request 0
34
(4, 3, 1)
3
(62, 66)
-> Request 1
64
(3, 1, 1)
2
(52, 74)
-> Request 2
157
(3, 1, 2)
1
(33, 4)
-> Request 3
313
(3, 1, 1)
3
(28, 58)
-> Request 4
751
(3, 3, 2)
2
(60, 30)
-> Request 5
873
(4, 2, 2)
3
(51, 66)
-> Request 6
909
(4, 2, 1)
3
(30, 79)
-> Request 7
1010
(4, 3, 2)
3
(61, 77)
-> Request 8
1323
(3, 2, 2)
2
(62, 8)
-> Request 9
1405
(3, 3, 1)
2
(50, 61)
--> Day : 3
-> Request 0
6
(4, 2, 1)
3
(12, 53)
-> Request 1
17
(3, 1, 1)
2
(15, 22)
-> Request 2
247
(3, 2, 1)
1
(53, 27)
-> Request 3
486
(3, 3, 1)
1
(50, 18)
-> Request 4
538
(3, 2, 2)
3
(2, 29)
-> Request 5
709
(1, 2, 1)
1
(55, 15)
-> Request 6
1009
(1, 3, 2)
2
(62, 72)
-> Request 7
1138
(3, 2, 2)
1
(43, 36)
-> Request 8
1210
(2, 2, 1)
1
(60, 32)
-> Request 9
1397
(2, 1, 2)
2
(59, 78)
--> Day : 4
-> Request 0
13
(4, 2, 2)
3
(79, 1)
-> Request 1
210
(4, 1, 2)
3
(57, 31)
-> Request 2
222
(3, 3, 1)
1
(52, 69)
-> Request 3
388
(2, 2, 2)
3
(52, 78)
-> Request 4
550
(1, 3, 1)
3
(72, 33)
-> Request 5
1122
(1, 1, 1)
1
(61, 45)
-> Request 6
1221
(2, 2, 1)
1
(30, 79)
---> Week : 3
--> Day : 0
-> Request 0
299
(3, 3, 2)
3
(54, 42)
-> Request 1
564
(1, 1, 2)
3
(55, 71)
-> Request 2
597
(2, 2, 2)
1
(65, 69)
--> Day : 1
-> Request 0
52
(3, 1, 2)
1
(62, 6)
-> Request 1
62
(3, 3, 2)
2
(51, 75)
-> Request 2
70
(1, 2, 1)
1
(53, 69)
-> Request 3
93
(2, 3, 1)
1
(53, 66)
-> Request 4
127
(3, 1, 2)
2
(57, 76)
-> Request 5
557
(2, 2, 1)
3
(15, 52)
-> Request 6
605
(4, 3, 2)
1
(63, 20)
-> Request 7
831
(4, 3, 1)
1
(59, 33)
-> Request 8
919
(2, 1, 2)
2
(53, 45)
-> Request 9
1068
(2, 2, 1)
1
(51, 35)
-> Request 10
1152
(3, 2, 2)
3
(52, 43)
-> Request 11
1351
(3, 2, 1)
3
(49, 28)
--> Day : 2
-> Request 0
105
(4, 3, 2)
2
(5, 73)
-> Request 1
188
(4, 1, 2)
1
(8, 25)
-> Request 2
510
(4, 3, 2)
1
(50, 33)
-> Request 3
808
(1, 2, 2)
2
(59, 29)
-> Request 4
830
(4, 2, 2)
2
(55, 29)
-> Request 5
1045
(3, 2, 2)
1
(70, 74)
-> Request 6
1168
(2, 3, 1)
3
(45, 28)
-> Request 7
1223
(1, 2, 2)
1
(61, 32)
-> Request 8
1311
(4, 1, 2)
3
(7, 61)
--> Day : 3
-> Request 0
169
(1, 1, 1)
1
(56, 78)
-> Request 1
358
(4, 3, 1)
1
(49, 27)
-> Request 2
562
(3, 1, 2)
2
(58, 38)
-> Request 3
709
(4, 2, 1)
1
(14, 23)
-> Request 4
819
(4, 1, 2)
1
(56, 42)
-> Request 5
892
(4, 1, 2)
3
(49, 33)
-> Request 6
894
(4, 1, 1)
3
(12, 23)
--> Day : 4
-> Request 0
102
(4, 2, 2)
3
(62, 33)
-> Request 1
211
(3, 2, 1)
2
(8, 22)
-> Request 2
260
(2, 3, 2)
1
(41, 18)
-> Request 3
513
(2, 2, 2)
3
(23, 62)
-> Request 4
802
(3, 1, 2)
2
(12, 29)
-> Request 5
849
(4, 3, 2)
3
(44, 37)
-> Request 6
864
(3, 3, 1)
2
(38, 51)
-> Request 7
948
(2, 3, 2)
3
(6, 1)
-> Request 8
1048
(1, 2, 1)
2
(61, 44)
-> Request 9
1070
(1, 2, 1)
2
(3, 53)
-> Request 10
1110
(2, 1, 2)
1
(73, 72)
-> Request 11
1172
(2, 2, 2)
2
(59, 45)
-> Request 12
1273
(1, 2, 1)
1
(28, 48)
-> Request 13
1324
(1, 2, 2)
3
(33, 70)
---> Week : 4
--> Day : 0
-> Request 0
269
(4, 1, 1)
2
(5, 67)
-> Request 1
567
(3, 1, 2)
2
(30, 35)
-> Request 2
661
(3, 1, 2)
1
(13, 24)
-> Request 3
789
(4, 1, 1)
3
(12, 57)
-> Request 4
854
(2, 2, 1)
1
(62, 33)
-> Request 5
932
(2, 2, 2)
1
(58, 29)
-> Request 6
961
(1, 2, 1)
2
(32, 60)
-> Request 7
1059
(4, 1, 1)
3
(50, 41)
-> Request 8
1070
(1, 3, 1)
3
(57, 6)
-> Request 9
1190
(4, 2, 2)
2
(54, 74)
-> Request 10
1314
(4, 2, 2)
3
(26, 54)
--> Day : 1
-> Request 0
106
(1, 2, 2)
3
(62, 74)
-> Request 1
612
(3, 2, 1)
3
(51, 27)
-> Request 2
822
(1, 2, 1)
3
(16, 21)
-> Request 3
876
(2, 3, 2)
3
(58, 34)
-> Request 4
1058
(4, 3, 2)
1
(52, 45)
-> Request 5
1193
(1, 3, 2)
3
(54, 38)
-> Request 6
1220
(4, 3, 2)
2
(65, 69)
-> Request 7
1293
(3, 2, 2)
3
(51, 34)
-> Request 8
1302
(2, 2, 2)
2
(64, 71)
-> Request 9
1370
(3, 2, 2)
3
(58, 38)
--> Day : 2
-> Request 0
91
(2, 2, 1)
2
(62, 40)
-> Request 1
299
(2, 2, 1)
1
(60, 46)
-> Request 2
694
(1, 1, 2)
1
(79, 8)
-> Request 3
890
(4, 3, 2)
1
(60, 68)
-> Request 4
910
(3, 3, 2)
3
(60, 70)
-> Request 5
1297
(2, 3, 2)
1
(53, 75)
--> Day : 3
-> Request 0
83
(4, 3, 2)
2
(0, 26)
-> Request 1
288
(3, 3, 2)
3
(9, 27)
-> Request 2
615
(3, 3, 1)
2
(58, 78)
-> Request 3
746
(2, 2, 2)
1
(48, 16)
-> Request 4
894
(3, 2, 1)
2
(66, 69)
-> Request 5
1048
(2, 3, 2)
2
(53, 69)
-> Request 6
1111
(2, 3, 1)
3
(58, 64)
-> Request 7
1147
(3, 3, 1)
2
(57, 9)
-> Request 8
1175
(4, 1, 2)
1
(54, 39)
-> Request 9
1277
(1, 2, 1)
1
(45, 31)
-> Request 10
1367
(1, 3, 2)
3
(51, 40)
--> Day : 4
-> Request 0
50
(1, 3, 1)
3
(14, 56)
-> Request 1
83
(3, 3, 2)
1
(8, 42)
-> Request 2
167
(4, 3, 1)
3
(60, 45)
-> Request 3
188
(4, 2, 1)
2
(53, 29)
-> Request 4
229
(3, 1, 1)
2
(63, 30)
-> Request 5
418
(3, 1, 2)
3
(17, 20)
-> Request 6
483
(2, 3, 2)
1
(63, 67)
-> Request 7
494
(2, 1, 2)
3
(19, 74)
-> Request 8
530
(2, 1, 2)
1
(29, 53)
-> Request 9
629
(3, 2, 2)
2
(38, 62)
-> Request 10
716
(1, 2, 1)
1
(20, 8)
-> Request 11
819
(3, 2, 2)
2
(21, 51)
-> Request 12
893
(2, 3, 1)
2
(56, 46)
-> Request 13
937
(2, 3, 1)
2
(65, 76)
-> Request 14
1261
(2, 2, 1)
3
(56, 34)
-> Request 15
1296
(3, 1, 1)
1
(59, 43)
-> Request 16
1297
(4, 3, 2)
2
(52, 74)
-> Request 17
1363
(4, 2, 1)
2
(52, 70)
-> Request 18
1378
(2, 3, 1)
1
(11, 21)
---> Week : 5
--> Day : 0
-> Request 0
58
(3, 1, 1)
2
(41, 44)
-> Request 1
62
(2, 3, 2)
1
(10, 20)
-> Request 2
156
(4, 2, 2)
3
(15, 26)
-> Request 3
158
(4, 1, 1)
3
(56, 74)
-> Request 4
205
(3, 3, 2)
1
(51, 44)
-> Request 5
914
(2, 2, 1)
1
(68, 62)
-> Request 6
945
(1, 3, 1)
1
(4, 66)
-> Request 7
962
(1, 1, 2)
3
(63, 56)
-> Request 8
974
(4, 3, 1)
2
(66, 73)
-> Request 9
1055
(3, 2, 1)
1
(16, 25)
-> Request 10
1209
(4, 3, 1)
1
(11, 22)
-> Request 11
1388
(3, 2, 2)
2
(74, 43)
--> Day : 1
-> Request 0
47
(1, 1, 1)
3
(62, 67)
-> Request 1
666
(1, 3, 2)
1
(57, 36)
-> Request 2
834
(4, 1, 2)
1
(60, 38)
-> Request 3
1022
(1, 3, 2)
2
(62, 65)
-> Request 4
1279
(1, 3, 2)
1
(1, 70)
-> Request 5
1329
(4, 3, 2)
1
(41, 53)
--> Day : 2
-> Request 0
75
(1, 2, 2)
3
(59, 31)
-> Request 1
419
(4, 3, 1)
3
(56, 35)
-> Request 2
490
(2, 1, 1)
3
(61, 46)
-> Request 3
537
(2, 3, 2)
1
(16, 7)
-> Request 4
847
(3, 2, 1)
1
(62, 42)
-> Request 5
1084
(4, 1, 1)
2
(58, 41)
-> Request 6
1186
(3, 2, 2)
3
(18, 10)
--> Day : 3
-> Request 0
160
(4, 1, 1)
2
(65, 73)
-> Request 1
188
(4, 3, 2)
2
(52, 28)
-> Request 2
623
(2, 1, 2)
1
(53, 73)
-> Request 3
632
(3, 3, 1)
1
(72, 61)
-> Request 4
746
(2, 2, 2)
2
(16, 29)
-> Request 5
766
(4, 1, 2)
2
(48, 46)
-> Request 6
775
(1, 3, 2)
1
(35, 57)
-> Request 7
915
(2, 1, 2)
2
(52, 70)
-> Request 8
939
(3, 3, 1)
3
(0, 58)
-> Request 9
1180
(2, 3, 2)
2
(66, 21)
-> Request 10
1236
(4, 2, 2)
2
(5, 24)
--> Day : 4
-> Request 0
363
(2, 3, 1)
2
(45, 33)
-> Request 1
496
(2, 2, 1)
2
(53, 34)
-> Request 2
555
(4, 3, 2)
1
(17, 44)
-> Request 3
748
(2, 1, 1)
3
(49, 35)
-> Request 4
1298
(3, 1, 1)
3
(55, 29)
---> Week : 6
--> Day : 0
-> Request 0
180
(1, 3, 1)
3
(20, 49)
-> Request 1
207
(4, 2, 2)
1
(53, 40)
-> Request 2
215
(1, 1, 1)
1
(54, 28)
-> Request 3
385
(1, 3, 1)
1
(70, 3)
-> Request 4
473
(3, 1, 1)
3
(43, 23)
-> Request 5
479
(2, 1, 2)
1
(10, 28)
-> Request 6
637
(1, 3, 1)
2
(7, 44)
-> Request 7
637
(4, 2, 2)
2
(66, 75)
-> Request 8
669
(3, 1, 2)
1
(1, 1)
-> Request 9
731
(1, 1, 2)
2
(63, 69)
-> Request 10
842
(4, 1, 1)
3
(43, 34)
-> Request 11
842
(4, 3, 2)
1
(62, 72)
-> Request 12
898
(3, 1, 2)
1
(44, 4)
-> Request 13
984
(2, 2, 1)
2
(0, 46)
-> Request 14
1138
(4, 2, 2)
1
(35, 4)
--> Day : 1
-> Request 0
187
(2, 3, 1)
3
(11, 28)
-> Request 1
374
(4, 2, 1)
1
(30, 78)
-> Request 2
475
(4, 1, 2)
1
(7, 21)
-> Request 3
524
(3, 3, 1)
1
(74, 72)
-> Request 4
767
(3, 3, 1)
1
(27, 68)
-> Request 5
819
(4, 2, 1)
3
(14, 68)
-> Request 6
854
(3, 2, 2)
2
(15, 20)
-> Request 7
855
(3, 3, 2)
3
(56, 37)
-> Request 8
929
(4, 2, 2)
2
(79, 25)
-> Request 9
966
(1, 3, 1)
2
(25, 25)
-> Request 10
988
(1, 2, 1)
2
(15, 61)
-> Request 11
1078
(2, 2, 1)
1
(72, 58)
-> Request 12
1081
(2, 3, 2)
2
(13, 29)
-> Request 13
1081
(3, 3, 2)
1
(21, 36)
-> Request 14
1122
(2, 3, 1)
3
(51, 36)
--> Day : 2
-> Request 0
144
(4, 2, 2)
3
(71, 74)
-> Request 1
438
(3, 1, 2)
1
(65, 71)
-> Request 2
1038
(2, 2, 2)
2
(59, 73)
-> Request 3
1157
(3, 3, 2)
3
(46, 77)
-> Request 4
1307
(1, 2, 2)
2
(1, 57)
-> Request 5
1408
(4, 1, 2)
1
(14, 20)
--> Day : 3
-> Request 0
314
(1, 2, 2)
3
(55, 38)
-> Request 1
523
(2, 2, 2)
3
(32, 70)
-> Request 2
536
(4, 3, 1)
1
(19, 48)
-> Request 3
609
(2, 3, 1)
3
(55, 66)
-> Request 4
723
(1, 3, 2)
2
(75, 6)
-> Request 5
1209
(4, 2, 1)
2
(48, 46)
-> Request 6
1212
(4, 2, 1)
3
(63, 64)
-> Request 7
1316
(1, 1, 2)
2
(54, 65)
--> Day : 4
-> Request 0
211
(3, 2, 1)
1
(61, 46)
-> Request 1
914
(4, 2, 1)
3
(67, 48)
-> Request 2
1082
(2, 2, 1)
2
(52, 67)
---> Week : 7
--> Day : 0
-> Request 0
324
(3, 2, 2)
2
(52, 78)
-> Request 1
382
(2, 1, 2)
3
(14, 12)
-> Request 2
637
(1, 1, 2)
1
(37, 17)
-> Request 3
673
(4, 2, 2)
1
(53, 78)
-> Request 4
693
(1, 1, 1)
1
(52, 56)
-> Request 5
848
(1, 3, 1)
1
(29, 38)
-> Request 6
880
(2, 3, 1)
1
(60, 36)
-> Request 7
928
(3, 1, 2)
2
(39, 48)
-> Request 8
949
(3, 1, 2)
1
(50, 43)
-> Request 9
1072
(1, 1, 2)
2
(55, 69)
-> Request 10
1374
(2, 1, 1)
1
(46, 39)
--> Day : 1
-> Request 0
19
(2, 2, 2)
2
(60, 52)
-> Request 1
147
(4, 2, 2)
3
(61, 31)
-> Request 2
538
(4, 2, 1)
2
(43, 35)
-> Request 3
1022
(4, 3, 2)
2
(9, 29)
-> Request 4
1113
(1, 1, 1)
2
(51, 29)
-> Request 5
1214
(3, 3, 2)
3
(9, 59)
-> Request 6
1423
(2, 1, 2)
3
(59, 33)
--> Day : 2
-> Request 0
2
(1, 2, 2)
1
(60, 35)
-> Request 1
100
(4, 1, 2)
3
(2, 51)
-> Request 2
441
(4, 3, 2)
1
(55, 46)
-> Request 3
537
(1, 1, 1)
3
(77, 34)
-> Request 4
630
(1, 2, 2)
3
(61, 40)
-> Request 5
835
(2, 2, 2)
1
(62, 65)
-> Request 6
1232
(2, 2, 2)
1
(5, 74)
-> Request 7
1412
(4, 3, 2)
2
(51, 29)
--> Day : 3
-> Request 0
455
(4, 1, 1)
2
(40, 1)
-> Request 1
526
(3, 3, 2)
3
(29, 49)
-> Request 2
548
(2, 2, 1)
3
(18, 0)
-> Request 3
637
(2, 1, 2)
2
(58, 77)
-> Request 4
931
(4, 2, 1)
3
(24, 14)
-> Request 5
962
(4, 3, 2)
1
(15, 27)
-> Request 6
1158
(3, 1, 1)
2
(53, 73)
-> Request 7
1168
(1, 3, 2)
3
(68, 50)
-> Request 8
1170
(3, 1, 2)
2
(49, 43)
-> Request 9
1335
(2, 2, 2)
1
(67, 59)
--> Day : 4
-> Request 0
24
(3, 2, 1)
3
(55, 72)
-> Request 1
92
(4, 1, 1)
3
(2, 19)
-> Request 2
286
(3, 3, 1)
1
(49, 50)
-> Request 3
371
(2, 3, 2)
3
(37, 8)
-> Request 4
577
(3, 2, 2)
2
(58, 27)
-> Request 5
578
(2, 3, 2)
3
(62, 39)
-> Request 6
578
(2, 2, 2)
2
(45, 45)
-> Request 7
608
(2, 2, 2)
1
(45, 40)
-> Request 8
718
(3, 1, 1)
2
(66, 8)
-> Request 9
1092
(4, 3, 1)
1
(56, 38)
-> Request 10
1138
(3, 2, 2)
2
(53, 31)
-> Request 11
1191
(1, 2, 1)
1
(79, 41)
-> Request 12
1334
(3, 1, 1)
3
(54, 57)
---> Week : 8
--> Day : 0
-> Request 0
51
(3, 3, 1)
2
(45, 17)
-> Request 1
152
(2, 2, 2)
3
(46, 48)
-> Request 2
380
(1, 1, 2)
3
(16, 27)
-> Request 3
489
(3, 3, 2)
1
(77, 57)
-> Request 4
614
(1, 2, 2)
3
(4, 0)
-> Request 5
615
(1, 1, 2)
3
(68, 74)
-> Request 6
832
(4, 1, 2)
1
(56, 51)
-> Request 7
1037
(2, 1, 1)
2
(9, 25)
-> Request 8
1117
(1, 1, 2)
1
(5, 51)
-> Request 9
1169
(4, 3, 2)
2
(6, 24)
-> Request 10
1262
(3, 2, 2)
2
(46, 46)
--> Day : 1
-> Request 0
681
(4, 1, 2)
2
(15, 60)
-> Request 1
968
(2, 3, 2)
1
(43, 30)
-> Request 2
1309
(1, 2, 1)
3
(36, 0)
-> Request 3
1334
(1, 3, 1)
2
(79, 73)
--> Day : 2
-> Request 0
210
(1, 2, 1)
1
(51, 38)
-> Request 1
337
(1, 2, 1)
1
(52, 64)
-> Request 2
361
(3, 2, 1)
1
(15, 20)
-> Request 3
733
(4, 2, 1)
1
(19, 41)
-> Request 4
811
(2, 2, 2)
2
(21, 63)
-> Request 5
864
(2, 3, 2)
2
(17, 23)
-> Request 6
887
(1, 2, 1)
1
(43, 37)
-> Request 7
1118
(4, 1, 1)
3
(73, 75)
-> Request 8
1432
(3, 3, 1)
2
(9, 28)
--> Day : 3
-> Request 0
55
(4, 3, 1)
1
(23, 61)
-> Request 1
374
(3, 3, 2)
1
(46, 48)
-> Request 2
786
(3, 2, 1)
2
(61, 27)
-> Request 3
969
(4, 2, 2)
2
(62, 29)
-> Request 4
1113
(2, 1, 1)
3
(49, 69)
-> Request 5
1157
(4, 2, 2)
3
(53, 44)
-> Request 6
1363
(3, 3, 1)
2
(13, 41)
--> Day : 4
-> Request 0
249
(2, 3, 1)
2
(49, 28)
-> Request 1
382
(3, 3, 2)
2
(13, 27)
-> Request 2
441
(2, 2, 1)
3
(13, 64)
-> Request 3
473
(3, 2, 1)
3
(54, 20)
-> Request 4
476
(4, 2, 2)
2
(62, 31)
-> Request 5
644
(2, 3, 1)
2
(54, 31)
-> Request 6
872
(3, 3, 1)
3
(57, 38)
-> Request 7
957
(3, 1, 2)
2
(44, 28)
-> Request 8
999
(1, 3, 1)
3
(14, 12)
-> Request 9
1229
(1, 1, 1)
3
(52, 76)
-> Request 10
1311
(4, 3, 1)
1
(10, 3)
---> Week : 9
--> Day : 0
-> Request 0
70
(4, 1, 1)
2
(55, 46)
-> Request 1
233
(2, 3, 1)
1
(60, 32)
-> Request 2
301
(4, 3, 2)
3
(62, 36)
-> Request 3
621
(4, 3, 2)
3
(50, 17)
-> Request 4
738
(3, 3, 2)
1
(62, 28)
-> Request 5
1249
(1, 2, 1)
3
(11, 5)
-> Request 6
1286
(2, 2, 1)
3
(16, 33)
--> Day : 1
-> Request 0
78
(2, 2, 1)
1
(56, 28)
-> Request 1
272
(3, 1, 2)
1
(65, 66)
-> Request 2
773
(2, 1, 2)
1
(61, 44)
-> Request 3
809
(4, 3, 1)
1
(66, 70)
-> Request 4
881
(3, 3, 1)
2
(46, 42)
-> Request 5
1153
(1, 3, 2)
2
(25, 78)
-> Request 6
1232
(2, 3, 2)
1
(0, 66)
--> Day : 2
-> Request 0
25
(1, 3, 2)
1
(61, 37)
-> Request 1
172
(2, 1, 2)
3
(24, 3)
-> Request 2
277
(2, 2, 1)
3
(13, 8)
-> Request 3
579
(3, 3, 1)
3
(46, 1)
-> Request 4
592
(4, 1, 2)
3
(59, 73)
-> Request 5
647
(1, 1, 2)
3
(53, 39)
-> Request 6
717
(1, 2, 2)
3
(7, 57)
-> Request 7
757
(1, 1, 2)
2
(16, 1)
-> Request 8
892
(4, 1, 2)
2
(17, 74)
-> Request 9
948
(4, 2, 2)
1
(38, 72)
-> Request 10
1173
(2, 2, 2)
1
(15, 60)
-> Request 11
1215
(2, 2, 2)
2
(53, 51)
-> Request 12
1394
(1, 3, 1)
3
(27, 46)
--> Day : 3
-> Request 0
135
(3, 3, 2)
1
(28, 8)
-> Request 1
191
(2, 2, 1)
2
(50, 45)
-> Request 2
263
(1, 3, 1)
1
(58, 65)
-> Request 3
361
(3, 3, 1)
3
(11, 57)
-> Request 4
668
(2, 3, 2)
2
(69, 28)
-> Request 5
881
(1, 3, 2)
3
(52, 36)
-> Request 6
1116
(1, 2, 2)
3
(60, 26)
-> Request 7
1140
(2, 1, 2)
2
(28, 31)
-> Request 8
1206
(1, 3, 1)
1
(56, 45)
--> Day : 4
-> Request 0
80
(4, 3, 1)
3
(54, 27)
-> Request 1
111
(2, 1, 2)
3
(15, 20)
-> Request 2
221
(3, 2, 2)
1
(56, 78)
-> Request 3
271
(1, 3, 1)
1
(59, 74)
-> Request 4
285
(4, 1, 1)
1
(76, 9)
-> Request 5
675
(2, 3, 2)
2
(58, 69)
-> Request 6
735
(2, 2, 2)
3
(62, 36)
-> Request 7
738
(4, 2, 1)
3
(57, 78)
-> Request 8
808
(4, 2, 1)
3
(3, 45)
-> Request 9
841
(2, 3, 2)
2
(54, 44)
-> Request 10
1132
(3, 2, 1)
3
(11, 70)
---> Week : 10
--> Day : 0
-> Request 0
42
(3, 2, 2)
3
(61, 40)
-> Request 1
184
(2, 3, 1)
2
(59, 36)
-> Request 2
282
(4, 1, 2)
3
(50, 43)
-> Request 3
310
(3, 3, 1)
2
(60, 68)
-> Request 4
463
(4, 3, 2)
3
(8, 39)
-> Request 5
522
(3, 2, 2)
3
(58, 74)
-> Request 6
752
(1, 1, 1)
3
(10, 24)
-> Request 7
1133
(4, 2, 2)
1
(23, 51)
-> Request 8
1147
(1, 2, 1)
3
(29, 20)
-> Request 9
1214
(3, 3, 1)
2
(17, 10)
-> Request 10
1228
(2, 2, 2)
1
(56, 53)
-> Request 11
1382
(1, 1, 2)
2
(57, 70)
--> Day : 1
-> Request 0
421
(1, 1, 2)
3
(60, 64)
-> Request 1
555
(1, 3, 2)
3
(64, 3)
-> Request 2
716
(1, 1, 2)
2
(43, 30)
-> Request 3
915
(3, 3, 2)
3
(47, 43)
-> Request 4
1382
(1, 1, 1)
2
(33, 75)
-> Request 5
1400
(2, 3, 1)
1
(54, 73)
--> Day : 2
-> Request 0
35
(1, 2, 1)
1
(55, 35)
-> Request 1
356
(3, 1, 1)
2
(60, 21)
-> Request 2
588
(3, 3, 1)
3
(42, 47)
-> Request 3
747
(2, 2, 1)
2
(25, 42)
-> Request 4
862
(3, 2, 1)
3
(5, 65)
-> Request 5
923
(2, 1, 1)
1
(13, 21)
-> Request 6
1105
(2, 2, 2)
2
(52, 36)
-> Request 7
1194
(4, 3, 2)
3
(55, 68)
-> Request 8
1198
(1, 3, 1)
2
(17, 24)
-> Request 9
1399
(2, 2, 1)
2
(1, 72)
--> Day : 3
-> Request 0
158
(1, 2, 1)
3
(50, 32)
-> Request 1
537
(4, 2, 2)
1
(56, 41)
-> Request 2
569
(3, 1, 2)
2
(39, 45)
-> Request 3
625
(3, 3, 1)
3
(54, 36)
-> Request 4
1084
(1, 1, 1)
1
(59, 33)
-> Request 5
1206
(3, 3, 1)
3
(18, 63)
-> Request 6
1303
(3, 1, 1)
1
(40, 21)
-> Request 7
1363
(1, 3, 2)
2
(57, 74)
-> Request 8
1399
(2, 1, 1)
2
(63, 26)
--> Day : 4
-> Request 0
64
(4, 1, 2)
3
(44, 32)
-> Request 1
117
(3, 3, 2)
1
(62, 33)
-> Request 2
220
(1, 3, 2)
1
(74, 34)
-> Request 3
273
(4, 3, 2)
2
(77, 45)
-> Request 4
657
(4, 3, 2)
1
(45, 28)
-> Request 5
1055
(2, 3, 2)
2
(62, 33)
-> Request 6
1073
(3, 2, 1)
1
(60, 43)
-> Request 7
1080
(2, 3, 2)
3
(56, 75)
-> Request 8
1080
(3, 2, 2)
2
(38, 68)
-> Request 9
1310
(3, 3, 1)
3
(56, 67)
-> Request 10
1347
(3, 3, 2)
2
(3, 48)
-> Request 11
1431
(3, 2, 1)
2
(60, 71)
-> Request 12
1435
(4, 2, 2)
2
(62, 73)
---> Week : 11
--> Day : 0
-> Request 0
146
(4, 3, 1)
2
(60, 43)
-> Request 1
155
(4, 3, 1)
1
(59, 66)
-> Request 2
417
(4, 3, 1)
1
(59, 65)
-> Request 3
779
(4, 2, 1)
2
(11, 67)
-> Request 4
817
(2, 2, 2)
2
(11, 64)
-> Request 5
916
(3, 2, 2)
3
(71, 34)
-> Request 6
986
(4, 2, 1)
1
(7, 7)
-> Request 7
1020
(4, 1, 1)
3
(44, 44)
-> Request 8
1174
(4, 1, 2)
1
(41, 74)
-> Request 9
1276
(4, 2, 2)
2
(22, 79)
-> Request 10
1276
(3, 2, 1)
2
(58, 31)
--> Day : 1
-> Request 0
335
(4, 2, 1)
3
(55, 65)
-> Request 1
363
(2, 2, 1)
1
(52, 0)
-> Request 2
468
(3, 1, 1)
2
(69, 45)
-> Request 3
619
(3, 2, 1)
3
(50, 43)
-> Request 4
725
(2, 2, 2)
3
(54, 28)
-> Request 5
728
(3, 1, 1)
3
(55, 19)
-> Request 6
998
(4, 2, 2)
1
(77, 17)
-> Request 7
1114
(4, 2, 1)
2
(47, 35)
-> Request 8
1178
(4, 3, 2)
3
(21, 31)
-> Request 9
1297
(2, 2, 1)
3
(58, 55)
-> Request 10
1327
(2, 1, 2)
1
(19, 79)
--> Day : 2
-> Request 0
33
(4, 2, 1)
3
(63, 64)
-> Request 1
240
(1, 1, 2)
1
(59, 36)
-> Request 2
405
(1, 2, 2)
3
(64, 72)
-> Request 3
597
(1, 1, 2)
1
(6, 54)
-> Request 4
652
(1, 1, 2)
1
(60, 70)
-> Request 5
1051
(3, 1, 2)
2
(61, 43)
-> Request 6
1137
(2, 3, 1)
2
(60, 33)
-> Request 7
1145
(2, 3, 1)
2
(76, 33)
-> Request 8
1426
(2, 3, 2)
3
(54, 76)
--> Day : 3
-> Request 0
46
(2, 1, 1)
2
(65, 52)
-> Request 1
231
(4, 3, 2)
1
(60, 70)
-> Request 2
329
(1, 2, 1)
1
(15, 26)
-> Request 3
575
(1, 2, 1)
2
(42, 64)
-> Request 4
613
(1, 3, 1)
1
(52, 68)
-> Request 5
617
(2, 2, 1)
1
(41, 31)
-> Request 6
622
(2, 3, 1)
2
(56, 41)
-> Request 7
826
(2, 3, 2)
2
(73, 69)
-> Request 8
859
(2, 3, 2)
3
(9, 20)
-> Request 9
883
(4, 3, 1)
3
(64, 71)
-> Request 10
1007
(3, 1, 2)
3
(52, 29)
-> Request 11
1214
(1, 2, 2)
2
(73, 5)
-> Request 12
1248
(1, 1, 2)
2
(56, 72)
-> Request 13
1304
(2, 1, 2)
3
(67, 65)
--> Day : 4
-> Request 0
39
(2, 3, 2)
3
(11, 67)
-> Request 1
255
(4, 2, 2)
3
(47, 33)
-> Request 2
430
(2, 3, 2)
1
(3, 46)
-> Request 3
540
(2, 1, 2)
3
(25, 9)
-> Request 4
686
(1, 2, 1)
3
(61, 40)
-> Request 5
887
(2, 1, 2)
1
(66, 37)
-> Request 6
946
(1, 1, 2)
2
(39, 73)
-> Request 7
1033
(4, 3, 1)
3
(68, 19)
-> Request 8
1052
(1, 3, 1)
3
(30, 60)
-> Request 9
1319
(1, 2, 1)
3
(2, 10)
-> Request 10
1414
(3, 1, 1)
1
(64, 20)
---> Week : 12
--> Day : 0
-> Request 0
34
(3, 1, 2)
1
(17, 2)
-> Request 1
44
(2, 3, 1)
1
(55, 28)
-> Request 2
362
(2, 3, 1)
2
(54, 37)
-> Request 3
1144
(4, 3, 1)
2
(61, 43)
-> Request 4
1165
(1, 1, 2)
3
(60, 74)
--> Day : 1
-> Request 0
292
(3, 1, 2)
3
(75, 66)
-> Request 1
419
(2, 3, 2)
3
(69, 69)
-> Request 2
697
(2, 1, 1)
1
(79, 14)
-> Request 3
805
(3, 1, 1)
2
(33, 66)
-> Request 4
867
(1, 1, 1)
3
(50, 29)
-> Request 5
1387
(3, 1, 1)
2
(14, 27)
-> Request 6
1429
(3, 1, 1)
2
(48, 28)
--> Day : 2
-> Request 0
134
(1, 3, 1)
1
(11, 22)
-> Request 1
135
(3, 2, 1)
2
(66, 65)
-> Request 2
238
(3, 1, 2)
3
(50, 46)
-> Request 3
266
(2, 3, 2)
2
(17, 43)
-> Request 4
710
(2, 1, 1)
1
(14, 47)
-> Request 5
940
(3, 2, 2)
1
(55, 8)
-> Request 6
1021
(3, 3, 2)
3
(39, 49)
-> Request 7
1031
(4, 2, 2)
2
(21, 36)
-> Request 8
1072
(3, 1, 1)
2
(52, 32)
-> Request 9
1131
(1, 1, 1)
1
(8, 27)
-> Request 10
1302
(1, 1, 2)
2
(58, 28)
--> Day : 3
-> Request 0
185
(2, 3, 2)
3
(67, 75)
-> Request 1
208
(4, 1, 2)
2
(33, 77)
-> Request 2
354
(1, 2, 1)
3
(49, 45)
-> Request 3
389
(2, 2, 1)
3
(15, 55)
-> Request 4
557
(2, 1, 2)
1
(32, 43)
-> Request 5
636
(2, 1, 2)
1
(43, 75)
-> Request 6
742
(1, 1, 2)
2
(14, 14)
-> Request 7
783
(4, 2, 2)
3
(58, 42)
-> Request 8
839
(3, 3, 2)
2
(59, 72)
-> Request 9
927
(4, 2, 1)
1
(25, 46)
-> Request 10
934
(2, 2, 1)
3
(33, 45)
-> Request 11
947
(1, 2, 1)
3
(71, 38)
-> Request 12
1065
(1, 3, 1)
2
(62, 9)
-> Request 13
1090
(2, 3, 1)
1
(51, 71)
-> Request 14
1353
(3, 2, 2)
3
(3, 74)
--> Day : 4
-> Request 0
222
(3, 2, 1)
3
(73, 37)
-> Request 1
1141
(2, 1, 1)
2
(59, 69)
-> Request 2
1142
(4, 1, 1)
1
(59, 29)
-> Request 3
1142
(1, 3, 1)
1
(57, 78)
-> Request 4
1225
(4, 1, 2)
2
(11, 39)
---> Week : 13
--> Day : 0
-> Request 0
147
(4, 1, 2)
3
(62, 71)
-> Request 1
208
(1, 2, 2)
3
(57, 46)
-> Request 2
307
(2, 2, 1)
1
(9, 29)
-> Request 3
749
(2, 1, 1)
3
(62, 40)
-> Request 4
1379
(2, 2, 2)
2
(52, 40)
-> Request 5
1385
(1, 1, 1)
1
(29, 67)
--> Day : 1
-> Request 0
126
(3, 2, 1)
1
(8, 45)
-> Request 1
128
(2, 3, 2)
1
(64, 74)
-> Request 2
151
(3, 3, 1)
2
(63, 65)
-> Request 3
174
(1, 2, 1)
3
(44, 41)
-> Request 4
204
(3, 1, 1)
1
(45, 30)
-> Request 5
289
(4, 1, 1)
3
(48, 41)
-> Request 6
292
(1, 3, 1)
3
(61, 33)
-> Request 7
307
(3, 1, 1)
1
(13, 22)
-> Request 8
418
(3, 3, 2)
3
(15, 23)
-> Request 9
485
(2, 1, 2)
3
(50, 20)
-> Request 10
752
(3, 2, 1)
3
(36, 26)
-> Request 11
866
(2, 3, 2)
1
(32, 68)
-> Request 12
957
(2, 1, 2)
2
(73, 57)
-> Request 13
982
(4, 2, 2)
3
(53, 27)
-> Request 14
1040
(4, 1, 1)
3
(49, 36)
-> Request 15
1256
(4, 2, 1)
2
(48, 30)
-> Request 16
1283
(3, 1, 1)
1
(57, 37)
-> Request 17
1299
(3, 1, 2)
3
(10, 47)
-> Request 18
1337
(1, 3, 2)
2
(7, 23)
--> Day : 2
-> Request 0
266
(3, 1, 2)
2
(54, 77)
-> Request 1
635
(1, 2, 1)
1
(60, 43)
-> Request 2
731
(4, 3, 2)
3
(54, 65)
-> Request 3
807
(1, 2, 1)
1
(11, 43)
-> Request 4
894
(2, 2, 1)
1
(45, 42)
-> Request 5
1029
(1, 1, 2)
1
(59, 76)
-> Request 6
1039
(2, 2, 2)
1
(74, 55)
-> Request 7
1206
(4, 2, 1)
1
(50, 79)
-> Request 8
1348
(3, 3, 2)
3
(44, 56)
-> Request 9
1359
(3, 1, 2)
3
(41, 60)
--> Day : 3
-> Request 0
211
(2, 1, 1)
3
(59, 26)
-> Request 1
287
(3, 3, 2)
2
(22, 48)
-> Request 2
330
(1, 2, 1)
1
(50, 28)
-> Request 3
431
(4, 2, 1)
2
(74, 22)
-> Request 4
721
(2, 3, 1)
3
(52, 32)
-> Request 5
795
(4, 1, 2)
3
(36, 19)
-> Request 6
822
(1, 2, 1)
1
(74, 73)
-> Request 7
897
(1, 2, 2)
3
(54, 43)
--> Day : 4
-> Request 0
116
(2, 3, 2)
3
(57, 32)
-> Request 1
177
(4, 1, 2)
1
(77, 61)
-> Request 2
276
(4, 2, 2)
1
(26, 42)
-> Request 3
351
(1, 2, 2)
3
(16, 10)
-> Request 4
564
(1, 1, 2)
3
(54, 36)
-> Request 5
638
(1, 1, 2)
2
(59, 65)
-> Request 6
720
(1, 2, 2)
3
(59, 74)
-> Request 7
733
(1, 1, 2)
2
(15, 28)
-> Request 8
1140
(3, 2, 2)
3
(43, 40)
-> Request 9
1168
(4, 1, 2)
3
(41, 44)
-> Request 10
1214
(2, 3, 2)
1
(48, 44)
---> Week : 14
--> Day : 0
-> Request 0
5
(1, 3, 1)
2
(48, 38)
-> Request 1
8
(2, 1, 2)
2
(55, 76)
-> Request 2
20
(2, 2, 2)
2
(60, 68)
-> Request 3
504
(3, 1, 1)
2
(57, 66)
-> Request 4
541
(3, 3, 1)
3
(49, 35)
-> Request 5
949
(3, 1, 2)
1
(52, 70)
-> Request 6
1071
(4, 3, 2)
1
(31, 37)
-> Request 7
1239
(2, 3, 2)
1
(22, 2)
-> Request 8
1369
(2, 2, 2)
1
(8, 22)
--> Day : 1
-> Request 0
192
(2, 3, 2)
1
(14, 23)
-> Request 1
210
(3, 2, 1)
3
(52, 43)
-> Request 2
482
(4, 1, 2)
1
(12, 21)
-> Request 3
607
(3, 1, 1)
1
(58, 7)
-> Request 4
647
(3, 2, 2)
3
(44, 41)
-> Request 5
821
(2, 1, 2)
1
(78, 25)
-> Request 6
893
(1, 1, 2)
1
(31, 59)
-> Request 7
1052
(2, 1, 1)
2
(43, 72)
-> Request 8
1138
(2, 2, 1)
3
(16, 45)
-> Request 9
1206
(1, 1, 2)
2
(54, 38)
--> Day : 2
-> Request 0
86
(3, 2, 1)
3
(63, 21)
-> Request 1
394
(2, 1, 2)
3
(61, 46)
-> Request 2
468
(3, 3, 1)
2
(25, 56)
-> Request 3
584
(4, 3, 2)
2
(42, 53)
-> Request 4
616
(4, 1, 1)
2
(48, 42)
-> Request 5
657
(1, 1, 2)
2
(73, 47)
-> Request 6
701
(4, 3, 2)
1
(50, 65)
-> Request 7
718
(3, 2, 2)
2
(65, 68)
-> Request 8
739
(3, 2, 2)
2
(79, 71)
-> Request 9
759
(3, 3, 1)
3
(73, 77)
-> Request 10
1065
(3, 3, 2)
2
(33, 11)
-> Request 11
1081
(3, 1, 2)
2
(79, 0)
-> Request 12
1081
(4, 2, 2)
3
(50, 37)
-> Request 13
1384
(2, 3, 1)
1
(29, 50)
--> Day : 3
-> Request 0
4
(3, 1, 1)
2
(70, 75)
-> Request 1
165
(2, 1, 1)
1
(61, 73)
-> Request 2
182
(1, 1, 1)
3
(54, 73)
-> Request 3
607
(3, 1, 1)
1
(70, 4)
-> Request 4
617
(1, 1, 2)
1
(31, 40)
-> Request 5
688
(4, 2, 2)
1
(59, 57)
-> Request 6
827
(1, 3, 2)
2
(52, 72)
-> Request 7
841
(2, 3, 1)
1
(59, 47)
-> Request 8
841
(3, 1, 2)
2
(48, 25)
-> Request 9
869
(2, 1, 1)
2
(47, 76)
-> Request 10
1088
(4, 3, 2)
1
(58, 35)
-> Request 11
1285
(1, 3, 1)
3
(11, 53)
-> Request 12
1415
(2, 3, 1)
3
(72, 49)
--> Day : 4
-> Request 0
448
(2, 3, 1)
2
(46, 3)
-> Request 1
555
(3, 1, 2)
2
(65, 67)
-> Request 2
734
(3, 2, 2)
2
(25, 30)
-> Request 3
849
(1, 1, 2)
2
(11, 3)
-> Request 4
961
(4, 1, 2)
3
(29, 51)
-> Request 5
1199
(3, 1, 1)
2
(62, 76)
---> Week : 15
--> Day : 0
-> Request 0
52
(4, 1, 1)
3
(52, 43)
-> Request 1
213
(4, 1, 1)
2
(60, 76)
-> Request 2
229
(2, 2, 1)
1
(54, 15)
-> Request 3
331
(1, 2, 1)
2
(22, 18)
-> Request 4
428
(1, 3, 2)
3
(54, 67)
-> Request 5
482
(2, 2, 2)
3
(13, 23)
-> Request 6
581
(1, 1, 2)
2
(33, 18)
-> Request 7
617
(3, 2, 2)
2
(52, 69)
-> Request 8
978
(3, 3, 2)
2
(12, 22)
-> Request 9
1082
(3, 2, 1)
2
(71, 20)
-> Request 10
1087
(1, 2, 1)
3
(29, 50)
-> Request 11
1190
(1, 2, 1)
3
(78, 47)
-> Request 12
1201
(4, 3, 1)
3
(63, 36)
-> Request 13
1257
(4, 3, 1)
3
(59, 70)
--> Day : 1
-> Request 0
99
(3, 1, 2)
3
(54, 70)
-> Request 1
363
(1, 2, 1)
2
(11, 25)
-> Request 2
436
(4, 2, 1)
3
(69, 42)
-> Request 3
477
(3, 2, 1)
3
(43, 36)
-> Request 4
582
(3, 2, 1)
2
(54, 4)
-> Request 5
606
(4, 2, 1)
2
(73, 6)
-> Request 6
983
(1, 1, 2)
1
(21, 77)
-> Request 7
1044
(1, 3, 1)
1
(13, 14)
-> Request 8
1082
(3, 1, 2)
1
(54, 60)
--> Day : 2
-> Request 0
668
(4, 1, 2)
3
(64, 65)
-> Request 1
721
(1, 3, 2)
1
(53, 75)
-> Request 2
844
(3, 2, 2)
2
(56, 42)
-> Request 3
1115
(2, 2, 1)
3
(54, 78)
-> Request 4
1132
(4, 2, 2)
1
(64, 65)
-> Request 5
1312
(4, 2, 1)
2
(60, 71)
-> Request 6
1395
(3, 3, 2)
3
(48, 39)
-> Request 7
1405
(2, 2, 2)
2
(61, 33)
--> Day : 3
-> Request 0
427
(3, 2, 1)
3
(55, 78)
-> Request 1
446
(3, 2, 2)
3
(62, 66)
-> Request 2
588
(3, 2, 1)
1
(51, 34)
-> Request 3
674
(4, 2, 2)
1
(43, 40)
-> Request 4
679
(2, 1, 1)
3
(46, 40)
-> Request 5
1036
(2, 3, 1)
3
(27, 51)
-> Request 6
1094
(1, 1, 2)
1
(59, 31)
-> Request 7
1151
(4, 3, 1)
3
(14, 25)
-> Request 8
1212
(3, 1, 1)
1
(55, 65)
--> Day : 4
-> Request 0
24
(3, 3, 2)
3
(71, 33)
-> Request 1
41
(1, 3, 1)
2
(31, 36)
-> Request 2
61
(1, 3, 1)
1
(50, 29)
-> Request 3
235
(2, 3, 1)
3
(17, 21)
-> Request 4
354
(1, 1, 1)
2
(51, 35)
-> Request 5
438
(1, 2, 2)
3
(23, 46)
-> Request 6
441
(2, 3, 1)
1
(43, 43)
-> Request 7
507
(4, 1, 1)
2
(72, 15)
-> Request 8
524
(4, 1, 2)
1
(12, 24)
-> Request 9
549
(2, 1, 1)
1
(60, 75)
-> Request 10
557
(1, 1, 2)
2
(66, 13)
-> Request 11
569
(4, 1, 2)
3
(4, 18)
-> Request 12
648
(4, 3, 1)
1
(66, 67)
-> Request 13
1014
(4, 3, 2)
3
(7, 34)
-> Request 14
1209
(2, 2, 2)
3
(57, 27)
---> Week : 16
--> Day : 0
-> Request 0
56
(3, 3, 1)
2
(50, 34)
-> Request 1
149
(1, 1, 2)
3
(16, 22)
-> Request 2
567
(2, 3, 1)
1
(61, 30)
-> Request 3
578
(1, 1, 2)
1
(45, 42)
-> Request 4
609
(4, 3, 1)
2
(61, 67)
-> Request 5
641
(4, 3, 1)
1
(62, 70)
-> Request 6
733
(2, 2, 1)
1
(66, 64)
-> Request 7
817
(3, 1, 2)
2
(46, 60)
-> Request 8
887
(1, 2, 1)
3
(41, 63)
-> Request 9
1071
(2, 2, 2)
1
(44, 44)
-> Request 10
1171
(1, 2, 1)
3
(76, 25)
-> Request 11
1204
(4, 2, 2)
1
(47, 45)
-> Request 12
1428
(2, 3, 2)
1
(66, 69)
--> Day : 1
-> Request 0
1194
(2, 2, 2)
2
(55, 30)
-> Request 1
1281
(2, 2, 1)
1
(59, 37)
--> Day : 2
-> Request 0
189
(2, 1, 1)
3
(17, 0)
-> Request 1
263
(2, 3, 1)
1
(55, 75)
-> Request 2
326
(3, 3, 1)
2
(46, 41)
-> Request 3
341
(1, 1, 2)
3
(55, 27)
-> Request 4
494
(2, 3, 1)
3
(11, 22)
-> Request 5
598
(2, 2, 2)
1
(47, 14)
-> Request 6
797
(2, 1, 1)
3
(68, 30)
-> Request 7
839
(4, 2, 1)
1
(55, 42)
-> Request 8
1156
(4, 3, 2)
2
(47, 28)
-> Request 9
1267
(4, 2, 2)
2
(54, 36)
-> Request 10
1297
(4, 3, 1)
3
(62, 69)
--> Day : 3
-> Request 0
314
(3, 2, 1)
2
(53, 1)
-> Request 1
475
(2, 1, 1)
3
(57, 43)
-> Request 2
514
(3, 2, 1)
2
(73, 42)
-> Request 3
598
(3, 1, 1)
3
(56, 76)
-> Request 4
727
(1, 1, 2)
1
(55, 33)
-> Request 5
1166
(3, 1, 2)
2
(57, 30)
-> Request 6
1318
(1, 3, 1)
3
(56, 70)
-> Request 7
1400
(3, 3, 2)
1
(49, 29)
--> Day : 4
-> Request 0
73
(2, 3, 2)
1
(45, 74)
-> Request 1
80
(4, 1, 1)
3
(12, 29)
-> Request 2
173
(3, 3, 2)
2
(66, 50)
-> Request 3
240
(4, 1, 1)
3
(51, 76)
-> Request 4
443
(4, 1, 1)
2
(71, 73)
-> Request 5
472
(4, 1, 2)
2
(53, 44)
-> Request 6
639
(4, 3, 2)
1
(54, 51)
-> Request 7
1042
(1, 3, 1)
1
(19, 73)
-> Request 8
1093
(1, 1, 2)
2
(49, 6)
-> Request 9
1105
(3, 2, 1)
3
(62, 69)
-> Request 10
1120
(1, 1, 2)
1
(66, 77)
-> Request 11
1320
(1, 2, 1)
1
(61, 64)
---> Week : 17
--> Day : 0
-> Request 0
195
(1, 2, 2)
1
(54, 31)
-> Request 1
319
(3, 1, 1)
3
(59, 45)
-> Request 2
603
(1, 2, 2)
2
(58, 77)
-> Request 3
842
(3, 2, 2)
2
(56, 38)
-> Request 4
978
(1, 1, 1)
1
(46, 33)
-> Request 5
1036
(2, 1, 2)
1
(52, 66)
-> Request 6
1044
(3, 1, 2)
2
(68, 59)
-> Request 7
1327
(3, 3, 2)
1
(29, 52)
--> Day : 1
-> Request 0
64
(3, 1, 2)
2
(77, 35)
-> Request 1
130
(3, 2, 1)
1
(17, 22)
-> Request 2
152
(2, 3, 2)
2
(48, 28)
-> Request 3
184
(1, 3, 2)
1
(66, 76)
-> Request 4
186
(2, 1, 2)
3
(67, 54)
-> Request 5
603
(2, 2, 2)
1
(43, 78)
-> Request 6
681
(1, 1, 1)
2
(69, 44)
-> Request 7
820
(2, 3, 2)
2
(64, 75)
-> Request 8
878
(3, 2, 2)
1
(57, 34)
-> Request 9
1058
(2, 3, 1)
2
(46, 28)
-> Request 10
1260
(2, 2, 1)
2
(62, 44)
-> Request 11
1276
(1, 1, 2)
2
(65, 78)
-> Request 12
1378
(1, 3, 1)
1
(26, 66)
-> Request 13
1388
(1, 2, 2)
3
(2, 34)
--> Day : 2
-> Request 0
68
(4, 3, 1)
3
(39, 31)
-> Request 1
77
(2, 2, 2)
1
(56, 65)
-> Request 2
287
(1, 3, 2)
2
(62, 6)
-> Request 3
396
(3, 2, 2)
2
(60, 18)
-> Request 4
421
(2, 3, 1)
1
(56, 65)
-> Request 5
528
(2, 3, 1)
3
(51, 42)
-> Request 6
543
(4, 3, 2)
1
(58, 74)
-> Request 7
637
(1, 3, 1)
2
(49, 13)
-> Request 8
639
(1, 2, 1)
2
(10, 23)
-> Request 9
714
(3, 3, 1)
3
(67, 54)
-> Request 10
1044
(4, 3, 2)
1
(70, 40)
-> Request 11
1230
(4, 2, 2)
1
(56, 44)
--> Day : 3
-> Request 0
277
(3, 2, 1)
3
(60, 44)
-> Request 1
387
(4, 1, 2)
1
(54, 69)
-> Request 2
577
(3, 1, 1)
1
(46, 40)
-> Request 3
592
(3, 1, 1)
3
(13, 28)
-> Request 4
642
(1, 2, 1)
3
(54, 45)
-> Request 5
655
(2, 1, 1)
2
(9, 22)
-> Request 6
693
(4, 1, 2)
1
(11, 21)
-> Request 7
881
(3, 2, 1)
3
(63, 73)
-> Request 8
967
(4, 2, 2)
1
(40, 19)
-> Request 9
1044
(1, 1, 1)
3
(9, 49)
-> Request 10
1065
(2, 2, 1)
1
(40, 25)
-> Request 11
1102
(2, 3, 2)
3
(63, 68)
--> Day : 4
-> Request 0
28
(4, 1, 2)
3
(53, 30)
-> Request 1
38
(3, 2, 1)
2
(58, 29)
-> Request 2
112
(3, 2, 2)
3
(62, 45)
-> Request 3
144
(2, 2, 2)
3
(1, 74)
-> Request 4
287
(2, 3, 2)
2
(20, 12)
-> Request 5
345
(4, 1, 1)
1
(11, 23)
-> Request 6
554
(2, 1, 2)
1
(20, 26)
-> Request 7
700
(1, 1, 2)
1
(48, 4)
-> Request 8
894
(1, 3, 2)
1
(48, 38)
-> Request 9
1295
(4, 2, 2)
3
(5, 17)
---> Week : 18
--> Day : 0
-> Request 0
26
(4, 1, 1)
1
(65, 73)
-> Request 1
220
(3, 1, 1)
2
(76, 47)
-> Request 2
670
(2, 3, 2)
1
(46, 62)
-> Request 3
806
(4, 3, 2)
2
(45, 27)
-> Request 4
864
(3, 2, 1)
2
(65, 71)
-> Request 5
913
(3, 1, 2)
1
(61, 77)
-> Request 6
1193
(2, 3, 1)
1
(26, 32)
-> Request 7
1257
(3, 2, 2)
3
(12, 20)
-> Request 8
1282
(3, 1, 1)
1
(10, 26)
--> Day : 1
-> Request 0
139
(1, 1, 1)
3
(57, 40)
-> Request 1
147
(3, 1, 1)
1
(60, 34)
-> Request 2
553
(1, 1, 1)
3
(28, 17)
-> Request 3
562
(1, 3, 1)
2
(44, 42)
-> Request 4
661
(3, 1, 1)
3
(38, 54)
-> Request 5
761
(3, 1, 1)
3
(56, 76)
-> Request 6
847
(3, 3, 2)
1
(28, 73)
-> Request 7
1183
(4, 3, 1)
3
(56, 40)
--> Day : 2
-> Request 0
170
(2, 3, 1)
1
(56, 71)
-> Request 1
308
(4, 3, 2)
3
(57, 43)
-> Request 2
323
(2, 3, 1)
3
(62, 30)
-> Request 3
407
(2, 2, 1)
3
(59, 71)
-> Request 4
481
(2, 2, 1)
3
(55, 39)
-> Request 5
521
(3, 2, 2)
3
(53, 67)
-> Request 6
640
(1, 2, 2)
3
(41, 9)
-> Request 7
679
(3, 2, 1)
2
(50, 68)
-> Request 8
713
(4, 2, 1)
2
(63, 25)
-> Request 9
789
(3, 3, 2)
2
(61, 69)
-> Request 10
812
(2, 1, 2)
3
(66, 29)
-> Request 11
1356
(4, 3, 2)
3
(59, 38)
-> Request 12
1389
(4, 3, 1)
2
(8, 73)
--> Day : 3
-> Request 0
228
(1, 2, 2)
3
(63, 29)
-> Request 1
528
(2, 1, 2)
3
(53, 68)
-> Request 2
755
(1, 1, 2)
1
(58, 76)
-> Request 3
781
(1, 2, 2)
3
(70, 58)
-> Request 4
883
(4, 3, 1)
2
(3, 71)
-> Request 5
1022
(4, 3, 2)
3
(57, 13)
-> Request 6
1389
(3, 1, 1)
2
(57, 73)
-> Request 7
1394
(4, 3, 1)
3
(0, 24)
--> Day : 4
-> Request 0
203
(2, 3, 2)
2
(22, 0)
-> Request 1
320
(3, 2, 1)
3
(62, 70)
-> Request 2
511
(3, 3, 1)
1
(79, 23)
-> Request 3
621
(1, 1, 2)
3
(60, 41)
-> Request 4
1159
(2, 3, 1)
1
(36, 58)
-> Request 5
1232
(2, 1, 1)
2
(64, 74)
-> Request 6
1263
(2, 2, 1)
2
(48, 32)
---> Week : 19
--> Day : 0
-> Request 0
100
(4, 1, 1)
2
(65, 14)
-> Request 1
272
(3, 1, 2)
3
(29, 58)
-> Request 2
675
(4, 3, 2)
1
(10, 8)
-> Request 3
732
(3, 1, 1)
1
(55, 12)
-> Request 4
856
(2, 3, 1)
2
(42, 4)
-> Request 5
880
(1, 2, 2)
1
(59, 39)
-> Request 6
1190
(2, 1, 2)
2
(37, 65)
-> Request 7
1308
(1, 2, 1)
3
(66, 78)
-> Request 8
1359
(4, 2, 2)
3
(62, 1)
--> Day : 1
-> Request 0
3
(1, 1, 1)
2
(41, 76)
-> Request 1
95
(1, 1, 2)
3
(16, 45)
-> Request 2
106
(2, 1, 1)
2
(59, 68)
-> Request 3
170
(1, 2, 2)
2
(43, 20)
-> Request 4
221
(3, 2, 1)
3
(58, 46)
-> Request 5
266
(4, 1, 2)
2
(47, 46)
-> Request 6
357
(4, 1, 2)
2
(57, 72)
-> Request 7
400
(4, 3, 2)
3
(63, 57)
-> Request 8
520
(1, 3, 1)
2
(16, 51)
-> Request 9
529
(1, 3, 1)
3
(74, 42)
-> Request 10
560
(2, 1, 1)
2
(47, 33)
-> Request 11
607
(2, 3, 1)
2
(47, 37)
-> Request 12
609
(3, 3, 1)
1
(12, 58)
-> Request 13
650
(4, 2, 2)
3
(5, 49)
-> Request 14
731
(2, 1, 2)
2
(27, 7)
-> Request 15
765
(4, 1, 1)
1
(63, 66)
-> Request 16
861
(2, 3, 2)
3
(4, 58)
-> Request 17
1062
(2, 2, 1)
2
(17, 1)
-> Request 18
1152
(3, 3, 1)
3
(79, 16)
-> Request 19
1391
(3, 1, 2)
3
(62, 45)
--> Day : 2
-> Request 0
138
(4, 1, 2)
3
(10, 26)
-> Request 1
225
(1, 1, 1)
2
(50, 78)
-> Request 2
245
(1, 1, 1)
3
(62, 27)
-> Request 3
384
(4, 3, 1)
2
(75, 41)
-> Request 4
429
(4, 2, 2)
2
(46, 41)
-> Request 5
482
(4, 1, 2)
1
(58, 72)
-> Request 6
485
(3, 2, 1)
3
(57, 77)
-> Request 7
803
(1, 3, 1)
3
(59, 69)
-> Request 8
810
(1, 3, 1)
1
(53, 68)
-> Request 9
1217
(4, 3, 2)
2
(17, 29)
-> Request 10
1243
(1, 1, 1)
3
(4, 19)
-> Request 11
1253
(3, 1, 1)
3
(10, 25)
-> Request 12
1255
(3, 1, 1)
3
(47, 36)
-> Request 13
1277
(2, 2, 2)
1
(59, 37)
--> Day : 3
-> Request 0
19
(2, 2, 2)
1
(16, 7)
-> Request 1
91
(2, 3, 1)
2
(13, 1)
-> Request 2
144
(3, 1, 1)
1
(60, 43)
-> Request 3
154
(1, 3, 1)
2
(49, 46)
-> Request 4
180
(1, 2, 2)
1
(56, 46)
-> Request 5
293
(3, 2, 2)
1
(58, 72)
-> Request 6
405
(2, 2, 1)
1
(72, 25)
-> Request 7
439
(4, 1, 2)
2
(69, 26)
-> Request 8
566
(3, 3, 1)
1
(23, 60)
-> Request 9
587
(1, 1, 1)
3
(52, 38)
-> Request 10
717
(3, 3, 2)
3
(24, 58)
-> Request 11
796
(1, 3, 1)
1
(50, 54)
-> Request 12
1030
(2, 3, 1)
2
(33, 71)
-> Request 13
1086
(2, 2, 1)
1
(59, 69)
-> Request 14
1317
(2, 3, 2)
2
(16, 51)
-> Request 15
1367
(2, 3, 1)
3
(13, 23)
-> Request 16
1413
(3, 2, 2)
2
(9, 22)
--> Day : 4
-> Request 0
282
(4, 3, 2)
1
(62, 45)
-> Request 1
316
(2, 2, 1)
1
(12, 10)
-> Request 2
403
(1, 1, 1)
3
(57, 36)
-> Request 3
558
(2, 2, 1)
3
(26, 61)
-> Request 4
650
(2, 1, 2)
3
(61, 42)
-> Request 5
715
(2, 3, 2)
3
(58, 35)
-> Request 6
1007
(4, 1, 1)
3
(62, 56)
-> Request 7
1244
(1, 1, 1)
3
(69, 43)
-> Request 8
1257
(3, 3, 2)
3
(61, 32)
-> Request 9
1293
(1, 2, 2)
1
(67, 60)
-> Request 10
1405
(2, 2, 1)
1
(29, 45)
