---> Week : 0
--> Day : 0
-> Request 0
192
(1, 1, 2)
1
(69, 32)
-> Request 1
219
(4, 1, 1)
1
(59, 34)
-> Request 2
300
(4, 3, 1)
2
(17, 21)
-> Request 3
531
(4, 2, 2)
3
(52, 34)
-> Request 4
754
(2, 2, 1)
1
(50, 65)
-> Request 5
827
(4, 2, 2)
2
(21, 50)
-> Request 6
1132
(3, 2, 2)
3
(51, 32)
--> Day : 1
-> Request 0
137
(2, 2, 1)
3
(32, 55)
-> Request 1
141
(3, 2, 1)
1
(12, 71)
-> Request 2
239
(4, 2, 1)
1
(60, 71)
-> Request 3
473
(4, 3, 1)
3
(61, 28)
-> Request 4
603
(2, 3, 2)
1
(34, 15)
-> Request 5
605
(4, 3, 1)
2
(38, 17)
-> Request 6
880
(1, 3, 2)
3
(56, 68)
-> Request 7
939
(1, 3, 1)
3
(45, 42)
-> Request 8
1140
(4, 2, 1)
1
(56, 66)
--> Day : 2
-> Request 0
94
(2, 1, 2)
3
(3, 60)
-> Request 1
101
(3, 3, 1)
1
(39, 57)
-> Request 2
185
(4, 3, 2)
1
(53, 73)
-> Request 3
229
(3, 3, 2)
2
(64, 75)
-> Request 4
420
(2, 3, 2)
1
(60, 71)
-> Request 5
574
(1, 1, 2)
1
(8, 29)
-> Request 6
654
(3, 2, 2)
1
(61, 27)
-> Request 7
671
(1, 3, 1)
2
(61, 65)
-> Request 8
712
(2, 2, 1)
3
(48, 44)
-> Request 9
811
(3, 3, 1)
1
(41, 79)
-> Request 10
957
(4, 3, 2)
2
(58, 39)
-> Request 11
977
(1, 1, 1)
1
(48, 27)
-> Request 12
982
(4, 1, 2)
2
(59, 27)
-> Request 13
1008
(3, 3, 2)
2
(27, 5)
-> Request 14
1236
(1, 1, 1)
2
(57, 68)
-> Request 15
1341
(4, 2, 1)
3
(30, 28)
--> Day : 3
-> Request 0
258
(3, 1, 1)
3
(10, 25)
-> Request 1
281
(4, 1, 2)
2
(9, 22)
-> Request 2
804
(1, 3, 1)
1
(49, 3)
-> Request 3
806
(3, 3, 1)
2
(23, 2)
-> Request 4
909
(1, 1, 2)
2
(62, 37)
--> Day : 4
-> Request 0
243
(3, 2, 1)
2
(28, 70)
-> Request 1
328
(3, 3, 2)
1
(34, 48)
-> Request 2
524
(4, 1, 2)
1
(24, 24)
-> Request 3
861
(4, 1, 2)
1
(50, 28)
-> Request 4
1103
(2, 2, 1)
2
(56, 72)
-> Request 5
1365
(1, 2, 2)
2
(56, 30)
---> Week : 1
--> Day : 0
-> Request 0
28
(3, 3, 2)
3
(50, 46)
-> Request 1
121
(4, 3, 2)
2
(63, 77)
-> Request 2
521
(4, 2, 1)
1
(56, 40)
-> Request 3
523
(2, 3, 1)
1
(14, 21)
-> Request 4
602
(3, 1, 2)
2
(66, 65)
-> Request 5
611
(4, 2, 2)
2
(50, 62)
-> Request 6
686
(4, 3, 2)
1
(64, 74)
-> Request 7
690
(3, 1, 2)
2
(19, 46)
-> Request 8
797
(1, 3, 1)
3
(56, 74)
-> Request 9
818
(4, 2, 2)
2
(46, 23)
-> Request 10
1386
(4, 1, 2)
1
(61, 76)
--> Day : 1
-> Request 0
120
(4, 3, 2)
3
(5, 8)
-> Request 1
211
(3, 2, 2)
2
(58, 39)
-> Request 2
302
(3, 1, 1)
2
(16, 29)
-> Request 3
324
(2, 2, 2)
1
(71, 56)
-> Request 4
898
(1, 3, 1)
1
(34, 19)
-> Request 5
1135
(3, 1, 1)
2
(30, 34)
--> Day : 2
-> Request 0
538
(3, 1, 2)
2
(15, 76)
-> Request 1
610
(3, 1, 1)
3
(61, 69)
-> Request 2
624
(3, 3, 2)
3
(17, 70)
-> Request 3
646
(4, 3, 2)
3
(63, 60)
-> Request 4
914
(4, 2, 2)
1
(9, 24)
-> Request 5
977
(3, 2, 1)
3
(12, 22)
-> Request 6
1012
(4, 1, 1)
1
(58, 78)
-> Request 7
1181
(3, 2, 1)
2
(8, 30)
-> Request 8
1243
(1, 1, 1)
1
(12, 40)
-> Request 9
1296
(2, 2, 1)
3
(34, 10)
--> Day : 3
-> Request 0
59
(1, 3, 2)
2
(16, 61)
-> Request 1
206
(3, 3, 1)
2
(61, 72)
-> Request 2
293
(4, 2, 2)
2
(55, 37)
-> Request 3
381
(2, 1, 1)
2
(57, 58)
-> Request 4
393
(3, 3, 1)
3
(19, 57)
-> Request 5
447
(1, 2, 1)
2
(43, 33)
-> Request 6
731
(3, 2, 1)
2
(62, 38)
-> Request 7
1100
(4, 3, 1)
2
(56, 37)
-> Request 8
1307
(4, 2, 1)
2
(51, 11)
-> Request 9
1436
(3, 3, 1)
1
(78, 41)
--> Day : 4
-> Request 0
164
(3, 2, 1)
3
(76, 65)
-> Request 1
383
(4, 3, 2)
3
(48, 38)
-> Request 2
425
(1, 2, 2)
2
(71, 54)
-> Request 3
514
(2, 1, 2)
1
(56, 9)
-> Request 4
662
(1, 1, 1)
1
(51, 60)
-> Request 5
1334
(2, 2, 2)
2
(73, 38)
---> Week : 2
--> Day : 0
-> Request 0
215
(1, 1, 1)
2
(13, 74)
-> Request 1
333
(2, 2, 2)
2
(65, 74)
-> Request 2
353
(4, 1, 2)
2
(42, 73)
-> Request 3
406
(1, 2, 2)
1
(8, 56)
-> Request 4
507
(2, 3, 2)
1
(41, 19)
-> Request 5
737
(1, 3, 2)
1
(36, 38)
-> Request 6
757
(1, 3, 2)
2
(45, 34)
-> Request 7
916
(1, 3, 2)
3
(23, 67)
-> Request 8
942
(4, 2, 1)
1
(8, 28)
-> Request 9
945
(2, 3, 1)
1
(43, 44)
-> Request 10
964
(1, 3, 1)
3
(52, 70)
-> Request 11
977
(3, 1, 2)
1
(48, 64)
-> Request 12
1000
(1, 3, 1)
2
(53, 70)
-> Request 13
1118
(2, 3, 1)
1
(33, 78)
-> Request 14
1118
(2, 1, 2)
2
(61, 30)
-> Request 15
1144
(1, 2, 1)
3
(65, 8)
-> Request 16
1260
(3, 2, 1)
2
(64, 62)
-> Request 17
1383
(2, 3, 1)
3
(64, 62)
--> Day : 1
-> Request 0
112
(3, 3, 2)
1
(55, 30)
-> Request 1
116
(3, 1, 1)
2
(11, 26)
-> Request 2
148
(2, 2, 2)
1
(54, 28)
-> Request 3
247
(3, 3, 2)
3
(51, 43)
-> Request 4
259
(2, 2, 2)
3
(28, 15)
-> Request 5
636
(4, 2, 2)
2
(28, 41)
-> Request 6
912
(1, 3, 1)
1
(44, 41)
-> Request 7
1227
(3, 2, 1)
1
(6, 22)
-> Request 8
1359
(1, 2, 2)
1
(53, 42)
--> Day : 2
-> Request 0
148
(4, 1, 1)
2
(54, 46)
-> Request 1
371
(3, 1, 2)
2
(61, 65)
-> Request 2
608
(3, 1, 2)
3
(76, 9)
-> Request 3
618
(3, 3, 2)
3
(61, 36)
-> Request 4
631
(1, 3, 1)
1
(4, 60)
-> Request 5
704
(4, 2, 1)
2
(61, 34)
-> Request 6
743
(1, 1, 2)
2
(14, 24)
-> Request 7
862
(3, 3, 1)
2
(6, 71)
-> Request 8
929
(1, 3, 2)
3
(60, 27)
--> Day : 3
-> Request 0
144
(2, 1, 1)
3
(65, 66)
-> Request 1
178
(4, 1, 2)
3
(54, 71)
-> Request 2
222
(1, 1, 1)
3
(61, 75)
-> Request 3
272
(3, 1, 1)
3
(66, 70)
-> Request 4
387
(1, 3, 2)
3
(15, 11)
-> Request 5
402
(1, 1, 2)
2
(15, 79)
-> Request 6
431
(4, 2, 2)
2
(68, 64)
-> Request 7
677
(1, 1, 1)
3
(33, 19)
-> Request 8
1196
(1, 2, 2)
2
(66, 47)
-> Request 9
1360
(2, 1, 2)
2
(37, 69)
--> Day : 4
-> Request 0
45
(3, 1, 2)
2
(50, 40)
-> Request 1
89
(2, 1, 2)
2
(74, 79)
-> Request 2
156
(4, 2, 2)
1
(12, 68)
-> Request 3
180
(2, 2, 1)
2
(53, 43)
-> Request 4
352
(3, 1, 1)
3
(22, 68)
-> Request 5
736
(3, 2, 1)
1
(14, 21)
-> Request 6
1000
(2, 2, 1)
3
(48, 29)
-> Request 7
1070
(2, 1, 2)
2
(9, 28)
-> Request 8
1185
(2, 1, 1)
2
(48, 62)
-> Request 9
1203
(4, 1, 1)
3
(58, 28)
-> Request 10
1204
(1, 3, 1)
1
(8, 28)
-> Request 11
1416
(1, 2, 1)
3
(38, 50)
---> Week : 3
--> Day : 0
-> Request 0
25
(1, 2, 2)
1
(65, 72)
-> Request 1
233
(2, 3, 2)
2
(69, 42)
-> Request 2
369
(2, 2, 1)
2
(9, 26)
-> Request 3
503
(3, 2, 1)
1
(75, 20)
-> Request 4
679
(4, 2, 1)
1
(9, 24)
-> Request 5
841
(1, 2, 1)
1
(40, 45)
-> Request 6
942
(4, 2, 1)
3
(17, 25)
-> Request 7
1237
(2, 3, 2)
2
(55, 33)
-> Request 8
1336
(3, 2, 2)
1
(35, 24)
-> Request 9
1385
(3, 1, 1)
3
(60, 61)
--> Day : 1
-> Request 0
66
(1, 3, 2)
3
(11, 33)
-> Request 1
208
(2, 3, 2)
2
(46, 33)
-> Request 2
285
(3, 1, 2)
2
(57, 53)
-> Request 3
435
(1, 1, 2)
1
(61, 76)
-> Request 4
566
(2, 1, 1)
1
(45, 31)
-> Request 5
708
(3, 2, 1)
1
(45, 38)
-> Request 6
757
(2, 1, 1)
2
(76, 3)
-> Request 7
882
(1, 3, 2)
2
(54, 30)
-> Request 8
942
(1, 3, 1)
3
(50, 36)
-> Request 9
1010
(3, 1, 1)
1
(66, 65)
-> Request 10
1345
(1, 2, 2)
3
(72, 62)
--> Day : 2
-> Request 0
107
(2, 2, 1)
3
(65, 20)
-> Request 1
351
(2, 3, 2)
1
(61, 28)
-> Request 2
455
(2, 1, 2)
3
(2, 1)
-> Request 3
686
(2, 3, 1)
3
(17, 27)
-> Request 4
707
(4, 3, 2)
3
(54, 39)
-> Request 5
751
(1, 2, 1)
2
(57, 72)
-> Request 6
985
(3, 1, 1)
1
(12, 26)
-> Request 7
1177
(3, 1, 1)
2
(12, 27)
-> Request 8
1246
(3, 2, 2)
3
(47, 30)
-> Request 9
1377
(3, 1, 1)
1
(14, 29)
-> Request 10
1416
(3, 2, 2)
2
(10, 3)
--> Day : 3
-> Request 0
117
(4, 1, 1)
2
(63, 42)
-> Request 1
300
(2, 2, 2)
2
(10, 23)
-> Request 2
399
(1, 2, 2)
2
(70, 50)
-> Request 3
463
(3, 2, 2)
2
(52, 11)
-> Request 4
874
(2, 3, 1)
3
(44, 15)
-> Request 5
1173
(3, 2, 1)
1
(46, 36)
--> Day : 4
-> Request 0
167
(1, 3, 1)
2
(60, 38)
-> Request 1
310
(2, 1, 2)
1
(49, 40)
-> Request 2
663
(4, 1, 2)
1
(55, 27)
-> Request 3
802
(4, 3, 2)
1
(50, 37)
-> Request 4
1014
(4, 1, 1)
1
(28, 62)
-> Request 5
1353
(4, 3, 1)
1
(61, 68)
---> Week : 4
--> Day : 0
-> Request 0
119
(4, 2, 2)
2
(47, 40)
-> Request 1
266
(2, 1, 2)
1
(63, 71)
-> Request 2
636
(1, 2, 1)
3
(43, 46)
-> Request 3
739
(1, 1, 2)
1
(78, 49)
-> Request 4
836
(3, 2, 1)
1
(33, 42)
-> Request 5
1047
(4, 2, 2)
3
(11, 30)
-> Request 6
1267
(2, 3, 1)
2
(51, 37)
--> Day : 1
-> Request 0
84
(1, 3, 1)
2
(56, 37)
-> Request 1
380
(3, 3, 2)
2
(50, 33)
-> Request 2
385
(1, 1, 1)
1
(13, 21)
-> Request 3
555
(2, 3, 2)
3
(8, 21)
-> Request 4
710
(1, 1, 1)
3
(52, 41)
-> Request 5
789
(3, 1, 1)
1
(48, 27)
-> Request 6
882
(1, 3, 1)
2
(48, 53)
-> Request 7
986
(2, 1, 2)
1
(60, 73)
-> Request 8
1061
(1, 2, 1)
2
(58, 50)
-> Request 9
1335
(4, 1, 1)
1
(66, 64)
-> Request 10
1338
(4, 2, 1)
3
(36, 0)
--> Day : 2
-> Request 0
239
(2, 2, 2)
1
(53, 73)
-> Request 1
470
(3, 2, 1)
1
(47, 29)
-> Request 2
488
(1, 1, 1)
1
(12, 14)
-> Request 3
756
(2, 2, 1)
2
(13, 20)
-> Request 4
773
(3, 1, 1)
3
(62, 34)
-> Request 5
1051
(2, 1, 1)
2
(47, 39)
-> Request 6
1227
(4, 2, 2)
3
(32, 24)
--> Day : 3
-> Request 0
297
(4, 2, 2)
2
(49, 46)
-> Request 1
320
(2, 1, 2)
2
(15, 73)
-> Request 2
358
(3, 3, 2)
3
(19, 5)
-> Request 3
382
(2, 1, 1)
1
(55, 39)
-> Request 4
409
(2, 2, 1)
1
(16, 20)
-> Request 5
612
(1, 3, 1)
1
(62, 42)
-> Request 6
964
(2, 2, 2)
1
(51, 44)
-> Request 7
1419
(1, 2, 2)
2
(52, 35)
--> Day : 4
-> Request 0
1
(3, 2, 2)
1
(32, 7)
-> Request 1
589
(2, 3, 2)
2
(5, 76)
-> Request 2
604
(2, 3, 2)
1
(44, 69)
-> Request 3
853
(1, 1, 1)
2
(4, 37)
-> Request 4
1132
(2, 3, 1)
1
(65, 70)
-> Request 5
1220
(3, 3, 2)
3
(53, 28)
-> Request 6
1273
(2, 1, 2)
2
(57, 56)
-> Request 7
1421
(3, 3, 1)
2
(67, 26)
---> Week : 5
--> Day : 0
-> Request 0
89
(2, 2, 2)
3
(58, 75)
-> Request 1
408
(1, 1, 2)
2
(40, 26)
-> Request 2
686
(3, 1, 2)
1
(56, 28)
-> Request 3
736
(3, 1, 1)
2
(48, 27)
-> Request 4
846
(4, 2, 2)
2
(29, 42)
-> Request 5
1106
(3, 1, 1)
1
(52, 46)
-> Request 6
1151
(2, 1, 1)
1
(9, 65)
--> Day : 1
-> Request 0
207
(3, 3, 1)
1
(37, 40)
-> Request 1
227
(3, 2, 2)
1
(4, 71)
-> Request 2
400
(3, 2, 2)
2
(13, 29)
-> Request 3
454
(4, 3, 1)
3
(62, 78)
-> Request 4
536
(1, 2, 2)
2
(50, 35)
-> Request 5
537
(3, 1, 2)
3
(55, 1)
-> Request 6
566
(2, 2, 1)
2
(15, 22)
-> Request 7
618
(4, 2, 1)
3
(57, 72)
-> Request 8
680
(4, 3, 2)
2
(44, 44)
-> Request 9
1383
(3, 1, 2)
1
(60, 28)
--> Day : 2
-> Request 0
17
(3, 2, 2)
2
(58, 37)
-> Request 1
115
(1, 2, 1)
3
(16, 21)
-> Request 2
121
(1, 2, 1)
2
(36, 29)
-> Request 3
128
(2, 3, 1)
3
(62, 42)
-> Request 4
214
(1, 2, 1)
2
(64, 16)
-> Request 5
225
(3, 1, 2)
3
(62, 29)
-> Request 6
303
(4, 2, 1)
2
(60, 71)
-> Request 7
715
(4, 3, 2)
2
(43, 33)
-> Request 8
729
(2, 2, 1)
1
(4, 75)
-> Request 9
766
(2, 3, 2)
2
(61, 64)
-> Request 10
768
(2, 1, 1)
2
(58, 74)
-> Request 11
903
(2, 2, 1)
1
(40, 7)
-> Request 12
1439
(4, 1, 1)
1
(66, 33)
--> Day : 3
-> Request 0
20
(2, 2, 2)
2
(75, 46)
-> Request 1
128
(1, 1, 1)
1
(48, 3)
-> Request 2
140
(2, 3, 1)
3
(76, 11)
-> Request 3
376
(2, 1, 2)
3
(75, 1)
-> Request 4
385
(4, 1, 2)
2
(44, 33)
-> Request 5
606
(2, 2, 1)
1
(23, 22)
-> Request 6
697
(1, 1, 2)
3
(60, 32)
-> Request 7
735
(1, 3, 2)
1
(58, 31)
-> Request 8
747
(3, 3, 2)
2
(11, 20)
-> Request 9
760
(2, 2, 1)
2
(13, 18)
-> Request 10
866
(3, 2, 2)
2
(53, 64)
-> Request 11
1345
(4, 3, 2)
2
(52, 46)
--> Day : 4
-> Request 0
21
(3, 2, 1)
1
(65, 44)
-> Request 1
59
(1, 1, 2)
2
(53, 73)
-> Request 2
107
(1, 2, 1)
2
(60, 66)
-> Request 3
247
(1, 1, 2)
2
(30, 79)
-> Request 4
343
(4, 3, 2)
3
(10, 20)
-> Request 5
517
(1, 3, 1)
1
(21, 52)
-> Request 6
777
(2, 2, 2)
2
(11, 27)
-> Request 7
928
(2, 2, 1)
1
(9, 23)
-> Request 8
1252
(4, 3, 2)
2
(9, 20)
-> Request 9
1327
(3, 1, 2)
2
(3, 70)
-> Request 10
1360
(4, 2, 1)
1
(8, 24)
-> Request 11
1433
(1, 2, 2)
3
(9, 11)
---> Week : 6
--> Day : 0
-> Request 0
60
(3, 2, 1)
3
(16, 42)
-> Request 1
232
(3, 3, 1)
3
(19, 30)
-> Request 2
321
(3, 1, 1)
3
(6, 7)
-> Request 3
667
(3, 3, 2)
3
(9, 47)
-> Request 4
887
(3, 2, 2)
3
(21, 61)
-> Request 5
897
(3, 2, 2)
1
(44, 29)
-> Request 6
900
(2, 2, 2)
2
(58, 68)
-> Request 7
922
(1, 3, 1)
2
(33, 44)
-> Request 8
973
(4, 3, 1)
2
(8, 22)
-> Request 9
1085
(2, 1, 1)
3
(48, 65)
-> Request 10
1351
(1, 2, 1)
1
(46, 29)
-> Request 11
1417
(1, 2, 2)
2
(50, 31)
--> Day : 1
-> Request 0
308
(1, 2, 1)
3
(63, 66)
-> Request 1
415
(4, 3, 2)
2
(49, 31)
-> Request 2
440
(1, 3, 1)
1
(9, 64)
-> Request 3
592
(3, 3, 2)
2
(69, 72)
-> Request 4
891
(1, 1, 1)
3
(74, 44)
--> Day : 2
-> Request 0
196
(4, 3, 2)
3
(47, 46)
-> Request 1
221
(1, 3, 2)
3
(61, 69)
-> Request 2
286
(1, 2, 1)
1
(56, 63)
-> Request 3
508
(1, 2, 2)
1
(54, 77)
-> Request 4
694
(4, 2, 1)
3
(61, 18)
-> Request 5
706
(3, 3, 2)
1
(60, 43)
-> Request 6
771
(2, 2, 2)
1
(34, 49)
-> Request 7
837
(3, 2, 2)
3
(48, 29)
-> Request 8
890
(4, 1, 1)
2
(62, 57)
-> Request 9
895
(1, 3, 1)
1
(15, 21)
-> Request 10
961
(2, 3, 1)
2
(37, 50)
-> Request 11
1165
(4, 3, 1)
3
(24, 51)
-> Request 12
1290
(1, 1, 2)
1
(14, 21)
-> Request 13
1384
(4, 3, 1)
1
(68, 4)
--> Day : 3
-> Request 0
524
(3, 3, 1)
2
(64, 67)
-> Request 1
862
(1, 2, 2)
2
(48, 40)
-> Request 2
1122
(2, 1, 2)
3
(61, 41)
-> Request 3
1242
(1, 3, 1)
2
(56, 4)
-> Request 4
1363
(2, 3, 2)
3
(56, 70)
--> Day : 4
-> Request 0
71
(4, 3, 2)
3
(71, 38)
-> Request 1
342
(1, 3, 1)
3
(54, 33)
-> Request 2
587
(4, 3, 2)
1
(45, 29)
-> Request 3
633
(3, 3, 1)
1
(10, 23)
-> Request 4
687
(4, 2, 1)
3
(42, 17)
-> Request 5
786
(1, 2, 2)
3
(57, 74)
-> Request 6
831
(2, 1, 1)
3
(55, 39)
-> Request 7
933
(2, 2, 1)
3
(34, 45)
-> Request 8
1109
(1, 2, 2)
1
(50, 38)
-> Request 9
1301
(2, 3, 2)
3
(33, 49)
-> Request 10
1373
(1, 1, 2)
3
(0, 7)
---> Week : 7
--> Day : 0
-> Request 0
687
(1, 1, 2)
3
(39, 23)
-> Request 1
868
(3, 1, 2)
1
(50, 30)
-> Request 2
970
(1, 3, 2)
3
(4, 31)
-> Request 3
980
(1, 2, 2)
1
(50, 42)
-> Request 4
1250
(4, 3, 1)
2
(37, 43)
-> Request 5
1274
(2, 2, 2)
2
(14, 3)
--> Day : 1
-> Request 0
169
(1, 1, 2)
3
(22, 61)
-> Request 1
212
(3, 2, 2)
1
(58, 36)
-> Request 2
245
(4, 2, 1)
2
(56, 29)
-> Request 3
283
(3, 3, 2)
2
(54, 65)
-> Request 4
381
(1, 2, 1)
2
(59, 78)
-> Request 5
598
(4, 2, 2)
3
(45, 28)
-> Request 6
658
(1, 1, 2)
1
(10, 27)
-> Request 7
896
(4, 2, 2)
3
(53, 34)
-> Request 8
946
(3, 1, 1)
2
(18, 1)
-> Request 9
965
(4, 1, 2)
3
(56, 28)
-> Request 10
1002
(3, 1, 2)
1
(17, 29)
-> Request 11
1302
(3, 1, 1)
3
(25, 31)
-> Request 12
1416
(2, 3, 2)
3
(24, 29)
--> Day : 2
-> Request 0
146
(1, 2, 1)
3
(55, 30)
-> Request 1
243
(1, 2, 2)
1
(75, 16)
-> Request 2
493
(2, 3, 2)
1
(53, 77)
-> Request 3
589
(3, 3, 2)
1
(13, 51)
-> Request 4
619
(3, 1, 2)
2
(55, 74)
-> Request 5
961
(4, 3, 1)
2
(18, 0)
-> Request 6
1334
(3, 1, 2)
3
(31, 71)
-> Request 7
1392
(2, 1, 2)
1
(1, 68)
--> Day : 3
-> Request 0
168
(4, 1, 2)
1
(67, 61)
-> Request 1
231
(1, 1, 1)
3
(58, 67)
-> Request 2
392
(1, 1, 1)
1
(7, 48)
-> Request 3
665
(4, 1, 2)
2
(52, 78)
-> Request 4
1010
(1, 2, 1)
1
(18, 47)
-> Request 5
1052
(2, 3, 1)
1
(13, 53)
-> Request 6
1329
(1, 3, 2)
1
(59, 36)
-> Request 7
1340
(1, 2, 2)
2
(10, 27)
-> Request 8
1363
(4, 2, 2)
3
(49, 32)
-> Request 9
1429
(1, 2, 1)
1
(26, 41)
--> Day : 4
-> Request 0
107
(3, 2, 2)
1
(53, 43)
-> Request 1
289
(3, 1, 2)
1
(10, 23)
-> Request 2
353
(4, 2, 2)
1
(79, 47)
-> Request 3
556
(4, 1, 2)
2
(58, 46)
-> Request 4
1067
(1, 2, 2)
1
(34, 36)
-> Request 5
1105
(2, 3, 2)
3
(52, 33)
-> Request 6
1145
(3, 3, 2)
1
(43, 2)
-> Request 7
1426
(4, 3, 2)
3
(45, 37)
---> Week : 8
--> Day : 0
-> Request 0
7
(3, 3, 1)
2
(16, 14)
-> Request 1
93
(3, 2, 2)
2
(29, 5)
-> Request 2
218
(3, 1, 2)
2
(33, 23)
-> Request 3
233
(2, 1, 1)
3
(17, 52)
-> Request 4
391
(2, 3, 2)
3
(16, 78)
-> Request 5
427
(4, 2, 2)
3
(33, 30)
-> Request 6
495
(1, 1, 2)
3
(52, 31)
-> Request 7
554
(1, 1, 1)
3
(43, 40)
-> Request 8
734
(1, 3, 1)
3
(77, 16)
-> Request 9
881
(3, 1, 2)
2
(54, 41)
-> Request 10
948
(4, 2, 1)
2
(58, 76)
-> Request 11
984
(1, 1, 2)
2
(61, 28)
-> Request 12
1246
(3, 2, 1)
1
(19, 29)
-> Request 13
1332
(4, 1, 1)
2
(53, 45)
-> Request 14
1390
(1, 1, 2)
2
(12, 21)
-> Request 15
1412
(2, 1, 1)
3
(53, 29)
--> Day : 1
-> Request 0
342
(4, 3, 2)
1
(59, 64)
-> Request 1
380
(1, 3, 1)
1
(57, 46)
-> Request 2
541
(1, 2, 1)
3
(61, 66)
-> Request 3
885
(1, 2, 2)
2
(17, 25)
-> Request 4
964
(1, 3, 2)
1
(28, 56)
-> Request 5
1120
(2, 2, 2)
3
(52, 2)
-> Request 6
1132
(4, 1, 2)
1
(57, 30)
--> Day : 2
-> Request 0
8
(3, 2, 1)
2
(53, 45)
-> Request 1
193
(2, 3, 2)
2
(79, 55)
-> Request 2
340
(4, 1, 1)
3
(44, 30)
-> Request 3
467
(4, 1, 1)
2
(30, 48)
-> Request 4
511
(1, 1, 1)
1
(56, 68)
-> Request 5
763
(2, 1, 2)
3
(15, 42)
-> Request 6
765
(2, 1, 1)
2
(50, 30)
-> Request 7
796
(3, 3, 2)
1
(62, 12)
-> Request 8
966
(4, 2, 1)
2
(54, 70)
-> Request 9
1073
(4, 1, 2)
1
(56, 42)
-> Request 10
1132
(1, 2, 1)
1
(13, 27)
-> Request 11
1352
(1, 1, 1)
1
(52, 69)
--> Day : 3
-> Request 0
266
(2, 2, 2)
1
(19, 63)
-> Request 1
372
(4, 2, 1)
1
(30, 26)
-> Request 2
621
(2, 1, 2)
2
(4, 46)
-> Request 3
622
(3, 3, 1)
3
(9, 23)
-> Request 4
778
(3, 2, 2)
2
(5, 29)
-> Request 5
991
(4, 3, 1)
2
(71, 53)
-> Request 6
1081
(2, 2, 1)
1
(35, 33)
-> Request 7
1165
(3, 2, 1)
2
(26, 55)
-> Request 8
1399
(2, 2, 1)
3
(62, 68)
--> Day : 4
-> Request 0
133
(3, 3, 2)
3
(62, 58)
-> Request 1
210
(1, 2, 2)
3
(53, 76)
-> Request 2
246
(1, 2, 2)
2
(43, 43)
-> Request 3
254
(3, 2, 2)
2
(58, 72)
-> Request 4
325
(4, 2, 2)
2
(48, 27)
-> Request 5
530
(2, 3, 2)
3
(8, 28)
-> Request 6
617
(1, 1, 2)
3
(58, 38)
-> Request 7
632
(3, 3, 2)
3
(63, 77)
-> Request 8
635
(1, 3, 1)
1
(53, 29)
-> Request 9
933
(2, 1, 2)
3
(76, 26)
-> Request 10
1047
(1, 2, 1)
2
(33, 71)
-> Request 11
1078
(3, 3, 2)
1
(6, 71)
-> Request 12
1185
(1, 1, 2)
2
(29, 32)
-> Request 13
1194
(2, 3, 2)
3
(58, 61)
---> Week : 9
--> Day : 0
-> Request 0
186
(1, 2, 1)
2
(40, 44)
-> Request 1
371
(2, 3, 2)
3
(61, 40)
-> Request 2
648
(1, 2, 1)
3
(52, 69)
-> Request 3
905
(3, 1, 1)
3
(62, 43)
-> Request 4
1059
(3, 1, 2)
3
(45, 33)
--> Day : 1
-> Request 0
3
(3, 2, 1)
2
(79, 15)
-> Request 1
157
(2, 1, 1)
2
(11, 1)
-> Request 2
361
(2, 2, 2)
3
(48, 27)
-> Request 3
373
(4, 2, 2)
1
(36, 31)
-> Request 4
494
(1, 2, 2)
1
(34, 66)
-> Request 5
708
(3, 1, 1)
2
(68, 0)
-> Request 6
863
(1, 2, 1)
2
(58, 40)
-> Request 7
1040
(1, 3, 2)
2
(18, 1)
-> Request 8
1079
(2, 2, 1)
1
(2, 47)
-> Request 9
1109
(2, 3, 1)
2
(56, 68)
-> Request 10
1401
(4, 3, 2)
1
(56, 38)
-> Request 11
1406
(3, 3, 2)
2
(14, 23)
--> Day : 2
-> Request 0
70
(3, 1, 2)
2
(33, 11)
-> Request 1
345
(2, 1, 1)
3
(79, 14)
-> Request 2
369
(1, 2, 1)
1
(43, 49)
-> Request 3
378
(2, 3, 1)
2
(78, 4)
-> Request 4
491
(3, 3, 2)
3
(58, 62)
-> Request 5
510
(1, 2, 2)
2
(25, 62)
-> Request 6
599
(2, 2, 1)
3
(48, 39)
-> Request 7
796
(4, 3, 2)
1
(11, 20)
-> Request 8
1326
(1, 1, 1)
1
(21, 9)
-> Request 9
1341
(2, 3, 1)
2
(45, 36)
--> Day : 3
-> Request 0
67
(4, 2, 1)
3
(61, 36)
-> Request 1
85
(4, 1, 1)
1
(3, 16)
-> Request 2
475
(2, 3, 2)
3
(55, 69)
-> Request 3
621
(4, 3, 1)
2
(48, 10)
-> Request 4
670
(1, 2, 1)
1
(6, 16)
-> Request 5
1070
(4, 3, 2)
1
(72, 1)
-> Request 6
1122
(1, 1, 2)
3
(45, 42)
-> Request 7
1125
(3, 2, 2)
1
(52, 28)
-> Request 8
1229
(1, 2, 1)
1
(40, 34)
-> Request 9
1313
(3, 1, 1)
1
(43, 28)
-> Request 10
1405
(3, 2, 1)
2
(29, 65)
--> Day : 4
-> Request 0
20
(2, 3, 1)
3
(48, 29)
-> Request 1
185
(3, 1, 1)
2
(43, 38)
-> Request 2
213
(1, 3, 2)
3
(54, 25)
-> Request 3
367
(2, 1, 1)
1
(53, 2)
-> Request 4
389
(1, 1, 1)
1
(55, 31)
-> Request 5
611
(1, 3, 1)
1
(62, 75)
-> Request 6
962
(1, 3, 1)
2
(54, 27)
-> Request 7
1281
(3, 1, 2)
1
(60, 54)
-> Request 8
1312
(2, 1, 2)
2
(23, 70)
---> Week : 10
--> Day : 0
-> Request 0
204
(4, 3, 2)
2
(66, 76)
-> Request 1
1154
(2, 3, 1)
1
(23, 38)
-> Request 2
1315
(4, 3, 2)
3
(9, 25)
-> Request 3
1321
(4, 2, 1)
2
(51, 26)
--> Day : 1
-> Request 0
601
(4, 3, 1)
1
(46, 34)
-> Request 1
602
(1, 3, 1)
3
(47, 32)
-> Request 2
801
(2, 2, 1)
1
(59, 40)
-> Request 3
920
(3, 1, 2)
2
(59, 64)
-> Request 4
928
(3, 2, 1)
1
(15, 23)
-> Request 5
936
(4, 1, 2)
2
(45, 32)
-> Request 6
937
(3, 2, 2)
3
(36, 6)
-> Request 7
1132
(4, 1, 2)
2
(23, 53)
-> Request 8
1196
(1, 1, 1)
2
(48, 33)
-> Request 9
1290
(1, 3, 2)
3
(44, 40)
-> Request 10
1357
(1, 3, 2)
1
(65, 65)
-> Request 11
1363
(4, 1, 2)
3
(61, 35)
-> Request 12
1381
(1, 2, 1)
3
(49, 38)
--> Day : 2
-> Request 0
63
(3, 1, 1)
1
(43, 56)
-> Request 1
104
(3, 1, 1)
2
(58, 14)
-> Request 2
247
(3, 1, 1)
2
(33, 65)
-> Request 3
425
(3, 2, 1)
3
(32, 57)
-> Request 4
528
(4, 3, 2)
3
(51, 39)
-> Request 5
972
(4, 1, 1)
2
(29, 0)
-> Request 6
1091
(1, 2, 2)
1
(49, 31)
-> Request 7
1350
(3, 2, 2)
3
(45, 58)
--> Day : 3
-> Request 0
218
(2, 2, 2)
2
(56, 30)
-> Request 1
276
(3, 3, 1)
2
(55, 71)
-> Request 2
277
(3, 3, 1)
2
(55, 70)
-> Request 3
735
(2, 3, 1)
3
(45, 39)
-> Request 4
1258
(1, 1, 2)
2
(56, 46)
--> Day : 4
-> Request 0
556
(4, 1, 2)
1
(67, 64)
-> Request 1
581
(2, 2, 2)
3
(10, 20)
-> Request 2
595
(1, 2, 2)
1
(15, 47)
-> Request 3
778
(2, 3, 1)
2
(46, 78)
-> Request 4
1115
(4, 3, 1)
2
(60, 39)
-> Request 5
1274
(3, 2, 2)
2
(4, 20)
-> Request 6
1338
(3, 1, 1)
1
(52, 72)
---> Week : 11
--> Day : 0
-> Request 0
22
(4, 2, 1)
3
(51, 29)
-> Request 1
246
(3, 3, 2)
1
(49, 46)
-> Request 2
255
(2, 2, 1)
2
(35, 41)
-> Request 3
357
(1, 1, 2)
1
(17, 29)
-> Request 4
652
(4, 1, 2)
1
(47, 32)
-> Request 5
868
(2, 3, 2)
1
(44, 35)
-> Request 6
958
(3, 3, 2)
2
(59, 78)
-> Request 7
969
(2, 2, 1)
1
(46, 45)
-> Request 8
1015
(1, 1, 2)
1
(59, 56)
-> Request 9
1414
(4, 1, 1)
2
(44, 44)
--> Day : 1
-> Request 0
20
(3, 1, 2)
3
(55, 38)
-> Request 1
50
(3, 1, 2)
3
(51, 34)
-> Request 2
116
(2, 3, 1)
2
(50, 58)
-> Request 3
345
(1, 1, 1)
1
(61, 78)
-> Request 4
366
(2, 3, 2)
1
(47, 41)
-> Request 5
433
(1, 1, 1)
2
(62, 75)
-> Request 6
492
(3, 1, 1)
2
(50, 43)
--> Day : 2
-> Request 0
114
(1, 1, 1)
3
(38, 19)
-> Request 1
152
(4, 3, 2)
2
(14, 23)
-> Request 2
355
(3, 2, 1)
1
(52, 8)
-> Request 3
426
(1, 3, 1)
2
(59, 31)
-> Request 4
834
(4, 1, 2)
1
(60, 32)
-> Request 5
930
(2, 1, 1)
1
(44, 39)
-> Request 6
1076
(4, 1, 1)
2
(15, 50)
-> Request 7
1174
(2, 3, 2)
3
(60, 75)
-> Request 8
1251
(4, 2, 2)
2
(75, 49)
-> Request 9
1297
(3, 1, 2)
1
(58, 43)
-> Request 10
1309
(3, 2, 2)
3
(51, 41)
-> Request 11
1359
(3, 2, 2)
3
(44, 29)
--> Day : 3
-> Request 0
36
(2, 1, 1)
2
(55, 76)
-> Request 1
57
(4, 1, 1)
3
(45, 76)
-> Request 2
737
(1, 3, 1)
3
(44, 27)
-> Request 3
837
(1, 2, 2)
3
(54, 66)
-> Request 4
1023
(2, 3, 1)
1
(16, 20)
-> Request 5
1215
(1, 3, 1)
1
(71, 60)
-> Request 6
1429
(1, 3, 1)
3
(57, 59)
--> Day : 4
-> Request 0
7
(1, 3, 1)
3
(65, 54)
-> Request 1
263
(3, 3, 1)
3
(74, 70)
-> Request 2
424
(1, 1, 1)
3
(60, 36)
-> Request 3
570
(3, 1, 2)
3
(27, 64)
-> Request 4
573
(3, 1, 1)
3
(77, 33)
-> Request 5
632
(2, 3, 2)
3
(47, 34)
-> Request 6
637
(3, 2, 2)
1
(56, 72)
-> Request 7
713
(3, 3, 1)
2
(13, 23)
-> Request 8
783
(2, 1, 2)
3
(79, 28)
-> Request 9
1360
(4, 1, 1)
2
(46, 46)
---> Week : 12
--> Day : 0
-> Request 0
190
(2, 3, 1)
1
(51, 51)
-> Request 1
659
(4, 3, 2)
1
(58, 75)
-> Request 2
708
(1, 1, 1)
3
(53, 69)
-> Request 3
902
(4, 1, 2)
2
(4, 2)
-> Request 4
1414
(3, 2, 2)
2
(57, 74)
--> Day : 1
-> Request 0
122
(4, 3, 2)
3
(4, 74)
-> Request 1
263
(2, 3, 1)
2
(40, 30)
-> Request 2
566
(3, 3, 2)
2
(63, 73)
-> Request 3
735
(1, 3, 1)
1
(48, 28)
-> Request 4
848
(1, 2, 2)
3
(15, 29)
-> Request 5
938
(4, 1, 2)
3
(66, 77)
-> Request 6
1128
(4, 2, 1)
2
(9, 22)
-> Request 7
1160
(4, 1, 1)
1
(57, 76)
-> Request 8
1239
(2, 2, 1)
3
(62, 32)
--> Day : 2
-> Request 0
59
(4, 3, 2)
1
(45, 43)
-> Request 1
294
(1, 3, 2)
1
(44, 21)
-> Request 2
811
(2, 3, 1)
3
(55, 31)
-> Request 3
963
(1, 2, 2)
3
(23, 31)
--> Day : 3
-> Request 0
45
(4, 2, 2)
1
(58, 29)
-> Request 1
132
(1, 3, 2)
3
(55, 38)
-> Request 2
354
(3, 3, 1)
1
(52, 3)
-> Request 3
470
(2, 2, 1)
2
(9, 25)
-> Request 4
524
(1, 2, 2)
2
(29, 16)
-> Request 5
566
(2, 3, 1)
2
(58, 38)
-> Request 6
696
(1, 2, 1)
2
(61, 75)
-> Request 7
814
(1, 1, 1)
2
(43, 39)
-> Request 8
1150
(2, 2, 2)
3
(61, 44)
-> Request 9
1258
(2, 2, 2)
3
(43, 78)
-> Request 10
1358
(2, 3, 2)
2
(55, 22)
-> Request 11
1359
(1, 3, 2)
2
(79, 4)
-> Request 12
1437
(4, 2, 2)
1
(8, 44)
--> Day : 4
-> Request 0
78
(4, 3, 2)
3
(59, 69)
-> Request 1
136
(4, 1, 2)
2
(20, 33)
-> Request 2
358
(1, 2, 2)
3
(52, 28)
-> Request 3
416
(3, 2, 1)
2
(10, 24)
-> Request 4
484
(3, 3, 1)
2
(58, 28)
-> Request 5
522
(2, 2, 2)
1
(59, 34)
-> Request 6
526
(1, 1, 2)
2
(28, 2)
---> Week : 13
--> Day : 0
-> Request 0
361
(2, 3, 2)
3
(61, 78)
-> Request 1
571
(2, 2, 2)
3
(15, 22)
-> Request 2
938
(4, 3, 2)
3
(57, 42)
-> Request 3
959
(1, 1, 2)
3
(54, 30)
-> Request 4
1085
(1, 3, 2)
3
(76, 6)
-> Request 5
1200
(2, 3, 2)
2
(57, 73)
-> Request 6
1361
(2, 2, 2)
3
(29, 44)
--> Day : 1
-> Request 0
277
(2, 3, 1)
2
(45, 35)
-> Request 1
916
(3, 2, 2)
1
(52, 75)
-> Request 2
1151
(4, 2, 2)
3
(17, 21)
-> Request 3
1433
(3, 3, 1)
3
(55, 75)
--> Day : 2
-> Request 0
39
(4, 3, 1)
1
(62, 70)
-> Request 1
145
(1, 2, 1)
2
(43, 31)
-> Request 2
215
(4, 2, 1)
1
(66, 64)
-> Request 3
306
(3, 2, 1)
3
(52, 28)
-> Request 4
467
(1, 3, 2)
2
(56, 76)
-> Request 5
628
(1, 2, 1)
2
(50, 45)
-> Request 6
848
(1, 1, 1)
2
(4, 22)
-> Request 7
989
(3, 1, 1)
2
(55, 78)
-> Request 8
1064
(4, 2, 2)
2
(63, 56)
-> Request 9
1064
(2, 1, 2)
1
(50, 32)
-> Request 10
1174
(1, 2, 2)
2
(13, 56)
-> Request 11
1326
(3, 2, 1)
3
(54, 23)
-> Request 12
1334
(4, 2, 2)
1
(52, 35)
-> Request 13
1394
(4, 3, 1)
1
(9, 44)
--> Day : 3
-> Request 0
152
(1, 1, 1)
3
(60, 65)
-> Request 1
183
(2, 1, 1)
1
(61, 32)
-> Request 2
214
(1, 3, 1)
2
(61, 32)
-> Request 3
283
(3, 2, 1)
2
(52, 33)
-> Request 4
323
(3, 3, 1)
1
(64, 18)
-> Request 5
602
(2, 3, 2)
1
(53, 72)
-> Request 6
875
(4, 2, 2)
1
(45, 31)
-> Request 7
903
(2, 2, 1)
2
(74, 54)
-> Request 8
1133
(3, 1, 1)
1
(26, 35)
-> Request 9
1326
(3, 2, 2)
1
(60, 6)
-> Request 10
1371
(4, 3, 2)
2
(52, 28)
-> Request 11
1436
(4, 1, 1)
1
(53, 34)
--> Day : 4
-> Request 0
63
(3, 1, 2)
3
(57, 19)
-> Request 1
268
(2, 2, 2)
1
(56, 46)
-> Request 2
357
(3, 3, 1)
1
(50, 45)
-> Request 3
491
(4, 1, 1)
2
(2, 21)
-> Request 4
540
(2, 1, 2)
3
(31, 30)
-> Request 5
686
(2, 3, 1)
3
(54, 30)
-> Request 6
767
(1, 3, 1)
2
(13, 26)
-> Request 7
784
(4, 3, 2)
1
(30, 43)
-> Request 8
1033
(3, 2, 1)
2
(68, 52)
-> Request 9
1047
(3, 2, 1)
2
(20, 49)
-> Request 10
1164
(2, 3, 1)
2
(57, 36)
-> Request 11
1285
(2, 3, 2)
1
(50, 27)
-> Request 12
1313
(2, 2, 1)
2
(30, 56)
-> Request 13
1385
(1, 1, 2)
3
(38, 61)
---> Week : 14
--> Day : 0
-> Request 0
278
(2, 1, 1)
1
(19, 62)
-> Request 1
337
(1, 1, 2)
2
(61, 27)
-> Request 2
382
(3, 2, 1)
2
(19, 25)
-> Request 3
537
(1, 3, 1)
3
(3, 32)
-> Request 4
763
(1, 1, 2)
2
(9, 4)
-> Request 5
846
(2, 2, 2)
2
(54, 35)
-> Request 6
959
(2, 1, 1)
1
(12, 25)
-> Request 7
1134
(2, 1, 1)
1
(54, 57)
-> Request 8
1247
(2, 1, 2)
1
(19, 69)
-> Request 9
1409
(4, 1, 1)
3
(45, 66)
--> Day : 1
-> Request 0
36
(2, 1, 2)
3
(62, 41)
-> Request 1
98
(3, 1, 2)
1
(55, 70)
-> Request 2
177
(1, 3, 2)
3
(53, 42)
-> Request 3
207
(4, 1, 1)
3
(31, 13)
-> Request 4
680
(4, 2, 1)
3
(61, 74)
-> Request 5
761
(3, 2, 1)
2
(40, 26)
-> Request 6
800
(1, 2, 2)
2
(50, 45)
-> Request 7
860
(2, 3, 1)
2
(53, 34)
-> Request 8
967
(1, 1, 1)
3
(4, 3)
-> Request 9
1030
(2, 1, 1)
3
(54, 27)
-> Request 10
1199
(4, 1, 1)
2
(12, 21)
-> Request 11
1256
(2, 3, 1)
3
(62, 32)
-> Request 12
1304
(2, 2, 1)
2
(64, 72)
--> Day : 2
-> Request 0
471
(2, 3, 1)
2
(63, 12)
-> Request 1
567
(1, 2, 2)
2
(17, 20)
-> Request 2
856
(3, 1, 1)
2
(59, 58)
-> Request 3
1075
(4, 2, 1)
1
(54, 18)
-> Request 4
1157
(4, 1, 2)
3
(60, 29)
-> Request 5
1247
(3, 3, 2)
2
(46, 28)
-> Request 6
1291
(2, 3, 1)
3
(27, 20)
--> Day : 3
-> Request 0
461
(3, 1, 1)
3
(31, 38)
-> Request 1
720
(1, 3, 2)
1
(71, 62)
-> Request 2
759
(3, 1, 2)
2
(14, 21)
-> Request 3
791
(2, 2, 1)
3
(60, 70)
-> Request 4
869
(2, 2, 2)
1
(56, 44)
-> Request 5
895
(4, 3, 2)
2
(38, 33)
-> Request 6
1099
(2, 2, 1)
3
(45, 39)
-> Request 7
1197
(3, 2, 1)
1
(57, 28)
-> Request 8
1218
(2, 3, 2)
1
(44, 40)
-> Request 9
1388
(3, 2, 2)
2
(28, 35)
--> Day : 4
-> Request 0
402
(4, 3, 2)
2
(36, 72)
-> Request 1
431
(4, 2, 1)
3
(29, 75)
-> Request 2
551
(3, 1, 1)
2
(23, 54)
-> Request 3
555
(1, 3, 1)
1
(55, 70)
-> Request 4
888
(4, 2, 1)
3
(61, 31)
-> Request 5
1148
(1, 3, 2)
2
(23, 19)
-> Request 6
1171
(2, 3, 1)
2
(12, 50)
-> Request 7
1292
(2, 3, 2)
3
(16, 28)
---> Week : 15
--> Day : 0
-> Request 0
6
(4, 1, 2)
2
(66, 59)
-> Request 1
14
(3, 2, 1)
3
(10, 76)
-> Request 2
49
(1, 3, 1)
3
(20, 32)
-> Request 3
283
(1, 2, 1)
1
(73, 0)
-> Request 4
468
(4, 2, 2)
3
(60, 69)
-> Request 5
554
(2, 2, 1)
1
(16, 17)
-> Request 6
584
(2, 1, 1)
3
(1, 77)
-> Request 7
906
(3, 1, 2)
1
(56, 43)
-> Request 8
989
(4, 3, 1)
1
(63, 37)
-> Request 9
991
(2, 1, 2)
3
(58, 34)
-> Request 10
1128
(3, 2, 2)
2
(47, 32)
-> Request 11
1154
(4, 2, 2)
1
(68, 23)
-> Request 12
1246
(2, 3, 2)
3
(31, 67)
-> Request 13
1375
(3, 3, 2)
1
(47, 70)
-> Request 14
1388
(2, 1, 2)
3
(58, 43)
--> Day : 1
-> Request 0
188
(2, 3, 1)
1
(53, 27)
-> Request 1
191
(3, 3, 1)
2
(11, 10)
-> Request 2
247
(1, 1, 2)
3
(48, 13)
-> Request 3
325
(1, 3, 1)
3
(61, 71)
-> Request 4
582
(2, 1, 2)
2
(60, 43)
-> Request 5
729
(1, 2, 1)
3
(10, 20)
-> Request 6
745
(4, 3, 2)
1
(5, 66)
-> Request 7
760
(4, 1, 2)
3
(56, 40)
-> Request 8
1088
(1, 3, 1)
3
(53, 65)
-> Request 9
1352
(1, 1, 2)
1
(59, 69)
--> Day : 2
-> Request 0
101
(1, 1, 1)
3
(59, 28)
-> Request 1
434
(2, 1, 1)
1
(64, 68)
-> Request 2
522
(2, 2, 1)
1
(40, 0)
-> Request 3
539
(1, 1, 1)
1
(46, 45)
-> Request 4
1073
(4, 2, 1)
1
(45, 41)
-> Request 5
1119
(3, 2, 1)
3
(74, 78)
-> Request 6
1164
(2, 2, 2)
1
(40, 71)
-> Request 7
1302
(1, 2, 2)
2
(79, 12)
--> Day : 3
-> Request 0
366
(1, 2, 2)
2
(58, 0)
-> Request 1
383
(2, 2, 1)
1
(44, 24)
-> Request 2
386
(1, 2, 1)
2
(55, 75)
-> Request 3
396
(3, 3, 2)
1
(59, 77)
-> Request 4
687
(2, 2, 1)
1
(68, 55)
-> Request 5
791
(3, 2, 1)
3
(29, 65)
-> Request 6
1093
(2, 3, 1)
3
(46, 36)
-> Request 7
1117
(3, 1, 2)
2
(68, 28)
-> Request 8
1142
(1, 3, 1)
1
(64, 66)
-> Request 9
1171
(4, 2, 1)
1
(51, 28)
-> Request 10
1175
(2, 3, 2)
2
(61, 38)
--> Day : 4
-> Request 0
15
(3, 3, 2)
2
(17, 28)
-> Request 1
63
(1, 3, 2)
2
(58, 30)
-> Request 2
101
(2, 3, 1)
2
(29, 72)
-> Request 3
130
(2, 3, 2)
1
(36, 12)
-> Request 4
249
(4, 1, 1)
2
(78, 31)
-> Request 5
266
(4, 1, 1)
2
(43, 37)
-> Request 6
598
(1, 2, 2)
2
(54, 78)
-> Request 7
793
(1, 3, 2)
2
(59, 69)
-> Request 8
820
(3, 1, 2)
1
(52, 45)
-> Request 9
1077
(3, 1, 1)
2
(66, 54)
-> Request 10
1361
(1, 1, 2)
3
(19, 30)
---> Week : 16
--> Day : 0
-> Request 0
136
(3, 1, 1)
1
(15, 22)
-> Request 1
384
(4, 2, 2)
2
(14, 23)
-> Request 2
391
(4, 1, 1)
2
(72, 79)
-> Request 3
653
(1, 2, 1)
3
(63, 78)
-> Request 4
689
(4, 1, 2)
3
(56, 74)
-> Request 5
1080
(3, 1, 2)
2
(9, 23)
-> Request 6
1083
(2, 2, 2)
2
(11, 23)
-> Request 7
1250
(2, 1, 1)
2
(43, 35)
-> Request 8
1346
(3, 1, 1)
1
(29, 28)
--> Day : 1
-> Request 0
69
(1, 1, 2)
2
(54, 41)
-> Request 1
318
(2, 3, 1)
1
(11, 29)
-> Request 2
471
(1, 2, 1)
3
(61, 70)
-> Request 3
809
(1, 3, 2)
3
(11, 29)
-> Request 4
875
(4, 2, 1)
2
(33, 47)
-> Request 5
959
(4, 3, 2)
3
(72, 16)
-> Request 6
1209
(4, 1, 1)
3
(62, 37)
-> Request 7
1317
(2, 1, 2)
3
(79, 19)
-> Request 8
1392
(3, 2, 1)
2
(9, 24)
--> Day : 2
-> Request 0
90
(1, 1, 2)
3
(46, 37)
-> Request 1
211
(2, 2, 2)
3
(74, 60)
-> Request 2
229
(2, 3, 2)
2
(11, 13)
-> Request 3
324
(1, 2, 1)
1
(45, 10)
-> Request 4
533
(4, 2, 1)
1
(64, 76)
-> Request 5
636
(1, 1, 1)
1
(48, 5)
-> Request 6
1003
(1, 2, 2)
3
(33, 25)
-> Request 7
1175
(2, 1, 2)
1
(50, 46)
-> Request 8
1370
(3, 2, 1)
2
(16, 40)
--> Day : 3
-> Request 0
121
(3, 2, 2)
3
(11, 28)
-> Request 1
273
(4, 3, 1)
2
(53, 36)
-> Request 2
437
(4, 3, 1)
1
(49, 56)
-> Request 3
675
(3, 1, 2)
2
(53, 45)
-> Request 4
678
(2, 2, 2)
3
(63, 76)
-> Request 5
841
(2, 1, 2)
1
(60, 75)
-> Request 6
859
(3, 2, 2)
3
(31, 24)
-> Request 7
918
(3, 2, 1)
2
(52, 37)
-> Request 8
955
(3, 1, 1)
3
(71, 23)
-> Request 9
1083
(3, 2, 2)
3
(48, 45)
-> Request 10
1332
(2, 2, 2)
3
(4, 26)
--> Day : 4
-> Request 0
26
(2, 2, 2)
1
(60, 64)
-> Request 1
60
(4, 2, 2)
3
(52, 77)
-> Request 2
127
(2, 1, 1)
1
(46, 35)
-> Request 3
751
(4, 1, 1)
3
(15, 25)
-> Request 4
866
(3, 3, 1)
2
(51, 25)
-> Request 5
966
(1, 1, 1)
3
(18, 3)
-> Request 6
1186
(3, 1, 2)
3
(55, 65)
-> Request 7
1406
(2, 3, 2)
3
(9, 20)
---> Week : 17
--> Day : 0
-> Request 0
168
(2, 3, 1)
2
(14, 17)
-> Request 1
176
(1, 3, 2)
3
(43, 13)
-> Request 2
220
(1, 3, 1)
3
(24, 69)
-> Request 3
847
(4, 3, 1)
2
(45, 16)
-> Request 4
847
(2, 2, 2)
3
(20, 26)
-> Request 5
883
(3, 3, 2)
3
(48, 65)
-> Request 6
924
(2, 1, 2)
2
(59, 36)
-> Request 7
960
(1, 2, 2)
2
(23, 43)
-> Request 8
1094
(3, 2, 2)
3
(43, 35)
-> Request 9
1275
(1, 3, 2)
2
(44, 41)
-> Request 10
1372
(3, 2, 1)
2
(69, 41)
--> Day : 1
-> Request 0
269
(3, 1, 2)
1
(35, 77)
-> Request 1
341
(2, 1, 2)
3
(59, 43)
-> Request 2
380
(4, 3, 1)
1
(43, 42)
-> Request 3
400
(3, 3, 2)
3
(56, 77)
-> Request 4
521
(2, 2, 1)
2
(53, 30)
-> Request 5
581
(4, 3, 1)
2
(48, 74)
-> Request 6
884
(1, 2, 1)
1
(57, 77)
-> Request 7
1021
(1, 2, 2)
2
(6, 5)
-> Request 8
1048
(3, 2, 2)
1
(55, 27)
-> Request 9
1049
(4, 3, 1)
2
(32, 23)
-> Request 10
1240
(4, 2, 1)
2
(36, 60)
-> Request 11
1348
(4, 3, 1)
3
(60, 69)
-> Request 12
1410
(1, 1, 1)
1
(22, 61)
--> Day : 2
-> Request 0
36
(1, 1, 1)
2
(57, 38)
-> Request 1
178
(1, 3, 1)
3
(16, 21)
-> Request 2
245
(2, 1, 1)
1
(66, 64)
-> Request 3
285
(3, 3, 1)
1
(50, 37)
-> Request 4
593
(3, 1, 1)
2
(0, 40)
-> Request 5
653
(2, 1, 2)
3
(53, 29)
-> Request 6
1389
(4, 1, 1)
3
(66, 77)
--> Day : 3
-> Request 0
407
(1, 1, 2)
3
(52, 76)
-> Request 1
544
(3, 2, 2)
3
(52, 31)
-> Request 2
637
(3, 2, 2)
1
(30, 38)
-> Request 3
672
(3, 3, 2)
1
(76, 22)
-> Request 4
772
(4, 2, 1)
2
(0, 31)
-> Request 5
824
(4, 3, 2)
3
(49, 37)
-> Request 6
857
(3, 2, 2)
2
(58, 74)
-> Request 7
984
(1, 3, 2)
3
(55, 46)
-> Request 8
1332
(4, 2, 1)
3
(16, 44)
--> Day : 4
-> Request 0
786
(1, 2, 1)
2
(57, 66)
-> Request 1
839
(4, 3, 1)
2
(15, 27)
-> Request 2
1123
(1, 1, 2)
1
(69, 78)
-> Request 3
1235
(3, 1, 1)
3
(52, 61)
-> Request 4
1348
(4, 1, 2)
2
(48, 30)
---> Week : 18
--> Day : 0
-> Request 0
20
(1, 1, 2)
1
(26, 42)
-> Request 1
55
(3, 1, 1)
2
(56, 30)
-> Request 2
140
(4, 1, 2)
2
(12, 21)
-> Request 3
201
(2, 1, 1)
2
(58, 71)
-> Request 4
270
(1, 2, 1)
3
(7, 43)
-> Request 5
304
(2, 1, 1)
2
(0, 50)
-> Request 6
306
(1, 1, 2)
3
(77, 17)
-> Request 7
423
(3, 3, 2)
3
(75, 9)
-> Request 8
439
(4, 1, 2)
1
(9, 28)
-> Request 9
646
(1, 2, 1)
2
(29, 28)
-> Request 10
777
(2, 2, 1)
1
(12, 56)
-> Request 11
777
(1, 2, 2)
2
(47, 32)
-> Request 12
843
(2, 1, 1)
2
(16, 20)
-> Request 13
998
(2, 1, 2)
1
(19, 53)
-> Request 14
1042
(3, 2, 1)
2
(51, 31)
-> Request 15
1052
(3, 1, 2)
3
(46, 16)
--> Day : 1
-> Request 0
222
(1, 2, 1)
1
(30, 9)
-> Request 1
414
(2, 2, 1)
1
(29, 69)
-> Request 2
743
(2, 3, 2)
3
(46, 35)
-> Request 3
857
(4, 1, 2)
1
(56, 32)
-> Request 4
873
(4, 3, 2)
1
(62, 31)
-> Request 5
1025
(4, 3, 1)
2
(45, 37)
-> Request 6
1108
(2, 3, 2)
3
(31, 57)
-> Request 7
1143
(4, 2, 2)
1
(59, 76)
-> Request 8
1290
(3, 1, 1)
3
(52, 74)
-> Request 9
1386
(2, 3, 2)
3
(43, 43)
-> Request 10
1412
(3, 2, 1)
2
(59, 14)
--> Day : 2
-> Request 0
124
(3, 3, 1)
2
(61, 24)
-> Request 1
130
(4, 3, 1)
1
(15, 26)
-> Request 2
319
(1, 1, 1)
2
(47, 42)
-> Request 3
509
(2, 1, 2)
1
(56, 37)
-> Request 4
515
(1, 1, 1)
3
(54, 66)
-> Request 5
725
(4, 1, 1)
3
(49, 45)
-> Request 6
881
(4, 1, 2)
1
(22, 28)
-> Request 7
1059
(1, 3, 1)
3
(56, 66)
-> Request 8
1228
(2, 3, 2)
3
(35, 18)
-> Request 9
1431
(4, 2, 1)
3
(58, 52)
--> Day : 3
-> Request 0
396
(4, 3, 1)
1
(53, 65)
-> Request 1
618
(3, 3, 1)
2
(23, 36)
-> Request 2
740
(4, 1, 1)
3
(71, 36)
-> Request 3
764
(2, 3, 2)
2
(70, 50)
-> Request 4
865
(4, 1, 2)
2
(48, 31)
-> Request 5
909
(4, 1, 2)
3
(49, 50)
-> Request 6
1204
(4, 3, 2)
3
(15, 27)
--> Day : 4
-> Request 0
59
(1, 3, 1)
2
(38, 66)
-> Request 1
403
(4, 2, 2)
3
(56, 75)
-> Request 2
434
(3, 3, 1)
3
(49, 34)
-> Request 3
536
(4, 1, 1)
2
(69, 70)
-> Request 4
583
(3, 1, 2)
1
(52, 69)
---> Week : 19
--> Day : 0
-> Request 0
87
(4, 1, 2)
1
(55, 45)
-> Request 1
911
(1, 3, 1)
2
(53, 44)
-> Request 2
1318
(1, 3, 1)
2
(8, 22)
--> Day : 1
-> Request 0
76
(1, 1, 1)
3
(22, 30)
-> Request 1
740
(1, 1, 1)
2
(59, 39)
-> Request 2
1071
(4, 3, 1)
3
(73, 79)
-> Request 3
1130
(2, 3, 1)
3
(57, 73)
--> Day : 2
-> Request 0
78
(3, 3, 2)
1
(17, 72)
-> Request 1
147
(3, 1, 2)
3
(61, 43)
-> Request 2
160
(1, 3, 1)
2
(49, 40)
-> Request 3
223
(3, 1, 1)
3
(62, 24)
-> Request 4
443
(4, 1, 1)
1
(55, 1)
-> Request 5
523
(3, 3, 1)
3
(53, 36)
-> Request 6
570
(2, 1, 1)
1
(71, 79)
-> Request 7
655
(4, 2, 2)
1
(79, 42)
-> Request 8
1179
(4, 3, 1)
3
(55, 64)
-> Request 9
1262
(4, 3, 2)
1
(53, 44)
-> Request 10
1436
(4, 3, 1)
1
(13, 26)
--> Day : 3
-> Request 0
266
(4, 3, 1)
1
(30, 19)
-> Request 1
417
(4, 1, 1)
3
(62, 46)
-> Request 2
473
(2, 1, 1)
1
(64, 73)
-> Request 3
641
(1, 3, 2)
2
(49, 41)
-> Request 4
874
(4, 2, 2)
2
(30, 32)
-> Request 5
957
(4, 1, 1)
3
(18, 53)
-> Request 6
1342
(1, 2, 2)
2
(60, 42)
--> Day : 4
-> Request 0
42
(2, 3, 1)
3
(61, 35)
-> Request 1
140
(1, 3, 2)
3
(56, 10)
-> Request 2
670
(3, 1, 1)
3
(53, 46)
-> Request 3
815
(4, 2, 1)
2
(54, 72)
