---> Week : 0
--> Day : 0
-> Request 0
29
(4, 3, 1)
1
(61, 33)
-> Request 1
183
(3, 2, 1)
3
(58, 31)
-> Request 2
222
(1, 3, 2)
1
(35, 33)
-> Request 3
346
(4, 3, 1)
3
(41, 53)
-> Request 4
452
(2, 2, 1)
1
(34, 33)
-> Request 5
762
(4, 2, 2)
2
(59, 30)
-> Request 6
966
(4, 2, 1)
2
(56, 70)
-> Request 7
1024
(3, 2, 1)
1
(66, 64)
-> Request 8
1146
(4, 1, 1)
3
(78, 50)
-> Request 9
1149
(3, 2, 1)
2
(52, 72)
-> Request 10
1274
(2, 1, 1)
3
(40, 3)
-> Request 11
1336
(4, 2, 1)
3
(56, 69)
-> Request 12
1389
(1, 2, 1)
2
(60, 69)
--> Day : 1
-> Request 0
11
(3, 3, 1)
3
(19, 63)
-> Request 1
83
(4, 2, 2)
1
(61, 70)
-> Request 2
316
(2, 2, 2)
3
(47, 30)
-> Request 3
346
(2, 1, 1)
3
(40, 22)
-> Request 4
394
(3, 2, 1)
1
(62, 35)
-> Request 5
483
(4, 2, 2)
2
(43, 38)
-> Request 6
617
(2, 1, 2)
2
(45, 29)
-> Request 7
731
(1, 3, 1)
2
(60, 32)
-> Request 8
771
(2, 1, 1)
2
(64, 74)
-> Request 9
983
(4, 1, 2)
2
(41, 13)
-> Request 10
1150
(2, 2, 1)
1
(55, 74)
-> Request 11
1277
(2, 1, 1)
1
(24, 10)
--> Day : 2
-> Request 0
197
(2, 1, 1)
2
(53, 36)
-> Request 1
209
(1, 2, 1)
1
(53, 56)
-> Request 2
247
(2, 2, 2)
3
(58, 71)
-> Request 3
444
(4, 3, 2)
3
(66, 67)
-> Request 4
498
(1, 3, 2)
3
(59, 30)
-> Request 5
560
(1, 2, 2)
3
(26, 2)
-> Request 6
934
(1, 1, 2)
3
(16, 74)
-> Request 7
1123
(2, 3, 2)
2
(43, 32)
-> Request 8
1224
(4, 3, 2)
3
(52, 33)
--> Day : 3
-> Request 0
315
(4, 1, 2)
3
(13, 2)
-> Request 1
405
(2, 1, 1)
2
(58, 31)
-> Request 2
536
(3, 2, 2)
1
(65, 78)
-> Request 3
553
(3, 3, 1)
3
(50, 27)
-> Request 4
591
(4, 1, 1)
2
(52, 36)
-> Request 5
700
(2, 1, 2)
2
(75, 57)
-> Request 6
808
(2, 2, 2)
2
(72, 32)
-> Request 7
839
(1, 3, 1)
1
(60, 74)
-> Request 8
845
(2, 2, 2)
2
(56, 39)
-> Request 9
854
(4, 2, 1)
3
(1, 6)
-> Request 10
869
(1, 2, 2)
2
(66, 69)
-> Request 11
880
(3, 1, 1)
3
(61, 37)
-> Request 12
971
(1, 3, 2)
3
(72, 13)
-> Request 13
1031
(1, 3, 2)
2
(59, 42)
-> Request 14
1319
(3, 3, 1)
2
(50, 40)
--> Day : 4
-> Request 0
419
(4, 3, 2)
3
(62, 67)
-> Request 1
979
(4, 1, 1)
1
(51, 36)
-> Request 2
1416
(2, 2, 2)
2
(62, 29)
---> Week : 1
--> Day : 0
-> Request 0
169
(1, 2, 1)
1
(52, 77)
-> Request 1
317
(2, 3, 2)
2
(56, 74)
-> Request 2
630
(2, 1, 2)
1
(53, 44)
-> Request 3
751
(1, 3, 2)
1
(10, 31)
-> Request 4
780
(3, 3, 1)
1
(55, 13)
-> Request 5
818
(1, 2, 2)
3
(48, 42)
-> Request 6
830
(4, 2, 2)
1
(61, 33)
-> Request 7
980
(3, 2, 1)
2
(52, 64)
-> Request 8
1005
(4, 2, 1)
1
(10, 8)
-> Request 9
1120
(2, 3, 2)
2
(65, 6)
--> Day : 1
-> Request 0
71
(4, 2, 2)
3
(12, 49)
-> Request 1
79
(4, 1, 1)
2
(48, 42)
-> Request 2
144
(3, 3, 2)
1
(58, 69)
-> Request 3
334
(1, 3, 1)
3
(32, 30)
-> Request 4
362
(4, 1, 2)
3
(55, 77)
-> Request 5
475
(4, 2, 1)
3
(56, 38)
-> Request 6
582
(3, 1, 2)
1
(61, 72)
-> Request 7
660
(4, 3, 2)
3
(34, 14)
-> Request 8
703
(2, 3, 2)
2
(59, 38)
-> Request 9
774
(3, 1, 2)
2
(26, 4)
-> Request 10
833
(4, 3, 1)
3
(60, 69)
-> Request 11
870
(2, 2, 1)
3
(11, 35)
-> Request 12
960
(4, 2, 1)
3
(47, 40)
-> Request 13
985
(4, 1, 2)
1
(44, 53)
-> Request 14
1027
(3, 3, 2)
2
(0, 53)
-> Request 15
1039
(3, 1, 1)
1
(59, 51)
-> Request 16
1161
(4, 3, 2)
3
(19, 38)
-> Request 17
1162
(3, 2, 2)
1
(61, 44)
-> Request 18
1287
(4, 1, 1)
3
(72, 60)
-> Request 19
1424
(2, 3, 2)
2
(53, 76)
--> Day : 2
-> Request 0
338
(2, 2, 2)
3
(62, 74)
-> Request 1
521
(4, 1, 2)
1
(77, 3)
-> Request 2
883
(2, 1, 1)
2
(12, 21)
-> Request 3
1139
(4, 2, 1)
1
(57, 39)
-> Request 4
1313
(2, 3, 1)
2
(44, 31)
-> Request 5
1383
(2, 3, 2)
3
(42, 51)
--> Day : 3
-> Request 0
23
(4, 3, 1)
2
(46, 37)
-> Request 1
296
(1, 1, 2)
2
(79, 61)
-> Request 2
342
(3, 3, 2)
1
(48, 41)
-> Request 3
367
(1, 3, 1)
3
(14, 3)
-> Request 4
432
(3, 2, 1)
1
(58, 41)
-> Request 5
492
(1, 2, 2)
3
(20, 61)
-> Request 6
681
(2, 2, 2)
3
(43, 32)
-> Request 7
768
(3, 2, 1)
3
(64, 17)
-> Request 8
963
(2, 3, 1)
2
(51, 31)
-> Request 9
1060
(2, 3, 2)
1
(44, 34)
-> Request 10
1121
(4, 3, 1)
1
(76, 19)
-> Request 11
1313
(2, 1, 1)
3
(51, 74)
--> Day : 4
-> Request 0
209
(4, 2, 1)
3
(20, 52)
-> Request 1
233
(4, 3, 2)
2
(74, 79)
-> Request 2
426
(1, 2, 1)
1
(64, 72)
-> Request 3
448
(1, 3, 1)
3
(50, 32)
-> Request 4
738
(2, 1, 1)
2
(15, 25)
-> Request 5
756
(3, 3, 2)
1
(53, 43)
-> Request 6
789
(4, 1, 1)
2
(14, 10)
-> Request 7
904
(2, 1, 1)
2
(54, 65)
-> Request 8
904
(3, 2, 1)
2
(3, 22)
-> Request 9
974
(1, 2, 2)
2
(36, 48)
-> Request 10
1167
(4, 2, 1)
3
(55, 76)
-> Request 11
1306
(4, 1, 1)
2
(60, 34)
-> Request 12
1393
(3, 2, 2)
1
(57, 39)
---> Week : 2
--> Day : 0
-> Request 0
253
(2, 2, 1)
2
(17, 31)
-> Request 1
382
(2, 2, 1)
3
(16, 44)
-> Request 2
613
(3, 1, 1)
2
(27, 28)
-> Request 3
626
(2, 3, 1)
2
(61, 42)
-> Request 4
731
(3, 1, 2)
2
(43, 37)
-> Request 5
762
(3, 3, 2)
3
(62, 69)
-> Request 6
794
(3, 2, 1)
3
(54, 73)
-> Request 7
860
(1, 1, 1)
3
(65, 73)
-> Request 8
1306
(2, 1, 2)
3
(62, 29)
--> Day : 1
-> Request 0
86
(3, 2, 1)
1
(55, 45)
-> Request 1
123
(2, 3, 2)
1
(59, 36)
-> Request 2
272
(3, 1, 2)
3
(22, 75)
-> Request 3
284
(3, 2, 1)
3
(46, 27)
-> Request 4
933
(3, 1, 1)
3
(29, 50)
-> Request 5
1168
(1, 1, 1)
3
(52, 75)
-> Request 6
1234
(3, 2, 2)
1
(52, 67)
-> Request 7
1424
(1, 3, 1)
3
(52, 70)
--> Day : 2
-> Request 0
220
(4, 2, 2)
1
(54, 35)
-> Request 1
221
(3, 3, 2)
2
(70, 16)
-> Request 2
460
(4, 3, 1)
2
(65, 66)
-> Request 3
484
(3, 2, 2)
2
(62, 31)
-> Request 4
612
(3, 1, 2)
2
(10, 5)
-> Request 5
782
(1, 2, 1)
3
(77, 10)
-> Request 6
856
(1, 3, 2)
3
(65, 50)
-> Request 7
886
(3, 3, 1)
1
(16, 24)
-> Request 8
979
(3, 1, 2)
3
(55, 37)
-> Request 9
1225
(3, 3, 1)
1
(47, 34)
-> Request 10
1268
(2, 1, 2)
3
(30, 44)
-> Request 11
1409
(4, 1, 1)
2
(58, 30)
-> Request 12
1418
(3, 1, 1)
2
(43, 36)
--> Day : 3
-> Request 0
63
(4, 1, 2)
2
(52, 36)
-> Request 1
162
(1, 2, 2)
3
(9, 29)
-> Request 2
411
(2, 1, 2)
3
(48, 28)
-> Request 3
884
(3, 1, 2)
1
(46, 2)
-> Request 4
1099
(2, 3, 2)
1
(65, 11)
-> Request 5
1372
(3, 3, 2)
1
(59, 65)
-> Request 6
1382
(4, 3, 1)
3
(45, 46)
--> Day : 4
-> Request 0
50
(2, 2, 1)
2
(32, 41)
-> Request 1
259
(1, 3, 1)
2
(43, 27)
-> Request 2
773
(1, 3, 1)
3
(64, 74)
-> Request 3
946
(3, 2, 1)
3
(64, 23)
-> Request 4
1121
(4, 2, 2)
1
(1, 9)
-> Request 5
1139
(2, 1, 1)
2
(62, 72)
-> Request 6
1214
(4, 1, 1)
1
(36, 8)
-> Request 7
1275
(1, 3, 1)
1
(60, 71)
---> Week : 3
--> Day : 0
-> Request 0
84
(2, 1, 1)
2
(62, 45)
-> Request 1
131
(4, 1, 1)
1
(52, 76)
-> Request 2
584
(4, 3, 1)
3
(49, 41)
-> Request 3
1136
(4, 3, 1)
1
(23, 71)
-> Request 4
1245
(4, 3, 2)
1
(22, 4)
--> Day : 1
-> Request 0
511
(3, 1, 2)
1
(66, 74)
-> Request 1
545
(2, 2, 2)
3
(61, 64)
-> Request 2
811
(2, 2, 1)
3
(70, 54)
-> Request 3
902
(3, 3, 2)
1
(45, 20)
-> Request 4
1121
(2, 3, 2)
2
(42, 27)
-> Request 5
1324
(2, 1, 2)
3
(75, 77)
-> Request 6
1352
(4, 3, 1)
1
(53, 74)
-> Request 7
1435
(4, 3, 1)
2
(47, 32)
--> Day : 2
-> Request 0
351
(3, 2, 2)
1
(37, 16)
-> Request 1
353
(3, 2, 2)
1
(69, 3)
-> Request 2
415
(4, 1, 2)
3
(56, 76)
-> Request 3
442
(2, 3, 1)
3
(14, 25)
-> Request 4
537
(3, 1, 2)
1
(64, 66)
-> Request 5
548
(2, 1, 1)
1
(58, 71)
-> Request 6
658
(2, 3, 2)
2
(25, 22)
-> Request 7
772
(3, 3, 2)
3
(77, 52)
-> Request 8
878
(4, 3, 2)
1
(36, 40)
-> Request 9
966
(2, 1, 2)
2
(44, 44)
-> Request 10
1017
(3, 3, 2)
1
(20, 66)
-> Request 11
1120
(2, 1, 1)
2
(55, 46)
-> Request 12
1195
(4, 1, 2)
3
(50, 41)
-> Request 13
1225
(1, 1, 2)
3
(17, 13)
-> Request 14
1254
(2, 2, 2)
2
(16, 52)
-> Request 15
1295
(4, 3, 2)
3
(18, 55)
--> Day : 3
-> Request 0
17
(2, 3, 2)
2
(62, 28)
-> Request 1
38
(2, 1, 2)
1
(45, 29)
-> Request 2
196
(2, 3, 1)
3
(40, 20)
-> Request 3
634
(2, 3, 2)
1
(53, 11)
-> Request 4
1057
(1, 2, 2)
1
(44, 41)
-> Request 5
1060
(1, 1, 1)
1
(62, 35)
-> Request 6
1167
(1, 2, 2)
3
(16, 23)
-> Request 7
1354
(1, 1, 2)
3
(54, 70)
-> Request 8
1413
(3, 2, 1)
2
(60, 34)
--> Day : 4
-> Request 0
229
(2, 2, 2)
1
(58, 27)
-> Request 1
483
(2, 1, 2)
3
(60, 31)
-> Request 2
536
(2, 2, 2)
1
(38, 34)
-> Request 3
564
(3, 3, 2)
1
(43, 36)
-> Request 4
651
(2, 1, 1)
3
(37, 71)
-> Request 5
1211
(4, 2, 2)
2
(55, 56)
-> Request 6
1265
(1, 1, 2)
1
(44, 67)
-> Request 7
1310
(3, 2, 2)
2
(58, 30)
-> Request 8
1417
(1, 1, 1)
3
(3, 41)
---> Week : 4
--> Day : 0
-> Request 0
425
(1, 2, 1)
2
(6, 39)
-> Request 1
614
(3, 2, 2)
1
(64, 67)
-> Request 2
714
(2, 2, 2)
2
(36, 5)
-> Request 3
820
(3, 3, 1)
3
(40, 60)
-> Request 4
877
(4, 1, 2)
1
(33, 74)
-> Request 5
1005
(4, 3, 2)
1
(65, 78)
-> Request 6
1186
(3, 3, 2)
2
(53, 6)
--> Day : 1
-> Request 0
128
(4, 3, 1)
3
(39, 57)
-> Request 1
264
(3, 1, 1)
1
(64, 76)
-> Request 2
388
(3, 1, 1)
1
(14, 29)
-> Request 3
1058
(2, 3, 2)
2
(5, 16)
-> Request 4
1092
(3, 2, 2)
2
(58, 64)
-> Request 5
1209
(2, 1, 2)
2
(51, 39)
-> Request 6
1353
(4, 2, 2)
2
(44, 34)
-> Request 7
1367
(4, 1, 2)
2
(56, 35)
--> Day : 2
-> Request 0
37
(4, 1, 1)
2
(47, 40)
-> Request 1
321
(2, 3, 2)
3
(67, 58)
-> Request 2
370
(1, 3, 2)
2
(46, 41)
-> Request 3
629
(1, 3, 1)
1
(33, 20)
-> Request 4
724
(2, 1, 2)
3
(55, 65)
-> Request 5
832
(2, 2, 2)
2
(8, 25)
--> Day : 3
-> Request 0
92
(2, 2, 1)
2
(61, 40)
-> Request 1
301
(3, 1, 2)
2
(66, 19)
-> Request 2
313
(1, 1, 2)
2
(77, 9)
-> Request 3
343
(4, 3, 2)
2
(61, 78)
-> Request 4
474
(1, 2, 2)
1
(51, 65)
-> Request 5
577
(2, 3, 2)
3
(65, 67)
-> Request 6
667
(2, 1, 2)
3
(77, 14)
-> Request 7
760
(1, 3, 1)
1
(60, 37)
-> Request 8
829
(2, 1, 2)
3
(65, 33)
-> Request 9
954
(3, 3, 1)
2
(52, 25)
-> Request 10
955
(1, 1, 1)
1
(47, 29)
-> Request 11
1003
(4, 2, 1)
2
(53, 37)
-> Request 12
1103
(4, 2, 1)
3
(58, 37)
-> Request 13
1157
(4, 1, 2)
3
(10, 28)
-> Request 14
1301
(1, 2, 2)
3
(38, 15)
-> Request 15
1411
(2, 1, 1)
3
(12, 26)
--> Day : 4
-> Request 0
105
(2, 3, 1)
1
(57, 34)
-> Request 1
323
(1, 3, 1)
2
(64, 67)
-> Request 2
454
(2, 2, 2)
1
(9, 28)
-> Request 3
711
(3, 1, 2)
3
(35, 31)
-> Request 4
721
(3, 2, 1)
1
(53, 44)
-> Request 5
752
(3, 1, 2)
2
(53, 64)
-> Request 6
871
(2, 3, 2)
2
(78, 40)
-> Request 7
885
(4, 2, 1)
1
(48, 39)
-> Request 8
1002
(2, 3, 2)
2
(17, 22)
-> Request 9
1055
(1, 1, 1)
3
(32, 46)
-> Request 10
1276
(3, 3, 1)
3
(61, 43)
-> Request 11
1313
(4, 2, 2)
1
(58, 72)
-> Request 12
1365
(4, 3, 1)
1
(60, 73)
---> Week : 5
--> Day : 0
-> Request 0
60
(3, 2, 2)
2
(45, 32)
-> Request 1
212
(2, 2, 1)
3
(20, 28)
-> Request 2
537
(1, 2, 1)
2
(52, 46)
-> Request 3
572
(3, 2, 2)
2
(57, 43)
-> Request 4
809
(3, 1, 2)
1
(45, 36)
-> Request 5
819
(1, 1, 2)
2
(59, 42)
-> Request 6
1007
(2, 2, 2)
1
(53, 31)
-> Request 7
1134
(1, 3, 1)
2
(15, 46)
-> Request 8
1137
(2, 1, 2)
1
(44, 40)
-> Request 9
1194
(3, 2, 2)
2
(10, 27)
--> Day : 1
-> Request 0
34
(1, 1, 2)
1
(70, 55)
-> Request 1
521
(4, 3, 1)
1
(60, 42)
-> Request 2
585
(4, 2, 2)
3
(26, 15)
-> Request 3
1020
(2, 3, 1)
2
(10, 21)
--> Day : 2
-> Request 0
12
(2, 1, 2)
3
(14, 77)
-> Request 1
33
(2, 2, 1)
3
(43, 43)
-> Request 2
121
(2, 1, 2)
1
(0, 36)
-> Request 3
614
(3, 1, 2)
2
(55, 24)
-> Request 4
743
(1, 1, 1)
2
(48, 27)
-> Request 5
905
(1, 3, 1)
1
(24, 69)
-> Request 6
1074
(2, 2, 1)
1
(60, 37)
-> Request 7
1243
(1, 3, 2)
3
(50, 11)
--> Day : 3
-> Request 0
49
(3, 3, 2)
2
(64, 64)
-> Request 1
429
(3, 3, 1)
3
(57, 34)
-> Request 2
773
(3, 2, 2)
3
(33, 0)
-> Request 3
778
(4, 1, 2)
1
(60, 75)
-> Request 4
1002
(2, 2, 1)
2
(12, 23)
-> Request 5
1040
(2, 2, 2)
1
(0, 12)
-> Request 6
1377
(4, 3, 2)
1
(8, 15)
-> Request 7
1430
(3, 2, 2)
2
(50, 33)
--> Day : 4
-> Request 0
50
(3, 1, 1)
2
(15, 20)
-> Request 1
301
(1, 3, 2)
3
(20, 38)
-> Request 2
814
(2, 3, 1)
1
(57, 61)
-> Request 3
1192
(3, 3, 2)
2
(12, 8)
---> Week : 6
--> Day : 0
-> Request 0
3
(2, 3, 1)
2
(38, 60)
-> Request 1
103
(3, 3, 2)
3
(54, 43)
-> Request 2
208
(4, 2, 2)
1
(39, 74)
-> Request 3
513
(4, 1, 1)
1
(20, 58)
-> Request 4
549
(1, 2, 2)
1
(74, 41)
-> Request 5
674
(3, 2, 1)
1
(49, 46)
-> Request 6
967
(3, 2, 2)
2
(47, 22)
-> Request 7
1095
(1, 3, 1)
3
(14, 21)
-> Request 8
1114
(1, 2, 2)
1
(76, 69)
-> Request 9
1178
(2, 2, 2)
1
(37, 4)
-> Request 10
1223
(3, 2, 2)
2
(26, 7)
-> Request 11
1373
(4, 2, 1)
1
(56, 38)
-> Request 12
1387
(2, 1, 1)
3
(65, 64)
--> Day : 1
-> Request 0
118
(1, 3, 1)
1
(65, 73)
-> Request 1
257
(3, 1, 1)
3
(55, 7)
-> Request 2
320
(3, 3, 1)
1
(64, 60)
-> Request 3
364
(1, 3, 2)
1
(18, 64)
-> Request 4
392
(2, 2, 2)
2
(67, 37)
-> Request 5
557
(4, 3, 1)
1
(39, 3)
-> Request 6
744
(3, 1, 2)
3
(62, 41)
-> Request 7
857
(3, 1, 2)
3
(66, 67)
-> Request 8
884
(2, 2, 1)
1
(63, 66)
-> Request 9
1071
(2, 1, 2)
3
(1, 79)
-> Request 10
1091
(4, 1, 2)
1
(48, 43)
-> Request 11
1272
(2, 1, 1)
2
(46, 30)
-> Request 12
1416
(2, 1, 1)
2
(48, 3)
-> Request 13
1436
(1, 3, 1)
3
(52, 59)
--> Day : 2
-> Request 0
457
(1, 1, 1)
1
(76, 34)
-> Request 1
649
(4, 1, 1)
3
(53, 77)
-> Request 2
650
(1, 2, 2)
2
(77, 45)
-> Request 3
674
(3, 1, 1)
2
(28, 48)
-> Request 4
901
(2, 1, 1)
1
(29, 55)
-> Request 5
924
(3, 2, 1)
2
(53, 29)
-> Request 6
970
(3, 3, 1)
3
(53, 33)
-> Request 7
992
(1, 3, 1)
1
(58, 31)
-> Request 8
1064
(1, 3, 2)
1
(18, 17)
-> Request 9
1105
(1, 2, 1)
2
(34, 15)
-> Request 10
1118
(4, 2, 2)
2
(58, 74)
-> Request 11
1276
(3, 3, 2)
2
(14, 26)
--> Day : 3
-> Request 0
93
(4, 3, 1)
3
(56, 31)
-> Request 1
458
(2, 2, 2)
3
(61, 30)
-> Request 2
851
(1, 1, 1)
3
(76, 17)
-> Request 3
1105
(3, 1, 2)
2
(76, 66)
-> Request 4
1119
(4, 1, 1)
3
(21, 28)
-> Request 5
1238
(3, 3, 1)
3
(57, 76)
--> Day : 4
-> Request 0
44
(4, 2, 1)
2
(8, 25)
-> Request 1
97
(1, 2, 1)
2
(29, 59)
-> Request 2
326
(3, 1, 1)
2
(50, 28)
-> Request 3
520
(2, 2, 2)
3
(20, 72)
-> Request 4
643
(1, 2, 1)
3
(50, 32)
-> Request 5
654
(3, 2, 1)
1
(20, 23)
-> Request 6
689
(4, 3, 2)
1
(69, 38)
-> Request 7
723
(3, 2, 1)
1
(48, 45)
-> Request 8
762
(2, 3, 1)
1
(56, 35)
-> Request 9
786
(2, 3, 2)
2
(50, 35)
-> Request 10
1394
(3, 2, 1)
1
(17, 24)
-> Request 11
1434
(2, 3, 1)
3
(59, 70)
---> Week : 7
--> Day : 0
-> Request 0
243
(3, 1, 2)
2
(66, 67)
-> Request 1
609
(4, 1, 1)
2
(31, 56)
-> Request 2
792
(2, 1, 1)
2
(65, 67)
-> Request 3
1025
(2, 3, 2)
3
(40, 73)
-> Request 4
1127
(3, 3, 1)
3
(15, 27)
--> Day : 1
-> Request 0
58
(4, 1, 2)
3
(37, 13)
-> Request 1
182
(3, 2, 1)
1
(27, 0)
-> Request 2
200
(3, 3, 1)
2
(49, 35)
-> Request 3
420
(4, 2, 2)
3
(39, 70)
-> Request 4
451
(1, 2, 1)
1
(3, 9)
-> Request 5
560
(2, 3, 1)
2
(60, 68)
-> Request 6
726
(2, 1, 2)
2
(63, 75)
-> Request 7
906
(4, 3, 2)
2
(49, 45)
-> Request 8
944
(3, 1, 2)
1
(40, 23)
-> Request 9
1051
(1, 2, 2)
1
(58, 41)
-> Request 10
1089
(2, 2, 2)
2
(49, 36)
-> Request 11
1258
(3, 3, 2)
1
(14, 24)
--> Day : 2
-> Request 0
12
(3, 3, 2)
1
(51, 35)
-> Request 1
106
(1, 2, 1)
2
(63, 65)
-> Request 2
183
(3, 2, 2)
3
(65, 75)
-> Request 3
337
(1, 1, 1)
1
(56, 66)
-> Request 4
481
(3, 2, 2)
3
(9, 29)
-> Request 5
600
(2, 3, 1)
1
(36, 62)
-> Request 6
640
(3, 1, 2)
1
(11, 64)
-> Request 7
882
(3, 2, 1)
3
(75, 13)
-> Request 8
945
(2, 1, 2)
1
(55, 65)
-> Request 9
1205
(1, 1, 2)
2
(54, 36)
-> Request 10
1376
(4, 3, 2)
1
(64, 16)
--> Day : 3
-> Request 0
161
(2, 2, 2)
2
(66, 28)
-> Request 1
195
(3, 2, 2)
1
(71, 74)
-> Request 2
238
(1, 2, 1)
3
(8, 25)
-> Request 3
373
(3, 3, 1)
1
(12, 29)
-> Request 4
392
(4, 1, 2)
2
(67, 69)
-> Request 5
693
(2, 1, 2)
1
(8, 27)
-> Request 6
979
(3, 2, 1)
2
(55, 30)
-> Request 7
987
(3, 2, 1)
1
(43, 35)
-> Request 8
1239
(1, 2, 1)
1
(59, 66)
-> Request 9
1403
(4, 2, 1)
2
(55, 33)
--> Day : 4
-> Request 0
58
(4, 1, 1)
2
(59, 34)
-> Request 1
176
(1, 2, 2)
2
(44, 44)
-> Request 2
623
(4, 2, 1)
1
(20, 71)
-> Request 3
846
(4, 2, 1)
3
(18, 32)
-> Request 4
953
(1, 2, 2)
2
(62, 67)
-> Request 5
962
(3, 1, 2)
1
(8, 47)
-> Request 6
1304
(2, 3, 1)
1
(76, 69)
-> Request 7
1427
(2, 3, 2)
2
(55, 67)
---> Week : 8
--> Day : 0
-> Request 0
342
(2, 3, 2)
3
(17, 28)
-> Request 1
505
(3, 2, 2)
1
(41, 66)
-> Request 2
506
(1, 3, 2)
1
(62, 67)
-> Request 3
749
(1, 1, 2)
1
(76, 78)
-> Request 4
750
(2, 1, 1)
1
(12, 20)
-> Request 5
790
(1, 2, 2)
1
(15, 38)
-> Request 6
790
(4, 1, 2)
3
(62, 66)
-> Request 7
845
(3, 3, 2)
3
(44, 41)
--> Day : 1
-> Request 0
75
(3, 1, 1)
1
(51, 42)
-> Request 1
369
(2, 1, 1)
2
(59, 32)
-> Request 2
423
(4, 2, 2)
3
(64, 77)
-> Request 3
505
(3, 1, 2)
1
(64, 64)
-> Request 4
575
(2, 2, 1)
3
(55, 27)
-> Request 5
595
(2, 3, 1)
2
(52, 68)
-> Request 6
885
(2, 3, 1)
3
(62, 13)
-> Request 7
1094
(2, 2, 2)
1
(57, 20)
-> Request 8
1269
(2, 3, 1)
2
(22, 22)
--> Day : 2
-> Request 0
17
(2, 2, 2)
2
(62, 30)
-> Request 1
41
(1, 2, 2)
3
(44, 34)
-> Request 2
231
(3, 2, 2)
2
(61, 68)
-> Request 3
281
(1, 2, 2)
1
(43, 40)
-> Request 4
312
(2, 3, 1)
1
(59, 36)
-> Request 5
316
(2, 2, 1)
1
(21, 13)
-> Request 6
356
(2, 2, 2)
1
(12, 22)
-> Request 7
367
(3, 1, 1)
1
(48, 38)
-> Request 8
481
(4, 3, 1)
2
(16, 65)
-> Request 9
509
(3, 2, 2)
2
(63, 66)
-> Request 10
660
(2, 2, 2)
2
(44, 41)
-> Request 11
900
(2, 2, 2)
2
(54, 42)
-> Request 12
963
(3, 2, 1)
3
(55, 76)
-> Request 13
1019
(2, 2, 1)
3
(66, 64)
-> Request 14
1106
(3, 3, 1)
1
(28, 0)
-> Request 15
1302
(1, 3, 2)
1
(59, 46)
-> Request 16
1333
(3, 2, 2)
3
(63, 72)
-> Request 17
1373
(2, 1, 2)
2
(59, 34)
-> Request 18
1392
(2, 2, 1)
3
(64, 5)
--> Day : 3
-> Request 0
147
(3, 3, 2)
1
(10, 24)
-> Request 1
236
(1, 3, 2)
2
(52, 75)
-> Request 2
254
(1, 1, 2)
1
(8, 0)
-> Request 3
657
(1, 1, 2)
3
(56, 41)
-> Request 4
668
(1, 1, 1)
1
(62, 78)
-> Request 5
755
(2, 3, 1)
2
(43, 32)
-> Request 6
1087
(1, 2, 2)
1
(79, 43)
-> Request 7
1285
(3, 3, 1)
2
(75, 2)
--> Day : 4
-> Request 0
222
(1, 3, 1)
2
(65, 69)
-> Request 1
467
(4, 3, 1)
3
(57, 68)
-> Request 2
539
(2, 3, 1)
3
(1, 26)
-> Request 3
567
(3, 2, 2)
1
(69, 52)
-> Request 4
772
(2, 2, 2)
2
(58, 5)
-> Request 5
1073
(4, 1, 1)
2
(56, 12)
-> Request 6
1282
(3, 2, 2)
3
(54, 77)
-> Request 7
1399
(2, 1, 1)
1
(35, 53)
---> Week : 9
--> Day : 0
-> Request 0
215
(2, 2, 2)
2
(8, 13)
-> Request 1
646
(3, 1, 2)
3
(49, 43)
-> Request 2
1010
(4, 2, 2)
2
(57, 66)
-> Request 3
1020
(1, 3, 1)
3
(2, 10)
-> Request 4
1144
(1, 3, 2)
2
(54, 43)
--> Day : 1
-> Request 0
22
(2, 3, 1)
1
(25, 53)
-> Request 1
557
(4, 3, 2)
2
(65, 49)
-> Request 2
568
(2, 3, 2)
2
(38, 56)
-> Request 3
673
(4, 2, 2)
1
(46, 31)
-> Request 4
707
(4, 1, 1)
3
(61, 69)
-> Request 5
715
(2, 3, 2)
1
(50, 66)
-> Request 6
790
(1, 1, 2)
1
(17, 23)
-> Request 7
820
(4, 2, 1)
3
(57, 30)
-> Request 8
982
(4, 2, 2)
2
(63, 77)
-> Request 9
1271
(1, 1, 2)
1
(23, 76)
--> Day : 2
-> Request 0
75
(4, 1, 2)
2
(55, 42)
-> Request 1
180
(4, 1, 2)
3
(12, 2)
-> Request 2
257
(3, 1, 1)
3
(67, 13)
-> Request 3
273
(3, 2, 1)
1
(23, 24)
-> Request 4
331
(1, 3, 2)
3
(31, 25)
-> Request 5
520
(3, 2, 2)
2
(43, 70)
-> Request 6
678
(2, 2, 1)
1
(73, 73)
-> Request 7
1207
(3, 2, 2)
1
(74, 1)
-> Request 8
1214
(1, 1, 1)
3
(54, 6)
-> Request 9
1219
(3, 3, 2)
1
(42, 57)
-> Request 10
1285
(4, 3, 2)
2
(12, 28)
-> Request 11
1300
(3, 1, 1)
2
(56, 52)
-> Request 12
1394
(3, 2, 2)
2
(15, 29)
--> Day : 3
-> Request 0
85
(2, 2, 1)
3
(55, 65)
-> Request 1
145
(4, 1, 1)
3
(55, 40)
-> Request 2
409
(1, 1, 2)
1
(30, 50)
-> Request 3
517
(2, 1, 2)
1
(60, 42)
-> Request 4
591
(4, 2, 2)
3
(49, 46)
-> Request 5
623
(3, 3, 2)
2
(38, 29)
-> Request 6
625
(2, 1, 2)
3
(11, 78)
-> Request 7
941
(4, 2, 2)
3
(58, 43)
-> Request 8
1167
(1, 3, 2)
3
(52, 72)
-> Request 9
1290
(2, 2, 1)
3
(53, 32)
--> Day : 4
-> Request 0
151
(2, 3, 2)
1
(51, 43)
-> Request 1
163
(1, 3, 2)
1
(37, 41)
-> Request 2
243
(2, 1, 2)
1
(3, 7)
-> Request 3
399
(4, 1, 1)
1
(28, 54)
-> Request 4
460
(4, 3, 1)
3
(48, 16)
-> Request 5
550
(1, 3, 2)
2
(18, 64)
-> Request 6
561
(4, 1, 2)
3
(69, 31)
-> Request 7
616
(4, 3, 2)
2
(69, 29)
-> Request 8
717
(2, 3, 1)
2
(9, 9)
-> Request 9
1056
(1, 1, 1)
1
(79, 35)
-> Request 10
1132
(4, 3, 2)
2
(40, 24)
---> Week : 10
--> Day : 0
-> Request 0
185
(2, 3, 1)
3
(28, 35)
-> Request 1
453
(4, 3, 1)
1
(14, 21)
-> Request 2
722
(1, 2, 2)
1
(56, 45)
-> Request 3
831
(4, 1, 1)
1
(11, 16)
-> Request 4
1075
(4, 2, 1)
2
(49, 41)
-> Request 5
1367
(2, 3, 1)
1
(47, 37)
--> Day : 1
-> Request 0
152
(1, 1, 1)
2
(24, 30)
-> Request 1
394
(1, 2, 2)
1
(51, 11)
-> Request 2
521
(1, 3, 1)
3
(73, 34)
-> Request 3
688
(1, 3, 1)
3
(9, 34)
-> Request 4
869
(1, 1, 2)
3
(28, 62)
-> Request 5
987
(3, 3, 1)
1
(19, 31)
-> Request 6
1007
(2, 2, 2)
3
(60, 28)
--> Day : 2
-> Request 0
297
(4, 3, 1)
1
(61, 41)
-> Request 1
550
(2, 2, 1)
3
(7, 41)
-> Request 2
620
(2, 2, 2)
3
(1, 66)
-> Request 3
646
(3, 2, 1)
1
(53, 41)
-> Request 4
752
(1, 1, 2)
3
(48, 73)
-> Request 5
930
(4, 3, 2)
1
(50, 27)
-> Request 6
1344
(1, 3, 2)
3
(43, 49)
-> Request 7
1361
(4, 2, 1)
2
(78, 54)
-> Request 8
1426
(2, 1, 1)
3
(46, 43)
--> Day : 3
-> Request 0
613
(2, 1, 2)
2
(8, 24)
-> Request 1
856
(1, 3, 2)
3
(52, 67)
-> Request 2
936
(3, 3, 1)
1
(15, 50)
-> Request 3
1275
(2, 1, 1)
3
(4, 52)
--> Day : 4
-> Request 0
418
(3, 2, 1)
2
(45, 79)
-> Request 1
538
(1, 2, 2)
1
(40, 22)
-> Request 2
573
(2, 1, 2)
3
(11, 26)
-> Request 3
678
(2, 1, 1)
3
(60, 46)
-> Request 4
679
(2, 1, 1)
1
(35, 13)
-> Request 5
1228
(2, 3, 1)
2
(5, 5)
-> Request 6
1237
(3, 1, 2)
3
(57, 64)
-> Request 7
1254
(3, 1, 2)
1
(33, 74)
-> Request 8
1349
(1, 1, 2)
3
(63, 70)
---> Week : 11
--> Day : 0
-> Request 0
50
(2, 1, 1)
1
(52, 44)
-> Request 1
182
(3, 1, 1)
2
(59, 44)
-> Request 2
462
(3, 3, 2)
2
(54, 37)
-> Request 3
466
(1, 3, 2)
2
(72, 77)
-> Request 4
577
(3, 2, 1)
3
(64, 12)
-> Request 5
744
(4, 1, 1)
2
(68, 48)
-> Request 6
833
(3, 2, 2)
1
(29, 1)
-> Request 7
1202
(2, 1, 2)
1
(15, 26)
-> Request 8
1337
(1, 2, 2)
1
(51, 33)
-> Request 9
1356
(3, 2, 1)
1
(63, 74)
-> Request 10
1379
(4, 1, 1)
2
(69, 34)
--> Day : 1
-> Request 0
72
(1, 1, 2)
3
(52, 27)
-> Request 1
704
(4, 3, 1)
1
(45, 32)
-> Request 2
743
(2, 3, 2)
2
(47, 79)
-> Request 3
814
(2, 2, 1)
2
(51, 36)
-> Request 4
854
(3, 3, 2)
3
(58, 77)
-> Request 5
1003
(3, 3, 2)
2
(49, 11)
-> Request 6
1060
(4, 1, 1)
2
(64, 78)
-> Request 7
1306
(4, 3, 2)
3
(46, 35)
-> Request 8
1313
(1, 3, 1)
2
(59, 72)
-> Request 9
1394
(1, 3, 2)
2
(16, 20)
--> Day : 2
-> Request 0
84
(4, 2, 1)
2
(47, 9)
-> Request 1
348
(2, 3, 1)
3
(19, 5)
-> Request 2
720
(1, 1, 1)
1
(22, 12)
-> Request 3
948
(4, 3, 1)
1
(53, 20)
-> Request 4
1040
(4, 3, 2)
1
(50, 34)
-> Request 5
1040
(2, 3, 1)
2
(61, 71)
-> Request 6
1101
(3, 3, 2)
2
(11, 20)
-> Request 7
1218
(3, 1, 2)
1
(54, 44)
-> Request 8
1337
(3, 1, 1)
3
(64, 67)
--> Day : 3
-> Request 0
150
(1, 2, 1)
1
(61, 64)
-> Request 1
361
(2, 2, 2)
2
(49, 70)
-> Request 2
381
(2, 3, 2)
3
(78, 21)
-> Request 3
466
(3, 1, 1)
2
(59, 37)
-> Request 4
593
(1, 2, 2)
1
(57, 40)
-> Request 5
631
(2, 3, 2)
3
(56, 29)
-> Request 6
870
(3, 3, 1)
1
(76, 47)
-> Request 7
995
(4, 3, 1)
1
(47, 30)
-> Request 8
1029
(2, 1, 1)
2
(13, 28)
-> Request 9
1190
(4, 1, 1)
1
(46, 11)
-> Request 10
1299
(2, 2, 2)
2
(47, 75)
-> Request 11
1329
(4, 2, 2)
2
(33, 43)
--> Day : 4
-> Request 0
240
(4, 2, 1)
1
(68, 12)
-> Request 1
442
(3, 1, 1)
1
(51, 29)
-> Request 2
502
(3, 2, 2)
3
(58, 33)
-> Request 3
548
(4, 1, 2)
2
(61, 67)
-> Request 4
662
(2, 3, 2)
3
(15, 22)
-> Request 5
814
(4, 1, 2)
2
(10, 25)
-> Request 6
1105
(3, 1, 1)
1
(8, 23)
-> Request 7
1404
(3, 1, 1)
3
(8, 59)
-> Request 8
1409
(4, 2, 1)
3
(72, 70)
---> Week : 12
--> Day : 0
-> Request 0
16
(4, 3, 2)
3
(65, 78)
-> Request 1
59
(4, 2, 1)
2
(55, 27)
-> Request 2
64
(1, 2, 1)
1
(58, 70)
-> Request 3
575
(1, 1, 1)
3
(47, 31)
-> Request 4
725
(2, 1, 1)
3
(27, 45)
-> Request 5
838
(3, 1, 1)
1
(1, 18)
-> Request 6
849
(4, 3, 2)
2
(61, 50)
--> Day : 1
-> Request 0
107
(2, 3, 2)
3
(62, 52)
-> Request 1
400
(4, 3, 2)
1
(32, 12)
-> Request 2
557
(3, 3, 1)
3
(29, 56)
-> Request 3
575
(2, 3, 1)
1
(3, 1)
-> Request 4
665
(2, 3, 2)
2
(61, 71)
-> Request 5
1010
(4, 3, 2)
2
(57, 39)
-> Request 6
1158
(3, 3, 1)
2
(57, 46)
-> Request 7
1316
(1, 1, 2)
3
(49, 36)
-> Request 8
1412
(1, 2, 2)
3
(47, 32)
--> Day : 2
-> Request 0
378
(4, 1, 1)
2
(51, 43)
-> Request 1
673
(4, 3, 2)
3
(43, 27)
-> Request 2
868
(4, 3, 2)
2
(65, 15)
-> Request 3
920
(3, 1, 2)
2
(51, 73)
-> Request 4
923
(4, 2, 1)
2
(56, 31)
-> Request 5
1008
(4, 2, 1)
2
(41, 39)
-> Request 6
1377
(4, 2, 2)
1
(70, 47)
--> Day : 3
-> Request 0
282
(4, 1, 2)
3
(76, 12)
-> Request 1
635
(3, 3, 1)
1
(54, 69)
-> Request 2
706
(4, 1, 1)
2
(54, 46)
-> Request 3
1012
(2, 3, 2)
1
(53, 70)
-> Request 4
1258
(1, 2, 1)
2
(66, 66)
-> Request 5
1267
(4, 1, 2)
1
(59, 58)
--> Day : 4
-> Request 0
129
(2, 2, 1)
3
(61, 67)
-> Request 1
165
(1, 2, 2)
1
(16, 27)
-> Request 2
397
(4, 3, 1)
3
(74, 45)
-> Request 3
470
(3, 1, 2)
2
(63, 69)
-> Request 4
492
(1, 3, 1)
3
(10, 20)
-> Request 5
600
(3, 1, 1)
3
(71, 43)
-> Request 6
718
(1, 1, 1)
2
(2, 32)
-> Request 7
823
(4, 3, 1)
2
(8, 5)
-> Request 8
916
(2, 1, 1)
1
(58, 58)
-> Request 9
1037
(4, 1, 2)
3
(16, 22)
-> Request 10
1063
(1, 1, 2)
3
(65, 71)
-> Request 11
1071
(3, 3, 2)
2
(53, 33)
-> Request 12
1128
(3, 2, 2)
1
(24, 70)
-> Request 13
1169
(2, 2, 1)
2
(46, 37)
-> Request 14
1171
(2, 1, 2)
2
(61, 31)
-> Request 15
1196
(3, 2, 2)
2
(53, 73)
-> Request 16
1399
(2, 2, 1)
1
(63, 68)
---> Week : 13
--> Day : 0
-> Request 0
45
(1, 2, 2)
3
(57, 15)
-> Request 1
48
(2, 1, 1)
3
(56, 33)
-> Request 2
87
(4, 2, 1)
2
(59, 76)
-> Request 3
353
(1, 3, 2)
2
(11, 27)
-> Request 4
455
(2, 1, 1)
1
(0, 44)
-> Request 5
597
(3, 2, 2)
3
(55, 27)
-> Request 6
707
(1, 2, 2)
2
(54, 64)
-> Request 7
780
(2, 1, 2)
1
(30, 40)
-> Request 8
878
(4, 1, 2)
3
(15, 20)
-> Request 9
1160
(1, 2, 2)
3
(17, 72)
-> Request 10
1205
(1, 2, 1)
1
(46, 27)
-> Request 11
1246
(1, 2, 2)
1
(15, 24)
-> Request 12
1286
(2, 2, 2)
3
(53, 76)
-> Request 13
1292
(2, 2, 2)
1
(25, 31)
-> Request 14
1413
(1, 2, 1)
3
(43, 44)
--> Day : 1
-> Request 0
23
(3, 1, 2)
3
(74, 48)
-> Request 1
355
(2, 3, 1)
3
(71, 6)
-> Request 2
566
(2, 2, 1)
3
(12, 60)
-> Request 3
1023
(3, 3, 2)
2
(60, 33)
-> Request 4
1343
(2, 1, 1)
3
(40, 53)
-> Request 5
1392
(3, 1, 2)
1
(45, 43)
--> Day : 2
-> Request 0
50
(3, 1, 2)
2
(10, 43)
-> Request 1
293
(2, 1, 2)
3
(65, 76)
-> Request 2
353
(1, 3, 1)
1
(57, 35)
-> Request 3
871
(2, 3, 2)
1
(16, 23)
-> Request 4
1085
(4, 3, 1)
1
(3, 8)
-> Request 5
1159
(3, 1, 2)
2
(25, 64)
-> Request 6
1161
(1, 3, 2)
1
(76, 73)
-> Request 7
1263
(4, 2, 2)
3
(52, 26)
-> Request 8
1319
(3, 1, 2)
1
(9, 25)
--> Day : 3
-> Request 0
28
(1, 1, 1)
2
(75, 36)
-> Request 1
45
(4, 3, 2)
1
(74, 70)
-> Request 2
67
(2, 2, 1)
2
(2, 25)
-> Request 3
113
(4, 1, 1)
2
(49, 36)
-> Request 4
262
(2, 1, 1)
1
(27, 5)
-> Request 5
338
(1, 2, 1)
1
(0, 18)
-> Request 6
715
(3, 3, 2)
1
(49, 44)
-> Request 7
967
(1, 3, 2)
3
(61, 59)
-> Request 8
1076
(1, 2, 1)
2
(60, 35)
--> Day : 4
-> Request 0
91
(4, 3, 1)
2
(12, 13)
-> Request 1
227
(3, 2, 2)
3
(56, 30)
-> Request 2
310
(2, 2, 2)
1
(22, 23)
-> Request 3
504
(3, 3, 1)
2
(62, 36)
-> Request 4
515
(3, 1, 2)
2
(16, 29)
-> Request 5
778
(4, 3, 2)
3
(38, 10)
-> Request 6
873
(3, 1, 1)
2
(47, 37)
-> Request 7
1058
(4, 2, 2)
3
(17, 21)
-> Request 8
1063
(1, 2, 1)
2
(48, 46)
-> Request 9
1098
(2, 1, 1)
2
(64, 65)
-> Request 10
1136
(3, 3, 1)
1
(52, 61)
-> Request 11
1252
(1, 1, 1)
1
(69, 61)
-> Request 12
1319
(2, 1, 2)
2
(18, 3)
-> Request 13
1350
(2, 2, 1)
2
(56, 34)
---> Week : 14
--> Day : 0
-> Request 0
210
(1, 2, 2)
1
(61, 32)
-> Request 1
289
(4, 1, 1)
2
(77, 29)
-> Request 2
367
(1, 2, 2)
3
(68, 60)
-> Request 3
430
(4, 1, 1)
3
(58, 46)
-> Request 4
514
(4, 3, 1)
2
(59, 40)
-> Request 5
579
(2, 2, 1)
3
(52, 74)
-> Request 6
588
(1, 2, 2)
1
(10, 25)
-> Request 7
987
(1, 1, 1)
3
(10, 61)
-> Request 8
1066
(4, 1, 1)
3
(54, 74)
-> Request 9
1278
(3, 2, 2)
3
(48, 41)
-> Request 10
1379
(2, 3, 1)
1
(74, 57)
-> Request 11
1418
(2, 3, 1)
2
(46, 12)
--> Day : 1
-> Request 0
244
(2, 1, 1)
2
(46, 29)
-> Request 1
454
(2, 3, 2)
1
(6, 0)
-> Request 2
627
(2, 1, 1)
1
(50, 36)
-> Request 3
640
(3, 3, 2)
3
(14, 23)
-> Request 4
698
(3, 1, 2)
3
(52, 45)
-> Request 5
825
(4, 3, 2)
2
(60, 52)
-> Request 6
856
(2, 2, 2)
2
(10, 23)
-> Request 7
886
(2, 1, 1)
2
(58, 71)
-> Request 8
940
(4, 2, 2)
2
(64, 67)
-> Request 9
996
(2, 1, 2)
1
(46, 38)
-> Request 10
1235
(2, 1, 1)
2
(47, 25)
-> Request 11
1436
(1, 3, 2)
2
(5, 11)
--> Day : 2
-> Request 0
408
(2, 1, 1)
1
(56, 56)
-> Request 1
491
(1, 1, 1)
3
(57, 37)
-> Request 2
493
(3, 2, 1)
3
(42, 73)
-> Request 3
586
(3, 1, 2)
3
(59, 78)
-> Request 4
693
(2, 3, 2)
3
(56, 39)
-> Request 5
1007
(1, 2, 2)
1
(58, 72)
--> Day : 3
-> Request 0
131
(2, 1, 2)
1
(76, 44)
-> Request 1
345
(1, 1, 2)
2
(64, 71)
-> Request 2
761
(1, 3, 1)
3
(41, 53)
-> Request 3
939
(1, 1, 1)
1
(11, 23)
--> Day : 4
-> Request 0
257
(2, 1, 2)
1
(67, 62)
-> Request 1
311
(4, 2, 1)
2
(60, 32)
-> Request 2
544
(3, 1, 1)
3
(43, 45)
-> Request 3
612
(3, 3, 2)
2
(52, 75)
-> Request 4
641
(3, 3, 1)
1
(70, 29)
-> Request 5
710
(1, 2, 1)
1
(76, 2)
-> Request 6
1026
(1, 1, 1)
2
(61, 65)
-> Request 7
1139
(3, 1, 2)
1
(43, 31)
---> Week : 15
--> Day : 0
-> Request 0
66
(2, 3, 1)
2
(45, 46)
-> Request 1
132
(1, 3, 2)
2
(45, 36)
-> Request 2
137
(3, 1, 1)
2
(58, 73)
-> Request 3
146
(4, 3, 2)
2
(58, 35)
-> Request 4
155
(1, 3, 1)
3
(55, 73)
-> Request 5
352
(2, 1, 1)
1
(8, 26)
-> Request 6
366
(1, 2, 1)
3
(47, 46)
-> Request 7
383
(3, 1, 2)
2
(56, 29)
-> Request 8
492
(3, 2, 1)
1
(58, 44)
-> Request 9
561
(1, 3, 2)
3
(7, 44)
-> Request 10
581
(2, 3, 2)
3
(18, 43)
-> Request 11
658
(2, 3, 1)
1
(56, 69)
-> Request 12
660
(2, 3, 2)
3
(0, 67)
-> Request 13
951
(2, 1, 1)
2
(54, 21)
-> Request 14
1047
(3, 3, 2)
2
(55, 66)
-> Request 15
1118
(4, 3, 2)
1
(61, 28)
-> Request 16
1409
(3, 3, 1)
2
(75, 22)
--> Day : 1
-> Request 0
46
(2, 1, 2)
2
(46, 53)
-> Request 1
99
(1, 1, 1)
1
(63, 66)
-> Request 2
209
(4, 2, 2)
2
(42, 62)
-> Request 3
376
(2, 2, 2)
3
(64, 29)
-> Request 4
422
(2, 2, 1)
2
(59, 46)
-> Request 5
507
(4, 2, 1)
3
(15, 16)
-> Request 6
675
(3, 2, 1)
2
(52, 73)
-> Request 7
857
(1, 3, 2)
3
(51, 7)
-> Request 8
1195
(3, 1, 2)
1
(4, 12)
-> Request 9
1203
(1, 3, 1)
1
(56, 30)
-> Request 10
1338
(3, 2, 1)
3
(54, 77)
--> Day : 2
-> Request 0
179
(1, 1, 1)
2
(66, 17)
-> Request 1
350
(1, 3, 2)
2
(61, 27)
-> Request 2
421
(3, 2, 2)
3
(47, 27)
-> Request 3
614
(1, 1, 2)
2
(30, 65)
-> Request 4
663
(2, 2, 1)
2
(6, 7)
-> Request 5
684
(2, 1, 2)
3
(47, 32)
-> Request 6
1054
(3, 3, 2)
3
(63, 70)
-> Request 7
1060
(4, 3, 1)
2
(9, 9)
-> Request 8
1245
(1, 3, 2)
1
(50, 4)
-> Request 9
1302
(3, 1, 2)
1
(37, 7)
--> Day : 3
-> Request 0
128
(2, 2, 2)
2
(64, 75)
-> Request 1
558
(2, 2, 2)
3
(52, 32)
-> Request 2
860
(4, 1, 1)
2
(64, 59)
-> Request 3
1224
(4, 1, 2)
1
(30, 26)
-> Request 4
1351
(1, 1, 2)
2
(52, 42)
-> Request 5
1439
(1, 1, 1)
3
(79, 49)
--> Day : 4
-> Request 0
101
(2, 2, 1)
2
(10, 26)
-> Request 1
353
(4, 1, 2)
2
(12, 44)
-> Request 2
628
(3, 2, 2)
3
(50, 38)
-> Request 3
932
(3, 3, 1)
2
(66, 78)
-> Request 4
1133
(2, 3, 1)
2
(23, 6)
---> Week : 16
--> Day : 0
-> Request 0
70
(4, 2, 2)
3
(56, 42)
-> Request 1
88
(2, 2, 1)
2
(30, 52)
-> Request 2
210
(3, 2, 2)
3
(27, 20)
-> Request 3
309
(4, 2, 2)
2
(57, 31)
-> Request 4
477
(1, 3, 1)
1
(61, 28)
-> Request 5
587
(2, 2, 2)
3
(65, 65)
-> Request 6
627
(4, 3, 2)
1
(63, 70)
-> Request 7
637
(3, 3, 1)
3
(9, 21)
-> Request 8
903
(1, 3, 2)
2
(7, 4)
-> Request 9
907
(1, 3, 2)
3
(64, 66)
-> Request 10
932
(2, 3, 2)
1
(49, 77)
-> Request 11
1165
(2, 1, 2)
1
(52, 36)
-> Request 12
1180
(1, 2, 2)
3
(21, 46)
-> Request 13
1181
(1, 1, 2)
3
(49, 44)
-> Request 14
1222
(4, 2, 2)
3
(35, 74)
--> Day : 1
-> Request 0
303
(1, 2, 2)
1
(40, 63)
-> Request 1
451
(4, 2, 1)
3
(56, 27)
-> Request 2
506
(3, 3, 2)
1
(34, 48)
-> Request 3
508
(3, 1, 1)
1
(44, 40)
-> Request 4
549
(4, 3, 2)
3
(61, 33)
-> Request 5
841
(1, 1, 1)
2
(61, 74)
-> Request 6
1138
(1, 3, 2)
3
(49, 36)
-> Request 7
1276
(1, 2, 1)
3
(44, 63)
-> Request 8
1321
(1, 3, 1)
1
(25, 76)
-> Request 9
1401
(1, 1, 1)
1
(60, 41)
--> Day : 2
-> Request 0
176
(2, 3, 1)
3
(49, 30)
-> Request 1
192
(4, 2, 1)
3
(55, 28)
-> Request 2
1074
(2, 2, 2)
3
(68, 36)
-> Request 3
1259
(4, 1, 2)
1
(41, 37)
-> Request 4
1426
(2, 3, 2)
3
(49, 34)
--> Day : 3
-> Request 0
382
(2, 2, 1)
3
(67, 28)
-> Request 1
385
(2, 3, 2)
3
(50, 31)
-> Request 2
628
(2, 2, 1)
2
(2, 41)
-> Request 3
658
(3, 2, 2)
3
(31, 20)
-> Request 4
714
(1, 3, 2)
2
(0, 34)
-> Request 5
982
(2, 1, 2)
1
(59, 71)
-> Request 6
1007
(3, 2, 1)
1
(44, 35)
-> Request 7
1035
(2, 2, 2)
2
(60, 77)
-> Request 8
1392
(2, 3, 1)
3
(51, 30)
-> Request 9
1438
(4, 2, 1)
1
(26, 30)
--> Day : 4
-> Request 0
118
(4, 1, 1)
3
(57, 46)
-> Request 1
144
(4, 1, 2)
2
(42, 43)
-> Request 2
178
(2, 2, 2)
2
(43, 34)
-> Request 3
240
(2, 3, 2)
1
(48, 45)
-> Request 4
1169
(3, 3, 1)
2
(48, 4)
-> Request 5
1291
(2, 2, 1)
1
(57, 35)
-> Request 6
1318
(2, 3, 1)
2
(8, 23)
-> Request 7
1363
(1, 1, 1)
1
(13, 24)
---> Week : 17
--> Day : 0
-> Request 0
211
(2, 2, 2)
3
(56, 43)
-> Request 1
215
(3, 1, 1)
2
(10, 7)
-> Request 2
314
(1, 2, 2)
3
(11, 29)
-> Request 3
537
(1, 1, 1)
2
(31, 38)
-> Request 4
658
(4, 2, 2)
3
(44, 38)
-> Request 5
1092
(2, 2, 2)
2
(66, 64)
-> Request 6
1416
(1, 1, 2)
3
(53, 25)
--> Day : 1
-> Request 0
506
(4, 1, 1)
1
(47, 38)
-> Request 1
526
(3, 1, 2)
1
(74, 75)
-> Request 2
681
(1, 1, 2)
2
(60, 70)
-> Request 3
682
(3, 3, 1)
1
(11, 24)
-> Request 4
878
(4, 2, 1)
3
(44, 39)
-> Request 5
884
(1, 2, 1)
2
(77, 50)
-> Request 6
934
(1, 3, 2)
1
(33, 31)
-> Request 7
1276
(2, 2, 2)
1
(39, 30)
--> Day : 2
-> Request 0
83
(2, 1, 2)
1
(60, 36)
-> Request 1
196
(3, 1, 1)
1
(6, 74)
-> Request 2
540
(4, 2, 1)
3
(52, 43)
-> Request 3
556
(2, 1, 1)
1
(17, 23)
-> Request 4
683
(1, 1, 1)
3
(6, 17)
-> Request 5
983
(4, 1, 1)
1
(62, 44)
-> Request 6
1013
(4, 3, 1)
3
(55, 34)
-> Request 7
1034
(4, 2, 1)
2
(35, 12)
-> Request 8
1073
(4, 2, 1)
1
(64, 46)
-> Request 9
1312
(4, 1, 2)
2
(57, 29)
-> Request 10
1350
(1, 1, 1)
3
(52, 65)
--> Day : 3
-> Request 0
116
(3, 2, 2)
1
(56, 32)
-> Request 1
120
(3, 1, 1)
3
(45, 43)
-> Request 2
137
(2, 3, 2)
1
(9, 23)
-> Request 3
171
(2, 3, 1)
2
(60, 19)
-> Request 4
244
(1, 2, 2)
1
(77, 6)
-> Request 5
255
(3, 3, 1)
3
(59, 68)
-> Request 6
564
(2, 2, 2)
3
(40, 10)
-> Request 7
827
(1, 2, 2)
1
(77, 68)
-> Request 8
849
(3, 2, 2)
2
(62, 67)
--> Day : 4
-> Request 0
82
(4, 2, 1)
2
(8, 76)
-> Request 1
321
(1, 2, 1)
2
(61, 39)
-> Request 2
365
(4, 3, 1)
2
(51, 41)
-> Request 3
635
(2, 3, 1)
2
(59, 71)
-> Request 4
649
(1, 1, 1)
3
(60, 40)
-> Request 5
651
(3, 1, 2)
2
(46, 40)
-> Request 6
694
(3, 2, 1)
1
(79, 49)
-> Request 7
713
(3, 2, 1)
3
(10, 6)
-> Request 8
740
(4, 1, 1)
1
(57, 30)
-> Request 9
806
(2, 2, 2)
3
(47, 33)
-> Request 10
923
(3, 2, 2)
3
(15, 22)
-> Request 11
1114
(1, 1, 1)
3
(62, 47)
-> Request 12
1271
(2, 1, 1)
3
(34, 28)
-> Request 13
1415
(1, 1, 2)
3
(54, 9)
---> Week : 18
--> Day : 0
-> Request 0
319
(4, 1, 2)
1
(58, 31)
-> Request 1
331
(4, 1, 2)
1
(59, 32)
-> Request 2
438
(1, 1, 2)
3
(55, 41)
-> Request 3
604
(1, 1, 2)
2
(44, 20)
-> Request 4
1160
(1, 3, 2)
3
(58, 36)
-> Request 5
1254
(1, 1, 1)
2
(30, 74)
-> Request 6
1269
(3, 1, 2)
2
(60, 66)
--> Day : 1
-> Request 0
9
(2, 3, 2)
3
(48, 42)
-> Request 1
144
(2, 2, 2)
3
(48, 39)
-> Request 2
296
(4, 1, 2)
3
(53, 72)
-> Request 3
320
(3, 2, 2)
1
(60, 25)
-> Request 4
496
(3, 1, 1)
2
(43, 40)
-> Request 5
578
(4, 1, 1)
1
(54, 27)
-> Request 6
594
(2, 2, 2)
1
(54, 78)
-> Request 7
621
(4, 1, 2)
3
(17, 23)
-> Request 8
646
(3, 3, 1)
2
(59, 55)
-> Request 9
677
(1, 1, 1)
3
(61, 29)
-> Request 10
714
(4, 3, 1)
3
(76, 53)
-> Request 11
776
(1, 2, 1)
2
(56, 43)
-> Request 12
815
(1, 1, 1)
1
(58, 77)
-> Request 13
960
(1, 2, 1)
3
(53, 45)
-> Request 14
986
(1, 2, 1)
3
(66, 64)
-> Request 15
1283
(4, 1, 2)
1
(35, 9)
--> Day : 2
-> Request 0
469
(4, 1, 1)
3
(59, 45)
-> Request 1
661
(1, 1, 1)
3
(8, 22)
-> Request 2
1204
(3, 1, 1)
3
(47, 45)
-> Request 3
1290
(3, 1, 2)
2
(59, 68)
-> Request 4
1434
(2, 3, 1)
1
(45, 33)
--> Day : 3
-> Request 0
73
(3, 1, 1)
2
(57, 68)
-> Request 1
394
(4, 2, 2)
3
(14, 22)
-> Request 2
421
(3, 2, 2)
2
(43, 5)
-> Request 3
446
(4, 2, 1)
2
(53, 36)
-> Request 4
766
(3, 3, 1)
3
(52, 64)
-> Request 5
923
(2, 1, 1)
1
(9, 25)
-> Request 6
1274
(4, 3, 1)
2
(54, 48)
-> Request 7
1370
(2, 3, 2)
1
(3, 69)
--> Day : 4
-> Request 0
41
(2, 3, 2)
3
(56, 25)
-> Request 1
248
(1, 3, 2)
1
(50, 36)
-> Request 2
253
(2, 1, 1)
2
(23, 24)
-> Request 3
499
(2, 1, 2)
3
(23, 31)
-> Request 4
515
(2, 3, 2)
3
(78, 38)
-> Request 5
519
(4, 1, 1)
2
(18, 47)
-> Request 6
600
(4, 2, 1)
1
(61, 35)
-> Request 7
743
(3, 3, 1)
2
(32, 29)
-> Request 8
1303
(1, 2, 1)
1
(66, 68)
-> Request 9
1333
(1, 2, 1)
3
(63, 75)
-> Request 10
1401
(2, 1, 2)
3
(48, 22)
---> Week : 19
--> Day : 0
-> Request 0
89
(2, 3, 2)
3
(58, 74)
-> Request 1
95
(2, 3, 2)
1
(66, 72)
-> Request 2
767
(1, 2, 1)
1
(57, 22)
-> Request 3
906
(3, 1, 1)
1
(48, 45)
-> Request 4
1025
(3, 3, 2)
3
(52, 76)
-> Request 5
1108
(3, 1, 2)
1
(61, 27)
-> Request 6
1243
(3, 1, 2)
3
(59, 30)
-> Request 7
1283
(1, 2, 1)
1
(79, 75)
-> Request 8
1357
(3, 3, 1)
2
(61, 37)
-> Request 9
1429
(1, 1, 2)
3
(61, 66)
--> Day : 1
-> Request 0
169
(1, 3, 2)
2
(16, 24)
-> Request 1
203
(2, 1, 1)
1
(59, 41)
-> Request 2
452
(1, 1, 2)
2
(55, 24)
-> Request 3
474
(2, 1, 1)
2
(58, 79)
-> Request 4
691
(4, 2, 1)
2
(22, 70)
-> Request 5
778
(3, 3, 1)
3
(56, 17)
-> Request 6
876
(3, 2, 1)
2
(53, 72)
-> Request 7
1030
(1, 3, 2)
3
(47, 70)
-> Request 8
1050
(4, 2, 2)
1
(62, 33)
-> Request 9
1089
(3, 1, 2)
1
(56, 73)
-> Request 10
1111
(2, 1, 1)
2
(49, 46)
-> Request 11
1116
(3, 2, 1)
1
(53, 33)
-> Request 12
1132
(1, 1, 2)
2
(2, 13)
-> Request 13
1212
(4, 1, 1)
1
(63, 65)
-> Request 14
1391
(2, 3, 2)
3
(7, 34)
--> Day : 2
-> Request 0
410
(4, 1, 1)
1
(44, 44)
-> Request 1
438
(4, 2, 2)
2
(22, 51)
-> Request 2
520
(2, 1, 1)
2
(47, 32)
-> Request 3
530
(1, 3, 1)
2
(60, 79)
-> Request 4
658
(2, 2, 1)
1
(52, 31)
-> Request 5
1009
(2, 1, 1)
1
(37, 53)
-> Request 6
1387
(3, 2, 1)
2
(34, 39)
--> Day : 3
-> Request 0
6
(4, 3, 2)
3
(59, 29)
-> Request 1
14
(3, 3, 2)
3
(60, 41)
-> Request 2
51
(2, 3, 1)
3
(56, 38)
-> Request 3
230
(4, 3, 2)
3
(17, 31)
-> Request 4
247
(1, 2, 1)
2
(66, 16)
-> Request 5
329
(2, 2, 1)
1
(51, 45)
-> Request 6
817
(3, 3, 2)
1
(57, 64)
-> Request 7
823
(2, 1, 2)
2
(47, 38)
-> Request 8
1002
(2, 1, 2)
3
(65, 45)
-> Request 9
1029
(3, 1, 2)
2
(51, 42)
-> Request 10
1141
(4, 2, 1)
3
(13, 54)
-> Request 11
1247
(2, 3, 1)
3
(62, 67)
-> Request 12
1352
(2, 1, 2)
3
(66, 55)
--> Day : 4
-> Request 0
231
(1, 3, 1)
3
(61, 70)
-> Request 1
669
(4, 1, 1)
1
(30, 66)
-> Request 2
831
(2, 1, 2)
3
(56, 74)
-> Request 3
920
(4, 2, 2)
1
(54, 31)
-> Request 4
1125
(2, 1, 2)
3
(56, 73)
-> Request 5
1137
(2, 1, 2)
1
(22, 78)
-> Request 6
1308
(2, 2, 2)
1
(63, 76)
