---> Week : 0
--> Day : 0
-> Request 0
152
(2, 3, 1)
1
(14, 27)
-> Request 1
326
(3, 2, 2)
3
(55, 65)
-> Request 2
370
(2, 1, 1)
2
(56, 36)
-> Request 3
454
(2, 1, 1)
1
(61, 9)
-> Request 4
600
(3, 1, 1)
1
(62, 9)
-> Request 5
604
(4, 2, 2)
3
(62, 39)
-> Request 6
809
(3, 3, 1)
2
(68, 65)
-> Request 7
952
(1, 1, 2)
1
(21, 38)
-> Request 8
1059
(3, 2, 1)
3
(15, 25)
-> Request 9
1115
(1, 2, 1)
1
(15, 72)
-> Request 10
1376
(2, 1, 1)
3
(64, 66)
-> Request 11
1418
(2, 3, 2)
3
(4, 25)
--> Day : 1
-> Request 0
51
(4, 1, 2)
1
(48, 28)
-> Request 1
139
(2, 3, 2)
3
(56, 72)
-> Request 2
654
(2, 3, 2)
1
(2, 35)
-> Request 3
678
(3, 2, 1)
2
(20, 73)
-> Request 4
1002
(4, 2, 2)
2
(17, 51)
-> Request 5
1034
(3, 3, 2)
2
(53, 33)
-> Request 6
1132
(2, 3, 1)
3
(47, 39)
-> Request 7
1164
(1, 1, 2)
1
(21, 0)
-> Request 8
1425
(1, 3, 2)
3
(32, 67)
--> Day : 2
-> Request 0
28
(4, 2, 1)
2
(52, 73)
-> Request 1
90
(2, 1, 2)
3
(35, 75)
-> Request 2
157
(2, 2, 1)
2
(57, 45)
-> Request 3
195
(3, 1, 1)
1
(58, 32)
-> Request 4
365
(3, 2, 2)
1
(23, 43)
-> Request 5
726
(2, 3, 2)
1
(1, 72)
-> Request 6
734
(3, 2, 2)
3
(57, 65)
-> Request 7
738
(2, 3, 1)
3
(21, 59)
-> Request 8
859
(1, 3, 2)
3
(54, 31)
-> Request 9
877
(1, 3, 1)
1
(48, 40)
-> Request 10
1141
(4, 1, 1)
1
(60, 46)
-> Request 11
1249
(2, 2, 2)
3
(55, 29)
-> Request 12
1357
(2, 2, 1)
1
(58, 36)
--> Day : 3
-> Request 0
16
(2, 2, 1)
3
(19, 1)
-> Request 1
302
(3, 1, 2)
2
(59, 78)
-> Request 2
340
(1, 1, 1)
3
(61, 0)
-> Request 3
384
(3, 2, 2)
2
(74, 34)
-> Request 4
385
(1, 3, 2)
3
(55, 67)
-> Request 5
446
(3, 2, 1)
3
(62, 29)
-> Request 6
530
(3, 3, 2)
1
(10, 23)
-> Request 7
733
(2, 3, 2)
2
(62, 34)
-> Request 8
853
(1, 3, 2)
2
(25, 65)
-> Request 9
971
(3, 3, 1)
3
(46, 29)
-> Request 10
1104
(2, 1, 1)
1
(49, 25)
-> Request 11
1157
(2, 2, 1)
2
(49, 55)
-> Request 12
1269
(1, 1, 2)
3
(47, 42)
-> Request 13
1355
(4, 1, 1)
2
(59, 66)
--> Day : 4
-> Request 0
98
(3, 3, 1)
3
(62, 33)
-> Request 1
100
(1, 3, 2)
3
(58, 33)
-> Request 2
234
(3, 1, 1)
1
(49, 1)
-> Request 3
315
(4, 2, 1)
3
(6, 59)
-> Request 4
438
(1, 3, 1)
2
(3, 2)
-> Request 5
447
(1, 3, 2)
1
(43, 16)
-> Request 6
579
(1, 1, 1)
1
(54, 67)
-> Request 7
731
(3, 3, 1)
1
(65, 76)
-> Request 8
1103
(1, 3, 1)
3
(32, 57)
-> Request 9
1117
(1, 1, 2)
2
(49, 15)
-> Request 10
1276
(4, 3, 2)
2
(52, 33)
-> Request 11
1340
(3, 1, 1)
3
(53, 37)
---> Week : 1
--> Day : 0
-> Request 0
48
(3, 3, 1)
1
(58, 63)
-> Request 1
73
(4, 3, 2)
1
(59, 28)
-> Request 2
212
(2, 3, 1)
1
(10, 28)
-> Request 3
239
(4, 3, 1)
2
(44, 27)
-> Request 4
381
(1, 3, 2)
3
(60, 1)
-> Request 5
422
(1, 1, 1)
2
(47, 27)
-> Request 6
423
(4, 1, 1)
3
(67, 16)
-> Request 7
720
(4, 1, 1)
3
(55, 65)
-> Request 8
972
(2, 2, 1)
1
(51, 1)
-> Request 9
1143
(3, 3, 2)
3
(14, 24)
-> Request 10
1176
(2, 1, 1)
2
(57, 70)
-> Request 11
1281
(4, 2, 1)
3
(54, 36)
--> Day : 1
-> Request 0
113
(1, 1, 2)
3
(52, 33)
-> Request 1
129
(4, 2, 2)
3
(61, 38)
-> Request 2
151
(1, 3, 2)
1
(14, 22)
-> Request 3
230
(1, 3, 1)
3
(45, 30)
-> Request 4
446
(2, 3, 1)
2
(15, 68)
-> Request 5
565
(3, 1, 2)
3
(60, 53)
-> Request 6
594
(3, 2, 1)
2
(21, 62)
-> Request 7
694
(3, 1, 1)
1
(46, 44)
-> Request 8
865
(3, 1, 1)
1
(51, 37)
-> Request 9
1171
(3, 3, 2)
3
(32, 9)
-> Request 10
1291
(4, 3, 1)
1
(51, 10)
-> Request 11
1353
(1, 3, 1)
3
(20, 32)
-> Request 12
1401
(3, 2, 2)
3
(15, 53)
-> Request 13
1413
(4, 2, 2)
1
(58, 43)
--> Day : 2
-> Request 0
221
(3, 3, 1)
1
(58, 26)
-> Request 1
313
(2, 1, 2)
3
(34, 50)
-> Request 2
556
(1, 3, 2)
1
(22, 26)
-> Request 3
646
(2, 1, 1)
1
(46, 36)
-> Request 4
655
(4, 2, 1)
1
(56, 34)
-> Request 5
828
(3, 3, 1)
1
(1, 26)
-> Request 6
857
(3, 3, 1)
1
(17, 5)
-> Request 7
1055
(3, 2, 1)
1
(62, 28)
-> Request 8
1208
(3, 2, 1)
1
(0, 54)
-> Request 9
1237
(3, 3, 1)
3
(10, 26)
-> Request 10
1343
(4, 1, 1)
1
(9, 22)
--> Day : 3
-> Request 0
183
(1, 2, 1)
2
(53, 34)
-> Request 1
209
(1, 3, 1)
2
(61, 28)
-> Request 2
233
(1, 2, 1)
3
(5, 40)
-> Request 3
627
(3, 3, 1)
1
(47, 35)
-> Request 4
708
(3, 2, 2)
3
(46, 41)
-> Request 5
851
(1, 2, 2)
2
(25, 28)
-> Request 6
873
(1, 3, 1)
2
(50, 47)
-> Request 7
988
(4, 1, 2)
3
(59, 34)
-> Request 8
1056
(1, 2, 1)
2
(57, 74)
-> Request 9
1185
(4, 1, 2)
2
(79, 4)
-> Request 10
1379
(1, 2, 2)
3
(45, 15)
--> Day : 4
-> Request 0
268
(1, 3, 1)
1
(45, 34)
-> Request 1
382
(4, 3, 1)
2
(75, 13)
-> Request 2
720
(3, 3, 1)
2
(48, 42)
-> Request 3
810
(1, 1, 1)
2
(51, 38)
-> Request 4
979
(4, 2, 2)
2
(54, 38)
-> Request 5
1086
(3, 1, 2)
1
(48, 46)
-> Request 6
1089
(4, 2, 1)
2
(34, 55)
-> Request 7
1205
(1, 1, 2)
3
(53, 78)
---> Week : 2
--> Day : 0
-> Request 0
55
(3, 3, 2)
1
(40, 41)
-> Request 1
99
(4, 2, 2)
2
(63, 77)
-> Request 2
108
(3, 1, 1)
3
(40, 4)
-> Request 3
156
(3, 2, 1)
1
(41, 68)
-> Request 4
360
(3, 3, 1)
3
(57, 21)
-> Request 5
430
(1, 3, 1)
2
(3, 37)
-> Request 6
467
(1, 1, 1)
1
(57, 36)
-> Request 7
844
(4, 3, 1)
1
(58, 36)
-> Request 8
887
(3, 1, 1)
1
(48, 36)
-> Request 9
959
(1, 1, 2)
3
(17, 69)
-> Request 10
1277
(4, 1, 1)
3
(43, 34)
-> Request 11
1330
(2, 2, 1)
2
(56, 34)
--> Day : 1
-> Request 0
240
(3, 3, 2)
3
(43, 31)
-> Request 1
253
(4, 3, 2)
2
(3, 22)
-> Request 2
1019
(4, 3, 2)
3
(54, 2)
-> Request 3
1052
(1, 3, 1)
1
(49, 38)
-> Request 4
1159
(4, 3, 1)
3
(77, 10)
-> Request 5
1161
(2, 3, 2)
3
(43, 14)
-> Request 6
1283
(1, 3, 1)
1
(15, 20)
-> Request 7
1386
(3, 3, 1)
1
(47, 33)
-> Request 8
1390
(2, 3, 2)
3
(63, 44)
-> Request 9
1396
(3, 2, 2)
3
(8, 23)
-> Request 10
1402
(1, 3, 2)
2
(55, 39)
--> Day : 2
-> Request 0
320
(2, 2, 2)
3
(62, 73)
-> Request 1
425
(2, 1, 1)
1
(73, 60)
-> Request 2
583
(3, 1, 2)
2
(62, 68)
-> Request 3
633
(1, 1, 2)
3
(45, 15)
-> Request 4
1092
(1, 2, 1)
3
(17, 23)
--> Day : 3
-> Request 0
19
(1, 1, 2)
3
(11, 53)
-> Request 1
520
(4, 2, 1)
2
(6, 56)
-> Request 2
647
(4, 3, 2)
2
(32, 26)
-> Request 3
732
(1, 2, 2)
3
(3, 3)
-> Request 4
833
(2, 3, 2)
3
(8, 20)
-> Request 5
883
(3, 2, 2)
1
(12, 23)
-> Request 6
1047
(3, 3, 2)
2
(42, 72)
-> Request 7
1165
(1, 3, 2)
3
(78, 35)
--> Day : 4
-> Request 0
185
(4, 1, 2)
2
(48, 38)
-> Request 1
200
(1, 1, 1)
2
(49, 51)
-> Request 2
234
(4, 2, 1)
1
(24, 31)
-> Request 3
273
(4, 3, 1)
1
(60, 41)
-> Request 4
280
(4, 1, 1)
2
(26, 59)
-> Request 5
493
(2, 1, 2)
2
(45, 37)
-> Request 6
668
(2, 1, 2)
2
(10, 33)
-> Request 7
679
(3, 3, 2)
3
(27, 63)
-> Request 8
804
(3, 2, 2)
1
(44, 32)
-> Request 9
1012
(2, 1, 1)
1
(15, 78)
-> Request 10
1081
(2, 2, 1)
2
(57, 69)
---> Week : 3
--> Day : 0
-> Request 0
40
(2, 2, 1)
3
(54, 77)
-> Request 1
220
(2, 3, 1)
2
(9, 78)
-> Request 2
523
(3, 2, 1)
1
(51, 31)
-> Request 3
526
(4, 2, 2)
3
(55, 1)
-> Request 4
533
(1, 3, 2)
2
(46, 29)
-> Request 5
583
(2, 2, 1)
3
(10, 14)
-> Request 6
840
(1, 2, 2)
3
(60, 34)
-> Request 7
1000
(2, 3, 1)
2
(44, 33)
-> Request 8
1015
(2, 2, 2)
2
(49, 31)
--> Day : 1
-> Request 0
644
(2, 2, 2)
3
(36, 5)
-> Request 1
801
(1, 2, 2)
2
(40, 72)
-> Request 2
1002
(1, 2, 2)
1
(63, 72)
-> Request 3
1057
(2, 2, 2)
3
(56, 51)
-> Request 4
1350
(2, 3, 2)
1
(74, 75)
--> Day : 2
-> Request 0
463
(1, 1, 2)
2
(45, 36)
-> Request 1
469
(2, 1, 2)
2
(39, 26)
-> Request 2
510
(1, 3, 1)
2
(67, 74)
-> Request 3
589
(1, 3, 1)
2
(58, 37)
-> Request 4
770
(2, 2, 1)
1
(55, 45)
-> Request 5
779
(1, 2, 1)
1
(17, 47)
-> Request 6
781
(1, 2, 1)
3
(44, 46)
-> Request 7
805
(3, 3, 1)
2
(36, 65)
-> Request 8
931
(1, 1, 2)
1
(13, 31)
-> Request 9
1167
(3, 1, 2)
2
(61, 42)
-> Request 10
1262
(1, 1, 2)
2
(48, 46)
--> Day : 3
-> Request 0
93
(1, 1, 2)
3
(43, 39)
-> Request 1
93
(1, 2, 2)
3
(70, 29)
-> Request 2
219
(1, 1, 2)
2
(26, 2)
-> Request 3
349
(2, 2, 1)
3
(45, 37)
-> Request 4
409
(3, 1, 2)
3
(15, 64)
-> Request 5
520
(3, 3, 1)
1
(55, 51)
-> Request 6
536
(1, 3, 2)
1
(57, 35)
-> Request 7
649
(4, 2, 2)
2
(44, 10)
-> Request 8
666
(3, 3, 1)
3
(15, 23)
-> Request 9
836
(1, 2, 2)
1
(57, 72)
-> Request 10
869
(2, 1, 1)
1
(25, 60)
-> Request 11
925
(1, 3, 1)
1
(49, 32)
-> Request 12
1069
(2, 2, 1)
2
(29, 55)
-> Request 13
1290
(2, 2, 2)
3
(78, 61)
--> Day : 4
-> Request 0
96
(1, 2, 1)
3
(54, 66)
-> Request 1
370
(2, 3, 2)
2
(62, 40)
-> Request 2
717
(1, 1, 2)
3
(44, 31)
-> Request 3
953
(2, 3, 2)
3
(54, 12)
-> Request 4
1095
(2, 3, 1)
2
(5, 5)
-> Request 5
1376
(4, 2, 2)
2
(66, 75)
---> Week : 4
--> Day : 0
-> Request 0
28
(2, 1, 2)
2
(42, 36)
-> Request 1
83
(4, 2, 2)
2
(50, 39)
-> Request 2
126
(3, 1, 2)
1
(52, 73)
-> Request 3
313
(1, 3, 1)
1
(3, 1)
-> Request 4
391
(1, 3, 1)
2
(64, 76)
-> Request 5
579
(4, 2, 1)
3
(56, 45)
-> Request 6
720
(3, 3, 2)
1
(21, 19)
-> Request 7
979
(3, 3, 2)
3
(25, 79)
-> Request 8
1132
(2, 1, 1)
1
(53, 34)
-> Request 9
1303
(1, 3, 2)
2
(17, 48)
-> Request 10
1331
(1, 1, 2)
3
(52, 66)
--> Day : 1
-> Request 0
15
(1, 3, 2)
1
(16, 29)
-> Request 1
80
(2, 3, 1)
1
(46, 23)
-> Request 2
311
(1, 1, 1)
3
(44, 46)
-> Request 3
336
(4, 3, 2)
2
(8, 26)
-> Request 4
438
(2, 1, 2)
1
(54, 44)
-> Request 5
488
(3, 3, 1)
2
(47, 46)
-> Request 6
647
(4, 1, 2)
1
(56, 32)
-> Request 7
688
(3, 3, 1)
1
(61, 25)
-> Request 8
717
(1, 3, 1)
1
(55, 37)
-> Request 9
722
(4, 3, 2)
3
(28, 22)
-> Request 10
722
(3, 2, 2)
1
(59, 72)
-> Request 11
733
(1, 2, 1)
1
(56, 32)
-> Request 12
790
(3, 3, 1)
2
(1, 72)
-> Request 13
1379
(1, 1, 2)
1
(26, 18)
--> Day : 2
-> Request 0
157
(2, 3, 2)
3
(54, 44)
-> Request 1
211
(1, 1, 1)
1
(58, 55)
-> Request 2
276
(1, 3, 1)
1
(76, 32)
-> Request 3
508
(1, 1, 1)
1
(46, 46)
-> Request 4
552
(1, 2, 1)
2
(48, 41)
-> Request 5
788
(4, 1, 2)
3
(46, 42)
-> Request 6
970
(3, 2, 1)
1
(43, 39)
-> Request 7
1041
(4, 1, 2)
3
(58, 66)
-> Request 8
1253
(4, 3, 2)
1
(59, 43)
--> Day : 3
-> Request 0
114
(3, 2, 2)
1
(74, 61)
-> Request 1
305
(3, 3, 1)
3
(46, 44)
-> Request 2
309
(1, 1, 1)
2
(76, 60)
-> Request 3
641
(2, 1, 1)
1
(19, 18)
-> Request 4
859
(2, 2, 2)
3
(58, 71)
-> Request 5
1057
(4, 2, 1)
3
(50, 44)
-> Request 6
1096
(4, 3, 2)
2
(23, 50)
-> Request 7
1159
(4, 2, 2)
1
(13, 27)
-> Request 8
1232
(1, 2, 2)
1
(53, 64)
-> Request 9
1311
(4, 3, 2)
2
(45, 21)
-> Request 10
1399
(4, 1, 2)
3
(20, 70)
--> Day : 4
-> Request 0
289
(4, 3, 2)
1
(62, 42)
-> Request 1
319
(4, 3, 1)
1
(11, 61)
-> Request 2
492
(4, 3, 2)
1
(53, 70)
-> Request 3
923
(1, 3, 2)
3
(44, 43)
-> Request 4
1207
(1, 2, 1)
1
(67, 55)
-> Request 5
1352
(3, 3, 2)
1
(43, 36)
---> Week : 5
--> Day : 0
-> Request 0
435
(3, 1, 2)
2
(33, 78)
-> Request 1
435
(3, 1, 1)
3
(60, 66)
-> Request 2
519
(4, 2, 2)
3
(22, 51)
-> Request 3
575
(2, 1, 1)
2
(66, 69)
-> Request 4
733
(1, 3, 1)
2
(47, 41)
-> Request 5
1121
(2, 1, 2)
1
(34, 41)
-> Request 6
1154
(4, 1, 2)
1
(77, 0)
-> Request 7
1350
(2, 1, 1)
1
(66, 43)
--> Day : 1
-> Request 0
110
(4, 3, 1)
3
(29, 44)
-> Request 1
347
(1, 2, 1)
2
(18, 71)
-> Request 2
435
(3, 1, 2)
3
(22, 25)
-> Request 3
470
(3, 1, 1)
2
(73, 23)
-> Request 4
578
(2, 1, 2)
2
(67, 28)
-> Request 5
598
(3, 3, 2)
3
(56, 44)
-> Request 6
1014
(2, 3, 1)
2
(47, 32)
-> Request 7
1152
(4, 3, 2)
1
(33, 16)
-> Request 8
1274
(4, 2, 2)
1
(43, 2)
--> Day : 2
-> Request 0
0
(3, 3, 1)
3
(71, 24)
-> Request 1
96
(4, 2, 1)
3
(38, 44)
-> Request 2
192
(3, 1, 2)
3
(50, 42)
-> Request 3
606
(1, 2, 1)
1
(45, 28)
-> Request 4
830
(3, 2, 2)
2
(49, 42)
-> Request 5
888
(4, 1, 2)
3
(15, 13)
-> Request 6
925
(4, 1, 1)
3
(60, 77)
-> Request 7
1155
(4, 2, 2)
1
(26, 40)
-> Request 8
1273
(4, 2, 1)
3
(68, 39)
-> Request 9
1369
(1, 2, 1)
2
(16, 20)
--> Day : 3
-> Request 0
41
(3, 3, 1)
2
(21, 22)
-> Request 1
247
(3, 2, 2)
2
(44, 72)
-> Request 2
539
(3, 2, 2)
1
(12, 20)
-> Request 3
757
(1, 3, 2)
3
(12, 24)
-> Request 4
777
(3, 3, 2)
3
(45, 53)
-> Request 5
1064
(1, 2, 2)
1
(43, 27)
-> Request 6
1172
(3, 2, 2)
1
(46, 73)
-> Request 7
1190
(1, 1, 1)
3
(56, 29)
-> Request 8
1313
(3, 3, 2)
2
(59, 35)
-> Request 9
1325
(1, 3, 1)
3
(48, 39)
--> Day : 4
-> Request 0
17
(1, 2, 1)
3
(70, 23)
-> Request 1
251
(3, 3, 1)
3
(52, 5)
-> Request 2
286
(2, 2, 1)
2
(43, 58)
-> Request 3
457
(4, 3, 1)
3
(14, 28)
-> Request 4
497
(4, 2, 1)
2
(43, 29)
-> Request 5
632
(1, 1, 2)
3
(62, 38)
-> Request 6
923
(1, 1, 2)
3
(50, 27)
-> Request 7
1174
(2, 2, 1)
2
(60, 67)
---> Week : 6
--> Day : 0
-> Request 0
163
(3, 1, 2)
2
(52, 39)
-> Request 1
330
(4, 3, 2)
3
(6, 55)
-> Request 2
501
(4, 2, 2)
1
(27, 42)
-> Request 3
620
(4, 3, 1)
1
(19, 40)
-> Request 4
826
(2, 1, 1)
2
(45, 33)
-> Request 5
833
(3, 2, 2)
3
(54, 42)
-> Request 6
851
(4, 3, 2)
2
(20, 50)
-> Request 7
1179
(3, 1, 2)
1
(55, 46)
-> Request 8
1269
(3, 2, 1)
1
(5, 17)
-> Request 9
1364
(2, 1, 2)
3
(9, 30)
-> Request 10
1387
(2, 3, 1)
3
(46, 46)
--> Day : 1
-> Request 0
15
(4, 3, 2)
1
(60, 41)
-> Request 1
37
(2, 3, 1)
2
(9, 22)
-> Request 2
251
(4, 2, 2)
1
(28, 58)
-> Request 3
302
(1, 2, 2)
3
(13, 34)
-> Request 4
304
(1, 2, 1)
1
(72, 41)
-> Request 5
551
(2, 1, 2)
2
(56, 39)
-> Request 6
729
(4, 1, 1)
2
(79, 44)
-> Request 7
941
(4, 1, 2)
2
(53, 73)
-> Request 8
1066
(3, 1, 1)
3
(54, 39)
-> Request 9
1340
(1, 1, 1)
3
(44, 46)
-> Request 10
1397
(1, 2, 2)
1
(16, 20)
--> Day : 2
-> Request 0
107
(2, 3, 1)
1
(52, 39)
-> Request 1
442
(1, 1, 1)
2
(17, 20)
-> Request 2
574
(3, 2, 2)
1
(59, 73)
-> Request 3
873
(1, 3, 1)
1
(57, 39)
-> Request 4
923
(1, 1, 1)
2
(12, 12)
-> Request 5
1098
(3, 1, 1)
3
(57, 68)
--> Day : 3
-> Request 0
132
(4, 2, 1)
3
(58, 5)
-> Request 1
159
(3, 3, 1)
1
(56, 46)
-> Request 2
317
(1, 3, 1)
1
(49, 72)
-> Request 3
416
(3, 3, 1)
1
(10, 25)
-> Request 4
911
(2, 1, 1)
1
(62, 77)
-> Request 5
999
(1, 1, 1)
2
(13, 57)
-> Request 6
1430
(1, 2, 1)
1
(72, 62)
--> Day : 4
-> Request 0
35
(2, 2, 1)
2
(76, 47)
-> Request 1
154
(1, 1, 2)
2
(39, 75)
-> Request 2
394
(4, 2, 2)
1
(37, 18)
-> Request 3
609
(4, 1, 2)
2
(77, 11)
-> Request 4
773
(4, 3, 2)
2
(62, 77)
-> Request 5
792
(1, 2, 1)
3
(63, 68)
-> Request 6
1317
(3, 1, 1)
2
(57, 43)
-> Request 7
1317
(4, 1, 1)
1
(56, 69)
-> Request 8
1413
(2, 1, 1)
1
(60, 65)
---> Week : 7
--> Day : 0
-> Request 0
41
(3, 2, 1)
1
(16, 24)
-> Request 1
161
(3, 3, 2)
3
(60, 66)
-> Request 2
426
(2, 3, 2)
2
(40, 6)
-> Request 3
439
(1, 3, 1)
1
(24, 38)
-> Request 4
598
(4, 1, 1)
1
(49, 79)
-> Request 5
827
(1, 3, 1)
1
(12, 21)
-> Request 6
831
(2, 2, 2)
2
(52, 74)
-> Request 7
892
(4, 2, 1)
3
(57, 69)
-> Request 8
1146
(3, 2, 1)
2
(15, 14)
-> Request 9
1158
(2, 1, 1)
3
(57, 34)
-> Request 10
1317
(2, 2, 1)
1
(58, 8)
--> Day : 1
-> Request 0
21
(1, 2, 1)
2
(60, 70)
-> Request 1
99
(2, 2, 1)
1
(61, 77)
-> Request 2
110
(2, 2, 2)
2
(53, 45)
-> Request 3
526
(2, 2, 2)
3
(57, 27)
-> Request 4
607
(4, 1, 1)
1
(53, 34)
-> Request 5
832
(3, 2, 2)
1
(58, 65)
-> Request 6
1035
(4, 1, 2)
1
(29, 4)
-> Request 7
1192
(2, 3, 1)
2
(64, 22)
-> Request 8
1233
(2, 1, 1)
3
(54, 15)
-> Request 9
1244
(1, 3, 1)
3
(13, 27)
-> Request 10
1418
(1, 3, 2)
2
(48, 30)
--> Day : 2
-> Request 0
3
(2, 1, 1)
3
(51, 12)
-> Request 1
36
(1, 2, 2)
2
(51, 44)
-> Request 2
68
(2, 1, 2)
2
(61, 39)
-> Request 3
435
(3, 3, 1)
3
(62, 75)
-> Request 4
470
(2, 3, 1)
1
(28, 64)
-> Request 5
699
(1, 2, 2)
1
(58, 45)
-> Request 6
965
(4, 3, 2)
3
(60, 68)
-> Request 7
1109
(2, 1, 1)
1
(15, 23)
--> Day : 3
-> Request 0
248
(3, 1, 1)
1
(17, 25)
-> Request 1
292
(1, 3, 2)
2
(35, 79)
-> Request 2
398
(4, 2, 1)
2
(2, 45)
-> Request 3
506
(4, 1, 2)
1
(6, 31)
-> Request 4
794
(2, 2, 2)
2
(11, 26)
-> Request 5
1131
(3, 1, 1)
1
(60, 41)
--> Day : 4
-> Request 0
109
(4, 3, 1)
1
(32, 49)
-> Request 1
238
(3, 1, 2)
3
(75, 43)
-> Request 2
379
(4, 3, 2)
3
(55, 77)
-> Request 3
778
(1, 2, 1)
3
(44, 31)
-> Request 4
788
(4, 2, 1)
3
(56, 68)
-> Request 5
854
(2, 1, 1)
1
(58, 41)
-> Request 6
1010
(2, 2, 1)
3
(51, 30)
-> Request 7
1105
(3, 1, 2)
1
(19, 61)
-> Request 8
1261
(4, 1, 2)
2
(56, 45)
-> Request 9
1376
(1, 2, 2)
1
(35, 9)
-> Request 10
1401
(3, 2, 1)
2
(60, 30)
-> Request 11
1402
(3, 3, 1)
2
(55, 76)
---> Week : 8
--> Day : 0
-> Request 0
261
(4, 3, 1)
3
(46, 30)
-> Request 1
319
(1, 3, 2)
1
(43, 29)
-> Request 2
416
(2, 3, 1)
3
(59, 77)
-> Request 3
986
(4, 1, 2)
3
(60, 40)
-> Request 4
1210
(2, 1, 1)
2
(10, 26)
-> Request 5
1320
(3, 2, 2)
2
(17, 27)
--> Day : 1
-> Request 0
180
(3, 1, 2)
1
(59, 37)
-> Request 1
410
(4, 2, 2)
2
(54, 66)
-> Request 2
497
(1, 3, 2)
2
(59, 64)
-> Request 3
712
(1, 2, 2)
3
(58, 45)
-> Request 4
771
(4, 1, 1)
3
(48, 39)
-> Request 5
873
(2, 3, 1)
1
(60, 33)
-> Request 6
1341
(4, 2, 2)
1
(44, 41)
-> Request 7
1373
(4, 1, 1)
2
(23, 39)
--> Day : 2
-> Request 0
18
(4, 3, 1)
1
(44, 34)
-> Request 1
39
(1, 1, 1)
3
(64, 77)
-> Request 2
49
(4, 2, 1)
3
(55, 38)
-> Request 3
117
(4, 1, 1)
1
(43, 45)
-> Request 4
180
(2, 3, 2)
2
(78, 20)
-> Request 5
503
(1, 1, 2)
1
(51, 31)
-> Request 6
653
(3, 3, 1)
2
(43, 53)
-> Request 7
653
(3, 1, 2)
3
(38, 61)
-> Request 8
803
(1, 1, 2)
1
(62, 78)
-> Request 9
1262
(4, 3, 2)
3
(51, 42)
--> Day : 3
-> Request 0
70
(3, 2, 1)
2
(11, 75)
-> Request 1
103
(3, 3, 1)
3
(13, 24)
-> Request 2
169
(1, 2, 1)
3
(39, 78)
-> Request 3
197
(4, 3, 1)
2
(24, 75)
-> Request 4
229
(2, 2, 1)
3
(20, 46)
-> Request 5
389
(3, 1, 1)
2
(77, 78)
-> Request 6
423
(4, 1, 2)
2
(42, 36)
-> Request 7
522
(4, 3, 1)
3
(17, 24)
-> Request 8
1171
(4, 1, 1)
1
(51, 40)
-> Request 9
1181
(2, 1, 1)
2
(79, 39)
--> Day : 4
-> Request 0
45
(2, 2, 1)
1
(18, 77)
-> Request 1
183
(3, 3, 2)
3
(41, 36)
-> Request 2
621
(1, 3, 2)
2
(68, 37)
-> Request 3
786
(1, 3, 1)
1
(19, 30)
-> Request 4
792
(2, 1, 1)
2
(50, 41)
-> Request 5
1165
(4, 3, 2)
2
(39, 12)
-> Request 6
1187
(1, 1, 2)
3
(54, 76)
-> Request 7
1345
(3, 1, 1)
1
(47, 52)
---> Week : 9
--> Day : 0
-> Request 0
133
(1, 2, 1)
2
(45, 33)
-> Request 1
275
(1, 3, 2)
2
(40, 59)
-> Request 2
360
(1, 3, 1)
2
(9, 48)
-> Request 3
435
(3, 1, 2)
2
(18, 47)
-> Request 4
552
(3, 2, 2)
3
(57, 30)
-> Request 5
670
(4, 3, 1)
2
(51, 28)
-> Request 6
720
(4, 3, 1)
1
(26, 42)
-> Request 7
987
(3, 2, 1)
1
(48, 38)
-> Request 8
1001
(2, 1, 2)
3
(77, 22)
-> Request 9
1207
(4, 1, 1)
1
(62, 44)
-> Request 10
1228
(2, 2, 1)
1
(7, 6)
-> Request 11
1334
(3, 1, 1)
3
(31, 27)
-> Request 12
1360
(4, 3, 2)
2
(60, 69)
-> Request 13
1361
(2, 2, 2)
1
(45, 55)
-> Request 14
1406
(3, 1, 2)
2
(58, 77)
--> Day : 1
-> Request 0
121
(4, 3, 2)
2
(61, 41)
-> Request 1
317
(3, 2, 2)
3
(74, 29)
-> Request 2
552
(1, 2, 1)
2
(47, 21)
-> Request 3
930
(4, 3, 2)
1
(55, 60)
-> Request 4
964
(2, 1, 1)
3
(14, 38)
-> Request 5
1227
(1, 1, 1)
1
(37, 76)
-> Request 6
1286
(4, 2, 1)
1
(15, 28)
-> Request 7
1298
(4, 1, 1)
1
(11, 3)
-> Request 8
1324
(2, 1, 2)
3
(66, 78)
--> Day : 2
-> Request 0
10
(4, 3, 2)
1
(13, 11)
-> Request 1
288
(2, 3, 2)
3
(52, 42)
-> Request 2
390
(3, 3, 2)
2
(65, 72)
-> Request 3
514
(4, 2, 2)
1
(62, 43)
-> Request 4
823
(3, 1, 1)
3
(78, 57)
-> Request 5
1007
(2, 1, 2)
3
(74, 7)
-> Request 6
1056
(4, 2, 1)
1
(52, 39)
-> Request 7
1242
(1, 2, 2)
3
(69, 28)
--> Day : 3
-> Request 0
423
(4, 2, 1)
1
(8, 5)
-> Request 1
459
(4, 2, 1)
1
(50, 45)
-> Request 2
742
(2, 2, 1)
3
(43, 45)
-> Request 3
800
(3, 2, 1)
2
(4, 2)
-> Request 4
1356
(1, 3, 2)
2
(64, 76)
--> Day : 4
-> Request 0
48
(2, 2, 1)
3
(45, 32)
-> Request 1
156
(1, 1, 1)
1
(64, 1)
-> Request 2
390
(2, 2, 1)
2
(46, 23)
-> Request 3
666
(1, 2, 2)
3
(41, 79)
-> Request 4
851
(4, 1, 1)
2
(45, 33)
-> Request 5
1110
(4, 3, 2)
1
(60, 74)
-> Request 6
1111
(1, 2, 2)
2
(72, 3)
-> Request 7
1121
(1, 1, 1)
2
(57, 68)
-> Request 8
1187
(4, 2, 2)
1
(64, 43)
-> Request 9
1328
(1, 1, 2)
1
(58, 70)
-> Request 10
1409
(1, 3, 1)
2
(49, 37)
---> Week : 10
--> Day : 0
-> Request 0
106
(1, 1, 1)
1
(59, 28)
-> Request 1
184
(1, 3, 1)
3
(38, 44)
-> Request 2
360
(2, 3, 2)
3
(45, 43)
-> Request 3
914
(4, 2, 1)
3
(54, 78)
-> Request 4
1039
(2, 1, 2)
2
(21, 53)
-> Request 5
1085
(2, 2, 2)
1
(1, 5)
-> Request 6
1262
(3, 1, 1)
3
(54, 36)
--> Day : 1
-> Request 0
261
(1, 2, 2)
3
(48, 44)
-> Request 1
385
(2, 1, 1)
3
(60, 32)
-> Request 2
562
(2, 1, 1)
1
(21, 76)
-> Request 3
614
(1, 3, 1)
1
(66, 15)
-> Request 4
701
(3, 3, 2)
2
(26, 15)
-> Request 5
808
(2, 1, 2)
3
(43, 31)
-> Request 6
815
(4, 1, 1)
2
(58, 69)
-> Request 7
968
(2, 1, 1)
2
(20, 10)
-> Request 8
1080
(2, 3, 2)
1
(9, 1)
-> Request 9
1111
(1, 1, 2)
3
(16, 27)
-> Request 10
1246
(4, 3, 2)
2
(8, 13)
-> Request 11
1259
(3, 1, 2)
3
(58, 27)
-> Request 12
1369
(1, 2, 1)
1
(52, 39)
--> Day : 2
-> Request 0
29
(3, 3, 1)
1
(55, 41)
-> Request 1
121
(2, 1, 1)
1
(45, 29)
-> Request 2
143
(2, 3, 2)
3
(52, 36)
-> Request 3
170
(1, 3, 1)
1
(77, 44)
-> Request 4
408
(1, 2, 1)
2
(12, 57)
-> Request 5
661
(3, 2, 1)
2
(56, 67)
-> Request 6
812
(4, 1, 1)
2
(9, 24)
-> Request 7
990
(3, 3, 2)
2
(56, 78)
-> Request 8
1212
(2, 3, 2)
2
(69, 31)
-> Request 9
1258
(2, 3, 1)
2
(79, 30)
--> Day : 3
-> Request 0
334
(3, 2, 1)
3
(45, 35)
-> Request 1
377
(2, 3, 2)
3
(1, 11)
-> Request 2
431
(2, 2, 1)
3
(79, 24)
-> Request 3
559
(4, 1, 2)
2
(26, 35)
-> Request 4
566
(3, 3, 1)
2
(45, 35)
-> Request 5
845
(1, 3, 1)
3
(44, 74)
-> Request 6
981
(1, 3, 2)
3
(62, 37)
-> Request 7
1007
(3, 1, 1)
1
(50, 36)
-> Request 8
1121
(1, 1, 2)
1
(53, 32)
-> Request 9
1168
(2, 1, 2)
2
(54, 41)
-> Request 10
1339
(2, 1, 1)
1
(52, 66)
-> Request 11
1402
(1, 3, 2)
1
(56, 31)
--> Day : 4
-> Request 0
270
(4, 2, 1)
2
(10, 28)
-> Request 1
617
(3, 2, 1)
1
(47, 28)
-> Request 2
709
(1, 2, 1)
3
(41, 45)
-> Request 3
920
(1, 2, 1)
3
(62, 41)
-> Request 4
1135
(3, 3, 2)
3
(12, 60)
-> Request 5
1164
(4, 3, 2)
1
(29, 60)
-> Request 6
1244
(3, 1, 1)
3
(41, 20)
---> Week : 11
--> Day : 0
-> Request 0
89
(1, 3, 2)
1
(28, 36)
-> Request 1
417
(4, 1, 1)
2
(69, 34)
-> Request 2
446
(3, 1, 1)
3
(41, 46)
-> Request 3
549
(3, 3, 2)
3
(50, 34)
-> Request 4
615
(2, 3, 1)
2
(4, 49)
-> Request 5
667
(4, 3, 1)
2
(12, 28)
-> Request 6
1041
(3, 1, 1)
1
(61, 37)
-> Request 7
1272
(1, 3, 1)
1
(14, 26)
-> Request 8
1388
(3, 3, 2)
3
(12, 29)
-> Request 9
1426
(2, 1, 1)
2
(27, 29)
--> Day : 1
-> Request 0
445
(1, 1, 2)
1
(48, 43)
-> Request 1
588
(1, 2, 2)
3
(61, 79)
-> Request 2
805
(2, 1, 2)
2
(66, 59)
-> Request 3
957
(4, 3, 2)
1
(38, 73)
-> Request 4
1003
(3, 2, 2)
1
(23, 32)
--> Day : 2
-> Request 0
139
(4, 1, 2)
3
(11, 76)
-> Request 1
489
(3, 2, 1)
2
(10, 25)
-> Request 2
693
(1, 3, 1)
3
(62, 68)
-> Request 3
1159
(4, 3, 1)
3
(55, 27)
-> Request 4
1397
(1, 1, 1)
3
(56, 27)
--> Day : 3
-> Request 0
342
(2, 2, 2)
2
(52, 36)
-> Request 1
399
(4, 1, 2)
2
(55, 42)
-> Request 2
408
(2, 3, 1)
1
(58, 72)
-> Request 3
500
(3, 2, 2)
1
(4, 42)
-> Request 4
583
(2, 1, 2)
1
(5, 24)
-> Request 5
655
(2, 1, 2)
2
(35, 70)
-> Request 6
655
(2, 3, 1)
1
(58, 35)
-> Request 7
828
(2, 1, 2)
2
(57, 60)
-> Request 8
856
(4, 2, 1)
3
(24, 34)
-> Request 9
1145
(3, 1, 2)
1
(50, 33)
--> Day : 4
-> Request 0
186
(4, 3, 1)
1
(65, 72)
-> Request 1
226
(1, 3, 2)
2
(56, 78)
-> Request 2
246
(2, 1, 2)
1
(59, 37)
-> Request 3
349
(2, 1, 2)
3
(27, 50)
-> Request 4
457
(4, 3, 1)
1
(30, 79)
-> Request 5
505
(1, 3, 2)
1
(59, 43)
-> Request 6
512
(3, 3, 1)
2
(55, 65)
-> Request 7
523
(2, 3, 2)
2
(69, 49)
-> Request 8
534
(4, 3, 2)
2
(57, 70)
-> Request 9
830
(3, 1, 1)
2
(64, 76)
-> Request 10
1037
(4, 1, 2)
1
(71, 65)
-> Request 11
1132
(3, 3, 1)
3
(79, 28)
-> Request 12
1391
(1, 1, 2)
3
(22, 76)
---> Week : 12
--> Day : 0
-> Request 0
149
(3, 2, 2)
1
(50, 1)
-> Request 1
366
(1, 2, 2)
3
(47, 42)
-> Request 2
796
(4, 1, 2)
2
(60, 35)
-> Request 3
801
(3, 1, 1)
1
(57, 34)
-> Request 4
826
(2, 3, 1)
1
(51, 38)
-> Request 5
1081
(2, 1, 1)
3
(62, 37)
-> Request 6
1135
(4, 1, 2)
2
(65, 78)
-> Request 7
1148
(3, 2, 2)
3
(65, 23)
--> Day : 1
-> Request 0
58
(3, 2, 2)
3
(60, 39)
-> Request 1
83
(2, 1, 1)
3
(59, 76)
-> Request 2
97
(1, 2, 2)
2
(65, 78)
-> Request 3
272
(3, 2, 1)
3
(55, 65)
-> Request 4
582
(4, 1, 2)
1
(56, 62)
-> Request 5
945
(1, 2, 1)
2
(64, 65)
-> Request 6
1328
(4, 1, 2)
2
(32, 63)
-> Request 7
1346
(4, 2, 2)
3
(12, 29)
--> Day : 2
-> Request 0
174
(2, 3, 2)
1
(64, 53)
-> Request 1
189
(1, 1, 2)
1
(15, 22)
-> Request 2
216
(4, 1, 1)
2
(35, 2)
-> Request 3
229
(3, 3, 1)
1
(7, 16)
-> Request 4
347
(1, 3, 2)
3
(41, 13)
-> Request 5
382
(1, 1, 2)
1
(55, 40)
-> Request 6
496
(4, 2, 1)
2
(43, 43)
-> Request 7
523
(2, 2, 1)
1
(58, 66)
-> Request 8
862
(4, 1, 2)
2
(43, 42)
-> Request 9
1171
(1, 1, 2)
3
(50, 45)
-> Request 10
1185
(2, 1, 2)
3
(62, 66)
--> Day : 3
-> Request 0
424
(1, 1, 2)
1
(45, 53)
-> Request 1
570
(3, 2, 2)
1
(55, 70)
-> Request 2
593
(2, 3, 1)
2
(62, 33)
-> Request 3
721
(1, 1, 1)
3
(47, 36)
-> Request 4
721
(1, 2, 1)
3
(62, 71)
-> Request 5
972
(3, 2, 1)
2
(45, 27)
-> Request 6
991
(4, 2, 2)
2
(34, 31)
-> Request 7
996
(3, 1, 2)
1
(58, 28)
-> Request 8
1050
(4, 1, 1)
3
(17, 24)
-> Request 9
1253
(1, 3, 2)
3
(54, 34)
-> Request 10
1275
(2, 2, 1)
1
(54, 39)
--> Day : 4
-> Request 0
262
(1, 3, 1)
1
(4, 56)
-> Request 1
315
(3, 1, 1)
3
(23, 34)
-> Request 2
346
(4, 1, 2)
1
(17, 75)
-> Request 3
354
(3, 2, 2)
3
(66, 71)
-> Request 4
682
(1, 1, 2)
1
(46, 42)
-> Request 5
819
(2, 2, 2)
3
(55, 68)
-> Request 6
849
(3, 2, 1)
1
(0, 76)
-> Request 7
965
(3, 3, 1)
2
(59, 30)
-> Request 8
1122
(2, 2, 1)
3
(65, 79)
-> Request 9
1289
(2, 3, 2)
3
(65, 51)
---> Week : 13
--> Day : 0
-> Request 0
160
(3, 1, 1)
1
(60, 24)
-> Request 1
199
(3, 3, 2)
1
(57, 69)
-> Request 2
524
(1, 2, 1)
3
(12, 71)
-> Request 3
570
(3, 3, 1)
1
(60, 44)
-> Request 4
652
(1, 1, 2)
3
(58, 72)
-> Request 5
658
(3, 2, 1)
2
(65, 77)
-> Request 6
998
(2, 2, 1)
1
(9, 45)
-> Request 7
1014
(3, 3, 1)
1
(11, 60)
-> Request 8
1188
(3, 3, 1)
2
(56, 66)
-> Request 9
1230
(2, 2, 1)
2
(77, 24)
-> Request 10
1269
(4, 3, 1)
2
(57, 39)
--> Day : 1
-> Request 0
112
(1, 1, 2)
1
(13, 66)
-> Request 1
113
(3, 1, 2)
2
(12, 29)
-> Request 2
194
(2, 2, 1)
1
(14, 51)
-> Request 3
309
(2, 2, 1)
2
(20, 23)
-> Request 4
372
(1, 3, 2)
2
(66, 38)
-> Request 5
475
(1, 2, 1)
3
(17, 24)
-> Request 6
558
(1, 2, 1)
3
(48, 28)
-> Request 7
862
(1, 2, 1)
3
(49, 44)
--> Day : 2
-> Request 0
102
(2, 2, 2)
1
(46, 6)
-> Request 1
168
(3, 3, 2)
3
(45, 21)
-> Request 2
236
(1, 1, 2)
2
(46, 42)
-> Request 3
297
(3, 1, 1)
3
(29, 42)
-> Request 4
628
(4, 1, 1)
1
(43, 39)
-> Request 5
688
(3, 1, 1)
3
(75, 77)
-> Request 6
730
(2, 2, 2)
2
(56, 66)
-> Request 7
775
(3, 1, 1)
3
(60, 18)
-> Request 8
942
(3, 2, 2)
2
(62, 41)
-> Request 9
1133
(2, 3, 2)
3
(57, 38)
-> Request 10
1254
(2, 1, 2)
2
(51, 79)
-> Request 11
1426
(2, 2, 2)
1
(12, 36)
--> Day : 3
-> Request 0
29
(2, 2, 1)
3
(71, 67)
-> Request 1
203
(1, 3, 2)
3
(51, 33)
-> Request 2
376
(2, 2, 2)
1
(37, 42)
-> Request 3
418
(4, 3, 2)
3
(54, 43)
-> Request 4
456
(4, 3, 2)
2
(46, 40)
-> Request 5
638
(4, 2, 2)
1
(64, 78)
-> Request 6
642
(2, 3, 1)
1
(16, 27)
-> Request 7
914
(2, 1, 2)
3
(75, 32)
-> Request 8
1004
(2, 3, 1)
3
(49, 29)
-> Request 9
1062
(3, 2, 2)
2
(20, 37)
-> Request 10
1126
(1, 1, 1)
1
(26, 20)
-> Request 11
1377
(1, 1, 1)
3
(17, 28)
-> Request 12
1424
(2, 3, 1)
1
(53, 41)
--> Day : 4
-> Request 0
46
(1, 1, 1)
3
(58, 32)
-> Request 1
82
(4, 1, 1)
3
(36, 48)
-> Request 2
105
(1, 3, 2)
2
(69, 72)
-> Request 3
114
(2, 1, 2)
1
(9, 29)
-> Request 4
192
(2, 2, 2)
2
(62, 40)
-> Request 5
252
(2, 3, 2)
3
(59, 41)
-> Request 6
254
(1, 1, 2)
3
(2, 47)
-> Request 7
398
(4, 2, 1)
3
(1, 77)
-> Request 8
586
(3, 3, 1)
3
(51, 30)
-> Request 9
610
(3, 1, 1)
1
(57, 77)
-> Request 10
745
(2, 1, 1)
3
(16, 63)
-> Request 11
791
(1, 3, 1)
2
(56, 23)
-> Request 12
938
(4, 3, 2)
3
(61, 43)
-> Request 13
1002
(2, 1, 2)
1
(21, 0)
-> Request 14
1065
(2, 1, 2)
1
(55, 64)
-> Request 15
1307
(3, 2, 1)
3
(56, 46)
-> Request 16
1329
(2, 1, 1)
1
(63, 69)
---> Week : 14
--> Day : 0
-> Request 0
17
(3, 3, 1)
3
(44, 42)
-> Request 1
160
(4, 2, 2)
1
(8, 23)
-> Request 2
202
(1, 2, 1)
3
(60, 28)
-> Request 3
249
(3, 3, 2)
3
(60, 42)
-> Request 4
406
(4, 2, 2)
1
(45, 33)
-> Request 5
697
(3, 3, 2)
2
(59, 74)
-> Request 6
1366
(4, 3, 2)
2
(22, 59)
--> Day : 1
-> Request 0
44
(1, 1, 1)
2
(52, 74)
-> Request 1
174
(3, 1, 1)
3
(51, 79)
-> Request 2
375
(1, 3, 1)
2
(62, 42)
-> Request 3
665
(3, 1, 1)
1
(15, 21)
-> Request 4
682
(4, 1, 1)
1
(43, 31)
-> Request 5
847
(3, 1, 2)
1
(15, 47)
-> Request 6
857
(2, 1, 2)
3
(36, 60)
-> Request 7
915
(4, 1, 1)
1
(12, 21)
-> Request 8
1066
(3, 3, 1)
2
(17, 4)
-> Request 9
1180
(1, 1, 2)
1
(56, 69)
-> Request 10
1317
(4, 2, 2)
1
(54, 40)
-> Request 11
1383
(3, 3, 2)
2
(58, 38)
--> Day : 2
-> Request 0
12
(4, 1, 1)
3
(58, 38)
-> Request 1
104
(1, 1, 1)
2
(40, 72)
-> Request 2
285
(4, 1, 2)
1
(12, 63)
-> Request 3
398
(2, 3, 2)
1
(62, 65)
-> Request 4
772
(2, 2, 2)
3
(65, 73)
-> Request 5
821
(4, 2, 1)
1
(48, 71)
--> Day : 3
-> Request 0
6
(3, 3, 1)
1
(37, 33)
-> Request 1
135
(2, 1, 1)
2
(48, 35)
-> Request 2
225
(3, 3, 2)
3
(54, 13)
-> Request 3
243
(4, 2, 1)
3
(60, 70)
-> Request 4
279
(3, 3, 2)
1
(48, 50)
-> Request 5
300
(4, 1, 2)
1
(59, 46)
-> Request 6
352
(1, 2, 1)
2
(50, 30)
-> Request 7
474
(2, 1, 2)
3
(57, 44)
-> Request 8
610
(4, 1, 1)
1
(52, 28)
-> Request 9
772
(3, 1, 1)
3
(0, 4)
-> Request 10
1139
(1, 2, 1)
2
(24, 24)
-> Request 11
1275
(1, 2, 2)
3
(59, 34)
-> Request 12
1283
(3, 3, 1)
3
(48, 0)
--> Day : 4
-> Request 0
66
(4, 3, 1)
1
(18, 16)
-> Request 1
96
(2, 3, 1)
3
(63, 71)
-> Request 2
140
(2, 1, 2)
2
(8, 28)
-> Request 3
156
(4, 3, 1)
2
(65, 55)
-> Request 4
463
(3, 1, 1)
2
(56, 32)
-> Request 5
647
(4, 3, 2)
3
(0, 30)
-> Request 6
881
(3, 2, 2)
3
(0, 23)
-> Request 7
1065
(4, 3, 1)
3
(23, 36)
-> Request 8
1103
(3, 2, 2)
3
(67, 67)
---> Week : 15
--> Day : 0
-> Request 0
91
(4, 2, 2)
3
(40, 62)
-> Request 1
286
(4, 1, 1)
3
(7, 60)
-> Request 2
320
(4, 2, 1)
2
(34, 26)
-> Request 3
612
(4, 1, 1)
1
(58, 35)
-> Request 4
828
(2, 1, 2)
2
(14, 62)
-> Request 5
895
(3, 2, 1)
2
(7, 22)
-> Request 6
1200
(3, 2, 2)
1
(56, 30)
-> Request 7
1244
(4, 3, 1)
1
(59, 18)
--> Day : 1
-> Request 0
35
(4, 2, 2)
3
(58, 74)
-> Request 1
48
(2, 3, 2)
3
(60, 28)
-> Request 2
222
(1, 3, 1)
3
(15, 24)
-> Request 3
272
(4, 3, 1)
1
(8, 42)
-> Request 4
767
(2, 3, 2)
3
(56, 27)
-> Request 5
932
(1, 2, 2)
2
(58, 73)
-> Request 6
1104
(4, 3, 1)
3
(16, 26)
-> Request 7
1356
(1, 2, 2)
1
(54, 12)
-> Request 8
1375
(3, 3, 2)
2
(8, 2)
--> Day : 2
-> Request 0
22
(3, 2, 2)
1
(64, 66)
-> Request 1
92
(3, 2, 2)
1
(34, 9)
-> Request 2
191
(4, 1, 2)
2
(53, 75)
-> Request 3
209
(3, 3, 2)
1
(63, 67)
-> Request 4
258
(4, 3, 2)
3
(19, 49)
-> Request 5
685
(1, 1, 2)
3
(62, 31)
-> Request 6
772
(1, 2, 2)
3
(36, 24)
-> Request 7
920
(1, 2, 2)
3
(59, 68)
-> Request 8
953
(3, 2, 2)
1
(38, 25)
-> Request 9
975
(1, 3, 1)
3
(12, 23)
-> Request 10
984
(1, 3, 2)
3
(79, 19)
-> Request 11
1072
(2, 3, 2)
2
(44, 46)
-> Request 12
1420
(4, 3, 2)
2
(63, 76)
--> Day : 3
-> Request 0
107
(1, 2, 1)
1
(20, 52)
-> Request 1
236
(3, 2, 2)
3
(63, 72)
-> Request 2
268
(4, 2, 1)
3
(66, 65)
-> Request 3
523
(4, 2, 2)
2
(71, 18)
-> Request 4
782
(4, 1, 2)
3
(52, 69)
-> Request 5
878
(4, 3, 2)
2
(53, 41)
-> Request 6
950
(2, 3, 2)
3
(15, 28)
-> Request 7
1153
(1, 1, 2)
3
(47, 65)
-> Request 8
1368
(1, 1, 2)
3
(15, 14)
--> Day : 4
-> Request 0
140
(4, 1, 1)
1
(5, 41)
-> Request 1
203
(1, 3, 2)
1
(57, 71)
-> Request 2
209
(3, 3, 2)
2
(10, 58)
-> Request 3
315
(4, 2, 1)
3
(30, 62)
-> Request 4
453
(4, 2, 2)
2
(11, 76)
-> Request 5
747
(4, 1, 1)
2
(10, 28)
-> Request 6
833
(2, 2, 1)
3
(45, 5)
-> Request 7
1010
(4, 1, 2)
3
(50, 65)
-> Request 8
1063
(1, 1, 1)
3
(17, 53)
-> Request 9
1125
(1, 1, 2)
2
(51, 38)
-> Request 10
1254
(4, 1, 2)
1
(45, 45)
---> Week : 16
--> Day : 0
-> Request 0
220
(3, 3, 1)
3
(55, 39)
-> Request 1
247
(4, 2, 2)
2
(47, 47)
-> Request 2
278
(4, 2, 2)
1
(53, 43)
-> Request 3
491
(2, 1, 2)
1
(54, 43)
-> Request 4
693
(4, 1, 1)
2
(20, 65)
-> Request 5
723
(2, 2, 2)
1
(74, 27)
-> Request 6
820
(3, 1, 1)
1
(55, 64)
-> Request 7
875
(2, 2, 1)
3
(60, 41)
-> Request 8
899
(4, 1, 2)
3
(65, 75)
-> Request 9
914
(4, 1, 2)
2
(6, 69)
-> Request 10
949
(3, 3, 2)
2
(39, 9)
-> Request 11
1004
(2, 2, 2)
1
(56, 37)
-> Request 12
1024
(4, 2, 2)
3
(58, 45)
-> Request 13
1133
(4, 3, 2)
3
(71, 34)
--> Day : 1
-> Request 0
9
(4, 2, 1)
1
(62, 72)
-> Request 1
97
(3, 1, 2)
2
(46, 36)
-> Request 2
276
(2, 3, 1)
1
(45, 28)
-> Request 3
421
(2, 3, 1)
3
(39, 29)
-> Request 4
493
(2, 2, 2)
1
(65, 76)
-> Request 5
523
(3, 2, 1)
3
(66, 66)
-> Request 6
526
(4, 1, 2)
2
(0, 53)
-> Request 7
671
(2, 2, 2)
3
(29, 55)
-> Request 8
684
(1, 3, 1)
2
(64, 72)
-> Request 9
922
(4, 3, 1)
3
(16, 28)
-> Request 10
923
(1, 2, 2)
1
(53, 60)
-> Request 11
1055
(3, 1, 2)
2
(28, 57)
-> Request 12
1064
(1, 2, 1)
2
(35, 75)
-> Request 13
1070
(3, 1, 2)
2
(54, 54)
-> Request 14
1158
(4, 3, 1)
3
(5, 51)
-> Request 15
1324
(4, 1, 1)
1
(39, 59)
--> Day : 2
-> Request 0
253
(1, 3, 1)
3
(44, 42)
-> Request 1
272
(2, 3, 1)
2
(60, 34)
-> Request 2
312
(4, 3, 1)
3
(42, 56)
-> Request 3
426
(3, 3, 1)
1
(52, 44)
-> Request 4
548
(2, 2, 1)
2
(64, 78)
-> Request 5
552
(4, 2, 1)
2
(58, 67)
-> Request 6
650
(3, 2, 2)
1
(10, 23)
-> Request 7
920
(4, 1, 1)
1
(58, 27)
-> Request 8
999
(4, 3, 2)
3
(17, 22)
-> Request 9
1231
(2, 3, 2)
3
(45, 39)
-> Request 10
1262
(1, 2, 2)
3
(67, 57)
--> Day : 3
-> Request 0
291
(2, 3, 1)
1
(53, 37)
-> Request 1
441
(1, 3, 1)
2
(65, 69)
-> Request 2
545
(3, 3, 2)
3
(60, 36)
-> Request 3
718
(1, 2, 2)
1
(56, 73)
-> Request 4
773
(2, 3, 1)
1
(59, 39)
-> Request 5
927
(3, 2, 2)
2
(11, 29)
-> Request 6
992
(4, 2, 1)
1
(59, 39)
-> Request 7
1058
(1, 3, 1)
3
(53, 42)
-> Request 8
1313
(3, 3, 1)
2
(62, 24)
--> Day : 4
-> Request 0
127
(4, 2, 2)
1
(14, 60)
-> Request 1
145
(4, 2, 1)
1
(62, 72)
-> Request 2
168
(1, 3, 2)
1
(64, 66)
-> Request 3
219
(4, 2, 1)
3
(44, 31)
-> Request 4
520
(4, 3, 1)
1
(13, 31)
-> Request 5
675
(1, 2, 1)
2
(14, 10)
-> Request 6
699
(4, 2, 2)
1
(14, 25)
-> Request 7
870
(4, 1, 1)
3
(64, 76)
-> Request 8
872
(2, 3, 1)
3
(60, 43)
-> Request 9
1203
(2, 3, 1)
3
(27, 78)
-> Request 10
1344
(4, 2, 1)
1
(67, 74)
-> Request 11
1379
(2, 3, 2)
3
(54, 35)
-> Request 12
1383
(3, 1, 2)
1
(12, 20)
---> Week : 17
--> Day : 0
-> Request 0
156
(2, 2, 1)
2
(50, 41)
-> Request 1
289
(3, 1, 2)
1
(44, 32)
-> Request 2
436
(3, 1, 2)
2
(75, 16)
-> Request 3
457
(3, 1, 2)
3
(14, 2)
-> Request 4
677
(3, 3, 2)
1
(1, 34)
-> Request 5
733
(3, 1, 1)
3
(56, 65)
-> Request 6
747
(3, 2, 1)
2
(53, 70)
-> Request 7
868
(2, 2, 1)
2
(23, 29)
-> Request 8
930
(2, 2, 2)
3
(49, 29)
-> Request 9
941
(3, 2, 1)
3
(31, 18)
-> Request 10
1151
(4, 3, 1)
2
(43, 41)
-> Request 11
1292
(4, 1, 1)
2
(61, 40)
-> Request 12
1420
(1, 1, 2)
3
(53, 22)
--> Day : 1
-> Request 0
118
(1, 1, 1)
2
(20, 48)
-> Request 1
545
(4, 3, 1)
3
(43, 57)
-> Request 2
551
(1, 2, 2)
1
(71, 11)
-> Request 3
804
(3, 1, 2)
2
(49, 35)
-> Request 4
961
(1, 2, 2)
2
(52, 77)
-> Request 5
1007
(2, 2, 2)
1
(63, 70)
-> Request 6
1054
(2, 3, 2)
1
(44, 53)
-> Request 7
1114
(2, 2, 2)
2
(9, 42)
-> Request 8
1325
(1, 2, 1)
1
(60, 38)
-> Request 9
1397
(3, 2, 2)
1
(34, 10)
--> Day : 2
-> Request 0
28
(3, 3, 2)
2
(21, 47)
-> Request 1
277
(2, 2, 2)
2
(69, 69)
-> Request 2
366
(2, 3, 1)
3
(75, 43)
-> Request 3
400
(3, 3, 2)
1
(5, 39)
-> Request 4
504
(4, 2, 1)
1
(56, 28)
-> Request 5
976
(4, 1, 1)
3
(2, 18)
-> Request 6
978
(4, 3, 1)
1
(50, 29)
-> Request 7
1040
(2, 2, 1)
2
(3, 54)
-> Request 8
1100
(2, 1, 2)
3
(33, 7)
-> Request 9
1260
(1, 2, 2)
3
(64, 50)
-> Request 10
1277
(4, 3, 2)
1
(55, 41)
-> Request 11
1289
(4, 2, 2)
2
(43, 32)
-> Request 12
1357
(2, 3, 1)
3
(31, 58)
--> Day : 3
-> Request 0
5
(3, 3, 2)
3
(55, 46)
-> Request 1
562
(2, 1, 1)
3
(49, 37)
-> Request 2
617
(4, 1, 1)
1
(57, 74)
-> Request 3
699
(1, 1, 1)
2
(47, 37)
-> Request 4
755
(4, 1, 1)
3
(55, 43)
-> Request 5
844
(4, 2, 2)
3
(54, 40)
-> Request 6
937
(1, 2, 1)
2
(40, 35)
-> Request 7
1039
(3, 1, 1)
1
(11, 15)
-> Request 8
1159
(1, 1, 1)
2
(13, 59)
-> Request 9
1268
(2, 2, 1)
2
(55, 36)
-> Request 10
1370
(2, 1, 2)
1
(48, 29)
--> Day : 4
-> Request 0
124
(2, 3, 2)
1
(44, 73)
-> Request 1
215
(1, 3, 2)
3
(51, 45)
-> Request 2
499
(3, 1, 2)
2
(51, 31)
-> Request 3
559
(2, 1, 1)
1
(46, 46)
-> Request 4
652
(2, 3, 2)
1
(44, 23)
-> Request 5
667
(2, 1, 2)
1
(12, 26)
-> Request 6
769
(3, 2, 1)
1
(66, 58)
-> Request 7
860
(1, 2, 1)
3
(8, 28)
-> Request 8
951
(4, 3, 1)
1
(65, 66)
-> Request 9
1104
(1, 2, 2)
1
(56, 38)
-> Request 10
1104
(1, 3, 2)
3
(34, 41)
-> Request 11
1302
(1, 1, 2)
1
(58, 42)
---> Week : 18
--> Day : 0
-> Request 0
235
(3, 3, 1)
1
(67, 67)
-> Request 1
245
(3, 1, 1)
2
(14, 22)
-> Request 2
607
(4, 1, 2)
2
(50, 36)
-> Request 3
820
(2, 1, 2)
3
(17, 28)
-> Request 4
1064
(2, 1, 1)
1
(51, 31)
-> Request 5
1072
(4, 1, 1)
3
(54, 40)
-> Request 6
1383
(3, 3, 2)
1
(52, 62)
--> Day : 1
-> Request 0
25
(3, 1, 1)
3
(44, 43)
-> Request 1
228
(2, 1, 1)
3
(48, 29)
-> Request 2
599
(2, 1, 2)
1
(45, 37)
-> Request 3
645
(2, 1, 2)
2
(62, 39)
-> Request 4
665
(4, 3, 2)
1
(9, 75)
-> Request 5
803
(1, 1, 1)
3
(55, 29)
-> Request 6
818
(3, 2, 1)
2
(42, 41)
-> Request 7
876
(1, 3, 1)
2
(45, 28)
-> Request 8
957
(3, 2, 1)
1
(30, 29)
-> Request 9
958
(1, 3, 2)
3
(12, 21)
-> Request 10
1063
(1, 1, 2)
3
(60, 64)
-> Request 11
1122
(4, 3, 2)
3
(10, 6)
-> Request 12
1198
(4, 2, 1)
1
(58, 37)
-> Request 13
1345
(4, 1, 2)
3
(51, 40)
--> Day : 2
-> Request 0
47
(3, 3, 2)
2
(42, 10)
-> Request 1
58
(1, 2, 2)
3
(64, 65)
-> Request 2
118
(3, 1, 2)
2
(69, 71)
-> Request 3
123
(1, 1, 2)
1
(15, 35)
-> Request 4
327
(4, 1, 2)
1
(61, 72)
-> Request 5
338
(4, 3, 1)
3
(50, 46)
-> Request 6
1055
(4, 1, 1)
1
(61, 67)
-> Request 7
1071
(2, 3, 2)
3
(1, 27)
-> Request 8
1080
(1, 3, 2)
3
(5, 39)
-> Request 9
1123
(2, 1, 2)
1
(56, 28)
-> Request 10
1130
(4, 3, 1)
3
(10, 69)
-> Request 11
1287
(2, 3, 1)
2
(6, 67)
-> Request 12
1302
(1, 1, 1)
3
(38, 74)
-> Request 13
1346
(4, 3, 2)
2
(72, 50)
--> Day : 3
-> Request 0
205
(1, 2, 1)
3
(48, 37)
-> Request 1
242
(1, 2, 1)
1
(58, 27)
-> Request 2
530
(2, 2, 2)
3
(24, 16)
-> Request 3
874
(2, 2, 2)
2
(53, 42)
-> Request 4
1277
(2, 3, 1)
3
(73, 3)
--> Day : 4
-> Request 0
8
(4, 2, 1)
1
(57, 39)
-> Request 1
156
(4, 1, 2)
1
(26, 64)
-> Request 2
430
(3, 3, 1)
3
(43, 31)
-> Request 3
613
(4, 1, 1)
1
(55, 41)
-> Request 4
647
(2, 3, 1)
3
(55, 30)
-> Request 5
745
(2, 3, 2)
1
(43, 42)
-> Request 6
745
(3, 1, 2)
1
(54, 38)
-> Request 7
880
(3, 3, 2)
3
(60, 43)
-> Request 8
999
(2, 1, 1)
3
(69, 51)
-> Request 9
1027
(3, 3, 2)
3
(36, 44)
-> Request 10
1324
(4, 1, 1)
3
(13, 9)
---> Week : 19
--> Day : 0
-> Request 0
87
(4, 3, 2)
3
(22, 49)
-> Request 1
103
(4, 1, 1)
2
(14, 25)
-> Request 2
140
(3, 2, 2)
2
(38, 46)
-> Request 3
442
(1, 3, 1)
3
(58, 64)
-> Request 4
686
(1, 2, 1)
1
(4, 66)
-> Request 5
783
(3, 3, 2)
2
(58, 68)
-> Request 6
860
(3, 3, 1)
2
(59, 24)
-> Request 7
928
(3, 3, 1)
2
(58, 28)
--> Day : 1
-> Request 0
78
(2, 2, 2)
3
(75, 20)
-> Request 1
414
(3, 2, 1)
1
(62, 74)
-> Request 2
761
(3, 1, 1)
2
(45, 32)
-> Request 3
1071
(1, 2, 2)
1
(15, 23)
-> Request 4
1347
(4, 3, 2)
3
(45, 29)
-> Request 5
1363
(4, 3, 1)
1
(44, 46)
--> Day : 2
-> Request 0
48
(2, 3, 1)
3
(69, 37)
-> Request 1
304
(2, 1, 2)
3
(56, 33)
-> Request 2
517
(2, 1, 2)
3
(62, 74)
-> Request 3
520
(3, 3, 2)
3
(59, 33)
-> Request 4
581
(4, 1, 1)
3
(58, 36)
-> Request 5
839
(3, 1, 2)
3
(11, 23)
-> Request 6
989
(3, 2, 1)
1
(55, 69)
-> Request 7
1057
(1, 3, 2)
2
(32, 75)
-> Request 8
1277
(2, 1, 2)
1
(40, 63)
--> Day : 3
-> Request 0
161
(4, 3, 1)
1
(57, 40)
-> Request 1
360
(3, 1, 2)
1
(41, 61)
-> Request 2
407
(1, 3, 2)
2
(8, 70)
-> Request 3
614
(3, 3, 1)
3
(53, 41)
-> Request 4
644
(1, 3, 2)
2
(32, 10)
-> Request 5
1026
(3, 2, 1)
1
(54, 70)
-> Request 6
1302
(3, 2, 2)
3
(61, 71)
-> Request 7
1312
(2, 1, 1)
2
(61, 69)
--> Day : 4
-> Request 0
105
(1, 1, 2)
3
(45, 35)
-> Request 1
126
(3, 1, 1)
1
(37, 78)
-> Request 2
177
(1, 3, 2)
2
(69, 5)
-> Request 3
247
(2, 1, 2)
1
(62, 39)
-> Request 4
436
(2, 2, 1)
2
(14, 48)
-> Request 5
777
(3, 2, 2)
3
(69, 63)
-> Request 6
904
(2, 1, 2)
3
(8, 20)
-> Request 7
953
(3, 1, 1)
3
(63, 76)
-> Request 8
1222
(3, 3, 1)
2
(45, 45)
