---> Week : 0
--> Day : 0
-> Request 0
70
(3, 3, 2)
2
(40, 49)
-> Request 1
234
(3, 3, 2)
2
(53, 68)
-> Request 2
270
(3, 3, 2)
3
(25, 10)
-> Request 3
288
(4, 2, 1)
2
(57, 75)
-> Request 4
649
(2, 2, 2)
1
(47, 28)
-> Request 5
703
(2, 2, 2)
2
(44, 39)
-> Request 6
791
(1, 2, 2)
1
(65, 21)
-> Request 7
1002
(2, 1, 2)
1
(53, 0)
-> Request 8
1163
(3, 1, 2)
2
(29, 27)
-> Request 9
1397
(2, 1, 2)
2
(46, 40)
--> Day : 1
-> Request 0
38
(3, 2, 1)
3
(46, 6)
-> Request 1
166
(3, 1, 1)
3
(56, 44)
-> Request 2
489
(3, 2, 1)
1
(58, 30)
-> Request 3
599
(1, 1, 2)
1
(59, 37)
-> Request 4
645
(4, 3, 1)
3
(48, 37)
-> Request 5
660
(4, 1, 1)
1
(51, 35)
-> Request 6
770
(1, 3, 2)
1
(52, 46)
-> Request 7
834
(1, 3, 2)
3
(70, 56)
-> Request 8
1163
(3, 1, 2)
3
(53, 34)
--> Day : 2
-> Request 0
242
(4, 1, 2)
1
(49, 31)
-> Request 1
505
(2, 1, 1)
2
(57, 20)
-> Request 2
612
(1, 2, 1)
1
(2, 21)
-> Request 3
1275
(2, 3, 2)
1
(48, 38)
-> Request 4
1299
(4, 3, 1)
3
(52, 36)
--> Day : 3
-> Request 0
272
(4, 3, 1)
3
(60, 41)
-> Request 1
503
(2, 2, 1)
1
(14, 25)
-> Request 2
978
(1, 2, 1)
1
(54, 70)
-> Request 3
1359
(3, 2, 2)
1
(6, 1)
--> Day : 4
-> Request 0
154
(4, 2, 2)
3
(66, 76)
-> Request 1
180
(2, 2, 1)
2
(44, 1)
-> Request 2
455
(3, 1, 2)
1
(27, 72)
-> Request 3
539
(2, 1, 1)
2
(60, 29)
-> Request 4
593
(3, 2, 1)
3
(49, 45)
-> Request 5
633
(3, 2, 2)
3
(69, 54)
-> Request 6
869
(4, 1, 1)
3
(57, 35)
-> Request 7
1113
(2, 3, 1)
3
(15, 22)
-> Request 8
1136
(3, 1, 1)
1
(49, 32)
-> Request 9
1336
(2, 1, 1)
1
(62, 33)
-> Request 10
1366
(3, 2, 1)
1
(45, 40)
-> Request 11
1382
(4, 3, 1)
2
(24, 67)
-> Request 12
1385
(4, 3, 2)
2
(61, 70)
---> Week : 1
--> Day : 0
-> Request 0
141
(4, 1, 1)
3
(26, 17)
-> Request 1
461
(2, 2, 1)
2
(57, 35)
-> Request 2
579
(4, 1, 1)
1
(22, 35)
-> Request 3
1162
(3, 1, 2)
2
(14, 20)
--> Day : 1
-> Request 0
36
(4, 3, 2)
2
(76, 72)
-> Request 1
399
(1, 2, 1)
2
(57, 13)
-> Request 2
435
(4, 3, 1)
1
(53, 30)
-> Request 3
617
(2, 3, 1)
1
(45, 30)
-> Request 4
653
(1, 1, 2)
3
(27, 75)
-> Request 5
735
(4, 3, 1)
1
(77, 43)
-> Request 6
1247
(3, 2, 2)
1
(47, 32)
-> Request 7
1304
(1, 2, 1)
3
(60, 35)
--> Day : 2
-> Request 0
6
(3, 3, 1)
3
(44, 27)
-> Request 1
304
(3, 3, 1)
2
(19, 76)
-> Request 2
451
(2, 3, 2)
2
(30, 16)
-> Request 3
862
(2, 3, 1)
2
(57, 44)
-> Request 4
1231
(3, 1, 2)
3
(36, 63)
--> Day : 3
-> Request 0
71
(1, 1, 2)
3
(53, 70)
-> Request 1
158
(1, 3, 2)
2
(44, 27)
-> Request 2
288
(4, 2, 2)
1
(53, 44)
-> Request 3
321
(2, 3, 1)
2
(1, 64)
-> Request 4
334
(4, 2, 2)
2
(54, 67)
-> Request 5
350
(3, 3, 1)
3
(54, 46)
-> Request 6
495
(4, 2, 1)
1
(51, 44)
-> Request 7
520
(1, 1, 2)
2
(0, 79)
-> Request 8
747
(1, 1, 1)
3
(55, 69)
-> Request 9
844
(4, 3, 2)
1
(13, 29)
-> Request 10
975
(1, 2, 2)
1
(21, 40)
-> Request 11
1190
(1, 1, 2)
3
(33, 47)
-> Request 12
1407
(4, 3, 1)
1
(72, 73)
--> Day : 4
-> Request 0
32
(4, 3, 1)
3
(73, 8)
-> Request 1
142
(2, 3, 1)
1
(57, 58)
-> Request 2
286
(2, 1, 1)
1
(66, 66)
-> Request 3
311
(1, 1, 1)
2
(71, 6)
-> Request 4
799
(2, 2, 1)
2
(54, 74)
-> Request 5
902
(2, 2, 2)
2
(43, 41)
-> Request 6
1145
(1, 3, 2)
1
(15, 23)
-> Request 7
1320
(1, 3, 1)
2
(62, 77)
-> Request 8
1357
(4, 1, 1)
3
(58, 65)
---> Week : 2
--> Day : 0
-> Request 0
136
(2, 2, 2)
3
(60, 64)
-> Request 1
220
(3, 1, 2)
2
(74, 16)
-> Request 2
489
(4, 2, 1)
1
(57, 39)
-> Request 3
498
(4, 3, 2)
2
(7, 72)
-> Request 4
524
(1, 1, 1)
1
(38, 24)
-> Request 5
557
(3, 1, 1)
3
(16, 60)
-> Request 6
604
(2, 2, 1)
3
(43, 41)
-> Request 7
639
(2, 2, 2)
2
(31, 67)
-> Request 8
646
(1, 1, 1)
2
(13, 29)
-> Request 9
1204
(2, 2, 2)
3
(66, 65)
-> Request 10
1254
(3, 1, 1)
2
(55, 73)
-> Request 11
1345
(4, 2, 2)
2
(54, 68)
--> Day : 1
-> Request 0
112
(3, 2, 2)
1
(72, 34)
-> Request 1
136
(4, 1, 2)
1
(54, 75)
-> Request 2
455
(3, 1, 1)
2
(58, 78)
-> Request 3
587
(3, 2, 2)
3
(36, 77)
-> Request 4
924
(4, 2, 1)
2
(57, 31)
-> Request 5
933
(4, 3, 1)
3
(16, 27)
-> Request 6
1038
(4, 1, 2)
2
(23, 9)
-> Request 7
1211
(1, 1, 2)
3
(11, 22)
--> Day : 2
-> Request 0
69
(3, 3, 1)
2
(76, 31)
-> Request 1
90
(4, 1, 1)
1
(20, 38)
-> Request 2
155
(4, 3, 2)
3
(13, 26)
-> Request 3
181
(3, 1, 1)
3
(18, 67)
-> Request 4
396
(2, 3, 2)
2
(50, 38)
-> Request 5
544
(2, 2, 1)
2
(12, 24)
-> Request 6
681
(3, 1, 2)
1
(75, 39)
-> Request 7
780
(2, 3, 2)
1
(58, 70)
-> Request 8
1044
(4, 2, 2)
1
(64, 77)
-> Request 9
1053
(4, 1, 1)
1
(35, 46)
-> Request 10
1150
(3, 3, 1)
3
(58, 72)
-> Request 11
1242
(4, 3, 2)
2
(51, 35)
-> Request 12
1300
(3, 1, 1)
3
(9, 63)
--> Day : 3
-> Request 0
239
(3, 1, 2)
1
(55, 36)
-> Request 1
283
(1, 2, 1)
3
(64, 64)
-> Request 2
590
(3, 2, 2)
1
(62, 39)
-> Request 3
953
(4, 2, 2)
3
(7, 57)
-> Request 4
1066
(2, 3, 2)
3
(25, 12)
-> Request 5
1133
(4, 3, 2)
1
(61, 64)
-> Request 6
1230
(2, 2, 2)
2
(56, 42)
-> Request 7
1233
(1, 2, 1)
3
(16, 34)
-> Request 8
1330
(4, 2, 2)
1
(15, 53)
--> Day : 4
-> Request 0
34
(1, 2, 1)
1
(61, 68)
-> Request 1
127
(1, 1, 2)
2
(58, 33)
-> Request 2
260
(2, 3, 2)
2
(59, 75)
-> Request 3
299
(2, 3, 1)
3
(62, 31)
-> Request 4
397
(2, 2, 2)
1
(44, 43)
-> Request 5
429
(3, 1, 1)
2
(65, 64)
-> Request 6
614
(2, 1, 1)
2
(33, 23)
-> Request 7
635
(3, 1, 2)
2
(20, 11)
-> Request 8
1065
(1, 3, 1)
2
(21, 28)
-> Request 9
1364
(2, 3, 1)
1
(56, 31)
-> Request 10
1437
(1, 3, 2)
2
(60, 74)
---> Week : 3
--> Day : 0
-> Request 0
114
(4, 2, 2)
1
(12, 55)
-> Request 1
352
(2, 1, 1)
1
(63, 72)
-> Request 2
568
(4, 2, 1)
1
(14, 56)
-> Request 3
808
(1, 1, 2)
1
(52, 33)
-> Request 4
831
(3, 3, 2)
3
(8, 25)
-> Request 5
1196
(1, 3, 2)
2
(38, 46)
-> Request 6
1201
(1, 2, 2)
3
(14, 20)
-> Request 7
1370
(3, 2, 2)
3
(62, 64)
-> Request 8
1402
(2, 1, 2)
1
(75, 26)
--> Day : 1
-> Request 0
148
(4, 2, 2)
1
(25, 7)
-> Request 1
421
(1, 1, 1)
3
(63, 38)
-> Request 2
615
(4, 3, 2)
1
(65, 72)
-> Request 3
791
(1, 1, 1)
3
(0, 67)
-> Request 4
840
(1, 3, 1)
1
(75, 35)
-> Request 5
897
(4, 3, 2)
2
(59, 76)
-> Request 6
1026
(2, 3, 2)
3
(62, 66)
-> Request 7
1067
(4, 1, 1)
2
(63, 75)
-> Request 8
1076
(1, 2, 2)
3
(54, 44)
-> Request 9
1148
(3, 3, 1)
3
(49, 35)
-> Request 10
1330
(3, 2, 1)
3
(60, 44)
--> Day : 2
-> Request 0
143
(1, 1, 2)
2
(67, 22)
-> Request 1
173
(1, 1, 2)
1
(24, 56)
-> Request 2
517
(3, 2, 1)
2
(71, 55)
-> Request 3
1114
(4, 1, 1)
2
(57, 38)
--> Day : 3
-> Request 0
49
(3, 2, 1)
3
(25, 20)
-> Request 1
143
(2, 3, 2)
2
(45, 39)
-> Request 2
411
(2, 1, 2)
1
(58, 37)
-> Request 3
634
(3, 1, 1)
1
(57, 34)
-> Request 4
796
(1, 3, 2)
1
(59, 29)
-> Request 5
956
(4, 1, 1)
2
(53, 74)
-> Request 6
1181
(1, 1, 2)
3
(60, 29)
--> Day : 4
-> Request 0
74
(1, 3, 2)
3
(43, 38)
-> Request 1
246
(3, 2, 1)
3
(58, 27)
-> Request 2
406
(3, 1, 1)
2
(59, 31)
-> Request 3
646
(3, 3, 2)
3
(15, 21)
-> Request 4
924
(1, 2, 1)
1
(63, 65)
-> Request 5
1011
(3, 3, 2)
1
(40, 49)
-> Request 6
1028
(1, 3, 1)
1
(51, 10)
-> Request 7
1178
(3, 1, 2)
1
(5, 49)
-> Request 8
1207
(2, 2, 2)
2
(72, 45)
-> Request 9
1363
(4, 3, 2)
2
(47, 37)
---> Week : 4
--> Day : 0
-> Request 0
152
(1, 1, 1)
1
(73, 8)
-> Request 1
174
(1, 1, 1)
3
(59, 27)
-> Request 2
198
(4, 2, 1)
3
(61, 39)
-> Request 3
238
(1, 2, 1)
3
(13, 21)
-> Request 4
595
(4, 1, 1)
1
(9, 25)
-> Request 5
779
(1, 1, 2)
2
(57, 62)
-> Request 6
852
(1, 1, 1)
2
(47, 11)
-> Request 7
901
(3, 2, 1)
1
(46, 63)
-> Request 8
1338
(1, 2, 1)
1
(60, 74)
--> Day : 1
-> Request 0
92
(3, 2, 1)
1
(52, 25)
-> Request 1
166
(3, 2, 1)
1
(16, 27)
-> Request 2
218
(4, 3, 2)
1
(49, 46)
-> Request 3
277
(2, 1, 2)
1
(57, 33)
-> Request 4
807
(1, 1, 2)
2
(61, 71)
-> Request 5
838
(1, 2, 1)
3
(55, 71)
-> Request 6
939
(2, 2, 1)
3
(63, 66)
-> Request 7
990
(2, 2, 2)
3
(70, 50)
-> Request 8
1069
(1, 2, 1)
2
(54, 30)
-> Request 9
1084
(4, 3, 2)
1
(49, 33)
-> Request 10
1291
(1, 1, 2)
2
(60, 17)
--> Day : 2
-> Request 0
6
(3, 2, 2)
1
(52, 42)
-> Request 1
159
(4, 2, 1)
2
(9, 24)
-> Request 2
180
(1, 2, 2)
3
(54, 46)
-> Request 3
278
(1, 3, 1)
2
(46, 30)
-> Request 4
337
(4, 2, 1)
2
(52, 43)
-> Request 5
339
(2, 1, 1)
3
(59, 65)
-> Request 6
359
(2, 1, 1)
3
(62, 77)
-> Request 7
789
(3, 2, 1)
2
(12, 23)
-> Request 8
883
(1, 1, 1)
1
(59, 38)
-> Request 9
1222
(2, 3, 2)
1
(45, 46)
-> Request 10
1253
(2, 2, 1)
2
(64, 34)
--> Day : 3
-> Request 0
97
(2, 1, 2)
1
(55, 34)
-> Request 1
276
(1, 1, 2)
2
(26, 46)
-> Request 2
312
(2, 3, 1)
1
(64, 65)
-> Request 3
380
(1, 3, 1)
3
(29, 39)
-> Request 4
427
(2, 2, 2)
1
(72, 48)
-> Request 5
556
(2, 2, 1)
3
(47, 39)
-> Request 6
572
(1, 2, 2)
1
(69, 21)
-> Request 7
588
(2, 3, 1)
1
(65, 73)
-> Request 8
604
(1, 1, 1)
1
(62, 42)
-> Request 9
623
(2, 1, 2)
2
(66, 1)
-> Request 10
789
(1, 2, 2)
3
(40, 21)
-> Request 11
812
(4, 3, 1)
2
(54, 74)
-> Request 12
916
(3, 1, 1)
2
(74, 73)
-> Request 13
997
(1, 1, 2)
1
(64, 75)
-> Request 14
1429
(1, 2, 2)
3
(61, 69)
--> Day : 4
-> Request 0
64
(1, 3, 1)
3
(66, 34)
-> Request 1
139
(4, 2, 1)
1
(27, 74)
-> Request 2
257
(1, 3, 1)
2
(55, 77)
-> Request 3
301
(3, 3, 1)
2
(56, 70)
-> Request 4
519
(2, 3, 2)
1
(57, 32)
-> Request 5
712
(4, 1, 2)
3
(45, 34)
-> Request 6
1361
(3, 3, 1)
1
(55, 30)
-> Request 7
1375
(4, 1, 2)
2
(46, 34)
-> Request 8
1423
(3, 1, 2)
3
(56, 31)
---> Week : 5
--> Day : 0
-> Request 0
83
(3, 2, 2)
1
(34, 35)
-> Request 1
137
(3, 1, 2)
3
(58, 15)
-> Request 2
432
(3, 2, 2)
1
(61, 10)
-> Request 3
523
(4, 3, 2)
2
(60, 28)
-> Request 4
874
(1, 1, 1)
3
(70, 40)
-> Request 5
1122
(4, 3, 2)
1
(53, 43)
-> Request 6
1237
(2, 3, 1)
1
(56, 37)
--> Day : 1
-> Request 0
87
(1, 1, 2)
1
(58, 15)
-> Request 1
149
(1, 2, 1)
2
(43, 43)
-> Request 2
160
(1, 1, 1)
1
(35, 22)
-> Request 3
233
(3, 1, 1)
3
(71, 49)
-> Request 4
289
(2, 3, 1)
3
(42, 13)
-> Request 5
477
(4, 3, 1)
1
(24, 64)
-> Request 6
497
(2, 1, 2)
2
(20, 65)
-> Request 7
676
(4, 1, 2)
3
(29, 24)
-> Request 8
689
(4, 1, 1)
3
(46, 38)
-> Request 9
873
(2, 2, 1)
2
(17, 73)
-> Request 10
888
(3, 3, 2)
1
(26, 62)
-> Request 11
925
(3, 1, 1)
2
(53, 32)
-> Request 12
938
(4, 1, 1)
1
(67, 21)
--> Day : 2
-> Request 0
19
(3, 3, 2)
1
(46, 44)
-> Request 1
210
(2, 2, 1)
3
(45, 46)
-> Request 2
214
(4, 2, 1)
3
(65, 27)
-> Request 3
281
(1, 2, 2)
3
(39, 10)
-> Request 4
292
(1, 3, 1)
3
(50, 26)
-> Request 5
297
(3, 3, 2)
1
(28, 61)
-> Request 6
309
(3, 2, 1)
3
(76, 47)
-> Request 7
358
(2, 1, 2)
3
(57, 70)
-> Request 8
493
(1, 2, 1)
1
(58, 72)
-> Request 9
658
(4, 1, 2)
3
(14, 47)
-> Request 10
756
(2, 1, 1)
2
(68, 42)
-> Request 11
1248
(3, 1, 2)
3
(4, 43)
-> Request 12
1361
(3, 1, 2)
1
(62, 66)
--> Day : 3
-> Request 0
2
(4, 2, 1)
3
(54, 45)
-> Request 1
210
(1, 1, 1)
2
(15, 27)
-> Request 2
445
(2, 1, 2)
3
(65, 54)
-> Request 3
1003
(4, 3, 2)
2
(66, 70)
-> Request 4
1132
(1, 2, 2)
3
(56, 46)
-> Request 5
1233
(1, 1, 2)
3
(17, 20)
-> Request 6
1271
(4, 3, 1)
1
(47, 1)
-> Request 7
1319
(3, 1, 2)
1
(57, 41)
-> Request 8
1420
(1, 3, 1)
3
(52, 29)
--> Day : 4
-> Request 0
316
(3, 2, 2)
2
(65, 21)
-> Request 1
344
(3, 1, 1)
2
(51, 27)
-> Request 2
573
(1, 1, 1)
1
(53, 44)
-> Request 3
632
(1, 1, 1)
3
(49, 36)
-> Request 4
930
(4, 3, 2)
1
(59, 72)
-> Request 5
1004
(4, 3, 2)
2
(8, 12)
---> Week : 6
--> Day : 0
-> Request 0
6
(1, 2, 1)
2
(74, 0)
-> Request 1
93
(4, 1, 1)
2
(67, 53)
-> Request 2
129
(4, 3, 2)
1
(54, 42)
-> Request 3
506
(3, 1, 1)
3
(11, 78)
-> Request 4
515
(2, 3, 1)
1
(57, 75)
-> Request 5
1112
(1, 2, 2)
2
(77, 4)
-> Request 6
1120
(3, 1, 1)
1
(53, 29)
-> Request 7
1283
(1, 1, 2)
1
(6, 13)
-> Request 8
1344
(2, 1, 1)
3
(29, 23)
-> Request 9
1351
(4, 3, 2)
1
(52, 35)
--> Day : 1
-> Request 0
61
(3, 1, 1)
3
(15, 36)
-> Request 1
573
(1, 2, 2)
1
(12, 31)
-> Request 2
861
(2, 1, 2)
2
(3, 11)
-> Request 3
1011
(4, 1, 2)
3
(0, 37)
-> Request 4
1179
(3, 2, 1)
2
(45, 31)
-> Request 5
1329
(4, 2, 2)
3
(15, 25)
-> Request 6
1389
(1, 1, 1)
2
(71, 44)
-> Request 7
1433
(4, 3, 2)
1
(49, 40)
--> Day : 2
-> Request 0
120
(3, 2, 2)
1
(16, 39)
-> Request 1
267
(1, 1, 1)
3
(51, 39)
-> Request 2
478
(4, 1, 2)
1
(18, 34)
-> Request 3
678
(1, 1, 1)
3
(28, 49)
-> Request 4
865
(2, 2, 1)
2
(48, 37)
-> Request 5
908
(4, 2, 1)
1
(34, 70)
-> Request 6
921
(1, 1, 2)
1
(51, 42)
-> Request 7
962
(4, 1, 2)
1
(58, 37)
-> Request 8
989
(1, 2, 2)
2
(28, 4)
-> Request 9
1064
(3, 2, 2)
3
(62, 75)
-> Request 10
1191
(2, 3, 1)
2
(61, 71)
-> Request 11
1334
(1, 1, 1)
3
(43, 42)
--> Day : 3
-> Request 0
392
(2, 2, 2)
1
(30, 12)
-> Request 1
586
(2, 2, 2)
3
(36, 26)
-> Request 2
768
(2, 1, 2)
1
(45, 28)
-> Request 3
771
(4, 1, 1)
2
(49, 43)
-> Request 4
774
(3, 1, 1)
2
(62, 65)
-> Request 5
791
(4, 2, 1)
3
(49, 22)
-> Request 6
916
(3, 1, 1)
3
(52, 78)
-> Request 7
1126
(3, 2, 2)
3
(37, 19)
-> Request 8
1129
(3, 2, 2)
3
(56, 36)
-> Request 9
1162
(1, 2, 1)
1
(48, 39)
-> Request 10
1197
(4, 3, 1)
3
(2, 77)
-> Request 11
1225
(4, 3, 1)
1
(70, 76)
-> Request 12
1352
(2, 3, 1)
2
(22, 51)
-> Request 13
1422
(3, 2, 2)
3
(49, 54)
--> Day : 4
-> Request 0
59
(2, 1, 1)
2
(15, 29)
-> Request 1
343
(2, 2, 1)
2
(18, 73)
-> Request 2
346
(1, 3, 1)
3
(61, 41)
-> Request 3
418
(1, 3, 1)
2
(60, 72)
-> Request 4
522
(3, 3, 2)
1
(39, 14)
-> Request 5
751
(2, 1, 1)
3
(61, 69)
-> Request 6
867
(1, 2, 1)
1
(5, 7)
-> Request 7
919
(2, 1, 1)
1
(56, 35)
-> Request 8
985
(3, 2, 1)
2
(63, 40)
-> Request 9
1040
(4, 3, 1)
1
(24, 42)
-> Request 10
1267
(4, 1, 1)
2
(22, 58)
---> Week : 7
--> Day : 0
-> Request 0
225
(3, 2, 1)
2
(27, 3)
-> Request 1
513
(3, 2, 1)
2
(55, 77)
-> Request 2
523
(4, 2, 1)
2
(44, 45)
-> Request 3
763
(3, 3, 1)
3
(59, 34)
-> Request 4
1132
(3, 2, 1)
2
(46, 40)
-> Request 5
1185
(1, 1, 1)
2
(28, 22)
-> Request 6
1330
(3, 1, 1)
2
(51, 39)
-> Request 7
1345
(3, 2, 2)
2
(69, 54)
-> Request 8
1370
(4, 1, 2)
3
(59, 44)
--> Day : 1
-> Request 0
28
(2, 2, 2)
1
(30, 10)
-> Request 1
197
(2, 3, 2)
3
(44, 34)
-> Request 2
474
(3, 1, 1)
2
(47, 35)
-> Request 3
539
(3, 2, 2)
3
(46, 46)
-> Request 4
635
(3, 3, 1)
2
(25, 7)
-> Request 5
780
(3, 1, 2)
1
(54, 72)
-> Request 6
915
(1, 3, 2)
2
(49, 44)
-> Request 7
954
(4, 3, 1)
3
(61, 8)
-> Request 8
1398
(2, 2, 2)
3
(9, 29)
--> Day : 2
-> Request 0
224
(2, 2, 2)
3
(0, 69)
-> Request 1
227
(3, 1, 2)
3
(28, 19)
-> Request 2
570
(2, 3, 1)
1
(49, 41)
-> Request 3
931
(4, 1, 1)
3
(44, 36)
-> Request 4
1424
(4, 2, 2)
3
(60, 43)
-> Request 5
1435
(2, 1, 2)
3
(53, 77)
--> Day : 3
-> Request 0
174
(3, 3, 2)
3
(61, 72)
-> Request 1
394
(1, 1, 2)
3
(63, 64)
-> Request 2
454
(1, 1, 1)
2
(79, 49)
-> Request 3
508
(3, 2, 2)
3
(19, 64)
-> Request 4
1000
(2, 3, 1)
3
(59, 28)
-> Request 5
1212
(2, 2, 2)
1
(62, 36)
-> Request 6
1266
(3, 2, 1)
2
(51, 43)
-> Request 7
1381
(4, 1, 2)
1
(39, 58)
--> Day : 4
-> Request 0
78
(2, 1, 2)
3
(51, 37)
-> Request 1
80
(4, 1, 2)
3
(36, 67)
-> Request 2
101
(2, 3, 2)
3
(19, 55)
-> Request 3
108
(2, 1, 2)
2
(70, 57)
-> Request 4
359
(1, 1, 2)
1
(39, 5)
-> Request 5
442
(3, 2, 1)
1
(11, 52)
-> Request 6
478
(4, 2, 1)
2
(54, 5)
-> Request 7
485
(3, 1, 2)
2
(28, 6)
-> Request 8
610
(4, 1, 2)
1
(16, 29)
-> Request 9
679
(2, 2, 2)
2
(47, 72)
-> Request 10
745
(4, 1, 2)
3
(13, 24)
-> Request 11
1001
(2, 2, 1)
3
(61, 65)
-> Request 12
1125
(3, 1, 1)
2
(36, 46)
-> Request 13
1337
(2, 1, 1)
1
(5, 60)
-> Request 14
1360
(4, 3, 2)
2
(46, 29)
---> Week : 8
--> Day : 0
-> Request 0
187
(4, 2, 1)
3
(45, 41)
-> Request 1
223
(4, 3, 1)
3
(60, 28)
-> Request 2
502
(4, 3, 2)
2
(20, 47)
-> Request 3
511
(4, 3, 2)
3
(55, 30)
-> Request 4
519
(4, 2, 2)
3
(66, 20)
-> Request 5
781
(4, 3, 1)
2
(46, 34)
-> Request 6
962
(4, 1, 1)
3
(53, 70)
-> Request 7
1253
(1, 2, 1)
1
(14, 47)
--> Day : 1
-> Request 0
196
(3, 3, 1)
2
(52, 17)
-> Request 1
350
(3, 1, 2)
2
(66, 71)
-> Request 2
394
(3, 1, 2)
2
(59, 73)
-> Request 3
602
(3, 3, 1)
2
(11, 13)
-> Request 4
604
(3, 3, 2)
3
(76, 43)
-> Request 5
661
(1, 2, 1)
1
(79, 29)
-> Request 6
748
(1, 1, 1)
3
(52, 33)
-> Request 7
754
(4, 2, 1)
1
(57, 40)
-> Request 8
798
(1, 3, 1)
3
(61, 16)
-> Request 9
1124
(3, 3, 1)
2
(54, 70)
-> Request 10
1241
(2, 1, 1)
2
(61, 68)
--> Day : 2
-> Request 0
102
(4, 1, 2)
2
(52, 41)
-> Request 1
894
(2, 3, 1)
1
(44, 32)
-> Request 2
1228
(4, 1, 2)
1
(71, 58)
--> Day : 3
-> Request 0
149
(3, 3, 1)
1
(49, 0)
-> Request 1
160
(1, 2, 1)
1
(65, 16)
-> Request 2
465
(4, 2, 1)
2
(56, 43)
-> Request 3
582
(2, 1, 2)
3
(27, 26)
-> Request 4
937
(2, 2, 1)
3
(65, 74)
-> Request 5
974
(4, 2, 1)
2
(32, 24)
-> Request 6
1009
(3, 1, 2)
3
(49, 38)
-> Request 7
1010
(2, 1, 1)
2
(46, 26)
--> Day : 4
-> Request 0
28
(2, 2, 2)
2
(57, 71)
-> Request 1
456
(1, 2, 2)
2
(17, 27)
-> Request 2
666
(4, 3, 2)
2
(66, 65)
-> Request 3
739
(1, 2, 1)
3
(60, 32)
-> Request 4
747
(2, 1, 2)
1
(62, 37)
-> Request 5
753
(4, 2, 2)
1
(76, 60)
-> Request 6
865
(4, 2, 1)
1
(63, 73)
-> Request 7
1045
(2, 2, 2)
3
(7, 7)
-> Request 8
1155
(2, 1, 1)
3
(25, 38)
-> Request 9
1311
(1, 1, 1)
3
(59, 72)
-> Request 10
1393
(3, 3, 2)
1
(54, 29)
---> Week : 9
--> Day : 0
-> Request 0
181
(4, 2, 1)
1
(17, 24)
-> Request 1
253
(3, 2, 1)
2
(24, 49)
-> Request 2
262
(1, 3, 2)
1
(8, 63)
-> Request 3
621
(2, 2, 1)
2
(61, 43)
-> Request 4
916
(2, 1, 1)
1
(51, 27)
-> Request 5
935
(4, 2, 2)
3
(50, 38)
-> Request 6
1083
(3, 1, 2)
3
(52, 28)
-> Request 7
1103
(3, 2, 2)
1
(56, 66)
-> Request 8
1381
(1, 3, 1)
2
(77, 9)
-> Request 9
1424
(3, 2, 2)
2
(25, 9)
--> Day : 1
-> Request 0
24
(2, 1, 1)
2
(59, 39)
-> Request 1
129
(3, 2, 2)
1
(62, 32)
-> Request 2
384
(1, 1, 2)
3
(75, 59)
-> Request 3
479
(4, 2, 1)
1
(48, 60)
-> Request 4
541
(4, 1, 1)
1
(62, 41)
-> Request 5
913
(1, 3, 1)
3
(45, 42)
-> Request 6
1023
(2, 2, 1)
1
(68, 2)
-> Request 7
1127
(3, 1, 2)
2
(46, 43)
-> Request 8
1268
(1, 3, 1)
2
(16, 26)
-> Request 9
1337
(1, 2, 2)
1
(22, 68)
--> Day : 2
-> Request 0
219
(4, 3, 1)
1
(58, 36)
-> Request 1
958
(3, 2, 2)
1
(23, 5)
-> Request 2
1098
(2, 1, 2)
3
(9, 21)
-> Request 3
1165
(1, 3, 2)
2
(15, 58)
-> Request 4
1259
(4, 3, 2)
3
(46, 74)
--> Day : 3
-> Request 0
27
(4, 2, 1)
2
(50, 40)
-> Request 1
249
(4, 1, 2)
3
(67, 18)
-> Request 2
341
(4, 2, 1)
2
(61, 36)
-> Request 3
966
(3, 1, 2)
3
(48, 72)
-> Request 4
1155
(1, 1, 1)
2
(56, 40)
-> Request 5
1195
(3, 2, 1)
3
(53, 71)
-> Request 6
1381
(4, 2, 1)
2
(57, 73)
--> Day : 4
-> Request 0
17
(1, 1, 2)
3
(67, 2)
-> Request 1
55
(1, 1, 2)
2
(45, 44)
-> Request 2
229
(1, 2, 1)
1
(50, 35)
-> Request 3
849
(4, 3, 2)
2
(16, 22)
-> Request 4
911
(3, 3, 2)
2
(17, 11)
-> Request 5
1104
(3, 2, 2)
3
(13, 5)
-> Request 6
1147
(2, 1, 1)
2
(68, 4)
-> Request 7
1167
(4, 1, 2)
1
(5, 49)
-> Request 8
1379
(2, 3, 1)
3
(15, 22)
---> Week : 10
--> Day : 0
-> Request 0
20
(3, 1, 2)
1
(3, 8)
-> Request 1
574
(4, 1, 2)
1
(53, 34)
-> Request 2
753
(3, 2, 2)
1
(31, 8)
-> Request 3
915
(3, 3, 1)
2
(33, 35)
-> Request 4
1105
(4, 1, 1)
2
(43, 34)
-> Request 5
1118
(2, 1, 1)
3
(47, 36)
--> Day : 1
-> Request 0
112
(3, 1, 2)
1
(47, 35)
-> Request 1
201
(1, 1, 2)
3
(63, 24)
-> Request 2
755
(2, 1, 2)
3
(55, 46)
-> Request 3
844
(2, 3, 2)
3
(28, 25)
-> Request 4
891
(3, 1, 2)
3
(65, 72)
-> Request 5
1031
(1, 1, 2)
2
(16, 42)
-> Request 6
1202
(4, 2, 1)
3
(51, 32)
-> Request 7
1252
(4, 2, 2)
2
(57, 34)
-> Request 8
1275
(1, 1, 2)
2
(27, 31)
-> Request 9
1303
(1, 3, 2)
2
(48, 38)
--> Day : 2
-> Request 0
22
(2, 1, 2)
3
(58, 78)
-> Request 1
393
(3, 2, 1)
1
(60, 78)
-> Request 2
474
(2, 2, 1)
3
(57, 77)
-> Request 3
481
(3, 1, 2)
2
(26, 21)
-> Request 4
869
(4, 1, 2)
3
(59, 38)
-> Request 5
1028
(4, 2, 1)
3
(53, 68)
-> Request 6
1082
(3, 1, 2)
1
(67, 64)
-> Request 7
1095
(4, 2, 2)
3
(61, 39)
--> Day : 3
-> Request 0
156
(4, 1, 2)
1
(52, 36)
-> Request 1
229
(3, 1, 2)
2
(57, 35)
-> Request 2
373
(1, 1, 2)
1
(43, 32)
-> Request 3
1029
(4, 3, 1)
2
(56, 27)
-> Request 4
1177
(1, 1, 2)
3
(11, 2)
-> Request 5
1347
(2, 2, 2)
2
(0, 17)
-> Request 6
1430
(3, 3, 1)
2
(74, 45)
--> Day : 4
-> Request 0
53
(2, 1, 2)
1
(54, 39)
-> Request 1
175
(1, 3, 1)
1
(13, 27)
-> Request 2
210
(4, 2, 1)
3
(12, 28)
-> Request 3
395
(2, 2, 2)
2
(11, 3)
-> Request 4
489
(2, 3, 2)
2
(17, 28)
-> Request 5
629
(4, 2, 1)
2
(77, 13)
-> Request 6
672
(3, 3, 2)
2
(74, 4)
-> Request 7
734
(3, 3, 1)
2
(1, 18)
-> Request 8
816
(3, 3, 1)
3
(44, 35)
-> Request 9
872
(3, 3, 2)
3
(14, 24)
-> Request 10
973
(1, 3, 1)
2
(59, 22)
-> Request 11
1056
(1, 2, 2)
1
(59, 77)
-> Request 12
1204
(3, 3, 2)
1
(39, 35)
-> Request 13
1332
(3, 3, 1)
2
(59, 33)
---> Week : 11
--> Day : 0
-> Request 0
100
(1, 2, 1)
1
(54, 72)
-> Request 1
201
(2, 1, 1)
2
(56, 36)
-> Request 2
634
(4, 3, 1)
3
(21, 19)
-> Request 3
752
(1, 3, 1)
3
(43, 40)
-> Request 4
945
(1, 3, 1)
2
(61, 76)
-> Request 5
1006
(1, 1, 1)
3
(61, 20)
-> Request 6
1213
(4, 1, 2)
1
(11, 22)
-> Request 7
1435
(1, 2, 1)
3
(47, 41)
--> Day : 1
-> Request 0
87
(1, 1, 2)
1
(17, 51)
-> Request 1
367
(4, 1, 1)
1
(14, 19)
-> Request 2
378
(2, 2, 1)
2
(16, 67)
-> Request 3
448
(3, 2, 1)
2
(61, 64)
-> Request 4
498
(2, 3, 1)
2
(47, 32)
-> Request 5
519
(4, 3, 2)
2
(39, 37)
-> Request 6
542
(4, 3, 1)
3
(21, 2)
-> Request 7
841
(2, 1, 1)
1
(57, 19)
-> Request 8
927
(1, 2, 1)
3
(47, 49)
-> Request 9
939
(3, 2, 2)
1
(39, 49)
-> Request 10
1131
(3, 3, 1)
2
(62, 38)
-> Request 11
1141
(1, 2, 2)
3
(11, 24)
-> Request 12
1254
(2, 2, 1)
2
(54, 40)
--> Day : 2
-> Request 0
42
(2, 2, 2)
1
(44, 39)
-> Request 1
49
(1, 2, 1)
2
(32, 29)
-> Request 2
325
(4, 1, 2)
1
(69, 40)
-> Request 3
504
(4, 1, 1)
2
(61, 71)
-> Request 4
543
(2, 2, 2)
3
(51, 32)
-> Request 5
626
(2, 1, 1)
1
(38, 28)
-> Request 6
708
(1, 3, 1)
1
(55, 44)
-> Request 7
711
(4, 2, 2)
2
(52, 70)
-> Request 8
822
(3, 1, 1)
2
(11, 41)
-> Request 9
889
(4, 2, 1)
2
(51, 41)
-> Request 10
899
(1, 2, 2)
2
(59, 45)
-> Request 11
1173
(2, 1, 2)
1
(46, 40)
-> Request 12
1382
(1, 3, 2)
1
(9, 29)
--> Day : 3
-> Request 0
133
(3, 2, 1)
1
(46, 45)
-> Request 1
173
(2, 3, 2)
3
(54, 72)
-> Request 2
213
(1, 2, 1)
3
(13, 68)
-> Request 3
531
(2, 1, 2)
1
(1, 1)
-> Request 4
675
(4, 3, 1)
2
(55, 71)
-> Request 5
1058
(4, 1, 2)
3
(64, 64)
--> Day : 4
-> Request 0
69
(4, 2, 2)
2
(67, 18)
-> Request 1
186
(4, 3, 1)
1
(54, 27)
-> Request 2
307
(3, 3, 1)
1
(3, 43)
-> Request 3
567
(3, 2, 1)
1
(56, 31)
-> Request 4
671
(1, 1, 2)
2
(59, 33)
-> Request 5
717
(1, 3, 1)
3
(12, 22)
-> Request 6
775
(4, 2, 1)
1
(64, 35)
-> Request 7
972
(2, 2, 2)
1
(52, 46)
-> Request 8
985
(1, 2, 1)
1
(62, 40)
-> Request 9
1107
(1, 2, 2)
2
(73, 51)
-> Request 10
1365
(3, 1, 1)
3
(11, 26)
---> Week : 12
--> Day : 0
-> Request 0
120
(3, 3, 1)
2
(51, 28)
-> Request 1
263
(2, 3, 1)
1
(76, 63)
-> Request 2
355
(3, 2, 2)
1
(30, 52)
-> Request 3
357
(4, 3, 2)
1
(59, 77)
-> Request 4
634
(3, 3, 2)
1
(10, 28)
-> Request 5
714
(2, 3, 1)
2
(13, 24)
-> Request 6
840
(2, 2, 1)
2
(59, 45)
-> Request 7
1028
(4, 3, 2)
3
(60, 30)
-> Request 8
1196
(1, 2, 2)
2
(49, 41)
-> Request 9
1220
(4, 3, 2)
1
(51, 79)
-> Request 10
1222
(4, 2, 1)
3
(50, 38)
-> Request 11
1340
(3, 2, 1)
3
(3, 39)
--> Day : 1
-> Request 0
106
(4, 3, 2)
2
(68, 38)
-> Request 1
170
(2, 3, 2)
3
(17, 74)
-> Request 2
322
(4, 3, 2)
3
(36, 43)
-> Request 3
387
(3, 2, 1)
1
(49, 7)
-> Request 4
393
(2, 2, 1)
1
(56, 32)
-> Request 5
609
(3, 1, 2)
1
(76, 2)
-> Request 6
717
(2, 3, 1)
1
(58, 43)
-> Request 7
1016
(3, 2, 1)
3
(44, 42)
-> Request 8
1143
(3, 2, 2)
2
(54, 73)
-> Request 9
1145
(2, 1, 1)
2
(57, 46)
-> Request 10
1165
(4, 1, 2)
2
(60, 38)
-> Request 11
1228
(1, 1, 2)
1
(13, 29)
-> Request 12
1228
(3, 1, 1)
1
(10, 23)
--> Day : 2
-> Request 0
48
(4, 2, 2)
1
(29, 36)
-> Request 1
116
(3, 1, 1)
2
(66, 77)
-> Request 2
282
(1, 2, 1)
3
(18, 68)
-> Request 3
532
(2, 2, 1)
2
(48, 46)
-> Request 4
698
(3, 3, 1)
3
(26, 4)
-> Request 5
714
(3, 2, 1)
3
(40, 54)
-> Request 6
820
(4, 1, 1)
3
(29, 60)
-> Request 7
903
(1, 2, 1)
1
(58, 28)
-> Request 8
1051
(3, 2, 1)
3
(36, 73)
-> Request 9
1152
(1, 3, 2)
3
(53, 34)
--> Day : 3
-> Request 0
322
(3, 3, 2)
1
(14, 11)
-> Request 1
387
(3, 3, 2)
3
(57, 46)
-> Request 2
393
(4, 1, 2)
2
(51, 43)
-> Request 3
617
(2, 2, 2)
2
(63, 71)
-> Request 4
842
(4, 1, 1)
1
(76, 8)
-> Request 5
888
(1, 3, 1)
1
(22, 23)
-> Request 6
1210
(1, 2, 2)
3
(47, 54)
-> Request 7
1245
(4, 3, 1)
2
(54, 34)
-> Request 8
1346
(3, 1, 2)
2
(17, 1)
-> Request 9
1414
(3, 3, 2)
1
(60, 67)
-> Request 10
1414
(3, 2, 1)
1
(43, 73)
--> Day : 4
-> Request 0
144
(3, 1, 2)
2
(11, 30)
-> Request 1
475
(3, 3, 1)
2
(43, 57)
-> Request 2
600
(4, 2, 1)
2
(56, 42)
-> Request 3
602
(4, 2, 1)
3
(10, 22)
-> Request 4
1108
(4, 3, 1)
1
(53, 76)
-> Request 5
1282
(2, 3, 2)
1
(39, 14)
-> Request 6
1318
(3, 1, 1)
3
(75, 3)
-> Request 7
1355
(4, 2, 2)
3
(68, 52)
---> Week : 13
--> Day : 0
-> Request 0
66
(2, 3, 2)
2
(13, 36)
-> Request 1
250
(2, 3, 2)
3
(66, 78)
-> Request 2
411
(4, 2, 2)
2
(33, 79)
-> Request 3
495
(3, 2, 1)
3
(59, 36)
-> Request 4
914
(4, 2, 2)
1
(17, 54)
-> Request 5
1041
(2, 1, 1)
2
(63, 76)
-> Request 6
1253
(2, 2, 2)
1
(14, 67)
-> Request 7
1261
(3, 3, 1)
2
(62, 38)
-> Request 8
1279
(4, 1, 2)
1
(48, 44)
-> Request 9
1407
(2, 2, 2)
2
(43, 43)
--> Day : 1
-> Request 0
114
(1, 1, 2)
2
(39, 7)
-> Request 1
198
(2, 1, 1)
1
(61, 72)
-> Request 2
768
(3, 1, 1)
1
(77, 49)
-> Request 3
780
(1, 1, 1)
3
(65, 27)
-> Request 4
1031
(1, 3, 1)
3
(64, 67)
-> Request 5
1079
(2, 2, 1)
2
(16, 26)
--> Day : 2
-> Request 0
227
(4, 3, 2)
2
(60, 43)
-> Request 1
682
(3, 2, 1)
1
(65, 73)
-> Request 2
685
(3, 3, 1)
1
(35, 25)
-> Request 3
800
(3, 1, 1)
1
(56, 75)
-> Request 4
905
(4, 1, 1)
2
(57, 37)
-> Request 5
995
(4, 2, 2)
3
(67, 1)
-> Request 6
1034
(4, 2, 1)
2
(77, 44)
-> Request 7
1055
(4, 3, 2)
1
(10, 29)
-> Request 8
1256
(1, 3, 2)
1
(8, 7)
-> Request 9
1370
(2, 2, 2)
3
(5, 57)
--> Day : 3
-> Request 0
137
(4, 2, 2)
2
(9, 60)
-> Request 1
316
(1, 2, 1)
1
(66, 66)
-> Request 2
325
(3, 1, 2)
1
(23, 30)
-> Request 3
335
(1, 3, 1)
3
(41, 11)
-> Request 4
729
(4, 3, 1)
1
(7, 17)
-> Request 5
793
(3, 1, 1)
3
(53, 42)
-> Request 6
1013
(3, 1, 1)
1
(26, 14)
-> Request 7
1029
(2, 3, 2)
1
(62, 31)
-> Request 8
1089
(2, 1, 1)
3
(6, 30)
-> Request 9
1094
(4, 1, 1)
3
(57, 44)
-> Request 10
1124
(2, 1, 1)
2
(56, 28)
-> Request 11
1260
(2, 2, 2)
3
(62, 67)
-> Request 12
1295
(4, 2, 2)
2
(55, 30)
--> Day : 4
-> Request 0
172
(3, 1, 2)
3
(56, 73)
-> Request 1
211
(1, 2, 2)
3
(53, 46)
-> Request 2
559
(4, 3, 2)
2
(0, 24)
-> Request 3
712
(3, 1, 1)
1
(67, 2)
-> Request 4
1233
(1, 3, 1)
1
(35, 14)
-> Request 5
1259
(1, 2, 1)
3
(64, 13)
---> Week : 14
--> Day : 0
-> Request 0
105
(3, 3, 1)
1
(54, 42)
-> Request 1
144
(2, 1, 2)
3
(11, 12)
-> Request 2
150
(4, 2, 1)
1
(56, 42)
-> Request 3
828
(3, 1, 2)
2
(55, 25)
-> Request 4
891
(1, 2, 1)
2
(32, 15)
-> Request 5
1161
(3, 1, 1)
1
(51, 31)
-> Request 6
1177
(2, 1, 2)
2
(66, 75)
-> Request 7
1193
(2, 1, 1)
2
(3, 47)
-> Request 8
1253
(1, 3, 2)
2
(17, 17)
-> Request 9
1328
(2, 3, 2)
3
(78, 45)
--> Day : 1
-> Request 0
144
(3, 2, 1)
3
(58, 46)
-> Request 1
307
(1, 2, 2)
2
(42, 25)
-> Request 2
309
(4, 2, 1)
2
(56, 32)
-> Request 3
395
(1, 1, 1)
1
(28, 48)
-> Request 4
520
(1, 1, 1)
3
(39, 31)
-> Request 5
580
(1, 2, 2)
1
(55, 70)
-> Request 6
837
(3, 3, 1)
3
(52, 33)
-> Request 7
858
(2, 1, 1)
3
(16, 27)
-> Request 8
1133
(4, 3, 2)
2
(16, 27)
-> Request 9
1273
(1, 2, 2)
1
(51, 46)
-> Request 10
1329
(3, 2, 1)
1
(28, 5)
-> Request 11
1342
(1, 3, 1)
1
(42, 41)
--> Day : 2
-> Request 0
24
(3, 1, 1)
3
(15, 27)
-> Request 1
38
(3, 1, 1)
2
(62, 77)
-> Request 2
135
(2, 2, 2)
2
(20, 32)
-> Request 3
201
(4, 1, 2)
2
(59, 76)
-> Request 4
315
(3, 1, 1)
3
(54, 68)
-> Request 5
324
(4, 3, 1)
2
(55, 40)
-> Request 6
1169
(3, 1, 1)
2
(59, 73)
-> Request 7
1243
(3, 3, 2)
2
(31, 75)
-> Request 8
1405
(4, 3, 2)
3
(71, 22)
-> Request 9
1438
(3, 1, 1)
1
(34, 35)
--> Day : 3
-> Request 0
390
(3, 3, 2)
3
(48, 42)
-> Request 1
416
(2, 1, 2)
3
(69, 51)
-> Request 2
528
(2, 1, 1)
3
(55, 60)
-> Request 3
619
(4, 1, 2)
3
(46, 27)
-> Request 4
724
(2, 3, 1)
2
(54, 73)
-> Request 5
939
(2, 2, 2)
3
(56, 65)
-> Request 6
1111
(1, 2, 2)
2
(54, 33)
-> Request 7
1193
(1, 1, 1)
1
(47, 42)
-> Request 8
1391
(4, 1, 1)
1
(52, 33)
--> Day : 4
-> Request 0
118
(1, 3, 1)
3
(53, 70)
-> Request 1
295
(2, 1, 2)
2
(63, 5)
-> Request 2
385
(3, 2, 2)
1
(9, 22)
-> Request 3
427
(2, 2, 1)
1
(62, 31)
-> Request 4
575
(1, 1, 1)
1
(44, 29)
-> Request 5
657
(3, 1, 1)
1
(44, 40)
-> Request 6
795
(3, 2, 2)
1
(47, 35)
-> Request 7
922
(3, 3, 2)
1
(52, 66)
-> Request 8
992
(1, 2, 2)
3
(47, 31)
-> Request 9
1000
(3, 1, 2)
1
(53, 77)
-> Request 10
1111
(4, 3, 1)
2
(45, 41)
-> Request 11
1115
(2, 1, 2)
3
(13, 20)
-> Request 12
1203
(4, 2, 2)
2
(6, 78)
-> Request 13
1319
(3, 2, 2)
1
(65, 69)
---> Week : 15
--> Day : 0
-> Request 0
30
(1, 2, 2)
3
(59, 39)
-> Request 1
273
(3, 2, 2)
1
(51, 63)
-> Request 2
919
(3, 1, 1)
1
(60, 73)
-> Request 3
947
(4, 3, 2)
2
(33, 77)
-> Request 4
1021
(2, 3, 2)
1
(77, 54)
-> Request 5
1141
(2, 3, 1)
3
(14, 69)
-> Request 6
1174
(2, 3, 2)
2
(51, 39)
-> Request 7
1207
(2, 3, 2)
3
(3, 76)
-> Request 8
1257
(2, 1, 1)
3
(77, 41)
-> Request 9
1297
(1, 1, 2)
3
(44, 36)
-> Request 10
1413
(3, 3, 2)
2
(22, 78)
--> Day : 1
-> Request 0
45
(1, 2, 1)
2
(45, 33)
-> Request 1
45
(2, 2, 1)
1
(14, 29)
-> Request 2
116
(2, 3, 1)
3
(50, 40)
-> Request 3
311
(2, 1, 2)
3
(59, 28)
-> Request 4
447
(1, 3, 2)
2
(78, 64)
-> Request 5
654
(1, 1, 1)
2
(0, 4)
-> Request 6
773
(1, 3, 1)
2
(19, 76)
-> Request 7
903
(1, 3, 1)
2
(65, 60)
-> Request 8
961
(3, 3, 1)
1
(53, 76)
-> Request 9
1031
(4, 1, 1)
2
(48, 42)
-> Request 10
1205
(3, 1, 1)
3
(55, 19)
-> Request 11
1211
(2, 1, 1)
1
(44, 74)
-> Request 12
1282
(4, 1, 1)
1
(1, 37)
--> Day : 2
-> Request 0
27
(1, 2, 1)
1
(22, 64)
-> Request 1
50
(4, 3, 1)
2
(3, 36)
-> Request 2
97
(4, 3, 2)
3
(53, 45)
-> Request 3
235
(1, 3, 1)
1
(60, 75)
-> Request 4
465
(1, 3, 1)
2
(65, 77)
-> Request 5
468
(1, 3, 1)
2
(47, 32)
-> Request 6
516
(3, 3, 1)
1
(57, 44)
-> Request 7
538
(4, 2, 2)
2
(49, 67)
-> Request 8
578
(1, 3, 2)
2
(62, 31)
-> Request 9
767
(3, 2, 2)
1
(11, 27)
-> Request 10
986
(3, 1, 1)
1
(49, 45)
-> Request 11
1062
(4, 3, 2)
2
(27, 39)
-> Request 12
1279
(4, 3, 1)
3
(8, 22)
-> Request 13
1384
(2, 1, 2)
1
(44, 78)
--> Day : 3
-> Request 0
160
(3, 1, 2)
2
(44, 50)
-> Request 1
283
(1, 2, 1)
3
(52, 73)
-> Request 2
302
(3, 2, 2)
3
(58, 46)
-> Request 3
706
(3, 3, 1)
3
(59, 72)
-> Request 4
1093
(2, 2, 2)
2
(14, 24)
-> Request 5
1190
(1, 2, 2)
3
(65, 71)
-> Request 6
1404
(4, 1, 2)
1
(43, 32)
--> Day : 4
-> Request 0
279
(3, 1, 2)
1
(58, 31)
-> Request 1
289
(4, 1, 1)
1
(52, 37)
-> Request 2
401
(2, 3, 2)
3
(55, 35)
-> Request 3
496
(3, 1, 1)
2
(61, 66)
-> Request 4
626
(4, 3, 2)
1
(64, 78)
-> Request 5
761
(1, 3, 2)
3
(61, 76)
-> Request 6
947
(3, 3, 1)
3
(19, 28)
-> Request 7
948
(3, 3, 1)
1
(55, 34)
-> Request 8
1001
(1, 1, 1)
2
(53, 46)
-> Request 9
1065
(3, 1, 2)
1
(48, 40)
-> Request 10
1269
(4, 3, 1)
1
(79, 45)
-> Request 11
1313
(4, 3, 1)
3
(49, 30)
-> Request 12
1378
(3, 3, 2)
1
(76, 18)
---> Week : 16
--> Day : 0
-> Request 0
159
(1, 1, 1)
2
(5, 49)
-> Request 1
285
(4, 1, 2)
1
(17, 53)
-> Request 2
847
(3, 1, 1)
2
(62, 76)
-> Request 3
934
(1, 1, 1)
2
(54, 42)
-> Request 4
1032
(4, 2, 2)
1
(58, 66)
-> Request 5
1159
(3, 1, 1)
1
(40, 33)
-> Request 6
1256
(2, 1, 1)
3
(47, 37)
-> Request 7
1274
(4, 3, 2)
1
(5, 38)
--> Day : 1
-> Request 0
116
(1, 1, 1)
3
(66, 67)
-> Request 1
255
(1, 1, 1)
1
(56, 68)
-> Request 2
346
(3, 1, 2)
2
(42, 14)
-> Request 3
380
(2, 1, 1)
3
(79, 53)
-> Request 4
418
(3, 1, 1)
1
(58, 27)
-> Request 5
818
(3, 1, 2)
1
(57, 56)
-> Request 6
1021
(4, 2, 1)
1
(63, 77)
-> Request 7
1124
(3, 3, 1)
3
(51, 35)
-> Request 8
1137
(1, 1, 1)
3
(51, 31)
-> Request 9
1282
(4, 1, 1)
2
(48, 45)
-> Request 10
1377
(3, 2, 1)
3
(0, 72)
-> Request 11
1405
(3, 2, 2)
1
(16, 36)
--> Day : 2
-> Request 0
433
(3, 3, 1)
1
(71, 76)
-> Request 1
709
(2, 1, 2)
1
(58, 45)
-> Request 2
745
(2, 1, 1)
1
(52, 35)
-> Request 3
976
(4, 2, 2)
3
(23, 30)
-> Request 4
1071
(4, 3, 2)
2
(66, 69)
-> Request 5
1090
(1, 3, 2)
3
(12, 29)
--> Day : 3
-> Request 0
36
(4, 3, 1)
1
(57, 67)
-> Request 1
593
(2, 3, 2)
2
(62, 77)
-> Request 2
694
(2, 2, 1)
1
(53, 72)
--> Day : 4
-> Request 0
125
(4, 1, 2)
1
(64, 5)
-> Request 1
165
(1, 3, 1)
3
(59, 78)
-> Request 2
309
(2, 1, 1)
3
(17, 26)
-> Request 3
392
(3, 1, 1)
2
(47, 34)
-> Request 4
426
(1, 1, 2)
1
(17, 20)
-> Request 5
524
(2, 2, 1)
2
(52, 28)
-> Request 6
749
(4, 3, 2)
3
(59, 42)
-> Request 7
799
(3, 1, 1)
1
(54, 73)
-> Request 8
810
(3, 2, 1)
3
(59, 72)
-> Request 9
901
(4, 3, 2)
3
(48, 43)
-> Request 10
1207
(1, 3, 2)
3
(61, 15)
-> Request 11
1231
(3, 2, 1)
3
(55, 74)
-> Request 12
1241
(3, 2, 1)
2
(46, 32)
---> Week : 17
--> Day : 0
-> Request 0
1
(4, 2, 1)
1
(8, 26)
-> Request 1
38
(1, 2, 2)
1
(73, 1)
-> Request 2
163
(2, 3, 2)
1
(28, 23)
-> Request 3
405
(3, 2, 1)
3
(53, 42)
-> Request 4
495
(4, 3, 2)
1
(61, 76)
-> Request 5
588
(2, 2, 2)
2
(59, 69)
-> Request 6
589
(1, 3, 2)
1
(47, 32)
-> Request 7
772
(1, 2, 2)
1
(45, 38)
-> Request 8
838
(4, 3, 2)
1
(69, 36)
-> Request 9
894
(3, 3, 1)
3
(37, 25)
-> Request 10
958
(2, 2, 1)
1
(55, 68)
-> Request 11
1103
(1, 1, 1)
3
(72, 69)
-> Request 12
1247
(3, 1, 1)
2
(0, 28)
--> Day : 1
-> Request 0
27
(4, 2, 1)
1
(57, 41)
-> Request 1
71
(1, 2, 1)
2
(0, 48)
-> Request 2
113
(3, 3, 1)
2
(14, 28)
-> Request 3
362
(4, 3, 1)
1
(38, 41)
-> Request 4
423
(1, 3, 2)
3
(51, 59)
-> Request 5
463
(3, 1, 2)
2
(20, 7)
-> Request 6
565
(2, 1, 2)
1
(52, 26)
-> Request 7
588
(1, 3, 1)
1
(64, 29)
-> Request 8
630
(2, 3, 2)
2
(13, 68)
-> Request 9
693
(3, 3, 1)
2
(65, 68)
-> Request 10
822
(4, 3, 1)
3
(3, 39)
-> Request 11
974
(4, 2, 1)
1
(58, 34)
-> Request 12
1018
(3, 1, 2)
3
(37, 3)
-> Request 13
1097
(4, 2, 2)
3
(58, 41)
-> Request 14
1130
(2, 1, 1)
3
(55, 45)
-> Request 15
1148
(1, 1, 2)
1
(59, 31)
-> Request 16
1331
(2, 1, 2)
3
(42, 13)
--> Day : 2
-> Request 0
221
(3, 1, 2)
1
(44, 44)
-> Request 1
269
(2, 1, 1)
2
(45, 71)
-> Request 2
440
(1, 1, 2)
3
(27, 66)
-> Request 3
623
(3, 3, 2)
3
(11, 7)
-> Request 4
739
(2, 1, 2)
2
(32, 33)
-> Request 5
1025
(1, 3, 1)
3
(47, 43)
-> Request 6
1083
(1, 2, 1)
3
(25, 15)
-> Request 7
1147
(2, 2, 1)
3
(8, 9)
-> Request 8
1155
(2, 3, 1)
2
(9, 45)
-> Request 9
1177
(3, 2, 1)
3
(79, 72)
-> Request 10
1183
(3, 3, 2)
3
(28, 2)
-> Request 11
1292
(1, 3, 2)
2
(68, 50)
--> Day : 3
-> Request 0
5
(4, 1, 1)
2
(41, 65)
-> Request 1
20
(4, 2, 2)
3
(9, 77)
-> Request 2
84
(1, 1, 2)
3
(61, 31)
-> Request 3
89
(4, 2, 2)
1
(1, 14)
-> Request 4
276
(3, 1, 2)
1
(52, 27)
-> Request 5
383
(4, 1, 1)
1
(35, 66)
-> Request 6
520
(1, 3, 1)
2
(9, 25)
-> Request 7
703
(2, 2, 1)
3
(59, 75)
-> Request 8
710
(2, 3, 2)
3
(31, 58)
-> Request 9
774
(4, 3, 1)
1
(61, 78)
-> Request 10
787
(1, 1, 2)
2
(37, 52)
-> Request 11
954
(1, 3, 1)
2
(48, 35)
-> Request 12
1136
(2, 3, 1)
3
(61, 34)
-> Request 13
1291
(2, 2, 2)
2
(47, 19)
-> Request 14
1367
(2, 3, 1)
2
(53, 58)
-> Request 15
1394
(4, 3, 1)
3
(41, 3)
--> Day : 4
-> Request 0
58
(1, 2, 1)
2
(6, 46)
-> Request 1
72
(3, 3, 2)
3
(8, 53)
-> Request 2
100
(2, 2, 1)
3
(56, 67)
-> Request 3
299
(4, 2, 1)
3
(52, 40)
-> Request 4
305
(3, 3, 2)
2
(62, 27)
-> Request 5
348
(1, 2, 1)
3
(29, 3)
-> Request 6
556
(1, 1, 1)
2
(11, 23)
-> Request 7
695
(3, 1, 1)
1
(54, 66)
-> Request 8
1136
(2, 3, 1)
2
(52, 42)
---> Week : 18
--> Day : 0
-> Request 0
175
(2, 3, 1)
2
(53, 36)
-> Request 1
358
(3, 1, 1)
3
(61, 37)
-> Request 2
409
(1, 1, 1)
3
(55, 64)
-> Request 3
422
(3, 3, 1)
1
(8, 24)
-> Request 4
456
(1, 1, 1)
3
(40, 76)
-> Request 5
600
(3, 3, 2)
1
(27, 64)
-> Request 6
633
(1, 3, 2)
2
(36, 38)
-> Request 7
1359
(4, 2, 1)
2
(56, 42)
-> Request 8
1403
(4, 2, 2)
2
(66, 67)
-> Request 9
1427
(4, 3, 1)
3
(58, 42)
-> Request 10
1439
(2, 2, 2)
3
(52, 76)
--> Day : 1
-> Request 0
82
(4, 3, 1)
1
(61, 73)
-> Request 1
143
(2, 2, 2)
2
(12, 1)
-> Request 2
259
(4, 3, 2)
3
(50, 47)
-> Request 3
278
(3, 1, 2)
3
(52, 65)
-> Request 4
323
(3, 3, 1)
1
(53, 45)
-> Request 5
337
(1, 1, 1)
1
(10, 24)
-> Request 6
338
(4, 3, 1)
2
(40, 78)
-> Request 7
494
(1, 3, 2)
2
(54, 79)
-> Request 8
768
(4, 3, 1)
3
(27, 37)
-> Request 9
814
(4, 1, 2)
1
(8, 24)
-> Request 10
954
(2, 1, 2)
2
(14, 25)
-> Request 11
1093
(4, 3, 2)
1
(53, 27)
-> Request 12
1134
(1, 3, 1)
1
(77, 41)
-> Request 13
1185
(1, 3, 1)
1
(65, 65)
-> Request 14
1275
(2, 2, 1)
1
(54, 44)
-> Request 15
1346
(1, 2, 1)
1
(9, 27)
-> Request 16
1391
(3, 3, 2)
3
(12, 8)
-> Request 17
1413
(3, 3, 2)
3
(65, 0)
--> Day : 2
-> Request 0
30
(3, 3, 2)
2
(61, 41)
-> Request 1
109
(3, 2, 2)
2
(45, 36)
-> Request 2
345
(1, 3, 2)
3
(43, 36)
-> Request 3
526
(3, 2, 1)
1
(56, 44)
-> Request 4
747
(1, 1, 2)
2
(60, 72)
-> Request 5
892
(3, 2, 1)
2
(52, 33)
-> Request 6
1013
(2, 1, 1)
1
(52, 32)
-> Request 7
1389
(2, 1, 1)
1
(33, 70)
--> Day : 3
-> Request 0
1
(2, 2, 2)
2
(8, 24)
-> Request 1
41
(1, 3, 2)
1
(39, 24)
-> Request 2
145
(4, 3, 2)
2
(9, 45)
-> Request 3
175
(3, 2, 1)
1
(51, 32)
-> Request 4
824
(2, 3, 1)
2
(49, 35)
-> Request 5
846
(2, 3, 2)
1
(52, 73)
-> Request 6
900
(1, 3, 2)
3
(35, 31)
-> Request 7
1078
(4, 1, 1)
1
(15, 9)
-> Request 8
1222
(2, 1, 2)
1
(24, 3)
-> Request 9
1281
(1, 3, 1)
2
(52, 43)
-> Request 10
1415
(4, 3, 1)
3
(73, 36)
--> Day : 4
-> Request 0
538
(4, 3, 2)
2
(58, 67)
-> Request 1
736
(2, 1, 2)
3
(29, 52)
-> Request 2
792
(3, 3, 2)
2
(52, 40)
-> Request 3
806
(1, 1, 1)
2
(59, 17)
-> Request 4
870
(3, 2, 1)
2
(40, 44)
-> Request 5
1049
(2, 1, 2)
1
(57, 34)
-> Request 6
1078
(3, 3, 1)
2
(60, 67)
-> Request 7
1270
(4, 2, 1)
3
(63, 16)
-> Request 8
1314
(2, 3, 1)
3
(45, 32)
---> Week : 19
--> Day : 0
-> Request 0
24
(4, 2, 2)
3
(6, 38)
-> Request 1
119
(1, 2, 1)
3
(35, 58)
-> Request 2
270
(2, 2, 2)
2
(54, 3)
-> Request 3
461
(1, 1, 2)
1
(44, 44)
-> Request 4
680
(3, 1, 2)
1
(53, 39)
-> Request 5
691
(3, 2, 2)
3
(53, 70)
-> Request 6
792
(3, 1, 1)
2
(61, 77)
-> Request 7
1330
(2, 2, 1)
3
(54, 69)
--> Day : 1
-> Request 0
230
(4, 3, 1)
1
(61, 64)
-> Request 1
352
(4, 2, 1)
2
(56, 72)
-> Request 2
546
(2, 2, 1)
2
(64, 75)
-> Request 3
558
(1, 2, 1)
2
(47, 33)
-> Request 4
736
(1, 1, 1)
1
(67, 21)
-> Request 5
904
(1, 3, 1)
3
(69, 44)
-> Request 6
960
(2, 3, 2)
1
(0, 25)
--> Day : 2
-> Request 0
331
(2, 2, 2)
2
(0, 46)
-> Request 1
335
(4, 1, 2)
3
(33, 12)
-> Request 2
621
(4, 2, 2)
2
(1, 39)
--> Day : 3
-> Request 0
99
(3, 2, 2)
1
(53, 65)
-> Request 1
101
(2, 1, 2)
1
(59, 33)
-> Request 2
202
(4, 3, 2)
1
(58, 40)
-> Request 3
479
(2, 1, 2)
1
(52, 44)
-> Request 4
650
(4, 3, 1)
2
(58, 73)
-> Request 5
754
(4, 1, 1)
3
(65, 64)
-> Request 6
1127
(2, 1, 2)
2
(66, 71)
-> Request 7
1260
(2, 3, 2)
1
(53, 40)
--> Day : 4
-> Request 0
30
(2, 1, 2)
3
(44, 39)
-> Request 1
499
(3, 1, 1)
2
(45, 32)
-> Request 2
851
(2, 2, 2)
3
(8, 29)
-> Request 3
1023
(4, 2, 2)
3
(63, 64)
-> Request 4
1172
(1, 2, 2)
2
(68, 45)
-> Request 5
1336
(3, 2, 1)
1
(49, 46)
