---> Week : 0
--> Day : 0
-> Request 0
18
(1, 3, 2)
2
(26, 76)
-> Request 1
385
(2, 1, 2)
3
(47, 39)
-> Request 2
713
(4, 1, 1)
1
(15, 23)
-> Request 3
725
(2, 2, 1)
1
(8, 20)
-> Request 4
749
(3, 1, 2)
2
(61, 77)
-> Request 5
780
(1, 3, 1)
3
(17, 26)
-> Request 6
821
(3, 1, 1)
2
(29, 18)
-> Request 7
952
(3, 2, 1)
2
(58, 31)
-> Request 8
1109
(1, 1, 1)
3
(45, 14)
--> Day : 1
-> Request 0
174
(1, 3, 1)
2
(62, 68)
-> Request 1
369
(1, 3, 1)
2
(19, 28)
-> Request 2
637
(2, 3, 2)
1
(53, 76)
-> Request 3
797
(2, 3, 2)
2
(54, 65)
-> Request 4
823
(2, 1, 2)
1
(55, 32)
-> Request 5
905
(3, 2, 1)
3
(35, 0)
-> Request 6
970
(4, 1, 2)
2
(24, 14)
-> Request 7
1002
(3, 1, 2)
1
(48, 26)
-> Request 8
1017
(2, 2, 1)
3
(66, 71)
-> Request 9
1204
(4, 1, 2)
1
(60, 48)
-> Request 10
1310
(1, 2, 2)
1
(53, 34)
--> Day : 2
-> Request 0
49
(3, 1, 2)
3
(11, 26)
-> Request 1
152
(4, 1, 1)
1
(20, 19)
-> Request 2
186
(1, 2, 2)
1
(59, 68)
-> Request 3
187
(2, 2, 2)
1
(68, 36)
-> Request 4
215
(3, 3, 1)
2
(54, 70)
-> Request 5
317
(4, 2, 1)
2
(58, 39)
-> Request 6
642
(4, 1, 1)
2
(27, 49)
-> Request 7
727
(4, 1, 2)
3
(74, 62)
-> Request 8
750
(2, 2, 2)
3
(57, 33)
-> Request 9
875
(2, 3, 1)
1
(31, 71)
-> Request 10
972
(2, 1, 2)
1
(59, 75)
-> Request 11
1043
(2, 1, 2)
1
(76, 15)
-> Request 12
1076
(3, 2, 1)
2
(78, 40)
-> Request 13
1255
(3, 3, 1)
3
(63, 8)
-> Request 14
1329
(4, 3, 1)
2
(61, 73)
-> Request 15
1351
(1, 3, 2)
2
(52, 75)
-> Request 16
1434
(4, 1, 1)
2
(61, 29)
--> Day : 3
-> Request 0
181
(2, 3, 2)
3
(48, 62)
-> Request 1
274
(4, 2, 1)
3
(70, 61)
-> Request 2
397
(1, 2, 2)
3
(60, 42)
-> Request 3
397
(3, 3, 2)
1
(67, 7)
-> Request 4
421
(4, 1, 1)
1
(48, 60)
-> Request 5
519
(2, 2, 2)
1
(54, 77)
-> Request 6
597
(3, 3, 1)
1
(57, 76)
-> Request 7
1236
(1, 3, 2)
2
(56, 75)
-> Request 8
1325
(2, 3, 2)
3
(55, 46)
--> Day : 4
-> Request 0
78
(3, 2, 2)
2
(61, 30)
-> Request 1
186
(3, 3, 1)
3
(55, 40)
-> Request 2
194
(4, 2, 2)
3
(59, 37)
-> Request 3
517
(3, 1, 2)
2
(69, 36)
-> Request 4
522
(4, 1, 1)
2
(46, 39)
-> Request 5
758
(2, 3, 1)
2
(1, 51)
-> Request 6
969
(1, 2, 1)
1
(61, 43)
-> Request 7
1362
(1, 2, 2)
1
(29, 5)
---> Week : 1
--> Day : 0
-> Request 0
314
(4, 3, 2)
2
(52, 28)
-> Request 1
466
(1, 3, 1)
3
(51, 33)
-> Request 2
569
(1, 1, 2)
2
(51, 31)
-> Request 3
664
(3, 1, 2)
3
(17, 28)
-> Request 4
884
(1, 3, 1)
1
(60, 32)
-> Request 5
1015
(1, 2, 2)
1
(60, 16)
-> Request 6
1135
(3, 2, 1)
2
(62, 31)
-> Request 7
1418
(2, 3, 2)
1
(44, 13)
--> Day : 1
-> Request 0
146
(3, 1, 1)
2
(57, 66)
-> Request 1
296
(3, 2, 1)
1
(31, 61)
-> Request 2
374
(2, 1, 1)
3
(45, 35)
-> Request 3
428
(1, 3, 1)
3
(29, 38)
-> Request 4
592
(1, 3, 1)
2
(65, 19)
-> Request 5
868
(3, 1, 1)
2
(38, 19)
-> Request 6
927
(1, 1, 1)
1
(56, 28)
-> Request 7
977
(3, 3, 1)
2
(46, 43)
-> Request 8
1158
(4, 3, 1)
2
(20, 54)
-> Request 9
1173
(3, 1, 1)
1
(67, 53)
-> Request 10
1429
(3, 2, 2)
3
(60, 71)
--> Day : 2
-> Request 0
148
(2, 1, 2)
2
(58, 44)
-> Request 1
533
(1, 2, 1)
1
(60, 19)
-> Request 2
797
(4, 2, 2)
2
(14, 20)
-> Request 3
1144
(1, 1, 1)
1
(32, 48)
-> Request 4
1249
(3, 1, 2)
3
(52, 39)
-> Request 5
1277
(1, 2, 2)
1
(19, 74)
-> Request 6
1281
(4, 1, 2)
1
(44, 27)
-> Request 7
1365
(3, 3, 2)
3
(5, 47)
-> Request 8
1433
(2, 3, 2)
1
(52, 67)
--> Day : 3
-> Request 0
639
(2, 2, 2)
2
(60, 64)
-> Request 1
818
(2, 1, 2)
2
(28, 11)
-> Request 2
890
(2, 3, 1)
3
(51, 33)
-> Request 3
1043
(2, 2, 2)
1
(8, 25)
--> Day : 4
-> Request 0
116
(1, 1, 2)
3
(1, 21)
-> Request 1
200
(2, 1, 2)
2
(28, 13)
-> Request 2
343
(2, 1, 1)
1
(53, 55)
-> Request 3
653
(1, 3, 2)
3
(41, 40)
-> Request 4
738
(3, 3, 1)
1
(62, 38)
-> Request 5
1019
(4, 1, 1)
1
(51, 39)
-> Request 6
1134
(3, 3, 1)
2
(11, 43)
-> Request 7
1188
(1, 3, 1)
2
(59, 66)
-> Request 8
1238
(3, 1, 1)
2
(54, 40)
---> Week : 2
--> Day : 0
-> Request 0
84
(1, 2, 2)
2
(71, 34)
-> Request 1
95
(2, 1, 2)
3
(8, 69)
-> Request 2
195
(1, 1, 2)
1
(52, 38)
-> Request 3
367
(3, 1, 2)
3
(17, 26)
-> Request 4
885
(3, 2, 1)
1
(43, 36)
-> Request 5
891
(4, 1, 2)
2
(49, 35)
-> Request 6
1161
(1, 1, 1)
1
(43, 30)
-> Request 7
1224
(4, 2, 1)
1
(54, 64)
--> Day : 1
-> Request 0
34
(3, 2, 1)
1
(49, 52)
-> Request 1
150
(1, 1, 1)
1
(50, 62)
-> Request 2
397
(1, 1, 2)
1
(17, 52)
-> Request 3
546
(4, 2, 2)
1
(59, 31)
-> Request 4
585
(1, 3, 2)
3
(51, 38)
-> Request 5
660
(4, 2, 1)
3
(28, 23)
-> Request 6
834
(1, 1, 1)
3
(34, 14)
-> Request 7
928
(2, 1, 1)
2
(62, 44)
-> Request 8
1039
(2, 1, 1)
3
(59, 49)
-> Request 9
1070
(4, 1, 2)
2
(54, 31)
-> Request 10
1095
(4, 3, 2)
1
(12, 78)
-> Request 11
1213
(1, 1, 2)
2
(43, 23)
-> Request 12
1220
(3, 3, 2)
1
(62, 31)
-> Request 13
1352
(2, 3, 2)
2
(14, 24)
--> Day : 2
-> Request 0
130
(3, 1, 2)
3
(60, 33)
-> Request 1
235
(3, 1, 2)
1
(22, 24)
-> Request 2
354
(3, 2, 1)
1
(8, 44)
-> Request 3
485
(4, 1, 1)
3
(15, 22)
-> Request 4
788
(3, 1, 1)
3
(19, 55)
-> Request 5
837
(3, 1, 2)
2
(54, 58)
-> Request 6
877
(1, 2, 2)
2
(39, 66)
-> Request 7
1209
(4, 1, 1)
1
(16, 52)
--> Day : 3
-> Request 0
2
(3, 2, 2)
2
(31, 45)
-> Request 1
562
(2, 1, 2)
3
(66, 68)
-> Request 2
590
(4, 1, 1)
1
(17, 20)
-> Request 3
591
(3, 1, 1)
2
(53, 41)
-> Request 4
795
(3, 2, 1)
2
(78, 36)
-> Request 5
1078
(2, 1, 2)
3
(24, 68)
--> Day : 4
-> Request 0
177
(3, 3, 1)
3
(51, 27)
-> Request 1
249
(4, 1, 1)
2
(46, 45)
-> Request 2
306
(4, 3, 2)
2
(53, 30)
-> Request 3
371
(3, 3, 1)
1
(44, 40)
-> Request 4
493
(4, 1, 2)
1
(45, 45)
-> Request 5
617
(1, 2, 1)
2
(10, 32)
-> Request 6
649
(3, 1, 2)
3
(72, 61)
-> Request 7
799
(3, 1, 2)
2
(51, 35)
-> Request 8
973
(3, 2, 1)
2
(54, 58)
-> Request 9
985
(4, 1, 1)
1
(60, 46)
-> Request 10
1145
(4, 3, 1)
3
(29, 20)
-> Request 11
1167
(3, 3, 2)
3
(47, 39)
-> Request 12
1261
(2, 1, 2)
1
(63, 2)
-> Request 13
1375
(1, 3, 2)
1
(8, 23)
---> Week : 3
--> Day : 0
-> Request 0
50
(1, 2, 2)
3
(13, 32)
-> Request 1
164
(3, 1, 2)
3
(59, 34)
-> Request 2
621
(4, 2, 2)
1
(14, 3)
-> Request 3
809
(1, 2, 1)
3
(8, 13)
-> Request 4
814
(1, 1, 2)
1
(59, 29)
--> Day : 1
-> Request 0
38
(2, 1, 1)
3
(78, 70)
-> Request 1
181
(1, 3, 1)
3
(52, 67)
-> Request 2
336
(3, 3, 2)
2
(62, 35)
-> Request 3
452
(2, 1, 2)
1
(59, 65)
-> Request 4
965
(3, 2, 2)
3
(17, 19)
-> Request 5
1102
(4, 3, 2)
3
(65, 70)
-> Request 6
1300
(3, 2, 2)
3
(55, 72)
-> Request 7
1397
(1, 2, 2)
1
(47, 27)
-> Request 8
1439
(3, 2, 1)
1
(64, 66)
--> Day : 2
-> Request 0
572
(2, 1, 1)
2
(64, 66)
-> Request 1
597
(1, 1, 1)
2
(31, 77)
-> Request 2
874
(1, 3, 2)
3
(62, 70)
-> Request 3
877
(1, 1, 2)
2
(43, 32)
-> Request 4
1051
(4, 2, 2)
2
(52, 67)
-> Request 5
1161
(2, 1, 1)
3
(1, 46)
-> Request 6
1205
(1, 2, 2)
2
(52, 68)
-> Request 7
1240
(1, 2, 1)
1
(35, 7)
-> Request 8
1263
(2, 1, 2)
2
(62, 41)
--> Day : 3
-> Request 0
164
(3, 1, 1)
3
(6, 4)
-> Request 1
196
(4, 2, 1)
3
(8, 43)
-> Request 2
273
(3, 1, 2)
2
(19, 45)
-> Request 3
363
(2, 3, 1)
3
(34, 10)
-> Request 4
483
(3, 1, 1)
2
(52, 64)
-> Request 5
617
(4, 1, 2)
1
(59, 38)
-> Request 6
671
(4, 2, 2)
1
(5, 34)
-> Request 7
1052
(2, 3, 1)
2
(13, 51)
-> Request 8
1241
(1, 3, 1)
3
(53, 77)
-> Request 9
1392
(1, 3, 2)
2
(61, 67)
--> Day : 4
-> Request 0
321
(4, 3, 2)
2
(36, 47)
-> Request 1
384
(4, 2, 1)
3
(51, 15)
-> Request 2
584
(2, 3, 2)
3
(65, 76)
-> Request 3
586
(3, 3, 2)
2
(45, 41)
-> Request 4
1231
(3, 1, 2)
1
(52, 30)
-> Request 5
1256
(3, 3, 1)
2
(32, 65)
---> Week : 4
--> Day : 0
-> Request 0
118
(4, 1, 1)
3
(45, 42)
-> Request 1
148
(2, 3, 1)
2
(61, 38)
-> Request 2
320
(4, 2, 2)
2
(64, 60)
-> Request 3
423
(1, 1, 2)
1
(5, 22)
-> Request 4
708
(2, 3, 2)
1
(55, 52)
-> Request 5
731
(2, 1, 2)
1
(11, 23)
-> Request 6
740
(2, 2, 2)
2
(47, 45)
-> Request 7
1138
(3, 2, 2)
1
(40, 17)
-> Request 8
1348
(3, 1, 1)
3
(54, 28)
-> Request 9
1370
(4, 1, 2)
2
(3, 59)
--> Day : 1
-> Request 0
26
(3, 1, 2)
1
(53, 76)
-> Request 1
240
(1, 3, 1)
1
(8, 23)
-> Request 2
291
(3, 1, 2)
1
(40, 19)
-> Request 3
492
(4, 1, 1)
3
(16, 24)
-> Request 4
754
(3, 2, 1)
3
(47, 35)
-> Request 5
889
(4, 1, 1)
3
(79, 57)
-> Request 6
926
(2, 3, 2)
1
(53, 43)
-> Request 7
984
(3, 2, 2)
2
(53, 40)
-> Request 8
992
(1, 2, 2)
3
(49, 29)
-> Request 9
1136
(1, 3, 2)
1
(50, 46)
-> Request 10
1287
(2, 3, 1)
3
(72, 46)
-> Request 11
1424
(1, 2, 1)
1
(53, 64)
--> Day : 2
-> Request 0
235
(2, 2, 1)
2
(10, 29)
-> Request 1
377
(3, 2, 2)
3
(67, 60)
-> Request 2
401
(3, 2, 1)
3
(34, 1)
-> Request 3
601
(4, 2, 2)
3
(68, 12)
-> Request 4
601
(3, 2, 1)
1
(53, 75)
-> Request 5
796
(1, 3, 2)
3
(76, 75)
-> Request 6
900
(3, 3, 2)
2
(52, 64)
-> Request 7
987
(1, 3, 2)
2
(79, 17)
-> Request 8
1141
(4, 2, 1)
2
(2, 76)
-> Request 9
1375
(3, 2, 1)
1
(42, 65)
--> Day : 3
-> Request 0
280
(3, 3, 2)
3
(46, 40)
-> Request 1
706
(4, 3, 1)
1
(55, 39)
-> Request 2
1095
(1, 2, 1)
3
(73, 53)
-> Request 3
1140
(2, 3, 1)
2
(31, 21)
-> Request 4
1163
(1, 1, 2)
3
(11, 26)
-> Request 5
1360
(2, 1, 1)
3
(52, 39)
-> Request 6
1423
(4, 3, 1)
2
(48, 19)
--> Day : 4
-> Request 0
429
(2, 3, 1)
3
(45, 42)
-> Request 1
803
(1, 3, 1)
1
(48, 45)
-> Request 2
822
(2, 2, 2)
2
(17, 9)
-> Request 3
882
(4, 3, 2)
2
(59, 78)
-> Request 4
891
(1, 3, 2)
2
(24, 2)
-> Request 5
896
(2, 1, 2)
2
(61, 30)
-> Request 6
900
(2, 3, 2)
3
(11, 54)
-> Request 7
1004
(4, 2, 2)
1
(58, 28)
-> Request 8
1024
(3, 3, 2)
2
(62, 21)
-> Request 9
1263
(2, 1, 2)
3
(6, 7)
---> Week : 5
--> Day : 0
-> Request 0
73
(3, 2, 2)
2
(65, 65)
-> Request 1
364
(3, 1, 2)
1
(4, 18)
-> Request 2
381
(1, 2, 1)
3
(56, 68)
-> Request 3
501
(2, 2, 2)
3
(52, 71)
-> Request 4
647
(2, 1, 1)
2
(6, 70)
-> Request 5
832
(2, 1, 2)
2
(12, 16)
-> Request 6
844
(4, 1, 2)
1
(7, 66)
-> Request 7
873
(3, 1, 1)
2
(57, 74)
-> Request 8
1302
(3, 1, 1)
1
(44, 29)
-> Request 9
1314
(2, 3, 1)
2
(14, 27)
-> Request 10
1380
(2, 2, 2)
3
(55, 42)
--> Day : 1
-> Request 0
222
(3, 2, 1)
1
(60, 46)
-> Request 1
370
(3, 2, 2)
1
(70, 67)
-> Request 2
795
(3, 3, 1)
3
(0, 79)
-> Request 3
1134
(2, 1, 2)
2
(12, 58)
-> Request 4
1341
(2, 2, 2)
2
(44, 24)
-> Request 5
1421
(2, 2, 2)
3
(23, 55)
--> Day : 2
-> Request 0
154
(4, 2, 2)
1
(60, 28)
-> Request 1
541
(1, 1, 1)
3
(63, 73)
-> Request 2
601
(4, 3, 1)
3
(22, 53)
-> Request 3
640
(3, 1, 2)
3
(58, 77)
-> Request 4
871
(1, 2, 2)
2
(59, 27)
--> Day : 3
-> Request 0
48
(2, 1, 2)
3
(62, 27)
-> Request 1
256
(3, 1, 2)
1
(58, 67)
-> Request 2
300
(4, 1, 1)
1
(69, 50)
-> Request 3
408
(3, 1, 2)
1
(36, 66)
-> Request 4
440
(3, 2, 1)
1
(52, 41)
-> Request 5
609
(3, 1, 2)
1
(25, 62)
-> Request 6
619
(3, 1, 1)
2
(66, 71)
-> Request 7
793
(1, 2, 2)
3
(76, 33)
-> Request 8
830
(3, 1, 2)
2
(46, 31)
-> Request 9
1073
(2, 2, 1)
2
(18, 12)
-> Request 10
1225
(1, 2, 2)
1
(65, 65)
-> Request 11
1232
(1, 1, 1)
3
(53, 72)
-> Request 12
1342
(1, 2, 1)
1
(28, 58)
--> Day : 4
-> Request 0
351
(3, 2, 2)
3
(51, 38)
-> Request 1
446
(3, 3, 1)
3
(45, 33)
-> Request 2
716
(3, 2, 1)
1
(71, 21)
-> Request 3
835
(3, 1, 1)
2
(57, 67)
-> Request 4
899
(3, 3, 2)
2
(49, 44)
-> Request 5
1007
(4, 3, 1)
2
(15, 26)
-> Request 6
1279
(2, 1, 1)
1
(26, 59)
---> Week : 6
--> Day : 0
-> Request 0
105
(1, 2, 2)
3
(48, 34)
-> Request 1
313
(3, 3, 2)
3
(8, 28)
-> Request 2
343
(4, 3, 2)
3
(36, 6)
-> Request 3
710
(2, 2, 2)
1
(36, 59)
-> Request 4
786
(2, 3, 2)
3
(56, 39)
-> Request 5
953
(2, 1, 1)
1
(25, 14)
-> Request 6
1372
(3, 1, 2)
2
(65, 77)
--> Day : 1
-> Request 0
142
(1, 2, 2)
1
(77, 77)
-> Request 1
276
(1, 2, 2)
2
(69, 19)
-> Request 2
343
(1, 1, 1)
1
(54, 32)
-> Request 3
351
(3, 3, 1)
2
(53, 41)
-> Request 4
413
(2, 3, 1)
2
(18, 34)
-> Request 5
863
(3, 1, 1)
2
(25, 34)
-> Request 6
967
(2, 3, 1)
1
(28, 16)
-> Request 7
1084
(2, 3, 1)
2
(17, 2)
-> Request 8
1109
(4, 3, 2)
1
(12, 21)
-> Request 9
1288
(3, 1, 1)
3
(58, 75)
--> Day : 2
-> Request 0
204
(3, 3, 2)
3
(66, 43)
-> Request 1
352
(1, 1, 2)
1
(25, 5)
-> Request 2
403
(2, 2, 1)
3
(59, 69)
-> Request 3
694
(4, 1, 1)
3
(55, 30)
-> Request 4
807
(2, 1, 1)
2
(57, 77)
-> Request 5
836
(1, 1, 1)
2
(63, 60)
-> Request 6
853
(3, 3, 1)
1
(26, 59)
-> Request 7
1109
(4, 3, 1)
3
(32, 79)
-> Request 8
1167
(4, 2, 2)
2
(77, 67)
-> Request 9
1353
(3, 3, 2)
2
(49, 44)
--> Day : 3
-> Request 0
66
(1, 1, 2)
2
(2, 59)
-> Request 1
647
(1, 2, 2)
1
(59, 43)
-> Request 2
656
(4, 3, 2)
3
(4, 62)
-> Request 3
787
(3, 3, 1)
2
(61, 58)
-> Request 4
994
(3, 1, 2)
1
(46, 45)
-> Request 5
1098
(2, 1, 1)
3
(54, 27)
-> Request 6
1241
(3, 2, 1)
2
(75, 55)
-> Request 7
1306
(1, 2, 1)
2
(15, 72)
-> Request 8
1363
(2, 2, 2)
3
(47, 43)
-> Request 9
1384
(1, 3, 1)
1
(46, 45)
-> Request 10
1432
(3, 2, 2)
3
(60, 30)
--> Day : 4
-> Request 0
169
(4, 2, 1)
1
(55, 36)
-> Request 1
290
(1, 3, 1)
1
(46, 27)
-> Request 2
352
(3, 1, 2)
3
(16, 79)
-> Request 3
942
(1, 3, 1)
3
(52, 27)
---> Week : 7
--> Day : 0
-> Request 0
238
(3, 2, 1)
1
(59, 65)
-> Request 1
527
(2, 3, 2)
2
(66, 68)
-> Request 2
933
(1, 3, 1)
1
(15, 20)
-> Request 3
1121
(1, 2, 2)
1
(21, 29)
-> Request 4
1154
(2, 1, 2)
3
(57, 34)
-> Request 5
1184
(3, 2, 1)
3
(6, 10)
-> Request 6
1227
(3, 2, 2)
2
(55, 71)
-> Request 7
1264
(4, 1, 1)
2
(72, 31)
-> Request 8
1286
(1, 1, 2)
1
(55, 28)
-> Request 9
1346
(3, 3, 2)
2
(48, 35)
-> Request 10
1408
(2, 2, 2)
3
(54, 43)
--> Day : 1
-> Request 0
114
(2, 2, 1)
2
(48, 75)
-> Request 1
168
(2, 2, 1)
1
(10, 4)
-> Request 2
261
(3, 3, 2)
2
(2, 64)
-> Request 3
970
(3, 3, 1)
1
(17, 29)
-> Request 4
999
(4, 1, 1)
2
(52, 69)
-> Request 5
1085
(2, 2, 1)
3
(62, 76)
-> Request 6
1164
(1, 1, 1)
1
(9, 56)
-> Request 7
1315
(3, 1, 1)
1
(52, 29)
--> Day : 2
-> Request 0
264
(3, 1, 2)
1
(12, 25)
-> Request 1
286
(1, 3, 2)
1
(49, 37)
-> Request 2
306
(3, 1, 1)
1
(11, 14)
-> Request 3
383
(3, 2, 2)
3
(50, 33)
-> Request 4
1218
(2, 1, 1)
1
(55, 32)
-> Request 5
1220
(3, 3, 1)
3
(53, 22)
-> Request 6
1431
(1, 2, 2)
3
(79, 25)
--> Day : 3
-> Request 0
175
(3, 1, 2)
2
(58, 78)
-> Request 1
200
(2, 3, 1)
1
(5, 64)
-> Request 2
255
(2, 3, 1)
3
(34, 0)
-> Request 3
444
(4, 1, 2)
1
(58, 72)
-> Request 4
468
(2, 3, 2)
3
(27, 41)
-> Request 5
499
(2, 1, 1)
3
(51, 30)
-> Request 6
522
(2, 1, 2)
3
(62, 31)
-> Request 7
566
(3, 2, 2)
1
(50, 33)
-> Request 8
646
(3, 1, 1)
3
(22, 34)
-> Request 9
1056
(4, 1, 1)
1
(58, 64)
-> Request 10
1334
(2, 2, 1)
2
(0, 33)
-> Request 11
1355
(1, 3, 2)
3
(38, 1)
-> Request 12
1404
(3, 3, 1)
1
(1, 37)
--> Day : 4
-> Request 0
35
(1, 3, 1)
2
(0, 28)
-> Request 1
220
(4, 3, 1)
3
(54, 70)
-> Request 2
290
(3, 2, 1)
1
(53, 34)
-> Request 3
582
(2, 2, 2)
1
(23, 2)
-> Request 4
620
(2, 2, 2)
1
(55, 34)
-> Request 5
826
(1, 1, 2)
2
(74, 0)
-> Request 6
922
(2, 3, 2)
1
(53, 71)
-> Request 7
1027
(2, 2, 2)
1
(59, 32)
-> Request 8
1297
(3, 2, 2)
3
(12, 25)
---> Week : 8
--> Day : 0
-> Request 0
141
(4, 1, 1)
2
(79, 66)
-> Request 1
315
(1, 1, 2)
1
(62, 32)
-> Request 2
334
(1, 1, 1)
3
(21, 17)
-> Request 3
496
(3, 3, 2)
3
(39, 40)
-> Request 4
785
(3, 2, 2)
1
(1, 62)
-> Request 5
1100
(2, 1, 1)
2
(74, 74)
-> Request 6
1367
(2, 3, 2)
1
(33, 42)
-> Request 7
1403
(1, 1, 1)
1
(53, 75)
-> Request 8
1413
(3, 2, 2)
3
(66, 71)
-> Request 9
1416
(3, 1, 1)
1
(36, 38)
--> Day : 1
-> Request 0
177
(1, 2, 1)
3
(45, 29)
-> Request 1
357
(1, 1, 2)
1
(59, 77)
-> Request 2
366
(1, 2, 1)
2
(39, 21)
-> Request 3
422
(4, 3, 2)
2
(54, 69)
-> Request 4
588
(2, 3, 2)
2
(32, 61)
-> Request 5
638
(4, 1, 1)
1
(77, 14)
-> Request 6
891
(2, 1, 2)
3
(14, 29)
-> Request 7
944
(1, 3, 2)
1
(57, 65)
-> Request 8
946
(1, 3, 1)
3
(47, 37)
-> Request 9
1333
(3, 3, 2)
3
(48, 3)
-> Request 10
1383
(2, 3, 1)
1
(71, 68)
--> Day : 2
-> Request 0
116
(3, 1, 1)
1
(59, 38)
-> Request 1
225
(1, 2, 1)
2
(65, 31)
-> Request 2
301
(2, 1, 1)
2
(62, 42)
-> Request 3
339
(2, 1, 1)
1
(46, 63)
-> Request 4
342
(2, 3, 1)
3
(55, 74)
-> Request 5
493
(2, 3, 2)
3
(61, 36)
-> Request 6
679
(3, 3, 1)
1
(47, 37)
-> Request 7
876
(3, 2, 2)
3
(7, 58)
-> Request 8
1369
(3, 3, 1)
1
(13, 22)
-> Request 9
1388
(1, 2, 1)
1
(12, 52)
--> Day : 3
-> Request 0
180
(1, 2, 2)
3
(51, 27)
-> Request 1
704
(4, 2, 2)
2
(48, 32)
-> Request 2
721
(2, 3, 1)
2
(9, 14)
-> Request 3
781
(2, 3, 2)
1
(48, 43)
-> Request 4
864
(3, 1, 1)
3
(65, 45)
-> Request 5
881
(3, 3, 1)
2
(50, 40)
-> Request 6
1017
(4, 1, 2)
1
(15, 23)
-> Request 7
1119
(1, 1, 2)
3
(41, 6)
-> Request 8
1250
(4, 3, 1)
1
(51, 31)
-> Request 9
1354
(1, 1, 1)
1
(52, 78)
--> Day : 4
-> Request 0
163
(3, 3, 2)
3
(8, 56)
-> Request 1
170
(4, 1, 2)
2
(61, 65)
-> Request 2
524
(3, 1, 1)
1
(1, 54)
-> Request 3
537
(3, 1, 1)
2
(79, 45)
-> Request 4
626
(3, 2, 2)
1
(22, 21)
-> Request 5
644
(2, 1, 2)
1
(3, 21)
-> Request 6
660
(1, 1, 1)
3
(41, 26)
-> Request 7
693
(3, 1, 1)
2
(40, 54)
-> Request 8
1252
(2, 1, 2)
3
(13, 38)
---> Week : 9
--> Day : 0
-> Request 0
436
(1, 3, 2)
1
(53, 73)
-> Request 1
650
(4, 2, 2)
1
(21, 20)
-> Request 2
805
(4, 1, 2)
3
(49, 73)
-> Request 3
915
(1, 1, 1)
1
(64, 69)
-> Request 4
916
(3, 3, 2)
1
(58, 39)
-> Request 5
1052
(2, 1, 2)
2
(24, 73)
-> Request 6
1123
(4, 1, 1)
2
(60, 8)
-> Request 7
1232
(4, 2, 1)
2
(24, 65)
--> Day : 1
-> Request 0
268
(4, 3, 1)
1
(9, 20)
-> Request 1
425
(1, 1, 2)
1
(52, 33)
-> Request 2
441
(1, 3, 2)
1
(11, 27)
-> Request 3
793
(2, 2, 1)
2
(54, 76)
-> Request 4
845
(2, 3, 1)
2
(6, 74)
-> Request 5
1068
(2, 2, 2)
1
(55, 70)
-> Request 6
1289
(1, 3, 1)
1
(21, 55)
--> Day : 2
-> Request 0
177
(3, 1, 1)
3
(14, 20)
-> Request 1
390
(4, 1, 2)
1
(62, 29)
-> Request 2
497
(4, 3, 1)
1
(21, 35)
-> Request 3
624
(3, 1, 1)
3
(58, 65)
-> Request 4
721
(1, 3, 1)
2
(9, 24)
-> Request 5
763
(4, 3, 2)
3
(57, 74)
-> Request 6
1367
(4, 3, 1)
2
(61, 72)
-> Request 7
1392
(3, 3, 1)
3
(8, 27)
-> Request 8
1392
(1, 3, 1)
2
(56, 40)
--> Day : 3
-> Request 0
159
(4, 3, 2)
3
(53, 76)
-> Request 1
179
(1, 3, 2)
2
(58, 42)
-> Request 2
248
(3, 2, 1)
2
(48, 79)
-> Request 3
780
(1, 2, 1)
2
(53, 64)
-> Request 4
888
(2, 1, 2)
1
(14, 34)
-> Request 5
1057
(2, 2, 2)
2
(59, 4)
-> Request 6
1081
(2, 1, 2)
3
(31, 35)
-> Request 7
1132
(3, 3, 1)
3
(45, 28)
-> Request 8
1152
(2, 2, 2)
3
(46, 34)
-> Request 9
1189
(2, 2, 2)
1
(16, 42)
--> Day : 4
-> Request 0
36
(4, 1, 1)
3
(53, 40)
-> Request 1
114
(4, 1, 1)
2
(13, 21)
-> Request 2
489
(3, 2, 1)
1
(51, 41)
-> Request 3
527
(3, 2, 1)
2
(46, 15)
-> Request 4
528
(3, 2, 1)
3
(46, 32)
-> Request 5
581
(2, 2, 1)
3
(59, 33)
-> Request 6
809
(2, 2, 2)
2
(57, 74)
-> Request 7
1015
(2, 1, 1)
2
(60, 46)
-> Request 8
1068
(4, 1, 1)
2
(10, 21)
-> Request 9
1096
(4, 2, 2)
2
(12, 26)
-> Request 10
1125
(4, 1, 2)
1
(15, 77)
-> Request 11
1391
(2, 3, 1)
3
(2, 19)
---> Week : 10
--> Day : 0
-> Request 0
6
(3, 2, 2)
3
(50, 31)
-> Request 1
36
(4, 1, 2)
3
(52, 72)
-> Request 2
40
(2, 2, 2)
2
(55, 36)
-> Request 3
83
(1, 2, 2)
2
(51, 32)
-> Request 4
175
(2, 3, 2)
3
(9, 20)
-> Request 5
225
(1, 3, 1)
3
(11, 28)
-> Request 6
245
(3, 1, 1)
3
(62, 72)
-> Request 7
274
(2, 3, 2)
3
(45, 41)
-> Request 8
467
(4, 3, 2)
2
(73, 20)
-> Request 9
469
(2, 3, 1)
2
(11, 78)
-> Request 10
504
(1, 2, 2)
1
(58, 37)
-> Request 11
975
(2, 3, 2)
3
(63, 76)
-> Request 12
1042
(3, 1, 2)
2
(52, 55)
-> Request 13
1120
(2, 1, 2)
1
(9, 31)
--> Day : 1
-> Request 0
161
(4, 1, 2)
2
(30, 3)
-> Request 1
225
(4, 1, 2)
1
(65, 51)
-> Request 2
337
(4, 3, 2)
1
(70, 16)
-> Request 3
427
(4, 3, 1)
2
(55, 27)
-> Request 4
427
(3, 3, 1)
3
(71, 1)
-> Request 5
555
(4, 2, 1)
3
(56, 41)
-> Request 6
912
(3, 3, 1)
2
(62, 54)
-> Request 7
1328
(3, 3, 2)
1
(68, 71)
--> Day : 2
-> Request 0
45
(4, 2, 1)
2
(37, 5)
-> Request 1
83
(2, 1, 2)
1
(12, 15)
-> Request 2
448
(1, 3, 2)
2
(32, 46)
-> Request 3
462
(4, 2, 2)
3
(34, 3)
-> Request 4
509
(4, 2, 2)
1
(10, 28)
-> Request 5
675
(1, 1, 2)
1
(48, 36)
-> Request 6
718
(2, 1, 1)
2
(56, 71)
-> Request 7
734
(1, 2, 2)
2
(27, 51)
-> Request 8
1130
(4, 2, 2)
2
(60, 28)
-> Request 9
1234
(3, 2, 1)
3
(56, 34)
-> Request 10
1297
(3, 3, 1)
1
(1, 52)
--> Day : 3
-> Request 0
209
(3, 3, 2)
2
(50, 38)
-> Request 1
619
(1, 3, 2)
3
(77, 64)
-> Request 2
917
(2, 2, 1)
1
(56, 59)
-> Request 3
929
(4, 2, 2)
2
(59, 43)
-> Request 4
963
(3, 1, 1)
2
(58, 41)
-> Request 5
1002
(1, 2, 1)
3
(15, 58)
-> Request 6
1065
(1, 1, 1)
3
(60, 27)
-> Request 7
1153
(2, 3, 1)
2
(75, 59)
-> Request 8
1217
(3, 3, 2)
3
(70, 20)
-> Request 9
1373
(4, 3, 1)
2
(16, 25)
-> Request 10
1377
(3, 3, 1)
2
(57, 42)
--> Day : 4
-> Request 0
298
(2, 3, 2)
3
(52, 29)
-> Request 1
516
(4, 3, 1)
1
(45, 52)
-> Request 2
697
(3, 2, 1)
1
(19, 11)
-> Request 3
886
(4, 1, 2)
3
(66, 71)
-> Request 4
1126
(4, 2, 1)
3
(39, 9)
-> Request 5
1192
(1, 1, 2)
2
(67, 41)
-> Request 6
1339
(3, 1, 1)
2
(47, 27)
---> Week : 11
--> Day : 0
-> Request 0
240
(3, 3, 2)
2
(51, 45)
-> Request 1
456
(4, 1, 1)
1
(5, 67)
-> Request 2
659
(3, 2, 1)
1
(58, 43)
-> Request 3
697
(4, 1, 1)
3
(55, 66)
-> Request 4
1000
(1, 2, 1)
1
(53, 71)
-> Request 5
1000
(4, 1, 2)
2
(49, 45)
-> Request 6
1038
(1, 2, 1)
1
(67, 55)
-> Request 7
1314
(1, 1, 1)
3
(48, 43)
-> Request 8
1439
(2, 2, 1)
3
(15, 77)
--> Day : 1
-> Request 0
106
(4, 3, 1)
2
(37, 77)
-> Request 1
194
(2, 1, 2)
2
(55, 70)
-> Request 2
542
(1, 2, 2)
2
(62, 33)
-> Request 3
573
(2, 2, 1)
2
(64, 22)
-> Request 4
593
(3, 2, 2)
1
(44, 32)
-> Request 5
1173
(1, 1, 1)
2
(55, 41)
--> Day : 2
-> Request 0
68
(2, 2, 2)
2
(28, 11)
-> Request 1
123
(2, 1, 1)
2
(23, 66)
-> Request 2
309
(4, 2, 1)
2
(56, 39)
-> Request 3
437
(3, 3, 1)
2
(58, 41)
-> Request 4
489
(2, 2, 1)
1
(58, 32)
-> Request 5
540
(2, 1, 2)
3
(58, 28)
-> Request 6
587
(3, 2, 1)
3
(50, 28)
-> Request 7
690
(4, 3, 1)
2
(43, 48)
-> Request 8
876
(4, 1, 2)
1
(61, 42)
-> Request 9
895
(2, 1, 2)
3
(72, 27)
-> Request 10
1110
(4, 2, 1)
3
(36, 50)
-> Request 11
1136
(3, 3, 2)
2
(50, 28)
-> Request 12
1258
(4, 3, 1)
2
(75, 57)
-> Request 13
1359
(2, 2, 1)
1
(62, 32)
--> Day : 3
-> Request 0
554
(3, 1, 1)
2
(47, 37)
-> Request 1
652
(3, 3, 2)
1
(59, 43)
-> Request 2
865
(1, 2, 1)
2
(68, 52)
-> Request 3
873
(2, 1, 2)
3
(59, 76)
-> Request 4
877
(2, 1, 2)
2
(10, 34)
-> Request 5
935
(2, 2, 2)
3
(12, 58)
-> Request 6
1033
(1, 1, 2)
1
(51, 41)
-> Request 7
1042
(3, 1, 1)
3
(56, 18)
-> Request 8
1083
(4, 3, 1)
3
(77, 71)
-> Request 9
1149
(1, 1, 2)
1
(49, 32)
-> Request 10
1302
(3, 2, 1)
3
(23, 55)
--> Day : 4
-> Request 0
43
(3, 2, 1)
1
(65, 4)
-> Request 1
106
(1, 1, 1)
3
(57, 32)
-> Request 2
185
(1, 1, 2)
3
(30, 64)
-> Request 3
260
(3, 3, 2)
3
(56, 41)
-> Request 4
260
(4, 1, 1)
2
(57, 65)
-> Request 5
552
(2, 2, 1)
2
(16, 27)
-> Request 6
616
(1, 2, 1)
3
(74, 27)
-> Request 7
755
(1, 1, 2)
2
(58, 78)
-> Request 8
900
(1, 2, 2)
1
(49, 29)
-> Request 9
914
(2, 1, 1)
2
(8, 21)
-> Request 10
1128
(1, 1, 2)
1
(62, 70)
---> Week : 12
--> Day : 0
-> Request 0
564
(4, 3, 1)
1
(52, 75)
-> Request 1
580
(3, 3, 2)
3
(61, 8)
-> Request 2
602
(2, 1, 1)
2
(63, 76)
-> Request 3
603
(3, 3, 1)
2
(29, 59)
-> Request 4
690
(4, 2, 2)
3
(74, 30)
-> Request 5
755
(1, 2, 1)
1
(54, 43)
-> Request 6
856
(4, 3, 2)
1
(35, 27)
-> Request 7
904
(4, 1, 2)
3
(55, 45)
-> Request 8
904
(3, 2, 2)
1
(7, 75)
-> Request 9
930
(1, 3, 1)
2
(60, 67)
-> Request 10
989
(2, 1, 1)
1
(57, 71)
-> Request 11
1022
(1, 3, 1)
3
(62, 32)
-> Request 12
1247
(3, 3, 2)
1
(54, 33)
-> Request 13
1345
(1, 2, 2)
2
(77, 11)
--> Day : 1
-> Request 0
58
(3, 1, 2)
3
(60, 70)
-> Request 1
252
(2, 1, 1)
2
(51, 66)
-> Request 2
470
(4, 3, 2)
1
(16, 20)
-> Request 3
516
(4, 1, 1)
3
(4, 42)
-> Request 4
886
(4, 3, 1)
2
(42, 40)
-> Request 5
1170
(4, 1, 1)
2
(78, 38)
-> Request 6
1172
(2, 2, 1)
3
(30, 40)
-> Request 7
1229
(4, 1, 1)
3
(55, 2)
-> Request 8
1344
(3, 1, 2)
3
(3, 39)
--> Day : 2
-> Request 0
125
(1, 2, 2)
3
(54, 31)
-> Request 1
432
(1, 3, 2)
2
(58, 45)
-> Request 2
517
(2, 3, 2)
2
(58, 74)
-> Request 3
561
(3, 2, 2)
1
(19, 57)
-> Request 4
583
(3, 3, 1)
3
(31, 12)
-> Request 5
844
(4, 3, 1)
1
(10, 23)
-> Request 6
1074
(4, 2, 2)
3
(25, 34)
-> Request 7
1149
(2, 3, 1)
3
(52, 32)
-> Request 8
1211
(3, 2, 1)
1
(47, 41)
-> Request 9
1346
(2, 1, 1)
3
(35, 48)
--> Day : 3
-> Request 0
526
(2, 2, 1)
1
(28, 12)
-> Request 1
838
(1, 2, 1)
2
(58, 38)
-> Request 2
1076
(3, 2, 2)
1
(58, 72)
-> Request 3
1120
(4, 1, 2)
1
(54, 68)
-> Request 4
1149
(4, 2, 2)
3
(54, 46)
-> Request 5
1178
(4, 2, 2)
1
(44, 44)
-> Request 6
1230
(3, 1, 2)
2
(3, 61)
-> Request 7
1297
(2, 2, 2)
3
(47, 41)
-> Request 8
1337
(1, 1, 2)
3
(34, 11)
-> Request 9
1381
(1, 3, 1)
1
(59, 70)
--> Day : 4
-> Request 0
18
(2, 1, 1)
1
(58, 44)
-> Request 1
343
(2, 2, 1)
1
(17, 26)
-> Request 2
570
(3, 1, 2)
1
(10, 24)
-> Request 3
716
(4, 3, 2)
3
(52, 36)
-> Request 4
753
(2, 2, 2)
1
(23, 71)
-> Request 5
898
(3, 1, 2)
2
(62, 37)
-> Request 6
1124
(3, 1, 2)
1
(45, 41)
-> Request 7
1237
(1, 3, 2)
3
(46, 28)
-> Request 8
1303
(1, 1, 2)
2
(23, 38)
-> Request 9
1390
(2, 1, 2)
2
(9, 65)
---> Week : 13
--> Day : 0
-> Request 0
162
(1, 3, 2)
3
(59, 34)
-> Request 1
370
(2, 3, 2)
1
(56, 33)
-> Request 2
403
(1, 3, 2)
2
(57, 33)
-> Request 3
628
(1, 3, 2)
3
(7, 0)
-> Request 4
638
(3, 3, 1)
1
(59, 28)
-> Request 5
735
(4, 3, 1)
3
(9, 21)
-> Request 6
744
(4, 3, 1)
2
(72, 54)
-> Request 7
749
(2, 1, 2)
2
(18, 21)
-> Request 8
808
(1, 3, 1)
3
(56, 71)
-> Request 9
824
(3, 3, 2)
1
(43, 46)
-> Request 10
951
(1, 3, 2)
1
(58, 33)
-> Request 11
1186
(1, 3, 2)
1
(23, 75)
-> Request 12
1205
(1, 1, 2)
2
(53, 68)
-> Request 13
1308
(2, 3, 1)
3
(17, 21)
--> Day : 1
-> Request 0
73
(2, 1, 1)
2
(55, 30)
-> Request 1
91
(2, 1, 1)
2
(58, 12)
-> Request 2
295
(1, 3, 1)
2
(62, 72)
-> Request 3
348
(4, 2, 2)
2
(14, 33)
-> Request 4
412
(3, 3, 2)
3
(52, 43)
-> Request 5
499
(1, 1, 2)
3
(44, 42)
-> Request 6
530
(4, 1, 2)
3
(51, 28)
-> Request 7
741
(2, 2, 2)
1
(57, 41)
-> Request 8
1052
(3, 2, 1)
1
(15, 0)
-> Request 9
1253
(4, 3, 1)
2
(17, 27)
-> Request 10
1307
(2, 3, 2)
2
(61, 30)
-> Request 11
1333
(4, 3, 1)
1
(55, 38)
-> Request 12
1387
(3, 1, 1)
3
(49, 29)
--> Day : 2
-> Request 0
400
(3, 2, 2)
1
(50, 28)
-> Request 1
420
(3, 2, 2)
3
(62, 73)
-> Request 2
541
(4, 2, 1)
2
(49, 64)
-> Request 3
1021
(2, 1, 1)
1
(57, 38)
-> Request 4
1259
(4, 3, 2)
1
(52, 32)
--> Day : 3
-> Request 0
60
(4, 1, 1)
1
(59, 66)
-> Request 1
115
(1, 2, 2)
1
(11, 15)
-> Request 2
377
(1, 2, 2)
3
(51, 28)
-> Request 3
682
(4, 3, 1)
1
(48, 41)
-> Request 4
799
(4, 3, 1)
2
(59, 33)
-> Request 5
804
(2, 2, 1)
3
(17, 27)
-> Request 6
919
(3, 2, 2)
3
(40, 79)
-> Request 7
1332
(4, 2, 1)
2
(55, 38)
--> Day : 4
-> Request 0
140
(2, 3, 1)
2
(28, 27)
-> Request 1
210
(3, 1, 1)
1
(58, 37)
-> Request 2
273
(3, 3, 1)
2
(8, 20)
-> Request 3
301
(1, 2, 2)
3
(74, 14)
-> Request 4
404
(1, 3, 2)
3
(58, 30)
-> Request 5
702
(3, 2, 1)
2
(39, 54)
-> Request 6
1005
(2, 1, 1)
1
(56, 66)
-> Request 7
1192
(4, 2, 1)
2
(45, 43)
-> Request 8
1270
(1, 2, 2)
3
(50, 34)
---> Week : 14
--> Day : 0
-> Request 0
20
(1, 1, 2)
1
(42, 15)
-> Request 1
80
(3, 2, 2)
1
(41, 25)
-> Request 2
178
(2, 1, 1)
3
(57, 39)
-> Request 3
187
(4, 3, 2)
3
(13, 23)
-> Request 4
582
(3, 2, 1)
2
(66, 75)
-> Request 5
585
(3, 3, 2)
1
(55, 74)
-> Request 6
637
(4, 2, 2)
1
(70, 66)
-> Request 7
914
(3, 1, 1)
2
(62, 38)
-> Request 8
994
(2, 3, 2)
1
(33, 41)
-> Request 9
1320
(3, 1, 2)
3
(51, 40)
-> Request 10
1370
(4, 3, 1)
3
(36, 46)
--> Day : 1
-> Request 0
710
(4, 2, 2)
3
(52, 65)
-> Request 1
900
(3, 1, 2)
1
(48, 34)
-> Request 2
927
(2, 1, 1)
3
(60, 77)
-> Request 3
1020
(1, 3, 1)
2
(53, 31)
-> Request 4
1040
(4, 2, 1)
2
(45, 36)
-> Request 5
1087
(2, 2, 2)
2
(27, 67)
-> Request 6
1265
(1, 3, 2)
1
(57, 18)
--> Day : 2
-> Request 0
113
(1, 1, 2)
2
(47, 45)
-> Request 1
230
(1, 3, 1)
2
(43, 46)
-> Request 2
636
(4, 1, 2)
1
(52, 68)
-> Request 3
675
(1, 2, 1)
1
(62, 74)
-> Request 4
964
(4, 3, 2)
1
(54, 27)
--> Day : 3
-> Request 0
43
(3, 2, 1)
1
(44, 1)
-> Request 1
78
(1, 3, 2)
3
(4, 67)
-> Request 2
102
(4, 1, 1)
1
(49, 32)
-> Request 3
524
(2, 3, 1)
2
(13, 21)
-> Request 4
556
(3, 2, 2)
2
(15, 25)
-> Request 5
618
(3, 1, 2)
3
(57, 68)
-> Request 6
721
(4, 2, 1)
1
(53, 44)
-> Request 7
1033
(1, 3, 2)
2
(55, 44)
-> Request 8
1147
(2, 1, 2)
2
(11, 63)
-> Request 9
1275
(4, 1, 2)
3
(30, 67)
--> Day : 4
-> Request 0
36
(2, 1, 1)
1
(54, 68)
-> Request 1
103
(1, 3, 2)
1
(68, 22)
-> Request 2
229
(3, 1, 2)
2
(34, 15)
-> Request 3
235
(4, 3, 1)
3
(12, 69)
-> Request 4
350
(3, 3, 2)
2
(25, 30)
-> Request 5
405
(3, 3, 2)
2
(54, 39)
-> Request 6
512
(3, 2, 1)
1
(55, 68)
-> Request 7
657
(2, 2, 2)
3
(67, 12)
-> Request 8
771
(4, 1, 2)
1
(7, 76)
-> Request 9
815
(1, 3, 1)
2
(61, 7)
-> Request 10
833
(4, 3, 2)
2
(56, 69)
-> Request 11
1141
(1, 3, 1)
1
(49, 36)
-> Request 12
1353
(2, 2, 1)
2
(59, 32)
-> Request 13
1431
(2, 1, 2)
2
(53, 4)
---> Week : 15
--> Day : 0
-> Request 0
194
(3, 1, 1)
1
(34, 72)
-> Request 1
399
(4, 1, 1)
3
(56, 34)
-> Request 2
448
(1, 2, 1)
1
(68, 18)
-> Request 3
486
(1, 2, 1)
1
(31, 46)
-> Request 4
533
(4, 1, 2)
1
(43, 74)
-> Request 5
565
(4, 3, 2)
2
(3, 18)
-> Request 6
587
(3, 3, 1)
2
(14, 27)
-> Request 7
598
(2, 2, 2)
1
(51, 38)
-> Request 8
716
(4, 1, 2)
1
(55, 46)
-> Request 9
1105
(3, 3, 1)
2
(25, 62)
-> Request 10
1226
(2, 1, 2)
1
(29, 16)
-> Request 11
1254
(4, 3, 1)
2
(51, 73)
-> Request 12
1257
(1, 1, 2)
2
(11, 28)
-> Request 13
1362
(1, 2, 2)
2
(32, 78)
--> Day : 1
-> Request 0
139
(3, 1, 1)
2
(47, 64)
-> Request 1
291
(4, 1, 1)
3
(2, 78)
-> Request 2
415
(3, 1, 2)
3
(9, 58)
-> Request 3
587
(1, 1, 1)
3
(56, 45)
-> Request 4
673
(2, 3, 2)
2
(65, 20)
-> Request 5
717
(2, 1, 2)
2
(55, 74)
-> Request 6
1129
(2, 3, 2)
3
(59, 46)
-> Request 7
1241
(2, 3, 1)
2
(33, 4)
--> Day : 2
-> Request 0
117
(2, 2, 1)
2
(47, 19)
-> Request 1
212
(3, 3, 2)
1
(61, 32)
-> Request 2
301
(2, 2, 1)
2
(45, 71)
-> Request 3
702
(2, 2, 1)
1
(17, 23)
-> Request 4
1070
(4, 3, 1)
3
(41, 7)
-> Request 5
1078
(3, 2, 1)
2
(57, 77)
-> Request 6
1351
(2, 2, 1)
2
(61, 48)
--> Day : 3
-> Request 0
182
(2, 3, 1)
3
(79, 64)
-> Request 1
253
(1, 2, 1)
1
(79, 19)
-> Request 2
282
(4, 2, 2)
1
(41, 67)
-> Request 3
292
(3, 2, 2)
2
(47, 27)
-> Request 4
730
(3, 1, 2)
3
(61, 67)
-> Request 5
1257
(1, 3, 1)
2
(13, 21)
--> Day : 4
-> Request 0
10
(4, 2, 1)
2
(49, 33)
-> Request 1
344
(2, 2, 1)
1
(39, 18)
-> Request 2
506
(2, 1, 2)
1
(58, 71)
-> Request 3
610
(1, 2, 1)
2
(47, 42)
-> Request 4
674
(1, 2, 1)
3
(37, 18)
-> Request 5
1157
(1, 3, 2)
3
(16, 29)
-> Request 6
1220
(4, 3, 1)
1
(48, 38)
-> Request 7
1224
(4, 3, 1)
1
(78, 46)
-> Request 8
1297
(1, 2, 2)
2
(3, 50)
-> Request 9
1437
(3, 2, 1)
3
(78, 76)
---> Week : 16
--> Day : 0
-> Request 0
414
(4, 2, 1)
3
(70, 25)
-> Request 1
641
(3, 3, 2)
3
(58, 30)
-> Request 2
824
(2, 3, 2)
2
(27, 26)
-> Request 3
1016
(1, 2, 1)
1
(57, 72)
-> Request 4
1142
(3, 2, 2)
3
(50, 56)
-> Request 5
1344
(3, 3, 1)
1
(50, 41)
-> Request 6
1360
(1, 3, 2)
1
(39, 59)
-> Request 7
1373
(1, 2, 1)
3
(79, 53)
-> Request 8
1383
(4, 2, 2)
3
(21, 22)
--> Day : 1
-> Request 0
130
(3, 3, 1)
2
(73, 9)
-> Request 1
388
(3, 2, 2)
3
(53, 14)
-> Request 2
584
(3, 1, 1)
3
(58, 43)
-> Request 3
948
(4, 2, 1)
1
(56, 74)
-> Request 4
1315
(2, 1, 1)
3
(52, 72)
--> Day : 2
-> Request 0
732
(4, 2, 1)
3
(61, 58)
-> Request 1
797
(2, 3, 1)
1
(61, 57)
-> Request 2
947
(2, 1, 2)
1
(55, 29)
-> Request 3
1230
(4, 3, 1)
2
(55, 12)
-> Request 4
1327
(3, 3, 2)
2
(3, 5)
--> Day : 3
-> Request 0
13
(4, 2, 1)
2
(12, 51)
-> Request 1
229
(4, 3, 2)
3
(51, 28)
-> Request 2
252
(3, 2, 1)
2
(64, 76)
-> Request 3
472
(2, 2, 1)
1
(65, 38)
-> Request 4
898
(3, 2, 2)
3
(79, 38)
-> Request 5
1155
(3, 3, 2)
1
(63, 37)
-> Request 6
1255
(2, 2, 1)
3
(16, 22)
--> Day : 4
-> Request 0
28
(2, 1, 1)
2
(63, 73)
-> Request 1
224
(1, 1, 1)
3
(63, 4)
-> Request 2
294
(3, 2, 2)
2
(47, 43)
-> Request 3
326
(2, 3, 1)
3
(53, 27)
-> Request 4
422
(1, 1, 1)
3
(59, 26)
-> Request 5
505
(2, 3, 1)
2
(61, 21)
-> Request 6
819
(1, 3, 2)
1
(15, 19)
-> Request 7
897
(4, 2, 2)
1
(49, 42)
-> Request 8
907
(4, 1, 1)
2
(60, 29)
-> Request 9
1012
(4, 2, 2)
2
(5, 15)
-> Request 10
1198
(4, 2, 2)
2
(52, 41)
-> Request 11
1323
(2, 2, 2)
1
(60, 74)
---> Week : 17
--> Day : 0
-> Request 0
10
(2, 3, 1)
3
(28, 13)
-> Request 1
213
(2, 3, 1)
2
(40, 10)
-> Request 2
352
(3, 3, 1)
1
(23, 22)
-> Request 3
375
(3, 1, 2)
2
(63, 78)
-> Request 4
403
(4, 2, 2)
2
(15, 23)
-> Request 5
455
(2, 1, 2)
3
(61, 66)
-> Request 6
738
(3, 2, 1)
3
(58, 65)
-> Request 7
840
(3, 1, 2)
3
(56, 42)
-> Request 8
953
(1, 1, 1)
1
(50, 35)
-> Request 9
993
(1, 3, 1)
1
(53, 31)
-> Request 10
1281
(4, 1, 1)
1
(59, 41)
-> Request 11
1406
(4, 3, 2)
1
(12, 27)
-> Request 12
1429
(1, 3, 1)
3
(58, 76)
--> Day : 1
-> Request 0
420
(3, 2, 1)
3
(72, 42)
-> Request 1
553
(4, 1, 1)
2
(27, 9)
-> Request 2
1261
(3, 3, 2)
1
(52, 72)
-> Request 3
1331
(4, 1, 1)
2
(35, 54)
--> Day : 2
-> Request 0
450
(2, 3, 2)
3
(37, 27)
-> Request 1
946
(4, 3, 1)
3
(48, 38)
-> Request 2
1233
(1, 3, 1)
3
(46, 39)
-> Request 3
1315
(3, 2, 2)
1
(48, 42)
-> Request 4
1359
(2, 3, 1)
3
(59, 3)
--> Day : 3
-> Request 0
130
(4, 1, 2)
1
(45, 36)
-> Request 1
131
(4, 3, 2)
3
(61, 64)
-> Request 2
139
(4, 3, 1)
2
(59, 76)
-> Request 3
391
(1, 1, 2)
3
(38, 72)
-> Request 4
473
(2, 3, 2)
3
(28, 24)
-> Request 5
498
(3, 2, 2)
2
(17, 28)
-> Request 6
728
(3, 2, 2)
3
(17, 47)
-> Request 7
1200
(4, 1, 2)
1
(60, 30)
--> Day : 4
-> Request 0
150
(3, 1, 1)
2
(9, 23)
-> Request 1
368
(4, 3, 1)
1
(63, 12)
-> Request 2
472
(2, 2, 1)
3
(52, 31)
-> Request 3
1109
(4, 1, 1)
1
(60, 29)
---> Week : 18
--> Day : 0
-> Request 0
42
(4, 2, 1)
3
(16, 25)
-> Request 1
116
(4, 2, 2)
3
(40, 69)
-> Request 2
748
(2, 1, 2)
3
(53, 69)
-> Request 3
822
(2, 1, 1)
2
(16, 25)
--> Day : 1
-> Request 0
68
(4, 2, 1)
3
(52, 73)
-> Request 1
155
(2, 3, 2)
3
(39, 69)
-> Request 2
339
(2, 2, 1)
1
(13, 25)
-> Request 3
620
(4, 2, 2)
1
(54, 38)
-> Request 4
779
(2, 3, 2)
1
(35, 65)
-> Request 5
994
(2, 1, 1)
2
(53, 36)
-> Request 6
1050
(2, 3, 2)
2
(55, 34)
-> Request 7
1128
(4, 2, 2)
2
(33, 77)
-> Request 8
1215
(3, 1, 2)
1
(4, 71)
-> Request 9
1255
(2, 3, 2)
1
(50, 40)
-> Request 10
1270
(4, 2, 2)
2
(17, 25)
-> Request 11
1398
(3, 3, 2)
3
(55, 55)
--> Day : 2
-> Request 0
113
(1, 2, 2)
2
(45, 36)
-> Request 1
186
(2, 3, 1)
3
(57, 77)
-> Request 2
216
(4, 1, 1)
1
(58, 33)
-> Request 3
541
(4, 3, 1)
2
(69, 0)
-> Request 4
580
(4, 1, 1)
1
(68, 55)
-> Request 5
1275
(4, 1, 2)
1
(6, 21)
-> Request 6
1313
(4, 2, 2)
2
(59, 3)
--> Day : 3
-> Request 0
270
(1, 2, 1)
3
(32, 50)
-> Request 1
445
(1, 1, 1)
1
(8, 20)
-> Request 2
481
(2, 2, 2)
2
(16, 25)
-> Request 3
500
(4, 1, 2)
3
(56, 53)
-> Request 4
835
(1, 1, 2)
1
(27, 13)
-> Request 5
868
(2, 1, 1)
1
(18, 32)
-> Request 6
952
(4, 2, 2)
1
(58, 41)
-> Request 7
1215
(1, 1, 1)
3
(35, 79)
-> Request 8
1417
(2, 3, 1)
2
(48, 33)
--> Day : 4
-> Request 0
52
(1, 1, 2)
1
(51, 38)
-> Request 1
161
(3, 2, 2)
3
(53, 66)
-> Request 2
247
(4, 2, 2)
1
(34, 52)
-> Request 3
472
(4, 1, 2)
3
(53, 68)
-> Request 4
701
(3, 1, 2)
3
(51, 45)
-> Request 5
943
(3, 1, 2)
3
(44, 33)
-> Request 6
981
(4, 3, 2)
1
(57, 61)
-> Request 7
1066
(4, 3, 1)
1
(44, 59)
-> Request 8
1262
(2, 2, 2)
2
(69, 58)
---> Week : 19
--> Day : 0
-> Request 0
162
(1, 1, 1)
1
(49, 29)
-> Request 1
207
(2, 3, 1)
2
(17, 37)
-> Request 2
273
(1, 2, 1)
3
(57, 13)
-> Request 3
542
(2, 2, 2)
1
(12, 23)
-> Request 4
674
(1, 2, 1)
2
(17, 24)
-> Request 5
1112
(2, 1, 1)
3
(77, 43)
-> Request 6
1134
(4, 3, 2)
1
(59, 68)
-> Request 7
1203
(4, 2, 2)
3
(8, 25)
-> Request 8
1325
(2, 3, 2)
1
(49, 40)
-> Request 9
1354
(1, 2, 2)
2
(49, 38)
-> Request 10
1434
(1, 1, 1)
3
(53, 76)
--> Day : 1
-> Request 0
70
(4, 3, 2)
2
(12, 29)
-> Request 1
135
(3, 2, 2)
3
(43, 24)
-> Request 2
253
(2, 2, 2)
3
(13, 25)
-> Request 3
413
(3, 3, 1)
1
(13, 0)
-> Request 4
904
(1, 2, 2)
3
(42, 38)
-> Request 5
1040
(1, 3, 2)
2
(53, 41)
-> Request 6
1173
(2, 3, 1)
2
(69, 8)
-> Request 7
1304
(1, 3, 2)
3
(65, 74)
-> Request 8
1397
(1, 3, 1)
1
(8, 5)
--> Day : 2
-> Request 0
30
(1, 3, 1)
3
(35, 65)
-> Request 1
182
(3, 2, 2)
1
(50, 37)
-> Request 2
439
(3, 2, 2)
1
(39, 58)
-> Request 3
558
(4, 3, 2)
1
(39, 57)
-> Request 4
596
(1, 3, 2)
1
(30, 20)
-> Request 5
980
(3, 1, 2)
3
(46, 1)
-> Request 6
1026
(3, 2, 2)
3
(78, 35)
-> Request 7
1078
(4, 3, 2)
3
(55, 12)
-> Request 8
1250
(2, 1, 2)
1
(18, 67)
--> Day : 3
-> Request 0
118
(2, 1, 1)
2
(66, 65)
-> Request 1
652
(3, 1, 1)
2
(64, 55)
--> Day : 4
-> Request 0
164
(1, 3, 1)
1
(64, 68)
-> Request 1
235
(3, 1, 2)
2
(61, 45)
-> Request 2
277
(4, 2, 2)
2
(48, 68)
-> Request 3
405
(1, 1, 1)
1
(47, 48)
-> Request 4
447
(3, 1, 2)
2
(53, 68)
-> Request 5
1023
(1, 1, 1)
1
(41, 57)
-> Request 6
1106
(1, 1, 2)
3
(55, 44)
-> Request 7
1117
(4, 2, 2)
3
(33, 23)
