---> Week : 0
--> Day : 0
-> Request 0
59
(1, 1, 1)
2
(64, 62)
-> Request 1
152
(4, 2, 2)
2
(13, 46)
-> Request 2
158
(3, 1, 1)
2
(10, 60)
-> Request 3
250
(3, 3, 1)
2
(0, 38)
-> Request 4
265
(1, 1, 1)
1
(46, 42)
-> Request 5
683
(3, 2, 2)
1
(67, 7)
-> Request 6
688
(1, 3, 1)
3
(61, 66)
-> Request 7
803
(3, 2, 2)
2
(46, 38)
-> Request 8
805
(4, 3, 2)
2
(14, 61)
-> Request 9
808
(2, 3, 2)
1
(22, 8)
-> Request 10
809
(2, 3, 1)
1
(53, 73)
-> Request 11
878
(3, 1, 2)
3
(47, 42)
-> Request 12
1190
(2, 2, 2)
3
(58, 45)
-> Request 13
1272
(1, 3, 2)
1
(57, 46)
--> Day : 1
-> Request 0
89
(1, 3, 2)
1
(8, 28)
-> Request 1
413
(1, 1, 2)
2
(46, 32)
-> Request 2
428
(2, 3, 1)
1
(20, 2)
-> Request 3
463
(4, 3, 1)
3
(65, 66)
-> Request 4
563
(3, 1, 1)
2
(50, 36)
-> Request 5
922
(1, 3, 2)
1
(11, 21)
-> Request 6
1027
(3, 3, 1)
3
(73, 43)
-> Request 7
1084
(3, 3, 1)
3
(29, 58)
-> Request 8
1306
(2, 2, 1)
2
(3, 31)
-> Request 9
1375
(3, 3, 1)
2
(45, 28)
-> Request 10
1399
(1, 3, 1)
3
(11, 25)
--> Day : 2
-> Request 0
627
(4, 1, 2)
1
(44, 34)
-> Request 1
748
(2, 1, 2)
1
(63, 72)
-> Request 2
1236
(1, 1, 1)
1
(79, 1)
-> Request 3
1316
(4, 2, 1)
1
(43, 41)
-> Request 4
1334
(3, 3, 1)
3
(54, 38)
--> Day : 3
-> Request 0
107
(1, 1, 2)
2
(55, 75)
-> Request 1
261
(3, 1, 1)
3
(45, 32)
-> Request 2
685
(2, 1, 1)
3
(64, 66)
-> Request 3
775
(4, 2, 1)
2
(56, 36)
-> Request 4
1124
(2, 1, 2)
3
(11, 24)
-> Request 5
1201
(2, 3, 2)
3
(47, 75)
-> Request 6
1243
(2, 2, 2)
2
(50, 46)
-> Request 7
1263
(4, 2, 1)
1
(71, 41)
-> Request 8
1301
(4, 1, 1)
1
(12, 28)
-> Request 9
1393
(4, 2, 2)
3
(62, 27)
--> Day : 4
-> Request 0
8
(2, 1, 2)
3
(22, 71)
-> Request 1
120
(3, 2, 2)
3
(16, 40)
-> Request 2
650
(2, 3, 2)
3
(57, 40)
-> Request 3
763
(2, 3, 2)
2
(10, 65)
-> Request 4
874
(4, 1, 1)
1
(8, 25)
-> Request 5
1012
(3, 1, 1)
1
(12, 25)
-> Request 6
1223
(4, 2, 2)
3
(56, 31)
-> Request 7
1294
(4, 2, 2)
1
(44, 42)
-> Request 8
1421
(4, 1, 2)
3
(14, 28)
---> Week : 1
--> Day : 0
-> Request 0
44
(3, 3, 1)
3
(11, 29)
-> Request 1
84
(3, 3, 1)
2
(63, 71)
-> Request 2
188
(4, 1, 1)
3
(55, 75)
-> Request 3
289
(3, 2, 2)
2
(61, 65)
-> Request 4
555
(2, 2, 2)
3
(56, 27)
-> Request 5
563
(1, 3, 1)
2
(44, 30)
-> Request 6
628
(1, 2, 2)
3
(57, 45)
-> Request 7
640
(4, 2, 1)
2
(29, 41)
-> Request 8
932
(3, 3, 2)
2
(12, 23)
-> Request 9
991
(2, 1, 1)
3
(50, 39)
-> Request 10
1417
(1, 3, 2)
1
(8, 3)
--> Day : 1
-> Request 0
36
(2, 2, 1)
1
(10, 23)
-> Request 1
48
(3, 3, 1)
1
(58, 40)
-> Request 2
171
(2, 3, 1)
1
(47, 61)
-> Request 3
535
(2, 1, 1)
2
(55, 65)
-> Request 4
538
(1, 3, 2)
1
(8, 25)
-> Request 5
721
(4, 2, 2)
2
(15, 49)
-> Request 6
744
(2, 1, 2)
1
(75, 30)
-> Request 7
1307
(1, 3, 2)
1
(63, 52)
--> Day : 2
-> Request 0
66
(4, 3, 2)
2
(8, 29)
-> Request 1
244
(3, 3, 2)
3
(3, 13)
-> Request 2
283
(4, 1, 1)
1
(13, 21)
-> Request 3
471
(3, 1, 2)
3
(36, 59)
-> Request 4
582
(4, 2, 1)
2
(6, 11)
-> Request 5
713
(1, 2, 1)
2
(55, 66)
-> Request 6
732
(4, 2, 1)
1
(64, 27)
-> Request 7
955
(1, 3, 1)
2
(57, 64)
-> Request 8
1136
(1, 2, 1)
2
(26, 24)
--> Day : 3
-> Request 0
126
(2, 1, 1)
1
(1, 25)
-> Request 1
368
(3, 1, 1)
2
(11, 28)
-> Request 2
479
(3, 2, 2)
2
(55, 39)
-> Request 3
671
(1, 3, 1)
2
(54, 41)
-> Request 4
971
(4, 3, 1)
3
(40, 43)
-> Request 5
1004
(4, 1, 2)
2
(67, 25)
-> Request 6
1063
(4, 1, 1)
1
(56, 77)
-> Request 7
1080
(4, 3, 2)
3
(9, 24)
-> Request 8
1092
(3, 2, 2)
1
(5, 2)
-> Request 9
1223
(4, 1, 1)
3
(44, 74)
-> Request 10
1346
(1, 2, 1)
1
(56, 71)
-> Request 11
1372
(2, 1, 1)
2
(9, 28)
-> Request 12
1379
(1, 2, 1)
1
(52, 66)
-> Request 13
1413
(2, 3, 2)
2
(58, 40)
--> Day : 4
-> Request 0
121
(2, 1, 2)
1
(53, 71)
-> Request 1
285
(4, 1, 2)
2
(76, 70)
-> Request 2
406
(1, 1, 1)
2
(59, 28)
-> Request 3
533
(1, 3, 2)
3
(17, 29)
---> Week : 2
--> Day : 0
-> Request 0
55
(4, 3, 1)
1
(53, 79)
-> Request 1
123
(1, 3, 1)
1
(53, 34)
-> Request 2
137
(1, 1, 1)
3
(9, 4)
-> Request 3
248
(3, 3, 2)
3
(60, 76)
-> Request 4
329
(2, 3, 2)
1
(8, 74)
-> Request 5
386
(4, 3, 2)
2
(62, 32)
-> Request 6
425
(1, 1, 1)
2
(28, 59)
-> Request 7
506
(2, 2, 2)
3
(63, 40)
-> Request 8
525
(3, 2, 2)
3
(47, 52)
--> Day : 1
-> Request 0
100
(1, 3, 1)
2
(33, 68)
-> Request 1
210
(3, 3, 2)
3
(53, 39)
-> Request 2
738
(2, 3, 2)
1
(2, 65)
--> Day : 2
-> Request 0
297
(2, 2, 1)
1
(48, 37)
-> Request 1
374
(1, 3, 2)
3
(2, 64)
-> Request 2
549
(4, 3, 1)
1
(9, 27)
-> Request 3
823
(4, 2, 1)
3
(54, 77)
-> Request 4
845
(4, 1, 1)
2
(53, 33)
-> Request 5
852
(4, 2, 2)
2
(56, 45)
-> Request 6
1020
(4, 2, 2)
1
(40, 56)
-> Request 7
1058
(4, 3, 1)
3
(3, 72)
-> Request 8
1087
(3, 3, 1)
3
(23, 15)
-> Request 9
1366
(1, 1, 1)
3
(14, 21)
--> Day : 3
-> Request 0
59
(3, 2, 2)
2
(56, 39)
-> Request 1
147
(3, 3, 1)
2
(22, 60)
-> Request 2
307
(2, 2, 2)
3
(61, 70)
-> Request 3
355
(3, 2, 2)
2
(21, 67)
-> Request 4
546
(2, 2, 1)
2
(61, 72)
-> Request 5
827
(3, 3, 1)
2
(7, 53)
-> Request 6
925
(2, 2, 1)
3
(15, 21)
-> Request 7
1050
(1, 3, 2)
1
(57, 37)
-> Request 8
1150
(4, 3, 1)
2
(53, 35)
-> Request 9
1234
(3, 1, 2)
3
(70, 72)
--> Day : 4
-> Request 0
119
(3, 3, 1)
1
(60, 39)
-> Request 1
504
(1, 1, 2)
3
(18, 50)
-> Request 2
513
(1, 2, 2)
2
(57, 41)
-> Request 3
673
(3, 1, 2)
2
(43, 29)
-> Request 4
834
(4, 1, 2)
2
(51, 34)
-> Request 5
846
(2, 1, 1)
2
(43, 66)
-> Request 6
887
(3, 2, 1)
2
(52, 74)
-> Request 7
1003
(1, 1, 2)
1
(77, 36)
-> Request 8
1026
(1, 3, 2)
2
(66, 66)
-> Request 9
1074
(1, 3, 2)
3
(43, 44)
-> Request 10
1329
(3, 2, 2)
3
(58, 32)
-> Request 11
1435
(3, 3, 1)
3
(22, 15)
-> Request 12
1439
(3, 1, 1)
1
(75, 34)
---> Week : 3
--> Day : 0
-> Request 0
325
(3, 1, 2)
1
(44, 37)
-> Request 1
328
(4, 2, 2)
2
(1, 69)
-> Request 2
412
(2, 1, 2)
1
(45, 59)
-> Request 3
573
(2, 2, 2)
1
(57, 41)
-> Request 4
583
(4, 2, 1)
1
(49, 66)
-> Request 5
612
(1, 1, 1)
2
(59, 71)
-> Request 6
667
(3, 1, 2)
3
(55, 50)
-> Request 7
1073
(3, 3, 2)
1
(17, 20)
-> Request 8
1210
(4, 2, 1)
3
(38, 21)
-> Request 9
1253
(4, 1, 2)
3
(67, 4)
--> Day : 1
-> Request 0
266
(4, 3, 1)
3
(51, 20)
-> Request 1
290
(4, 3, 1)
1
(70, 5)
-> Request 2
418
(3, 1, 1)
2
(59, 44)
-> Request 3
456
(3, 3, 2)
1
(60, 13)
-> Request 4
613
(2, 3, 2)
2
(62, 71)
-> Request 5
655
(4, 2, 1)
3
(12, 15)
-> Request 6
659
(3, 1, 1)
2
(51, 31)
-> Request 7
681
(3, 2, 2)
3
(60, 41)
-> Request 8
817
(4, 3, 2)
1
(10, 23)
-> Request 9
864
(2, 1, 2)
2
(35, 3)
-> Request 10
897
(2, 1, 2)
3
(10, 20)
-> Request 11
1128
(1, 1, 2)
3
(52, 34)
-> Request 12
1153
(4, 2, 2)
1
(10, 27)
-> Request 13
1341
(1, 2, 1)
3
(25, 43)
-> Request 14
1381
(1, 2, 1)
3
(63, 67)
-> Request 15
1411
(2, 3, 1)
2
(17, 29)
-> Request 16
1420
(1, 3, 2)
3
(45, 39)
--> Day : 2
-> Request 0
132
(4, 3, 1)
3
(34, 36)
-> Request 1
205
(4, 3, 1)
1
(43, 25)
-> Request 2
226
(3, 1, 1)
2
(52, 35)
-> Request 3
333
(3, 1, 2)
1
(45, 61)
-> Request 4
379
(4, 2, 2)
2
(62, 72)
-> Request 5
427
(3, 2, 1)
3
(12, 28)
-> Request 6
584
(2, 1, 1)
2
(22, 59)
-> Request 7
788
(2, 1, 2)
1
(8, 22)
-> Request 8
882
(2, 1, 1)
3
(54, 46)
-> Request 9
1100
(4, 2, 1)
1
(56, 34)
-> Request 10
1152
(2, 1, 2)
3
(47, 53)
--> Day : 3
-> Request 0
149
(4, 1, 2)
2
(52, 74)
-> Request 1
262
(2, 2, 2)
2
(57, 31)
-> Request 2
503
(2, 1, 2)
2
(15, 20)
-> Request 3
648
(3, 1, 2)
3
(48, 50)
-> Request 4
719
(4, 2, 1)
1
(6, 47)
-> Request 5
963
(2, 2, 2)
1
(57, 27)
-> Request 6
1291
(3, 3, 1)
2
(63, 68)
-> Request 7
1298
(1, 2, 1)
1
(49, 39)
--> Day : 4
-> Request 0
15
(2, 2, 2)
1
(59, 76)
-> Request 1
116
(4, 3, 2)
2
(55, 31)
-> Request 2
290
(1, 3, 2)
1
(46, 29)
-> Request 3
426
(3, 1, 2)
2
(13, 21)
-> Request 4
593
(1, 3, 2)
2
(75, 74)
-> Request 5
627
(3, 3, 2)
1
(54, 38)
-> Request 6
1021
(2, 2, 1)
1
(54, 44)
-> Request 7
1070
(2, 3, 1)
2
(57, 71)
-> Request 8
1080
(2, 2, 1)
1
(15, 0)
-> Request 9
1223
(2, 1, 1)
3
(15, 26)
-> Request 10
1272
(2, 3, 2)
2
(58, 33)
---> Week : 4
--> Day : 0
-> Request 0
378
(4, 3, 2)
1
(66, 5)
-> Request 1
627
(1, 2, 2)
3
(17, 23)
-> Request 2
664
(2, 1, 1)
3
(55, 50)
-> Request 3
1101
(3, 3, 1)
1
(77, 50)
-> Request 4
1176
(1, 1, 2)
1
(60, 32)
-> Request 5
1201
(4, 2, 2)
3
(57, 77)
-> Request 6
1204
(2, 1, 2)
3
(20, 79)
-> Request 7
1364
(2, 2, 2)
1
(49, 34)
-> Request 8
1372
(3, 2, 2)
2
(10, 39)
--> Day : 1
-> Request 0
4
(2, 2, 1)
3
(61, 18)
-> Request 1
141
(2, 1, 2)
3
(46, 37)
-> Request 2
755
(3, 2, 1)
2
(56, 34)
-> Request 3
875
(4, 2, 1)
3
(50, 31)
-> Request 4
1011
(4, 1, 2)
3
(48, 35)
-> Request 5
1027
(2, 2, 1)
1
(55, 28)
-> Request 6
1034
(3, 3, 2)
1
(61, 44)
-> Request 7
1228
(2, 3, 1)
3
(44, 33)
-> Request 8
1311
(1, 1, 2)
2
(27, 24)
-> Request 9
1436
(4, 3, 2)
3
(57, 49)
--> Day : 2
-> Request 0
121
(2, 3, 2)
3
(56, 28)
-> Request 1
241
(4, 1, 2)
3
(53, 20)
-> Request 2
320
(4, 1, 2)
1
(46, 6)
-> Request 3
345
(4, 3, 2)
1
(47, 38)
-> Request 4
380
(1, 2, 1)
2
(47, 34)
-> Request 5
417
(3, 3, 2)
1
(39, 79)
-> Request 6
537
(3, 1, 1)
2
(21, 24)
-> Request 7
732
(2, 3, 1)
3
(56, 60)
-> Request 8
864
(3, 1, 2)
1
(64, 42)
-> Request 9
908
(1, 1, 2)
3
(53, 40)
-> Request 10
1216
(2, 2, 1)
3
(60, 29)
-> Request 11
1239
(1, 2, 1)
3
(2, 51)
--> Day : 3
-> Request 0
17
(1, 3, 2)
3
(55, 37)
-> Request 1
32
(4, 2, 1)
2
(54, 72)
-> Request 2
39
(2, 1, 1)
2
(59, 44)
-> Request 3
428
(4, 1, 2)
3
(53, 66)
-> Request 4
526
(3, 2, 1)
1
(62, 29)
-> Request 5
618
(1, 1, 1)
2
(52, 65)
-> Request 6
638
(2, 3, 1)
2
(53, 5)
-> Request 7
679
(3, 3, 1)
1
(26, 24)
-> Request 8
706
(3, 2, 2)
2
(64, 61)
-> Request 9
1002
(2, 2, 2)
3
(46, 30)
-> Request 10
1115
(1, 1, 2)
2
(52, 67)
-> Request 11
1261
(4, 2, 1)
1
(57, 37)
-> Request 12
1366
(1, 3, 1)
1
(57, 67)
-> Request 13
1433
(2, 2, 1)
2
(57, 73)
--> Day : 4
-> Request 0
237
(3, 2, 2)
3
(52, 75)
-> Request 1
338
(1, 3, 1)
1
(48, 32)
-> Request 2
341
(1, 1, 2)
3
(15, 29)
-> Request 3
400
(2, 2, 1)
1
(55, 72)
-> Request 4
504
(1, 3, 2)
3
(55, 52)
-> Request 5
638
(3, 3, 2)
1
(20, 39)
-> Request 6
842
(4, 3, 1)
3
(52, 34)
-> Request 7
1054
(3, 1, 1)
3
(21, 23)
-> Request 8
1064
(4, 2, 1)
1
(8, 21)
-> Request 9
1347
(3, 3, 2)
1
(56, 41)
-> Request 10
1391
(1, 1, 2)
2
(54, 30)
---> Week : 5
--> Day : 0
-> Request 0
39
(4, 2, 1)
2
(17, 20)
-> Request 1
73
(4, 1, 2)
3
(54, 52)
-> Request 2
94
(4, 3, 2)
2
(65, 66)
-> Request 3
215
(1, 2, 1)
1
(43, 43)
-> Request 4
236
(2, 3, 1)
2
(40, 23)
-> Request 5
625
(1, 3, 1)
3
(56, 29)
-> Request 6
789
(2, 1, 1)
1
(13, 26)
-> Request 7
803
(3, 1, 1)
3
(59, 66)
-> Request 8
968
(1, 2, 1)
3
(53, 69)
-> Request 9
1015
(2, 2, 2)
3
(45, 43)
-> Request 10
1240
(3, 1, 2)
3
(65, 69)
--> Day : 1
-> Request 0
49
(4, 3, 2)
3
(54, 34)
-> Request 1
260
(1, 3, 2)
3
(40, 73)
-> Request 2
306
(1, 1, 1)
1
(21, 6)
-> Request 3
472
(2, 2, 1)
3
(46, 37)
-> Request 4
759
(1, 3, 2)
2
(5, 42)
-> Request 5
780
(3, 1, 2)
1
(25, 38)
-> Request 6
1322
(1, 1, 2)
1
(52, 31)
-> Request 7
1379
(1, 2, 1)
1
(56, 30)
-> Request 8
1387
(3, 2, 2)
2
(50, 10)
-> Request 9
1403
(2, 2, 1)
1
(52, 41)
--> Day : 2
-> Request 0
211
(1, 3, 2)
3
(14, 24)
-> Request 1
217
(4, 1, 2)
3
(65, 69)
-> Request 2
247
(1, 3, 2)
2
(11, 29)
-> Request 3
317
(4, 2, 2)
3
(57, 27)
-> Request 4
341
(4, 2, 2)
3
(48, 41)
-> Request 5
491
(3, 2, 2)
1
(58, 43)
-> Request 6
607
(4, 1, 2)
2
(63, 13)
-> Request 7
760
(2, 2, 1)
1
(57, 27)
-> Request 8
1062
(2, 1, 1)
2
(66, 78)
-> Request 9
1070
(4, 3, 2)
3
(45, 36)
-> Request 10
1198
(3, 1, 1)
1
(47, 31)
-> Request 11
1277
(1, 1, 2)
3
(16, 64)
-> Request 12
1399
(2, 2, 2)
3
(47, 38)
-> Request 13
1433
(4, 1, 1)
3
(25, 22)
--> Day : 3
-> Request 0
30
(3, 2, 2)
2
(62, 18)
-> Request 1
123
(4, 2, 1)
1
(12, 12)
-> Request 2
180
(4, 2, 1)
1
(43, 51)
-> Request 3
300
(3, 3, 2)
1
(49, 41)
-> Request 4
380
(1, 2, 2)
3
(46, 18)
-> Request 5
683
(2, 2, 2)
2
(63, 67)
-> Request 6
826
(4, 2, 1)
2
(10, 53)
-> Request 7
1017
(1, 3, 1)
1
(32, 67)
-> Request 8
1207
(3, 1, 2)
2
(55, 44)
-> Request 9
1387
(2, 2, 1)
3
(37, 24)
-> Request 10
1421
(2, 2, 1)
2
(50, 16)
--> Day : 4
-> Request 0
454
(3, 3, 1)
3
(28, 32)
-> Request 1
1172
(3, 2, 2)
3
(63, 65)
---> Week : 6
--> Day : 0
-> Request 0
110
(3, 1, 1)
2
(58, 77)
-> Request 1
166
(4, 3, 2)
1
(49, 34)
-> Request 2
189
(3, 3, 1)
2
(62, 52)
-> Request 3
233
(2, 2, 2)
1
(58, 27)
-> Request 4
293
(4, 3, 1)
2
(31, 72)
-> Request 5
498
(3, 3, 2)
1
(44, 37)
-> Request 6
531
(2, 1, 1)
1
(64, 35)
-> Request 7
678
(3, 2, 2)
3
(24, 68)
-> Request 8
970
(2, 1, 1)
2
(77, 27)
-> Request 9
1360
(3, 1, 2)
1
(14, 28)
--> Day : 1
-> Request 0
206
(1, 2, 2)
3
(57, 66)
-> Request 1
428
(3, 1, 1)
1
(55, 41)
-> Request 2
447
(4, 1, 1)
2
(2, 55)
-> Request 3
823
(3, 3, 1)
2
(61, 34)
-> Request 4
895
(3, 1, 2)
2
(47, 27)
-> Request 5
965
(3, 2, 2)
1
(13, 23)
-> Request 6
1120
(1, 3, 2)
3
(62, 43)
-> Request 7
1163
(1, 2, 2)
2
(60, 35)
-> Request 8
1392
(4, 1, 1)
1
(60, 44)
--> Day : 2
-> Request 0
42
(1, 2, 1)
1
(13, 29)
-> Request 1
227
(3, 1, 1)
3
(66, 67)
-> Request 2
300
(4, 3, 2)
1
(12, 23)
-> Request 3
350
(1, 3, 2)
1
(22, 37)
-> Request 4
393
(4, 2, 2)
1
(65, 65)
-> Request 5
1110
(2, 2, 1)
2
(46, 45)
-> Request 6
1286
(4, 3, 1)
3
(62, 42)
--> Day : 3
-> Request 0
74
(1, 2, 1)
1
(60, 78)
-> Request 1
197
(2, 3, 2)
2
(54, 76)
-> Request 2
206
(3, 2, 1)
1
(72, 23)
-> Request 3
226
(3, 2, 1)
3
(63, 73)
-> Request 4
594
(1, 3, 1)
2
(44, 38)
-> Request 5
661
(2, 2, 1)
1
(70, 60)
-> Request 6
829
(3, 3, 2)
1
(34, 2)
-> Request 7
1410
(4, 2, 1)
2
(39, 34)
--> Day : 4
-> Request 0
159
(3, 1, 1)
3
(18, 58)
-> Request 1
469
(1, 2, 2)
1
(57, 38)
-> Request 2
774
(4, 1, 2)
2
(55, 31)
-> Request 3
1021
(3, 2, 2)
3
(10, 26)
-> Request 4
1081
(4, 2, 2)
2
(45, 71)
-> Request 5
1109
(4, 2, 2)
3
(48, 8)
-> Request 6
1152
(2, 3, 1)
3
(35, 28)
-> Request 7
1303
(3, 1, 2)
1
(32, 2)
-> Request 8
1354
(4, 1, 1)
2
(12, 28)
---> Week : 7
--> Day : 0
-> Request 0
60
(1, 1, 1)
3
(56, 65)
-> Request 1
101
(3, 3, 1)
1
(36, 56)
-> Request 2
455
(3, 3, 2)
1
(18, 38)
-> Request 3
485
(4, 1, 2)
2
(49, 40)
-> Request 4
537
(3, 1, 2)
2
(55, 69)
-> Request 5
537
(4, 3, 1)
1
(45, 30)
-> Request 6
582
(3, 1, 1)
1
(29, 71)
-> Request 7
965
(2, 1, 1)
3
(2, 79)
-> Request 8
1062
(3, 2, 2)
2
(73, 40)
-> Request 9
1344
(1, 3, 1)
1
(64, 75)
--> Day : 1
-> Request 0
35
(3, 3, 2)
2
(52, 69)
-> Request 1
42
(2, 3, 1)
2
(48, 71)
-> Request 2
116
(1, 3, 2)
2
(60, 38)
-> Request 3
296
(4, 3, 1)
2
(11, 20)
-> Request 4
324
(3, 2, 2)
3
(32, 15)
-> Request 5
429
(2, 2, 1)
3
(13, 24)
-> Request 6
432
(1, 1, 2)
3
(27, 71)
-> Request 7
450
(4, 2, 2)
1
(52, 39)
-> Request 8
513
(4, 2, 1)
3
(19, 72)
-> Request 9
901
(2, 1, 2)
3
(55, 62)
-> Request 10
980
(1, 2, 2)
3
(74, 40)
-> Request 11
1253
(2, 3, 2)
1
(46, 28)
-> Request 12
1340
(3, 1, 1)
1
(52, 2)
--> Day : 2
-> Request 0
15
(2, 3, 1)
3
(53, 41)
-> Request 1
88
(1, 3, 2)
1
(3, 76)
-> Request 2
501
(4, 1, 2)
1
(13, 34)
-> Request 3
708
(1, 3, 2)
2
(61, 27)
-> Request 4
811
(4, 1, 2)
3
(55, 69)
-> Request 5
911
(4, 1, 1)
2
(57, 74)
-> Request 6
964
(1, 2, 2)
1
(57, 35)
-> Request 7
1081
(2, 1, 2)
3
(13, 34)
-> Request 8
1122
(3, 1, 2)
3
(75, 2)
-> Request 9
1325
(4, 1, 2)
3
(46, 35)
-> Request 10
1338
(4, 3, 1)
2
(45, 34)
-> Request 11
1400
(1, 2, 1)
2
(71, 24)
--> Day : 3
-> Request 0
86
(4, 3, 2)
2
(9, 5)
-> Request 1
174
(1, 2, 2)
3
(47, 45)
-> Request 2
251
(1, 2, 1)
1
(17, 42)
-> Request 3
993
(1, 1, 1)
3
(6, 1)
-> Request 4
999
(3, 2, 1)
1
(56, 73)
-> Request 5
1055
(1, 3, 1)
1
(56, 33)
-> Request 6
1058
(3, 3, 1)
1
(32, 28)
-> Request 7
1138
(2, 1, 1)
1
(8, 20)
-> Request 8
1276
(4, 3, 2)
2
(69, 4)
-> Request 9
1295
(2, 1, 1)
3
(59, 32)
-> Request 10
1344
(4, 2, 1)
2
(64, 71)
-> Request 11
1356
(1, 1, 2)
1
(59, 32)
-> Request 12
1384
(1, 1, 2)
3
(22, 66)
-> Request 13
1404
(2, 3, 1)
1
(77, 13)
--> Day : 4
-> Request 0
852
(3, 3, 2)
3
(73, 57)
-> Request 1
1057
(1, 1, 1)
1
(60, 75)
-> Request 2
1231
(2, 2, 1)
1
(53, 64)
---> Week : 8
--> Day : 0
-> Request 0
39
(3, 2, 2)
3
(54, 68)
-> Request 1
76
(1, 1, 1)
2
(52, 36)
-> Request 2
76
(2, 3, 1)
2
(39, 5)
-> Request 3
152
(2, 1, 2)
3
(3, 7)
-> Request 4
384
(1, 1, 1)
1
(70, 6)
-> Request 5
494
(1, 2, 2)
3
(8, 78)
-> Request 6
765
(4, 2, 2)
1
(30, 13)
-> Request 7
809
(3, 1, 1)
1
(17, 20)
-> Request 8
993
(2, 2, 1)
1
(44, 43)
-> Request 9
1131
(2, 1, 1)
1
(62, 29)
--> Day : 1
-> Request 0
216
(2, 1, 2)
3
(63, 76)
-> Request 1
391
(3, 2, 2)
2
(24, 14)
-> Request 2
586
(3, 1, 1)
1
(17, 20)
-> Request 3
714
(2, 1, 1)
3
(56, 69)
-> Request 4
807
(2, 3, 2)
1
(57, 65)
-> Request 5
867
(1, 3, 2)
1
(9, 70)
--> Day : 2
-> Request 0
223
(3, 2, 1)
2
(78, 11)
-> Request 1
336
(3, 3, 2)
1
(60, 76)
-> Request 2
588
(3, 2, 1)
1
(61, 28)
-> Request 3
1106
(4, 2, 2)
2
(11, 25)
-> Request 4
1213
(4, 1, 1)
2
(10, 48)
-> Request 5
1294
(4, 1, 1)
2
(45, 46)
--> Day : 3
-> Request 0
23
(4, 3, 1)
3
(50, 44)
-> Request 1
88
(2, 2, 1)
2
(56, 46)
-> Request 2
103
(4, 3, 1)
1
(58, 41)
-> Request 3
237
(3, 1, 1)
1
(40, 24)
-> Request 4
342
(2, 3, 2)
1
(15, 22)
-> Request 5
409
(2, 3, 2)
1
(58, 66)
-> Request 6
512
(4, 2, 2)
2
(58, 31)
-> Request 7
1032
(3, 1, 2)
2
(37, 39)
-> Request 8
1084
(1, 3, 2)
3
(47, 38)
-> Request 9
1208
(2, 1, 2)
2
(23, 65)
-> Request 10
1209
(2, 1, 2)
2
(53, 43)
-> Request 11
1305
(3, 2, 1)
3
(55, 74)
--> Day : 4
-> Request 0
58
(4, 2, 1)
2
(57, 75)
-> Request 1
360
(1, 2, 2)
2
(51, 45)
-> Request 2
473
(4, 2, 2)
2
(50, 17)
-> Request 3
926
(2, 3, 1)
2
(47, 42)
-> Request 4
987
(2, 1, 2)
2
(9, 25)
-> Request 5
1161
(2, 3, 1)
1
(60, 69)
-> Request 6
1176
(2, 2, 2)
2
(71, 75)
-> Request 7
1220
(4, 1, 2)
1
(53, 39)
-> Request 8
1287
(3, 1, 1)
3
(28, 15)
---> Week : 9
--> Day : 0
-> Request 0
141
(2, 1, 2)
1
(59, 73)
-> Request 1
150
(4, 3, 2)
2
(44, 39)
-> Request 2
492
(4, 2, 1)
2
(13, 71)
-> Request 3
637
(3, 3, 2)
3
(31, 53)
-> Request 4
945
(3, 2, 2)
2
(23, 77)
-> Request 5
1059
(1, 2, 2)
1
(72, 7)
-> Request 6
1249
(1, 3, 1)
2
(54, 66)
-> Request 7
1431
(4, 3, 2)
2
(28, 68)
--> Day : 1
-> Request 0
2
(1, 1, 2)
1
(55, 41)
-> Request 1
37
(4, 3, 2)
1
(78, 7)
-> Request 2
448
(2, 3, 1)
2
(59, 31)
-> Request 3
450
(4, 3, 2)
1
(40, 9)
-> Request 4
518
(4, 2, 2)
3
(40, 12)
-> Request 5
528
(1, 2, 2)
3
(46, 27)
-> Request 6
1033
(2, 3, 1)
2
(63, 76)
-> Request 7
1255
(4, 3, 2)
1
(55, 38)
-> Request 8
1330
(1, 1, 2)
2
(59, 34)
-> Request 9
1377
(2, 3, 1)
3
(48, 37)
--> Day : 2
-> Request 0
48
(4, 3, 2)
1
(20, 54)
-> Request 1
189
(1, 1, 2)
2
(53, 75)
-> Request 2
390
(3, 3, 2)
2
(26, 18)
-> Request 3
585
(1, 1, 1)
3
(59, 52)
-> Request 4
585
(4, 1, 1)
2
(78, 61)
-> Request 5
717
(2, 1, 2)
2
(28, 39)
-> Request 6
826
(3, 1, 1)
1
(77, 36)
-> Request 7
899
(2, 2, 1)
2
(11, 77)
-> Request 8
1113
(4, 3, 1)
3
(67, 26)
-> Request 9
1420
(3, 2, 2)
1
(44, 69)
--> Day : 3
-> Request 0
25
(2, 1, 1)
2
(74, 36)
-> Request 1
85
(2, 1, 1)
1
(3, 35)
-> Request 2
518
(3, 1, 1)
3
(1, 22)
-> Request 3
560
(3, 1, 2)
1
(57, 36)
-> Request 4
647
(2, 3, 1)
1
(10, 28)
-> Request 5
723
(2, 2, 1)
2
(54, 38)
-> Request 6
762
(1, 2, 1)
3
(61, 64)
-> Request 7
769
(2, 2, 2)
3
(22, 37)
-> Request 8
1090
(2, 3, 2)
1
(60, 36)
-> Request 9
1272
(3, 2, 2)
3
(56, 77)
--> Day : 4
-> Request 0
190
(4, 3, 2)
3
(45, 28)
-> Request 1
488
(4, 3, 1)
1
(24, 19)
-> Request 2
530
(1, 1, 2)
2
(61, 21)
-> Request 3
543
(3, 3, 1)
2
(57, 34)
-> Request 4
685
(2, 1, 2)
3
(54, 74)
-> Request 5
799
(4, 2, 2)
3
(68, 33)
-> Request 6
901
(3, 2, 2)
3
(40, 22)
-> Request 7
997
(3, 1, 2)
3
(45, 29)
-> Request 8
1011
(3, 2, 1)
1
(51, 42)
-> Request 9
1203
(1, 3, 1)
2
(44, 35)
-> Request 10
1390
(3, 2, 2)
2
(25, 9)
-> Request 11
1398
(3, 2, 2)
2
(61, 32)
---> Week : 10
--> Day : 0
-> Request 0
166
(1, 1, 2)
2
(15, 29)
-> Request 1
219
(2, 1, 1)
1
(14, 16)
-> Request 2
407
(4, 3, 2)
1
(42, 23)
-> Request 3
411
(4, 2, 1)
1
(60, 30)
-> Request 4
449
(3, 2, 1)
3
(45, 31)
-> Request 5
782
(4, 3, 2)
3
(38, 75)
-> Request 6
851
(1, 1, 2)
2
(63, 65)
-> Request 7
883
(1, 2, 1)
2
(49, 42)
-> Request 8
1003
(1, 1, 1)
1
(51, 35)
-> Request 9
1144
(1, 2, 1)
2
(58, 29)
-> Request 10
1199
(3, 3, 2)
3
(28, 60)
-> Request 11
1295
(3, 1, 2)
2
(44, 64)
--> Day : 1
-> Request 0
2
(1, 3, 1)
2
(57, 30)
-> Request 1
35
(3, 3, 1)
3
(48, 32)
-> Request 2
46
(2, 2, 1)
3
(57, 46)
-> Request 3
56
(1, 1, 1)
1
(11, 31)
-> Request 4
149
(2, 1, 1)
1
(14, 24)
-> Request 5
211
(1, 3, 1)
1
(16, 21)
-> Request 6
230
(2, 1, 1)
1
(64, 15)
-> Request 7
435
(4, 3, 2)
2
(65, 63)
-> Request 8
570
(3, 3, 1)
3
(43, 41)
-> Request 9
580
(2, 3, 1)
2
(71, 39)
-> Request 10
636
(3, 3, 1)
3
(55, 71)
-> Request 11
658
(2, 2, 1)
1
(61, 59)
-> Request 12
784
(1, 3, 1)
2
(54, 76)
-> Request 13
838
(4, 1, 2)
3
(46, 41)
-> Request 14
1215
(1, 3, 1)
3
(46, 7)
-> Request 15
1322
(1, 3, 2)
3
(19, 25)
--> Day : 2
-> Request 0
222
(3, 1, 2)
3
(47, 46)
-> Request 1
247
(3, 1, 1)
1
(16, 28)
-> Request 2
774
(4, 2, 2)
2
(12, 29)
-> Request 3
823
(3, 1, 2)
2
(6, 40)
-> Request 4
950
(4, 2, 1)
3
(44, 45)
-> Request 5
1182
(2, 2, 1)
1
(7, 19)
-> Request 6
1271
(1, 3, 2)
1
(64, 72)
-> Request 7
1322
(4, 3, 2)
3
(0, 38)
--> Day : 3
-> Request 0
129
(2, 3, 1)
1
(63, 24)
-> Request 1
209
(1, 1, 2)
2
(15, 70)
-> Request 2
231
(1, 2, 2)
1
(65, 70)
-> Request 3
234
(4, 3, 1)
2
(27, 75)
-> Request 4
503
(1, 1, 2)
3
(50, 38)
-> Request 5
578
(4, 3, 2)
1
(67, 63)
-> Request 6
949
(4, 2, 2)
3
(59, 28)
-> Request 7
1189
(1, 3, 1)
3
(55, 36)
-> Request 8
1195
(2, 1, 1)
1
(3, 2)
-> Request 9
1302
(2, 3, 1)
3
(37, 11)
-> Request 10
1403
(3, 1, 2)
2
(52, 30)
--> Day : 4
-> Request 0
198
(1, 2, 2)
1
(52, 64)
-> Request 1
252
(1, 3, 2)
3
(61, 30)
-> Request 2
265
(2, 3, 2)
1
(55, 55)
-> Request 3
652
(3, 1, 2)
1
(46, 29)
-> Request 4
740
(3, 3, 1)
2
(54, 45)
-> Request 5
1118
(2, 3, 1)
2
(40, 16)
---> Week : 11
--> Day : 0
-> Request 0
11
(3, 2, 1)
2
(12, 26)
-> Request 1
373
(1, 2, 1)
3
(33, 47)
-> Request 2
444
(2, 3, 1)
3
(11, 27)
-> Request 3
500
(2, 2, 2)
1
(0, 34)
-> Request 4
843
(3, 1, 1)
3
(13, 65)
-> Request 5
946
(4, 2, 1)
2
(60, 33)
-> Request 6
973
(3, 2, 2)
2
(58, 34)
-> Request 7
1095
(4, 1, 2)
3
(39, 79)
-> Request 8
1118
(3, 3, 1)
1
(43, 39)
-> Request 9
1360
(1, 2, 1)
3
(41, 43)
--> Day : 1
-> Request 0
64
(1, 3, 1)
2
(37, 45)
-> Request 1
178
(2, 2, 2)
3
(55, 45)
-> Request 2
417
(2, 3, 2)
2
(45, 39)
-> Request 3
510
(1, 2, 1)
3
(67, 25)
-> Request 4
634
(3, 2, 2)
3
(38, 16)
-> Request 5
1021
(1, 2, 2)
2
(60, 70)
-> Request 6
1054
(1, 1, 2)
2
(56, 61)
-> Request 7
1258
(3, 3, 2)
2
(57, 66)
--> Day : 2
-> Request 0
82
(3, 1, 2)
1
(51, 46)
-> Request 1
163
(4, 2, 2)
3
(65, 6)
-> Request 2
585
(4, 1, 2)
2
(61, 72)
-> Request 3
588
(3, 1, 2)
3
(53, 30)
-> Request 4
793
(4, 3, 1)
3
(45, 44)
-> Request 5
839
(1, 3, 2)
1
(50, 33)
-> Request 6
855
(4, 3, 2)
1
(52, 29)
-> Request 7
1200
(1, 2, 2)
1
(48, 45)
-> Request 8
1219
(3, 2, 1)
3
(53, 40)
-> Request 9
1366
(1, 2, 1)
1
(42, 59)
--> Day : 3
-> Request 0
39
(3, 2, 1)
2
(72, 73)
-> Request 1
206
(3, 1, 1)
3
(53, 49)
-> Request 2
253
(1, 1, 1)
1
(5, 67)
-> Request 3
274
(2, 2, 2)
1
(29, 59)
-> Request 4
395
(4, 3, 1)
3
(5, 42)
-> Request 5
545
(3, 1, 2)
1
(46, 34)
-> Request 6
598
(3, 1, 2)
1
(57, 37)
-> Request 7
682
(3, 3, 2)
2
(7, 64)
-> Request 8
885
(3, 3, 2)
3
(60, 70)
-> Request 9
1365
(3, 2, 1)
1
(72, 64)
--> Day : 4
-> Request 0
108
(3, 1, 1)
2
(38, 70)
-> Request 1
306
(1, 3, 1)
3
(60, 7)
-> Request 2
345
(4, 3, 1)
3
(6, 57)
-> Request 3
470
(1, 1, 2)
1
(72, 43)
-> Request 4
743
(4, 3, 2)
1
(9, 72)
-> Request 5
820
(1, 2, 2)
2
(58, 29)
-> Request 6
990
(3, 1, 1)
3
(46, 30)
-> Request 7
1134
(2, 2, 2)
3
(53, 31)
-> Request 8
1384
(1, 1, 1)
3
(51, 13)
---> Week : 12
--> Day : 0
-> Request 0
18
(3, 3, 1)
1
(33, 49)
-> Request 1
268
(2, 2, 2)
1
(73, 8)
-> Request 2
332
(2, 3, 2)
1
(50, 30)
-> Request 3
352
(3, 3, 1)
1
(56, 46)
-> Request 4
369
(1, 1, 1)
1
(57, 40)
-> Request 5
444
(1, 1, 2)
3
(15, 24)
-> Request 6
474
(3, 3, 1)
2
(64, 71)
-> Request 7
501
(3, 1, 1)
1
(57, 27)
-> Request 8
742
(4, 1, 1)
1
(49, 57)
-> Request 9
766
(4, 2, 2)
1
(63, 72)
-> Request 10
832
(4, 1, 2)
3
(69, 55)
-> Request 11
840
(4, 3, 2)
1
(40, 21)
-> Request 12
915
(3, 1, 2)
2
(68, 50)
-> Request 13
936
(2, 2, 1)
3
(55, 69)
-> Request 14
1050
(2, 2, 1)
3
(50, 46)
-> Request 15
1090
(1, 3, 1)
3
(57, 42)
-> Request 16
1237
(2, 1, 1)
2
(41, 18)
--> Day : 1
-> Request 0
116
(3, 2, 1)
3
(40, 58)
-> Request 1
510
(1, 2, 2)
3
(9, 22)
-> Request 2
655
(2, 2, 1)
2
(57, 42)
-> Request 3
743
(1, 1, 2)
2
(57, 78)
-> Request 4
1015
(1, 2, 2)
3
(47, 44)
-> Request 5
1057
(1, 2, 1)
1
(28, 25)
-> Request 6
1130
(4, 1, 2)
3
(54, 37)
-> Request 7
1234
(2, 2, 1)
1
(14, 24)
-> Request 8
1416
(2, 1, 2)
2
(16, 29)
--> Day : 2
-> Request 0
124
(2, 2, 1)
1
(15, 1)
-> Request 1
127
(3, 1, 1)
2
(55, 76)
-> Request 2
140
(4, 3, 1)
1
(72, 36)
-> Request 3
190
(2, 1, 1)
2
(66, 73)
-> Request 4
865
(1, 2, 2)
3
(62, 78)
-> Request 5
1218
(1, 2, 2)
3
(36, 76)
-> Request 6
1321
(4, 3, 2)
2
(56, 69)
--> Day : 3
-> Request 0
75
(1, 1, 2)
2
(48, 37)
-> Request 1
194
(3, 3, 1)
2
(57, 31)
-> Request 2
367
(3, 1, 2)
3
(45, 43)
-> Request 3
372
(2, 3, 2)
3
(11, 25)
-> Request 4
456
(2, 2, 2)
1
(33, 76)
-> Request 5
527
(1, 3, 2)
2
(22, 63)
-> Request 6
621
(1, 3, 2)
2
(46, 30)
-> Request 7
665
(3, 2, 1)
2
(15, 21)
-> Request 8
872
(4, 1, 1)
2
(58, 65)
-> Request 9
943
(2, 1, 1)
1
(53, 76)
-> Request 10
1041
(3, 2, 2)
1
(60, 2)
-> Request 11
1136
(1, 2, 1)
2
(17, 78)
-> Request 12
1214
(3, 1, 1)
3
(5, 51)
-> Request 13
1249
(1, 2, 2)
2
(51, 35)
-> Request 14
1297
(1, 3, 1)
1
(34, 59)
--> Day : 4
-> Request 0
89
(3, 2, 1)
3
(62, 29)
-> Request 1
129
(3, 2, 2)
2
(30, 38)
-> Request 2
517
(3, 3, 2)
1
(49, 73)
-> Request 3
656
(3, 3, 2)
2
(61, 37)
-> Request 4
671
(2, 1, 2)
3
(50, 41)
-> Request 5
671
(1, 2, 1)
2
(16, 27)
-> Request 6
778
(1, 3, 1)
1
(53, 31)
-> Request 7
984
(2, 1, 1)
1
(53, 74)
-> Request 8
1011
(4, 2, 1)
2
(25, 77)
-> Request 9
1127
(3, 2, 2)
2
(57, 28)
-> Request 10
1289
(1, 3, 1)
1
(12, 20)
-> Request 11
1365
(3, 3, 2)
1
(55, 78)
---> Week : 13
--> Day : 0
-> Request 0
9
(4, 3, 2)
3
(50, 38)
-> Request 1
350
(3, 3, 2)
2
(66, 77)
-> Request 2
397
(3, 3, 1)
3
(12, 36)
-> Request 3
928
(2, 2, 2)
2
(65, 79)
-> Request 4
1273
(4, 2, 1)
1
(53, 74)
--> Day : 1
-> Request 0
82
(1, 1, 2)
3
(59, 77)
-> Request 1
87
(2, 2, 2)
3
(13, 33)
-> Request 2
168
(1, 3, 1)
1
(54, 70)
-> Request 3
504
(1, 3, 1)
1
(8, 61)
-> Request 4
542
(2, 3, 2)
2
(52, 52)
-> Request 5
668
(3, 1, 2)
1
(66, 74)
-> Request 6
739
(3, 2, 2)
1
(73, 40)
-> Request 7
748
(1, 2, 2)
3
(17, 26)
-> Request 8
919
(4, 1, 2)
1
(4, 2)
-> Request 9
1276
(4, 2, 2)
1
(60, 37)
-> Request 10
1276
(2, 1, 1)
1
(48, 32)
-> Request 11
1385
(3, 3, 2)
1
(27, 67)
--> Day : 2
-> Request 0
70
(1, 3, 1)
2
(10, 27)
-> Request 1
249
(2, 2, 1)
3
(44, 28)
-> Request 2
304
(1, 3, 2)
2
(57, 4)
-> Request 3
341
(2, 2, 2)
2
(74, 36)
-> Request 4
462
(3, 1, 1)
3
(57, 67)
-> Request 5
469
(4, 1, 1)
2
(57, 41)
-> Request 6
584
(1, 2, 2)
1
(55, 77)
-> Request 7
632
(1, 3, 2)
3
(50, 33)
-> Request 8
677
(4, 2, 1)
2
(41, 63)
-> Request 9
857
(2, 1, 2)
1
(4, 35)
-> Request 10
969
(4, 2, 2)
2
(54, 70)
-> Request 11
1230
(3, 2, 1)
1
(20, 30)
-> Request 12
1293
(4, 2, 1)
2
(13, 23)
-> Request 13
1338
(3, 3, 2)
2
(12, 24)
-> Request 14
1386
(3, 2, 1)
1
(52, 44)
-> Request 15
1401
(2, 1, 1)
1
(58, 32)
--> Day : 3
-> Request 0
199
(2, 1, 2)
2
(62, 45)
-> Request 1
298
(3, 1, 2)
1
(61, 69)
-> Request 2
357
(3, 3, 2)
3
(56, 65)
-> Request 3
368
(4, 2, 1)
3
(62, 44)
-> Request 4
462
(4, 1, 2)
3
(66, 24)
-> Request 5
602
(1, 2, 2)
2
(60, 43)
-> Request 6
734
(4, 1, 2)
3
(52, 77)
-> Request 7
811
(2, 1, 1)
1
(58, 65)
-> Request 8
980
(4, 2, 2)
1
(22, 38)
-> Request 9
999
(1, 1, 1)
3
(59, 46)
-> Request 10
1218
(1, 3, 1)
1
(54, 43)
--> Day : 4
-> Request 0
65
(4, 3, 1)
3
(50, 29)
-> Request 1
266
(3, 2, 2)
1
(58, 78)
-> Request 2
356
(1, 1, 2)
1
(54, 25)
-> Request 3
444
(1, 3, 2)
2
(61, 46)
-> Request 4
686
(3, 2, 2)
1
(53, 64)
-> Request 5
972
(2, 2, 2)
1
(15, 20)
-> Request 6
1080
(1, 2, 1)
1
(55, 66)
-> Request 7
1125
(2, 1, 2)
2
(62, 29)
-> Request 8
1235
(1, 2, 1)
3
(59, 66)
-> Request 9
1416
(4, 2, 2)
2
(47, 7)
---> Week : 14
--> Day : 0
-> Request 0
31
(3, 1, 1)
2
(52, 70)
-> Request 1
139
(2, 2, 1)
3
(60, 46)
-> Request 2
418
(3, 3, 2)
3
(14, 23)
-> Request 3
481
(3, 2, 2)
1
(70, 32)
-> Request 4
595
(4, 1, 2)
1
(64, 66)
-> Request 5
734
(3, 2, 2)
2
(66, 51)
-> Request 6
886
(3, 1, 1)
1
(61, 70)
-> Request 7
1105
(4, 3, 1)
3
(64, 73)
-> Request 8
1321
(3, 3, 2)
1
(36, 32)
--> Day : 1
-> Request 0
48
(1, 3, 2)
2
(12, 22)
-> Request 1
75
(2, 2, 2)
1
(53, 66)
-> Request 2
146
(1, 3, 1)
3
(54, 33)
-> Request 3
258
(3, 2, 2)
2
(65, 73)
-> Request 4
312
(4, 1, 2)
1
(67, 28)
-> Request 5
371
(4, 3, 2)
3
(66, 66)
-> Request 6
906
(2, 1, 2)
3
(28, 43)
-> Request 7
1305
(3, 1, 1)
3
(7, 47)
-> Request 8
1390
(2, 1, 1)
2
(36, 33)
--> Day : 2
-> Request 0
64
(4, 3, 1)
2
(54, 78)
-> Request 1
453
(2, 2, 1)
1
(64, 73)
-> Request 2
510
(1, 1, 2)
2
(52, 36)
-> Request 3
614
(4, 1, 2)
2
(58, 75)
-> Request 4
873
(2, 3, 1)
3
(59, 30)
-> Request 5
875
(2, 1, 2)
3
(58, 3)
-> Request 6
1186
(4, 3, 2)
1
(64, 64)
-> Request 7
1199
(4, 2, 1)
1
(60, 44)
-> Request 8
1392
(4, 1, 1)
2
(53, 65)
--> Day : 3
-> Request 0
198
(1, 3, 1)
3
(42, 55)
-> Request 1
454
(2, 3, 1)
3
(57, 74)
-> Request 2
486
(3, 1, 1)
1
(54, 45)
-> Request 3
569
(2, 1, 1)
3
(79, 1)
-> Request 4
682
(4, 3, 2)
1
(53, 71)
-> Request 5
760
(4, 2, 1)
3
(67, 38)
-> Request 6
773
(4, 1, 1)
2
(14, 29)
-> Request 7
1010
(4, 2, 2)
3
(52, 31)
-> Request 8
1058
(3, 2, 1)
3
(51, 40)
-> Request 9
1219
(2, 2, 2)
1
(12, 44)
-> Request 10
1360
(1, 3, 2)
3
(49, 29)
--> Day : 4
-> Request 0
142
(1, 2, 2)
2
(23, 42)
-> Request 1
229
(3, 2, 2)
2
(7, 47)
-> Request 2
267
(4, 1, 2)
2
(66, 70)
-> Request 3
321
(1, 1, 1)
3
(57, 64)
-> Request 4
395
(4, 3, 2)
2
(43, 33)
-> Request 5
412
(2, 3, 1)
2
(46, 28)
-> Request 6
506
(4, 1, 2)
3
(50, 31)
-> Request 7
721
(1, 3, 1)
1
(33, 7)
-> Request 8
789
(1, 3, 2)
1
(47, 36)
-> Request 9
891
(2, 1, 2)
1
(17, 29)
-> Request 10
1001
(1, 2, 1)
2
(52, 33)
-> Request 11
1099
(2, 1, 2)
1
(3, 58)
-> Request 12
1106
(3, 2, 1)
1
(56, 32)
-> Request 13
1137
(4, 1, 1)
3
(37, 12)
---> Week : 15
--> Day : 0
-> Request 0
213
(1, 3, 2)
1
(59, 39)
-> Request 1
695
(1, 3, 1)
3
(11, 56)
-> Request 2
741
(1, 2, 2)
2
(79, 50)
-> Request 3
1105
(4, 3, 1)
3
(53, 66)
-> Request 4
1139
(4, 2, 1)
2
(58, 72)
-> Request 5
1220
(3, 1, 2)
2
(54, 76)
--> Day : 1
-> Request 0
26
(4, 2, 1)
2
(54, 37)
-> Request 1
202
(4, 2, 2)
2
(12, 26)
-> Request 2
254
(3, 3, 1)
1
(28, 40)
-> Request 3
280
(3, 2, 1)
1
(16, 29)
-> Request 4
710
(4, 3, 2)
1
(53, 72)
-> Request 5
933
(4, 2, 2)
2
(66, 65)
-> Request 6
969
(2, 2, 2)
2
(50, 48)
-> Request 7
1055
(1, 2, 2)
2
(64, 70)
-> Request 8
1178
(3, 2, 2)
1
(56, 67)
--> Day : 2
-> Request 0
20
(2, 2, 2)
2
(55, 35)
-> Request 1
152
(3, 2, 2)
2
(45, 41)
-> Request 2
167
(4, 1, 2)
2
(63, 21)
-> Request 3
242
(3, 2, 1)
1
(72, 33)
-> Request 4
475
(3, 2, 1)
3
(63, 68)
-> Request 5
538
(3, 2, 2)
2
(50, 37)
-> Request 6
647
(2, 1, 2)
1
(58, 35)
-> Request 7
647
(1, 3, 1)
3
(57, 54)
-> Request 8
994
(1, 2, 2)
3
(41, 31)
-> Request 9
1070
(1, 2, 2)
3
(50, 42)
-> Request 10
1250
(1, 3, 2)
2
(47, 28)
-> Request 11
1310
(3, 3, 1)
2
(52, 70)
-> Request 12
1317
(4, 1, 2)
3
(78, 43)
-> Request 13
1363
(4, 2, 1)
2
(4, 0)
--> Day : 3
-> Request 0
172
(2, 3, 1)
1
(12, 21)
-> Request 1
288
(2, 2, 2)
1
(57, 75)
-> Request 2
302
(3, 3, 2)
1
(70, 74)
-> Request 3
753
(2, 2, 1)
3
(66, 65)
-> Request 4
860
(1, 2, 2)
1
(4, 1)
-> Request 5
1154
(3, 1, 1)
1
(52, 75)
-> Request 6
1175
(1, 1, 2)
2
(56, 71)
-> Request 7
1190
(4, 3, 1)
1
(57, 36)
--> Day : 4
-> Request 0
18
(3, 3, 2)
2
(12, 24)
-> Request 1
69
(4, 3, 2)
2
(64, 30)
-> Request 2
266
(3, 1, 1)
1
(8, 28)
-> Request 3
536
(2, 2, 1)
3
(75, 35)
-> Request 4
718
(4, 1, 1)
1
(60, 37)
-> Request 5
1198
(4, 2, 1)
3
(73, 4)
-> Request 6
1336
(3, 1, 2)
1
(14, 6)
---> Week : 16
--> Day : 0
-> Request 0
174
(3, 1, 2)
3
(61, 40)
-> Request 1
218
(3, 1, 1)
1
(16, 23)
-> Request 2
333
(4, 2, 1)
2
(56, 74)
-> Request 3
365
(1, 2, 2)
1
(41, 31)
-> Request 4
576
(4, 1, 2)
3
(37, 35)
-> Request 5
587
(1, 2, 2)
2
(69, 56)
-> Request 6
819
(4, 1, 1)
3
(55, 28)
-> Request 7
1361
(1, 2, 2)
2
(31, 29)
-> Request 8
1437
(4, 3, 2)
1
(61, 44)
--> Day : 1
-> Request 0
41
(2, 2, 2)
1
(11, 27)
-> Request 1
148
(1, 2, 2)
3
(78, 59)
-> Request 2
497
(1, 3, 2)
1
(60, 35)
-> Request 3
504
(2, 3, 1)
1
(6, 49)
-> Request 4
516
(4, 3, 1)
2
(63, 71)
-> Request 5
519
(3, 3, 1)
2
(49, 29)
-> Request 6
538
(2, 3, 2)
3
(42, 68)
-> Request 7
603
(2, 3, 2)
3
(10, 28)
-> Request 8
752
(1, 1, 2)
3
(53, 78)
-> Request 9
895
(3, 2, 1)
2
(60, 29)
-> Request 10
1012
(1, 1, 1)
1
(59, 30)
-> Request 11
1092
(3, 1, 1)
2
(38, 8)
-> Request 12
1267
(1, 2, 1)
2
(48, 54)
-> Request 13
1429
(1, 3, 2)
2
(1, 23)
--> Day : 2
-> Request 0
250
(4, 1, 1)
1
(44, 38)
-> Request 1
325
(3, 2, 1)
3
(48, 46)
-> Request 2
728
(4, 2, 2)
1
(55, 43)
-> Request 3
1237
(1, 2, 2)
3
(55, 14)
-> Request 4
1415
(3, 2, 2)
2
(37, 79)
--> Day : 3
-> Request 0
99
(4, 1, 1)
3
(53, 28)
-> Request 1
202
(1, 3, 2)
3
(16, 20)
-> Request 2
432
(2, 2, 2)
1
(67, 36)
-> Request 3
1064
(2, 2, 2)
1
(52, 32)
-> Request 4
1113
(2, 1, 2)
3
(50, 35)
-> Request 5
1278
(1, 2, 2)
3
(12, 59)
-> Request 6
1343
(1, 1, 2)
2
(27, 21)
--> Day : 4
-> Request 0
18
(1, 1, 2)
2
(57, 32)
-> Request 1
163
(2, 1, 1)
2
(22, 28)
-> Request 2
205
(2, 2, 2)
2
(56, 33)
-> Request 3
210
(3, 3, 1)
3
(47, 45)
-> Request 4
351
(4, 2, 1)
3
(31, 74)
-> Request 5
456
(2, 2, 2)
3
(34, 61)
-> Request 6
550
(1, 2, 1)
1
(56, 32)
-> Request 7
638
(1, 3, 1)
2
(48, 10)
-> Request 8
695
(4, 3, 1)
1
(60, 39)
-> Request 9
792
(4, 3, 1)
3
(55, 77)
-> Request 10
825
(3, 1, 2)
3
(2, 22)
-> Request 11
902
(1, 3, 2)
3
(59, 71)
-> Request 12
1021
(4, 1, 2)
2
(53, 69)
-> Request 13
1049
(4, 1, 1)
2
(33, 70)
-> Request 14
1119
(2, 1, 2)
1
(61, 70)
-> Request 15
1216
(3, 2, 1)
3
(46, 28)
-> Request 16
1422
(3, 3, 2)
2
(45, 37)
---> Week : 17
--> Day : 0
-> Request 0
8
(4, 1, 2)
1
(55, 39)
-> Request 1
75
(2, 1, 1)
3
(59, 77)
-> Request 2
265
(3, 3, 2)
3
(47, 27)
-> Request 3
314
(2, 1, 1)
2
(52, 46)
-> Request 4
432
(2, 1, 1)
3
(14, 46)
-> Request 5
858
(3, 2, 1)
1
(69, 69)
-> Request 6
867
(4, 2, 2)
2
(37, 59)
-> Request 7
1002
(3, 3, 1)
3
(65, 71)
-> Request 8
1300
(4, 2, 2)
2
(60, 33)
--> Day : 1
-> Request 0
22
(3, 3, 1)
2
(46, 28)
-> Request 1
66
(1, 1, 2)
3
(52, 17)
-> Request 2
144
(2, 1, 1)
2
(20, 16)
-> Request 3
553
(2, 3, 2)
3
(5, 14)
-> Request 4
625
(1, 1, 1)
1
(2, 8)
-> Request 5
640
(4, 2, 1)
1
(8, 26)
--> Day : 2
-> Request 0
176
(1, 1, 1)
1
(63, 75)
-> Request 1
245
(3, 2, 1)
1
(71, 69)
-> Request 2
782
(3, 3, 1)
3
(45, 31)
-> Request 3
862
(1, 1, 2)
1
(52, 35)
-> Request 4
980
(3, 3, 2)
3
(32, 37)
-> Request 5
1126
(1, 1, 1)
3
(74, 29)
-> Request 6
1235
(4, 3, 1)
3
(59, 67)
-> Request 7
1351
(2, 2, 2)
3
(44, 37)
--> Day : 3
-> Request 0
144
(2, 1, 1)
1
(15, 23)
-> Request 1
144
(4, 1, 1)
1
(46, 37)
-> Request 2
310
(4, 2, 1)
3
(17, 0)
-> Request 3
355
(3, 3, 1)
2
(43, 67)
-> Request 4
569
(2, 2, 1)
2
(43, 8)
-> Request 5
887
(4, 3, 1)
2
(73, 12)
-> Request 6
904
(2, 3, 1)
3
(53, 40)
-> Request 7
1148
(3, 3, 1)
1
(49, 37)
-> Request 8
1160
(1, 3, 2)
1
(71, 71)
-> Request 9
1171
(4, 2, 1)
1
(63, 7)
-> Request 10
1212
(1, 3, 2)
3
(36, 27)
-> Request 11
1293
(3, 1, 1)
2
(56, 30)
-> Request 12
1376
(1, 2, 2)
1
(52, 78)
-> Request 13
1431
(3, 1, 2)
1
(40, 13)
--> Day : 4
-> Request 0
321
(3, 3, 2)
3
(32, 55)
-> Request 1
453
(1, 3, 1)
1
(23, 41)
-> Request 2
636
(4, 3, 1)
2
(12, 23)
-> Request 3
1035
(4, 2, 1)
2
(58, 41)
-> Request 4
1037
(4, 2, 2)
3
(74, 68)
-> Request 5
1128
(2, 2, 2)
1
(49, 42)
---> Week : 18
--> Day : 0
-> Request 0
201
(3, 2, 2)
2
(61, 67)
-> Request 1
648
(3, 3, 1)
1
(52, 75)
-> Request 2
751
(3, 1, 2)
2
(7, 29)
-> Request 3
807
(3, 3, 1)
2
(45, 74)
-> Request 4
1247
(2, 2, 2)
3
(13, 21)
--> Day : 1
-> Request 0
293
(1, 2, 1)
2
(49, 47)
-> Request 1
317
(4, 2, 2)
1
(17, 64)
-> Request 2
628
(2, 1, 1)
1
(1, 56)
-> Request 3
1035
(2, 3, 1)
1
(44, 36)
--> Day : 2
-> Request 0
94
(1, 3, 2)
1
(55, 34)
-> Request 1
199
(2, 3, 2)
1
(39, 40)
-> Request 2
888
(2, 2, 1)
3
(52, 36)
-> Request 3
1336
(2, 2, 1)
2
(8, 23)
-> Request 4
1401
(1, 3, 2)
1
(51, 44)
--> Day : 3
-> Request 0
217
(4, 1, 2)
2
(60, 38)
-> Request 1
311
(3, 3, 1)
2
(75, 64)
-> Request 2
630
(2, 3, 1)
3
(3, 62)
-> Request 3
1176
(4, 3, 2)
2
(10, 71)
-> Request 4
1362
(4, 1, 2)
1
(21, 52)
--> Day : 4
-> Request 0
21
(1, 3, 2)
2
(61, 76)
-> Request 1
218
(4, 1, 1)
3
(62, 39)
-> Request 2
227
(2, 1, 1)
1
(74, 51)
-> Request 3
266
(3, 1, 1)
2
(56, 75)
-> Request 4
317
(1, 1, 2)
2
(14, 9)
-> Request 5
561
(1, 1, 1)
3
(63, 68)
-> Request 6
771
(2, 1, 1)
3
(76, 56)
-> Request 7
859
(4, 2, 1)
3
(7, 38)
-> Request 8
950
(4, 1, 2)
3
(44, 31)
-> Request 9
960
(1, 2, 2)
2
(57, 61)
---> Week : 19
--> Day : 0
-> Request 0
611
(2, 2, 2)
3
(63, 68)
-> Request 1
643
(4, 1, 1)
2
(75, 28)
-> Request 2
830
(2, 3, 2)
2
(28, 3)
-> Request 3
868
(1, 3, 1)
1
(66, 65)
-> Request 4
958
(2, 1, 2)
1
(56, 67)
-> Request 5
1136
(3, 3, 2)
1
(41, 47)
-> Request 6
1141
(4, 1, 1)
3
(12, 25)
-> Request 7
1179
(1, 3, 1)
1
(77, 27)
--> Day : 1
-> Request 0
271
(1, 1, 1)
1
(56, 38)
-> Request 1
463
(3, 1, 2)
1
(49, 21)
-> Request 2
577
(3, 2, 1)
1
(48, 19)
-> Request 3
908
(2, 3, 1)
3
(46, 69)
-> Request 4
1088
(2, 1, 2)
2
(13, 25)
-> Request 5
1247
(4, 3, 2)
2
(60, 49)
-> Request 6
1338
(3, 1, 2)
2
(54, 67)
--> Day : 2
-> Request 0
2
(3, 2, 1)
3
(44, 32)
-> Request 1
417
(1, 1, 2)
3
(14, 37)
-> Request 2
622
(1, 2, 2)
1
(11, 23)
-> Request 3
722
(1, 3, 1)
1
(55, 43)
-> Request 4
822
(4, 1, 2)
3
(51, 30)
-> Request 5
997
(1, 3, 1)
2
(17, 79)
-> Request 6
1150
(4, 1, 2)
3
(52, 45)
-> Request 7
1204
(4, 2, 2)
1
(19, 0)
--> Day : 3
-> Request 0
100
(3, 3, 1)
3
(58, 72)
-> Request 1
143
(1, 1, 2)
1
(24, 23)
-> Request 2
159
(1, 3, 1)
3
(68, 22)
-> Request 3
364
(2, 3, 2)
3
(60, 38)
-> Request 4
527
(1, 1, 2)
3
(48, 29)
-> Request 5
544
(4, 3, 2)
3
(9, 28)
-> Request 6
622
(2, 3, 1)
1
(55, 35)
-> Request 7
1086
(2, 3, 2)
2
(44, 42)
-> Request 8
1089
(1, 2, 1)
1
(43, 35)
-> Request 9
1236
(4, 3, 1)
1
(44, 34)
--> Day : 4
-> Request 0
113
(2, 1, 2)
3
(57, 76)
-> Request 1
637
(1, 1, 1)
3
(57, 40)
-> Request 2
697
(1, 1, 1)
2
(46, 46)
-> Request 3
1047
(3, 2, 1)
1
(64, 70)
-> Request 4
1363
(2, 2, 2)
2
(57, 39)
