---> Week : 0
--> Day : 0
-> Request 0
23
(1, 3, 1)
1
(50, 34)
-> Request 1
339
(1, 1, 2)
3
(28, 64)
-> Request 2
364
(2, 3, 2)
2
(14, 23)
-> Request 3
568
(2, 3, 2)
2
(37, 65)
-> Request 4
815
(3, 2, 2)
3
(15, 29)
-> Request 5
888
(3, 3, 1)
1
(59, 55)
-> Request 6
1082
(3, 1, 1)
2
(54, 71)
-> Request 7
1129
(1, 3, 1)
1
(14, 27)
--> Day : 1
-> Request 0
10
(1, 1, 2)
2
(17, 22)
-> Request 1
28
(4, 2, 1)
3
(64, 67)
-> Request 2
502
(4, 1, 2)
1
(53, 34)
-> Request 3
503
(2, 2, 1)
1
(56, 38)
-> Request 4
557
(1, 2, 1)
2
(38, 6)
-> Request 5
609
(2, 2, 2)
2
(10, 40)
-> Request 6
677
(4, 2, 2)
3
(45, 41)
-> Request 7
758
(2, 3, 1)
3
(64, 74)
-> Request 8
954
(1, 3, 1)
3
(43, 34)
-> Request 9
1064
(1, 3, 2)
1
(57, 33)
-> Request 10
1333
(4, 2, 2)
3
(52, 72)
--> Day : 2
-> Request 0
190
(1, 2, 2)
2
(52, 41)
-> Request 1
381
(2, 1, 2)
3
(32, 30)
-> Request 2
720
(4, 3, 2)
2
(23, 53)
-> Request 3
740
(1, 2, 1)
3
(64, 75)
-> Request 4
740
(1, 2, 1)
1
(62, 77)
-> Request 5
747
(4, 1, 2)
3
(52, 60)
-> Request 6
894
(1, 1, 2)
2
(47, 38)
-> Request 7
1017
(2, 1, 1)
2
(14, 45)
-> Request 8
1234
(3, 2, 2)
3
(29, 12)
-> Request 9
1409
(2, 1, 1)
2
(14, 4)
--> Day : 3
-> Request 0
119
(3, 2, 2)
1
(9, 49)
-> Request 1
158
(2, 3, 2)
2
(5, 40)
-> Request 2
295
(1, 1, 2)
2
(52, 65)
-> Request 3
541
(1, 1, 2)
2
(61, 50)
-> Request 4
756
(2, 3, 2)
2
(57, 38)
-> Request 5
1239
(4, 1, 2)
1
(67, 45)
-> Request 6
1262
(1, 2, 2)
3
(15, 27)
-> Request 7
1289
(3, 3, 1)
1
(46, 37)
-> Request 8
1360
(2, 2, 1)
2
(8, 55)
--> Day : 4
-> Request 0
143
(2, 2, 1)
2
(56, 67)
-> Request 1
202
(3, 1, 1)
1
(34, 59)
-> Request 2
272
(2, 3, 1)
3
(12, 22)
-> Request 3
396
(3, 1, 2)
3
(55, 56)
-> Request 4
443
(3, 2, 1)
3
(51, 32)
-> Request 5
467
(4, 3, 2)
3
(53, 71)
-> Request 6
606
(1, 1, 1)
3
(60, 69)
-> Request 7
646
(2, 2, 2)
3
(6, 33)
-> Request 8
818
(3, 3, 1)
3
(16, 73)
-> Request 9
921
(4, 3, 2)
2
(39, 18)
-> Request 10
946
(1, 3, 1)
1
(53, 73)
-> Request 11
981
(3, 3, 1)
3
(17, 25)
-> Request 12
1083
(2, 1, 2)
1
(31, 1)
-> Request 13
1119
(2, 2, 1)
3
(14, 23)
---> Week : 1
--> Day : 0
-> Request 0
77
(2, 3, 2)
1
(16, 15)
-> Request 1
238
(2, 2, 2)
2
(61, 77)
-> Request 2
267
(4, 3, 2)
2
(70, 16)
-> Request 3
597
(4, 2, 1)
3
(45, 46)
-> Request 4
770
(4, 2, 1)
1
(44, 29)
-> Request 5
852
(1, 2, 1)
2
(46, 27)
-> Request 6
920
(2, 3, 2)
2
(51, 45)
-> Request 7
1396
(1, 2, 2)
2
(63, 71)
--> Day : 1
-> Request 0
66
(1, 2, 2)
3
(17, 43)
-> Request 1
507
(3, 2, 2)
1
(8, 26)
-> Request 2
579
(4, 3, 1)
3
(54, 31)
-> Request 3
813
(2, 1, 1)
2
(49, 37)
-> Request 4
832
(4, 3, 2)
3
(71, 54)
-> Request 5
1343
(1, 2, 1)
2
(9, 20)
--> Day : 2
-> Request 0
64
(3, 3, 1)
1
(30, 20)
-> Request 1
70
(3, 2, 2)
3
(71, 18)
-> Request 2
142
(1, 1, 1)
2
(61, 37)
-> Request 3
277
(1, 3, 1)
1
(45, 27)
-> Request 4
339
(4, 2, 2)
2
(50, 40)
-> Request 5
402
(2, 2, 2)
3
(53, 72)
-> Request 6
424
(3, 3, 1)
3
(8, 24)
-> Request 7
479
(2, 1, 1)
3
(29, 51)
-> Request 8
663
(1, 1, 1)
1
(68, 8)
-> Request 9
1055
(2, 2, 1)
2
(24, 14)
-> Request 10
1241
(4, 1, 1)
3
(21, 70)
--> Day : 3
-> Request 0
67
(1, 1, 2)
1
(65, 55)
-> Request 1
373
(4, 3, 1)
3
(2, 57)
-> Request 2
593
(4, 3, 1)
1
(47, 42)
-> Request 3
733
(3, 3, 2)
1
(47, 71)
-> Request 4
824
(4, 1, 1)
3
(31, 59)
-> Request 5
988
(2, 3, 2)
1
(32, 41)
--> Day : 4
-> Request 0
94
(2, 2, 2)
2
(59, 35)
-> Request 1
289
(2, 3, 1)
2
(50, 53)
-> Request 2
347
(4, 3, 1)
1
(55, 74)
-> Request 3
504
(3, 1, 2)
1
(62, 78)
-> Request 4
508
(1, 1, 1)
2
(25, 7)
-> Request 5
508
(1, 3, 2)
3
(17, 26)
-> Request 6
515
(4, 2, 2)
2
(54, 67)
-> Request 7
922
(4, 3, 2)
1
(77, 31)
-> Request 8
929
(4, 2, 1)
3
(57, 76)
-> Request 9
1036
(4, 3, 2)
3
(60, 74)
-> Request 10
1143
(1, 2, 1)
1
(53, 73)
-> Request 11
1216
(4, 1, 2)
1
(46, 39)
-> Request 12
1389
(1, 1, 1)
2
(52, 38)
---> Week : 2
--> Day : 0
-> Request 0
143
(2, 3, 2)
2
(17, 28)
-> Request 1
201
(3, 3, 2)
2
(59, 62)
-> Request 2
489
(3, 2, 1)
2
(59, 65)
-> Request 3
628
(3, 2, 1)
3
(60, 35)
-> Request 4
665
(2, 1, 1)
3
(13, 25)
-> Request 5
1117
(4, 1, 2)
2
(13, 21)
-> Request 6
1173
(3, 2, 2)
3
(53, 71)
-> Request 7
1419
(3, 3, 2)
2
(11, 25)
--> Day : 1
-> Request 0
88
(1, 1, 1)
1
(36, 50)
-> Request 1
163
(4, 1, 1)
3
(51, 37)
-> Request 2
197
(4, 3, 2)
2
(46, 24)
-> Request 3
569
(4, 3, 1)
2
(48, 51)
-> Request 4
779
(2, 2, 1)
2
(30, 77)
-> Request 5
890
(1, 3, 2)
3
(33, 29)
-> Request 6
1110
(3, 2, 2)
3
(55, 74)
-> Request 7
1160
(4, 3, 2)
2
(17, 59)
-> Request 8
1220
(4, 3, 2)
3
(12, 57)
-> Request 9
1303
(3, 1, 2)
2
(16, 28)
--> Day : 2
-> Request 0
105
(2, 1, 1)
1
(9, 39)
-> Request 1
128
(1, 2, 2)
3
(52, 44)
-> Request 2
230
(4, 1, 1)
1
(47, 32)
-> Request 3
257
(3, 1, 2)
3
(74, 50)
-> Request 4
610
(3, 2, 2)
3
(58, 66)
-> Request 5
619
(1, 3, 2)
3
(57, 64)
-> Request 6
748
(4, 3, 1)
1
(32, 25)
-> Request 7
771
(3, 1, 1)
1
(14, 24)
-> Request 8
777
(3, 2, 2)
3
(61, 72)
-> Request 9
932
(1, 3, 1)
2
(57, 78)
-> Request 10
961
(3, 1, 1)
3
(62, 36)
-> Request 11
993
(2, 2, 2)
3
(61, 28)
--> Day : 3
-> Request 0
156
(1, 1, 1)
1
(65, 68)
-> Request 1
235
(4, 2, 2)
1
(61, 32)
-> Request 2
271
(1, 2, 2)
2
(58, 29)
-> Request 3
315
(1, 3, 2)
2
(66, 28)
-> Request 4
370
(3, 3, 2)
1
(14, 40)
-> Request 5
455
(2, 1, 1)
3
(11, 20)
-> Request 6
571
(2, 2, 1)
2
(65, 45)
-> Request 7
647
(3, 2, 1)
3
(44, 32)
-> Request 8
871
(1, 2, 1)
1
(57, 33)
-> Request 9
900
(4, 2, 1)
2
(63, 25)
-> Request 10
1190
(3, 2, 2)
3
(43, 69)
-> Request 11
1423
(3, 1, 1)
2
(47, 67)
--> Day : 4
-> Request 0
48
(4, 3, 1)
1
(60, 32)
-> Request 1
155
(4, 3, 2)
2
(21, 60)
-> Request 2
328
(1, 2, 2)
3
(38, 65)
-> Request 3
510
(3, 3, 2)
2
(47, 59)
-> Request 4
584
(4, 3, 1)
2
(53, 77)
-> Request 5
675
(4, 2, 1)
3
(65, 65)
-> Request 6
887
(2, 1, 2)
2
(54, 45)
-> Request 7
891
(1, 2, 1)
2
(23, 14)
-> Request 8
1043
(3, 1, 2)
3
(65, 67)
-> Request 9
1102
(1, 2, 2)
1
(62, 27)
-> Request 10
1310
(2, 2, 1)
2
(56, 69)
---> Week : 3
--> Day : 0
-> Request 0
48
(2, 3, 2)
2
(58, 73)
-> Request 1
234
(1, 2, 2)
3
(64, 66)
-> Request 2
246
(2, 2, 2)
1
(69, 60)
-> Request 3
342
(3, 1, 2)
3
(55, 38)
-> Request 4
512
(1, 1, 1)
2
(53, 31)
-> Request 5
822
(1, 3, 1)
1
(62, 33)
-> Request 6
836
(2, 1, 1)
3
(40, 72)
-> Request 7
1065
(3, 1, 2)
1
(37, 66)
-> Request 8
1279
(2, 3, 1)
3
(61, 42)
-> Request 9
1282
(4, 1, 2)
3
(62, 41)
--> Day : 1
-> Request 0
117
(1, 2, 2)
3
(54, 2)
-> Request 1
459
(3, 2, 1)
1
(58, 37)
-> Request 2
631
(4, 1, 2)
2
(78, 20)
-> Request 3
831
(3, 1, 2)
2
(34, 68)
-> Request 4
892
(1, 3, 2)
3
(61, 43)
-> Request 5
1025
(2, 3, 1)
1
(66, 76)
-> Request 6
1189
(2, 3, 2)
1
(64, 66)
-> Request 7
1349
(3, 3, 1)
3
(49, 76)
-> Request 8
1436
(3, 1, 2)
2
(20, 7)
--> Day : 2
-> Request 0
184
(2, 1, 2)
3
(55, 71)
-> Request 1
366
(1, 1, 2)
1
(47, 46)
-> Request 2
399
(4, 1, 2)
3
(30, 42)
-> Request 3
559
(2, 1, 2)
2
(59, 6)
-> Request 4
644
(3, 3, 1)
2
(50, 43)
-> Request 5
781
(4, 1, 2)
3
(62, 46)
-> Request 6
1022
(4, 3, 1)
2
(31, 57)
-> Request 7
1096
(1, 2, 2)
2
(7, 74)
-> Request 8
1218
(2, 2, 2)
2
(19, 9)
-> Request 9
1243
(3, 1, 1)
1
(47, 32)
--> Day : 3
-> Request 0
167
(3, 3, 2)
2
(52, 32)
-> Request 1
319
(2, 3, 2)
3
(19, 6)
-> Request 2
384
(1, 1, 2)
2
(8, 53)
-> Request 3
417
(1, 2, 2)
3
(58, 38)
-> Request 4
732
(2, 2, 1)
3
(62, 64)
-> Request 5
741
(2, 2, 1)
2
(22, 45)
-> Request 6
749
(4, 2, 2)
3
(76, 65)
-> Request 7
822
(2, 3, 2)
1
(50, 75)
-> Request 8
918
(2, 1, 2)
2
(63, 65)
-> Request 9
1092
(4, 2, 2)
1
(64, 67)
-> Request 10
1389
(4, 2, 1)
2
(50, 34)
--> Day : 4
-> Request 0
40
(4, 2, 1)
2
(12, 22)
-> Request 1
274
(1, 3, 1)
1
(44, 43)
-> Request 2
300
(2, 3, 1)
1
(38, 71)
-> Request 3
339
(4, 2, 2)
2
(54, 46)
-> Request 4
659
(1, 1, 2)
2
(43, 22)
-> Request 5
751
(1, 2, 1)
2
(51, 38)
-> Request 6
1274
(1, 2, 2)
3
(57, 74)
-> Request 7
1280
(2, 2, 2)
3
(77, 20)
---> Week : 4
--> Day : 0
-> Request 0
154
(4, 2, 1)
1
(51, 42)
-> Request 1
809
(3, 1, 1)
2
(52, 75)
-> Request 2
815
(3, 3, 2)
3
(29, 79)
-> Request 3
1049
(2, 2, 1)
1
(42, 12)
--> Day : 1
-> Request 0
40
(4, 2, 2)
3
(64, 74)
-> Request 1
186
(4, 2, 1)
1
(38, 67)
-> Request 2
236
(1, 1, 2)
3
(14, 26)
-> Request 3
422
(1, 1, 1)
3
(49, 0)
-> Request 4
888
(3, 1, 2)
3
(63, 9)
-> Request 5
955
(4, 3, 1)
3
(16, 20)
-> Request 6
1134
(3, 2, 2)
2
(57, 34)
--> Day : 2
-> Request 0
46
(2, 3, 1)
1
(48, 31)
-> Request 1
168
(4, 3, 1)
3
(52, 26)
-> Request 2
185
(3, 2, 1)
2
(69, 58)
-> Request 3
348
(2, 1, 1)
1
(62, 46)
-> Request 4
386
(2, 2, 2)
1
(57, 73)
-> Request 5
534
(3, 1, 2)
2
(73, 0)
-> Request 6
536
(1, 3, 2)
2
(58, 34)
-> Request 7
565
(4, 3, 2)
1
(43, 45)
-> Request 8
673
(2, 3, 1)
2
(16, 20)
-> Request 9
722
(3, 2, 1)
1
(39, 73)
-> Request 10
931
(2, 2, 1)
1
(74, 24)
-> Request 11
1019
(2, 3, 2)
2
(16, 60)
-> Request 12
1056
(1, 1, 1)
2
(47, 33)
-> Request 13
1104
(4, 2, 2)
2
(14, 42)
-> Request 14
1136
(2, 1, 2)
2
(48, 33)
-> Request 15
1200
(3, 1, 1)
2
(35, 4)
-> Request 16
1266
(3, 2, 1)
3
(55, 37)
--> Day : 3
-> Request 0
27
(1, 1, 2)
2
(64, 75)
-> Request 1
280
(3, 3, 2)
2
(51, 43)
-> Request 2
347
(4, 3, 2)
1
(52, 71)
-> Request 3
360
(3, 1, 1)
3
(59, 72)
-> Request 4
712
(1, 3, 1)
3
(52, 67)
-> Request 5
989
(1, 1, 1)
1
(66, 77)
-> Request 6
1049
(1, 1, 2)
2
(62, 76)
-> Request 7
1076
(4, 1, 2)
3
(56, 31)
-> Request 8
1097
(3, 3, 1)
2
(44, 36)
-> Request 9
1147
(2, 3, 1)
2
(58, 70)
-> Request 10
1215
(4, 2, 1)
2
(52, 30)
-> Request 11
1248
(1, 1, 1)
2
(62, 28)
--> Day : 4
-> Request 0
347
(2, 3, 2)
1
(46, 65)
-> Request 1
660
(2, 2, 1)
1
(65, 67)
---> Week : 5
--> Day : 0
-> Request 0
122
(3, 2, 1)
3
(44, 72)
-> Request 1
142
(1, 2, 1)
3
(52, 73)
-> Request 2
559
(1, 2, 1)
1
(9, 12)
-> Request 3
619
(3, 1, 2)
2
(38, 49)
--> Day : 1
-> Request 0
18
(2, 2, 2)
3
(15, 50)
-> Request 1
108
(2, 3, 1)
3
(59, 2)
-> Request 2
509
(1, 3, 1)
2
(76, 20)
-> Request 3
624
(4, 2, 1)
3
(43, 39)
-> Request 4
776
(4, 1, 2)
2
(56, 71)
-> Request 5
832
(3, 1, 1)
2
(56, 30)
-> Request 6
1206
(3, 2, 2)
1
(23, 14)
-> Request 7
1247
(3, 2, 1)
1
(63, 45)
-> Request 8
1247
(1, 1, 1)
2
(35, 76)
-> Request 9
1288
(3, 2, 2)
1
(59, 27)
--> Day : 2
-> Request 0
28
(2, 2, 2)
3
(60, 40)
-> Request 1
52
(2, 2, 2)
3
(10, 24)
-> Request 2
425
(2, 1, 2)
2
(65, 72)
-> Request 3
839
(4, 3, 1)
1
(15, 28)
-> Request 4
981
(1, 2, 1)
3
(61, 28)
-> Request 5
1045
(3, 3, 1)
3
(63, 76)
-> Request 6
1294
(1, 2, 2)
3
(62, 46)
-> Request 7
1411
(1, 2, 2)
1
(55, 73)
--> Day : 3
-> Request 0
94
(3, 3, 1)
1
(58, 39)
-> Request 1
545
(3, 3, 1)
3
(12, 24)
-> Request 2
840
(1, 1, 2)
3
(60, 66)
-> Request 3
961
(2, 3, 2)
1
(65, 73)
--> Day : 4
-> Request 0
125
(4, 2, 2)
1
(4, 22)
-> Request 1
517
(3, 3, 2)
1
(47, 46)
-> Request 2
547
(4, 2, 2)
2
(13, 20)
-> Request 3
554
(1, 3, 1)
2
(50, 27)
-> Request 4
617
(3, 1, 2)
2
(40, 12)
-> Request 5
677
(3, 1, 1)
3
(63, 69)
-> Request 6
744
(2, 3, 1)
3
(1, 43)
-> Request 7
816
(1, 2, 1)
1
(64, 16)
-> Request 8
905
(1, 2, 2)
1
(2, 50)
-> Request 9
1050
(3, 1, 2)
3
(69, 25)
-> Request 10
1148
(3, 1, 1)
2
(59, 38)
-> Request 11
1345
(1, 1, 2)
2
(21, 28)
-> Request 12
1350
(1, 1, 2)
3
(48, 33)
-> Request 13
1386
(2, 3, 2)
1
(40, 55)
-> Request 14
1388
(4, 1, 1)
2
(59, 30)
-> Request 15
1430
(1, 3, 2)
1
(10, 26)
---> Week : 6
--> Day : 0
-> Request 0
39
(2, 2, 1)
1
(8, 28)
-> Request 1
41
(2, 2, 2)
1
(46, 27)
-> Request 2
284
(4, 2, 2)
3
(26, 40)
-> Request 3
747
(4, 2, 2)
3
(65, 71)
-> Request 4
805
(3, 3, 2)
2
(57, 74)
-> Request 5
827
(2, 3, 1)
3
(71, 26)
-> Request 6
952
(2, 2, 1)
1
(72, 68)
-> Request 7
967
(2, 1, 1)
2
(55, 15)
-> Request 8
1086
(2, 1, 2)
3
(11, 79)
-> Request 9
1128
(2, 1, 2)
3
(50, 37)
-> Request 10
1156
(1, 1, 1)
3
(52, 68)
--> Day : 1
-> Request 0
84
(4, 1, 2)
2
(67, 12)
-> Request 1
106
(3, 2, 2)
1
(48, 32)
-> Request 2
249
(1, 1, 1)
1
(43, 46)
-> Request 3
335
(2, 1, 1)
2
(1, 74)
-> Request 4
680
(2, 2, 1)
2
(56, 64)
-> Request 5
779
(1, 3, 1)
1
(53, 35)
-> Request 6
919
(1, 3, 1)
3
(23, 67)
-> Request 7
961
(3, 2, 1)
1
(9, 41)
-> Request 8
1049
(4, 1, 1)
1
(59, 77)
-> Request 9
1184
(3, 1, 2)
1
(57, 31)
-> Request 10
1359
(2, 1, 1)
1
(58, 69)
-> Request 11
1434
(3, 2, 1)
1
(56, 44)
--> Day : 2
-> Request 0
11
(1, 3, 1)
1
(66, 65)
-> Request 1
11
(4, 2, 1)
2
(13, 20)
-> Request 2
47
(2, 2, 1)
1
(32, 27)
-> Request 3
171
(3, 1, 2)
1
(64, 64)
-> Request 4
537
(1, 3, 2)
3
(19, 27)
-> Request 5
725
(1, 3, 2)
2
(58, 24)
-> Request 6
831
(2, 2, 2)
1
(66, 66)
-> Request 7
999
(4, 2, 1)
3
(39, 22)
-> Request 8
1026
(1, 3, 2)
1
(15, 23)
-> Request 9
1143
(3, 3, 1)
3
(43, 43)
--> Day : 3
-> Request 0
348
(1, 3, 1)
2
(10, 29)
-> Request 1
436
(3, 3, 2)
2
(31, 66)
-> Request 2
474
(1, 2, 1)
2
(55, 35)
-> Request 3
511
(4, 1, 1)
2
(77, 65)
-> Request 4
699
(1, 3, 1)
2
(50, 28)
-> Request 5
865
(4, 1, 1)
1
(72, 45)
-> Request 6
1101
(3, 2, 1)
3
(25, 25)
-> Request 7
1138
(3, 2, 1)
1
(43, 36)
-> Request 8
1167
(3, 3, 1)
2
(48, 46)
-> Request 9
1282
(2, 1, 1)
3
(72, 27)
-> Request 10
1294
(2, 3, 1)
1
(45, 37)
-> Request 11
1439
(3, 3, 2)
1
(56, 77)
--> Day : 4
-> Request 0
33
(2, 2, 2)
1
(10, 24)
-> Request 1
357
(1, 3, 2)
2
(17, 29)
-> Request 2
393
(3, 2, 2)
1
(37, 69)
-> Request 3
455
(2, 3, 2)
2
(57, 73)
-> Request 4
796
(2, 2, 2)
1
(56, 34)
-> Request 5
1003
(1, 2, 2)
1
(58, 64)
-> Request 6
1105
(4, 2, 2)
3
(68, 11)
-> Request 7
1434
(2, 1, 1)
3
(69, 11)
---> Week : 7
--> Day : 0
-> Request 0
136
(3, 2, 1)
1
(50, 67)
-> Request 1
207
(1, 3, 2)
3
(50, 11)
-> Request 2
747
(4, 1, 1)
2
(50, 77)
-> Request 3
776
(1, 1, 2)
1
(72, 50)
-> Request 4
828
(1, 1, 1)
2
(57, 58)
-> Request 5
841
(2, 1, 2)
3
(63, 66)
-> Request 6
1020
(4, 2, 1)
2
(64, 75)
-> Request 7
1248
(2, 3, 1)
2
(59, 43)
-> Request 8
1326
(4, 3, 1)
1
(6, 20)
-> Request 9
1410
(3, 2, 1)
3
(51, 29)
--> Day : 1
-> Request 0
423
(1, 1, 1)
1
(21, 40)
-> Request 1
441
(3, 3, 2)
2
(15, 61)
-> Request 2
537
(4, 2, 2)
3
(34, 70)
-> Request 3
924
(3, 2, 2)
2
(51, 45)
-> Request 4
940
(4, 1, 2)
2
(61, 7)
-> Request 5
1074
(1, 1, 1)
3
(55, 69)
-> Request 6
1172
(2, 1, 1)
1
(78, 11)
-> Request 7
1189
(4, 1, 2)
2
(44, 46)
-> Request 8
1370
(2, 1, 2)
3
(44, 46)
--> Day : 2
-> Request 0
23
(4, 2, 1)
3
(52, 72)
-> Request 1
192
(2, 3, 1)
2
(56, 46)
-> Request 2
311
(4, 1, 1)
3
(59, 44)
-> Request 3
458
(4, 1, 1)
2
(53, 62)
-> Request 4
888
(2, 1, 1)
1
(52, 46)
-> Request 5
961
(1, 1, 1)
2
(70, 64)
-> Request 6
1132
(3, 1, 1)
2
(2, 42)
-> Request 7
1171
(1, 2, 2)
3
(59, 64)
-> Request 8
1279
(2, 1, 1)
2
(59, 68)
-> Request 9
1341
(1, 1, 2)
1
(35, 50)
--> Day : 3
-> Request 0
61
(4, 3, 2)
1
(42, 69)
-> Request 1
120
(3, 3, 1)
2
(1, 7)
-> Request 2
175
(1, 2, 1)
1
(24, 1)
-> Request 3
239
(3, 3, 2)
3
(58, 34)
-> Request 4
458
(2, 2, 1)
3
(42, 31)
-> Request 5
1014
(3, 1, 2)
2
(4, 15)
-> Request 6
1100
(2, 2, 1)
3
(61, 66)
--> Day : 4
-> Request 0
345
(3, 1, 2)
3
(52, 66)
-> Request 1
471
(1, 3, 1)
2
(45, 40)
-> Request 2
501
(3, 3, 1)
2
(61, 35)
-> Request 3
918
(4, 1, 2)
3
(56, 25)
-> Request 4
1260
(1, 1, 2)
3
(58, 28)
-> Request 5
1379
(4, 2, 2)
2
(53, 74)
---> Week : 8
--> Day : 0
-> Request 0
145
(1, 2, 1)
3
(58, 58)
-> Request 1
323
(2, 2, 1)
1
(56, 66)
-> Request 2
496
(4, 2, 2)
3
(34, 9)
-> Request 3
800
(1, 1, 2)
1
(57, 68)
-> Request 4
1068
(2, 3, 2)
1
(29, 37)
-> Request 5
1420
(3, 1, 1)
2
(21, 29)
--> Day : 1
-> Request 0
94
(2, 2, 1)
1
(65, 72)
-> Request 1
243
(4, 3, 1)
2
(50, 10)
-> Request 2
458
(4, 2, 2)
1
(44, 23)
-> Request 3
889
(2, 2, 1)
1
(64, 69)
-> Request 4
1091
(3, 2, 1)
2
(48, 41)
-> Request 5
1178
(4, 2, 1)
3
(45, 25)
-> Request 6
1182
(4, 3, 1)
1
(44, 34)
-> Request 7
1240
(3, 2, 1)
2
(62, 68)
-> Request 8
1281
(3, 3, 2)
3
(46, 38)
--> Day : 2
-> Request 0
23
(4, 1, 1)
3
(9, 14)
-> Request 1
154
(1, 2, 1)
2
(60, 4)
-> Request 2
508
(1, 1, 1)
1
(27, 57)
-> Request 3
542
(1, 3, 2)
3
(43, 41)
-> Request 4
780
(4, 2, 1)
1
(12, 25)
-> Request 5
869
(3, 3, 2)
2
(7, 72)
-> Request 6
928
(2, 3, 2)
2
(65, 70)
-> Request 7
1268
(3, 3, 1)
2
(66, 68)
-> Request 8
1404
(4, 1, 1)
1
(14, 10)
--> Day : 3
-> Request 0
596
(4, 1, 1)
2
(58, 39)
-> Request 1
720
(2, 1, 1)
1
(44, 45)
-> Request 2
834
(3, 1, 2)
3
(10, 61)
-> Request 3
861
(2, 1, 2)
2
(43, 54)
-> Request 4
1117
(2, 3, 2)
3
(21, 20)
-> Request 5
1174
(2, 3, 1)
2
(38, 43)
-> Request 6
1194
(2, 2, 2)
3
(52, 37)
-> Request 7
1194
(2, 3, 1)
3
(75, 77)
-> Request 8
1237
(1, 2, 1)
2
(52, 72)
-> Request 9
1355
(4, 3, 1)
2
(74, 71)
-> Request 10
1368
(2, 3, 2)
3
(65, 65)
--> Day : 4
-> Request 0
176
(1, 1, 1)
2
(53, 65)
-> Request 1
436
(3, 3, 1)
1
(53, 67)
-> Request 2
581
(2, 1, 2)
1
(45, 29)
-> Request 3
878
(4, 2, 2)
1
(55, 29)
-> Request 4
1093
(4, 3, 1)
3
(56, 43)
---> Week : 9
--> Day : 0
-> Request 0
160
(2, 3, 1)
1
(5, 62)
-> Request 1
348
(2, 1, 2)
2
(77, 0)
-> Request 2
385
(4, 2, 1)
1
(10, 63)
-> Request 3
808
(3, 1, 1)
2
(54, 34)
-> Request 4
863
(1, 2, 2)
1
(13, 22)
-> Request 5
878
(2, 3, 1)
2
(51, 44)
-> Request 6
1165
(3, 1, 2)
3
(50, 45)
-> Request 7
1365
(3, 2, 2)
3
(21, 46)
-> Request 8
1422
(4, 2, 2)
3
(51, 27)
--> Day : 1
-> Request 0
157
(4, 3, 1)
2
(9, 62)
-> Request 1
275
(3, 2, 2)
3
(5, 28)
-> Request 2
321
(1, 1, 1)
3
(45, 31)
-> Request 3
457
(1, 1, 1)
1
(72, 38)
-> Request 4
572
(3, 3, 2)
3
(13, 25)
-> Request 5
586
(4, 1, 1)
1
(75, 36)
-> Request 6
678
(2, 2, 1)
1
(50, 31)
-> Request 7
819
(1, 1, 2)
2
(62, 44)
-> Request 8
825
(3, 2, 2)
2
(65, 67)
-> Request 9
1204
(1, 1, 1)
1
(53, 68)
-> Request 10
1289
(4, 2, 2)
2
(47, 30)
-> Request 11
1409
(2, 3, 2)
3
(47, 40)
--> Day : 2
-> Request 0
77
(4, 1, 1)
1
(51, 40)
-> Request 1
255
(4, 2, 2)
2
(57, 70)
-> Request 2
325
(3, 2, 1)
2
(48, 33)
-> Request 3
330
(2, 2, 1)
1
(43, 73)
-> Request 4
535
(1, 1, 2)
1
(57, 75)
-> Request 5
676
(3, 1, 1)
2
(46, 39)
-> Request 6
690
(4, 3, 1)
2
(5, 68)
-> Request 7
958
(1, 3, 1)
3
(17, 10)
-> Request 8
1260
(3, 2, 1)
2
(45, 31)
-> Request 9
1414
(1, 2, 1)
1
(7, 7)
--> Day : 3
-> Request 0
323
(4, 3, 1)
2
(72, 64)
-> Request 1
363
(2, 2, 1)
3
(35, 20)
-> Request 2
500
(2, 1, 2)
1
(50, 39)
-> Request 3
517
(4, 3, 2)
3
(47, 77)
-> Request 4
657
(1, 2, 2)
1
(20, 38)
-> Request 5
757
(3, 1, 1)
2
(62, 72)
-> Request 6
789
(4, 2, 1)
3
(66, 71)
-> Request 7
830
(4, 1, 1)
3
(15, 69)
-> Request 8
953
(1, 1, 2)
2
(29, 24)
-> Request 9
963
(1, 3, 1)
1
(22, 56)
-> Request 10
1001
(3, 3, 1)
3
(56, 78)
-> Request 11
1198
(4, 3, 1)
3
(9, 1)
-> Request 12
1203
(4, 2, 1)
2
(28, 39)
-> Request 13
1418
(4, 1, 2)
2
(53, 46)
--> Day : 4
-> Request 0
156
(1, 3, 2)
3
(64, 74)
-> Request 1
456
(2, 3, 1)
1
(21, 48)
-> Request 2
918
(2, 3, 2)
1
(46, 41)
---> Week : 10
--> Day : 0
-> Request 0
20
(2, 2, 1)
1
(58, 40)
-> Request 1
152
(3, 3, 2)
3
(48, 42)
-> Request 2
161
(4, 1, 2)
3
(31, 31)
-> Request 3
329
(2, 2, 2)
2
(57, 63)
-> Request 4
420
(2, 3, 2)
3
(55, 78)
-> Request 5
656
(4, 2, 2)
2
(48, 27)
-> Request 6
1056
(3, 1, 1)
1
(63, 69)
-> Request 7
1128
(3, 2, 2)
2
(55, 46)
-> Request 8
1307
(2, 2, 1)
1
(15, 27)
-> Request 9
1417
(2, 2, 1)
2
(35, 23)
--> Day : 1
-> Request 0
110
(3, 3, 2)
2
(61, 28)
-> Request 1
328
(3, 3, 1)
2
(53, 70)
-> Request 2
792
(2, 2, 2)
3
(66, 65)
-> Request 3
836
(3, 2, 2)
3
(9, 58)
-> Request 4
893
(3, 1, 2)
2
(56, 35)
-> Request 5
1322
(2, 3, 2)
3
(57, 73)
-> Request 6
1330
(3, 3, 1)
1
(34, 46)
-> Request 7
1379
(4, 1, 2)
2
(61, 66)
--> Day : 2
-> Request 0
35
(2, 3, 1)
1
(17, 53)
-> Request 1
546
(4, 3, 2)
2
(48, 32)
-> Request 2
577
(1, 2, 1)
1
(37, 38)
-> Request 3
748
(4, 2, 1)
2
(54, 71)
-> Request 4
878
(4, 2, 1)
2
(56, 66)
-> Request 5
1042
(3, 1, 2)
1
(36, 76)
-> Request 6
1107
(4, 3, 2)
3
(53, 33)
-> Request 7
1334
(2, 1, 1)
1
(65, 72)
--> Day : 3
-> Request 0
2
(3, 1, 1)
2
(65, 29)
-> Request 1
401
(3, 3, 2)
1
(26, 41)
-> Request 2
554
(2, 1, 2)
2
(13, 38)
-> Request 3
667
(1, 2, 1)
1
(59, 36)
-> Request 4
730
(2, 2, 1)
2
(16, 28)
-> Request 5
739
(1, 2, 2)
2
(27, 73)
-> Request 6
1079
(2, 2, 1)
3
(51, 37)
-> Request 7
1209
(2, 3, 2)
3
(45, 43)
--> Day : 4
-> Request 0
78
(3, 2, 2)
3
(12, 28)
-> Request 1
281
(1, 3, 2)
1
(61, 32)
-> Request 2
346
(4, 1, 2)
1
(56, 44)
-> Request 3
366
(2, 3, 1)
3
(6, 41)
-> Request 4
905
(4, 1, 2)
2
(50, 38)
-> Request 5
1135
(3, 2, 2)
3
(56, 69)
-> Request 6
1256
(4, 1, 1)
1
(57, 35)
-> Request 7
1323
(3, 2, 2)
3
(53, 46)
-> Request 8
1391
(1, 1, 1)
2
(62, 27)
---> Week : 11
--> Day : 0
-> Request 0
4
(4, 3, 2)
2
(60, 72)
-> Request 1
142
(3, 3, 2)
3
(65, 75)
-> Request 2
300
(4, 2, 1)
2
(43, 42)
-> Request 3
359
(4, 3, 1)
2
(2, 55)
-> Request 4
374
(3, 1, 2)
2
(10, 22)
-> Request 5
550
(2, 2, 2)
2
(59, 40)
-> Request 6
643
(4, 2, 2)
1
(58, 67)
-> Request 7
728
(3, 2, 2)
2
(33, 8)
-> Request 8
932
(2, 2, 2)
3
(17, 26)
-> Request 9
1019
(2, 2, 1)
3
(76, 59)
-> Request 10
1095
(4, 3, 2)
3
(60, 33)
-> Request 11
1160
(3, 1, 2)
1
(50, 35)
-> Request 12
1274
(3, 2, 1)
3
(11, 28)
-> Request 13
1281
(2, 1, 2)
3
(66, 78)
--> Day : 1
-> Request 0
114
(2, 2, 1)
1
(8, 27)
-> Request 1
138
(3, 3, 1)
3
(65, 6)
-> Request 2
204
(3, 1, 2)
3
(58, 72)
-> Request 3
266
(3, 3, 2)
1
(5, 61)
-> Request 4
674
(1, 2, 1)
3
(72, 62)
-> Request 5
748
(2, 3, 1)
2
(50, 66)
-> Request 6
866
(4, 2, 1)
1
(17, 34)
-> Request 7
931
(3, 1, 2)
1
(55, 40)
-> Request 8
958
(4, 2, 2)
2
(26, 55)
-> Request 9
1020
(3, 1, 1)
1
(50, 28)
-> Request 10
1021
(2, 2, 1)
3
(57, 64)
-> Request 11
1051
(3, 3, 2)
1
(28, 12)
-> Request 12
1116
(4, 1, 1)
3
(0, 44)
-> Request 13
1219
(2, 2, 2)
1
(64, 78)
-> Request 14
1433
(2, 2, 1)
3
(34, 0)
--> Day : 2
-> Request 0
32
(2, 3, 1)
3
(66, 77)
-> Request 1
33
(3, 2, 2)
2
(47, 40)
-> Request 2
223
(4, 3, 2)
3
(78, 30)
-> Request 3
225
(1, 3, 1)
1
(60, 72)
-> Request 4
376
(4, 1, 1)
1
(14, 22)
-> Request 5
894
(2, 2, 1)
1
(60, 12)
-> Request 6
897
(4, 1, 1)
3
(61, 44)
-> Request 7
1001
(3, 1, 2)
3
(48, 27)
-> Request 8
1136
(3, 2, 2)
2
(50, 17)
-> Request 9
1227
(1, 2, 2)
3
(6, 30)
--> Day : 3
-> Request 0
12
(1, 3, 2)
2
(15, 0)
-> Request 1
13
(1, 1, 2)
2
(49, 32)
-> Request 2
120
(2, 3, 1)
1
(34, 63)
-> Request 3
441
(2, 1, 1)
2
(47, 40)
-> Request 4
684
(3, 2, 1)
3
(60, 77)
-> Request 5
1093
(1, 3, 2)
3
(56, 75)
-> Request 6
1093
(4, 2, 2)
2
(57, 29)
-> Request 7
1314
(2, 2, 1)
2
(12, 20)
-> Request 8
1377
(1, 1, 2)
2
(66, 48)
--> Day : 4
-> Request 0
37
(3, 1, 2)
1
(4, 44)
-> Request 1
343
(4, 2, 1)
3
(58, 33)
-> Request 2
501
(4, 2, 1)
2
(13, 6)
-> Request 3
959
(1, 2, 1)
3
(52, 67)
-> Request 4
1006
(2, 3, 1)
3
(53, 9)
-> Request 5
1260
(2, 3, 2)
2
(57, 42)
-> Request 6
1277
(2, 3, 2)
3
(57, 40)
-> Request 7
1415
(4, 3, 1)
2
(52, 12)
-> Request 8
1438
(3, 2, 1)
1
(54, 30)
---> Week : 12
--> Day : 0
-> Request 0
175
(2, 1, 2)
2
(43, 45)
-> Request 1
224
(2, 2, 2)
2
(55, 64)
-> Request 2
369
(3, 3, 2)
3
(66, 12)
-> Request 3
420
(3, 2, 1)
2
(1, 63)
-> Request 4
627
(3, 2, 1)
1
(75, 26)
-> Request 5
679
(3, 1, 2)
2
(46, 32)
-> Request 6
708
(4, 2, 1)
1
(65, 67)
-> Request 7
763
(3, 1, 1)
2
(23, 62)
-> Request 8
1180
(4, 2, 2)
2
(44, 76)
--> Day : 1
-> Request 0
51
(2, 2, 2)
2
(33, 26)
-> Request 1
108
(3, 2, 2)
3
(58, 76)
-> Request 2
166
(3, 2, 1)
3
(45, 30)
-> Request 3
322
(3, 1, 1)
2
(58, 63)
-> Request 4
392
(4, 3, 2)
3
(61, 32)
-> Request 5
644
(1, 2, 1)
2
(7, 9)
-> Request 6
965
(3, 2, 1)
3
(55, 70)
-> Request 7
979
(3, 2, 2)
2
(4, 15)
-> Request 8
1035
(4, 2, 1)
3
(46, 0)
-> Request 9
1144
(2, 2, 2)
1
(55, 73)
-> Request 10
1275
(3, 1, 1)
1
(0, 53)
-> Request 11
1310
(4, 2, 2)
1
(61, 78)
-> Request 12
1425
(4, 3, 1)
1
(66, 64)
--> Day : 2
-> Request 0
16
(1, 1, 2)
3
(60, 46)
-> Request 1
204
(1, 3, 1)
3
(12, 24)
-> Request 2
304
(4, 3, 1)
3
(45, 41)
-> Request 3
351
(2, 1, 1)
1
(51, 46)
-> Request 4
390
(1, 1, 1)
3
(10, 54)
-> Request 5
398
(4, 1, 2)
2
(52, 68)
-> Request 6
515
(3, 3, 2)
3
(63, 39)
-> Request 7
726
(4, 2, 1)
1
(29, 68)
-> Request 8
764
(4, 2, 2)
1
(44, 0)
-> Request 9
825
(2, 1, 1)
1
(48, 32)
-> Request 10
1017
(1, 3, 1)
2
(69, 63)
-> Request 11
1132
(3, 2, 1)
2
(55, 74)
-> Request 12
1222
(2, 1, 1)
3
(61, 76)
-> Request 13
1281
(4, 2, 1)
3
(20, 50)
-> Request 14
1327
(2, 1, 2)
1
(54, 56)
--> Day : 3
-> Request 0
14
(2, 1, 1)
1
(56, 74)
-> Request 1
132
(2, 3, 1)
1
(55, 40)
-> Request 2
146
(3, 2, 2)
1
(43, 28)
-> Request 3
185
(2, 2, 1)
2
(47, 33)
-> Request 4
513
(2, 3, 1)
2
(34, 1)
-> Request 5
744
(4, 3, 2)
3
(76, 43)
-> Request 6
814
(4, 3, 1)
2
(55, 43)
-> Request 7
951
(2, 3, 1)
3
(56, 21)
-> Request 8
1352
(3, 2, 2)
2
(54, 53)
--> Day : 4
-> Request 0
96
(3, 3, 2)
2
(60, 69)
-> Request 1
99
(2, 1, 1)
1
(37, 27)
-> Request 2
491
(1, 2, 1)
1
(54, 75)
-> Request 3
554
(3, 3, 2)
3
(10, 27)
-> Request 4
628
(1, 2, 1)
2
(41, 70)
-> Request 5
642
(4, 3, 2)
1
(57, 34)
-> Request 6
857
(2, 3, 2)
2
(18, 33)
-> Request 7
1282
(1, 2, 2)
2
(23, 15)
-> Request 8
1323
(4, 2, 1)
1
(27, 73)
---> Week : 13
--> Day : 0
-> Request 0
70
(4, 3, 1)
2
(69, 78)
-> Request 1
309
(3, 1, 1)
1
(12, 26)
-> Request 2
365
(4, 1, 1)
1
(51, 11)
-> Request 3
376
(3, 2, 2)
1
(62, 49)
-> Request 4
689
(3, 1, 2)
3
(58, 28)
-> Request 5
1027
(2, 1, 1)
2
(66, 54)
-> Request 6
1039
(3, 1, 1)
2
(77, 12)
-> Request 7
1052
(1, 2, 1)
1
(13, 25)
-> Request 8
1071
(2, 1, 2)
1
(54, 38)
-> Request 9
1176
(4, 1, 1)
1
(37, 39)
-> Request 10
1201
(3, 3, 1)
1
(77, 6)
-> Request 11
1243
(1, 3, 2)
1
(59, 31)
--> Day : 1
-> Request 0
401
(4, 1, 2)
3
(24, 20)
-> Request 1
516
(1, 2, 2)
2
(60, 30)
-> Request 2
562
(3, 2, 2)
1
(47, 33)
-> Request 3
825
(1, 2, 2)
3
(60, 36)
-> Request 4
863
(4, 3, 1)
1
(61, 32)
-> Request 5
950
(1, 1, 2)
2
(34, 57)
-> Request 6
994
(2, 1, 2)
2
(53, 37)
-> Request 7
1026
(1, 3, 2)
3
(32, 37)
-> Request 8
1386
(2, 3, 1)
3
(60, 34)
--> Day : 2
-> Request 0
168
(1, 3, 2)
3
(63, 67)
-> Request 1
176
(1, 3, 2)
3
(53, 31)
-> Request 2
264
(4, 1, 1)
1
(12, 43)
-> Request 3
267
(1, 3, 2)
3
(34, 61)
-> Request 4
359
(2, 1, 2)
1
(16, 12)
-> Request 5
386
(3, 2, 1)
3
(57, 8)
-> Request 6
433
(2, 3, 2)
1
(22, 74)
-> Request 7
482
(3, 2, 2)
2
(68, 60)
-> Request 8
950
(2, 1, 2)
2
(67, 73)
-> Request 9
966
(3, 3, 2)
2
(19, 34)
--> Day : 3
-> Request 0
13
(3, 1, 2)
2
(8, 23)
-> Request 1
201
(3, 3, 1)
2
(28, 38)
-> Request 2
329
(1, 3, 1)
1
(53, 60)
-> Request 3
507
(3, 3, 2)
3
(52, 35)
-> Request 4
691
(4, 1, 2)
3
(59, 74)
-> Request 5
1158
(4, 2, 1)
2
(14, 33)
-> Request 6
1169
(3, 1, 1)
2
(53, 44)
-> Request 7
1292
(1, 1, 2)
1
(38, 39)
--> Day : 4
-> Request 0
46
(4, 2, 2)
3
(38, 38)
-> Request 1
194
(2, 1, 2)
1
(26, 29)
-> Request 2
324
(1, 1, 1)
2
(1, 79)
-> Request 3
458
(2, 3, 1)
1
(27, 40)
-> Request 4
494
(3, 3, 2)
3
(12, 25)
-> Request 5
620
(2, 2, 2)
1
(54, 67)
-> Request 6
1092
(3, 3, 2)
2
(55, 65)
-> Request 7
1119
(2, 3, 1)
1
(65, 73)
-> Request 8
1176
(4, 2, 1)
1
(59, 70)
-> Request 9
1379
(1, 3, 1)
3
(48, 45)
-> Request 10
1390
(1, 1, 1)
2
(14, 70)
---> Week : 14
--> Day : 0
-> Request 0
7
(4, 2, 1)
3
(47, 45)
-> Request 1
14
(2, 2, 2)
2
(67, 52)
-> Request 2
25
(4, 2, 2)
3
(53, 67)
-> Request 3
194
(3, 2, 2)
1
(27, 1)
-> Request 4
369
(3, 2, 1)
1
(13, 24)
-> Request 5
406
(2, 3, 2)
3
(59, 44)
-> Request 6
602
(2, 2, 1)
1
(0, 45)
-> Request 7
826
(4, 1, 2)
1
(8, 2)
-> Request 8
914
(2, 2, 2)
1
(24, 75)
-> Request 9
933
(4, 3, 2)
2
(56, 71)
-> Request 10
1073
(2, 1, 2)
1
(21, 12)
-> Request 11
1128
(1, 3, 2)
3
(13, 25)
-> Request 12
1135
(3, 1, 1)
1
(61, 31)
-> Request 13
1248
(4, 2, 1)
2
(62, 69)
-> Request 14
1366
(1, 1, 1)
1
(29, 53)
-> Request 15
1399
(4, 1, 1)
2
(77, 7)
--> Day : 1
-> Request 0
66
(4, 1, 2)
3
(64, 69)
-> Request 1
307
(3, 1, 2)
3
(3, 67)
-> Request 2
452
(2, 1, 1)
1
(19, 30)
-> Request 3
542
(1, 1, 2)
1
(32, 43)
-> Request 4
754
(1, 1, 2)
3
(62, 33)
-> Request 5
1288
(4, 2, 2)
1
(11, 21)
--> Day : 2
-> Request 0
38
(4, 2, 1)
2
(51, 44)
-> Request 1
88
(4, 3, 1)
1
(30, 4)
-> Request 2
97
(4, 3, 2)
1
(19, 48)
-> Request 3
112
(2, 2, 1)
1
(60, 34)
-> Request 4
250
(4, 1, 1)
1
(48, 35)
-> Request 5
450
(3, 2, 2)
3
(32, 10)
-> Request 6
503
(4, 1, 2)
1
(60, 40)
-> Request 7
679
(3, 2, 1)
2
(53, 64)
-> Request 8
756
(2, 2, 2)
1
(64, 68)
-> Request 9
797
(1, 2, 2)
2
(6, 33)
-> Request 10
1058
(1, 1, 2)
2
(42, 33)
-> Request 11
1081
(4, 3, 1)
1
(19, 52)
-> Request 12
1083
(3, 3, 1)
1
(49, 24)
-> Request 13
1226
(3, 3, 1)
1
(62, 28)
--> Day : 3
-> Request 0
17
(4, 3, 1)
1
(66, 72)
-> Request 1
42
(2, 3, 1)
1
(62, 70)
-> Request 2
241
(2, 1, 1)
3
(72, 57)
-> Request 3
345
(4, 2, 2)
1
(62, 70)
-> Request 4
362
(2, 3, 2)
3
(45, 35)
-> Request 5
417
(2, 3, 1)
1
(64, 76)
-> Request 6
482
(2, 3, 1)
2
(64, 64)
-> Request 7
531
(3, 2, 1)
2
(16, 27)
-> Request 8
670
(3, 1, 2)
2
(12, 21)
-> Request 9
671
(2, 1, 1)
1
(13, 28)
-> Request 10
878
(3, 3, 2)
1
(70, 59)
-> Request 11
903
(1, 2, 2)
1
(25, 67)
-> Request 12
942
(1, 2, 1)
1
(62, 68)
-> Request 13
980
(2, 3, 1)
1
(52, 41)
-> Request 14
1072
(2, 2, 2)
3
(18, 62)
-> Request 15
1131
(1, 3, 2)
3
(14, 35)
-> Request 16
1233
(2, 3, 1)
3
(10, 1)
-> Request 17
1401
(2, 3, 1)
1
(60, 77)
--> Day : 4
-> Request 0
1
(4, 1, 2)
2
(57, 38)
-> Request 1
103
(1, 2, 1)
1
(58, 76)
-> Request 2
450
(3, 1, 2)
2
(10, 64)
-> Request 3
752
(2, 1, 1)
3
(20, 13)
-> Request 4
820
(2, 1, 1)
1
(51, 72)
-> Request 5
866
(1, 1, 1)
1
(63, 38)
-> Request 6
867
(1, 1, 1)
1
(76, 74)
-> Request 7
1013
(2, 3, 1)
3
(66, 12)
-> Request 8
1060
(4, 1, 1)
1
(9, 69)
-> Request 9
1251
(4, 1, 1)
2
(47, 39)
---> Week : 15
--> Day : 0
-> Request 0
85
(2, 3, 1)
1
(51, 31)
-> Request 1
139
(2, 2, 2)
2
(0, 6)
-> Request 2
533
(1, 3, 1)
3
(43, 30)
-> Request 3
538
(4, 3, 1)
3
(60, 16)
-> Request 4
554
(1, 2, 2)
3
(74, 16)
-> Request 5
730
(1, 2, 2)
1
(14, 28)
-> Request 6
794
(1, 2, 2)
2
(73, 23)
--> Day : 1
-> Request 0
6
(3, 3, 2)
1
(64, 68)
-> Request 1
311
(4, 3, 2)
3
(63, 76)
-> Request 2
415
(3, 1, 2)
3
(43, 32)
-> Request 3
944
(3, 3, 1)
2
(64, 59)
-> Request 4
987
(2, 1, 1)
2
(58, 35)
-> Request 5
1131
(2, 2, 2)
2
(74, 61)
-> Request 6
1189
(3, 2, 2)
3
(56, 46)
-> Request 7
1373
(4, 1, 2)
2
(26, 6)
--> Day : 2
-> Request 0
35
(3, 2, 1)
3
(54, 39)
-> Request 1
74
(1, 1, 1)
1
(52, 74)
-> Request 2
155
(1, 2, 1)
2
(44, 33)
-> Request 3
319
(3, 2, 2)
2
(14, 23)
-> Request 4
362
(1, 1, 2)
1
(54, 64)
-> Request 5
404
(2, 2, 2)
2
(60, 31)
-> Request 6
428
(3, 3, 1)
3
(52, 33)
-> Request 7
433
(1, 2, 2)
1
(57, 78)
-> Request 8
611
(2, 1, 1)
3
(59, 46)
-> Request 9
912
(2, 2, 2)
2
(51, 40)
-> Request 10
921
(4, 3, 2)
2
(9, 4)
-> Request 11
980
(1, 3, 2)
1
(36, 67)
-> Request 12
989
(3, 1, 2)
1
(17, 27)
-> Request 13
1000
(3, 2, 2)
1
(11, 23)
-> Request 14
1185
(2, 2, 2)
1
(62, 68)
-> Request 15
1262
(4, 2, 1)
2
(58, 71)
-> Request 16
1411
(2, 2, 2)
1
(30, 64)
--> Day : 3
-> Request 0
152
(2, 3, 2)
1
(44, 35)
-> Request 1
161
(3, 1, 1)
1
(66, 52)
-> Request 2
179
(2, 1, 1)
3
(16, 1)
-> Request 3
490
(2, 3, 1)
3
(22, 59)
-> Request 4
559
(3, 2, 2)
1
(55, 75)
-> Request 5
904
(3, 3, 1)
3
(54, 71)
-> Request 6
1148
(2, 2, 1)
1
(74, 15)
--> Day : 4
-> Request 0
77
(4, 1, 2)
2
(61, 76)
-> Request 1
170
(2, 2, 2)
2
(65, 67)
-> Request 2
414
(3, 1, 2)
2
(48, 61)
-> Request 3
562
(4, 2, 2)
1
(17, 16)
-> Request 4
642
(4, 3, 1)
3
(33, 43)
-> Request 5
827
(2, 1, 2)
3
(46, 49)
-> Request 6
851
(2, 2, 1)
3
(63, 39)
-> Request 7
884
(3, 1, 2)
1
(0, 1)
-> Request 8
885
(4, 1, 2)
2
(23, 27)
-> Request 9
1064
(3, 1, 2)
1
(22, 37)
-> Request 10
1328
(2, 1, 2)
3
(55, 16)
---> Week : 16
--> Day : 0
-> Request 0
201
(1, 2, 1)
1
(71, 51)
-> Request 1
292
(1, 3, 1)
1
(58, 70)
-> Request 2
532
(4, 2, 2)
2
(42, 6)
-> Request 3
669
(2, 3, 1)
3
(43, 30)
-> Request 4
751
(3, 1, 1)
3
(53, 28)
-> Request 5
1307
(3, 2, 1)
3
(30, 24)
--> Day : 1
-> Request 0
337
(4, 2, 1)
2
(56, 60)
-> Request 1
588
(2, 1, 2)
2
(12, 70)
-> Request 2
638
(4, 3, 2)
3
(11, 26)
-> Request 3
735
(2, 3, 1)
2
(50, 24)
-> Request 4
750
(2, 2, 2)
3
(50, 36)
-> Request 5
801
(1, 1, 2)
3
(45, 43)
-> Request 6
839
(4, 1, 2)
1
(43, 41)
-> Request 7
842
(3, 1, 1)
1
(75, 10)
-> Request 8
899
(4, 3, 1)
2
(62, 36)
-> Request 9
1029
(1, 1, 2)
2
(46, 32)
-> Request 10
1031
(1, 3, 1)
3
(64, 15)
-> Request 11
1101
(4, 3, 1)
1
(16, 26)
-> Request 12
1368
(1, 3, 1)
3
(31, 26)
--> Day : 2
-> Request 0
100
(2, 2, 1)
3
(5, 27)
-> Request 1
227
(1, 3, 2)
2
(4, 42)
-> Request 2
244
(2, 2, 2)
2
(16, 27)
-> Request 3
346
(4, 3, 2)
2
(2, 63)
-> Request 4
392
(3, 2, 2)
1
(59, 39)
-> Request 5
517
(2, 3, 1)
1
(52, 39)
-> Request 6
575
(3, 3, 1)
1
(70, 18)
-> Request 7
635
(1, 3, 2)
1
(11, 20)
-> Request 8
847
(4, 1, 2)
2
(54, 44)
-> Request 9
1070
(2, 2, 1)
1
(61, 44)
-> Request 10
1096
(1, 1, 2)
3
(28, 26)
-> Request 11
1128
(3, 3, 2)
1
(2, 69)
-> Request 12
1305
(2, 2, 2)
1
(61, 34)
-> Request 13
1348
(4, 2, 1)
2
(66, 73)
--> Day : 3
-> Request 0
99
(4, 2, 1)
3
(52, 31)
-> Request 1
269
(3, 2, 1)
2
(64, 72)
-> Request 2
269
(2, 1, 2)
1
(54, 43)
-> Request 3
399
(3, 1, 1)
2
(57, 67)
-> Request 4
434
(2, 3, 1)
3
(45, 16)
-> Request 5
490
(4, 1, 1)
3
(16, 27)
-> Request 6
645
(2, 2, 2)
1
(6, 33)
-> Request 7
650
(1, 3, 1)
1
(56, 39)
-> Request 8
796
(4, 1, 2)
3
(37, 47)
-> Request 9
986
(4, 2, 2)
2
(77, 7)
--> Day : 4
-> Request 0
114
(1, 3, 2)
1
(17, 27)
-> Request 1
238
(3, 1, 1)
3
(72, 3)
-> Request 2
288
(4, 1, 2)
1
(73, 57)
-> Request 3
676
(4, 1, 1)
1
(11, 42)
-> Request 4
718
(1, 3, 1)
2
(46, 34)
-> Request 5
793
(4, 3, 2)
3
(58, 50)
-> Request 6
823
(4, 3, 2)
1
(59, 3)
-> Request 7
858
(1, 3, 1)
2
(77, 13)
-> Request 8
961
(4, 2, 2)
1
(60, 55)
-> Request 9
968
(4, 3, 2)
2
(1, 59)
-> Request 10
1105
(1, 1, 1)
1
(29, 67)
-> Request 11
1125
(2, 1, 2)
3
(78, 59)
-> Request 12
1214
(2, 3, 2)
3
(20, 2)
-> Request 13
1329
(1, 2, 1)
2
(33, 63)
---> Week : 17
--> Day : 0
-> Request 0
171
(1, 1, 2)
3
(11, 20)
-> Request 1
193
(4, 2, 1)
3
(56, 32)
-> Request 2
367
(2, 2, 1)
3
(66, 28)
-> Request 3
447
(2, 2, 2)
3
(60, 78)
-> Request 4
757
(4, 1, 2)
2
(79, 21)
-> Request 5
922
(2, 2, 1)
1
(55, 6)
-> Request 6
1018
(4, 3, 2)
1
(47, 34)
-> Request 7
1115
(1, 3, 1)
3
(53, 66)
-> Request 8
1270
(1, 3, 2)
3
(11, 20)
--> Day : 1
-> Request 0
45
(4, 1, 1)
2
(8, 21)
-> Request 1
60
(1, 2, 1)
1
(17, 25)
-> Request 2
70
(1, 2, 2)
3
(43, 56)
-> Request 3
228
(3, 3, 1)
2
(53, 38)
-> Request 4
455
(4, 2, 2)
2
(56, 76)
-> Request 5
645
(2, 2, 2)
1
(52, 68)
-> Request 6
1039
(1, 2, 2)
3
(2, 40)
-> Request 7
1387
(3, 3, 2)
3
(72, 70)
--> Day : 2
-> Request 0
39
(2, 1, 1)
1
(46, 78)
-> Request 1
133
(4, 3, 2)
2
(73, 79)
-> Request 2
290
(3, 1, 1)
2
(50, 42)
-> Request 3
442
(3, 3, 2)
3
(56, 73)
-> Request 4
690
(3, 2, 1)
3
(62, 27)
-> Request 5
710
(2, 3, 2)
2
(48, 65)
--> Day : 3
-> Request 0
120
(3, 1, 2)
2
(52, 33)
-> Request 1
211
(2, 2, 2)
2
(45, 34)
-> Request 2
238
(1, 3, 1)
2
(61, 33)
-> Request 3
247
(2, 3, 1)
1
(70, 32)
-> Request 4
266
(4, 3, 1)
2
(44, 40)
-> Request 5
351
(2, 3, 2)
3
(48, 43)
-> Request 6
425
(3, 1, 1)
2
(18, 70)
-> Request 7
671
(3, 2, 1)
1
(6, 4)
-> Request 8
761
(3, 1, 1)
3
(44, 44)
-> Request 9
787
(1, 2, 1)
1
(61, 41)
-> Request 10
993
(2, 3, 1)
3
(42, 3)
-> Request 11
1003
(3, 3, 1)
2
(14, 5)
-> Request 12
1168
(3, 2, 1)
1
(50, 44)
-> Request 13
1255
(4, 1, 1)
2
(55, 66)
-> Request 14
1327
(4, 1, 1)
2
(53, 3)
--> Day : 4
-> Request 0
105
(1, 2, 1)
1
(16, 29)
-> Request 1
1003
(2, 2, 1)
2
(29, 66)
-> Request 2
1006
(1, 3, 1)
3
(62, 24)
-> Request 3
1120
(2, 1, 1)
3
(52, 26)
-> Request 4
1150
(2, 3, 2)
2
(39, 16)
---> Week : 18
--> Day : 0
-> Request 0
234
(3, 1, 1)
2
(13, 8)
-> Request 1
258
(1, 2, 2)
2
(56, 29)
-> Request 2
849
(3, 1, 1)
1
(30, 15)
-> Request 3
907
(2, 1, 2)
3
(0, 34)
-> Request 4
924
(3, 3, 2)
1
(76, 25)
-> Request 5
941
(3, 3, 1)
1
(63, 17)
-> Request 6
959
(3, 3, 2)
1
(44, 37)
-> Request 7
1026
(1, 2, 1)
3
(9, 21)
-> Request 8
1122
(3, 3, 2)
1
(41, 22)
-> Request 9
1147
(3, 3, 1)
3
(63, 50)
-> Request 10
1236
(2, 3, 2)
3
(49, 74)
-> Request 11
1324
(2, 3, 2)
1
(61, 77)
-> Request 12
1354
(1, 3, 2)
1
(72, 44)
-> Request 13
1364
(3, 1, 2)
3
(13, 18)
--> Day : 1
-> Request 0
5
(1, 1, 1)
3
(79, 52)
-> Request 1
153
(2, 3, 1)
2
(54, 72)
-> Request 2
213
(1, 3, 2)
2
(64, 65)
-> Request 3
302
(3, 1, 2)
1
(31, 17)
-> Request 4
302
(2, 1, 1)
2
(20, 15)
-> Request 5
378
(3, 1, 2)
1
(13, 23)
-> Request 6
1037
(1, 1, 2)
1
(30, 79)
-> Request 7
1050
(1, 3, 1)
3
(13, 21)
-> Request 8
1119
(1, 1, 1)
1
(35, 71)
-> Request 9
1210
(3, 3, 2)
1
(8, 29)
--> Day : 2
-> Request 0
298
(3, 3, 1)
1
(62, 38)
-> Request 1
692
(4, 3, 1)
2
(33, 51)
-> Request 2
711
(4, 3, 1)
1
(69, 21)
-> Request 3
987
(3, 1, 1)
1
(58, 45)
-> Request 4
1113
(3, 2, 1)
2
(34, 15)
-> Request 5
1114
(4, 3, 2)
3
(44, 33)
--> Day : 3
-> Request 0
21
(1, 1, 1)
3
(69, 2)
-> Request 1
83
(3, 3, 2)
3
(9, 26)
-> Request 2
320
(4, 2, 1)
1
(14, 69)
-> Request 3
365
(3, 2, 2)
1
(45, 40)
-> Request 4
618
(4, 2, 2)
1
(36, 4)
-> Request 5
718
(3, 3, 1)
3
(54, 70)
-> Request 6
747
(2, 3, 1)
2
(67, 57)
-> Request 7
767
(4, 3, 1)
1
(75, 50)
-> Request 8
1133
(2, 3, 2)
2
(65, 61)
--> Day : 4
-> Request 0
251
(2, 2, 1)
2
(56, 69)
-> Request 1
269
(4, 3, 2)
1
(44, 35)
-> Request 2
753
(3, 2, 2)
2
(48, 36)
-> Request 3
968
(3, 1, 2)
2
(48, 20)
-> Request 4
1034
(4, 1, 1)
3
(43, 34)
-> Request 5
1253
(3, 2, 1)
1
(49, 1)
---> Week : 19
--> Day : 0
-> Request 0
175
(3, 1, 1)
3
(13, 28)
-> Request 1
248
(2, 1, 1)
1
(32, 66)
-> Request 2
504
(3, 1, 1)
3
(63, 68)
-> Request 3
613
(3, 1, 1)
1
(60, 73)
-> Request 4
905
(1, 3, 2)
3
(23, 61)
-> Request 5
1136
(2, 2, 2)
3
(69, 10)
-> Request 6
1164
(2, 3, 2)
1
(55, 30)
-> Request 7
1418
(3, 1, 2)
1
(59, 30)
-> Request 8
1425
(4, 1, 1)
1
(26, 76)
--> Day : 1
-> Request 0
355
(4, 3, 1)
1
(63, 70)
-> Request 1
472
(3, 1, 2)
2
(18, 35)
-> Request 2
497
(3, 2, 2)
3
(29, 6)
-> Request 3
575
(3, 3, 2)
2
(61, 76)
-> Request 4
585
(2, 2, 2)
2
(50, 45)
-> Request 5
775
(2, 2, 2)
3
(77, 3)
-> Request 6
837
(1, 1, 2)
1
(65, 77)
-> Request 7
918
(3, 2, 2)
1
(51, 32)
-> Request 8
1095
(4, 1, 2)
3
(31, 22)
-> Request 9
1182
(2, 3, 2)
2
(64, 67)
-> Request 10
1380
(4, 3, 2)
2
(36, 6)
--> Day : 2
-> Request 0
207
(1, 2, 2)
1
(15, 29)
-> Request 1
207
(2, 2, 1)
2
(50, 63)
-> Request 2
322
(1, 1, 2)
2
(68, 34)
-> Request 3
438
(3, 2, 1)
1
(6, 11)
-> Request 4
563
(4, 3, 2)
3
(45, 71)
-> Request 5
610
(1, 2, 1)
2
(50, 31)
-> Request 6
682
(1, 1, 2)
2
(45, 42)
-> Request 7
788
(1, 2, 1)
3
(61, 73)
-> Request 8
807
(1, 3, 1)
2
(71, 44)
-> Request 9
850
(3, 2, 2)
3
(55, 38)
-> Request 10
968
(3, 2, 2)
2
(55, 68)
-> Request 11
994
(1, 1, 2)
3
(6, 42)
-> Request 12
1109
(1, 3, 1)
2
(9, 20)
-> Request 13
1314
(4, 1, 1)
1
(59, 32)
--> Day : 3
-> Request 0
244
(2, 3, 2)
1
(27, 26)
-> Request 1
294
(3, 3, 1)
1
(66, 75)
-> Request 2
305
(3, 2, 2)
2
(60, 34)
-> Request 3
706
(3, 2, 2)
3
(53, 40)
-> Request 4
791
(3, 1, 2)
1
(9, 20)
-> Request 5
994
(3, 3, 1)
1
(46, 39)
-> Request 6
1268
(2, 1, 2)
1
(58, 15)
-> Request 7
1346
(2, 2, 2)
1
(17, 25)
--> Day : 4
-> Request 0
84
(1, 3, 2)
3
(55, 74)
-> Request 1
313
(3, 1, 2)
1
(52, 77)
-> Request 2
345
(3, 3, 2)
1
(52, 74)
-> Request 3
482
(1, 3, 1)
2
(27, 41)
-> Request 4
524
(3, 2, 2)
3
(51, 34)
-> Request 5
533
(1, 1, 2)
3
(10, 26)
-> Request 6
650
(3, 3, 1)
3
(52, 21)
-> Request 7
676
(2, 1, 1)
3
(66, 70)
-> Request 8
831
(1, 3, 1)
2
(54, 74)
-> Request 9
927
(1, 3, 2)
3
(44, 46)
-> Request 10
1341
(3, 3, 2)
1
(61, 66)
-> Request 11
1375
(3, 2, 2)
3
(60, 66)
-> Request 12
1420
(4, 1, 1)
1
(48, 36)
-> Request 13
1422
(4, 3, 2)
2
(11, 67)
