---> Week : 0
--> Day : 0
-> Request 0
98
(2, 1, 1)
1
(58, 59)
-> Request 1
200
(3, 2, 2)
3
(43, 32)
-> Request 2
290
(4, 1, 2)
3
(65, 47)
-> Request 3
369
(2, 2, 1)
1
(62, 77)
-> Request 4
428
(2, 1, 1)
1
(68, 27)
-> Request 5
454
(1, 2, 1)
3
(47, 37)
-> Request 6
459
(2, 1, 2)
1
(45, 28)
-> Request 7
518
(1, 3, 2)
2
(59, 38)
--> Day : 1
-> Request 0
56
(4, 1, 1)
1
(64, 58)
-> Request 1
69
(1, 1, 1)
3
(46, 36)
-> Request 2
79
(3, 1, 1)
1
(63, 64)
-> Request 3
198
(4, 2, 2)
1
(49, 31)
-> Request 4
440
(1, 1, 2)
1
(22, 14)
-> Request 5
473
(4, 2, 2)
2
(57, 46)
-> Request 6
726
(4, 2, 1)
3
(60, 39)
-> Request 7
732
(1, 1, 2)
3
(57, 46)
-> Request 8
732
(3, 2, 2)
2
(60, 19)
-> Request 9
836
(3, 3, 2)
2
(17, 65)
-> Request 10
998
(2, 1, 2)
3
(7, 72)
-> Request 11
1094
(1, 3, 1)
3
(73, 50)
-> Request 12
1101
(2, 2, 1)
2
(48, 4)
-> Request 13
1222
(4, 3, 1)
2
(67, 48)
-> Request 14
1376
(4, 3, 2)
2
(13, 11)
--> Day : 2
-> Request 0
0
(3, 1, 2)
1
(58, 30)
-> Request 1
196
(4, 3, 2)
2
(54, 73)
-> Request 2
383
(2, 2, 2)
2
(44, 56)
-> Request 3
774
(2, 2, 1)
3
(59, 72)
-> Request 4
1099
(3, 2, 1)
2
(52, 28)
-> Request 5
1322
(4, 1, 1)
1
(9, 10)
--> Day : 3
-> Request 0
150
(2, 1, 1)
2
(45, 43)
-> Request 1
356
(2, 3, 2)
3
(77, 18)
-> Request 2
671
(4, 1, 2)
2
(46, 42)
-> Request 3
820
(2, 3, 2)
1
(8, 28)
-> Request 4
872
(1, 2, 2)
2
(70, 16)
-> Request 5
879
(3, 2, 2)
2
(48, 30)
-> Request 6
1019
(1, 1, 2)
3
(68, 37)
-> Request 7
1338
(4, 1, 1)
1
(5, 44)
-> Request 8
1362
(4, 2, 1)
2
(45, 21)
-> Request 9
1405
(3, 3, 2)
3
(18, 45)
-> Request 10
1415
(4, 2, 1)
3
(70, 71)
-> Request 11
1420
(1, 3, 2)
2
(61, 43)
-> Request 12
1435
(2, 3, 2)
1
(10, 75)
--> Day : 4
-> Request 0
132
(4, 2, 1)
2
(14, 26)
-> Request 1
287
(4, 1, 1)
3
(16, 8)
-> Request 2
313
(1, 3, 2)
3
(45, 67)
-> Request 3
516
(1, 3, 2)
2
(48, 40)
-> Request 4
728
(2, 1, 1)
3
(10, 25)
-> Request 5
898
(2, 3, 2)
2
(52, 68)
-> Request 6
1080
(4, 2, 1)
2
(41, 50)
-> Request 7
1383
(1, 1, 1)
3
(56, 69)
---> Week : 1
--> Day : 0
-> Request 0
249
(4, 3, 2)
2
(48, 74)
-> Request 1
417
(4, 1, 2)
2
(57, 46)
-> Request 2
611
(2, 1, 1)
2
(57, 68)
-> Request 3
822
(1, 2, 2)
3
(49, 2)
-> Request 4
1025
(1, 3, 1)
3
(20, 6)
-> Request 5
1184
(4, 3, 2)
3
(26, 47)
-> Request 6
1271
(1, 3, 1)
3
(55, 14)
-> Request 7
1274
(4, 2, 2)
2
(39, 42)
-> Request 8
1358
(4, 1, 1)
1
(53, 31)
-> Request 9
1379
(4, 2, 2)
1
(45, 51)
--> Day : 1
-> Request 0
62
(3, 2, 1)
1
(5, 26)
-> Request 1
157
(1, 1, 2)
1
(63, 78)
-> Request 2
170
(1, 3, 1)
2
(53, 78)
-> Request 3
376
(1, 1, 2)
1
(10, 78)
-> Request 4
389
(4, 2, 2)
2
(18, 61)
-> Request 5
675
(2, 1, 1)
1
(60, 14)
-> Request 6
729
(3, 2, 1)
1
(18, 73)
-> Request 7
858
(3, 1, 2)
2
(58, 67)
-> Request 8
1055
(1, 1, 1)
1
(44, 35)
-> Request 9
1117
(2, 2, 1)
2
(59, 52)
-> Request 10
1353
(3, 3, 1)
1
(59, 41)
--> Day : 2
-> Request 0
5
(4, 1, 2)
1
(66, 46)
-> Request 1
295
(2, 3, 2)
3
(15, 58)
-> Request 2
504
(3, 2, 2)
2
(37, 70)
-> Request 3
592
(2, 1, 1)
3
(53, 27)
-> Request 4
610
(1, 1, 2)
1
(28, 19)
-> Request 5
663
(3, 2, 2)
1
(50, 43)
-> Request 6
734
(2, 3, 1)
1
(54, 28)
-> Request 7
881
(1, 3, 2)
2
(55, 62)
-> Request 8
1006
(1, 2, 2)
3
(70, 57)
-> Request 9
1046
(1, 3, 2)
1
(30, 0)
-> Request 10
1080
(3, 2, 1)
3
(44, 43)
-> Request 11
1439
(3, 1, 1)
1
(28, 6)
--> Day : 3
-> Request 0
73
(4, 1, 1)
3
(63, 1)
-> Request 1
117
(1, 2, 2)
3
(43, 42)
-> Request 2
434
(2, 3, 2)
3
(56, 74)
-> Request 3
689
(3, 2, 2)
1
(46, 34)
-> Request 4
849
(2, 3, 1)
1
(52, 70)
-> Request 5
870
(4, 1, 2)
3
(52, 69)
-> Request 6
946
(1, 2, 1)
1
(62, 64)
-> Request 7
1024
(3, 2, 1)
3
(4, 25)
-> Request 8
1120
(3, 1, 2)
1
(56, 33)
-> Request 9
1229
(3, 1, 1)
2
(60, 27)
-> Request 10
1312
(4, 2, 1)
1
(49, 76)
-> Request 11
1323
(2, 2, 2)
3
(60, 77)
-> Request 12
1328
(1, 3, 2)
2
(52, 36)
--> Day : 4
-> Request 0
40
(2, 2, 2)
2
(57, 29)
-> Request 1
112
(3, 3, 1)
2
(66, 79)
-> Request 2
159
(3, 3, 2)
3
(16, 21)
-> Request 3
308
(1, 2, 1)
2
(55, 37)
-> Request 4
453
(1, 1, 2)
1
(51, 34)
-> Request 5
478
(4, 2, 1)
2
(35, 36)
-> Request 6
487
(4, 1, 1)
3
(60, 34)
-> Request 7
502
(2, 1, 2)
1
(5, 40)
-> Request 8
812
(1, 2, 1)
3
(58, 33)
-> Request 9
895
(3, 1, 2)
3
(60, 57)
-> Request 10
899
(1, 3, 1)
1
(22, 37)
-> Request 11
920
(3, 3, 1)
2
(46, 6)
-> Request 12
1386
(3, 1, 1)
1
(53, 37)
-> Request 13
1387
(2, 2, 1)
2
(58, 35)
---> Week : 2
--> Day : 0
-> Request 0
691
(3, 1, 1)
3
(61, 37)
-> Request 1
709
(1, 3, 1)
2
(11, 27)
-> Request 2
740
(3, 2, 2)
3
(51, 38)
-> Request 3
782
(4, 1, 1)
2
(74, 7)
-> Request 4
803
(2, 3, 1)
1
(52, 42)
-> Request 5
825
(4, 3, 2)
3
(12, 72)
-> Request 6
924
(3, 1, 2)
1
(11, 24)
-> Request 7
1142
(3, 1, 1)
2
(7, 45)
-> Request 8
1365
(3, 2, 2)
3
(5, 1)
-> Request 9
1375
(4, 3, 1)
1
(18, 26)
-> Request 10
1385
(1, 1, 1)
3
(77, 7)
--> Day : 1
-> Request 0
44
(4, 2, 1)
1
(15, 5)
-> Request 1
105
(3, 3, 2)
2
(49, 32)
-> Request 2
182
(2, 3, 2)
1
(59, 67)
-> Request 3
228
(4, 1, 2)
3
(50, 42)
-> Request 4
261
(4, 2, 1)
3
(58, 70)
-> Request 5
797
(3, 3, 1)
2
(54, 44)
-> Request 6
823
(2, 3, 2)
3
(29, 27)
-> Request 7
919
(1, 1, 2)
1
(73, 31)
-> Request 8
1186
(4, 2, 1)
2
(61, 69)
-> Request 9
1206
(1, 3, 2)
1
(61, 65)
-> Request 10
1431
(1, 1, 2)
2
(53, 67)
--> Day : 2
-> Request 0
165
(4, 2, 1)
1
(25, 38)
-> Request 1
328
(3, 2, 2)
3
(31, 71)
-> Request 2
443
(3, 2, 1)
2
(2, 25)
-> Request 3
503
(3, 1, 1)
1
(58, 74)
-> Request 4
532
(2, 2, 2)
2
(53, 71)
-> Request 5
593
(1, 3, 1)
2
(5, 11)
-> Request 6
710
(4, 2, 1)
2
(20, 25)
-> Request 7
752
(3, 2, 1)
1
(43, 34)
-> Request 8
827
(1, 1, 2)
2
(11, 25)
-> Request 9
1252
(1, 3, 2)
1
(45, 36)
-> Request 10
1388
(4, 3, 2)
2
(53, 33)
--> Day : 3
-> Request 0
148
(4, 2, 1)
3
(56, 25)
-> Request 1
415
(3, 3, 1)
2
(56, 9)
-> Request 2
884
(3, 2, 2)
2
(7, 4)
--> Day : 4
-> Request 0
26
(2, 1, 1)
2
(36, 17)
-> Request 1
220
(4, 1, 2)
1
(64, 72)
-> Request 2
269
(1, 1, 2)
1
(2, 45)
-> Request 3
543
(2, 1, 1)
3
(43, 41)
-> Request 4
669
(2, 1, 1)
3
(56, 69)
-> Request 5
1255
(4, 3, 1)
1
(24, 48)
-> Request 6
1264
(4, 2, 1)
2
(46, 10)
---> Week : 3
--> Day : 0
-> Request 0
4
(2, 2, 2)
1
(52, 75)
-> Request 1
48
(2, 2, 2)
3
(43, 35)
-> Request 2
194
(1, 3, 1)
2
(52, 30)
-> Request 3
236
(3, 2, 1)
2
(50, 41)
-> Request 4
452
(1, 1, 1)
2
(10, 16)
-> Request 5
483
(1, 1, 2)
1
(61, 44)
-> Request 6
575
(3, 1, 2)
3
(53, 77)
-> Request 7
639
(4, 2, 1)
3
(51, 4)
-> Request 8
703
(4, 3, 1)
3
(62, 40)
-> Request 9
859
(1, 2, 2)
2
(48, 46)
-> Request 10
921
(1, 3, 2)
2
(61, 43)
-> Request 11
1252
(4, 3, 1)
1
(69, 46)
-> Request 12
1280
(3, 3, 1)
2
(27, 74)
-> Request 13
1394
(1, 2, 1)
3
(48, 37)
--> Day : 1
-> Request 0
81
(2, 1, 1)
2
(53, 71)
-> Request 1
85
(2, 3, 2)
1
(50, 28)
-> Request 2
154
(3, 3, 1)
1
(39, 74)
-> Request 3
339
(1, 2, 2)
3
(33, 16)
-> Request 4
559
(2, 3, 1)
3
(73, 63)
-> Request 5
696
(3, 3, 2)
3
(0, 72)
-> Request 6
821
(4, 1, 1)
3
(43, 51)
-> Request 7
1177
(4, 2, 1)
3
(3, 17)
--> Day : 2
-> Request 0
265
(2, 3, 2)
1
(46, 40)
-> Request 1
267
(1, 2, 2)
3
(0, 11)
-> Request 2
603
(1, 1, 1)
1
(47, 49)
-> Request 3
638
(1, 1, 1)
1
(35, 64)
-> Request 4
878
(4, 1, 2)
1
(44, 31)
-> Request 5
910
(2, 2, 1)
1
(12, 25)
-> Request 6
944
(2, 1, 2)
1
(33, 65)
-> Request 7
1098
(3, 1, 2)
2
(26, 7)
-> Request 8
1182
(1, 3, 2)
2
(55, 38)
-> Request 9
1202
(2, 2, 1)
3
(28, 68)
-> Request 10
1290
(3, 1, 2)
2
(61, 79)
-> Request 11
1299
(2, 1, 2)
1
(53, 70)
-> Request 12
1374
(4, 2, 1)
1
(68, 0)
--> Day : 3
-> Request 0
257
(1, 2, 1)
1
(41, 28)
-> Request 1
317
(3, 2, 1)
2
(51, 43)
-> Request 2
646
(2, 2, 2)
3
(65, 76)
-> Request 3
1432
(3, 3, 1)
3
(0, 12)
--> Day : 4
-> Request 0
73
(4, 3, 1)
2
(44, 32)
-> Request 1
214
(1, 2, 2)
2
(43, 41)
-> Request 2
318
(2, 1, 1)
1
(55, 77)
-> Request 3
357
(4, 2, 2)
3
(56, 75)
-> Request 4
362
(1, 1, 2)
3
(13, 27)
-> Request 5
412
(1, 2, 1)
2
(5, 27)
-> Request 6
536
(2, 1, 2)
1
(59, 70)
-> Request 7
782
(1, 2, 2)
2
(5, 31)
-> Request 8
1053
(3, 3, 2)
3
(55, 36)
-> Request 9
1253
(4, 1, 1)
2
(57, 33)
-> Request 10
1292
(1, 3, 2)
1
(28, 50)
---> Week : 4
--> Day : 0
-> Request 0
80
(4, 2, 1)
3
(49, 46)
-> Request 1
192
(4, 1, 2)
3
(12, 20)
-> Request 2
678
(3, 1, 2)
1
(53, 40)
-> Request 3
705
(1, 1, 2)
3
(52, 45)
-> Request 4
716
(3, 3, 2)
3
(62, 75)
-> Request 5
795
(1, 1, 1)
3
(28, 33)
-> Request 6
880
(2, 1, 1)
3
(41, 20)
-> Request 7
999
(2, 2, 2)
2
(60, 44)
-> Request 8
1008
(3, 3, 2)
3
(79, 61)
-> Request 9
1295
(4, 1, 2)
3
(49, 79)
-> Request 10
1333
(1, 2, 1)
3
(9, 71)
-> Request 11
1360
(4, 1, 2)
1
(62, 33)
--> Day : 1
-> Request 0
13
(2, 1, 2)
2
(8, 10)
-> Request 1
74
(3, 2, 1)
3
(21, 49)
-> Request 2
99
(3, 3, 1)
2
(49, 34)
-> Request 3
210
(2, 1, 2)
3
(63, 77)
-> Request 4
496
(2, 2, 2)
3
(60, 72)
-> Request 5
594
(3, 1, 2)
3
(23, 33)
-> Request 6
697
(2, 2, 1)
3
(10, 45)
-> Request 7
728
(2, 3, 1)
2
(26, 24)
-> Request 8
872
(2, 3, 2)
2
(27, 16)
--> Day : 2
-> Request 0
148
(2, 3, 1)
3
(76, 58)
-> Request 1
211
(4, 3, 2)
3
(61, 72)
-> Request 2
221
(3, 3, 2)
3
(51, 27)
-> Request 3
292
(2, 3, 1)
3
(8, 20)
-> Request 4
300
(4, 3, 1)
2
(7, 33)
-> Request 5
466
(1, 3, 2)
2
(17, 25)
-> Request 6
478
(3, 2, 1)
2
(26, 28)
-> Request 7
536
(4, 2, 1)
2
(27, 48)
-> Request 8
609
(4, 3, 1)
2
(60, 29)
-> Request 9
880
(4, 3, 2)
2
(47, 31)
-> Request 10
891
(4, 2, 2)
1
(46, 31)
-> Request 11
1125
(1, 1, 2)
1
(53, 5)
-> Request 12
1142
(3, 1, 1)
1
(28, 42)
-> Request 13
1184
(3, 2, 2)
3
(39, 21)
-> Request 14
1192
(1, 3, 1)
2
(54, 27)
--> Day : 3
-> Request 0
5
(2, 3, 1)
1
(44, 14)
-> Request 1
18
(2, 2, 1)
3
(60, 72)
-> Request 2
704
(4, 1, 1)
1
(61, 42)
-> Request 3
809
(1, 3, 2)
3
(24, 45)
-> Request 4
894
(4, 3, 2)
1
(43, 34)
-> Request 5
1080
(1, 1, 2)
1
(62, 69)
-> Request 6
1114
(3, 1, 1)
3
(59, 11)
-> Request 7
1316
(1, 1, 1)
1
(60, 44)
--> Day : 4
-> Request 0
111
(2, 1, 1)
1
(15, 20)
-> Request 1
111
(3, 3, 1)
3
(48, 21)
-> Request 2
398
(3, 3, 2)
3
(13, 53)
-> Request 3
454
(4, 1, 2)
2
(15, 28)
-> Request 4
528
(2, 1, 1)
1
(48, 42)
-> Request 5
639
(1, 2, 2)
3
(64, 52)
-> Request 6
796
(4, 2, 2)
2
(59, 68)
-> Request 7
805
(2, 3, 1)
3
(66, 39)
-> Request 8
940
(1, 3, 2)
1
(44, 46)
-> Request 9
1014
(4, 1, 1)
2
(69, 17)
-> Request 10
1331
(2, 2, 1)
1
(61, 30)
-> Request 11
1372
(1, 1, 1)
1
(63, 51)
-> Request 12
1381
(3, 2, 1)
1
(46, 63)
-> Request 13
1384
(3, 2, 1)
1
(57, 40)
---> Week : 5
--> Day : 0
-> Request 0
151
(2, 3, 2)
3
(37, 48)
-> Request 1
359
(3, 3, 1)
3
(52, 45)
-> Request 2
511
(2, 2, 1)
2
(19, 27)
-> Request 3
514
(4, 1, 1)
1
(39, 34)
-> Request 4
695
(4, 3, 1)
3
(1, 76)
-> Request 5
859
(1, 2, 2)
2
(58, 43)
-> Request 6
895
(3, 2, 1)
3
(52, 56)
-> Request 7
912
(1, 2, 1)
3
(45, 40)
-> Request 8
929
(1, 3, 1)
3
(10, 24)
-> Request 9
1209
(4, 1, 1)
3
(38, 53)
-> Request 10
1261
(1, 2, 1)
3
(61, 46)
-> Request 11
1431
(4, 1, 1)
3
(10, 25)
--> Day : 1
-> Request 0
91
(3, 1, 1)
3
(74, 32)
-> Request 1
164
(2, 1, 1)
3
(62, 29)
-> Request 2
309
(1, 3, 2)
3
(36, 78)
-> Request 3
342
(1, 2, 2)
1
(59, 46)
-> Request 4
350
(1, 1, 1)
2
(46, 33)
-> Request 5
417
(2, 1, 2)
3
(60, 50)
-> Request 6
463
(2, 2, 1)
2
(63, 74)
-> Request 7
531
(1, 3, 1)
2
(53, 42)
-> Request 8
1376
(2, 2, 1)
1
(78, 44)
-> Request 9
1382
(4, 2, 2)
3
(57, 66)
--> Day : 2
-> Request 0
136
(1, 3, 2)
3
(35, 11)
-> Request 1
234
(4, 1, 2)
1
(5, 52)
-> Request 2
400
(2, 3, 1)
2
(67, 59)
-> Request 3
412
(4, 2, 1)
1
(51, 38)
-> Request 4
498
(3, 3, 1)
2
(56, 45)
-> Request 5
542
(1, 1, 1)
3
(1, 69)
-> Request 6
599
(4, 1, 2)
2
(76, 0)
-> Request 7
797
(3, 3, 1)
1
(0, 37)
-> Request 8
847
(2, 2, 2)
3
(51, 43)
-> Request 9
1340
(2, 2, 2)
2
(59, 27)
-> Request 10
1374
(3, 2, 2)
2
(18, 66)
-> Request 11
1391
(2, 2, 2)
3
(39, 14)
--> Day : 3
-> Request 0
470
(4, 3, 2)
1
(66, 6)
-> Request 1
778
(1, 3, 2)
2
(60, 67)
-> Request 2
790
(4, 2, 2)
2
(4, 72)
-> Request 3
896
(3, 3, 1)
2
(52, 33)
-> Request 4
1195
(4, 3, 2)
2
(60, 72)
-> Request 5
1273
(3, 3, 1)
3
(16, 28)
-> Request 6
1304
(2, 3, 2)
2
(54, 70)
-> Request 7
1376
(3, 3, 2)
3
(54, 33)
-> Request 8
1391
(1, 1, 1)
3
(60, 33)
--> Day : 4
-> Request 0
239
(4, 2, 2)
3
(62, 75)
-> Request 1
250
(4, 2, 2)
3
(59, 71)
-> Request 2
626
(1, 3, 2)
1
(44, 42)
-> Request 3
705
(2, 1, 1)
2
(34, 7)
-> Request 4
890
(1, 3, 2)
3
(14, 66)
-> Request 5
1369
(1, 1, 2)
3
(45, 32)
---> Week : 6
--> Day : 0
-> Request 0
45
(3, 2, 2)
3
(57, 39)
-> Request 1
212
(3, 3, 2)
2
(19, 46)
-> Request 2
243
(1, 3, 1)
3
(57, 65)
-> Request 3
533
(1, 3, 2)
2
(62, 38)
-> Request 4
995
(2, 1, 1)
3
(50, 31)
-> Request 5
1085
(3, 3, 2)
1
(26, 21)
--> Day : 1
-> Request 0
272
(3, 1, 2)
1
(65, 72)
-> Request 1
379
(1, 2, 2)
3
(64, 77)
-> Request 2
612
(3, 1, 2)
2
(47, 33)
-> Request 3
900
(1, 2, 2)
3
(44, 45)
-> Request 4
947
(3, 2, 2)
3
(57, 41)
-> Request 5
1186
(1, 2, 1)
1
(66, 21)
-> Request 6
1357
(2, 2, 2)
3
(65, 55)
--> Day : 2
-> Request 0
277
(1, 3, 2)
1
(17, 23)
-> Request 1
280
(1, 2, 1)
3
(13, 21)
-> Request 2
989
(3, 3, 1)
2
(58, 46)
-> Request 3
1114
(3, 1, 2)
1
(60, 41)
-> Request 4
1152
(1, 3, 1)
1
(28, 29)
-> Request 5
1167
(1, 1, 2)
3
(4, 30)
-> Request 6
1272
(3, 3, 1)
2
(61, 39)
-> Request 7
1414
(1, 1, 2)
3
(46, 73)
--> Day : 3
-> Request 0
115
(1, 1, 1)
3
(15, 24)
-> Request 1
152
(2, 2, 1)
3
(31, 43)
-> Request 2
163
(3, 1, 2)
2
(35, 77)
-> Request 3
209
(3, 3, 1)
1
(62, 66)
-> Request 4
294
(1, 2, 1)
2
(16, 20)
-> Request 5
309
(1, 3, 2)
3
(61, 46)
-> Request 6
593
(1, 3, 2)
3
(53, 35)
-> Request 7
710
(3, 1, 2)
3
(49, 66)
-> Request 8
1034
(1, 3, 1)
1
(44, 29)
-> Request 9
1305
(1, 1, 1)
1
(58, 38)
-> Request 10
1358
(1, 1, 2)
2
(65, 76)
-> Request 11
1370
(4, 3, 1)
1
(75, 1)
--> Day : 4
-> Request 0
371
(3, 1, 2)
2
(3, 68)
-> Request 1
422
(1, 2, 2)
2
(48, 35)
-> Request 2
525
(1, 1, 1)
3
(34, 74)
-> Request 3
746
(2, 1, 1)
1
(64, 75)
-> Request 4
815
(2, 3, 1)
3
(28, 8)
-> Request 5
831
(2, 3, 1)
1
(50, 9)
-> Request 6
888
(2, 3, 2)
3
(3, 20)
-> Request 7
900
(4, 2, 1)
2
(9, 11)
-> Request 8
994
(1, 2, 2)
2
(52, 46)
---> Week : 7
--> Day : 0
-> Request 0
2
(4, 2, 1)
3
(49, 31)
-> Request 1
211
(4, 3, 2)
1
(78, 1)
-> Request 2
296
(3, 1, 2)
2
(44, 19)
-> Request 3
937
(1, 3, 1)
2
(52, 51)
-> Request 4
1161
(1, 1, 1)
2
(42, 28)
-> Request 5
1276
(1, 1, 2)
2
(62, 2)
-> Request 6
1373
(4, 1, 1)
3
(52, 34)
--> Day : 1
-> Request 0
43
(2, 2, 2)
1
(38, 17)
-> Request 1
108
(2, 2, 2)
3
(18, 22)
-> Request 2
140
(4, 1, 2)
3
(61, 67)
-> Request 3
265
(1, 1, 1)
2
(55, 76)
-> Request 4
679
(3, 2, 2)
3
(10, 66)
-> Request 5
1221
(1, 1, 1)
2
(10, 41)
--> Day : 2
-> Request 0
16
(2, 3, 1)
1
(64, 69)
-> Request 1
94
(4, 2, 2)
3
(49, 39)
-> Request 2
345
(4, 2, 2)
3
(47, 30)
-> Request 3
540
(3, 2, 1)
3
(52, 41)
-> Request 4
729
(2, 3, 1)
2
(15, 21)
-> Request 5
1114
(4, 2, 2)
2
(14, 27)
-> Request 6
1256
(3, 1, 2)
1
(46, 31)
-> Request 7
1264
(4, 3, 1)
3
(16, 25)
-> Request 8
1322
(2, 1, 2)
3
(70, 7)
-> Request 9
1331
(2, 3, 1)
1
(46, 28)
--> Day : 3
-> Request 0
271
(3, 2, 2)
1
(66, 69)
-> Request 1
407
(3, 2, 1)
1
(0, 1)
-> Request 2
413
(3, 3, 1)
3
(59, 61)
-> Request 3
437
(3, 1, 2)
2
(56, 42)
-> Request 4
492
(1, 3, 2)
1
(56, 52)
-> Request 5
515
(4, 3, 1)
3
(11, 22)
-> Request 6
531
(1, 2, 2)
2
(40, 58)
-> Request 7
569
(1, 3, 2)
3
(54, 45)
-> Request 8
1087
(4, 1, 1)
3
(27, 46)
-> Request 9
1215
(1, 3, 2)
3
(50, 34)
-> Request 10
1391
(2, 1, 2)
3
(76, 20)
--> Day : 4
-> Request 0
120
(1, 2, 2)
2
(15, 52)
-> Request 1
327
(2, 1, 2)
3
(29, 29)
-> Request 2
447
(3, 3, 1)
1
(53, 45)
-> Request 3
467
(3, 3, 2)
1
(60, 38)
-> Request 4
581
(3, 1, 1)
3
(0, 24)
-> Request 5
618
(3, 3, 2)
1
(62, 36)
-> Request 6
669
(3, 1, 1)
3
(60, 67)
-> Request 7
688
(2, 1, 2)
3
(52, 17)
-> Request 8
978
(4, 2, 2)
2
(67, 17)
-> Request 9
1181
(4, 2, 2)
2
(55, 75)
-> Request 10
1193
(4, 1, 2)
1
(30, 46)
-> Request 11
1210
(2, 1, 1)
1
(57, 34)
---> Week : 8
--> Day : 0
-> Request 0
134
(3, 1, 1)
2
(20, 24)
-> Request 1
316
(2, 1, 2)
2
(66, 69)
-> Request 2
598
(3, 3, 1)
1
(7, 43)
-> Request 3
792
(2, 1, 1)
3
(54, 64)
-> Request 4
804
(2, 2, 1)
3
(15, 52)
-> Request 5
883
(3, 1, 2)
2
(61, 33)
-> Request 6
1244
(1, 3, 2)
3
(39, 64)
-> Request 7
1247
(4, 3, 2)
1
(51, 43)
-> Request 8
1338
(3, 1, 2)
1
(13, 18)
--> Day : 1
-> Request 0
201
(1, 3, 2)
2
(79, 0)
-> Request 1
288
(1, 1, 2)
1
(58, 28)
-> Request 2
586
(4, 2, 1)
1
(34, 6)
-> Request 3
686
(3, 1, 1)
1
(55, 77)
-> Request 4
713
(3, 2, 2)
3
(77, 69)
-> Request 5
790
(1, 2, 1)
1
(16, 26)
-> Request 6
928
(3, 3, 2)
1
(77, 28)
-> Request 7
929
(4, 2, 2)
2
(51, 44)
-> Request 8
991
(3, 2, 1)
1
(51, 35)
-> Request 9
1207
(2, 1, 2)
2
(6, 10)
-> Request 10
1316
(4, 2, 2)
1
(61, 78)
-> Request 11
1419
(1, 3, 2)
3
(53, 35)
-> Request 12
1433
(2, 2, 1)
2
(62, 71)
--> Day : 2
-> Request 0
380
(2, 1, 1)
1
(53, 63)
-> Request 1
482
(4, 3, 2)
2
(65, 66)
-> Request 2
523
(4, 1, 2)
3
(54, 29)
-> Request 3
556
(1, 2, 1)
2
(45, 39)
-> Request 4
683
(2, 2, 1)
1
(70, 46)
-> Request 5
699
(4, 1, 1)
2
(75, 61)
-> Request 6
1045
(2, 2, 1)
3
(51, 40)
-> Request 7
1098
(2, 1, 2)
2
(68, 18)
-> Request 8
1101
(3, 2, 2)
1
(26, 55)
-> Request 9
1153
(3, 2, 1)
3
(62, 38)
-> Request 10
1363
(3, 2, 1)
3
(18, 6)
--> Day : 3
-> Request 0
26
(4, 2, 1)
1
(59, 39)
-> Request 1
114
(4, 3, 2)
2
(53, 35)
-> Request 2
119
(3, 2, 1)
2
(28, 20)
-> Request 3
165
(4, 1, 1)
2
(53, 71)
-> Request 4
235
(2, 1, 2)
1
(79, 33)
-> Request 5
317
(2, 3, 1)
3
(73, 55)
-> Request 6
1304
(3, 2, 1)
2
(11, 22)
-> Request 7
1305
(1, 3, 2)
1
(55, 73)
-> Request 8
1392
(4, 3, 1)
3
(54, 27)
-> Request 9
1405
(1, 3, 1)
3
(18, 34)
--> Day : 4
-> Request 0
164
(1, 1, 1)
3
(61, 45)
-> Request 1
165
(3, 2, 2)
1
(66, 74)
-> Request 2
228
(3, 3, 1)
1
(56, 41)
-> Request 3
290
(2, 2, 1)
2
(60, 33)
-> Request 4
502
(2, 2, 2)
1
(75, 55)
-> Request 5
535
(2, 2, 2)
3
(61, 69)
-> Request 6
548
(2, 3, 1)
2
(16, 22)
-> Request 7
648
(4, 3, 1)
2
(56, 75)
-> Request 8
796
(2, 1, 2)
3
(42, 0)
-> Request 9
1102
(1, 3, 2)
2
(53, 73)
-> Request 10
1105
(3, 2, 1)
1
(20, 63)
-> Request 11
1188
(2, 2, 1)
3
(56, 45)
-> Request 12
1328
(4, 1, 2)
1
(56, 30)
---> Week : 9
--> Day : 0
-> Request 0
27
(3, 2, 2)
2
(51, 14)
-> Request 1
178
(3, 2, 2)
2
(63, 44)
-> Request 2
263
(2, 3, 2)
1
(19, 79)
-> Request 3
630
(1, 1, 1)
1
(52, 9)
-> Request 4
770
(2, 3, 2)
2
(59, 55)
-> Request 5
1252
(3, 3, 2)
3
(79, 13)
-> Request 6
1352
(3, 3, 1)
1
(61, 34)
--> Day : 1
-> Request 0
110
(1, 1, 1)
3
(74, 45)
-> Request 1
371
(1, 3, 1)
1
(14, 20)
-> Request 2
562
(3, 3, 2)
3
(43, 11)
-> Request 3
693
(1, 2, 2)
1
(2, 5)
-> Request 4
726
(4, 3, 1)
3
(33, 6)
-> Request 5
788
(3, 3, 1)
3
(0, 44)
-> Request 6
903
(1, 1, 1)
1
(61, 38)
-> Request 7
999
(3, 1, 2)
2
(71, 14)
-> Request 8
1158
(1, 3, 1)
2
(48, 38)
-> Request 9
1337
(4, 3, 2)
3
(56, 72)
--> Day : 2
-> Request 0
117
(4, 2, 2)
1
(50, 22)
-> Request 1
287
(2, 2, 2)
2
(49, 27)
-> Request 2
795
(3, 1, 2)
2
(14, 21)
-> Request 3
797
(4, 2, 1)
3
(46, 45)
-> Request 4
962
(2, 2, 1)
3
(62, 72)
-> Request 5
1128
(1, 1, 2)
1
(45, 46)
-> Request 6
1340
(1, 2, 1)
3
(44, 36)
--> Day : 3
-> Request 0
171
(1, 1, 1)
3
(48, 42)
-> Request 1
494
(2, 1, 1)
3
(64, 73)
-> Request 2
509
(1, 2, 2)
1
(11, 27)
-> Request 3
552
(3, 3, 1)
1
(51, 47)
-> Request 4
657
(2, 3, 1)
1
(57, 37)
-> Request 5
661
(2, 2, 2)
1
(43, 78)
-> Request 6
788
(1, 3, 1)
2
(61, 56)
-> Request 7
1196
(4, 2, 1)
2
(45, 30)
-> Request 8
1257
(4, 1, 2)
3
(58, 46)
--> Day : 4
-> Request 0
11
(3, 1, 1)
1
(43, 39)
-> Request 1
182
(1, 2, 2)
2
(43, 34)
-> Request 2
190
(2, 1, 2)
3
(43, 42)
-> Request 3
222
(4, 1, 2)
2
(59, 70)
-> Request 4
386
(4, 1, 2)
2
(56, 76)
-> Request 5
489
(4, 2, 1)
3
(15, 1)
-> Request 6
603
(1, 1, 1)
2
(18, 22)
-> Request 7
672
(1, 1, 1)
3
(14, 21)
-> Request 8
722
(1, 2, 2)
2
(75, 50)
-> Request 9
1104
(4, 2, 2)
1
(73, 46)
-> Request 10
1268
(3, 2, 1)
3
(79, 7)
---> Week : 10
--> Day : 0
-> Request 0
253
(2, 3, 1)
3
(61, 60)
-> Request 1
288
(3, 1, 1)
3
(35, 9)
-> Request 2
408
(1, 2, 2)
2
(40, 37)
--> Day : 1
-> Request 0
167
(3, 2, 2)
3
(49, 44)
-> Request 1
199
(2, 2, 1)
1
(53, 74)
-> Request 2
470
(3, 2, 1)
2
(62, 64)
-> Request 3
492
(2, 1, 2)
3
(54, 67)
-> Request 4
530
(2, 2, 2)
3
(54, 50)
-> Request 5
584
(3, 1, 2)
1
(72, 78)
-> Request 6
656
(1, 1, 2)
2
(59, 65)
-> Request 7
754
(1, 2, 1)
2
(57, 54)
-> Request 8
788
(2, 1, 2)
3
(22, 56)
-> Request 9
908
(4, 1, 2)
3
(71, 72)
-> Request 10
999
(2, 2, 2)
3
(46, 49)
-> Request 11
1021
(1, 1, 1)
3
(57, 73)
-> Request 12
1064
(2, 2, 2)
2
(39, 63)
--> Day : 2
-> Request 0
48
(4, 1, 1)
3
(10, 26)
-> Request 1
90
(2, 2, 1)
3
(11, 29)
-> Request 2
481
(2, 3, 1)
2
(42, 51)
-> Request 3
607
(1, 3, 2)
3
(4, 68)
-> Request 4
701
(3, 3, 2)
2
(66, 67)
-> Request 5
929
(1, 2, 1)
1
(56, 76)
-> Request 6
1218
(3, 2, 2)
3
(47, 42)
--> Day : 3
-> Request 0
138
(3, 3, 2)
2
(34, 28)
-> Request 1
339
(1, 1, 2)
2
(67, 13)
-> Request 2
927
(2, 3, 1)
1
(58, 78)
--> Day : 4
-> Request 0
100
(3, 3, 2)
3
(31, 26)
-> Request 1
111
(1, 3, 2)
3
(62, 32)
-> Request 2
204
(3, 2, 2)
1
(44, 43)
-> Request 3
792
(4, 1, 1)
3
(6, 19)
-> Request 4
855
(3, 2, 1)
3
(38, 41)
-> Request 5
916
(4, 1, 1)
2
(10, 20)
-> Request 6
1340
(2, 1, 1)
2
(62, 27)
---> Week : 11
--> Day : 0
-> Request 0
86
(4, 3, 1)
3
(47, 46)
-> Request 1
92
(4, 1, 1)
3
(23, 16)
-> Request 2
515
(1, 1, 1)
2
(47, 38)
-> Request 3
547
(1, 1, 2)
1
(57, 35)
-> Request 4
745
(1, 1, 2)
3
(9, 68)
-> Request 5
800
(3, 3, 1)
1
(60, 70)
-> Request 6
1092
(4, 2, 1)
2
(63, 77)
-> Request 7
1332
(2, 1, 1)
2
(65, 66)
-> Request 8
1396
(2, 2, 1)
1
(56, 42)
-> Request 9
1396
(4, 2, 2)
2
(47, 45)
--> Day : 1
-> Request 0
80
(2, 2, 2)
2
(55, 31)
-> Request 1
144
(2, 1, 2)
1
(67, 64)
-> Request 2
242
(3, 3, 2)
2
(2, 19)
-> Request 3
381
(2, 3, 2)
1
(59, 49)
-> Request 4
386
(3, 2, 2)
3
(53, 37)
-> Request 5
409
(1, 2, 2)
1
(30, 41)
-> Request 6
766
(4, 3, 1)
2
(52, 72)
-> Request 7
1108
(1, 1, 2)
1
(58, 70)
-> Request 8
1139
(1, 3, 2)
2
(69, 25)
-> Request 9
1349
(1, 3, 2)
2
(38, 78)
-> Request 10
1390
(2, 3, 2)
2
(46, 41)
--> Day : 2
-> Request 0
325
(2, 3, 1)
2
(12, 20)
-> Request 1
735
(1, 2, 1)
3
(12, 13)
-> Request 2
860
(2, 3, 1)
2
(53, 41)
-> Request 3
958
(4, 3, 1)
1
(44, 65)
-> Request 4
1162
(1, 1, 2)
3
(62, 29)
-> Request 5
1200
(1, 2, 1)
1
(8, 21)
-> Request 6
1427
(3, 3, 1)
2
(25, 49)
-> Request 7
1430
(1, 3, 1)
1
(59, 74)
--> Day : 3
-> Request 0
285
(1, 2, 2)
2
(9, 29)
-> Request 1
494
(4, 3, 1)
1
(69, 4)
-> Request 2
670
(4, 3, 1)
1
(60, 64)
-> Request 3
935
(1, 3, 2)
1
(50, 41)
-> Request 4
1038
(1, 1, 1)
1
(71, 45)
-> Request 5
1222
(3, 1, 2)
2
(0, 49)
-> Request 6
1267
(2, 3, 2)
2
(66, 65)
--> Day : 4
-> Request 0
22
(1, 3, 1)
2
(34, 53)
-> Request 1
37
(4, 1, 1)
2
(8, 76)
-> Request 2
154
(2, 2, 1)
3
(53, 32)
-> Request 3
338
(3, 3, 2)
3
(59, 75)
-> Request 4
494
(2, 2, 2)
2
(58, 77)
-> Request 5
794
(3, 2, 1)
3
(53, 29)
-> Request 6
805
(1, 3, 2)
3
(56, 41)
-> Request 7
857
(2, 1, 2)
3
(42, 31)
-> Request 8
1188
(2, 1, 1)
3
(57, 49)
---> Week : 12
--> Day : 0
-> Request 0
278
(4, 3, 1)
3
(76, 54)
-> Request 1
400
(1, 2, 2)
2
(43, 34)
-> Request 2
558
(2, 3, 2)
1
(60, 28)
-> Request 3
558
(1, 1, 1)
2
(13, 22)
-> Request 4
1101
(2, 1, 2)
1
(54, 73)
-> Request 5
1240
(1, 1, 1)
3
(60, 39)
-> Request 6
1345
(2, 2, 2)
3
(57, 77)
--> Day : 1
-> Request 0
2
(4, 1, 1)
1
(44, 39)
-> Request 1
78
(2, 1, 2)
3
(27, 60)
-> Request 2
175
(4, 1, 1)
1
(52, 35)
-> Request 3
403
(1, 2, 1)
1
(51, 38)
-> Request 4
504
(3, 1, 2)
1
(8, 26)
-> Request 5
507
(1, 2, 2)
2
(56, 44)
-> Request 6
727
(3, 1, 1)
1
(60, 36)
-> Request 7
747
(3, 3, 2)
2
(61, 57)
-> Request 8
804
(3, 2, 2)
1
(24, 46)
-> Request 9
849
(1, 1, 2)
1
(40, 48)
-> Request 10
928
(4, 2, 1)
2
(2, 8)
-> Request 11
938
(4, 2, 1)
2
(57, 36)
-> Request 12
1397
(4, 3, 2)
1
(40, 26)
--> Day : 2
-> Request 0
179
(1, 1, 2)
1
(76, 9)
-> Request 1
270
(3, 1, 1)
2
(63, 64)
-> Request 2
356
(3, 1, 1)
2
(0, 20)
-> Request 3
522
(1, 2, 2)
1
(61, 32)
-> Request 4
543
(1, 2, 1)
3
(26, 10)
-> Request 5
575
(2, 2, 1)
2
(59, 75)
-> Request 6
589
(3, 3, 1)
1
(57, 38)
-> Request 7
623
(4, 2, 1)
2
(56, 37)
-> Request 8
724
(2, 3, 1)
3
(18, 49)
-> Request 9
781
(3, 1, 1)
1
(52, 43)
-> Request 10
831
(2, 1, 2)
2
(25, 43)
-> Request 11
839
(4, 2, 1)
2
(40, 63)
-> Request 12
897
(3, 1, 1)
3
(1, 57)
-> Request 13
1054
(4, 1, 2)
1
(18, 53)
-> Request 14
1241
(2, 2, 2)
1
(27, 18)
-> Request 15
1288
(4, 2, 1)
2
(5, 30)
-> Request 16
1304
(3, 1, 1)
1
(35, 24)
--> Day : 3
-> Request 0
103
(1, 3, 2)
3
(46, 31)
-> Request 1
464
(2, 3, 1)
2
(51, 42)
-> Request 2
510
(1, 2, 2)
1
(54, 46)
-> Request 3
547
(2, 3, 2)
1
(56, 73)
-> Request 4
609
(2, 2, 1)
1
(49, 39)
-> Request 5
623
(3, 2, 1)
2
(35, 0)
-> Request 6
734
(1, 1, 1)
1
(17, 29)
-> Request 7
840
(4, 3, 1)
1
(53, 43)
-> Request 8
997
(4, 1, 1)
1
(46, 34)
-> Request 9
1070
(2, 3, 2)
1
(56, 75)
-> Request 10
1215
(1, 2, 2)
1
(62, 68)
-> Request 11
1257
(4, 2, 1)
3
(64, 71)
-> Request 12
1419
(2, 3, 1)
3
(32, 31)
--> Day : 4
-> Request 0
21
(2, 1, 2)
3
(53, 33)
-> Request 1
67
(4, 3, 1)
3
(68, 33)
-> Request 2
73
(1, 2, 2)
2
(51, 71)
-> Request 3
227
(1, 1, 2)
3
(60, 34)
-> Request 4
343
(2, 3, 2)
2
(48, 42)
-> Request 5
658
(1, 1, 1)
2
(51, 28)
-> Request 6
707
(1, 2, 1)
3
(29, 1)
-> Request 7
774
(4, 1, 2)
3
(20, 66)
-> Request 8
838
(2, 3, 2)
2
(61, 46)
-> Request 9
838
(2, 2, 2)
3
(13, 18)
-> Request 10
954
(1, 3, 1)
3
(10, 41)
-> Request 11
1003
(4, 1, 2)
1
(62, 41)
-> Request 12
1174
(2, 2, 2)
3
(57, 19)
-> Request 13
1357
(3, 3, 1)
3
(29, 67)
---> Week : 13
--> Day : 0
-> Request 0
168
(3, 2, 1)
3
(15, 78)
-> Request 1
334
(4, 3, 1)
1
(59, 74)
-> Request 2
532
(4, 2, 1)
1
(44, 40)
-> Request 3
730
(2, 1, 1)
3
(43, 41)
-> Request 4
878
(4, 2, 1)
1
(8, 24)
-> Request 5
1226
(3, 3, 2)
2
(56, 69)
-> Request 6
1263
(1, 2, 1)
3
(52, 4)
-> Request 7
1406
(4, 3, 1)
2
(52, 51)
--> Day : 1
-> Request 0
54
(2, 3, 1)
1
(43, 4)
-> Request 1
164
(2, 2, 2)
2
(20, 69)
-> Request 2
171
(4, 3, 1)
1
(55, 36)
-> Request 3
201
(1, 2, 1)
2
(58, 76)
-> Request 4
798
(3, 2, 1)
1
(23, 23)
-> Request 5
847
(4, 3, 1)
2
(16, 26)
-> Request 6
1003
(4, 3, 2)
1
(3, 74)
-> Request 7
1089
(4, 2, 2)
1
(56, 58)
--> Day : 2
-> Request 0
59
(3, 3, 1)
2
(63, 57)
-> Request 1
179
(1, 3, 2)
1
(45, 49)
-> Request 2
409
(4, 2, 2)
2
(40, 24)
-> Request 3
822
(4, 1, 1)
3
(13, 31)
-> Request 4
1076
(3, 1, 1)
2
(73, 53)
-> Request 5
1333
(1, 3, 2)
2
(59, 69)
-> Request 6
1422
(2, 1, 2)
2
(31, 79)
--> Day : 3
-> Request 0
46
(1, 3, 2)
1
(27, 67)
-> Request 1
389
(2, 3, 1)
2
(52, 76)
-> Request 2
417
(2, 2, 2)
3
(58, 78)
-> Request 3
540
(4, 2, 1)
3
(2, 65)
-> Request 4
732
(3, 1, 2)
3
(11, 23)
-> Request 5
845
(2, 2, 1)
1
(12, 52)
-> Request 6
932
(1, 3, 2)
1
(52, 39)
-> Request 7
1154
(1, 2, 1)
3
(33, 29)
-> Request 8
1177
(3, 3, 2)
3
(32, 53)
-> Request 9
1310
(3, 3, 2)
3
(56, 30)
-> Request 10
1370
(2, 1, 1)
3
(49, 76)
-> Request 11
1434
(3, 3, 2)
1
(23, 12)
--> Day : 4
-> Request 0
317
(1, 2, 1)
3
(71, 53)
-> Request 1
441
(4, 3, 2)
1
(56, 46)
-> Request 2
521
(4, 1, 2)
3
(1, 66)
-> Request 3
766
(1, 3, 1)
1
(60, 27)
-> Request 4
1064
(3, 3, 2)
3
(9, 73)
-> Request 5
1084
(1, 1, 1)
2
(45, 20)
-> Request 6
1125
(2, 3, 1)
3
(65, 44)
-> Request 7
1247
(3, 1, 2)
1
(49, 27)
---> Week : 14
--> Day : 0
-> Request 0
36
(3, 1, 2)
2
(58, 40)
-> Request 1
107
(4, 2, 2)
1
(23, 9)
-> Request 2
191
(1, 3, 2)
1
(46, 30)
-> Request 3
576
(4, 1, 1)
3
(73, 57)
-> Request 4
688
(1, 3, 1)
3
(54, 34)
-> Request 5
1014
(1, 2, 2)
2
(24, 30)
-> Request 6
1039
(2, 2, 2)
3
(57, 50)
-> Request 7
1240
(3, 3, 2)
1
(60, 37)
-> Request 8
1300
(2, 2, 2)
1
(17, 27)
--> Day : 1
-> Request 0
99
(4, 3, 1)
1
(35, 50)
-> Request 1
131
(1, 2, 1)
2
(56, 68)
-> Request 2
277
(3, 2, 1)
2
(65, 73)
-> Request 3
336
(4, 2, 2)
1
(12, 43)
-> Request 4
396
(4, 2, 1)
1
(56, 76)
-> Request 5
755
(4, 1, 2)
3
(60, 4)
-> Request 6
1017
(1, 1, 1)
1
(66, 3)
-> Request 7
1023
(3, 1, 1)
3
(58, 67)
-> Request 8
1388
(1, 2, 1)
2
(25, 55)
-> Request 9
1422
(1, 1, 1)
3
(63, 27)
--> Day : 2
-> Request 0
91
(3, 3, 2)
3
(56, 77)
-> Request 1
384
(3, 1, 2)
1
(34, 39)
-> Request 2
402
(4, 2, 1)
2
(29, 76)
-> Request 3
535
(2, 3, 1)
2
(54, 76)
-> Request 4
569
(4, 1, 2)
1
(45, 28)
-> Request 5
633
(1, 1, 1)
1
(66, 63)
-> Request 6
749
(1, 3, 2)
1
(70, 52)
-> Request 7
908
(1, 3, 1)
1
(79, 55)
-> Request 8
1002
(4, 1, 2)
2
(68, 42)
-> Request 9
1003
(2, 2, 2)
1
(5, 27)
-> Request 10
1073
(1, 3, 1)
1
(51, 38)
--> Day : 3
-> Request 0
219
(1, 1, 1)
1
(64, 4)
-> Request 1
312
(1, 3, 2)
2
(29, 77)
-> Request 2
359
(4, 3, 2)
2
(2, 72)
-> Request 3
714
(2, 3, 2)
3
(9, 4)
-> Request 4
945
(1, 2, 2)
3
(0, 46)
-> Request 5
966
(1, 3, 2)
2
(17, 23)
-> Request 6
1072
(1, 2, 2)
2
(39, 16)
-> Request 7
1176
(1, 1, 1)
1
(59, 40)
-> Request 8
1369
(4, 3, 1)
1
(50, 29)
--> Day : 4
-> Request 0
79
(4, 3, 2)
2
(58, 55)
-> Request 1
240
(1, 2, 2)
1
(11, 27)
-> Request 2
307
(4, 1, 2)
2
(60, 72)
-> Request 3
370
(4, 2, 1)
3
(26, 62)
-> Request 4
670
(2, 3, 2)
2
(53, 29)
-> Request 5
946
(1, 2, 1)
2
(8, 20)
---> Week : 15
--> Day : 0
-> Request 0
190
(2, 1, 2)
3
(18, 31)
-> Request 1
361
(1, 1, 1)
2
(62, 44)
-> Request 2
551
(1, 3, 2)
3
(12, 29)
-> Request 3
611
(4, 3, 1)
1
(43, 29)
-> Request 4
685
(2, 2, 2)
1
(29, 52)
--> Day : 1
-> Request 0
576
(4, 2, 2)
2
(74, 9)
-> Request 1
662
(4, 2, 1)
2
(43, 45)
-> Request 2
692
(2, 1, 1)
3
(44, 28)
-> Request 3
840
(3, 3, 1)
3
(40, 28)
-> Request 4
1183
(4, 2, 2)
3
(59, 68)
-> Request 5
1314
(3, 2, 1)
2
(44, 40)
-> Request 6
1385
(2, 2, 1)
1
(38, 34)
-> Request 7
1394
(1, 2, 1)
2
(76, 79)
-> Request 8
1419
(4, 2, 1)
2
(1, 39)
--> Day : 2
-> Request 0
220
(3, 3, 2)
1
(0, 2)
-> Request 1
396
(3, 3, 1)
2
(51, 35)
-> Request 2
430
(4, 1, 1)
1
(57, 44)
-> Request 3
438
(3, 2, 2)
3
(10, 21)
-> Request 4
950
(3, 2, 2)
1
(62, 32)
-> Request 5
982
(1, 2, 1)
1
(58, 39)
-> Request 6
1129
(3, 1, 1)
3
(5, 69)
--> Day : 3
-> Request 0
16
(2, 1, 2)
1
(1, 53)
-> Request 1
21
(3, 3, 2)
1
(6, 29)
-> Request 2
131
(2, 2, 1)
1
(40, 58)
-> Request 3
375
(1, 2, 1)
1
(10, 26)
-> Request 4
384
(4, 2, 2)
3
(59, 32)
-> Request 5
435
(2, 3, 1)
3
(33, 57)
-> Request 6
725
(2, 2, 1)
3
(44, 32)
-> Request 7
728
(2, 1, 1)
2
(29, 48)
-> Request 8
877
(4, 1, 2)
3
(44, 27)
-> Request 9
1044
(2, 2, 2)
1
(51, 6)
-> Request 10
1081
(4, 2, 2)
1
(9, 23)
-> Request 11
1185
(1, 2, 2)
2
(29, 61)
-> Request 12
1250
(4, 1, 2)
1
(63, 78)
--> Day : 4
-> Request 0
114
(2, 1, 1)
1
(44, 22)
-> Request 1
143
(3, 1, 2)
2
(63, 64)
-> Request 2
434
(1, 2, 2)
2
(75, 43)
-> Request 3
456
(1, 2, 1)
3
(13, 21)
-> Request 4
491
(2, 2, 2)
2
(42, 60)
-> Request 5
559
(4, 2, 1)
2
(16, 20)
-> Request 6
561
(2, 3, 2)
3
(59, 28)
-> Request 7
913
(3, 2, 2)
2
(33, 56)
-> Request 8
959
(2, 1, 2)
1
(53, 37)
-> Request 9
1127
(2, 2, 2)
1
(10, 36)
---> Week : 16
--> Day : 0
-> Request 0
71
(1, 3, 1)
3
(53, 32)
-> Request 1
358
(4, 1, 2)
1
(61, 78)
-> Request 2
451
(4, 2, 2)
2
(54, 72)
-> Request 3
459
(4, 2, 1)
2
(63, 74)
-> Request 4
644
(2, 1, 2)
3
(66, 66)
-> Request 5
963
(2, 2, 2)
2
(55, 74)
-> Request 6
1198
(1, 3, 1)
2
(50, 35)
-> Request 7
1230
(1, 1, 2)
3
(60, 64)
-> Request 8
1289
(3, 1, 1)
1
(55, 32)
--> Day : 1
-> Request 0
30
(4, 2, 2)
3
(61, 43)
-> Request 1
39
(2, 1, 1)
2
(58, 77)
-> Request 2
399
(3, 2, 1)
3
(24, 60)
-> Request 3
700
(4, 2, 2)
2
(61, 43)
-> Request 4
810
(2, 1, 2)
2
(35, 58)
-> Request 5
841
(2, 3, 1)
3
(53, 28)
-> Request 6
1033
(4, 1, 1)
3
(58, 75)
-> Request 7
1120
(1, 3, 2)
1
(2, 39)
-> Request 8
1218
(4, 2, 2)
1
(12, 20)
-> Request 9
1420
(4, 2, 2)
1
(52, 71)
--> Day : 2
-> Request 0
197
(2, 3, 1)
3
(12, 27)
-> Request 1
218
(4, 1, 1)
1
(76, 55)
-> Request 2
538
(2, 2, 2)
1
(67, 64)
-> Request 3
973
(1, 1, 2)
2
(55, 37)
-> Request 4
1048
(3, 3, 1)
1
(21, 66)
--> Day : 3
-> Request 0
15
(4, 2, 1)
1
(45, 45)
-> Request 1
516
(2, 1, 1)
3
(54, 70)
-> Request 2
609
(1, 1, 2)
1
(52, 79)
-> Request 3
699
(3, 3, 2)
2
(15, 20)
-> Request 4
721
(1, 1, 1)
3
(27, 15)
-> Request 5
786
(1, 3, 2)
1
(57, 68)
-> Request 6
802
(3, 1, 1)
1
(44, 18)
-> Request 7
865
(4, 3, 1)
3
(71, 62)
-> Request 8
1136
(3, 2, 1)
1
(62, 31)
-> Request 9
1153
(3, 3, 1)
2
(26, 59)
-> Request 10
1191
(2, 3, 1)
2
(2, 68)
-> Request 11
1197
(3, 1, 1)
3
(56, 51)
-> Request 12
1387
(2, 1, 1)
3
(53, 30)
--> Day : 4
-> Request 0
262
(3, 3, 1)
1
(48, 28)
-> Request 1
307
(3, 2, 2)
1
(47, 22)
-> Request 2
349
(1, 2, 2)
3
(50, 36)
-> Request 3
390
(3, 3, 2)
1
(73, 49)
-> Request 4
414
(4, 3, 2)
2
(57, 63)
-> Request 5
504
(4, 2, 2)
1
(72, 50)
-> Request 6
727
(3, 1, 1)
3
(48, 44)
-> Request 7
827
(3, 1, 2)
3
(50, 45)
-> Request 8
827
(1, 3, 2)
2
(65, 65)
-> Request 9
977
(1, 2, 2)
1
(54, 69)
-> Request 10
1270
(4, 1, 2)
2
(11, 22)
-> Request 11
1273
(2, 1, 1)
1
(43, 33)
---> Week : 17
--> Day : 0
-> Request 0
182
(2, 1, 2)
2
(56, 30)
-> Request 1
242
(2, 3, 1)
2
(55, 28)
-> Request 2
424
(3, 2, 2)
3
(55, 45)
-> Request 3
448
(4, 1, 1)
1
(11, 58)
-> Request 4
469
(3, 2, 2)
1
(67, 76)
-> Request 5
676
(2, 3, 1)
3
(17, 3)
-> Request 6
753
(3, 1, 2)
2
(45, 31)
-> Request 7
821
(1, 1, 1)
1
(53, 43)
-> Request 8
831
(1, 2, 1)
2
(7, 41)
-> Request 9
854
(2, 3, 2)
3
(23, 42)
-> Request 10
1030
(1, 2, 1)
1
(71, 29)
-> Request 11
1127
(4, 3, 1)
2
(26, 33)
--> Day : 1
-> Request 0
16
(4, 1, 1)
2
(50, 39)
-> Request 1
334
(1, 1, 2)
3
(56, 33)
-> Request 2
816
(4, 2, 1)
1
(48, 42)
-> Request 3
890
(3, 2, 2)
3
(60, 39)
-> Request 4
904
(2, 2, 2)
3
(57, 68)
-> Request 5
1108
(3, 3, 1)
3
(58, 70)
-> Request 6
1118
(2, 2, 1)
1
(58, 41)
-> Request 7
1254
(2, 1, 1)
2
(13, 27)
--> Day : 2
-> Request 0
5
(1, 3, 1)
1
(65, 72)
-> Request 1
37
(1, 2, 1)
2
(47, 46)
-> Request 2
100
(4, 3, 1)
1
(16, 27)
-> Request 3
125
(4, 2, 2)
2
(15, 63)
-> Request 4
137
(4, 1, 2)
2
(48, 27)
-> Request 5
149
(3, 3, 1)
2
(32, 39)
-> Request 6
250
(3, 3, 1)
1
(52, 71)
-> Request 7
512
(1, 3, 2)
3
(46, 34)
-> Request 8
639
(3, 2, 2)
3
(59, 43)
-> Request 9
736
(2, 2, 2)
3
(62, 35)
-> Request 10
1121
(2, 2, 1)
1
(14, 19)
-> Request 11
1142
(4, 1, 1)
1
(48, 45)
-> Request 12
1204
(3, 2, 1)
3
(15, 5)
-> Request 13
1249
(1, 2, 1)
3
(14, 20)
-> Request 14
1305
(2, 3, 1)
3
(46, 46)
-> Request 15
1349
(1, 2, 2)
3
(7, 31)
--> Day : 3
-> Request 0
235
(2, 2, 2)
1
(50, 44)
-> Request 1
273
(1, 3, 2)
2
(51, 27)
-> Request 2
306
(2, 3, 2)
1
(64, 70)
-> Request 3
500
(1, 1, 2)
3
(45, 41)
-> Request 4
688
(2, 2, 1)
2
(44, 39)
-> Request 5
812
(3, 3, 2)
1
(52, 44)
-> Request 6
816
(4, 2, 1)
2
(54, 72)
-> Request 7
947
(1, 3, 2)
1
(4, 14)
-> Request 8
1252
(4, 1, 1)
1
(56, 69)
-> Request 9
1350
(4, 2, 2)
2
(32, 37)
--> Day : 4
-> Request 0
360
(1, 1, 1)
1
(60, 70)
-> Request 1
509
(4, 1, 2)
1
(46, 61)
-> Request 2
593
(3, 1, 2)
3
(69, 50)
-> Request 3
1080
(1, 2, 2)
1
(60, 68)
-> Request 4
1088
(4, 3, 1)
1
(25, 47)
-> Request 5
1163
(1, 2, 2)
1
(30, 78)
-> Request 6
1200
(1, 2, 1)
2
(48, 16)
---> Week : 18
--> Day : 0
-> Request 0
90
(2, 2, 2)
1
(49, 28)
-> Request 1
411
(1, 2, 1)
1
(17, 26)
-> Request 2
436
(3, 2, 1)
1
(59, 44)
-> Request 3
515
(1, 3, 1)
1
(45, 30)
-> Request 4
846
(2, 3, 2)
3
(9, 70)
-> Request 5
939
(4, 1, 1)
2
(44, 39)
-> Request 6
1403
(4, 1, 2)
2
(5, 60)
--> Day : 1
-> Request 0
94
(1, 3, 2)
2
(73, 61)
-> Request 1
127
(4, 1, 2)
2
(15, 22)
-> Request 2
408
(1, 2, 1)
1
(23, 44)
-> Request 3
481
(1, 2, 1)
3
(6, 58)
-> Request 4
597
(2, 1, 2)
3
(62, 42)
-> Request 5
607
(2, 2, 1)
3
(55, 46)
-> Request 6
636
(1, 1, 2)
1
(11, 20)
-> Request 7
747
(4, 1, 2)
1
(74, 41)
-> Request 8
843
(3, 2, 1)
2
(24, 28)
-> Request 9
916
(4, 3, 2)
1
(15, 26)
-> Request 10
990
(1, 1, 1)
3
(63, 29)
-> Request 11
1128
(3, 1, 1)
3
(61, 78)
-> Request 12
1156
(4, 1, 2)
1
(56, 39)
-> Request 13
1319
(2, 1, 2)
2
(51, 36)
-> Request 14
1398
(2, 2, 1)
1
(57, 38)
--> Day : 2
-> Request 0
20
(3, 1, 1)
3
(59, 28)
-> Request 1
301
(3, 1, 1)
1
(72, 14)
-> Request 2
350
(3, 1, 1)
3
(46, 5)
-> Request 3
425
(2, 1, 1)
3
(48, 33)
-> Request 4
500
(2, 1, 2)
3
(41, 44)
-> Request 5
500
(2, 1, 1)
1
(57, 46)
-> Request 6
696
(4, 3, 2)
2
(55, 41)
-> Request 7
711
(1, 1, 1)
1
(58, 72)
-> Request 8
1162
(3, 1, 1)
1
(69, 66)
-> Request 9
1259
(3, 2, 2)
3
(44, 36)
-> Request 10
1338
(2, 2, 1)
2
(23, 13)
--> Day : 3
-> Request 0
240
(4, 1, 1)
1
(62, 66)
-> Request 1
743
(1, 1, 2)
1
(34, 32)
-> Request 2
914
(3, 2, 2)
1
(73, 48)
-> Request 3
1210
(4, 3, 1)
2
(14, 21)
--> Day : 4
-> Request 0
104
(4, 2, 1)
2
(58, 76)
-> Request 1
625
(2, 1, 1)
2
(41, 2)
-> Request 2
1045
(1, 2, 2)
2
(45, 28)
-> Request 3
1338
(4, 3, 1)
1
(54, 42)
-> Request 4
1351
(4, 2, 2)
2
(34, 37)
---> Week : 19
--> Day : 0
-> Request 0
625
(4, 3, 1)
3
(44, 43)
-> Request 1
772
(2, 1, 2)
3
(46, 39)
-> Request 2
998
(4, 1, 1)
3
(61, 30)
-> Request 3
1053
(1, 2, 2)
2
(77, 68)
-> Request 4
1059
(1, 1, 2)
2
(10, 26)
-> Request 5
1164
(1, 3, 1)
1
(62, 38)
-> Request 6
1279
(4, 1, 2)
1
(14, 22)
-> Request 7
1343
(3, 1, 2)
3
(11, 17)
--> Day : 1
-> Request 0
185
(1, 2, 2)
3
(21, 37)
-> Request 1
314
(3, 2, 1)
2
(53, 43)
-> Request 2
376
(2, 1, 1)
3
(39, 4)
-> Request 3
746
(3, 3, 2)
3
(41, 36)
-> Request 4
927
(4, 3, 2)
3
(63, 75)
-> Request 5
941
(2, 2, 2)
1
(70, 29)
-> Request 6
969
(1, 3, 2)
1
(39, 8)
-> Request 7
1083
(1, 3, 1)
1
(43, 65)
-> Request 8
1139
(4, 3, 1)
2
(59, 41)
-> Request 9
1150
(2, 3, 2)
1
(40, 12)
-> Request 10
1253
(1, 1, 2)
3
(45, 45)
--> Day : 2
-> Request 0
271
(4, 3, 2)
1
(66, 71)
-> Request 1
499
(4, 3, 1)
1
(55, 36)
-> Request 2
553
(1, 1, 1)
2
(42, 31)
-> Request 3
932
(3, 2, 2)
1
(11, 20)
-> Request 4
984
(4, 1, 1)
1
(8, 7)
-> Request 5
997
(1, 1, 2)
2
(59, 71)
-> Request 6
1035
(1, 3, 2)
2
(51, 52)
-> Request 7
1055
(1, 2, 1)
2
(75, 7)
-> Request 8
1127
(2, 1, 1)
2
(56, 30)
-> Request 9
1160
(1, 1, 1)
3
(51, 44)
-> Request 10
1299
(1, 1, 2)
3
(43, 28)
-> Request 11
1300
(1, 2, 2)
1
(59, 41)
-> Request 12
1311
(3, 1, 1)
1
(50, 45)
-> Request 13
1328
(1, 2, 2)
3
(45, 26)
-> Request 14
1381
(2, 1, 1)
2
(55, 21)
-> Request 15
1396
(3, 1, 2)
1
(59, 31)
--> Day : 3
-> Request 0
43
(3, 3, 2)
2
(59, 77)
-> Request 1
281
(3, 1, 1)
2
(62, 0)
-> Request 2
343
(2, 3, 1)
3
(79, 63)
-> Request 3
622
(4, 1, 1)
2
(46, 34)
-> Request 4
649
(4, 1, 2)
1
(28, 60)
-> Request 5
1123
(3, 2, 2)
3
(54, 35)
--> Day : 4
-> Request 0
17
(2, 3, 2)
2
(20, 63)
-> Request 1
318
(4, 2, 2)
1
(30, 51)
-> Request 2
361
(1, 3, 2)
1
(59, 16)
-> Request 3
980
(2, 2, 2)
3
(47, 42)
-> Request 4
1040
(3, 3, 1)
1
(13, 21)
-> Request 5
1085
(4, 1, 2)
3
(61, 68)
-> Request 6
1437
(4, 1, 2)
3
(71, 65)
