---> Week : 0
--> Day : 0
-> Request 0
44
(4, 2, 2)
2
(62, 38)
-> Request 1
177
(1, 3, 2)
1
(41, 75)
-> Request 2
580
(4, 1, 2)
1
(43, 31)
-> Request 3
592
(4, 1, 2)
2
(55, 70)
-> Request 4
648
(1, 3, 1)
1
(0, 60)
-> Request 5
852
(4, 1, 1)
2
(11, 65)
-> Request 6
865
(3, 2, 1)
2
(75, 43)
-> Request 7
1067
(4, 3, 1)
3
(56, 36)
-> Request 8
1235
(4, 2, 2)
3
(12, 24)
-> Request 9
1291
(4, 1, 2)
1
(0, 0)
-> Request 10
1394
(4, 3, 1)
1
(45, 24)
-> Request 11
1402
(3, 3, 1)
2
(51, 36)
-> Request 12
1411
(3, 2, 2)
3
(16, 35)
--> Day : 1
-> Request 0
136
(2, 3, 1)
1
(14, 22)
-> Request 1
247
(2, 2, 2)
1
(12, 73)
-> Request 2
372
(4, 3, 1)
3
(25, 76)
-> Request 3
525
(2, 1, 2)
2
(19, 49)
-> Request 4
537
(3, 3, 2)
2
(53, 68)
-> Request 5
831
(4, 2, 2)
2
(50, 44)
-> Request 6
878
(1, 3, 2)
2
(11, 21)
-> Request 7
1225
(2, 1, 1)
1
(2, 64)
-> Request 8
1314
(2, 1, 2)
1
(35, 27)
-> Request 9
1324
(3, 1, 2)
3
(50, 38)
--> Day : 2
-> Request 0
94
(2, 2, 2)
2
(65, 59)
-> Request 1
253
(2, 2, 2)
2
(13, 44)
-> Request 2
341
(2, 3, 1)
3
(52, 58)
-> Request 3
381
(1, 1, 2)
1
(56, 70)
-> Request 4
443
(4, 1, 1)
2
(68, 34)
-> Request 5
562
(2, 1, 1)
1
(55, 67)
-> Request 6
641
(3, 2, 2)
1
(63, 62)
-> Request 7
961
(1, 1, 1)
3
(53, 0)
-> Request 8
965
(4, 3, 1)
1
(15, 24)
-> Request 9
1379
(3, 3, 2)
3
(44, 61)
-> Request 10
1392
(4, 3, 2)
3
(43, 8)
--> Day : 3
-> Request 0
185
(4, 2, 1)
1
(50, 38)
-> Request 1
691
(3, 3, 2)
2
(20, 73)
-> Request 2
711
(2, 2, 2)
1
(13, 68)
-> Request 3
763
(1, 2, 1)
1
(68, 68)
-> Request 4
836
(1, 1, 1)
1
(33, 28)
-> Request 5
849
(3, 1, 1)
2
(43, 29)
-> Request 6
1006
(2, 1, 1)
1
(6, 52)
-> Request 7
1055
(2, 1, 2)
3
(57, 71)
-> Request 8
1138
(3, 1, 2)
1
(52, 68)
-> Request 9
1302
(1, 3, 1)
2
(55, 42)
--> Day : 4
-> Request 0
148
(1, 1, 2)
1
(3, 28)
-> Request 1
448
(3, 2, 2)
2
(49, 42)
-> Request 2
504
(4, 2, 1)
2
(16, 23)
-> Request 3
504
(3, 2, 1)
3
(62, 40)
-> Request 4
519
(1, 2, 1)
2
(49, 57)
-> Request 5
662
(3, 2, 1)
3
(58, 8)
-> Request 6
670
(1, 3, 2)
1
(2, 76)
-> Request 7
686
(2, 3, 2)
1
(60, 72)
-> Request 8
889
(3, 2, 2)
1
(61, 40)
-> Request 9
1141
(2, 2, 1)
3
(27, 46)
-> Request 10
1229
(1, 2, 2)
2
(62, 30)
---> Week : 1
--> Day : 0
-> Request 0
10
(4, 3, 2)
1
(8, 8)
-> Request 1
146
(1, 2, 1)
2
(61, 38)
-> Request 2
222
(3, 3, 2)
1
(30, 46)
-> Request 3
324
(3, 1, 1)
2
(72, 51)
-> Request 4
326
(4, 1, 1)
1
(36, 69)
-> Request 5
610
(4, 3, 2)
2
(52, 43)
-> Request 6
753
(2, 2, 1)
1
(44, 31)
-> Request 7
768
(4, 3, 2)
2
(6, 13)
-> Request 8
950
(4, 3, 1)
2
(48, 78)
-> Request 9
1119
(3, 1, 2)
1
(63, 29)
-> Request 10
1134
(1, 3, 2)
1
(53, 29)
-> Request 11
1192
(2, 3, 2)
2
(47, 40)
-> Request 12
1211
(4, 1, 1)
3
(59, 27)
-> Request 13
1318
(2, 3, 1)
1
(61, 71)
-> Request 14
1412
(3, 1, 2)
1
(20, 17)
-> Request 15
1414
(1, 3, 1)
1
(60, 78)
-> Request 16
1424
(1, 2, 2)
3
(56, 75)
--> Day : 1
-> Request 0
301
(4, 2, 2)
3
(42, 19)
-> Request 1
343
(4, 3, 1)
2
(48, 33)
-> Request 2
521
(4, 2, 2)
3
(55, 40)
-> Request 3
819
(3, 3, 2)
2
(12, 20)
-> Request 4
1093
(3, 1, 2)
1
(78, 3)
-> Request 5
1437
(2, 2, 1)
3
(8, 43)
--> Day : 2
-> Request 0
57
(1, 1, 1)
2
(50, 46)
-> Request 1
73
(3, 2, 2)
2
(69, 0)
-> Request 2
103
(4, 2, 1)
1
(47, 29)
-> Request 3
317
(3, 3, 1)
3
(53, 67)
-> Request 4
323
(3, 2, 2)
2
(49, 30)
-> Request 5
1175
(1, 3, 1)
1
(54, 65)
-> Request 6
1175
(2, 1, 2)
3
(60, 75)
--> Day : 3
-> Request 0
33
(1, 2, 2)
2
(48, 45)
-> Request 1
130
(1, 1, 1)
1
(61, 54)
-> Request 2
392
(1, 2, 2)
1
(48, 53)
-> Request 3
553
(2, 2, 1)
2
(62, 26)
-> Request 4
599
(1, 1, 1)
3
(60, 45)
-> Request 5
766
(4, 1, 2)
1
(34, 48)
-> Request 6
804
(2, 3, 2)
3
(48, 62)
-> Request 7
852
(1, 3, 2)
2
(51, 41)
-> Request 8
982
(1, 3, 1)
1
(49, 30)
-> Request 9
1055
(1, 2, 2)
1
(14, 28)
-> Request 10
1142
(2, 2, 2)
3
(76, 3)
-> Request 11
1208
(2, 1, 1)
1
(74, 16)
-> Request 12
1232
(1, 1, 2)
3
(47, 30)
--> Day : 4
-> Request 0
11
(2, 3, 2)
1
(24, 73)
-> Request 1
984
(1, 2, 1)
3
(53, 74)
---> Week : 2
--> Day : 0
-> Request 0
0
(2, 1, 2)
3
(18, 40)
-> Request 1
331
(4, 3, 1)
3
(61, 38)
-> Request 2
466
(2, 2, 1)
1
(62, 31)
-> Request 3
652
(4, 2, 1)
1
(67, 36)
-> Request 4
755
(3, 2, 1)
2
(41, 58)
-> Request 5
765
(2, 3, 2)
1
(55, 38)
-> Request 6
850
(2, 1, 1)
3
(43, 37)
-> Request 7
850
(3, 2, 1)
2
(64, 77)
-> Request 8
1118
(3, 2, 2)
2
(32, 66)
-> Request 9
1140
(3, 2, 1)
2
(17, 28)
-> Request 10
1148
(2, 1, 1)
3
(16, 28)
--> Day : 1
-> Request 0
48
(2, 2, 2)
1
(15, 20)
-> Request 1
148
(2, 1, 2)
3
(18, 74)
-> Request 2
526
(3, 2, 2)
3
(8, 46)
-> Request 3
873
(1, 3, 1)
2
(64, 71)
-> Request 4
892
(4, 2, 2)
1
(62, 66)
-> Request 5
953
(2, 1, 1)
2
(48, 30)
-> Request 6
1327
(2, 1, 2)
2
(62, 38)
--> Day : 2
-> Request 0
40
(2, 2, 2)
1
(50, 74)
-> Request 1
115
(1, 3, 2)
3
(51, 13)
-> Request 2
372
(4, 3, 2)
2
(12, 28)
-> Request 3
607
(1, 2, 2)
3
(73, 27)
-> Request 4
765
(3, 1, 2)
3
(58, 41)
-> Request 5
1095
(1, 1, 2)
2
(60, 34)
-> Request 6
1261
(4, 1, 1)
2
(60, 77)
--> Day : 3
-> Request 0
137
(2, 1, 2)
3
(36, 69)
-> Request 1
156
(2, 3, 2)
1
(12, 17)
-> Request 2
348
(2, 1, 2)
2
(48, 45)
-> Request 3
442
(4, 1, 2)
3
(43, 27)
-> Request 4
1123
(4, 3, 1)
1
(47, 27)
-> Request 5
1311
(1, 2, 2)
2
(71, 51)
-> Request 6
1393
(3, 2, 1)
3
(1, 10)
--> Day : 4
-> Request 0
117
(1, 2, 1)
3
(45, 38)
-> Request 1
308
(1, 2, 2)
2
(11, 2)
-> Request 2
474
(3, 1, 2)
1
(78, 62)
-> Request 3
550
(4, 1, 1)
2
(51, 73)
-> Request 4
934
(2, 2, 1)
3
(14, 26)
-> Request 5
1011
(1, 3, 2)
2
(54, 28)
-> Request 6
1043
(4, 1, 2)
3
(1, 10)
-> Request 7
1235
(1, 1, 2)
2
(43, 44)
-> Request 8
1246
(4, 1, 2)
3
(60, 40)
-> Request 9
1322
(4, 2, 1)
3
(57, 69)
-> Request 10
1348
(2, 1, 2)
3
(46, 79)
-> Request 11
1400
(3, 3, 2)
1
(54, 41)
-> Request 12
1412
(4, 2, 2)
3
(42, 7)
---> Week : 3
--> Day : 0
-> Request 0
407
(3, 2, 2)
3
(60, 71)
-> Request 1
794
(4, 1, 2)
3
(52, 35)
-> Request 2
968
(2, 1, 2)
1
(13, 26)
-> Request 3
990
(1, 2, 1)
2
(54, 35)
-> Request 4
1069
(4, 1, 1)
3
(53, 69)
--> Day : 1
-> Request 0
52
(2, 1, 1)
1
(13, 24)
-> Request 1
253
(2, 1, 1)
1
(54, 73)
-> Request 2
325
(1, 1, 1)
3
(26, 12)
-> Request 3
729
(2, 2, 1)
1
(61, 71)
-> Request 4
1091
(2, 1, 1)
1
(57, 37)
-> Request 5
1136
(3, 3, 1)
1
(58, 35)
--> Day : 2
-> Request 0
61
(4, 1, 1)
2
(53, 27)
-> Request 1
163
(1, 3, 2)
2
(56, 67)
-> Request 2
178
(3, 2, 2)
1
(66, 52)
-> Request 3
345
(3, 1, 1)
1
(18, 70)
-> Request 4
356
(1, 2, 2)
3
(44, 7)
-> Request 5
452
(4, 3, 2)
3
(41, 23)
-> Request 6
477
(2, 2, 1)
1
(13, 5)
-> Request 7
589
(2, 1, 1)
3
(56, 41)
-> Request 8
966
(2, 3, 1)
3
(66, 72)
-> Request 9
1190
(4, 3, 2)
2
(64, 21)
-> Request 10
1359
(2, 3, 1)
3
(53, 12)
-> Request 11
1410
(4, 1, 2)
1
(55, 15)
--> Day : 3
-> Request 0
1
(3, 3, 2)
2
(57, 32)
-> Request 1
54
(2, 3, 1)
3
(12, 64)
-> Request 2
74
(2, 3, 1)
1
(6, 18)
-> Request 3
239
(3, 3, 2)
1
(55, 32)
-> Request 4
428
(3, 2, 1)
1
(38, 62)
-> Request 5
504
(2, 2, 2)
1
(39, 62)
-> Request 6
629
(2, 2, 2)
3
(59, 71)
-> Request 7
727
(2, 1, 2)
1
(25, 35)
-> Request 8
966
(3, 3, 1)
3
(63, 74)
-> Request 9
1313
(2, 3, 1)
3
(21, 45)
--> Day : 4
-> Request 0
228
(1, 2, 2)
2
(74, 60)
-> Request 1
400
(2, 3, 2)
2
(18, 39)
-> Request 2
401
(1, 2, 1)
3
(51, 33)
-> Request 3
766
(1, 1, 2)
1
(62, 40)
-> Request 4
902
(2, 1, 1)
3
(60, 71)
-> Request 5
1021
(1, 1, 1)
1
(29, 34)
-> Request 6
1375
(1, 3, 2)
3
(62, 44)
-> Request 7
1380
(3, 1, 1)
1
(52, 41)
-> Request 8
1385
(4, 3, 2)
1
(33, 57)
-> Request 9
1407
(2, 1, 2)
3
(56, 19)
-> Request 10
1418
(2, 3, 2)
1
(18, 17)
---> Week : 4
--> Day : 0
-> Request 0
53
(3, 3, 1)
1
(65, 72)
-> Request 1
80
(4, 3, 2)
2
(59, 28)
-> Request 2
370
(1, 1, 2)
1
(44, 9)
-> Request 3
891
(2, 1, 1)
1
(53, 42)
-> Request 4
1008
(3, 2, 2)
1
(58, 40)
-> Request 5
1108
(1, 3, 2)
2
(58, 37)
-> Request 6
1293
(4, 2, 1)
3
(44, 44)
--> Day : 1
-> Request 0
139
(1, 3, 2)
3
(58, 72)
-> Request 1
153
(3, 3, 2)
1
(16, 20)
-> Request 2
276
(3, 3, 2)
2
(55, 69)
-> Request 3
435
(2, 1, 2)
3
(54, 74)
-> Request 4
451
(2, 1, 2)
1
(34, 0)
-> Request 5
823
(1, 3, 2)
3
(48, 48)
-> Request 6
1086
(4, 3, 2)
3
(55, 74)
-> Request 7
1188
(4, 3, 2)
2
(24, 71)
-> Request 8
1210
(2, 1, 2)
1
(65, 25)
-> Request 9
1279
(3, 1, 1)
2
(59, 42)
-> Request 10
1371
(1, 1, 1)
1
(79, 45)
--> Day : 2
-> Request 0
375
(2, 2, 1)
2
(47, 42)
-> Request 1
865
(1, 1, 1)
2
(55, 38)
-> Request 2
1067
(4, 2, 1)
3
(38, 36)
-> Request 3
1132
(2, 3, 2)
1
(58, 39)
-> Request 4
1248
(1, 1, 2)
1
(66, 76)
-> Request 5
1355
(4, 2, 1)
3
(14, 20)
-> Request 6
1362
(3, 2, 2)
3
(60, 46)
--> Day : 3
-> Request 0
143
(1, 2, 1)
1
(58, 38)
-> Request 1
177
(3, 3, 2)
2
(55, 74)
-> Request 2
221
(2, 2, 1)
2
(53, 30)
-> Request 3
351
(4, 3, 1)
1
(55, 27)
-> Request 4
767
(2, 2, 2)
3
(75, 63)
-> Request 5
804
(3, 2, 2)
3
(62, 45)
-> Request 6
870
(4, 2, 2)
1
(13, 46)
-> Request 7
1214
(2, 2, 2)
1
(51, 42)
-> Request 8
1247
(1, 2, 2)
2
(45, 15)
-> Request 9
1341
(1, 1, 2)
1
(9, 28)
-> Request 10
1409
(4, 2, 2)
2
(14, 23)
--> Day : 4
-> Request 0
11
(3, 2, 1)
3
(35, 34)
-> Request 1
320
(4, 3, 1)
2
(38, 14)
-> Request 2
439
(2, 3, 1)
1
(2, 12)
-> Request 3
922
(3, 2, 1)
3
(47, 0)
-> Request 4
1329
(3, 2, 2)
3
(8, 51)
-> Request 5
1427
(2, 1, 1)
3
(53, 11)
---> Week : 5
--> Day : 0
-> Request 0
56
(3, 2, 1)
1
(46, 41)
-> Request 1
115
(3, 1, 1)
2
(14, 27)
-> Request 2
965
(2, 2, 1)
3
(52, 18)
-> Request 3
1142
(1, 2, 2)
2
(22, 72)
-> Request 4
1384
(2, 1, 1)
2
(66, 52)
--> Day : 1
-> Request 0
460
(2, 3, 1)
3
(43, 31)
-> Request 1
493
(1, 2, 1)
1
(59, 2)
-> Request 2
640
(3, 3, 2)
3
(53, 48)
-> Request 3
663
(1, 1, 1)
1
(33, 45)
-> Request 4
705
(4, 3, 2)
2
(52, 40)
-> Request 5
929
(3, 2, 2)
3
(55, 41)
-> Request 6
978
(2, 3, 1)
3
(55, 40)
-> Request 7
1003
(3, 3, 2)
1
(50, 18)
--> Day : 2
-> Request 0
93
(4, 3, 2)
2
(68, 18)
-> Request 1
161
(4, 3, 1)
2
(78, 79)
-> Request 2
356
(2, 3, 1)
2
(15, 36)
-> Request 3
368
(1, 2, 2)
3
(4, 23)
-> Request 4
498
(1, 1, 2)
3
(43, 33)
-> Request 5
534
(4, 3, 2)
2
(66, 73)
-> Request 6
574
(4, 1, 2)
2
(38, 4)
-> Request 7
589
(3, 2, 2)
2
(44, 36)
-> Request 8
590
(2, 1, 2)
2
(43, 27)
-> Request 9
616
(3, 3, 1)
2
(4, 13)
-> Request 10
666
(2, 3, 1)
3
(2, 30)
-> Request 11
791
(2, 1, 1)
3
(76, 7)
-> Request 12
830
(3, 1, 1)
2
(58, 31)
-> Request 13
879
(2, 2, 2)
2
(12, 29)
-> Request 14
1238
(4, 1, 1)
2
(6, 37)
-> Request 15
1438
(3, 2, 2)
2
(54, 39)
--> Day : 3
-> Request 0
70
(1, 2, 2)
1
(47, 59)
-> Request 1
352
(2, 3, 2)
1
(57, 65)
-> Request 2
530
(1, 2, 1)
2
(76, 65)
-> Request 3
607
(3, 3, 2)
2
(31, 41)
-> Request 4
701
(2, 2, 1)
3
(64, 71)
-> Request 5
738
(4, 2, 1)
1
(12, 75)
-> Request 6
780
(1, 2, 2)
1
(44, 36)
-> Request 7
1243
(4, 1, 1)
2
(55, 59)
-> Request 8
1380
(4, 3, 1)
2
(7, 19)
--> Day : 4
-> Request 0
35
(1, 3, 1)
1
(55, 72)
-> Request 1
594
(4, 2, 1)
3
(45, 34)
-> Request 2
715
(4, 3, 1)
3
(62, 66)
-> Request 3
941
(1, 1, 1)
2
(14, 23)
-> Request 4
1042
(2, 1, 1)
2
(46, 61)
-> Request 5
1154
(1, 2, 1)
2
(66, 77)
-> Request 6
1183
(1, 3, 1)
3
(61, 12)
-> Request 7
1332
(3, 2, 1)
2
(12, 24)
-> Request 8
1358
(4, 2, 2)
2
(55, 35)
-> Request 9
1422
(4, 2, 2)
2
(71, 22)
---> Week : 6
--> Day : 0
-> Request 0
131
(3, 3, 2)
3
(57, 38)
-> Request 1
352
(3, 2, 2)
1
(16, 49)
-> Request 2
469
(4, 2, 1)
1
(18, 68)
-> Request 3
496
(4, 2, 1)
3
(78, 6)
-> Request 4
798
(3, 2, 1)
1
(43, 18)
-> Request 5
852
(1, 3, 1)
3
(46, 34)
-> Request 6
1015
(3, 1, 1)
2
(63, 30)
-> Request 7
1087
(4, 2, 2)
3
(3, 50)
-> Request 8
1092
(3, 2, 2)
3
(64, 77)
-> Request 9
1346
(2, 3, 2)
2
(51, 35)
--> Day : 1
-> Request 0
6
(1, 2, 1)
2
(15, 44)
-> Request 1
145
(1, 3, 2)
3
(53, 74)
-> Request 2
191
(4, 1, 1)
1
(61, 43)
-> Request 3
337
(3, 3, 1)
1
(59, 65)
-> Request 4
504
(3, 1, 2)
1
(49, 46)
-> Request 5
635
(4, 2, 2)
1
(70, 62)
-> Request 6
842
(2, 2, 1)
1
(51, 34)
-> Request 7
957
(3, 1, 1)
3
(52, 73)
-> Request 8
1112
(3, 1, 2)
1
(50, 1)
-> Request 9
1306
(1, 2, 2)
3
(51, 32)
-> Request 10
1366
(2, 1, 1)
3
(10, 41)
--> Day : 2
-> Request 0
162
(1, 3, 2)
1
(56, 74)
-> Request 1
316
(2, 1, 1)
1
(30, 14)
-> Request 2
420
(1, 3, 1)
1
(62, 75)
-> Request 3
527
(4, 2, 2)
2
(56, 65)
-> Request 4
650
(4, 3, 2)
1
(75, 63)
-> Request 5
805
(1, 1, 1)
2
(46, 78)
-> Request 6
987
(1, 1, 1)
2
(53, 46)
-> Request 7
1022
(3, 3, 1)
1
(58, 41)
-> Request 8
1188
(1, 1, 1)
3
(51, 42)
-> Request 9
1315
(3, 2, 2)
2
(63, 45)
-> Request 10
1355
(4, 2, 1)
2
(45, 41)
--> Day : 3
-> Request 0
37
(3, 3, 1)
1
(60, 42)
-> Request 1
193
(1, 2, 1)
1
(60, 65)
-> Request 2
238
(3, 2, 2)
2
(45, 63)
-> Request 3
245
(3, 2, 2)
3
(46, 28)
-> Request 4
341
(2, 1, 2)
2
(25, 10)
-> Request 5
415
(1, 1, 1)
3
(39, 25)
-> Request 6
560
(4, 2, 1)
3
(55, 34)
-> Request 7
635
(4, 1, 1)
1
(62, 32)
-> Request 8
691
(1, 1, 2)
1
(78, 8)
-> Request 9
1199
(1, 1, 1)
1
(62, 49)
-> Request 10
1331
(3, 1, 2)
2
(17, 25)
-> Request 11
1391
(4, 3, 1)
1
(4, 69)
-> Request 12
1424
(1, 1, 2)
1
(50, 30)
--> Day : 4
-> Request 0
22
(1, 1, 2)
3
(16, 26)
-> Request 1
75
(4, 1, 1)
1
(46, 42)
-> Request 2
448
(1, 1, 1)
2
(49, 37)
-> Request 3
569
(1, 1, 1)
2
(31, 24)
-> Request 4
570
(2, 2, 2)
3
(9, 22)
-> Request 5
719
(3, 1, 1)
1
(49, 37)
-> Request 6
881
(1, 1, 2)
3
(46, 34)
-> Request 7
914
(2, 3, 1)
2
(20, 53)
-> Request 8
1000
(1, 1, 2)
3
(11, 22)
-> Request 9
1215
(2, 2, 1)
2
(58, 43)
-> Request 10
1222
(1, 3, 2)
2
(45, 45)
-> Request 11
1278
(2, 2, 1)
2
(48, 29)
-> Request 12
1373
(3, 2, 1)
2
(31, 61)
---> Week : 7
--> Day : 0
-> Request 0
2
(4, 2, 2)
2
(53, 34)
-> Request 1
227
(2, 1, 1)
3
(43, 33)
-> Request 2
354
(1, 3, 2)
2
(55, 39)
-> Request 3
466
(1, 1, 1)
1
(26, 66)
-> Request 4
497
(3, 1, 2)
1
(22, 41)
-> Request 5
597
(1, 2, 1)
2
(64, 68)
-> Request 6
827
(1, 1, 2)
1
(45, 31)
-> Request 7
1271
(1, 3, 2)
3
(12, 58)
-> Request 8
1370
(2, 2, 1)
3
(57, 63)
-> Request 9
1397
(1, 1, 2)
2
(17, 21)
--> Day : 1
-> Request 0
304
(1, 3, 2)
1
(74, 24)
-> Request 1
626
(3, 2, 2)
2
(50, 16)
-> Request 2
800
(4, 3, 2)
1
(33, 68)
-> Request 3
923
(2, 1, 2)
2
(52, 58)
-> Request 4
1157
(2, 1, 2)
3
(0, 39)
-> Request 5
1167
(2, 1, 1)
2
(58, 72)
-> Request 6
1171
(4, 1, 2)
3
(53, 73)
-> Request 7
1354
(1, 2, 2)
2
(3, 46)
--> Day : 2
-> Request 0
185
(3, 1, 1)
2
(12, 22)
-> Request 1
262
(1, 2, 2)
1
(58, 76)
-> Request 2
266
(1, 1, 1)
1
(77, 21)
-> Request 3
337
(3, 3, 1)
3
(51, 44)
-> Request 4
340
(2, 3, 1)
1
(44, 43)
-> Request 5
368
(1, 2, 2)
3
(56, 34)
-> Request 6
705
(3, 2, 1)
2
(53, 12)
-> Request 7
708
(1, 1, 2)
2
(70, 52)
-> Request 8
975
(4, 2, 1)
3
(47, 45)
-> Request 9
982
(2, 2, 1)
2
(12, 20)
-> Request 10
1377
(3, 3, 2)
2
(59, 54)
-> Request 11
1383
(1, 1, 1)
1
(54, 46)
--> Day : 3
-> Request 0
247
(4, 1, 1)
2
(78, 28)
-> Request 1
251
(4, 1, 1)
3
(58, 77)
-> Request 2
377
(3, 2, 2)
2
(48, 32)
-> Request 3
417
(1, 3, 2)
1
(27, 75)
-> Request 4
489
(2, 2, 2)
2
(15, 20)
-> Request 5
792
(2, 1, 2)
2
(61, 32)
--> Day : 4
-> Request 0
263
(1, 3, 1)
1
(12, 25)
-> Request 1
500
(1, 3, 1)
1
(65, 70)
-> Request 2
599
(1, 3, 1)
2
(79, 53)
-> Request 3
680
(4, 2, 1)
3
(47, 45)
-> Request 4
763
(3, 1, 2)
1
(49, 25)
-> Request 5
887
(1, 1, 2)
3
(78, 73)
-> Request 6
981
(4, 3, 2)
1
(52, 75)
---> Week : 8
--> Day : 0
-> Request 0
302
(1, 2, 1)
1
(44, 27)
-> Request 1
314
(2, 2, 1)
1
(47, 38)
-> Request 2
771
(1, 3, 2)
3
(41, 21)
-> Request 3
961
(2, 3, 2)
1
(57, 37)
-> Request 4
1144
(2, 1, 2)
1
(59, 39)
-> Request 5
1275
(2, 1, 2)
2
(55, 35)
-> Request 6
1424
(1, 1, 2)
3
(45, 38)
--> Day : 1
-> Request 0
523
(2, 3, 2)
1
(5, 1)
-> Request 1
640
(2, 1, 1)
2
(61, 77)
-> Request 2
716
(4, 2, 1)
2
(61, 68)
-> Request 3
1015
(2, 3, 2)
2
(77, 67)
-> Request 4
1118
(4, 3, 2)
1
(52, 65)
--> Day : 2
-> Request 0
38
(4, 1, 1)
1
(63, 75)
-> Request 1
734
(3, 2, 1)
2
(21, 43)
-> Request 2
734
(1, 2, 2)
2
(47, 15)
--> Day : 3
-> Request 0
202
(3, 2, 2)
2
(58, 34)
-> Request 1
220
(1, 3, 2)
1
(48, 59)
-> Request 2
296
(4, 2, 2)
2
(60, 45)
-> Request 3
580
(4, 3, 1)
2
(28, 51)
-> Request 4
608
(3, 3, 1)
2
(47, 30)
-> Request 5
820
(2, 2, 1)
2
(56, 29)
-> Request 6
986
(2, 2, 1)
1
(61, 31)
-> Request 7
1037
(3, 1, 1)
3
(51, 63)
-> Request 8
1063
(2, 1, 2)
1
(63, 65)
-> Request 9
1415
(3, 3, 2)
3
(44, 45)
--> Day : 4
-> Request 0
25
(1, 2, 1)
1
(21, 35)
-> Request 1
36
(4, 3, 2)
3
(56, 74)
-> Request 2
69
(1, 1, 1)
1
(29, 52)
-> Request 3
247
(2, 3, 1)
1
(62, 34)
-> Request 4
383
(4, 1, 2)
1
(72, 4)
-> Request 5
530
(3, 3, 2)
1
(49, 42)
-> Request 6
545
(1, 2, 2)
1
(55, 30)
-> Request 7
613
(2, 2, 2)
1
(9, 20)
-> Request 8
617
(1, 2, 1)
1
(18, 32)
-> Request 9
686
(3, 3, 2)
3
(13, 50)
-> Request 10
784
(2, 2, 1)
1
(52, 71)
-> Request 11
847
(2, 2, 2)
2
(38, 47)
-> Request 12
947
(3, 3, 1)
1
(52, 61)
-> Request 13
979
(1, 2, 2)
3
(54, 45)
-> Request 14
1081
(4, 1, 1)
2
(45, 32)
-> Request 15
1150
(1, 2, 2)
2
(5, 25)
-> Request 16
1250
(1, 1, 2)
2
(58, 64)
-> Request 17
1400
(2, 2, 1)
2
(4, 3)
---> Week : 9
--> Day : 0
-> Request 0
117
(3, 3, 1)
1
(56, 58)
-> Request 1
226
(2, 2, 2)
2
(54, 25)
-> Request 2
495
(4, 1, 1)
1
(23, 47)
-> Request 3
566
(1, 1, 1)
3
(59, 36)
-> Request 4
600
(3, 3, 2)
1
(26, 27)
-> Request 5
662
(4, 1, 1)
3
(62, 38)
-> Request 6
677
(2, 3, 2)
3
(12, 76)
-> Request 7
712
(4, 1, 1)
3
(44, 37)
-> Request 8
865
(4, 2, 2)
1
(53, 40)
-> Request 9
920
(2, 2, 1)
2
(17, 20)
-> Request 10
1258
(4, 3, 2)
2
(49, 43)
-> Request 11
1300
(2, 1, 2)
1
(5, 29)
--> Day : 1
-> Request 0
72
(4, 2, 2)
1
(56, 41)
-> Request 1
92
(1, 1, 1)
3
(54, 41)
-> Request 2
151
(2, 3, 1)
2
(60, 44)
-> Request 3
372
(2, 1, 1)
3
(32, 54)
-> Request 4
433
(2, 1, 2)
1
(45, 5)
-> Request 5
863
(1, 2, 1)
2
(8, 21)
-> Request 6
961
(4, 1, 1)
2
(15, 25)
-> Request 7
1000
(4, 3, 2)
1
(44, 40)
-> Request 8
1024
(1, 3, 2)
3
(70, 58)
-> Request 9
1106
(2, 3, 1)
2
(57, 40)
-> Request 10
1355
(1, 3, 1)
1
(9, 21)
--> Day : 2
-> Request 0
184
(4, 2, 2)
2
(43, 32)
-> Request 1
237
(1, 1, 1)
1
(46, 39)
-> Request 2
578
(1, 1, 2)
2
(52, 29)
-> Request 3
687
(1, 3, 1)
2
(59, 78)
-> Request 4
805
(2, 1, 1)
1
(47, 19)
-> Request 5
871
(1, 3, 2)
3
(8, 19)
-> Request 6
1113
(3, 3, 1)
1
(49, 46)
-> Request 7
1163
(3, 1, 1)
2
(63, 67)
--> Day : 3
-> Request 0
370
(4, 3, 2)
3
(65, 67)
-> Request 1
473
(2, 1, 1)
3
(36, 30)
-> Request 2
706
(4, 2, 2)
2
(53, 31)
-> Request 3
996
(3, 1, 1)
2
(43, 29)
-> Request 4
1169
(3, 1, 2)
2
(60, 31)
-> Request 5
1170
(3, 2, 2)
2
(48, 42)
--> Day : 4
-> Request 0
127
(4, 2, 2)
3
(11, 21)
-> Request 1
333
(4, 1, 2)
3
(57, 46)
-> Request 2
363
(2, 2, 1)
2
(45, 46)
-> Request 3
526
(3, 1, 1)
2
(14, 29)
-> Request 4
1015
(1, 3, 1)
1
(56, 31)
-> Request 5
1127
(2, 3, 2)
2
(56, 1)
-> Request 6
1325
(4, 1, 2)
3
(40, 35)
---> Week : 10
--> Day : 0
-> Request 0
131
(3, 3, 1)
3
(60, 76)
-> Request 1
184
(2, 1, 2)
3
(30, 60)
-> Request 2
270
(2, 3, 1)
2
(63, 69)
-> Request 3
472
(2, 2, 2)
3
(5, 20)
-> Request 4
520
(2, 1, 2)
2
(37, 45)
-> Request 5
934
(1, 1, 2)
2
(45, 43)
-> Request 6
1062
(3, 3, 2)
2
(27, 40)
-> Request 7
1065
(4, 2, 2)
3
(15, 22)
--> Day : 1
-> Request 0
171
(1, 3, 2)
2
(53, 78)
-> Request 1
266
(3, 2, 2)
2
(8, 67)
-> Request 2
413
(1, 3, 1)
1
(13, 28)
-> Request 3
924
(2, 3, 2)
2
(58, 66)
--> Day : 2
-> Request 0
140
(4, 1, 1)
3
(53, 67)
-> Request 1
356
(2, 1, 1)
2
(63, 16)
-> Request 2
381
(4, 3, 2)
1
(48, 75)
-> Request 3
438
(3, 3, 2)
3
(65, 66)
-> Request 4
516
(2, 3, 1)
2
(44, 32)
-> Request 5
530
(3, 3, 1)
1
(38, 62)
-> Request 6
565
(4, 2, 2)
1
(1, 31)
-> Request 7
706
(3, 1, 2)
3
(48, 46)
-> Request 8
886
(3, 1, 2)
3
(62, 46)
-> Request 9
901
(4, 2, 1)
2
(66, 68)
-> Request 10
990
(3, 2, 2)
3
(54, 38)
-> Request 11
1003
(2, 1, 1)
2
(21, 59)
-> Request 12
1207
(3, 1, 2)
2
(48, 32)
--> Day : 3
-> Request 0
777
(4, 3, 1)
1
(69, 17)
-> Request 1
923
(2, 2, 2)
3
(41, 8)
-> Request 2
999
(3, 1, 2)
3
(78, 26)
-> Request 3
1266
(2, 3, 2)
2
(8, 19)
-> Request 4
1292
(3, 2, 1)
2
(73, 38)
-> Request 5
1327
(1, 1, 2)
2
(66, 68)
-> Request 6
1432
(2, 3, 2)
2
(73, 10)
--> Day : 4
-> Request 0
21
(4, 3, 2)
2
(25, 34)
-> Request 1
219
(1, 3, 1)
1
(58, 31)
-> Request 2
300
(3, 2, 1)
3
(61, 27)
-> Request 3
301
(4, 1, 2)
2
(61, 53)
-> Request 4
591
(2, 1, 1)
1
(46, 34)
-> Request 5
745
(1, 2, 1)
1
(56, 56)
-> Request 6
790
(3, 3, 1)
2
(67, 15)
-> Request 7
1009
(3, 1, 1)
3
(34, 67)
-> Request 8
1071
(4, 2, 2)
3
(49, 40)
-> Request 9
1189
(1, 1, 2)
1
(54, 34)
-> Request 10
1317
(2, 1, 2)
3
(52, 32)
---> Week : 11
--> Day : 0
-> Request 0
35
(4, 1, 2)
2
(21, 65)
-> Request 1
37
(3, 2, 2)
2
(58, 68)
-> Request 2
278
(4, 1, 1)
3
(25, 45)
-> Request 3
297
(3, 3, 2)
3
(20, 0)
-> Request 4
582
(2, 3, 2)
1
(52, 72)
-> Request 5
752
(1, 1, 1)
2
(56, 67)
-> Request 6
930
(1, 3, 1)
2
(25, 26)
-> Request 7
1231
(4, 1, 1)
3
(43, 68)
-> Request 8
1312
(3, 2, 2)
3
(62, 71)
-> Request 9
1365
(4, 1, 2)
2
(64, 77)
--> Day : 1
-> Request 0
27
(3, 2, 1)
3
(46, 3)
-> Request 1
46
(2, 1, 1)
1
(8, 23)
-> Request 2
285
(4, 3, 2)
3
(44, 35)
-> Request 3
357
(2, 3, 1)
1
(33, 1)
-> Request 4
624
(2, 1, 2)
3
(54, 29)
-> Request 5
664
(3, 1, 1)
2
(61, 71)
-> Request 6
669
(3, 3, 2)
1
(52, 34)
-> Request 7
719
(2, 1, 2)
3
(74, 17)
-> Request 8
818
(2, 3, 2)
2
(58, 27)
-> Request 9
908
(2, 3, 2)
3
(49, 44)
-> Request 10
959
(3, 3, 1)
3
(53, 36)
-> Request 11
1282
(3, 3, 1)
3
(23, 32)
-> Request 12
1312
(2, 1, 2)
3
(56, 74)
--> Day : 2
-> Request 0
100
(4, 2, 2)
3
(45, 43)
-> Request 1
138
(1, 3, 1)
1
(57, 40)
-> Request 2
250
(1, 3, 2)
3
(19, 10)
-> Request 3
390
(1, 3, 1)
1
(1, 18)
-> Request 4
496
(4, 1, 2)
3
(50, 32)
-> Request 5
544
(1, 2, 1)
3
(29, 59)
-> Request 6
790
(2, 1, 1)
2
(62, 29)
-> Request 7
845
(1, 2, 2)
3
(55, 37)
-> Request 8
903
(3, 1, 1)
3
(51, 35)
-> Request 9
1034
(4, 1, 2)
2
(65, 51)
-> Request 10
1155
(2, 2, 2)
1
(2, 77)
-> Request 11
1378
(4, 3, 1)
1
(46, 30)
--> Day : 3
-> Request 0
29
(1, 1, 1)
1
(59, 39)
-> Request 1
62
(4, 2, 1)
1
(43, 33)
-> Request 2
104
(2, 1, 1)
1
(60, 19)
-> Request 3
313
(3, 1, 1)
2
(33, 25)
-> Request 4
398
(4, 3, 1)
1
(60, 35)
-> Request 5
617
(4, 2, 1)
2
(48, 44)
-> Request 6
904
(4, 2, 2)
3
(59, 38)
-> Request 7
952
(1, 1, 2)
2
(62, 28)
-> Request 8
1392
(2, 3, 2)
3
(34, 65)
--> Day : 4
-> Request 0
9
(3, 1, 2)
3
(57, 65)
-> Request 1
73
(1, 2, 1)
2
(54, 34)
-> Request 2
79
(4, 1, 1)
1
(77, 3)
-> Request 3
477
(1, 3, 1)
3
(45, 32)
-> Request 4
615
(3, 2, 2)
3
(1, 32)
-> Request 5
816
(1, 3, 1)
2
(22, 65)
---> Week : 12
--> Day : 0
-> Request 0
121
(1, 2, 1)
3
(26, 57)
-> Request 1
131
(3, 3, 2)
1
(48, 54)
-> Request 2
748
(2, 1, 2)
1
(65, 68)
-> Request 3
876
(3, 1, 1)
3
(57, 28)
-> Request 4
1205
(4, 1, 1)
1
(43, 31)
--> Day : 1
-> Request 0
272
(2, 1, 1)
3
(3, 41)
-> Request 1
389
(1, 3, 2)
1
(76, 64)
-> Request 2
595
(2, 2, 1)
1
(71, 13)
-> Request 3
684
(1, 2, 2)
2
(46, 45)
-> Request 4
739
(3, 3, 2)
2
(46, 57)
-> Request 5
911
(2, 1, 2)
1
(58, 27)
-> Request 6
949
(1, 3, 1)
3
(27, 60)
-> Request 7
965
(2, 2, 1)
3
(50, 10)
-> Request 8
994
(4, 2, 2)
1
(14, 26)
-> Request 9
998
(3, 1, 2)
3
(8, 29)
-> Request 10
1104
(2, 1, 2)
2
(8, 29)
-> Request 11
1148
(4, 3, 2)
3
(61, 32)
-> Request 12
1192
(2, 3, 2)
1
(64, 78)
-> Request 13
1213
(4, 3, 1)
1
(56, 78)
-> Request 14
1293
(2, 1, 2)
3
(61, 35)
--> Day : 2
-> Request 0
0
(1, 1, 2)
3
(60, 72)
-> Request 1
109
(2, 1, 2)
3
(55, 75)
-> Request 2
316
(4, 2, 1)
1
(51, 40)
-> Request 3
464
(1, 1, 1)
1
(62, 43)
-> Request 4
495
(1, 3, 2)
1
(38, 19)
-> Request 5
510
(2, 3, 2)
1
(19, 40)
-> Request 6
609
(3, 2, 2)
1
(52, 61)
-> Request 7
669
(2, 3, 2)
2
(48, 32)
-> Request 8
762
(1, 1, 1)
3
(72, 50)
-> Request 9
995
(3, 1, 2)
3
(52, 41)
-> Request 10
1061
(2, 1, 1)
3
(54, 30)
-> Request 11
1173
(3, 1, 1)
1
(77, 20)
-> Request 12
1197
(2, 2, 1)
3
(55, 45)
-> Request 13
1224
(2, 1, 1)
1
(16, 21)
-> Request 14
1232
(2, 1, 1)
2
(51, 41)
-> Request 15
1348
(4, 2, 1)
1
(51, 39)
-> Request 16
1432
(2, 3, 1)
2
(77, 5)
--> Day : 3
-> Request 0
310
(3, 3, 2)
1
(37, 31)
-> Request 1
982
(3, 1, 2)
2
(13, 27)
-> Request 2
1132
(2, 2, 2)
2
(57, 74)
-> Request 3
1139
(3, 1, 1)
2
(45, 36)
-> Request 4
1150
(2, 1, 2)
3
(75, 41)
-> Request 5
1194
(1, 2, 2)
2
(66, 66)
-> Request 6
1355
(4, 1, 2)
3
(27, 28)
-> Request 7
1363
(2, 2, 1)
3
(66, 59)
--> Day : 4
-> Request 0
109
(3, 2, 1)
3
(78, 61)
-> Request 1
130
(4, 3, 2)
1
(63, 65)
-> Request 2
151
(3, 1, 2)
3
(53, 70)
-> Request 3
278
(1, 2, 1)
2
(62, 70)
-> Request 4
291
(3, 2, 2)
2
(29, 33)
-> Request 5
444
(3, 1, 2)
2
(34, 50)
-> Request 6
489
(2, 3, 2)
1
(63, 19)
-> Request 7
722
(3, 1, 2)
3
(8, 12)
-> Request 8
762
(1, 1, 2)
2
(27, 29)
-> Request 9
809
(3, 2, 1)
1
(33, 15)
-> Request 10
890
(1, 1, 2)
2
(44, 69)
-> Request 11
928
(3, 3, 1)
2
(57, 66)
-> Request 12
1201
(3, 2, 1)
1
(12, 12)
-> Request 13
1211
(4, 3, 1)
3
(44, 16)
-> Request 14
1368
(1, 3, 1)
1
(70, 64)
---> Week : 13
--> Day : 0
-> Request 0
137
(2, 3, 1)
2
(17, 53)
-> Request 1
309
(4, 3, 1)
1
(62, 66)
-> Request 2
336
(4, 3, 2)
1
(63, 77)
-> Request 3
829
(1, 1, 2)
3
(27, 10)
-> Request 4
1108
(4, 1, 1)
3
(64, 68)
-> Request 5
1234
(3, 1, 1)
3
(47, 69)
-> Request 6
1280
(2, 2, 1)
3
(57, 35)
-> Request 7
1381
(3, 3, 1)
3
(64, 20)
-> Request 8
1410
(1, 1, 1)
1
(72, 37)
--> Day : 1
-> Request 0
161
(4, 1, 1)
3
(31, 6)
-> Request 1
324
(3, 1, 1)
1
(37, 43)
-> Request 2
401
(2, 1, 2)
1
(24, 48)
-> Request 3
425
(1, 1, 2)
1
(34, 65)
-> Request 4
518
(1, 2, 2)
1
(27, 38)
-> Request 5
657
(1, 2, 1)
2
(32, 71)
-> Request 6
723
(4, 3, 2)
3
(34, 69)
-> Request 7
751
(4, 1, 2)
2
(46, 18)
-> Request 8
844
(4, 3, 1)
1
(35, 78)
-> Request 9
962
(3, 1, 2)
1
(52, 78)
-> Request 10
1144
(3, 3, 2)
2
(55, 78)
-> Request 11
1242
(3, 2, 1)
1
(15, 27)
--> Day : 2
-> Request 0
97
(4, 1, 2)
3
(60, 34)
-> Request 1
244
(3, 2, 2)
3
(59, 38)
-> Request 2
248
(3, 1, 2)
3
(71, 0)
-> Request 3
293
(2, 3, 2)
1
(77, 48)
-> Request 4
487
(4, 2, 1)
1
(46, 38)
-> Request 5
555
(1, 3, 1)
1
(48, 44)
-> Request 6
615
(3, 3, 1)
2
(60, 33)
-> Request 7
731
(3, 2, 2)
3
(65, 11)
-> Request 8
1059
(3, 1, 2)
3
(54, 69)
-> Request 9
1109
(2, 2, 1)
2
(2, 8)
-> Request 10
1245
(2, 1, 2)
2
(3, 25)
--> Day : 3
-> Request 0
25
(4, 1, 1)
3
(79, 23)
-> Request 1
35
(4, 2, 1)
3
(43, 39)
-> Request 2
276
(3, 2, 2)
3
(9, 25)
-> Request 3
320
(3, 1, 1)
1
(58, 43)
-> Request 4
330
(4, 1, 1)
2
(59, 44)
-> Request 5
375
(2, 3, 2)
3
(58, 76)
-> Request 6
577
(1, 3, 1)
2
(53, 8)
-> Request 7
609
(1, 3, 2)
2
(40, 5)
-> Request 8
648
(1, 3, 1)
2
(54, 23)
-> Request 9
753
(3, 2, 2)
1
(21, 11)
-> Request 10
877
(4, 1, 2)
2
(53, 37)
-> Request 11
948
(4, 1, 1)
1
(8, 8)
-> Request 12
964
(3, 3, 1)
3
(65, 77)
-> Request 13
1322
(4, 1, 2)
1
(19, 46)
-> Request 14
1427
(4, 2, 2)
2
(17, 33)
--> Day : 4
-> Request 0
118
(1, 3, 1)
3
(28, 2)
-> Request 1
137
(1, 1, 1)
2
(79, 5)
-> Request 2
155
(4, 1, 2)
3
(52, 29)
-> Request 3
167
(2, 2, 1)
3
(4, 52)
-> Request 4
179
(3, 2, 2)
1
(47, 34)
-> Request 5
186
(2, 3, 2)
2
(38, 5)
-> Request 6
195
(2, 2, 2)
3
(79, 67)
-> Request 7
297
(2, 1, 2)
2
(3, 54)
-> Request 8
749
(1, 1, 2)
2
(63, 53)
-> Request 9
857
(2, 1, 1)
3
(15, 75)
-> Request 10
952
(1, 3, 1)
1
(54, 28)
-> Request 11
1251
(2, 3, 1)
1
(76, 77)
-> Request 12
1401
(4, 3, 2)
1
(55, 73)
---> Week : 14
--> Day : 0
-> Request 0
143
(4, 2, 2)
3
(1, 45)
-> Request 1
293
(4, 2, 1)
1
(23, 10)
-> Request 2
573
(2, 2, 2)
1
(13, 26)
-> Request 3
662
(3, 2, 2)
3
(15, 25)
-> Request 4
715
(4, 3, 2)
3
(17, 17)
-> Request 5
887
(1, 1, 2)
3
(16, 21)
-> Request 6
1155
(1, 1, 2)
1
(46, 4)
-> Request 7
1196
(4, 3, 1)
1
(30, 68)
-> Request 8
1410
(2, 1, 1)
2
(56, 74)
--> Day : 1
-> Request 0
288
(3, 1, 2)
1
(55, 69)
-> Request 1
484
(4, 1, 1)
2
(55, 73)
-> Request 2
494
(3, 2, 1)
2
(12, 20)
-> Request 3
853
(3, 2, 1)
1
(56, 41)
-> Request 4
1181
(4, 1, 2)
3
(50, 29)
-> Request 5
1380
(2, 3, 1)
3
(37, 31)
-> Request 6
1390
(4, 2, 1)
3
(48, 29)
-> Request 7
1429
(1, 1, 1)
3
(54, 31)
--> Day : 2
-> Request 0
64
(4, 1, 1)
3
(64, 66)
-> Request 1
83
(1, 3, 1)
2
(6, 44)
-> Request 2
131
(3, 2, 1)
1
(49, 57)
-> Request 3
173
(4, 2, 1)
1
(52, 66)
-> Request 4
289
(3, 1, 2)
1
(61, 51)
-> Request 5
554
(3, 3, 2)
2
(59, 75)
-> Request 6
798
(4, 1, 2)
2
(51, 27)
-> Request 7
940
(3, 3, 2)
3
(56, 66)
-> Request 8
1054
(2, 3, 1)
3
(66, 78)
-> Request 9
1295
(4, 3, 2)
2
(25, 51)
-> Request 10
1323
(3, 2, 1)
1
(21, 46)
--> Day : 3
-> Request 0
100
(4, 2, 2)
1
(24, 26)
-> Request 1
173
(4, 3, 2)
3
(53, 46)
-> Request 2
561
(1, 3, 1)
2
(61, 52)
-> Request 3
676
(1, 2, 2)
3
(58, 2)
-> Request 4
725
(4, 1, 1)
3
(52, 28)
-> Request 5
794
(1, 1, 2)
2
(54, 67)
-> Request 6
845
(3, 3, 1)
3
(53, 12)
-> Request 7
1172
(1, 1, 2)
2
(72, 26)
-> Request 8
1350
(3, 2, 2)
2
(61, 18)
-> Request 9
1396
(2, 1, 2)
3
(37, 9)
--> Day : 4
-> Request 0
76
(4, 3, 1)
2
(59, 31)
-> Request 1
86
(1, 2, 2)
2
(71, 20)
-> Request 2
175
(4, 2, 1)
1
(50, 38)
-> Request 3
219
(3, 3, 1)
2
(6, 59)
-> Request 4
293
(2, 2, 1)
1
(47, 16)
-> Request 5
703
(4, 1, 2)
3
(67, 34)
-> Request 6
1014
(4, 1, 1)
1
(71, 19)
-> Request 7
1277
(1, 3, 1)
3
(9, 57)
-> Request 8
1316
(4, 3, 1)
3
(4, 46)
---> Week : 15
--> Day : 0
-> Request 0
104
(4, 2, 2)
2
(39, 21)
-> Request 1
586
(4, 2, 2)
1
(46, 32)
-> Request 2
716
(4, 2, 2)
1
(49, 37)
-> Request 3
818
(4, 2, 2)
3
(27, 21)
-> Request 4
825
(3, 1, 1)
1
(60, 42)
-> Request 5
992
(4, 1, 2)
2
(52, 32)
-> Request 6
1123
(2, 1, 2)
3
(55, 73)
-> Request 7
1150
(2, 2, 2)
2
(0, 2)
--> Day : 1
-> Request 0
581
(4, 1, 2)
1
(8, 26)
-> Request 1
778
(2, 1, 2)
1
(61, 77)
-> Request 2
943
(4, 2, 2)
3
(22, 2)
-> Request 3
1167
(2, 3, 2)
1
(9, 29)
-> Request 4
1340
(1, 1, 1)
2
(49, 29)
-> Request 5
1411
(1, 1, 1)
1
(65, 73)
--> Day : 2
-> Request 0
2
(1, 2, 2)
3
(47, 71)
-> Request 1
139
(2, 3, 1)
1
(42, 25)
-> Request 2
178
(2, 1, 2)
1
(69, 46)
-> Request 3
302
(4, 2, 1)
2
(64, 54)
-> Request 4
450
(3, 2, 1)
3
(34, 49)
-> Request 5
609
(1, 3, 1)
3
(60, 44)
-> Request 6
782
(3, 3, 2)
1
(24, 8)
-> Request 7
1294
(4, 3, 2)
3
(58, 33)
--> Day : 3
-> Request 0
115
(2, 1, 1)
2
(55, 42)
-> Request 1
543
(4, 3, 1)
2
(50, 34)
-> Request 2
784
(2, 1, 2)
1
(57, 69)
-> Request 3
1268
(1, 1, 2)
3
(43, 33)
-> Request 4
1312
(1, 3, 1)
2
(22, 71)
-> Request 5
1371
(3, 1, 1)
1
(47, 28)
--> Day : 4
-> Request 0
168
(4, 3, 2)
1
(76, 4)
-> Request 1
429
(3, 2, 2)
3
(53, 31)
-> Request 2
450
(3, 2, 2)
1
(63, 34)
-> Request 3
826
(2, 2, 2)
2
(65, 0)
-> Request 4
1007
(1, 2, 2)
3
(48, 38)
---> Week : 16
--> Day : 0
-> Request 0
273
(4, 2, 2)
2
(62, 55)
-> Request 1
587
(4, 2, 1)
2
(27, 77)
-> Request 2
982
(1, 2, 2)
1
(34, 63)
-> Request 3
1129
(3, 2, 2)
2
(44, 36)
-> Request 4
1317
(1, 3, 1)
1
(73, 42)
-> Request 5
1389
(1, 3, 1)
3
(47, 71)
--> Day : 1
-> Request 0
24
(2, 2, 1)
3
(55, 2)
-> Request 1
453
(2, 1, 1)
3
(57, 38)
-> Request 2
479
(2, 1, 1)
2
(54, 38)
-> Request 3
541
(3, 2, 2)
2
(56, 77)
-> Request 4
678
(2, 3, 1)
1
(50, 39)
-> Request 5
715
(1, 1, 1)
1
(27, 5)
-> Request 6
1257
(2, 1, 2)
3
(61, 70)
-> Request 7
1257
(1, 3, 2)
3
(5, 75)
-> Request 8
1385
(1, 3, 2)
2
(34, 74)
--> Day : 2
-> Request 0
70
(1, 2, 1)
2
(45, 21)
-> Request 1
247
(1, 3, 1)
1
(51, 40)
-> Request 2
526
(1, 1, 2)
2
(73, 44)
-> Request 3
841
(1, 1, 1)
1
(55, 27)
-> Request 4
843
(2, 3, 1)
2
(64, 74)
-> Request 5
1142
(2, 1, 2)
2
(59, 63)
-> Request 6
1175
(4, 1, 1)
1
(59, 23)
-> Request 7
1221
(3, 2, 2)
2
(44, 36)
-> Request 8
1387
(3, 3, 1)
1
(73, 10)
--> Day : 3
-> Request 0
38
(2, 3, 1)
2
(57, 40)
-> Request 1
232
(3, 3, 1)
2
(29, 51)
-> Request 2
293
(4, 3, 2)
3
(59, 40)
-> Request 3
458
(2, 1, 2)
1
(67, 24)
-> Request 4
535
(1, 2, 1)
1
(8, 74)
-> Request 5
1201
(4, 1, 2)
3
(23, 66)
--> Day : 4
-> Request 0
312
(3, 2, 2)
1
(57, 31)
-> Request 1
381
(1, 2, 2)
2
(62, 63)
-> Request 2
461
(2, 2, 1)
2
(38, 44)
-> Request 3
567
(2, 2, 1)
3
(49, 71)
-> Request 4
679
(1, 2, 1)
1
(18, 32)
-> Request 5
713
(2, 3, 2)
2
(54, 27)
-> Request 6
715
(3, 1, 2)
1
(29, 47)
-> Request 7
796
(1, 3, 2)
2
(21, 63)
-> Request 8
935
(2, 2, 2)
1
(43, 64)
-> Request 9
942
(4, 3, 2)
1
(63, 76)
-> Request 10
1037
(1, 2, 2)
2
(43, 57)
-> Request 11
1230
(1, 3, 1)
2
(66, 57)
-> Request 12
1304
(2, 3, 2)
1
(60, 34)
---> Week : 17
--> Day : 0
-> Request 0
11
(4, 3, 2)
3
(15, 49)
-> Request 1
56
(1, 1, 1)
1
(45, 67)
-> Request 2
80
(4, 2, 1)
3
(6, 69)
-> Request 3
407
(3, 3, 1)
2
(36, 21)
-> Request 4
410
(3, 3, 2)
1
(9, 50)
-> Request 5
680
(1, 3, 1)
3
(55, 72)
-> Request 6
728
(1, 3, 2)
2
(13, 29)
-> Request 7
736
(2, 3, 2)
1
(13, 26)
-> Request 8
838
(1, 1, 1)
3
(50, 30)
-> Request 9
1247
(2, 2, 2)
2
(51, 26)
-> Request 10
1270
(4, 1, 2)
1
(53, 33)
--> Day : 1
-> Request 0
140
(4, 3, 2)
1
(76, 49)
-> Request 1
334
(2, 2, 2)
3
(60, 33)
-> Request 2
408
(4, 3, 2)
1
(67, 63)
-> Request 3
442
(3, 2, 1)
3
(13, 21)
-> Request 4
452
(1, 3, 1)
2
(55, 34)
-> Request 5
646
(2, 2, 2)
1
(59, 69)
-> Request 6
695
(1, 3, 1)
1
(16, 70)
-> Request 7
897
(3, 1, 1)
2
(36, 50)
-> Request 8
1394
(2, 2, 1)
1
(29, 48)
--> Day : 2
-> Request 0
35
(1, 1, 1)
3
(14, 27)
-> Request 1
217
(3, 2, 2)
3
(51, 35)
-> Request 2
237
(2, 2, 1)
3
(54, 68)
-> Request 3
241
(2, 2, 1)
2
(59, 18)
-> Request 4
524
(3, 2, 1)
1
(61, 36)
-> Request 5
957
(3, 3, 1)
2
(73, 71)
-> Request 6
1041
(1, 1, 2)
1
(45, 15)
-> Request 7
1121
(2, 2, 1)
2
(20, 77)
-> Request 8
1196
(2, 3, 1)
3
(75, 74)
-> Request 9
1343
(4, 1, 1)
3
(67, 38)
--> Day : 3
-> Request 0
305
(4, 2, 2)
2
(56, 4)
-> Request 1
905
(3, 1, 1)
3
(43, 42)
-> Request 2
931
(1, 2, 2)
3
(59, 73)
-> Request 3
1010
(3, 1, 2)
3
(11, 2)
-> Request 4
1260
(2, 2, 1)
3
(47, 13)
--> Day : 4
-> Request 0
61
(4, 3, 2)
2
(55, 65)
-> Request 1
127
(1, 3, 1)
1
(9, 25)
-> Request 2
358
(3, 3, 1)
1
(58, 30)
-> Request 3
402
(1, 3, 1)
2
(59, 71)
-> Request 4
771
(1, 2, 2)
3
(64, 70)
-> Request 5
1008
(3, 1, 2)
2
(79, 4)
-> Request 6
1123
(1, 3, 2)
3
(15, 48)
-> Request 7
1237
(1, 3, 2)
1
(41, 53)
-> Request 8
1322
(3, 1, 1)
2
(53, 42)
---> Week : 18
--> Day : 0
-> Request 0
135
(2, 2, 1)
3
(60, 46)
-> Request 1
145
(4, 1, 1)
2
(69, 49)
-> Request 2
259
(4, 2, 1)
3
(60, 39)
-> Request 3
539
(1, 3, 2)
1
(59, 67)
-> Request 4
546
(1, 2, 2)
2
(73, 63)
-> Request 5
548
(3, 2, 1)
3
(17, 55)
-> Request 6
578
(2, 1, 2)
2
(77, 79)
-> Request 7
756
(4, 2, 2)
1
(53, 45)
-> Request 8
887
(1, 3, 2)
1
(50, 41)
-> Request 9
999
(2, 2, 2)
3
(61, 76)
-> Request 10
1170
(1, 3, 1)
3
(52, 72)
--> Day : 1
-> Request 0
0
(1, 1, 1)
3
(54, 70)
-> Request 1
226
(4, 1, 1)
2
(55, 71)
-> Request 2
252
(3, 2, 2)
2
(59, 30)
-> Request 3
274
(1, 3, 2)
3
(2, 32)
-> Request 4
371
(1, 1, 1)
1
(52, 75)
-> Request 5
413
(1, 3, 1)
3
(53, 45)
-> Request 6
481
(1, 2, 2)
3
(46, 9)
-> Request 7
520
(4, 1, 1)
3
(60, 35)
-> Request 8
560
(1, 1, 1)
3
(59, 78)
-> Request 9
1363
(3, 3, 1)
1
(26, 8)
--> Day : 2
-> Request 0
143
(3, 2, 1)
1
(52, 45)
-> Request 1
430
(4, 1, 2)
3
(45, 45)
-> Request 2
605
(4, 1, 2)
2
(43, 43)
-> Request 3
722
(4, 1, 2)
1
(13, 25)
-> Request 4
745
(3, 2, 2)
1
(2, 24)
-> Request 5
832
(2, 3, 2)
3
(59, 64)
-> Request 6
900
(4, 2, 2)
2
(47, 40)
-> Request 7
989
(1, 3, 2)
2
(33, 21)
-> Request 8
1140
(1, 2, 2)
1
(37, 44)
-> Request 9
1392
(1, 3, 2)
3
(3, 20)
--> Day : 3
-> Request 0
183
(1, 2, 2)
1
(58, 36)
-> Request 1
188
(3, 2, 1)
3
(60, 37)
-> Request 2
373
(3, 2, 1)
1
(33, 25)
-> Request 3
394
(1, 2, 2)
2
(47, 35)
-> Request 4
405
(4, 2, 2)
2
(47, 45)
-> Request 5
595
(2, 3, 1)
1
(19, 1)
-> Request 6
643
(3, 2, 1)
2
(59, 46)
-> Request 7
1114
(3, 3, 2)
3
(65, 66)
-> Request 8
1198
(2, 2, 1)
1
(65, 77)
--> Day : 4
-> Request 0
76
(2, 1, 1)
1
(9, 25)
-> Request 1
99
(2, 1, 2)
2
(63, 64)
-> Request 2
175
(1, 2, 2)
1
(58, 36)
-> Request 3
177
(4, 1, 1)
2
(46, 43)
-> Request 4
320
(2, 1, 2)
1
(10, 53)
-> Request 5
362
(4, 2, 1)
3
(27, 13)
-> Request 6
395
(3, 2, 2)
2
(54, 22)
-> Request 7
622
(2, 2, 2)
3
(59, 42)
-> Request 8
790
(2, 2, 2)
2
(1, 71)
-> Request 9
953
(2, 3, 1)
3
(20, 28)
-> Request 10
1161
(4, 1, 2)
2
(15, 24)
-> Request 11
1219
(2, 3, 2)
2
(57, 69)
-> Request 12
1301
(3, 2, 2)
1
(42, 0)
-> Request 13
1324
(2, 1, 2)
1
(10, 29)
-> Request 14
1399
(2, 2, 2)
3
(66, 63)
---> Week : 19
--> Day : 0
-> Request 0
24
(4, 2, 1)
2
(46, 30)
-> Request 1
105
(2, 2, 2)
1
(37, 64)
-> Request 2
131
(4, 3, 1)
2
(48, 28)
-> Request 3
228
(2, 2, 1)
2
(22, 49)
-> Request 4
261
(2, 2, 2)
3
(44, 27)
-> Request 5
418
(2, 2, 1)
2
(22, 53)
-> Request 6
544
(1, 1, 1)
1
(61, 69)
-> Request 7
633
(2, 1, 2)
2
(24, 48)
-> Request 8
1097
(3, 1, 1)
1
(60, 71)
-> Request 9
1112
(4, 3, 2)
1
(53, 40)
-> Request 10
1209
(1, 2, 1)
3
(61, 77)
-> Request 11
1330
(1, 3, 2)
1
(12, 54)
-> Request 12
1368
(4, 1, 1)
2
(64, 65)
-> Request 13
1414
(2, 3, 1)
3
(58, 32)
--> Day : 1
-> Request 0
127
(3, 2, 2)
1
(55, 51)
-> Request 1
410
(3, 1, 1)
3
(50, 28)
-> Request 2
837
(4, 3, 2)
2
(48, 40)
-> Request 3
922
(4, 2, 1)
2
(35, 61)
-> Request 4
961
(1, 3, 1)
1
(12, 50)
-> Request 5
1249
(2, 1, 2)
1
(62, 32)
-> Request 6
1283
(4, 1, 1)
2
(54, 28)
-> Request 7
1390
(2, 1, 2)
2
(16, 58)
-> Request 8
1416
(3, 2, 1)
1
(53, 43)
--> Day : 2
-> Request 0
13
(4, 1, 2)
1
(48, 73)
-> Request 1
154
(2, 3, 1)
3
(64, 77)
-> Request 2
176
(2, 3, 2)
2
(74, 46)
-> Request 3
477
(2, 1, 2)
2
(54, 74)
-> Request 4
507
(1, 2, 2)
2
(32, 21)
-> Request 5
676
(2, 3, 2)
3
(57, 64)
-> Request 6
711
(1, 2, 1)
3
(62, 75)
-> Request 7
928
(1, 2, 2)
1
(59, 78)
-> Request 8
1027
(2, 2, 2)
2
(58, 33)
-> Request 9
1056
(4, 2, 1)
1
(47, 32)
-> Request 10
1245
(4, 1, 2)
2
(74, 47)
-> Request 11
1280
(1, 2, 1)
3
(52, 40)
--> Day : 3
-> Request 0
276
(4, 3, 1)
3
(53, 27)
-> Request 1
318
(2, 3, 2)
3
(57, 74)
-> Request 2
359
(2, 1, 2)
3
(62, 21)
-> Request 3
506
(2, 3, 1)
1
(59, 32)
-> Request 4
557
(4, 2, 1)
2
(23, 70)
-> Request 5
858
(1, 1, 2)
2
(1, 75)
-> Request 6
881
(4, 3, 2)
1
(60, 27)
-> Request 7
1194
(3, 2, 2)
3
(2, 6)
-> Request 8
1296
(4, 2, 2)
3
(48, 27)
-> Request 9
1431
(2, 1, 2)
2
(15, 3)
--> Day : 4
-> Request 0
298
(2, 2, 1)
1
(50, 32)
-> Request 1
453
(4, 1, 2)
1
(54, 70)
-> Request 2
471
(1, 3, 1)
2
(14, 24)
-> Request 3
480
(4, 3, 1)
2
(59, 69)
-> Request 4
541
(2, 2, 2)
3
(55, 33)
-> Request 5
764
(1, 3, 1)
1
(21, 22)
-> Request 6
784
(2, 1, 2)
2
(12, 44)
-> Request 7
1217
(4, 3, 2)
3
(71, 36)
-> Request 8
1260
(2, 2, 1)
3
(33, 4)
-> Request 9
1264
(4, 2, 2)
2
(71, 79)
