---> Week : 0
--> Day : 0
-> Request 0
38
(1, 2, 2)
2
(9, 64)
-> Request 1
141
(2, 2, 1)
3
(8, 32)
-> Request 2
304
(2, 1, 1)
3
(60, 35)
-> Request 3
510
(1, 1, 2)
1
(19, 41)
-> Request 4
549
(1, 3, 2)
3
(55, 64)
-> Request 5
986
(4, 2, 2)
3
(57, 41)
-> Request 6
1108
(3, 1, 2)
1
(62, 77)
-> Request 7
1212
(4, 3, 1)
3
(52, 38)
-> Request 8
1312
(1, 1, 1)
2
(51, 72)
-> Request 9
1343
(3, 1, 1)
1
(79, 43)
-> Request 10
1381
(3, 3, 1)
1
(45, 18)
--> Day : 1
-> Request 0
38
(3, 1, 2)
2
(56, 64)
-> Request 1
80
(3, 1, 1)
3
(61, 45)
-> Request 2
88
(3, 3, 1)
3
(53, 77)
-> Request 3
436
(4, 3, 2)
2
(54, 51)
-> Request 4
460
(4, 2, 1)
3
(52, 13)
-> Request 5
536
(2, 2, 1)
1
(58, 35)
-> Request 6
669
(3, 2, 1)
2
(44, 38)
-> Request 7
1072
(2, 2, 1)
1
(34, 56)
-> Request 8
1102
(3, 1, 1)
1
(16, 23)
-> Request 9
1200
(4, 1, 2)
3
(65, 71)
-> Request 10
1298
(2, 3, 2)
3
(47, 39)
-> Request 11
1355
(2, 2, 1)
3
(63, 77)
--> Day : 2
-> Request 0
286
(2, 3, 1)
3
(41, 29)
-> Request 1
366
(3, 1, 1)
2
(21, 5)
-> Request 2
579
(4, 1, 1)
1
(7, 27)
-> Request 3
1213
(2, 3, 2)
2
(60, 77)
-> Request 4
1330
(4, 3, 1)
2
(54, 44)
--> Day : 3
-> Request 0
59
(2, 1, 2)
2
(56, 14)
-> Request 1
211
(2, 3, 2)
1
(70, 2)
-> Request 2
388
(3, 1, 2)
2
(73, 43)
-> Request 3
402
(1, 2, 2)
1
(50, 46)
-> Request 4
702
(1, 2, 2)
1
(60, 71)
-> Request 5
903
(2, 1, 1)
2
(10, 35)
-> Request 6
985
(2, 1, 1)
2
(47, 31)
-> Request 7
1401
(3, 1, 1)
3
(32, 70)
--> Day : 4
-> Request 0
67
(2, 2, 2)
1
(6, 73)
-> Request 1
178
(1, 1, 1)
3
(53, 71)
-> Request 2
228
(3, 2, 2)
3
(1, 24)
-> Request 3
331
(2, 1, 1)
1
(28, 20)
-> Request 4
458
(4, 3, 2)
1
(12, 37)
-> Request 5
523
(4, 1, 1)
3
(34, 28)
-> Request 6
596
(1, 1, 2)
3
(48, 38)
-> Request 7
940
(1, 2, 2)
3
(55, 2)
-> Request 8
1266
(4, 3, 1)
2
(14, 66)
-> Request 9
1416
(1, 1, 2)
1
(11, 21)
-> Request 10
1421
(3, 3, 2)
1
(49, 44)
---> Week : 1
--> Day : 0
-> Request 0
315
(3, 3, 1)
2
(14, 24)
-> Request 1
661
(3, 3, 2)
3
(15, 36)
-> Request 2
971
(2, 3, 2)
2
(59, 38)
-> Request 3
1272
(3, 1, 1)
1
(52, 32)
-> Request 4
1308
(2, 1, 2)
3
(41, 76)
--> Day : 1
-> Request 0
98
(3, 1, 1)
1
(57, 30)
-> Request 1
235
(4, 3, 1)
2
(57, 41)
-> Request 2
382
(2, 2, 1)
3
(30, 36)
-> Request 3
466
(1, 3, 2)
1
(60, 28)
-> Request 4
545
(4, 3, 2)
2
(58, 74)
-> Request 5
656
(3, 3, 1)
1
(14, 20)
-> Request 6
793
(3, 2, 1)
1
(69, 57)
-> Request 7
795
(3, 2, 1)
2
(72, 22)
-> Request 8
846
(4, 1, 1)
2
(49, 42)
-> Request 9
932
(1, 2, 2)
1
(61, 27)
-> Request 10
1140
(1, 1, 2)
2
(53, 67)
--> Day : 2
-> Request 0
155
(2, 2, 2)
3
(49, 31)
-> Request 1
233
(3, 2, 2)
1
(56, 42)
-> Request 2
349
(2, 3, 1)
2
(63, 74)
-> Request 3
414
(3, 3, 2)
2
(49, 44)
-> Request 4
585
(3, 3, 1)
3
(0, 43)
-> Request 5
987
(1, 3, 1)
3
(49, 21)
-> Request 6
1114
(3, 1, 2)
2
(68, 16)
-> Request 7
1135
(1, 2, 1)
2
(28, 75)
-> Request 8
1149
(2, 1, 2)
1
(59, 43)
--> Day : 3
-> Request 0
318
(3, 3, 1)
1
(40, 4)
-> Request 1
356
(1, 1, 2)
2
(43, 44)
-> Request 2
360
(3, 2, 2)
3
(50, 28)
-> Request 3
365
(4, 3, 2)
3
(53, 67)
-> Request 4
462
(3, 3, 1)
1
(44, 42)
-> Request 5
506
(1, 1, 2)
1
(28, 65)
-> Request 6
656
(1, 3, 2)
3
(35, 38)
-> Request 7
744
(4, 3, 1)
1
(35, 76)
-> Request 8
824
(1, 3, 2)
2
(35, 23)
-> Request 9
955
(3, 3, 2)
3
(54, 74)
-> Request 10
988
(4, 2, 2)
2
(61, 4)
-> Request 11
1048
(2, 2, 2)
1
(15, 25)
--> Day : 4
-> Request 0
46
(3, 2, 2)
2
(60, 30)
-> Request 1
77
(3, 3, 2)
1
(54, 38)
-> Request 2
85
(3, 1, 2)
3
(54, 43)
-> Request 3
736
(1, 1, 2)
1
(62, 64)
-> Request 4
781
(4, 1, 1)
2
(64, 65)
-> Request 5
1325
(1, 3, 2)
3
(26, 10)
-> Request 6
1327
(2, 2, 2)
1
(52, 63)
-> Request 7
1366
(3, 2, 2)
1
(15, 66)
---> Week : 2
--> Day : 0
-> Request 0
67
(3, 1, 2)
3
(6, 50)
-> Request 1
203
(1, 1, 1)
1
(17, 15)
-> Request 2
496
(4, 2, 1)
2
(59, 41)
-> Request 3
980
(4, 1, 1)
3
(63, 78)
-> Request 4
1150
(2, 3, 2)
1
(6, 35)
-> Request 5
1303
(2, 2, 1)
3
(25, 39)
--> Day : 1
-> Request 0
217
(4, 2, 1)
3
(54, 31)
-> Request 1
301
(1, 3, 2)
2
(56, 76)
-> Request 2
720
(2, 3, 1)
1
(34, 35)
-> Request 3
749
(3, 2, 1)
1
(48, 31)
-> Request 4
930
(4, 2, 2)
3
(3, 28)
-> Request 5
1054
(4, 2, 1)
1
(51, 44)
-> Request 6
1240
(3, 3, 1)
1
(55, 45)
-> Request 7
1247
(1, 1, 2)
1
(10, 22)
-> Request 8
1331
(1, 3, 1)
1
(46, 55)
--> Day : 2
-> Request 0
76
(2, 2, 1)
1
(58, 38)
-> Request 1
136
(4, 2, 1)
3
(50, 41)
-> Request 2
153
(2, 1, 2)
1
(46, 44)
-> Request 3
363
(1, 2, 2)
2
(46, 25)
-> Request 4
391
(3, 3, 1)
3
(35, 64)
-> Request 5
619
(4, 2, 1)
1
(53, 69)
-> Request 6
673
(2, 1, 1)
1
(56, 41)
-> Request 7
808
(1, 3, 1)
3
(52, 11)
-> Request 8
995
(4, 1, 1)
1
(38, 76)
-> Request 9
1179
(1, 2, 1)
1
(9, 37)
-> Request 10
1299
(3, 3, 1)
1
(54, 44)
--> Day : 3
-> Request 0
384
(4, 1, 1)
2
(54, 34)
-> Request 1
675
(2, 1, 2)
2
(3, 78)
-> Request 2
752
(1, 3, 2)
2
(55, 43)
-> Request 3
806
(1, 2, 2)
1
(76, 13)
-> Request 4
1000
(2, 1, 1)
2
(56, 43)
-> Request 5
1032
(2, 3, 2)
1
(72, 31)
-> Request 6
1054
(2, 2, 2)
2
(59, 44)
-> Request 7
1060
(4, 2, 2)
3
(56, 29)
-> Request 8
1079
(2, 3, 1)
1
(11, 24)
-> Request 9
1304
(4, 2, 2)
3
(56, 29)
--> Day : 4
-> Request 0
9
(3, 3, 1)
1
(10, 27)
-> Request 1
318
(1, 2, 1)
1
(71, 57)
-> Request 2
438
(2, 1, 1)
3
(52, 41)
-> Request 3
531
(3, 2, 2)
2
(61, 79)
-> Request 4
623
(2, 1, 1)
1
(62, 78)
-> Request 5
711
(2, 1, 1)
1
(73, 68)
-> Request 6
740
(1, 1, 2)
1
(63, 72)
-> Request 7
917
(2, 3, 2)
2
(19, 76)
-> Request 8
1111
(2, 2, 2)
1
(52, 77)
-> Request 9
1183
(3, 1, 2)
3
(13, 23)
---> Week : 3
--> Day : 0
-> Request 0
9
(2, 2, 1)
2
(51, 33)
-> Request 1
200
(3, 2, 2)
2
(12, 28)
-> Request 2
377
(4, 2, 2)
2
(41, 65)
-> Request 3
593
(1, 3, 1)
2
(56, 77)
-> Request 4
678
(2, 1, 2)
3
(61, 74)
-> Request 5
703
(3, 1, 2)
2
(10, 28)
-> Request 6
955
(4, 1, 2)
3
(59, 69)
-> Request 7
1216
(4, 2, 2)
2
(40, 30)
-> Request 8
1302
(4, 3, 1)
2
(52, 74)
-> Request 9
1355
(4, 1, 1)
3
(4, 73)
-> Request 10
1370
(2, 1, 2)
3
(30, 20)
-> Request 11
1373
(3, 2, 1)
1
(7, 19)
-> Request 12
1424
(1, 3, 2)
3
(24, 46)
--> Day : 1
-> Request 0
40
(4, 3, 2)
3
(52, 69)
-> Request 1
230
(4, 1, 1)
1
(19, 36)
-> Request 2
250
(1, 1, 1)
1
(58, 65)
-> Request 3
695
(1, 3, 2)
2
(52, 67)
-> Request 4
750
(3, 1, 2)
1
(41, 66)
-> Request 5
1003
(4, 1, 2)
2
(54, 31)
-> Request 6
1113
(3, 3, 2)
3
(10, 14)
-> Request 7
1234
(4, 2, 2)
1
(53, 28)
-> Request 8
1359
(4, 2, 2)
2
(59, 29)
--> Day : 2
-> Request 0
121
(4, 3, 2)
2
(52, 67)
-> Request 1
309
(4, 1, 1)
2
(6, 61)
-> Request 2
621
(4, 1, 1)
3
(61, 74)
-> Request 3
638
(2, 1, 1)
3
(58, 37)
-> Request 4
720
(2, 1, 2)
1
(15, 76)
-> Request 5
819
(3, 1, 2)
3
(56, 77)
-> Request 6
923
(3, 1, 2)
2
(51, 57)
-> Request 7
1373
(3, 1, 1)
3
(43, 44)
--> Day : 3
-> Request 0
24
(4, 1, 1)
2
(59, 29)
-> Request 1
259
(3, 3, 1)
2
(58, 74)
-> Request 2
289
(3, 1, 2)
3
(64, 75)
-> Request 3
464
(1, 1, 2)
2
(47, 27)
-> Request 4
684
(1, 2, 2)
3
(53, 68)
-> Request 5
989
(2, 2, 1)
3
(77, 48)
-> Request 6
1024
(3, 1, 1)
2
(66, 67)
-> Request 7
1192
(2, 2, 1)
3
(24, 74)
-> Request 8
1234
(4, 3, 2)
2
(14, 22)
-> Request 9
1268
(4, 2, 1)
2
(29, 63)
--> Day : 4
-> Request 0
337
(4, 3, 1)
1
(60, 67)
-> Request 1
436
(4, 1, 1)
1
(16, 27)
-> Request 2
482
(4, 2, 1)
2
(11, 22)
-> Request 3
573
(4, 2, 2)
2
(3, 56)
-> Request 4
655
(1, 2, 2)
3
(44, 40)
-> Request 5
743
(2, 3, 1)
3
(57, 46)
-> Request 6
898
(3, 3, 1)
1
(31, 10)
-> Request 7
906
(2, 1, 1)
3
(42, 30)
-> Request 8
1039
(2, 3, 2)
2
(66, 76)
-> Request 9
1053
(4, 3, 2)
2
(22, 35)
-> Request 10
1071
(4, 1, 2)
1
(62, 38)
-> Request 11
1150
(2, 1, 1)
2
(59, 66)
-> Request 12
1228
(1, 3, 2)
2
(51, 30)
-> Request 13
1265
(4, 3, 1)
2
(44, 31)
---> Week : 4
--> Day : 0
-> Request 0
261
(4, 2, 2)
1
(49, 39)
-> Request 1
313
(2, 3, 1)
3
(12, 24)
-> Request 2
947
(3, 2, 1)
2
(3, 70)
-> Request 3
994
(4, 1, 1)
2
(58, 75)
-> Request 4
1225
(3, 2, 2)
1
(29, 58)
-> Request 5
1271
(2, 2, 2)
3
(41, 39)
-> Request 6
1386
(2, 1, 2)
2
(58, 7)
--> Day : 1
-> Request 0
17
(1, 1, 1)
1
(61, 38)
-> Request 1
155
(3, 2, 1)
1
(56, 64)
-> Request 2
162
(3, 1, 2)
3
(57, 68)
-> Request 3
387
(3, 3, 2)
3
(45, 57)
-> Request 4
521
(1, 3, 1)
3
(43, 45)
-> Request 5
567
(4, 2, 2)
3
(44, 33)
-> Request 6
680
(3, 2, 1)
1
(62, 76)
-> Request 7
753
(2, 3, 1)
3
(48, 46)
-> Request 8
791
(2, 2, 1)
2
(61, 66)
-> Request 9
838
(2, 3, 2)
2
(66, 69)
-> Request 10
875
(4, 3, 1)
1
(65, 68)
-> Request 11
892
(2, 2, 1)
2
(65, 69)
-> Request 12
897
(3, 3, 1)
3
(60, 41)
-> Request 13
1091
(2, 1, 1)
3
(43, 32)
-> Request 14
1200
(1, 1, 1)
1
(61, 65)
-> Request 15
1322
(3, 2, 1)
1
(63, 43)
-> Request 16
1323
(4, 1, 2)
3
(12, 25)
-> Request 17
1374
(3, 3, 2)
1
(54, 22)
-> Request 18
1419
(1, 1, 1)
3
(35, 63)
--> Day : 2
-> Request 0
33
(1, 3, 1)
3
(14, 29)
-> Request 1
34
(1, 1, 2)
1
(47, 40)
-> Request 2
74
(1, 2, 1)
2
(64, 68)
-> Request 3
269
(4, 2, 1)
3
(62, 67)
-> Request 4
493
(3, 2, 2)
2
(37, 62)
-> Request 5
606
(2, 2, 1)
2
(75, 30)
-> Request 6
675
(2, 2, 2)
2
(58, 37)
-> Request 7
695
(4, 1, 2)
2
(42, 13)
-> Request 8
960
(1, 1, 2)
2
(49, 23)
-> Request 9
1054
(3, 2, 2)
3
(78, 37)
-> Request 10
1196
(3, 3, 1)
2
(57, 54)
-> Request 11
1216
(2, 3, 1)
1
(43, 38)
-> Request 12
1413
(4, 3, 1)
2
(65, 75)
--> Day : 3
-> Request 0
206
(4, 3, 1)
2
(66, 69)
-> Request 1
263
(2, 1, 1)
2
(61, 72)
-> Request 2
332
(4, 3, 2)
1
(52, 41)
-> Request 3
379
(2, 3, 1)
3
(72, 73)
-> Request 4
499
(1, 2, 1)
3
(61, 44)
-> Request 5
509
(4, 1, 1)
1
(18, 22)
-> Request 6
591
(1, 2, 1)
1
(27, 14)
-> Request 7
693
(3, 1, 2)
2
(9, 41)
-> Request 8
862
(2, 2, 2)
2
(9, 47)
-> Request 9
862
(2, 2, 1)
3
(41, 43)
-> Request 10
960
(4, 1, 2)
1
(28, 44)
-> Request 11
1061
(4, 3, 2)
2
(41, 0)
-> Request 12
1324
(1, 3, 2)
3
(74, 30)
--> Day : 4
-> Request 0
101
(2, 2, 1)
3
(54, 34)
-> Request 1
200
(2, 2, 2)
2
(53, 68)
-> Request 2
468
(2, 1, 1)
1
(50, 43)
-> Request 3
672
(1, 2, 1)
1
(58, 39)
-> Request 4
688
(2, 2, 2)
1
(76, 12)
-> Request 5
739
(4, 3, 1)
3
(65, 68)
-> Request 6
744
(2, 2, 1)
3
(76, 27)
-> Request 7
815
(1, 3, 1)
1
(58, 25)
-> Request 8
1108
(1, 2, 2)
3
(43, 42)
-> Request 9
1232
(3, 1, 2)
2
(0, 76)
-> Request 10
1371
(2, 3, 1)
2
(20, 56)
---> Week : 5
--> Day : 0
-> Request 0
43
(2, 3, 1)
2
(54, 68)
-> Request 1
656
(1, 3, 2)
3
(63, 74)
-> Request 2
718
(3, 1, 1)
1
(50, 40)
-> Request 3
1059
(1, 2, 1)
1
(45, 30)
-> Request 4
1128
(4, 1, 2)
2
(73, 53)
-> Request 5
1284
(4, 1, 2)
1
(61, 29)
--> Day : 1
-> Request 0
64
(4, 1, 2)
1
(20, 27)
-> Request 1
308
(2, 2, 2)
3
(17, 22)
-> Request 2
491
(3, 1, 1)
2
(60, 68)
-> Request 3
817
(4, 3, 1)
3
(43, 19)
-> Request 4
1040
(2, 3, 1)
3
(14, 65)
-> Request 5
1113
(3, 3, 2)
2
(57, 75)
-> Request 6
1307
(3, 2, 2)
2
(26, 30)
--> Day : 2
-> Request 0
324
(1, 2, 1)
3
(22, 45)
-> Request 1
351
(4, 3, 1)
3
(59, 76)
-> Request 2
361
(1, 1, 2)
2
(22, 71)
-> Request 3
547
(1, 1, 1)
3
(44, 19)
-> Request 4
617
(3, 2, 1)
3
(53, 69)
-> Request 5
762
(1, 2, 1)
2
(46, 42)
--> Day : 3
-> Request 0
136
(1, 1, 1)
2
(49, 32)
-> Request 1
316
(2, 3, 1)
3
(61, 36)
-> Request 2
390
(1, 3, 1)
3
(45, 37)
-> Request 3
746
(4, 2, 1)
3
(15, 29)
-> Request 4
1301
(2, 1, 2)
3
(58, 78)
--> Day : 4
-> Request 0
211
(1, 3, 1)
3
(52, 38)
-> Request 1
338
(2, 2, 2)
3
(73, 39)
-> Request 2
373
(3, 1, 2)
1
(7, 29)
-> Request 3
408
(1, 1, 1)
3
(0, 12)
-> Request 4
448
(3, 2, 1)
2
(51, 40)
-> Request 5
475
(4, 2, 2)
3
(58, 78)
-> Request 6
660
(4, 2, 1)
2
(58, 8)
-> Request 7
667
(1, 2, 2)
1
(18, 74)
-> Request 8
756
(2, 3, 1)
2
(9, 56)
-> Request 9
812
(3, 3, 1)
1
(61, 30)
-> Request 10
973
(2, 2, 1)
2
(56, 70)
-> Request 11
1097
(4, 2, 2)
2
(43, 29)
-> Request 12
1108
(1, 3, 1)
2
(30, 53)
-> Request 13
1197
(3, 3, 2)
2
(75, 45)
-> Request 14
1273
(4, 3, 2)
1
(51, 33)
-> Request 15
1273
(2, 1, 2)
2
(48, 78)
-> Request 16
1300
(3, 1, 1)
3
(57, 32)
---> Week : 6
--> Day : 0
-> Request 0
72
(2, 2, 1)
1
(72, 2)
-> Request 1
225
(4, 2, 2)
3
(67, 50)
-> Request 2
503
(2, 1, 1)
3
(21, 57)
-> Request 3
752
(1, 2, 2)
2
(37, 66)
-> Request 4
990
(1, 3, 2)
3
(57, 74)
-> Request 5
1183
(2, 1, 2)
2
(45, 15)
-> Request 6
1331
(4, 3, 1)
2
(42, 48)
-> Request 7
1406
(3, 1, 1)
3
(14, 75)
--> Day : 1
-> Request 0
147
(4, 1, 2)
1
(43, 33)
-> Request 1
178
(1, 2, 1)
3
(59, 65)
-> Request 2
351
(3, 1, 1)
2
(53, 34)
-> Request 3
411
(1, 1, 1)
2
(55, 72)
-> Request 4
662
(4, 1, 2)
1
(47, 40)
-> Request 5
689
(2, 1, 2)
3
(28, 72)
-> Request 6
699
(1, 2, 1)
2
(40, 75)
-> Request 7
906
(3, 2, 1)
1
(54, 77)
-> Request 8
917
(4, 3, 2)
3
(42, 37)
-> Request 9
1094
(2, 3, 1)
1
(60, 45)
-> Request 10
1140
(3, 3, 1)
1
(65, 78)
--> Day : 2
-> Request 0
42
(1, 1, 2)
2
(7, 50)
-> Request 1
80
(1, 1, 2)
2
(9, 24)
-> Request 2
290
(4, 1, 2)
1
(17, 8)
-> Request 3
327
(1, 3, 2)
2
(46, 37)
-> Request 4
531
(2, 3, 1)
3
(44, 43)
-> Request 5
891
(3, 2, 1)
3
(35, 41)
-> Request 6
910
(3, 1, 1)
2
(58, 75)
-> Request 7
1181
(1, 3, 2)
3
(32, 18)
-> Request 8
1389
(1, 1, 2)
1
(49, 46)
-> Request 9
1422
(4, 3, 1)
3
(25, 9)
--> Day : 3
-> Request 0
225
(1, 2, 2)
1
(7, 72)
-> Request 1
256
(3, 3, 1)
1
(34, 4)
-> Request 2
271
(1, 2, 1)
2
(44, 25)
-> Request 3
486
(1, 1, 1)
1
(26, 26)
-> Request 4
561
(2, 2, 2)
1
(59, 28)
-> Request 5
884
(1, 2, 1)
3
(57, 75)
-> Request 6
928
(3, 1, 2)
1
(38, 30)
-> Request 7
973
(3, 2, 1)
2
(15, 24)
--> Day : 4
-> Request 0
38
(1, 1, 1)
1
(58, 75)
-> Request 1
351
(2, 1, 1)
3
(13, 23)
-> Request 2
472
(4, 3, 2)
3
(56, 44)
-> Request 3
576
(3, 1, 2)
3
(62, 8)
-> Request 4
667
(1, 1, 2)
3
(50, 42)
-> Request 5
752
(3, 2, 1)
3
(13, 21)
-> Request 6
872
(3, 3, 2)
3
(60, 70)
---> Week : 7
--> Day : 0
-> Request 0
155
(3, 3, 1)
1
(16, 27)
-> Request 1
318
(4, 3, 2)
1
(62, 36)
-> Request 2
322
(4, 1, 2)
2
(57, 43)
-> Request 3
520
(3, 1, 1)
1
(55, 78)
-> Request 4
673
(3, 2, 2)
1
(19, 13)
-> Request 5
1023
(1, 3, 2)
3
(55, 5)
-> Request 6
1161
(2, 2, 2)
3
(14, 18)
-> Request 7
1409
(1, 2, 1)
3
(16, 2)
-> Request 8
1421
(1, 2, 2)
1
(54, 2)
--> Day : 1
-> Request 0
27
(4, 2, 1)
3
(55, 42)
-> Request 1
702
(1, 3, 1)
3
(58, 31)
-> Request 2
896
(2, 2, 2)
2
(60, 73)
-> Request 3
962
(2, 2, 1)
3
(59, 71)
-> Request 4
1209
(3, 1, 2)
3
(11, 23)
-> Request 5
1331
(2, 2, 1)
3
(52, 32)
-> Request 6
1376
(2, 2, 1)
3
(56, 47)
--> Day : 2
-> Request 0
40
(3, 2, 2)
3
(49, 30)
-> Request 1
40
(1, 2, 2)
3
(39, 22)
-> Request 2
337
(1, 2, 1)
1
(55, 75)
-> Request 3
688
(4, 1, 1)
1
(52, 39)
-> Request 4
764
(3, 2, 1)
1
(58, 37)
-> Request 5
967
(4, 1, 1)
2
(46, 35)
-> Request 6
1048
(4, 3, 1)
2
(56, 63)
-> Request 7
1141
(4, 2, 1)
2
(53, 41)
-> Request 8
1188
(3, 3, 2)
2
(48, 38)
-> Request 9
1257
(3, 2, 2)
3
(54, 36)
-> Request 10
1259
(4, 1, 2)
1
(62, 42)
-> Request 11
1264
(1, 2, 2)
1
(64, 68)
-> Request 12
1398
(3, 3, 1)
2
(30, 11)
--> Day : 3
-> Request 0
149
(3, 3, 1)
1
(55, 13)
-> Request 1
434
(4, 3, 1)
1
(54, 72)
-> Request 2
552
(3, 3, 1)
3
(38, 30)
-> Request 3
792
(4, 2, 1)
2
(42, 50)
-> Request 4
816
(2, 3, 2)
2
(24, 18)
-> Request 5
1055
(4, 3, 1)
2
(68, 75)
-> Request 6
1160
(4, 3, 2)
1
(52, 69)
--> Day : 4
-> Request 0
150
(3, 2, 2)
3
(12, 23)
-> Request 1
168
(2, 2, 1)
3
(22, 51)
-> Request 2
283
(3, 1, 2)
3
(56, 36)
-> Request 3
334
(2, 3, 1)
1
(48, 34)
-> Request 4
1413
(3, 3, 2)
2
(36, 6)
---> Week : 8
--> Day : 0
-> Request 0
18
(3, 1, 1)
3
(2, 28)
-> Request 1
64
(4, 3, 2)
2
(63, 27)
-> Request 2
268
(1, 1, 1)
1
(59, 41)
-> Request 3
656
(4, 2, 2)
1
(49, 35)
-> Request 4
771
(4, 1, 1)
3
(53, 44)
-> Request 5
884
(4, 3, 1)
1
(58, 75)
-> Request 6
948
(3, 3, 1)
2
(10, 8)
-> Request 7
1252
(4, 3, 1)
2
(47, 36)
-> Request 8
1401
(3, 3, 2)
2
(58, 28)
--> Day : 1
-> Request 0
186
(2, 3, 1)
2
(11, 20)
-> Request 1
200
(2, 2, 2)
1
(11, 18)
-> Request 2
201
(3, 3, 2)
2
(17, 29)
-> Request 3
469
(3, 1, 2)
3
(53, 17)
-> Request 4
577
(2, 2, 1)
3
(22, 30)
-> Request 5
577
(2, 1, 2)
2
(52, 28)
-> Request 6
810
(1, 1, 1)
1
(1, 41)
-> Request 7
869
(3, 3, 1)
1
(51, 33)
-> Request 8
963
(3, 2, 1)
2
(45, 37)
-> Request 9
1089
(4, 3, 1)
2
(54, 68)
-> Request 10
1175
(2, 2, 1)
3
(8, 29)
-> Request 11
1178
(1, 3, 2)
3
(38, 61)
--> Day : 2
-> Request 0
168
(4, 1, 2)
2
(65, 64)
-> Request 1
395
(2, 3, 1)
2
(52, 43)
-> Request 2
597
(4, 2, 2)
1
(62, 43)
-> Request 3
636
(2, 1, 1)
3
(59, 70)
-> Request 4
713
(2, 2, 1)
2
(64, 74)
-> Request 5
837
(1, 1, 2)
1
(54, 35)
-> Request 6
905
(2, 2, 2)
3
(36, 22)
-> Request 7
1127
(4, 2, 2)
3
(79, 71)
-> Request 8
1230
(1, 1, 2)
3
(3, 13)
-> Request 9
1299
(2, 2, 2)
3
(53, 35)
-> Request 10
1348
(2, 3, 1)
1
(15, 73)
-> Request 11
1439
(2, 3, 2)
2
(51, 32)
--> Day : 3
-> Request 0
9
(3, 2, 2)
2
(55, 40)
-> Request 1
315
(1, 1, 2)
1
(11, 15)
-> Request 2
323
(3, 1, 1)
1
(63, 78)
-> Request 3
358
(2, 2, 2)
2
(58, 30)
-> Request 4
479
(3, 1, 1)
2
(75, 69)
-> Request 5
510
(3, 1, 1)
2
(15, 15)
-> Request 6
565
(4, 2, 2)
2
(66, 75)
-> Request 7
795
(4, 1, 1)
3
(33, 57)
-> Request 8
834
(1, 2, 1)
3
(44, 44)
-> Request 9
975
(4, 1, 2)
2
(64, 67)
-> Request 10
1096
(1, 1, 1)
1
(55, 37)
-> Request 11
1354
(3, 3, 1)
3
(10, 22)
-> Request 12
1431
(1, 3, 2)
2
(18, 27)
--> Day : 4
-> Request 0
30
(2, 3, 2)
1
(53, 69)
-> Request 1
155
(3, 3, 2)
3
(57, 28)
-> Request 2
226
(2, 2, 1)
2
(24, 23)
-> Request 3
287
(1, 2, 1)
2
(56, 64)
-> Request 4
378
(4, 3, 2)
2
(57, 64)
-> Request 5
440
(1, 3, 2)
1
(9, 28)
-> Request 6
492
(3, 2, 1)
1
(51, 28)
-> Request 7
558
(3, 1, 2)
2
(58, 75)
-> Request 8
647
(2, 1, 2)
1
(28, 9)
-> Request 9
672
(1, 1, 2)
2
(58, 47)
-> Request 10
719
(3, 1, 1)
3
(46, 63)
-> Request 11
863
(2, 1, 2)
1
(47, 35)
-> Request 12
1239
(4, 1, 1)
1
(54, 43)
-> Request 13
1280
(4, 2, 2)
2
(77, 37)
---> Week : 9
--> Day : 0
-> Request 0
62
(2, 2, 1)
2
(6, 76)
-> Request 1
149
(4, 1, 2)
2
(57, 41)
-> Request 2
492
(4, 1, 2)
3
(56, 5)
-> Request 3
558
(4, 3, 2)
2
(49, 38)
-> Request 4
593
(1, 2, 2)
2
(57, 38)
-> Request 5
660
(4, 2, 1)
2
(2, 70)
-> Request 6
820
(3, 1, 2)
3
(53, 59)
-> Request 7
898
(4, 2, 1)
3
(56, 36)
-> Request 8
1072
(4, 1, 2)
1
(56, 32)
--> Day : 1
-> Request 0
111
(3, 1, 1)
2
(29, 2)
-> Request 1
150
(3, 1, 1)
1
(79, 35)
-> Request 2
494
(3, 3, 1)
3
(69, 10)
-> Request 3
544
(1, 1, 1)
3
(58, 71)
-> Request 4
820
(2, 3, 2)
1
(63, 77)
-> Request 5
1173
(3, 3, 1)
2
(44, 38)
-> Request 6
1245
(3, 3, 1)
2
(35, 0)
-> Request 7
1279
(3, 2, 1)
1
(13, 75)
-> Request 8
1421
(4, 1, 1)
3
(13, 26)
--> Day : 2
-> Request 0
11
(1, 3, 2)
3
(59, 48)
-> Request 1
194
(2, 3, 1)
1
(14, 53)
-> Request 2
213
(1, 1, 1)
1
(60, 5)
-> Request 3
464
(4, 2, 2)
2
(52, 40)
-> Request 4
540
(2, 1, 1)
1
(8, 25)
-> Request 5
550
(2, 1, 2)
3
(59, 36)
-> Request 6
589
(2, 3, 2)
3
(8, 25)
-> Request 7
674
(1, 1, 2)
2
(56, 0)
-> Request 8
861
(1, 1, 2)
2
(49, 29)
-> Request 9
1137
(1, 1, 1)
2
(59, 27)
-> Request 10
1174
(1, 2, 2)
2
(63, 75)
-> Request 11
1273
(3, 2, 1)
3
(54, 45)
-> Request 12
1300
(2, 2, 2)
2
(52, 77)
--> Day : 3
-> Request 0
20
(1, 2, 2)
2
(48, 44)
-> Request 1
130
(3, 1, 2)
3
(54, 33)
-> Request 2
139
(3, 2, 2)
3
(78, 3)
-> Request 3
247
(1, 2, 2)
2
(24, 46)
-> Request 4
272
(3, 1, 1)
2
(62, 38)
-> Request 5
555
(1, 3, 1)
3
(56, 27)
-> Request 6
621
(1, 1, 1)
2
(65, 22)
-> Request 7
723
(1, 2, 2)
1
(54, 66)
-> Request 8
1348
(2, 2, 1)
2
(56, 73)
--> Day : 4
-> Request 0
117
(4, 2, 2)
1
(75, 62)
-> Request 1
214
(3, 1, 1)
2
(62, 30)
-> Request 2
366
(4, 1, 1)
1
(60, 32)
-> Request 3
432
(2, 2, 2)
2
(48, 36)
-> Request 4
475
(2, 3, 1)
2
(55, 77)
-> Request 5
534
(4, 1, 1)
2
(9, 37)
-> Request 6
596
(2, 1, 2)
2
(47, 50)
-> Request 7
653
(3, 3, 1)
2
(53, 78)
-> Request 8
733
(4, 3, 2)
2
(53, 39)
-> Request 9
811
(2, 1, 2)
2
(5, 17)
-> Request 10
1146
(2, 2, 1)
2
(61, 40)
-> Request 11
1170
(3, 3, 1)
1
(15, 21)
-> Request 12
1249
(4, 1, 2)
3
(49, 42)
---> Week : 10
--> Day : 0
-> Request 0
0
(2, 1, 1)
2
(9, 38)
-> Request 1
194
(3, 3, 1)
3
(5, 23)
-> Request 2
211
(4, 1, 1)
2
(10, 29)
-> Request 3
265
(4, 2, 2)
1
(63, 3)
-> Request 4
320
(3, 2, 1)
3
(17, 18)
-> Request 5
481
(4, 3, 2)
1
(59, 40)
-> Request 6
481
(3, 2, 2)
1
(53, 74)
-> Request 7
809
(2, 3, 1)
2
(54, 43)
-> Request 8
825
(1, 2, 1)
1
(43, 73)
-> Request 9
974
(4, 1, 1)
2
(52, 65)
-> Request 10
1291
(1, 1, 2)
1
(58, 28)
-> Request 11
1311
(4, 2, 1)
2
(56, 42)
--> Day : 1
-> Request 0
130
(1, 3, 2)
2
(23, 74)
-> Request 1
142
(3, 2, 2)
3
(55, 12)
-> Request 2
155
(1, 1, 1)
3
(4, 55)
-> Request 3
403
(4, 3, 2)
2
(16, 57)
-> Request 4
548
(2, 3, 1)
3
(50, 45)
-> Request 5
593
(4, 1, 2)
3
(53, 44)
-> Request 6
616
(3, 1, 2)
1
(32, 20)
-> Request 7
672
(4, 1, 1)
3
(61, 70)
-> Request 8
922
(2, 2, 2)
3
(25, 22)
-> Request 9
1247
(2, 2, 2)
1
(45, 29)
-> Request 10
1268
(1, 3, 1)
1
(44, 43)
-> Request 11
1294
(2, 3, 1)
3
(5, 28)
-> Request 12
1312
(4, 2, 1)
1
(57, 64)
--> Day : 2
-> Request 0
92
(2, 2, 2)
3
(27, 48)
-> Request 1
312
(3, 1, 1)
3
(46, 4)
-> Request 2
498
(3, 2, 2)
3
(64, 62)
-> Request 3
585
(4, 2, 2)
3
(65, 60)
-> Request 4
768
(4, 2, 1)
3
(63, 77)
-> Request 5
973
(4, 1, 2)
2
(32, 63)
-> Request 6
1437
(1, 2, 2)
2
(45, 65)
--> Day : 3
-> Request 0
64
(3, 3, 1)
1
(22, 48)
-> Request 1
78
(1, 1, 1)
1
(15, 73)
-> Request 2
245
(4, 1, 2)
2
(9, 10)
-> Request 3
284
(1, 3, 2)
3
(56, 37)
-> Request 4
308
(3, 3, 2)
1
(46, 77)
-> Request 5
491
(1, 1, 2)
3
(53, 34)
-> Request 6
688
(3, 1, 1)
1
(12, 22)
-> Request 7
761
(4, 1, 2)
3
(46, 44)
-> Request 8
861
(2, 3, 1)
2
(48, 31)
-> Request 9
936
(1, 1, 2)
3
(44, 42)
-> Request 10
1081
(1, 3, 2)
2
(21, 76)
--> Day : 4
-> Request 0
71
(2, 3, 1)
2
(14, 26)
-> Request 1
99
(4, 2, 2)
2
(25, 56)
-> Request 2
275
(4, 2, 1)
3
(60, 44)
-> Request 3
321
(3, 3, 1)
1
(64, 64)
-> Request 4
502
(4, 1, 1)
2
(52, 68)
-> Request 5
595
(2, 3, 1)
3
(29, 64)
-> Request 6
656
(2, 2, 2)
2
(63, 78)
-> Request 7
732
(1, 1, 2)
3
(50, 39)
-> Request 8
1009
(1, 3, 1)
1
(58, 36)
-> Request 9
1166
(1, 1, 2)
3
(42, 44)
-> Request 10
1253
(1, 3, 1)
1
(58, 70)
---> Week : 11
--> Day : 0
-> Request 0
80
(2, 2, 2)
3
(54, 71)
-> Request 1
87
(3, 3, 1)
3
(48, 47)
-> Request 2
419
(1, 2, 1)
1
(35, 15)
-> Request 3
589
(4, 2, 1)
3
(19, 35)
-> Request 4
602
(4, 3, 2)
2
(64, 65)
-> Request 5
626
(2, 3, 2)
3
(63, 70)
-> Request 6
648
(4, 2, 1)
2
(23, 56)
-> Request 7
674
(4, 3, 2)
3
(58, 63)
-> Request 8
709
(2, 2, 1)
1
(78, 44)
-> Request 9
712
(1, 1, 1)
2
(63, 70)
-> Request 10
715
(2, 1, 1)
3
(38, 11)
-> Request 11
789
(1, 3, 1)
1
(2, 6)
-> Request 12
1153
(1, 2, 1)
2
(74, 56)
-> Request 13
1288
(1, 1, 1)
1
(79, 64)
-> Request 14
1389
(3, 3, 2)
2
(51, 23)
--> Day : 1
-> Request 0
44
(4, 1, 2)
2
(46, 43)
-> Request 1
110
(4, 1, 2)
1
(62, 66)
-> Request 2
293
(2, 1, 1)
1
(12, 23)
-> Request 3
318
(4, 2, 2)
1
(59, 42)
-> Request 4
385
(1, 2, 2)
3
(59, 31)
-> Request 5
453
(2, 3, 1)
3
(55, 73)
-> Request 6
509
(3, 2, 2)
1
(39, 77)
-> Request 7
629
(3, 2, 1)
3
(54, 41)
-> Request 8
702
(3, 1, 2)
3
(5, 4)
-> Request 9
896
(3, 3, 1)
1
(65, 69)
-> Request 10
1054
(3, 2, 1)
1
(51, 53)
-> Request 11
1438
(2, 2, 1)
3
(17, 32)
--> Day : 2
-> Request 0
185
(4, 3, 1)
1
(50, 42)
-> Request 1
188
(3, 1, 1)
1
(58, 28)
-> Request 2
310
(2, 3, 1)
2
(14, 20)
-> Request 3
406
(4, 1, 1)
1
(55, 74)
-> Request 4
684
(2, 2, 1)
3
(52, 35)
-> Request 5
706
(4, 3, 2)
3
(11, 23)
-> Request 6
921
(4, 1, 1)
2
(61, 51)
-> Request 7
994
(4, 1, 2)
2
(9, 20)
-> Request 8
1046
(2, 1, 1)
2
(52, 70)
-> Request 9
1246
(1, 1, 2)
1
(52, 66)
-> Request 10
1248
(2, 1, 2)
3
(77, 24)
--> Day : 3
-> Request 0
147
(1, 3, 1)
2
(69, 50)
-> Request 1
435
(2, 3, 2)
3
(56, 76)
-> Request 2
441
(3, 3, 1)
2
(49, 40)
-> Request 3
489
(3, 3, 1)
1
(61, 71)
-> Request 4
639
(3, 2, 2)
3
(70, 12)
-> Request 5
696
(3, 1, 2)
1
(55, 76)
-> Request 6
770
(4, 2, 2)
2
(59, 20)
-> Request 7
843
(1, 2, 1)
3
(54, 28)
-> Request 8
921
(4, 2, 1)
3
(13, 72)
-> Request 9
954
(4, 3, 1)
1
(59, 41)
-> Request 10
1090
(1, 2, 1)
1
(60, 37)
-> Request 11
1097
(1, 3, 2)
2
(55, 26)
-> Request 12
1118
(4, 2, 1)
3
(16, 47)
-> Request 13
1233
(4, 2, 1)
1
(9, 24)
-> Request 14
1316
(4, 3, 1)
1
(53, 5)
-> Request 15
1426
(1, 2, 1)
3
(54, 30)
--> Day : 4
-> Request 0
6
(3, 3, 1)
1
(45, 9)
-> Request 1
33
(2, 3, 1)
3
(17, 29)
-> Request 2
90
(2, 2, 1)
1
(53, 35)
-> Request 3
148
(3, 2, 2)
2
(15, 21)
-> Request 4
404
(3, 2, 2)
2
(11, 73)
-> Request 5
599
(3, 3, 2)
1
(43, 38)
-> Request 6
786
(3, 3, 1)
3
(74, 51)
-> Request 7
1012
(3, 3, 2)
3
(58, 27)
-> Request 8
1232
(4, 3, 1)
1
(55, 67)
---> Week : 12
--> Day : 0
-> Request 0
481
(4, 1, 2)
3
(62, 72)
-> Request 1
548
(1, 3, 2)
2
(29, 73)
-> Request 2
776
(1, 1, 1)
3
(56, 43)
-> Request 3
879
(1, 2, 1)
3
(40, 12)
-> Request 4
1044
(2, 3, 1)
1
(63, 68)
-> Request 5
1396
(4, 2, 2)
1
(61, 31)
--> Day : 1
-> Request 0
19
(1, 2, 1)
1
(3, 58)
-> Request 1
106
(4, 1, 2)
1
(14, 24)
-> Request 2
228
(1, 3, 1)
3
(44, 35)
-> Request 3
596
(2, 1, 1)
2
(54, 73)
-> Request 4
680
(2, 3, 2)
2
(70, 38)
-> Request 5
1062
(2, 1, 1)
2
(63, 77)
-> Request 6
1379
(2, 1, 1)
1
(55, 53)
-> Request 7
1379
(2, 2, 2)
2
(62, 39)
--> Day : 2
-> Request 0
77
(3, 2, 2)
2
(64, 75)
-> Request 1
409
(2, 3, 1)
2
(48, 28)
-> Request 2
655
(2, 1, 1)
3
(65, 64)
-> Request 3
784
(2, 3, 2)
3
(24, 79)
-> Request 4
833
(2, 1, 2)
2
(58, 41)
-> Request 5
837
(3, 1, 1)
1
(51, 62)
-> Request 6
1237
(1, 2, 2)
2
(58, 38)
-> Request 7
1304
(1, 2, 1)
3
(55, 67)
-> Request 8
1408
(2, 3, 2)
1
(54, 38)
--> Day : 3
-> Request 0
181
(3, 2, 2)
3
(57, 74)
-> Request 1
328
(1, 3, 1)
1
(56, 46)
-> Request 2
449
(4, 1, 2)
3
(36, 8)
-> Request 3
562
(3, 2, 1)
2
(49, 36)
-> Request 4
837
(4, 3, 1)
3
(60, 27)
-> Request 5
1113
(4, 3, 2)
1
(54, 61)
-> Request 6
1285
(4, 2, 2)
3
(51, 44)
--> Day : 4
-> Request 0
33
(3, 3, 1)
3
(52, 36)
-> Request 1
223
(1, 1, 2)
1
(8, 47)
-> Request 2
527
(3, 2, 1)
1
(79, 75)
-> Request 3
550
(2, 2, 1)
2
(64, 73)
-> Request 4
579
(1, 3, 2)
3
(59, 70)
-> Request 5
924
(4, 1, 2)
3
(43, 66)
-> Request 6
1069
(3, 2, 1)
3
(40, 50)
-> Request 7
1178
(1, 3, 2)
2
(10, 20)
-> Request 8
1429
(1, 1, 1)
3
(72, 48)
---> Week : 13
--> Day : 0
-> Request 0
44
(4, 1, 2)
1
(59, 41)
-> Request 1
182
(4, 2, 1)
3
(74, 69)
-> Request 2
209
(1, 1, 1)
1
(61, 68)
-> Request 3
385
(2, 2, 1)
3
(60, 29)
-> Request 4
400
(2, 3, 1)
2
(44, 33)
-> Request 5
572
(3, 3, 1)
3
(56, 37)
-> Request 6
835
(2, 1, 2)
3
(12, 20)
-> Request 7
942
(3, 1, 2)
3
(57, 67)
-> Request 8
1064
(2, 1, 2)
3
(52, 28)
--> Day : 1
-> Request 0
66
(3, 1, 1)
1
(15, 23)
-> Request 1
328
(1, 1, 2)
2
(33, 49)
-> Request 2
359
(2, 3, 2)
3
(53, 74)
-> Request 3
483
(2, 1, 2)
1
(59, 33)
-> Request 4
719
(4, 1, 1)
1
(47, 40)
-> Request 5
797
(4, 3, 1)
2
(28, 30)
-> Request 6
1154
(4, 3, 2)
3
(13, 29)
-> Request 7
1154
(4, 3, 1)
3
(46, 32)
-> Request 8
1385
(1, 1, 2)
2
(73, 0)
--> Day : 2
-> Request 0
180
(4, 2, 1)
3
(64, 70)
-> Request 1
237
(3, 2, 2)
3
(24, 42)
-> Request 2
255
(2, 1, 1)
2
(16, 36)
-> Request 3
318
(3, 3, 2)
1
(56, 73)
-> Request 4
424
(4, 1, 1)
1
(47, 32)
-> Request 5
625
(1, 1, 1)
1
(37, 38)
-> Request 6
745
(4, 2, 1)
3
(4, 44)
-> Request 7
960
(4, 3, 2)
1
(55, 73)
-> Request 8
1108
(3, 1, 2)
1
(55, 70)
-> Request 9
1155
(1, 2, 2)
2
(58, 65)
-> Request 10
1194
(1, 3, 2)
2
(39, 21)
-> Request 11
1266
(3, 1, 2)
1
(59, 27)
-> Request 12
1364
(4, 3, 2)
1
(59, 46)
-> Request 13
1368
(3, 2, 2)
2
(0, 77)
--> Day : 3
-> Request 0
546
(3, 3, 2)
3
(23, 2)
-> Request 1
669
(2, 1, 2)
1
(8, 26)
--> Day : 4
-> Request 0
12
(1, 2, 1)
3
(58, 21)
-> Request 1
160
(4, 3, 2)
1
(48, 8)
-> Request 2
172
(2, 2, 2)
2
(13, 65)
-> Request 3
508
(2, 2, 2)
1
(41, 26)
-> Request 4
544
(1, 2, 1)
1
(15, 20)
-> Request 5
730
(3, 3, 2)
1
(14, 26)
-> Request 6
759
(2, 3, 2)
2
(52, 11)
-> Request 7
822
(2, 1, 2)
1
(50, 38)
-> Request 8
825
(2, 3, 1)
3
(61, 78)
-> Request 9
1004
(2, 2, 1)
1
(55, 41)
-> Request 10
1028
(3, 3, 2)
2
(65, 70)
-> Request 11
1103
(3, 1, 2)
3
(63, 7)
---> Week : 14
--> Day : 0
-> Request 0
42
(3, 2, 1)
1
(9, 78)
-> Request 1
60
(3, 1, 2)
1
(63, 77)
-> Request 2
266
(2, 1, 2)
2
(60, 38)
-> Request 3
286
(3, 2, 2)
2
(43, 62)
-> Request 4
587
(4, 2, 2)
3
(23, 33)
-> Request 5
1114
(4, 1, 1)
2
(56, 1)
-> Request 6
1134
(1, 1, 2)
3
(65, 26)
--> Day : 1
-> Request 0
182
(3, 3, 1)
2
(17, 22)
-> Request 1
360
(2, 3, 1)
2
(77, 72)
-> Request 2
763
(4, 3, 2)
3
(65, 30)
-> Request 3
823
(4, 3, 1)
3
(44, 40)
-> Request 4
859
(4, 2, 1)
1
(8, 25)
-> Request 5
1064
(3, 1, 1)
2
(12, 12)
-> Request 6
1169
(4, 3, 2)
1
(26, 22)
-> Request 7
1207
(4, 1, 1)
3
(43, 38)
-> Request 8
1356
(2, 3, 2)
3
(40, 7)
--> Day : 2
-> Request 0
82
(2, 1, 1)
2
(54, 71)
-> Request 1
245
(3, 1, 2)
3
(17, 23)
-> Request 2
348
(1, 3, 2)
1
(73, 20)
-> Request 3
673
(2, 1, 2)
3
(21, 77)
-> Request 4
787
(2, 3, 1)
3
(44, 21)
-> Request 5
1125
(4, 2, 1)
3
(52, 27)
-> Request 6
1164
(1, 1, 2)
1
(39, 17)
-> Request 7
1229
(3, 2, 1)
2
(48, 45)
--> Day : 3
-> Request 0
28
(3, 1, 1)
1
(8, 69)
-> Request 1
43
(3, 1, 2)
1
(25, 56)
-> Request 2
78
(3, 1, 1)
3
(34, 43)
-> Request 3
125
(2, 3, 1)
1
(58, 36)
-> Request 4
271
(1, 3, 1)
3
(44, 39)
-> Request 5
537
(4, 3, 2)
3
(55, 66)
-> Request 6
641
(3, 2, 1)
2
(21, 51)
-> Request 7
662
(2, 1, 2)
1
(57, 40)
-> Request 8
982
(3, 1, 1)
3
(57, 35)
-> Request 9
1295
(4, 3, 2)
1
(61, 31)
--> Day : 4
-> Request 0
107
(4, 3, 1)
1
(63, 75)
-> Request 1
656
(2, 1, 1)
3
(35, 45)
-> Request 2
702
(4, 1, 2)
3
(47, 48)
-> Request 3
750
(4, 3, 1)
3
(61, 35)
-> Request 4
1108
(1, 1, 2)
3
(52, 68)
-> Request 5
1187
(3, 2, 2)
1
(25, 51)
-> Request 6
1279
(3, 1, 1)
3
(48, 33)
---> Week : 15
--> Day : 0
-> Request 0
35
(2, 1, 1)
2
(57, 54)
-> Request 1
284
(3, 1, 1)
1
(15, 59)
-> Request 2
303
(2, 1, 1)
3
(75, 78)
-> Request 3
581
(2, 2, 1)
1
(59, 38)
-> Request 4
1190
(2, 1, 2)
1
(28, 79)
-> Request 5
1408
(3, 3, 1)
3
(61, 46)
--> Day : 1
-> Request 0
61
(4, 1, 2)
2
(44, 25)
-> Request 1
90
(2, 3, 1)
1
(53, 77)
-> Request 2
103
(2, 3, 2)
3
(62, 44)
-> Request 3
293
(2, 1, 1)
2
(27, 34)
-> Request 4
330
(2, 1, 2)
1
(56, 34)
-> Request 5
333
(4, 3, 2)
3
(53, 28)
-> Request 6
339
(1, 1, 1)
2
(26, 6)
-> Request 7
775
(1, 2, 1)
1
(41, 73)
-> Request 8
863
(1, 3, 1)
3
(59, 36)
-> Request 9
1162
(3, 2, 2)
1
(60, 37)
-> Request 10
1377
(1, 2, 2)
1
(39, 0)
-> Request 11
1406
(4, 3, 1)
2
(11, 68)
--> Day : 2
-> Request 0
66
(2, 1, 1)
1
(67, 4)
-> Request 1
93
(3, 2, 2)
2
(53, 40)
-> Request 2
159
(1, 3, 2)
1
(57, 36)
-> Request 3
238
(3, 2, 1)
1
(44, 21)
-> Request 4
252
(3, 3, 2)
2
(35, 33)
-> Request 5
482
(2, 3, 1)
2
(72, 43)
-> Request 6
555
(1, 3, 2)
3
(64, 77)
-> Request 7
598
(3, 2, 1)
2
(58, 16)
-> Request 8
611
(2, 3, 2)
2
(54, 28)
-> Request 9
691
(2, 3, 1)
1
(5, 15)
-> Request 10
845
(1, 2, 2)
2
(3, 71)
-> Request 11
983
(3, 1, 1)
3
(48, 27)
-> Request 12
1248
(4, 3, 1)
2
(41, 59)
-> Request 13
1339
(1, 1, 1)
1
(60, 64)
-> Request 14
1349
(3, 1, 2)
3
(48, 24)
-> Request 15
1432
(2, 2, 2)
1
(15, 13)
--> Day : 3
-> Request 0
245
(4, 2, 2)
3
(6, 3)
-> Request 1
268
(3, 2, 1)
2
(16, 39)
-> Request 2
832
(1, 3, 1)
2
(45, 36)
-> Request 3
836
(2, 2, 2)
2
(62, 69)
-> Request 4
856
(3, 3, 1)
2
(63, 72)
-> Request 5
1134
(2, 1, 1)
3
(23, 76)
-> Request 6
1329
(2, 2, 1)
2
(63, 70)
--> Day : 4
-> Request 0
89
(3, 3, 1)
1
(59, 35)
-> Request 1
218
(3, 3, 2)
3
(16, 28)
-> Request 2
280
(4, 2, 2)
2
(56, 39)
-> Request 3
820
(4, 2, 1)
3
(62, 65)
-> Request 4
848
(3, 3, 1)
1
(50, 43)
-> Request 5
850
(2, 2, 1)
1
(15, 28)
-> Request 6
946
(1, 2, 2)
3
(16, 42)
-> Request 7
967
(1, 2, 1)
1
(40, 32)
-> Request 8
1038
(1, 3, 2)
1
(10, 54)
-> Request 9
1134
(3, 1, 2)
2
(44, 29)
-> Request 10
1277
(2, 3, 1)
1
(44, 41)
-> Request 11
1330
(4, 3, 1)
2
(53, 33)
-> Request 12
1384
(3, 2, 2)
3
(76, 23)
---> Week : 16
--> Day : 0
-> Request 0
51
(1, 2, 2)
1
(42, 76)
-> Request 1
138
(3, 1, 1)
2
(31, 58)
-> Request 2
323
(3, 2, 2)
2
(60, 39)
-> Request 3
447
(4, 3, 2)
3
(35, 33)
-> Request 4
604
(3, 3, 1)
3
(22, 28)
-> Request 5
660
(2, 1, 2)
1
(47, 33)
-> Request 6
1083
(2, 3, 1)
3
(59, 35)
-> Request 7
1231
(1, 1, 2)
1
(16, 52)
--> Day : 1
-> Request 0
126
(2, 1, 2)
3
(55, 70)
-> Request 1
145
(3, 3, 1)
3
(56, 45)
-> Request 2
381
(4, 3, 1)
2
(9, 29)
-> Request 3
480
(3, 1, 2)
2
(22, 26)
-> Request 4
489
(3, 2, 2)
2
(14, 25)
-> Request 5
872
(1, 2, 2)
1
(58, 68)
-> Request 6
899
(4, 3, 1)
1
(38, 26)
-> Request 7
942
(1, 3, 1)
2
(50, 28)
-> Request 8
1117
(3, 3, 1)
2
(53, 73)
-> Request 9
1231
(4, 2, 2)
3
(62, 45)
-> Request 10
1327
(1, 2, 1)
2
(53, 70)
-> Request 11
1388
(1, 1, 1)
1
(67, 30)
--> Day : 2
-> Request 0
494
(2, 1, 2)
1
(43, 44)
-> Request 1
511
(1, 3, 2)
2
(51, 30)
-> Request 2
583
(3, 2, 1)
2
(8, 30)
-> Request 3
860
(1, 2, 1)
1
(33, 67)
-> Request 4
908
(2, 3, 2)
3
(66, 71)
-> Request 5
1028
(2, 2, 2)
3
(57, 30)
-> Request 6
1356
(4, 3, 1)
1
(56, 45)
--> Day : 3
-> Request 0
147
(4, 2, 1)
3
(67, 32)
-> Request 1
430
(1, 2, 2)
3
(71, 64)
-> Request 2
489
(2, 3, 2)
2
(49, 64)
-> Request 3
498
(2, 1, 2)
1
(11, 21)
-> Request 4
551
(2, 1, 1)
2
(5, 78)
-> Request 5
980
(3, 2, 1)
2
(51, 42)
-> Request 6
1020
(1, 2, 1)
1
(43, 34)
-> Request 7
1090
(2, 1, 2)
3
(50, 40)
-> Request 8
1376
(1, 1, 1)
1
(52, 32)
--> Day : 4
-> Request 0
111
(3, 2, 1)
1
(55, 77)
-> Request 1
159
(1, 1, 2)
2
(35, 16)
-> Request 2
599
(3, 1, 1)
1
(5, 3)
-> Request 3
699
(4, 1, 1)
2
(51, 29)
-> Request 4
821
(1, 3, 1)
1
(61, 27)
-> Request 5
858
(1, 2, 1)
1
(65, 78)
-> Request 6
959
(4, 2, 2)
3
(25, 2)
-> Request 7
979
(3, 3, 1)
1
(40, 46)
-> Request 8
1137
(1, 3, 1)
1
(60, 73)
-> Request 9
1174
(3, 1, 1)
3
(76, 71)
-> Request 10
1220
(2, 1, 2)
3
(44, 44)
-> Request 11
1326
(1, 3, 1)
2
(12, 41)
-> Request 12
1330
(3, 1, 2)
3
(50, 39)
-> Request 13
1401
(4, 2, 2)
3
(2, 57)
---> Week : 17
--> Day : 0
-> Request 0
82
(3, 3, 1)
3
(56, 33)
-> Request 1
476
(1, 3, 1)
1
(67, 31)
-> Request 2
865
(2, 3, 2)
3
(23, 56)
-> Request 3
951
(3, 1, 1)
2
(50, 31)
-> Request 4
1080
(1, 1, 1)
3
(2, 24)
-> Request 5
1178
(4, 3, 2)
2
(39, 5)
-> Request 6
1249
(2, 2, 2)
3
(51, 39)
--> Day : 1
-> Request 0
56
(1, 1, 2)
2
(62, 29)
-> Request 1
244
(2, 2, 2)
3
(59, 9)
-> Request 2
458
(1, 1, 1)
1
(69, 38)
-> Request 3
484
(3, 1, 2)
1
(0, 46)
-> Request 4
694
(2, 3, 1)
3
(66, 64)
-> Request 5
864
(1, 3, 2)
1
(62, 37)
-> Request 6
912
(4, 3, 1)
1
(51, 67)
-> Request 7
1057
(2, 3, 1)
1
(48, 42)
-> Request 8
1270
(2, 2, 2)
2
(43, 45)
-> Request 9
1426
(1, 3, 1)
2
(61, 40)
--> Day : 2
-> Request 0
243
(3, 1, 1)
2
(18, 44)
-> Request 1
331
(4, 2, 1)
2
(50, 78)
-> Request 2
404
(1, 3, 2)
3
(39, 26)
-> Request 3
430
(1, 3, 1)
2
(59, 76)
-> Request 4
539
(1, 1, 2)
1
(17, 25)
-> Request 5
600
(4, 3, 2)
3
(77, 71)
-> Request 6
921
(2, 2, 1)
3
(18, 38)
-> Request 7
926
(4, 3, 1)
1
(16, 63)
-> Request 8
949
(1, 1, 2)
2
(61, 28)
-> Request 9
1064
(1, 3, 2)
1
(53, 8)
-> Request 10
1182
(2, 1, 2)
2
(26, 79)
-> Request 11
1382
(4, 3, 1)
3
(50, 35)
--> Day : 3
-> Request 0
229
(4, 2, 2)
3
(64, 77)
-> Request 1
280
(3, 1, 2)
3
(57, 65)
-> Request 2
667
(3, 1, 1)
1
(9, 25)
-> Request 3
711
(4, 3, 2)
2
(60, 65)
-> Request 4
904
(2, 3, 2)
2
(71, 11)
-> Request 5
1163
(3, 3, 2)
1
(64, 70)
-> Request 6
1296
(2, 3, 1)
2
(65, 6)
--> Day : 4
-> Request 0
1059
(3, 3, 1)
3
(45, 39)
-> Request 1
1289
(2, 2, 2)
2
(13, 20)
---> Week : 18
--> Day : 0
-> Request 0
329
(3, 2, 2)
2
(58, 75)
-> Request 1
355
(4, 1, 2)
2
(8, 53)
-> Request 2
398
(4, 1, 2)
1
(75, 13)
-> Request 3
578
(2, 3, 2)
1
(28, 49)
-> Request 4
590
(2, 1, 2)
3
(45, 43)
-> Request 5
880
(2, 3, 2)
3
(28, 79)
-> Request 6
1005
(1, 3, 2)
1
(55, 30)
-> Request 7
1055
(1, 1, 1)
3
(48, 44)
-> Request 8
1359
(4, 1, 2)
2
(11, 27)
--> Day : 1
-> Request 0
309
(1, 1, 1)
2
(65, 1)
-> Request 1
394
(2, 2, 1)
3
(50, 37)
-> Request 2
403
(3, 2, 2)
3
(55, 75)
-> Request 3
753
(3, 2, 1)
1
(50, 36)
-> Request 4
878
(2, 1, 1)
3
(43, 18)
-> Request 5
922
(4, 3, 1)
3
(45, 39)
-> Request 6
1006
(1, 2, 2)
1
(59, 73)
-> Request 7
1020
(1, 3, 1)
3
(21, 18)
-> Request 8
1226
(2, 2, 2)
2
(53, 30)
-> Request 9
1375
(1, 1, 2)
3
(57, 67)
--> Day : 2
-> Request 0
139
(3, 3, 2)
2
(59, 68)
-> Request 1
271
(3, 2, 2)
2
(62, 29)
-> Request 2
286
(1, 1, 1)
1
(60, 35)
-> Request 3
347
(1, 2, 1)
1
(42, 53)
-> Request 4
416
(1, 2, 1)
2
(65, 78)
-> Request 5
526
(2, 3, 2)
1
(56, 27)
-> Request 6
645
(4, 2, 1)
3
(25, 49)
-> Request 7
1170
(3, 3, 1)
1
(20, 69)
-> Request 8
1388
(4, 1, 2)
2
(61, 74)
--> Day : 3
-> Request 0
34
(2, 1, 1)
2
(62, 42)
-> Request 1
292
(3, 1, 2)
3
(59, 35)
-> Request 2
338
(2, 1, 2)
2
(55, 29)
-> Request 3
711
(1, 2, 2)
3
(28, 5)
-> Request 4
928
(3, 1, 1)
1
(76, 64)
-> Request 5
1203
(1, 2, 1)
3
(62, 33)
-> Request 6
1397
(2, 3, 1)
3
(47, 21)
--> Day : 4
-> Request 0
93
(2, 1, 2)
3
(4, 27)
-> Request 1
98
(2, 3, 2)
1
(46, 40)
-> Request 2
232
(3, 1, 1)
2
(65, 65)
-> Request 3
560
(3, 3, 1)
2
(10, 28)
-> Request 4
713
(3, 2, 2)
3
(37, 38)
-> Request 5
811
(4, 2, 1)
1
(51, 35)
-> Request 6
1294
(2, 2, 1)
1
(53, 28)
---> Week : 19
--> Day : 0
-> Request 0
606
(2, 3, 2)
2
(55, 73)
-> Request 1
737
(4, 1, 1)
3
(38, 76)
-> Request 2
858
(2, 3, 1)
2
(49, 37)
-> Request 3
920
(1, 1, 2)
1
(15, 54)
-> Request 4
953
(1, 3, 2)
1
(32, 75)
-> Request 5
1217
(1, 2, 1)
2
(53, 76)
-> Request 6
1315
(1, 1, 1)
2
(31, 3)
-> Request 7
1318
(1, 2, 2)
3
(0, 21)
-> Request 8
1435
(4, 1, 2)
2
(61, 45)
--> Day : 1
-> Request 0
250
(2, 1, 2)
2
(42, 9)
-> Request 1
310
(4, 1, 1)
3
(35, 62)
-> Request 2
538
(2, 1, 2)
3
(53, 51)
-> Request 3
746
(4, 2, 1)
1
(33, 52)
-> Request 4
1007
(1, 1, 1)
3
(10, 71)
-> Request 5
1036
(2, 1, 1)
3
(54, 77)
-> Request 6
1036
(2, 2, 2)
1
(22, 62)
-> Request 7
1186
(1, 2, 1)
3
(18, 74)
-> Request 8
1266
(4, 1, 1)
3
(46, 39)
-> Request 9
1326
(1, 2, 1)
3
(44, 28)
-> Request 10
1334
(2, 3, 1)
2
(52, 75)
--> Day : 2
-> Request 0
84
(3, 2, 2)
1
(48, 45)
-> Request 1
255
(1, 2, 2)
3
(54, 66)
-> Request 2
299
(4, 2, 1)
1
(71, 20)
-> Request 3
510
(2, 1, 2)
2
(44, 35)
-> Request 4
622
(4, 1, 1)
1
(62, 66)
-> Request 5
862
(3, 3, 2)
3
(59, 46)
-> Request 6
909
(2, 2, 2)
3
(11, 20)
-> Request 7
1051
(1, 1, 1)
2
(13, 24)
-> Request 8
1178
(3, 1, 2)
3
(58, 44)
-> Request 9
1215
(2, 1, 2)
1
(20, 0)
-> Request 10
1245
(2, 2, 2)
3
(67, 6)
-> Request 11
1412
(3, 2, 1)
3
(65, 4)
--> Day : 3
-> Request 0
6
(3, 2, 2)
2
(51, 16)
-> Request 1
137
(3, 1, 2)
1
(14, 26)
-> Request 2
166
(3, 3, 1)
2
(52, 70)
-> Request 3
231
(3, 1, 1)
2
(46, 39)
-> Request 4
528
(2, 1, 1)
1
(22, 66)
-> Request 5
936
(4, 2, 1)
1
(63, 67)
-> Request 6
1019
(2, 1, 2)
2
(48, 24)
-> Request 7
1134
(2, 3, 2)
2
(35, 16)
-> Request 8
1185
(3, 1, 2)
2
(8, 26)
-> Request 9
1260
(3, 1, 2)
1
(74, 54)
-> Request 10
1299
(4, 2, 2)
1
(54, 72)
-> Request 11
1338
(3, 2, 1)
3
(79, 33)
-> Request 12
1419
(2, 2, 1)
2
(3, 28)
--> Day : 4
-> Request 0
79
(1, 1, 1)
1
(64, 17)
-> Request 1
378
(2, 2, 1)
3
(43, 42)
-> Request 2
391
(4, 1, 1)
1
(73, 9)
-> Request 3
684
(2, 2, 2)
1
(64, 15)
-> Request 4
814
(1, 2, 2)
3
(24, 66)
-> Request 5
917
(1, 2, 2)
1
(37, 9)
-> Request 6
934
(4, 1, 2)
1
(60, 11)
-> Request 7
1153
(3, 1, 1)
1
(11, 53)
-> Request 8
1172
(2, 2, 2)
3
(43, 32)
