---> Week : 0
--> Day : 0
-> Request 0
78
(4, 2, 2)
2
(51, 41)
-> Request 1
486
(4, 3, 1)
2
(57, 64)
-> Request 2
714
(1, 2, 1)
3
(46, 34)
-> Request 3
799
(1, 1, 2)
2
(15, 60)
-> Request 4
862
(3, 2, 1)
2
(59, 72)
-> Request 5
882
(4, 1, 1)
2
(59, 73)
-> Request 6
962
(1, 3, 2)
1
(59, 38)
-> Request 7
1051
(4, 1, 1)
1
(54, 8)
-> Request 8
1097
(4, 3, 1)
2
(62, 77)
-> Request 9
1147
(4, 1, 1)
3
(54, 70)
--> Day : 1
-> Request 0
31
(3, 2, 2)
3
(61, 27)
-> Request 1
61
(4, 3, 2)
1
(49, 38)
-> Request 2
180
(3, 2, 2)
2
(59, 76)
-> Request 3
241
(3, 2, 2)
1
(52, 73)
-> Request 4
298
(2, 2, 1)
1
(13, 23)
-> Request 5
394
(2, 3, 2)
2
(20, 33)
-> Request 6
444
(3, 1, 1)
1
(58, 78)
-> Request 7
722
(3, 1, 2)
1
(69, 40)
-> Request 8
770
(1, 3, 2)
1
(34, 23)
-> Request 9
1101
(3, 2, 1)
3
(13, 22)
-> Request 10
1101
(4, 1, 2)
3
(47, 36)
--> Day : 2
-> Request 0
279
(1, 1, 1)
2
(70, 46)
-> Request 1
375
(2, 1, 2)
2
(5, 40)
-> Request 2
509
(2, 3, 1)
1
(12, 21)
-> Request 3
745
(2, 3, 1)
1
(60, 33)
-> Request 4
783
(1, 2, 2)
2
(70, 19)
-> Request 5
1170
(3, 1, 2)
1
(68, 77)
-> Request 6
1237
(4, 1, 2)
3
(58, 66)
-> Request 7
1402
(4, 3, 1)
3
(71, 39)
--> Day : 3
-> Request 0
132
(2, 2, 1)
3
(39, 15)
-> Request 1
135
(4, 2, 2)
1
(77, 48)
-> Request 2
322
(4, 2, 1)
3
(64, 44)
-> Request 3
415
(2, 3, 2)
3
(20, 46)
-> Request 4
454
(3, 3, 2)
2
(59, 73)
-> Request 5
679
(1, 3, 1)
3
(31, 54)
-> Request 6
779
(1, 1, 1)
3
(46, 69)
-> Request 7
1037
(1, 2, 1)
1
(25, 4)
-> Request 8
1082
(2, 2, 1)
3
(78, 30)
--> Day : 4
-> Request 0
301
(3, 2, 1)
3
(44, 39)
-> Request 1
380
(1, 3, 2)
3
(52, 75)
-> Request 2
439
(1, 2, 2)
2
(46, 70)
-> Request 3
706
(3, 3, 1)
2
(69, 39)
-> Request 4
843
(2, 2, 1)
3
(25, 75)
-> Request 5
862
(2, 3, 2)
2
(60, 74)
-> Request 6
870
(4, 1, 1)
2
(51, 32)
-> Request 7
1004
(1, 2, 2)
3
(58, 53)
-> Request 8
1338
(3, 1, 2)
1
(51, 33)
---> Week : 1
--> Day : 0
-> Request 0
594
(3, 2, 2)
1
(74, 21)
-> Request 1
681
(3, 1, 1)
1
(65, 73)
-> Request 2
689
(4, 2, 2)
3
(22, 4)
-> Request 3
847
(4, 3, 2)
3
(54, 44)
-> Request 4
848
(1, 3, 1)
1
(61, 31)
-> Request 5
1111
(1, 1, 1)
2
(53, 70)
-> Request 6
1203
(3, 1, 2)
1
(30, 8)
--> Day : 1
-> Request 0
153
(1, 3, 1)
3
(11, 22)
-> Request 1
418
(2, 1, 1)
2
(51, 56)
-> Request 2
440
(3, 1, 1)
1
(74, 47)
-> Request 3
755
(1, 1, 1)
1
(74, 58)
-> Request 4
1116
(3, 2, 2)
2
(53, 43)
-> Request 5
1390
(1, 3, 2)
1
(59, 44)
--> Day : 2
-> Request 0
397
(2, 3, 2)
2
(64, 64)
-> Request 1
422
(3, 1, 1)
1
(48, 32)
-> Request 2
1368
(2, 3, 1)
1
(12, 66)
-> Request 3
1398
(4, 2, 1)
1
(11, 35)
-> Request 4
1424
(4, 2, 1)
3
(9, 39)
--> Day : 3
-> Request 0
60
(2, 3, 1)
3
(43, 34)
-> Request 1
105
(2, 2, 2)
1
(56, 36)
-> Request 2
133
(4, 2, 2)
2
(10, 22)
-> Request 3
197
(2, 1, 1)
3
(59, 36)
-> Request 4
216
(4, 3, 2)
3
(9, 67)
-> Request 5
301
(3, 1, 2)
1
(68, 49)
-> Request 6
550
(3, 3, 2)
2
(52, 35)
-> Request 7
794
(1, 3, 1)
2
(43, 10)
-> Request 8
818
(1, 3, 1)
1
(6, 31)
-> Request 9
849
(1, 2, 1)
1
(44, 72)
-> Request 10
897
(2, 2, 1)
2
(16, 20)
-> Request 11
1076
(1, 2, 1)
2
(48, 29)
-> Request 12
1318
(3, 3, 1)
3
(61, 36)
-> Request 13
1354
(1, 3, 2)
3
(42, 21)
--> Day : 4
-> Request 0
312
(4, 2, 1)
1
(71, 49)
-> Request 1
348
(1, 1, 1)
1
(62, 30)
-> Request 2
707
(4, 1, 2)
1
(48, 75)
-> Request 3
841
(2, 3, 1)
2
(65, 77)
-> Request 4
1209
(2, 1, 1)
3
(17, 28)
---> Week : 2
--> Day : 0
-> Request 0
266
(4, 2, 2)
2
(5, 39)
-> Request 1
519
(4, 3, 2)
1
(60, 72)
-> Request 2
613
(2, 1, 2)
1
(58, 67)
-> Request 3
634
(2, 1, 1)
1
(43, 32)
-> Request 4
653
(3, 1, 2)
1
(78, 67)
-> Request 5
656
(4, 2, 1)
2
(44, 64)
-> Request 6
667
(1, 1, 1)
1
(56, 55)
-> Request 7
1174
(3, 1, 1)
2
(64, 66)
-> Request 8
1175
(3, 3, 1)
1
(46, 41)
-> Request 9
1411
(1, 3, 1)
1
(48, 32)
--> Day : 1
-> Request 0
178
(3, 2, 1)
2
(43, 43)
-> Request 1
216
(2, 1, 2)
3
(8, 28)
-> Request 2
295
(1, 2, 1)
2
(59, 19)
-> Request 3
335
(1, 3, 1)
2
(50, 0)
-> Request 4
901
(4, 2, 2)
2
(1, 66)
-> Request 5
1018
(3, 2, 1)
3
(45, 45)
-> Request 6
1035
(2, 2, 2)
1
(56, 67)
-> Request 7
1327
(1, 1, 2)
3
(17, 24)
-> Request 8
1359
(4, 1, 2)
1
(64, 71)
--> Day : 2
-> Request 0
184
(2, 1, 2)
1
(24, 34)
-> Request 1
244
(1, 3, 2)
3
(56, 75)
-> Request 2
271
(4, 2, 1)
2
(49, 27)
-> Request 3
411
(2, 3, 2)
3
(42, 49)
-> Request 4
488
(4, 1, 1)
1
(48, 5)
-> Request 5
491
(3, 2, 2)
1
(50, 33)
-> Request 6
742
(3, 3, 1)
1
(54, 74)
-> Request 7
920
(4, 3, 2)
2
(51, 31)
-> Request 8
1085
(2, 3, 2)
3
(63, 35)
--> Day : 3
-> Request 0
147
(3, 3, 1)
1
(48, 4)
-> Request 1
181
(1, 3, 1)
1
(11, 28)
-> Request 2
304
(2, 3, 1)
2
(50, 76)
-> Request 3
470
(3, 1, 2)
2
(0, 51)
-> Request 4
534
(2, 1, 2)
2
(11, 23)
-> Request 5
582
(4, 1, 2)
3
(50, 39)
-> Request 6
708
(3, 2, 1)
3
(68, 2)
-> Request 7
807
(1, 3, 2)
1
(57, 73)
-> Request 8
863
(3, 2, 1)
2
(63, 68)
-> Request 9
1187
(4, 3, 1)
3
(45, 39)
-> Request 10
1356
(4, 2, 2)
3
(53, 34)
--> Day : 4
-> Request 0
122
(3, 1, 2)
2
(53, 36)
-> Request 1
140
(2, 2, 1)
1
(6, 8)
-> Request 2
228
(1, 2, 2)
3
(31, 57)
-> Request 3
354
(2, 1, 2)
2
(10, 39)
-> Request 4
512
(2, 1, 2)
1
(11, 20)
-> Request 5
612
(4, 2, 2)
3
(63, 72)
-> Request 6
794
(3, 2, 2)
2
(60, 30)
-> Request 7
794
(4, 2, 2)
1
(10, 3)
-> Request 8
933
(4, 3, 1)
3
(50, 39)
-> Request 9
964
(4, 3, 2)
3
(71, 68)
-> Request 10
997
(1, 1, 1)
1
(59, 74)
-> Request 11
1011
(2, 2, 1)
1
(75, 68)
-> Request 12
1028
(4, 2, 1)
2
(15, 58)
-> Request 13
1304
(2, 2, 1)
1
(38, 37)
---> Week : 3
--> Day : 0
-> Request 0
0
(4, 1, 2)
1
(59, 77)
-> Request 1
16
(2, 3, 1)
3
(58, 77)
-> Request 2
257
(3, 2, 2)
3
(53, 39)
-> Request 3
378
(4, 3, 1)
2
(56, 77)
-> Request 4
499
(2, 1, 1)
2
(74, 25)
-> Request 5
584
(2, 2, 2)
1
(51, 29)
-> Request 6
841
(4, 3, 2)
1
(4, 2)
-> Request 7
873
(2, 3, 2)
2
(48, 7)
-> Request 8
929
(2, 1, 1)
3
(59, 37)
-> Request 9
1085
(1, 2, 1)
3
(11, 30)
-> Request 10
1264
(2, 3, 1)
1
(4, 2)
--> Day : 1
-> Request 0
25
(4, 3, 2)
2
(59, 75)
-> Request 1
34
(4, 3, 2)
1
(74, 26)
-> Request 2
233
(2, 2, 2)
1
(53, 68)
-> Request 3
277
(2, 1, 2)
3
(0, 24)
-> Request 4
378
(1, 3, 2)
2
(64, 69)
-> Request 5
526
(1, 2, 2)
2
(33, 69)
-> Request 6
552
(3, 1, 1)
3
(48, 44)
-> Request 7
1212
(3, 3, 2)
1
(63, 2)
-> Request 8
1267
(1, 2, 1)
2
(12, 22)
-> Request 9
1273
(4, 1, 1)
2
(56, 76)
-> Request 10
1321
(1, 2, 1)
1
(63, 78)
--> Day : 2
-> Request 0
384
(1, 3, 2)
1
(79, 31)
-> Request 1
554
(2, 1, 2)
3
(52, 69)
-> Request 2
1079
(2, 2, 2)
3
(71, 56)
-> Request 3
1150
(3, 2, 1)
3
(70, 33)
-> Request 4
1251
(3, 1, 1)
1
(66, 52)
-> Request 5
1268
(4, 2, 2)
3
(46, 33)
-> Request 6
1351
(4, 2, 1)
1
(4, 47)
-> Request 7
1394
(2, 2, 1)
2
(57, 65)
--> Day : 3
-> Request 0
8
(2, 3, 2)
3
(73, 38)
-> Request 1
26
(3, 1, 2)
1
(63, 78)
-> Request 2
89
(3, 2, 2)
3
(15, 24)
-> Request 3
298
(1, 2, 2)
3
(51, 68)
-> Request 4
625
(2, 1, 1)
3
(8, 56)
-> Request 5
639
(4, 3, 2)
1
(62, 35)
-> Request 6
654
(4, 3, 1)
1
(55, 32)
-> Request 7
846
(1, 2, 2)
1
(6, 11)
-> Request 8
1152
(2, 3, 1)
3
(55, 28)
-> Request 9
1369
(4, 1, 1)
3
(33, 45)
-> Request 10
1399
(1, 3, 1)
1
(60, 68)
-> Request 11
1414
(1, 1, 2)
1
(56, 43)
-> Request 12
1417
(3, 3, 1)
1
(66, 73)
--> Day : 4
-> Request 0
181
(1, 2, 1)
1
(57, 45)
-> Request 1
243
(2, 3, 1)
3
(50, 27)
-> Request 2
333
(4, 1, 1)
1
(43, 41)
-> Request 3
337
(2, 3, 2)
2
(48, 41)
-> Request 4
403
(1, 2, 2)
2
(46, 40)
-> Request 5
404
(2, 3, 1)
1
(38, 60)
-> Request 6
464
(2, 1, 1)
1
(62, 70)
-> Request 7
596
(4, 1, 1)
1
(51, 35)
-> Request 8
751
(4, 2, 1)
3
(46, 27)
-> Request 9
971
(2, 3, 2)
2
(59, 70)
-> Request 10
1259
(3, 3, 1)
3
(61, 65)
-> Request 11
1348
(4, 3, 1)
1
(49, 32)
---> Week : 4
--> Day : 0
-> Request 0
116
(3, 3, 1)
2
(53, 44)
-> Request 1
369
(4, 1, 2)
3
(8, 49)
-> Request 2
394
(2, 2, 2)
1
(58, 42)
-> Request 3
632
(3, 2, 1)
3
(59, 43)
-> Request 4
691
(1, 1, 1)
1
(45, 45)
-> Request 5
931
(2, 2, 1)
3
(34, 75)
-> Request 6
952
(4, 1, 2)
2
(64, 71)
-> Request 7
1017
(3, 2, 2)
3
(50, 36)
-> Request 8
1130
(2, 2, 2)
3
(17, 17)
-> Request 9
1130
(4, 3, 2)
3
(61, 45)
-> Request 10
1141
(2, 2, 1)
1
(57, 43)
-> Request 11
1333
(1, 2, 2)
2
(47, 31)
--> Day : 1
-> Request 0
100
(3, 2, 1)
3
(43, 29)
-> Request 1
154
(3, 3, 2)
3
(21, 17)
-> Request 2
349
(1, 2, 2)
1
(56, 73)
-> Request 3
565
(2, 3, 2)
1
(10, 41)
-> Request 4
795
(4, 3, 2)
2
(67, 59)
-> Request 5
965
(4, 3, 2)
2
(45, 31)
-> Request 6
1045
(2, 1, 2)
2
(13, 20)
-> Request 7
1157
(2, 2, 1)
1
(54, 74)
--> Day : 2
-> Request 0
154
(1, 1, 2)
3
(42, 4)
-> Request 1
198
(4, 1, 2)
3
(52, 69)
-> Request 2
347
(4, 2, 2)
3
(49, 70)
-> Request 3
580
(2, 1, 2)
2
(78, 15)
-> Request 4
705
(4, 1, 2)
1
(55, 51)
-> Request 5
712
(1, 1, 1)
2
(62, 76)
-> Request 6
1049
(3, 1, 1)
3
(55, 28)
-> Request 7
1299
(2, 1, 1)
2
(27, 21)
-> Request 8
1428
(3, 1, 1)
1
(13, 56)
--> Day : 3
-> Request 0
20
(3, 3, 1)
1
(30, 60)
-> Request 1
81
(4, 2, 1)
3
(24, 72)
-> Request 2
188
(4, 3, 2)
2
(5, 46)
-> Request 3
397
(1, 2, 1)
3
(61, 40)
-> Request 4
590
(4, 3, 2)
1
(53, 16)
-> Request 5
658
(1, 3, 2)
3
(78, 60)
-> Request 6
694
(4, 3, 2)
3
(37, 46)
-> Request 7
973
(1, 2, 2)
2
(23, 5)
-> Request 8
1018
(2, 3, 1)
2
(45, 29)
-> Request 9
1059
(2, 2, 1)
1
(47, 41)
-> Request 10
1275
(3, 2, 2)
2
(10, 26)
--> Day : 4
-> Request 0
181
(4, 1, 1)
3
(45, 76)
-> Request 1
292
(3, 2, 1)
2
(31, 36)
-> Request 2
517
(2, 3, 1)
3
(9, 20)
-> Request 3
591
(1, 2, 1)
3
(54, 72)
-> Request 4
785
(2, 2, 2)
1
(52, 69)
-> Request 5
814
(2, 3, 2)
1
(3, 31)
-> Request 6
1176
(3, 2, 1)
3
(12, 22)
-> Request 7
1187
(1, 3, 1)
2
(15, 24)
-> Request 8
1431
(4, 2, 1)
3
(56, 69)
---> Week : 5
--> Day : 0
-> Request 0
418
(4, 2, 2)
2
(56, 36)
-> Request 1
676
(4, 1, 2)
3
(60, 65)
-> Request 2
685
(1, 2, 1)
3
(12, 21)
-> Request 3
924
(1, 3, 1)
3
(75, 42)
-> Request 4
930
(1, 2, 2)
1
(60, 69)
-> Request 5
1252
(3, 3, 1)
3
(46, 29)
-> Request 6
1321
(1, 2, 1)
3
(15, 24)
-> Request 7
1327
(4, 2, 1)
3
(39, 53)
-> Request 8
1393
(3, 1, 1)
1
(60, 74)
--> Day : 1
-> Request 0
153
(2, 3, 2)
3
(32, 29)
-> Request 1
232
(3, 1, 2)
2
(78, 52)
-> Request 2
360
(1, 3, 1)
2
(56, 44)
-> Request 3
576
(2, 3, 1)
2
(10, 20)
-> Request 4
1045
(4, 3, 1)
2
(60, 33)
-> Request 5
1297
(1, 1, 2)
3
(62, 27)
-> Request 6
1318
(1, 3, 2)
2
(59, 33)
--> Day : 2
-> Request 0
20
(1, 2, 1)
3
(78, 74)
-> Request 1
52
(3, 2, 2)
1
(9, 14)
-> Request 2
170
(1, 3, 1)
2
(59, 29)
-> Request 3
200
(2, 1, 2)
3
(63, 78)
-> Request 4
271
(2, 3, 2)
3
(14, 23)
-> Request 5
278
(3, 3, 1)
3
(11, 21)
-> Request 6
496
(3, 3, 2)
3
(79, 40)
-> Request 7
552
(1, 2, 2)
2
(58, 40)
-> Request 8
576
(2, 1, 2)
1
(62, 46)
-> Request 9
748
(2, 3, 2)
3
(78, 64)
-> Request 10
862
(2, 1, 2)
3
(65, 68)
-> Request 11
949
(2, 1, 2)
3
(46, 41)
-> Request 12
1077
(1, 2, 2)
1
(10, 29)
-> Request 13
1233
(4, 3, 2)
1
(63, 75)
-> Request 14
1263
(4, 2, 2)
2
(27, 41)
-> Request 15
1328
(1, 3, 2)
3
(59, 55)
-> Request 16
1340
(2, 2, 1)
2
(66, 73)
--> Day : 3
-> Request 0
455
(4, 1, 2)
1
(47, 34)
-> Request 1
643
(2, 2, 2)
1
(3, 72)
-> Request 2
752
(2, 2, 1)
3
(61, 78)
-> Request 3
1046
(4, 2, 2)
3
(49, 37)
-> Request 4
1315
(2, 2, 1)
3
(58, 34)
-> Request 5
1343
(3, 3, 1)
2
(60, 28)
-> Request 6
1352
(2, 3, 2)
3
(30, 78)
--> Day : 4
-> Request 0
40
(2, 3, 2)
3
(22, 25)
-> Request 1
191
(3, 3, 1)
3
(59, 70)
-> Request 2
242
(4, 1, 2)
2
(56, 74)
-> Request 3
284
(1, 2, 2)
2
(59, 44)
-> Request 4
310
(2, 2, 1)
3
(65, 77)
-> Request 5
609
(4, 2, 2)
3
(77, 61)
-> Request 6
752
(4, 2, 2)
1
(59, 78)
-> Request 7
766
(2, 2, 2)
3
(49, 38)
-> Request 8
888
(4, 3, 1)
3
(3, 18)
-> Request 9
1291
(4, 1, 2)
2
(5, 59)
-> Request 10
1334
(2, 1, 2)
3
(14, 47)
-> Request 11
1341
(1, 2, 2)
2
(27, 19)
-> Request 12
1437
(4, 3, 2)
2
(59, 45)
---> Week : 6
--> Day : 0
-> Request 0
267
(2, 3, 2)
1
(21, 19)
-> Request 1
378
(4, 3, 2)
3
(0, 31)
-> Request 2
398
(2, 3, 1)
1
(53, 30)
-> Request 3
425
(2, 1, 1)
1
(58, 34)
-> Request 4
491
(1, 3, 1)
2
(63, 64)
-> Request 5
537
(2, 2, 2)
2
(37, 31)
-> Request 6
754
(1, 1, 1)
2
(60, 43)
-> Request 7
819
(3, 2, 2)
2
(50, 28)
-> Request 8
888
(1, 2, 2)
1
(55, 19)
-> Request 9
913
(2, 3, 1)
1
(57, 71)
-> Request 10
1000
(2, 1, 2)
1
(49, 1)
-> Request 11
1006
(3, 3, 1)
3
(12, 28)
-> Request 12
1297
(2, 2, 1)
2
(73, 23)
-> Request 13
1370
(1, 3, 1)
2
(55, 33)
--> Day : 1
-> Request 0
120
(3, 3, 1)
2
(72, 72)
-> Request 1
403
(4, 1, 2)
1
(57, 73)
-> Request 2
599
(4, 1, 2)
3
(35, 4)
-> Request 3
990
(4, 1, 1)
1
(47, 35)
-> Request 4
1180
(3, 3, 2)
2
(46, 43)
-> Request 5
1210
(4, 2, 2)
1
(13, 51)
-> Request 6
1220
(1, 3, 1)
3
(11, 30)
-> Request 7
1374
(2, 2, 2)
3
(79, 13)
-> Request 8
1393
(2, 3, 1)
2
(38, 20)
--> Day : 2
-> Request 0
60
(3, 1, 1)
1
(17, 67)
-> Request 1
92
(3, 3, 1)
2
(16, 23)
-> Request 2
312
(1, 1, 1)
1
(77, 71)
-> Request 3
426
(3, 3, 2)
1
(50, 46)
-> Request 4
543
(3, 1, 1)
2
(59, 35)
-> Request 5
638
(4, 2, 2)
1
(70, 16)
-> Request 6
708
(4, 3, 1)
1
(61, 67)
-> Request 7
872
(3, 3, 1)
3
(58, 65)
-> Request 8
1067
(1, 2, 1)
3
(14, 28)
-> Request 9
1236
(3, 1, 2)
1
(50, 44)
-> Request 10
1284
(4, 1, 2)
2
(28, 23)
-> Request 11
1388
(1, 2, 2)
2
(55, 46)
-> Request 12
1431
(4, 2, 1)
1
(55, 74)
--> Day : 3
-> Request 0
14
(4, 1, 1)
1
(60, 46)
-> Request 1
289
(1, 3, 2)
2
(17, 29)
-> Request 2
355
(4, 1, 2)
1
(50, 46)
-> Request 3
425
(1, 1, 2)
2
(55, 30)
-> Request 4
676
(4, 3, 2)
3
(25, 73)
-> Request 5
730
(3, 3, 2)
2
(70, 9)
-> Request 6
837
(3, 2, 1)
3
(73, 9)
-> Request 7
879
(4, 3, 1)
2
(31, 41)
--> Day : 4
-> Request 0
83
(2, 2, 2)
2
(35, 24)
-> Request 1
455
(3, 3, 2)
3
(69, 49)
-> Request 2
741
(2, 3, 1)
2
(56, 76)
-> Request 3
770
(1, 1, 2)
3
(44, 37)
-> Request 4
1019
(1, 2, 2)
2
(24, 67)
-> Request 5
1211
(1, 3, 2)
1
(58, 41)
-> Request 6
1233
(3, 1, 2)
3
(42, 54)
-> Request 7
1365
(4, 3, 1)
1
(43, 42)
---> Week : 7
--> Day : 0
-> Request 0
178
(3, 3, 1)
2
(17, 29)
-> Request 1
534
(2, 3, 2)
1
(59, 44)
-> Request 2
853
(2, 3, 2)
2
(9, 27)
-> Request 3
965
(2, 2, 2)
1
(10, 22)
-> Request 4
971
(2, 1, 2)
1
(59, 68)
-> Request 5
1190
(2, 1, 1)
1
(47, 44)
-> Request 6
1193
(4, 2, 1)
2
(28, 14)
-> Request 7
1268
(4, 2, 1)
1
(48, 35)
-> Request 8
1350
(2, 1, 1)
3
(44, 32)
-> Request 9
1417
(4, 3, 2)
1
(44, 57)
--> Day : 1
-> Request 0
25
(3, 1, 1)
1
(58, 66)
-> Request 1
511
(3, 1, 1)
2
(53, 70)
-> Request 2
530
(3, 3, 2)
2
(29, 32)
-> Request 3
649
(4, 3, 1)
1
(59, 27)
-> Request 4
861
(3, 3, 2)
1
(61, 28)
-> Request 5
945
(2, 2, 1)
3
(17, 26)
-> Request 6
1046
(4, 3, 2)
1
(11, 25)
-> Request 7
1139
(2, 2, 2)
1
(51, 45)
-> Request 8
1313
(3, 1, 2)
2
(57, 39)
--> Day : 2
-> Request 0
19
(2, 3, 1)
3
(53, 29)
-> Request 1
281
(4, 1, 2)
1
(8, 51)
-> Request 2
283
(1, 3, 1)
3
(9, 27)
-> Request 3
652
(4, 1, 2)
3
(17, 27)
-> Request 4
803
(3, 3, 1)
1
(29, 74)
-> Request 5
821
(1, 3, 2)
2
(66, 71)
-> Request 6
1306
(2, 1, 2)
2
(13, 21)
--> Day : 3
-> Request 0
464
(4, 1, 2)
2
(50, 30)
-> Request 1
493
(3, 2, 1)
3
(11, 57)
-> Request 2
556
(2, 1, 2)
2
(57, 75)
-> Request 3
1191
(2, 3, 2)
1
(3, 56)
-> Request 4
1333
(1, 3, 1)
2
(51, 38)
--> Day : 4
-> Request 0
78
(3, 3, 2)
1
(31, 21)
-> Request 1
358
(2, 3, 2)
2
(58, 13)
-> Request 2
393
(3, 1, 2)
3
(32, 29)
-> Request 3
442
(4, 1, 1)
2
(59, 46)
-> Request 4
490
(2, 1, 1)
1
(55, 67)
-> Request 5
490
(1, 2, 2)
1
(52, 33)
-> Request 6
861
(3, 1, 2)
1
(11, 19)
-> Request 7
896
(1, 2, 1)
1
(70, 54)
-> Request 8
956
(2, 1, 2)
3
(49, 27)
-> Request 9
1236
(2, 2, 1)
3
(5, 23)
-> Request 10
1277
(2, 3, 2)
2
(58, 70)
-> Request 11
1399
(4, 3, 2)
1
(54, 36)
---> Week : 8
--> Day : 0
-> Request 0
659
(2, 2, 2)
3
(62, 69)
-> Request 1
759
(1, 1, 1)
1
(46, 40)
-> Request 2
815
(1, 1, 1)
2
(7, 70)
-> Request 3
1077
(4, 1, 1)
2
(60, 78)
-> Request 4
1130
(4, 2, 1)
2
(37, 76)
-> Request 5
1139
(3, 3, 1)
1
(49, 44)
-> Request 6
1226
(4, 1, 1)
1
(58, 35)
-> Request 7
1430
(1, 2, 2)
3
(56, 66)
--> Day : 1
-> Request 0
270
(2, 2, 1)
2
(66, 76)
-> Request 1
350
(2, 1, 1)
3
(25, 74)
-> Request 2
472
(4, 2, 2)
1
(18, 71)
-> Request 3
484
(1, 2, 1)
1
(30, 0)
-> Request 4
832
(1, 1, 2)
3
(55, 41)
-> Request 5
952
(2, 3, 1)
2
(55, 76)
-> Request 6
1388
(4, 1, 2)
2
(15, 7)
-> Request 7
1402
(3, 3, 1)
3
(2, 23)
--> Day : 2
-> Request 0
201
(2, 3, 2)
2
(45, 40)
-> Request 1
261
(1, 1, 1)
1
(60, 78)
-> Request 2
709
(4, 2, 1)
2
(53, 50)
-> Request 3
909
(3, 1, 1)
1
(64, 50)
-> Request 4
1037
(1, 3, 2)
2
(54, 27)
-> Request 5
1137
(3, 3, 1)
2
(61, 28)
-> Request 6
1156
(3, 1, 1)
2
(3, 32)
-> Request 7
1157
(1, 1, 1)
2
(60, 76)
-> Request 8
1185
(3, 1, 2)
1
(9, 16)
--> Day : 3
-> Request 0
103
(1, 1, 1)
1
(71, 30)
-> Request 1
142
(2, 1, 2)
2
(46, 40)
-> Request 2
201
(3, 2, 1)
1
(61, 74)
-> Request 3
600
(4, 1, 2)
2
(36, 47)
-> Request 4
635
(4, 2, 1)
1
(62, 30)
-> Request 5
649
(4, 1, 1)
2
(60, 36)
-> Request 6
884
(3, 2, 2)
1
(59, 68)
-> Request 7
1199
(1, 3, 1)
3
(27, 52)
-> Request 8
1415
(2, 1, 1)
3
(45, 39)
--> Day : 4
-> Request 0
287
(1, 3, 2)
1
(61, 32)
-> Request 1
596
(1, 2, 2)
1
(53, 54)
-> Request 2
654
(3, 3, 1)
1
(76, 13)
-> Request 3
739
(2, 1, 2)
2
(49, 44)
-> Request 4
1338
(4, 3, 1)
1
(37, 57)
-> Request 5
1354
(4, 3, 1)
3
(17, 62)
-> Request 6
1359
(2, 2, 1)
2
(14, 20)
---> Week : 9
--> Day : 0
-> Request 0
220
(4, 2, 2)
2
(56, 16)
-> Request 1
255
(2, 1, 1)
2
(11, 79)
-> Request 2
472
(3, 2, 2)
2
(43, 44)
-> Request 3
559
(4, 2, 2)
3
(50, 42)
-> Request 4
955
(2, 3, 2)
2
(49, 34)
-> Request 5
1066
(4, 2, 2)
1
(79, 59)
-> Request 6
1169
(4, 1, 2)
2
(20, 39)
-> Request 7
1213
(1, 1, 2)
1
(56, 31)
-> Request 8
1414
(3, 2, 2)
1
(66, 78)
--> Day : 1
-> Request 0
121
(3, 3, 1)
2
(52, 36)
-> Request 1
203
(2, 2, 1)
3
(39, 14)
-> Request 2
480
(2, 1, 1)
3
(44, 57)
-> Request 3
775
(4, 3, 2)
3
(57, 12)
-> Request 4
831
(4, 3, 2)
2
(46, 46)
-> Request 5
984
(4, 2, 1)
2
(53, 33)
-> Request 6
1377
(3, 1, 1)
3
(11, 20)
--> Day : 2
-> Request 0
309
(4, 1, 2)
1
(47, 37)
-> Request 1
431
(2, 1, 1)
2
(17, 20)
-> Request 2
440
(3, 1, 2)
3
(79, 13)
-> Request 3
812
(4, 1, 2)
2
(61, 29)
-> Request 4
1189
(1, 1, 1)
3
(62, 28)
--> Day : 3
-> Request 0
270
(1, 1, 2)
2
(71, 68)
-> Request 1
545
(4, 1, 1)
2
(58, 46)
-> Request 2
750
(2, 1, 1)
1
(38, 34)
-> Request 3
825
(1, 2, 2)
1
(56, 28)
-> Request 4
832
(4, 2, 2)
2
(6, 52)
-> Request 5
906
(2, 1, 2)
3
(60, 39)
-> Request 6
958
(4, 2, 1)
3
(44, 39)
-> Request 7
998
(1, 2, 2)
2
(49, 11)
-> Request 8
1055
(3, 2, 1)
1
(60, 44)
-> Request 9
1116
(2, 2, 1)
1
(57, 37)
-> Request 10
1318
(1, 1, 2)
1
(78, 26)
--> Day : 4
-> Request 0
288
(4, 1, 1)
2
(9, 26)
-> Request 1
316
(1, 1, 1)
2
(41, 69)
-> Request 2
654
(2, 2, 1)
1
(60, 74)
-> Request 3
723
(3, 3, 2)
2
(15, 23)
-> Request 4
840
(4, 1, 2)
1
(1, 76)
-> Request 5
861
(3, 2, 1)
2
(67, 47)
-> Request 6
1031
(3, 2, 2)
2
(65, 64)
-> Request 7
1051
(3, 3, 1)
3
(56, 32)
-> Request 8
1100
(3, 1, 2)
3
(57, 72)
-> Request 9
1197
(3, 3, 2)
1
(27, 22)
-> Request 10
1279
(3, 1, 1)
3
(62, 41)
-> Request 11
1383
(3, 2, 1)
3
(46, 34)
---> Week : 10
--> Day : 0
-> Request 0
133
(2, 1, 1)
3
(43, 41)
-> Request 1
183
(1, 1, 2)
1
(55, 46)
-> Request 2
339
(3, 2, 1)
2
(15, 8)
-> Request 3
594
(2, 3, 2)
3
(58, 72)
-> Request 4
693
(4, 2, 1)
3
(31, 52)
-> Request 5
870
(4, 1, 1)
2
(57, 46)
-> Request 6
894
(3, 1, 1)
1
(58, 74)
-> Request 7
897
(4, 1, 2)
2
(41, 63)
-> Request 8
942
(4, 3, 1)
3
(57, 36)
-> Request 9
1209
(1, 2, 1)
2
(53, 41)
-> Request 10
1406
(3, 1, 2)
3
(25, 28)
--> Day : 1
-> Request 0
372
(2, 3, 1)
2
(37, 14)
-> Request 1
527
(1, 1, 1)
1
(15, 72)
-> Request 2
573
(4, 2, 2)
2
(10, 23)
-> Request 3
773
(3, 1, 1)
3
(47, 35)
-> Request 4
892
(2, 2, 1)
3
(56, 32)
-> Request 5
990
(1, 2, 2)
2
(51, 34)
-> Request 6
1273
(4, 2, 2)
1
(47, 46)
-> Request 7
1305
(2, 3, 2)
3
(55, 42)
-> Request 8
1328
(4, 1, 2)
3
(74, 5)
--> Day : 2
-> Request 0
215
(4, 1, 1)
3
(59, 73)
-> Request 1
310
(2, 3, 1)
1
(56, 32)
-> Request 2
625
(2, 2, 1)
2
(48, 66)
-> Request 3
656
(3, 3, 2)
3
(18, 55)
-> Request 4
1061
(3, 1, 2)
2
(9, 36)
-> Request 5
1137
(1, 3, 1)
3
(46, 46)
-> Request 6
1213
(1, 3, 1)
1
(30, 43)
-> Request 7
1397
(4, 1, 1)
3
(58, 54)
-> Request 8
1410
(3, 1, 2)
1
(69, 29)
--> Day : 3
-> Request 0
294
(4, 3, 1)
1
(58, 28)
-> Request 1
635
(4, 3, 1)
2
(45, 28)
-> Request 2
650
(3, 3, 1)
2
(66, 68)
-> Request 3
1027
(1, 3, 1)
1
(56, 40)
-> Request 4
1119
(3, 2, 1)
1
(53, 62)
-> Request 5
1303
(2, 1, 1)
1
(64, 65)
-> Request 6
1405
(4, 1, 2)
2
(64, 73)
--> Day : 4
-> Request 0
370
(1, 1, 2)
1
(54, 53)
-> Request 1
613
(2, 3, 1)
3
(52, 15)
-> Request 2
861
(3, 1, 2)
2
(51, 59)
-> Request 3
889
(1, 3, 1)
3
(48, 31)
-> Request 4
981
(3, 2, 2)
1
(61, 33)
-> Request 5
1001
(3, 3, 1)
2
(57, 71)
-> Request 6
1208
(4, 3, 1)
3
(14, 20)
-> Request 7
1283
(3, 2, 2)
1
(53, 72)
---> Week : 11
--> Day : 0
-> Request 0
66
(3, 1, 1)
1
(68, 46)
-> Request 1
414
(2, 2, 2)
2
(79, 19)
-> Request 2
434
(1, 3, 1)
3
(55, 32)
-> Request 3
470
(4, 1, 1)
1
(73, 15)
-> Request 4
487
(2, 3, 2)
1
(79, 7)
-> Request 5
517
(1, 1, 2)
3
(52, 43)
-> Request 6
1171
(1, 3, 2)
2
(45, 35)
-> Request 7
1192
(4, 2, 1)
3
(15, 41)
--> Day : 1
-> Request 0
769
(2, 1, 2)
3
(47, 42)
-> Request 1
868
(2, 2, 2)
1
(11, 20)
-> Request 2
942
(4, 3, 2)
3
(43, 39)
-> Request 3
942
(1, 1, 1)
2
(58, 35)
-> Request 4
1155
(1, 2, 1)
2
(49, 27)
-> Request 5
1328
(3, 2, 2)
3
(14, 29)
-> Request 6
1347
(3, 1, 2)
3
(62, 36)
--> Day : 2
-> Request 0
21
(4, 1, 2)
3
(48, 29)
-> Request 1
49
(3, 3, 1)
1
(44, 46)
-> Request 2
204
(1, 2, 2)
1
(33, 28)
-> Request 3
213
(4, 3, 2)
3
(52, 29)
-> Request 4
440
(3, 2, 1)
3
(30, 36)
-> Request 5
445
(2, 3, 2)
3
(65, 70)
-> Request 6
1342
(2, 2, 2)
3
(16, 72)
--> Day : 3
-> Request 0
6
(3, 3, 2)
3
(60, 77)
-> Request 1
46
(2, 2, 2)
2
(18, 17)
-> Request 2
48
(2, 3, 1)
3
(61, 43)
-> Request 3
80
(1, 2, 2)
3
(44, 58)
-> Request 4
372
(4, 1, 2)
3
(61, 68)
-> Request 5
434
(2, 3, 2)
3
(48, 35)
-> Request 6
677
(2, 3, 2)
2
(17, 72)
-> Request 7
678
(2, 1, 2)
1
(58, 14)
-> Request 8
901
(3, 2, 2)
3
(59, 66)
-> Request 9
912
(1, 2, 1)
1
(9, 29)
-> Request 10
1083
(4, 1, 2)
3
(38, 63)
-> Request 11
1083
(1, 1, 2)
3
(61, 32)
-> Request 12
1181
(2, 2, 1)
1
(25, 32)
-> Request 13
1234
(2, 3, 2)
2
(20, 49)
-> Request 14
1360
(4, 3, 2)
3
(40, 23)
-> Request 15
1410
(3, 1, 1)
1
(69, 12)
--> Day : 4
-> Request 0
303
(4, 1, 2)
1
(46, 43)
-> Request 1
604
(4, 2, 2)
1
(74, 78)
---> Week : 12
--> Day : 0
-> Request 0
114
(4, 2, 1)
3
(78, 62)
-> Request 1
150
(2, 1, 2)
1
(73, 61)
-> Request 2
211
(2, 2, 1)
1
(56, 50)
-> Request 3
214
(4, 3, 1)
2
(22, 26)
-> Request 4
316
(4, 2, 2)
3
(58, 78)
-> Request 5
379
(2, 2, 1)
3
(48, 76)
-> Request 6
449
(4, 1, 2)
1
(57, 17)
-> Request 7
486
(1, 3, 2)
1
(53, 39)
-> Request 8
1330
(1, 3, 2)
2
(71, 68)
--> Day : 1
-> Request 0
49
(3, 1, 2)
2
(63, 74)
-> Request 1
97
(4, 2, 1)
2
(54, 72)
-> Request 2
217
(1, 3, 1)
3
(24, 42)
-> Request 3
263
(2, 2, 2)
1
(59, 39)
-> Request 4
439
(1, 1, 1)
2
(64, 67)
-> Request 5
484
(3, 3, 1)
3
(28, 27)
-> Request 6
520
(3, 2, 2)
2
(52, 28)
-> Request 7
631
(4, 1, 2)
2
(53, 42)
-> Request 8
773
(1, 2, 1)
3
(1, 61)
-> Request 9
842
(2, 1, 1)
2
(57, 74)
-> Request 10
1172
(2, 3, 2)
2
(76, 49)
-> Request 11
1209
(3, 3, 2)
2
(46, 37)
-> Request 12
1241
(4, 2, 1)
2
(10, 45)
-> Request 13
1309
(4, 1, 2)
2
(64, 64)
--> Day : 2
-> Request 0
40
(3, 1, 1)
1
(57, 73)
-> Request 1
77
(4, 2, 1)
2
(64, 33)
-> Request 2
249
(1, 3, 1)
2
(56, 65)
-> Request 3
541
(4, 2, 1)
2
(30, 44)
-> Request 4
558
(2, 1, 1)
1
(56, 45)
-> Request 5
623
(4, 3, 1)
2
(54, 39)
-> Request 6
642
(4, 1, 2)
3
(62, 67)
-> Request 7
912
(1, 3, 2)
3
(64, 64)
-> Request 8
1000
(4, 1, 1)
1
(25, 38)
-> Request 9
1018
(1, 1, 2)
1
(25, 59)
-> Request 10
1055
(1, 2, 2)
3
(38, 14)
-> Request 11
1189
(2, 2, 2)
3
(3, 76)
--> Day : 3
-> Request 0
33
(1, 3, 2)
1
(30, 17)
-> Request 1
246
(2, 1, 2)
2
(55, 37)
-> Request 2
373
(2, 3, 2)
1
(68, 22)
-> Request 3
397
(1, 2, 1)
2
(52, 25)
-> Request 4
511
(3, 1, 2)
1
(46, 76)
-> Request 5
850
(2, 3, 2)
1
(29, 54)
-> Request 6
1316
(1, 3, 2)
3
(24, 28)
-> Request 7
1401
(3, 1, 1)
3
(56, 27)
--> Day : 4
-> Request 0
12
(3, 3, 2)
3
(53, 39)
-> Request 1
42
(4, 2, 2)
2
(11, 24)
-> Request 2
120
(1, 1, 2)
3
(33, 40)
-> Request 3
276
(3, 1, 2)
3
(1, 43)
-> Request 4
372
(2, 2, 1)
3
(70, 30)
-> Request 5
651
(4, 2, 1)
2
(53, 77)
-> Request 6
935
(2, 1, 2)
2
(50, 44)
-> Request 7
1015
(3, 2, 2)
1
(49, 58)
-> Request 8
1088
(3, 3, 1)
2
(44, 62)
-> Request 9
1408
(3, 2, 1)
3
(50, 37)
---> Week : 13
--> Day : 0
-> Request 0
251
(4, 3, 1)
2
(43, 27)
-> Request 1
528
(1, 3, 2)
3
(36, 67)
-> Request 2
753
(4, 2, 1)
1
(32, 71)
-> Request 3
761
(2, 2, 2)
2
(14, 37)
-> Request 4
884
(2, 3, 2)
1
(39, 15)
-> Request 5
903
(2, 1, 2)
1
(3, 9)
-> Request 6
1319
(3, 3, 1)
3
(15, 23)
--> Day : 1
-> Request 0
327
(1, 2, 1)
1
(48, 29)
-> Request 1
719
(3, 3, 2)
3
(64, 7)
-> Request 2
759
(4, 1, 1)
3
(50, 27)
-> Request 3
911
(2, 2, 1)
1
(49, 39)
-> Request 4
1257
(4, 3, 2)
2
(52, 29)
--> Day : 2
-> Request 0
206
(1, 1, 1)
3
(53, 39)
-> Request 1
212
(1, 3, 2)
2
(51, 29)
-> Request 2
251
(3, 3, 2)
3
(2, 8)
-> Request 3
390
(3, 3, 1)
3
(17, 28)
-> Request 4
751
(1, 2, 2)
3
(56, 36)
-> Request 5
1044
(4, 1, 2)
3
(65, 74)
-> Request 6
1065
(2, 2, 2)
3
(63, 39)
-> Request 7
1097
(4, 1, 2)
1
(61, 34)
-> Request 8
1230
(4, 2, 2)
3
(0, 8)
-> Request 9
1322
(2, 3, 2)
1
(57, 71)
--> Day : 3
-> Request 0
219
(4, 1, 2)
1
(64, 69)
-> Request 1
1007
(3, 3, 2)
2
(8, 54)
-> Request 2
1339
(2, 2, 2)
1
(8, 21)
--> Day : 4
-> Request 0
225
(4, 2, 1)
2
(14, 29)
-> Request 1
435
(1, 1, 2)
1
(46, 32)
-> Request 2
722
(3, 3, 2)
1
(49, 33)
-> Request 3
825
(4, 2, 1)
2
(72, 12)
-> Request 4
876
(3, 1, 1)
3
(10, 71)
-> Request 5
950
(3, 1, 2)
3
(55, 38)
-> Request 6
1138
(2, 3, 1)
3
(62, 11)
-> Request 7
1176
(3, 1, 1)
3
(46, 37)
-> Request 8
1185
(2, 1, 2)
1
(9, 35)
-> Request 9
1289
(3, 3, 2)
2
(60, 42)
---> Week : 14
--> Day : 0
-> Request 0
19
(1, 3, 1)
3
(49, 29)
-> Request 1
46
(3, 2, 2)
1
(8, 8)
-> Request 2
373
(3, 1, 2)
2
(46, 46)
-> Request 3
395
(1, 1, 2)
3
(55, 16)
-> Request 4
456
(1, 1, 1)
3
(37, 11)
-> Request 5
745
(1, 1, 1)
2
(62, 41)
-> Request 6
1105
(2, 1, 1)
1
(44, 38)
-> Request 7
1211
(4, 2, 1)
3
(51, 36)
-> Request 8
1218
(1, 3, 1)
2
(10, 26)
-> Request 9
1296
(3, 3, 1)
1
(64, 9)
-> Request 10
1361
(2, 3, 2)
3
(43, 53)
--> Day : 1
-> Request 0
50
(3, 1, 1)
1
(30, 38)
-> Request 1
75
(3, 2, 1)
3
(65, 74)
-> Request 2
327
(1, 3, 1)
1
(53, 71)
-> Request 3
482
(3, 3, 1)
2
(47, 38)
-> Request 4
555
(3, 2, 1)
1
(30, 68)
-> Request 5
592
(3, 3, 1)
2
(1, 26)
-> Request 6
595
(4, 3, 1)
3
(35, 43)
-> Request 7
729
(4, 1, 1)
3
(0, 23)
-> Request 8
903
(3, 1, 1)
3
(12, 21)
-> Request 9
1065
(4, 2, 2)
3
(45, 24)
-> Request 10
1312
(3, 1, 2)
3
(61, 76)
--> Day : 2
-> Request 0
43
(1, 3, 1)
3
(59, 75)
-> Request 1
435
(4, 3, 2)
1
(75, 25)
-> Request 2
435
(1, 2, 2)
2
(79, 10)
-> Request 3
581
(4, 2, 2)
1
(45, 42)
-> Request 4
1087
(1, 1, 1)
2
(52, 44)
-> Request 5
1245
(4, 1, 2)
3
(53, 77)
-> Request 6
1285
(4, 2, 1)
2
(78, 39)
-> Request 7
1303
(2, 2, 2)
2
(58, 64)
--> Day : 3
-> Request 0
770
(1, 1, 1)
2
(28, 41)
-> Request 1
891
(3, 3, 2)
1
(22, 31)
-> Request 2
1080
(3, 3, 1)
2
(47, 40)
-> Request 3
1127
(2, 1, 1)
3
(61, 60)
-> Request 4
1415
(1, 1, 1)
3
(52, 29)
-> Request 5
1427
(4, 3, 2)
3
(53, 51)
--> Day : 4
-> Request 0
16
(2, 1, 1)
1
(54, 53)
-> Request 1
123
(1, 1, 1)
2
(56, 42)
-> Request 2
272
(2, 2, 2)
3
(63, 71)
-> Request 3
423
(3, 3, 2)
2
(35, 56)
-> Request 4
612
(3, 3, 2)
2
(33, 26)
-> Request 5
941
(2, 1, 2)
2
(54, 46)
-> Request 6
1068
(3, 3, 1)
1
(3, 23)
-> Request 7
1108
(1, 1, 2)
1
(77, 14)
-> Request 8
1395
(2, 2, 1)
1
(18, 18)
---> Week : 15
--> Day : 0
-> Request 0
7
(2, 3, 1)
3
(75, 59)
-> Request 1
182
(2, 3, 1)
1
(53, 69)
-> Request 2
193
(3, 1, 2)
1
(8, 62)
-> Request 3
574
(1, 3, 1)
3
(63, 1)
-> Request 4
1037
(3, 3, 2)
2
(47, 34)
-> Request 5
1094
(3, 1, 2)
1
(65, 15)
-> Request 6
1225
(1, 1, 1)
3
(44, 44)
-> Request 7
1340
(2, 2, 2)
3
(52, 30)
-> Request 8
1429
(2, 2, 1)
3
(58, 71)
--> Day : 1
-> Request 0
18
(4, 1, 2)
3
(62, 35)
-> Request 1
61
(3, 1, 2)
2
(55, 31)
-> Request 2
411
(2, 1, 1)
1
(11, 23)
-> Request 3
419
(3, 3, 2)
1
(71, 25)
-> Request 4
428
(1, 2, 2)
1
(0, 41)
-> Request 5
442
(4, 3, 2)
1
(15, 28)
-> Request 6
449
(3, 3, 2)
2
(30, 63)
-> Request 7
779
(4, 1, 1)
3
(3, 19)
-> Request 8
854
(1, 2, 1)
1
(61, 45)
-> Request 9
874
(1, 3, 1)
3
(36, 70)
-> Request 10
982
(4, 2, 2)
2
(60, 33)
-> Request 11
1177
(4, 2, 2)
3
(62, 77)
--> Day : 2
-> Request 0
56
(2, 2, 1)
3
(64, 74)
-> Request 1
116
(1, 1, 1)
2
(51, 31)
-> Request 2
163
(1, 2, 2)
1
(61, 43)
-> Request 3
222
(4, 3, 1)
2
(51, 34)
-> Request 4
456
(1, 1, 1)
3
(48, 37)
-> Request 5
591
(3, 2, 1)
2
(60, 36)
-> Request 6
809
(1, 1, 2)
3
(31, 0)
-> Request 7
813
(1, 3, 1)
3
(59, 71)
-> Request 8
1026
(2, 3, 2)
2
(19, 11)
-> Request 9
1402
(1, 3, 2)
2
(18, 38)
--> Day : 3
-> Request 0
248
(1, 1, 1)
2
(5, 34)
-> Request 1
312
(4, 2, 1)
1
(69, 32)
-> Request 2
401
(2, 2, 2)
3
(51, 55)
-> Request 3
487
(3, 1, 2)
3
(65, 77)
-> Request 4
550
(4, 2, 1)
1
(78, 4)
-> Request 5
998
(4, 3, 2)
2
(67, 79)
-> Request 6
1010
(2, 3, 2)
1
(36, 13)
-> Request 7
1100
(1, 1, 1)
2
(16, 27)
--> Day : 4
-> Request 0
148
(1, 3, 2)
2
(64, 72)
-> Request 1
282
(4, 3, 1)
2
(30, 38)
-> Request 2
310
(1, 1, 1)
2
(15, 29)
-> Request 3
425
(4, 1, 1)
2
(60, 42)
-> Request 4
463
(3, 2, 1)
2
(66, 43)
-> Request 5
476
(3, 3, 2)
2
(11, 30)
-> Request 6
594
(1, 1, 1)
3
(7, 18)
-> Request 7
950
(3, 2, 1)
1
(36, 20)
-> Request 8
963
(4, 1, 1)
1
(53, 39)
-> Request 9
1311
(3, 1, 1)
3
(13, 46)
---> Week : 16
--> Day : 0
-> Request 0
200
(4, 3, 2)
1
(12, 21)
-> Request 1
203
(3, 1, 1)
1
(58, 76)
-> Request 2
549
(3, 2, 1)
3
(62, 36)
-> Request 3
596
(1, 3, 1)
2
(9, 65)
-> Request 4
1055
(2, 1, 2)
2
(15, 23)
-> Request 5
1320
(4, 3, 1)
2
(59, 68)
--> Day : 1
-> Request 0
40
(4, 2, 1)
1
(36, 75)
-> Request 1
186
(4, 2, 2)
1
(58, 35)
-> Request 2
203
(1, 2, 1)
1
(53, 50)
-> Request 3
588
(1, 2, 2)
2
(36, 6)
-> Request 4
975
(3, 2, 1)
2
(20, 64)
-> Request 5
991
(1, 3, 1)
1
(58, 73)
-> Request 6
1134
(1, 1, 2)
3
(19, 68)
--> Day : 2
-> Request 0
313
(3, 1, 1)
3
(64, 69)
-> Request 1
569
(1, 1, 1)
2
(56, 78)
-> Request 2
690
(4, 3, 2)
2
(52, 73)
-> Request 3
695
(2, 3, 1)
3
(58, 27)
-> Request 4
726
(2, 1, 1)
1
(76, 24)
-> Request 5
804
(1, 1, 1)
2
(43, 38)
-> Request 6
851
(1, 3, 2)
2
(53, 30)
-> Request 7
1169
(3, 3, 2)
3
(62, 27)
-> Request 8
1222
(1, 2, 1)
1
(52, 74)
--> Day : 3
-> Request 0
350
(1, 3, 2)
3
(43, 71)
-> Request 1
595
(1, 3, 1)
2
(57, 1)
-> Request 2
1216
(4, 1, 2)
2
(10, 26)
-> Request 3
1216
(1, 2, 2)
3
(46, 39)
-> Request 4
1297
(4, 2, 1)
3
(10, 26)
-> Request 5
1436
(1, 3, 2)
1
(50, 33)
--> Day : 4
-> Request 0
115
(2, 3, 2)
3
(13, 47)
-> Request 1
286
(3, 3, 1)
2
(47, 1)
-> Request 2
571
(4, 1, 1)
1
(60, 74)
-> Request 3
678
(3, 2, 1)
2
(48, 38)
-> Request 4
765
(1, 2, 2)
3
(5, 12)
-> Request 5
769
(3, 3, 1)
2
(3, 32)
-> Request 6
772
(1, 3, 1)
3
(3, 15)
---> Week : 17
--> Day : 0
-> Request 0
201
(1, 3, 1)
3
(33, 1)
-> Request 1
225
(4, 1, 2)
2
(46, 45)
-> Request 2
539
(2, 1, 1)
2
(31, 54)
-> Request 3
945
(3, 1, 2)
1
(46, 45)
-> Request 4
1002
(4, 1, 1)
3
(66, 5)
-> Request 5
1023
(1, 1, 1)
3
(55, 42)
-> Request 6
1046
(4, 1, 2)
1
(54, 31)
-> Request 7
1098
(4, 1, 1)
1
(0, 32)
-> Request 8
1116
(2, 1, 1)
2
(73, 31)
-> Request 9
1213
(2, 3, 1)
2
(11, 18)
-> Request 10
1310
(1, 2, 2)
1
(45, 22)
-> Request 11
1347
(4, 1, 1)
3
(6, 51)
-> Request 12
1432
(3, 2, 2)
3
(46, 40)
--> Day : 1
-> Request 0
130
(4, 3, 1)
1
(59, 71)
-> Request 1
355
(1, 3, 2)
3
(8, 27)
-> Request 2
505
(1, 1, 1)
3
(21, 0)
-> Request 3
715
(4, 1, 2)
2
(46, 41)
-> Request 4
790
(1, 1, 1)
3
(50, 35)
-> Request 5
1080
(4, 1, 1)
1
(56, 32)
-> Request 6
1084
(1, 3, 2)
1
(54, 47)
-> Request 7
1220
(3, 1, 2)
2
(55, 65)
-> Request 8
1267
(2, 3, 2)
3
(7, 12)
-> Request 9
1365
(2, 2, 1)
2
(52, 31)
-> Request 10
1404
(4, 1, 1)
3
(58, 38)
--> Day : 2
-> Request 0
373
(3, 2, 1)
2
(46, 37)
-> Request 1
467
(1, 1, 1)
1
(7, 29)
-> Request 2
471
(1, 3, 1)
1
(45, 43)
-> Request 3
684
(3, 3, 1)
1
(43, 32)
-> Request 4
807
(1, 1, 1)
2
(46, 31)
-> Request 5
906
(3, 3, 2)
2
(12, 22)
-> Request 6
1041
(3, 1, 2)
1
(46, 55)
-> Request 7
1056
(1, 3, 1)
2
(62, 42)
-> Request 8
1347
(4, 1, 1)
1
(66, 73)
--> Day : 3
-> Request 0
12
(2, 1, 1)
1
(58, 70)
-> Request 1
51
(3, 2, 1)
1
(57, 30)
-> Request 2
229
(1, 3, 2)
2
(60, 76)
-> Request 3
393
(2, 2, 2)
2
(52, 34)
-> Request 4
500
(3, 2, 2)
1
(52, 56)
-> Request 5
828
(1, 2, 2)
1
(59, 30)
-> Request 6
898
(3, 3, 2)
2
(39, 5)
-> Request 7
907
(1, 2, 2)
2
(2, 24)
-> Request 8
1017
(2, 2, 2)
3
(26, 40)
-> Request 9
1107
(4, 2, 1)
3
(79, 59)
-> Request 10
1374
(3, 2, 1)
2
(46, 35)
--> Day : 4
-> Request 0
16
(4, 3, 2)
2
(14, 28)
-> Request 1
324
(4, 2, 1)
2
(11, 33)
-> Request 2
374
(3, 1, 2)
3
(58, 66)
-> Request 3
388
(2, 1, 2)
3
(30, 16)
-> Request 4
652
(4, 3, 1)
3
(44, 28)
-> Request 5
926
(3, 2, 2)
2
(57, 75)
-> Request 6
1050
(3, 1, 1)
2
(55, 51)
-> Request 7
1235
(1, 2, 1)
2
(57, 5)
-> Request 8
1297
(1, 1, 1)
3
(45, 29)
-> Request 9
1344
(2, 2, 2)
1
(64, 69)
-> Request 10
1356
(1, 3, 1)
3
(45, 40)
---> Week : 18
--> Day : 0
-> Request 0
195
(1, 1, 2)
2
(56, 43)
-> Request 1
254
(1, 1, 2)
2
(21, 68)
-> Request 2
285
(2, 2, 2)
3
(53, 69)
-> Request 3
308
(2, 3, 1)
2
(59, 36)
-> Request 4
670
(4, 1, 2)
3
(43, 33)
-> Request 5
692
(4, 2, 2)
2
(18, 59)
-> Request 6
757
(2, 1, 1)
1
(43, 44)
-> Request 7
860
(4, 3, 1)
3
(15, 26)
-> Request 8
1114
(4, 3, 2)
3
(49, 42)
-> Request 9
1160
(1, 3, 2)
1
(55, 71)
-> Request 10
1285
(3, 2, 1)
2
(52, 65)
-> Request 11
1384
(2, 1, 1)
1
(45, 34)
--> Day : 1
-> Request 0
159
(2, 2, 2)
2
(15, 22)
-> Request 1
405
(3, 1, 1)
2
(56, 65)
-> Request 2
418
(4, 1, 1)
2
(68, 24)
-> Request 3
522
(4, 3, 1)
1
(59, 72)
-> Request 4
646
(4, 3, 2)
1
(31, 21)
-> Request 5
676
(4, 2, 2)
3
(16, 22)
-> Request 6
888
(3, 1, 1)
1
(57, 39)
-> Request 7
941
(2, 2, 1)
2
(45, 7)
-> Request 8
1184
(4, 2, 2)
2
(7, 74)
-> Request 9
1185
(3, 2, 1)
1
(54, 74)
-> Request 10
1200
(2, 3, 2)
2
(54, 73)
-> Request 11
1298
(4, 1, 2)
3
(10, 29)
-> Request 12
1340
(3, 3, 1)
2
(44, 29)
--> Day : 2
-> Request 0
81
(1, 3, 2)
3
(67, 55)
-> Request 1
366
(3, 2, 2)
3
(59, 41)
-> Request 2
503
(1, 2, 2)
3
(47, 40)
-> Request 3
534
(2, 1, 2)
1
(10, 54)
-> Request 4
623
(2, 1, 2)
3
(44, 27)
-> Request 5
800
(3, 2, 2)
1
(44, 45)
-> Request 6
912
(1, 3, 1)
2
(53, 41)
-> Request 7
1426
(3, 3, 2)
3
(13, 26)
--> Day : 3
-> Request 0
108
(4, 3, 2)
2
(32, 42)
-> Request 1
200
(1, 3, 1)
1
(31, 4)
-> Request 2
218
(3, 2, 2)
2
(42, 62)
-> Request 3
324
(4, 3, 2)
3
(54, 41)
-> Request 4
710
(2, 2, 1)
2
(47, 58)
-> Request 5
913
(4, 3, 2)
3
(37, 4)
-> Request 6
938
(2, 3, 2)
1
(4, 21)
-> Request 7
1014
(1, 1, 1)
2
(53, 31)
-> Request 8
1116
(1, 2, 2)
3
(46, 36)
-> Request 9
1138
(3, 1, 2)
2
(14, 22)
-> Request 10
1225
(4, 3, 2)
3
(54, 37)
-> Request 11
1265
(3, 2, 1)
2
(76, 52)
-> Request 12
1382
(2, 2, 1)
3
(55, 78)
--> Day : 4
-> Request 0
156
(2, 3, 1)
1
(24, 54)
-> Request 1
973
(2, 2, 2)
1
(55, 71)
-> Request 2
1073
(1, 1, 1)
2
(61, 30)
-> Request 3
1100
(1, 1, 2)
3
(59, 40)
-> Request 4
1121
(4, 1, 2)
1
(76, 22)
-> Request 5
1438
(4, 2, 1)
3
(42, 29)
---> Week : 19
--> Day : 0
-> Request 0
10
(4, 3, 2)
3
(75, 26)
-> Request 1
90
(3, 2, 1)
2
(17, 44)
-> Request 2
260
(1, 3, 1)
2
(12, 21)
-> Request 3
701
(2, 3, 1)
2
(59, 43)
-> Request 4
867
(3, 1, 2)
2
(29, 14)
-> Request 5
1004
(2, 3, 1)
1
(6, 38)
-> Request 6
1157
(1, 1, 1)
1
(4, 31)
-> Request 7
1181
(2, 2, 2)
3
(36, 37)
-> Request 8
1375
(3, 3, 1)
2
(61, 21)
--> Day : 1
-> Request 0
88
(3, 3, 2)
2
(32, 60)
-> Request 1
96
(3, 3, 1)
1
(61, 64)
-> Request 2
101
(2, 2, 2)
2
(12, 28)
-> Request 3
348
(3, 3, 2)
1
(76, 68)
-> Request 4
357
(1, 2, 1)
1
(51, 40)
-> Request 5
379
(4, 2, 1)
3
(62, 60)
-> Request 6
466
(2, 1, 1)
3
(55, 28)
-> Request 7
696
(3, 1, 1)
3
(61, 78)
-> Request 8
927
(4, 3, 1)
2
(49, 42)
-> Request 9
1128
(3, 3, 1)
2
(52, 78)
-> Request 10
1139
(2, 1, 1)
3
(59, 0)
-> Request 11
1306
(3, 3, 2)
2
(53, 76)
-> Request 12
1393
(4, 1, 1)
1
(52, 32)
-> Request 13
1431
(2, 1, 2)
2
(72, 78)
--> Day : 2
-> Request 0
113
(3, 2, 2)
2
(48, 46)
-> Request 1
339
(2, 1, 1)
3
(31, 13)
-> Request 2
455
(3, 3, 1)
1
(47, 43)
-> Request 3
482
(4, 2, 2)
2
(54, 66)
-> Request 4
588
(1, 1, 2)
3
(52, 71)
-> Request 5
775
(1, 3, 2)
2
(50, 77)
-> Request 6
1129
(2, 1, 2)
2
(51, 42)
-> Request 7
1131
(4, 3, 2)
2
(18, 6)
-> Request 8
1182
(3, 3, 2)
1
(62, 78)
-> Request 9
1378
(2, 3, 1)
1
(53, 71)
--> Day : 3
-> Request 0
398
(4, 1, 1)
3
(25, 58)
-> Request 1
656
(4, 1, 1)
3
(79, 77)
-> Request 2
667
(4, 1, 2)
1
(77, 63)
-> Request 3
720
(4, 1, 2)
1
(42, 4)
-> Request 4
843
(1, 2, 2)
3
(57, 72)
-> Request 5
877
(3, 1, 1)
1
(17, 74)
-> Request 6
974
(3, 1, 1)
3
(57, 43)
--> Day : 4
-> Request 0
503
(1, 1, 2)
3
(16, 60)
-> Request 1
556
(4, 3, 2)
1
(62, 65)
-> Request 2
572
(1, 1, 2)
1
(48, 3)
-> Request 3
702
(3, 3, 1)
1
(58, 41)
-> Request 4
961
(1, 2, 2)
3
(20, 12)
-> Request 5
1067
(1, 1, 1)
1
(16, 21)
-> Request 6
1227
(3, 2, 1)
3
(49, 39)
