---> Week : 0
--> Day : 0
-> Request 0
283
(3, 1, 2)
1
(44, 60)
-> Request 1
475
(2, 2, 2)
2
(58, 43)
-> Request 2
756
(1, 1, 1)
1
(61, 24)
-> Request 3
1281
(4, 3, 2)
3
(62, 72)
--> Day : 1
-> Request 0
71
(4, 1, 2)
2
(53, 28)
-> Request 1
216
(4, 1, 2)
3
(38, 50)
-> Request 2
364
(3, 1, 2)
2
(28, 58)
-> Request 3
528
(4, 2, 2)
3
(62, 33)
-> Request 4
600
(2, 3, 1)
1
(13, 28)
-> Request 5
670
(3, 3, 2)
2
(64, 74)
-> Request 6
751
(4, 2, 2)
1
(53, 37)
-> Request 7
911
(3, 3, 1)
1
(75, 73)
-> Request 8
1221
(1, 2, 2)
2
(49, 46)
-> Request 9
1400
(1, 1, 1)
2
(18, 22)
--> Day : 2
-> Request 0
11
(3, 1, 1)
2
(58, 76)
-> Request 1
468
(4, 1, 1)
3
(58, 34)
-> Request 2
590
(1, 3, 2)
3
(64, 52)
-> Request 3
602
(3, 3, 2)
3
(44, 44)
-> Request 4
707
(3, 2, 2)
3
(54, 65)
-> Request 5
801
(1, 2, 1)
3
(17, 29)
-> Request 6
923
(3, 1, 1)
1
(40, 71)
-> Request 7
1028
(4, 2, 1)
1
(15, 47)
--> Day : 3
-> Request 0
85
(3, 3, 2)
2
(66, 65)
-> Request 1
252
(1, 2, 2)
3
(54, 17)
-> Request 2
439
(2, 2, 2)
2
(55, 64)
-> Request 3
654
(4, 3, 1)
2
(51, 38)
-> Request 4
742
(4, 2, 1)
1
(65, 72)
-> Request 5
781
(3, 3, 2)
3
(12, 20)
-> Request 6
871
(2, 3, 1)
1
(29, 34)
-> Request 7
1073
(4, 2, 2)
1
(43, 58)
-> Request 8
1077
(1, 1, 2)
1
(42, 41)
-> Request 9
1155
(4, 2, 2)
2
(71, 74)
-> Request 10
1183
(1, 2, 1)
1
(52, 36)
-> Request 11
1431
(1, 1, 2)
2
(49, 52)
--> Day : 4
-> Request 0
45
(3, 2, 1)
2
(18, 2)
-> Request 1
140
(2, 2, 2)
3
(31, 19)
-> Request 2
400
(2, 3, 2)
2
(66, 70)
-> Request 3
476
(3, 1, 1)
1
(55, 69)
-> Request 4
481
(3, 3, 1)
3
(77, 4)
-> Request 5
482
(2, 3, 1)
3
(61, 72)
-> Request 6
510
(1, 2, 1)
2
(1, 32)
-> Request 7
620
(2, 2, 2)
2
(27, 29)
-> Request 8
711
(1, 2, 2)
1
(57, 38)
-> Request 9
979
(3, 3, 1)
2
(53, 50)
-> Request 10
1239
(1, 2, 2)
1
(52, 42)
---> Week : 1
--> Day : 0
-> Request 0
64
(1, 3, 1)
2
(62, 76)
-> Request 1
516
(4, 2, 1)
1
(52, 35)
-> Request 2
634
(3, 2, 1)
3
(43, 46)
-> Request 3
923
(3, 1, 1)
2
(60, 70)
-> Request 4
973
(1, 1, 2)
3
(24, 29)
-> Request 5
1165
(2, 2, 1)
1
(71, 45)
-> Request 6
1319
(4, 2, 2)
1
(45, 45)
-> Request 7
1326
(3, 2, 1)
1
(47, 38)
-> Request 8
1380
(2, 1, 2)
2
(63, 68)
--> Day : 1
-> Request 0
3
(1, 3, 2)
2
(49, 43)
-> Request 1
30
(3, 1, 2)
2
(50, 37)
-> Request 2
395
(3, 1, 1)
2
(52, 40)
-> Request 3
557
(1, 2, 2)
2
(9, 24)
-> Request 4
651
(3, 1, 2)
3
(61, 69)
-> Request 5
903
(3, 1, 1)
2
(52, 52)
-> Request 6
1275
(4, 1, 2)
3
(13, 26)
-> Request 7
1332
(4, 3, 1)
1
(30, 45)
--> Day : 2
-> Request 0
92
(3, 1, 1)
1
(54, 34)
-> Request 1
348
(2, 2, 1)
2
(53, 31)
-> Request 2
370
(1, 3, 2)
2
(65, 25)
-> Request 3
626
(4, 3, 2)
1
(55, 46)
-> Request 4
752
(2, 3, 2)
2
(54, 37)
-> Request 5
880
(4, 1, 1)
2
(59, 69)
-> Request 6
926
(1, 1, 1)
2
(26, 25)
-> Request 7
966
(2, 1, 1)
3
(72, 51)
-> Request 8
1052
(1, 2, 2)
2
(75, 0)
-> Request 9
1342
(2, 2, 1)
3
(60, 69)
-> Request 10
1414
(4, 3, 2)
2
(53, 39)
--> Day : 3
-> Request 0
54
(2, 1, 1)
2
(37, 51)
-> Request 1
151
(3, 2, 1)
1
(77, 43)
-> Request 2
535
(3, 2, 1)
2
(20, 61)
-> Request 3
571
(1, 2, 2)
1
(52, 74)
-> Request 4
602
(4, 1, 2)
1
(49, 29)
-> Request 5
658
(1, 1, 1)
2
(41, 32)
-> Request 6
710
(3, 2, 1)
2
(8, 27)
-> Request 7
739
(4, 1, 1)
2
(56, 29)
-> Request 8
776
(1, 3, 1)
3
(75, 27)
-> Request 9
954
(4, 2, 2)
3
(49, 6)
-> Request 10
1075
(3, 1, 2)
3
(67, 37)
-> Request 11
1223
(1, 3, 1)
1
(59, 40)
-> Request 12
1283
(3, 2, 2)
2
(48, 32)
-> Request 13
1319
(3, 3, 2)
1
(48, 38)
-> Request 14
1320
(2, 3, 2)
3
(14, 33)
--> Day : 4
-> Request 0
119
(4, 3, 1)
2
(37, 31)
-> Request 1
277
(4, 3, 2)
2
(54, 37)
-> Request 2
653
(4, 3, 2)
1
(23, 9)
-> Request 3
776
(1, 3, 1)
3
(31, 73)
-> Request 4
1194
(1, 1, 1)
1
(56, 40)
-> Request 5
1336
(4, 3, 2)
1
(61, 76)
-> Request 6
1356
(3, 2, 2)
3
(73, 65)
---> Week : 2
--> Day : 0
-> Request 0
97
(3, 3, 2)
1
(37, 15)
-> Request 1
109
(1, 1, 2)
1
(44, 30)
-> Request 2
294
(3, 3, 1)
2
(65, 67)
-> Request 3
502
(2, 3, 1)
2
(3, 48)
-> Request 4
621
(1, 1, 2)
3
(36, 0)
-> Request 5
757
(2, 1, 1)
3
(53, 28)
-> Request 6
937
(1, 3, 2)
3
(48, 32)
-> Request 7
1080
(3, 2, 1)
2
(54, 38)
-> Request 8
1206
(2, 3, 2)
1
(42, 24)
-> Request 9
1253
(4, 2, 2)
3
(65, 78)
-> Request 10
1328
(3, 3, 1)
2
(49, 14)
--> Day : 1
-> Request 0
33
(2, 3, 1)
2
(3, 50)
-> Request 1
37
(4, 1, 1)
2
(56, 66)
-> Request 2
392
(4, 1, 2)
1
(54, 74)
-> Request 3
495
(3, 1, 2)
3
(55, 34)
-> Request 4
703
(1, 1, 1)
2
(16, 2)
-> Request 5
747
(1, 1, 1)
3
(55, 29)
-> Request 6
1114
(4, 1, 2)
1
(16, 24)
-> Request 7
1269
(1, 1, 1)
2
(11, 20)
-> Request 8
1317
(3, 2, 1)
2
(58, 17)
-> Request 9
1393
(4, 2, 1)
3
(67, 5)
-> Request 10
1429
(3, 3, 1)
2
(63, 76)
--> Day : 2
-> Request 0
137
(4, 3, 1)
1
(78, 21)
-> Request 1
613
(2, 3, 2)
2
(53, 70)
-> Request 2
675
(3, 2, 1)
3
(49, 40)
-> Request 3
729
(2, 3, 2)
2
(59, 69)
-> Request 4
858
(1, 2, 2)
2
(43, 45)
-> Request 5
1336
(2, 3, 1)
1
(44, 43)
-> Request 6
1418
(1, 1, 2)
1
(10, 28)
--> Day : 3
-> Request 0
24
(3, 3, 1)
1
(5, 56)
-> Request 1
143
(4, 3, 2)
2
(58, 40)
-> Request 2
250
(3, 2, 2)
1
(57, 69)
-> Request 3
301
(4, 2, 1)
1
(63, 68)
-> Request 4
324
(2, 1, 2)
3
(19, 5)
-> Request 5
497
(4, 3, 2)
1
(15, 60)
-> Request 6
540
(2, 2, 1)
2
(34, 26)
-> Request 7
760
(2, 3, 2)
3
(17, 20)
-> Request 8
1065
(4, 1, 1)
1
(5, 0)
-> Request 9
1148
(2, 1, 1)
2
(33, 68)
-> Request 10
1173
(1, 3, 2)
3
(13, 25)
-> Request 11
1304
(1, 2, 1)
1
(65, 35)
--> Day : 4
-> Request 0
211
(3, 1, 1)
3
(1, 53)
-> Request 1
331
(2, 3, 2)
3
(11, 28)
-> Request 2
337
(3, 1, 1)
2
(30, 32)
-> Request 3
696
(3, 1, 1)
3
(64, 65)
-> Request 4
697
(2, 1, 2)
3
(52, 37)
-> Request 5
701
(1, 1, 2)
2
(15, 25)
-> Request 6
720
(1, 2, 2)
2
(9, 66)
-> Request 7
784
(3, 1, 2)
2
(61, 72)
-> Request 8
985
(4, 3, 1)
3
(37, 40)
-> Request 9
1034
(2, 1, 1)
2
(46, 42)
-> Request 10
1149
(4, 1, 2)
1
(52, 29)
-> Request 11
1170
(1, 1, 1)
2
(78, 35)
---> Week : 3
--> Day : 0
-> Request 0
129
(4, 1, 2)
1
(0, 73)
-> Request 1
181
(3, 1, 1)
2
(3, 22)
-> Request 2
316
(4, 3, 1)
1
(48, 31)
-> Request 3
378
(3, 3, 1)
3
(14, 61)
-> Request 4
429
(3, 3, 2)
3
(53, 37)
-> Request 5
1255
(1, 3, 1)
1
(11, 72)
-> Request 6
1388
(3, 2, 1)
1
(11, 24)
--> Day : 1
-> Request 0
545
(4, 1, 2)
2
(45, 33)
-> Request 1
614
(2, 2, 2)
1
(17, 23)
-> Request 2
643
(3, 3, 1)
2
(68, 35)
-> Request 3
671
(1, 1, 1)
2
(75, 2)
--> Day : 2
-> Request 0
12
(3, 1, 2)
3
(45, 39)
-> Request 1
216
(2, 2, 2)
2
(17, 24)
-> Request 2
370
(1, 1, 2)
1
(44, 32)
-> Request 3
421
(4, 3, 2)
3
(47, 37)
-> Request 4
1075
(3, 1, 1)
2
(52, 33)
--> Day : 3
-> Request 0
315
(1, 2, 1)
2
(18, 48)
-> Request 1
538
(2, 3, 1)
1
(8, 29)
-> Request 2
597
(2, 3, 2)
2
(59, 40)
-> Request 3
891
(4, 2, 1)
1
(47, 35)
-> Request 4
1026
(3, 1, 2)
2
(6, 67)
-> Request 5
1026
(3, 1, 1)
2
(75, 38)
-> Request 6
1103
(1, 3, 2)
3
(9, 46)
-> Request 7
1209
(4, 3, 2)
3
(54, 75)
-> Request 8
1366
(3, 1, 2)
2
(53, 62)
--> Day : 4
-> Request 0
858
(3, 1, 2)
3
(42, 43)
-> Request 1
1039
(1, 1, 2)
1
(34, 17)
-> Request 2
1360
(3, 2, 1)
2
(62, 37)
---> Week : 4
--> Day : 0
-> Request 0
67
(1, 3, 1)
3
(60, 78)
-> Request 1
77
(2, 3, 2)
1
(58, 68)
-> Request 2
372
(4, 2, 2)
2
(12, 21)
-> Request 3
497
(4, 3, 2)
3
(70, 9)
-> Request 4
530
(1, 2, 1)
3
(71, 55)
-> Request 5
597
(2, 1, 2)
1
(0, 57)
-> Request 6
788
(3, 2, 1)
2
(9, 79)
-> Request 7
814
(1, 3, 1)
3
(46, 43)
-> Request 8
1203
(4, 1, 1)
3
(57, 11)
-> Request 9
1296
(2, 3, 1)
1
(26, 50)
-> Request 10
1389
(1, 1, 2)
2
(77, 23)
--> Day : 1
-> Request 0
115
(2, 2, 2)
2
(47, 36)
-> Request 1
275
(1, 1, 1)
1
(79, 39)
-> Request 2
276
(3, 2, 2)
3
(35, 29)
-> Request 3
422
(1, 2, 2)
3
(53, 33)
-> Request 4
664
(2, 3, 1)
2
(9, 29)
-> Request 5
818
(4, 1, 2)
2
(44, 42)
-> Request 6
979
(1, 3, 2)
1
(4, 13)
-> Request 7
1094
(1, 1, 2)
2
(60, 37)
-> Request 8
1412
(3, 3, 2)
3
(51, 27)
--> Day : 2
-> Request 0
320
(2, 1, 2)
2
(15, 41)
-> Request 1
437
(1, 2, 2)
2
(49, 58)
-> Request 2
575
(3, 2, 1)
1
(62, 45)
-> Request 3
623
(4, 3, 1)
1
(15, 20)
-> Request 4
832
(1, 3, 2)
1
(64, 66)
-> Request 5
890
(2, 2, 2)
3
(51, 37)
-> Request 6
961
(1, 2, 1)
3
(58, 37)
-> Request 7
1014
(2, 2, 1)
3
(43, 35)
--> Day : 3
-> Request 0
21
(4, 2, 2)
2
(43, 24)
-> Request 1
203
(1, 2, 2)
2
(18, 2)
-> Request 2
310
(2, 2, 2)
3
(63, 67)
-> Request 3
312
(2, 2, 1)
3
(59, 38)
-> Request 4
330
(3, 1, 1)
2
(65, 69)
-> Request 5
587
(3, 3, 1)
3
(47, 34)
-> Request 6
699
(2, 3, 1)
1
(60, 33)
-> Request 7
769
(4, 1, 1)
2
(59, 37)
-> Request 8
807
(4, 1, 2)
2
(49, 17)
-> Request 9
901
(2, 3, 2)
2
(54, 75)
-> Request 10
1186
(1, 1, 2)
3
(62, 74)
-> Request 11
1208
(1, 3, 2)
3
(50, 36)
-> Request 12
1220
(3, 2, 2)
2
(32, 1)
-> Request 13
1381
(3, 2, 1)
1
(51, 46)
--> Day : 4
-> Request 0
74
(1, 3, 1)
3
(42, 15)
-> Request 1
392
(2, 2, 2)
2
(69, 20)
-> Request 2
415
(1, 3, 1)
1
(22, 24)
-> Request 3
416
(2, 1, 2)
2
(0, 67)
-> Request 4
441
(1, 2, 2)
3
(54, 43)
-> Request 5
550
(1, 3, 1)
1
(50, 39)
-> Request 6
624
(1, 3, 1)
3
(51, 40)
-> Request 7
654
(4, 3, 1)
3
(58, 41)
-> Request 8
656
(2, 1, 2)
1
(69, 66)
-> Request 9
784
(3, 3, 2)
1
(43, 27)
-> Request 10
785
(1, 3, 2)
3
(62, 31)
-> Request 11
813
(1, 2, 2)
2
(11, 7)
-> Request 12
955
(3, 2, 1)
2
(39, 50)
-> Request 13
996
(4, 3, 1)
3
(46, 32)
-> Request 14
1012
(4, 2, 1)
2
(58, 18)
---> Week : 5
--> Day : 0
-> Request 0
295
(3, 1, 2)
2
(54, 71)
-> Request 1
424
(1, 2, 2)
3
(32, 41)
-> Request 2
487
(3, 1, 2)
2
(58, 72)
-> Request 3
573
(4, 2, 1)
1
(23, 37)
-> Request 4
611
(3, 2, 2)
2
(68, 14)
-> Request 5
650
(4, 1, 1)
2
(71, 7)
-> Request 6
1379
(3, 3, 1)
2
(14, 29)
--> Day : 1
-> Request 0
118
(4, 1, 2)
2
(60, 62)
-> Request 1
207
(4, 1, 1)
1
(30, 49)
-> Request 2
280
(4, 3, 2)
3
(75, 75)
-> Request 3
360
(3, 3, 1)
1
(27, 37)
-> Request 4
537
(2, 2, 2)
1
(59, 64)
-> Request 5
783
(3, 3, 1)
1
(61, 35)
-> Request 6
801
(4, 3, 1)
1
(2, 44)
-> Request 7
886
(3, 1, 1)
1
(59, 71)
-> Request 8
927
(4, 3, 1)
3
(65, 10)
-> Request 9
1227
(2, 3, 1)
3
(58, 28)
-> Request 10
1235
(1, 3, 2)
3
(58, 41)
-> Request 11
1394
(4, 2, 1)
1
(52, 43)
--> Day : 2
-> Request 0
489
(2, 3, 1)
3
(50, 55)
-> Request 1
573
(1, 3, 1)
2
(8, 45)
-> Request 2
816
(4, 2, 1)
2
(57, 30)
-> Request 3
1068
(2, 2, 1)
1
(53, 75)
-> Request 4
1235
(3, 1, 1)
2
(31, 15)
--> Day : 3
-> Request 0
281
(2, 1, 1)
1
(17, 21)
-> Request 1
392
(2, 1, 2)
2
(60, 40)
-> Request 2
906
(4, 3, 2)
1
(73, 54)
-> Request 3
1266
(2, 2, 2)
2
(60, 75)
-> Request 4
1338
(3, 2, 2)
1
(64, 65)
--> Day : 4
-> Request 0
77
(4, 1, 2)
3
(45, 77)
-> Request 1
103
(2, 1, 2)
1
(62, 38)
-> Request 2
199
(3, 3, 1)
2
(69, 24)
-> Request 3
244
(2, 2, 1)
1
(58, 45)
-> Request 4
495
(3, 1, 1)
3
(20, 42)
-> Request 5
505
(4, 3, 2)
2
(17, 65)
-> Request 6
558
(2, 2, 1)
2
(73, 3)
-> Request 7
626
(1, 1, 1)
1
(50, 42)
-> Request 8
787
(3, 1, 2)
1
(9, 26)
-> Request 9
1024
(1, 3, 1)
1
(55, 39)
-> Request 10
1120
(3, 3, 2)
3
(23, 57)
-> Request 11
1389
(1, 2, 1)
3
(47, 46)
-> Request 12
1437
(2, 1, 2)
2
(43, 38)
---> Week : 6
--> Day : 0
-> Request 0
286
(3, 3, 2)
1
(52, 30)
-> Request 1
298
(3, 2, 1)
3
(16, 23)
-> Request 2
408
(3, 1, 1)
1
(63, 69)
-> Request 3
445
(2, 3, 1)
1
(27, 39)
-> Request 4
609
(3, 1, 2)
2
(67, 34)
-> Request 5
828
(2, 2, 2)
3
(58, 32)
-> Request 6
843
(2, 1, 1)
3
(19, 23)
-> Request 7
900
(4, 1, 1)
2
(76, 0)
-> Request 8
1139
(3, 1, 1)
1
(54, 23)
-> Request 9
1165
(4, 2, 1)
2
(54, 44)
-> Request 10
1236
(1, 2, 1)
2
(70, 63)
-> Request 11
1407
(3, 3, 2)
1
(20, 60)
-> Request 12
1418
(4, 1, 2)
1
(60, 38)
-> Request 13
1422
(3, 3, 1)
3
(3, 21)
--> Day : 1
-> Request 0
51
(1, 3, 1)
3
(60, 67)
-> Request 1
70
(2, 2, 1)
3
(48, 42)
-> Request 2
312
(2, 1, 1)
1
(11, 34)
-> Request 3
938
(1, 3, 2)
3
(51, 39)
-> Request 4
1035
(4, 1, 2)
1
(66, 63)
-> Request 5
1038
(1, 2, 2)
1
(18, 24)
-> Request 6
1194
(1, 1, 1)
2
(4, 56)
-> Request 7
1196
(1, 3, 1)
2
(28, 75)
-> Request 8
1287
(4, 2, 1)
3
(78, 13)
-> Request 9
1420
(2, 3, 1)
3
(62, 37)
--> Day : 2
-> Request 0
93
(4, 1, 2)
1
(54, 70)
-> Request 1
189
(4, 1, 1)
3
(57, 41)
-> Request 2
343
(2, 1, 2)
1
(61, 30)
-> Request 3
387
(1, 2, 1)
2
(7, 19)
-> Request 4
558
(2, 2, 1)
3
(78, 16)
-> Request 5
716
(4, 3, 2)
2
(12, 41)
-> Request 6
726
(4, 1, 2)
3
(45, 30)
-> Request 7
963
(2, 2, 1)
1
(67, 21)
-> Request 8
1033
(2, 3, 2)
1
(53, 40)
-> Request 9
1033
(4, 1, 1)
2
(31, 3)
-> Request 10
1139
(2, 2, 2)
2
(65, 73)
-> Request 11
1311
(4, 3, 2)
2
(51, 58)
-> Request 12
1336
(3, 3, 2)
3
(24, 60)
-> Request 13
1354
(1, 3, 2)
2
(2, 18)
-> Request 14
1373
(4, 3, 2)
1
(59, 70)
-> Request 15
1399
(4, 2, 1)
1
(78, 46)
--> Day : 3
-> Request 0
209
(1, 2, 2)
3
(76, 14)
-> Request 1
357
(3, 3, 2)
3
(48, 5)
-> Request 2
870
(4, 2, 1)
3
(59, 37)
-> Request 3
932
(3, 3, 1)
1
(62, 53)
--> Day : 4
-> Request 0
42
(3, 1, 2)
3
(63, 75)
-> Request 1
131
(4, 2, 1)
1
(43, 37)
-> Request 2
135
(1, 1, 1)
2
(76, 26)
-> Request 3
164
(4, 3, 2)
2
(58, 43)
-> Request 4
220
(1, 3, 1)
2
(59, 78)
-> Request 5
405
(2, 1, 2)
3
(39, 52)
-> Request 6
463
(4, 2, 1)
1
(1, 45)
-> Request 7
844
(4, 2, 1)
1
(41, 48)
-> Request 8
850
(3, 2, 2)
1
(77, 55)
-> Request 9
1023
(2, 3, 1)
3
(56, 29)
-> Request 10
1077
(3, 2, 2)
1
(13, 21)
-> Request 11
1145
(2, 1, 1)
1
(62, 65)
-> Request 12
1262
(2, 3, 1)
2
(60, 70)
-> Request 13
1385
(4, 3, 1)
1
(42, 30)
-> Request 14
1390
(4, 1, 1)
3
(63, 71)
---> Week : 7
--> Day : 0
-> Request 0
17
(2, 3, 1)
3
(26, 5)
-> Request 1
771
(1, 1, 1)
3
(16, 45)
-> Request 2
1346
(4, 1, 2)
3
(55, 28)
--> Day : 1
-> Request 0
7
(3, 2, 1)
3
(59, 47)
-> Request 1
194
(2, 3, 2)
1
(31, 65)
-> Request 2
240
(3, 2, 1)
2
(49, 2)
-> Request 3
392
(1, 1, 1)
1
(4, 33)
-> Request 4
1039
(2, 1, 2)
3
(60, 67)
-> Request 5
1383
(4, 2, 1)
1
(52, 56)
--> Day : 2
-> Request 0
164
(1, 3, 2)
2
(48, 33)
-> Request 1
174
(4, 1, 1)
3
(51, 42)
-> Request 2
324
(4, 3, 2)
3
(20, 0)
-> Request 3
458
(4, 3, 2)
3
(61, 33)
-> Request 4
748
(4, 1, 2)
2
(16, 21)
-> Request 5
848
(1, 3, 1)
3
(78, 31)
-> Request 6
1111
(3, 3, 2)
1
(49, 29)
-> Request 7
1218
(2, 1, 1)
2
(9, 22)
-> Request 8
1379
(4, 1, 1)
1
(56, 67)
-> Request 9
1388
(2, 3, 2)
3
(65, 75)
--> Day : 3
-> Request 0
218
(3, 2, 1)
1
(6, 76)
-> Request 1
220
(3, 1, 1)
1
(65, 65)
-> Request 2
354
(3, 3, 1)
3
(49, 41)
-> Request 3
432
(4, 1, 2)
1
(8, 39)
-> Request 4
491
(2, 3, 2)
1
(56, 37)
-> Request 5
698
(1, 2, 2)
1
(65, 68)
-> Request 6
793
(3, 3, 2)
3
(56, 66)
-> Request 7
806
(2, 1, 2)
1
(58, 42)
-> Request 8
865
(2, 3, 1)
3
(6, 40)
-> Request 9
897
(3, 3, 1)
3
(49, 44)
-> Request 10
1125
(1, 1, 2)
1
(32, 61)
-> Request 11
1198
(3, 2, 1)
1
(11, 45)
-> Request 12
1238
(2, 2, 2)
2
(54, 35)
-> Request 13
1397
(4, 1, 2)
2
(52, 23)
--> Day : 4
-> Request 0
15
(2, 2, 2)
2
(48, 29)
-> Request 1
93
(3, 1, 1)
2
(62, 39)
-> Request 2
150
(1, 2, 1)
3
(7, 65)
-> Request 3
502
(2, 2, 1)
2
(48, 42)
-> Request 4
814
(2, 3, 2)
2
(52, 70)
-> Request 5
877
(2, 3, 1)
3
(53, 69)
-> Request 6
935
(1, 3, 2)
3
(29, 50)
-> Request 7
982
(4, 3, 1)
3
(49, 79)
-> Request 8
1099
(1, 2, 2)
2
(38, 72)
-> Request 9
1221
(2, 3, 1)
1
(15, 25)
-> Request 10
1233
(4, 3, 2)
2
(75, 55)
-> Request 11
1372
(3, 3, 2)
2
(56, 71)
---> Week : 8
--> Day : 0
-> Request 0
133
(3, 3, 1)
1
(48, 74)
-> Request 1
221
(1, 1, 1)
2
(11, 74)
-> Request 2
440
(3, 3, 1)
3
(13, 5)
-> Request 3
460
(3, 3, 2)
3
(64, 73)
-> Request 4
589
(3, 1, 1)
1
(74, 66)
-> Request 5
680
(1, 2, 2)
3
(17, 25)
-> Request 6
846
(4, 3, 1)
3
(72, 6)
-> Request 7
945
(4, 1, 1)
1
(70, 52)
-> Request 8
1138
(3, 1, 2)
2
(48, 8)
--> Day : 1
-> Request 0
19
(1, 1, 1)
2
(53, 69)
-> Request 1
444
(1, 2, 2)
1
(72, 8)
-> Request 2
707
(1, 1, 2)
2
(46, 29)
-> Request 3
708
(4, 1, 1)
3
(43, 21)
-> Request 4
1041
(1, 1, 2)
3
(65, 71)
-> Request 5
1041
(2, 2, 1)
2
(41, 1)
-> Request 6
1143
(4, 1, 1)
2
(75, 77)
-> Request 7
1238
(2, 3, 2)
3
(61, 61)
-> Request 8
1266
(4, 2, 2)
1
(60, 70)
-> Request 9
1278
(3, 3, 2)
3
(55, 35)
-> Request 10
1303
(4, 3, 1)
1
(49, 43)
-> Request 11
1307
(3, 3, 2)
1
(36, 62)
-> Request 12
1334
(3, 3, 1)
2
(62, 33)
-> Request 13
1370
(3, 1, 2)
2
(61, 64)
--> Day : 2
-> Request 0
323
(3, 1, 2)
1
(0, 78)
-> Request 1
342
(4, 2, 2)
1
(17, 29)
-> Request 2
685
(2, 3, 1)
1
(22, 70)
-> Request 3
695
(4, 3, 2)
3
(13, 22)
-> Request 4
753
(4, 2, 2)
2
(1, 17)
-> Request 5
755
(3, 1, 1)
2
(53, 78)
-> Request 6
1320
(1, 3, 1)
3
(53, 65)
-> Request 7
1372
(3, 3, 2)
3
(53, 38)
--> Day : 3
-> Request 0
112
(1, 1, 2)
3
(46, 34)
-> Request 1
584
(3, 1, 2)
2
(67, 65)
-> Request 2
653
(4, 1, 1)
3
(52, 38)
-> Request 3
813
(1, 1, 2)
3
(5, 26)
-> Request 4
1020
(1, 3, 2)
1
(70, 36)
-> Request 5
1084
(2, 3, 2)
2
(4, 43)
-> Request 6
1097
(4, 1, 1)
2
(27, 61)
-> Request 7
1123
(4, 3, 2)
2
(43, 43)
-> Request 8
1146
(4, 3, 2)
1
(43, 29)
-> Request 9
1333
(1, 1, 1)
3
(43, 31)
--> Day : 4
-> Request 0
94
(4, 2, 2)
3
(15, 63)
-> Request 1
118
(1, 2, 1)
3
(53, 67)
-> Request 2
157
(3, 2, 1)
3
(68, 77)
-> Request 3
169
(3, 3, 1)
3
(26, 21)
-> Request 4
290
(4, 1, 1)
3
(61, 64)
-> Request 5
517
(2, 3, 2)
2
(62, 50)
-> Request 6
684
(2, 2, 2)
3
(10, 28)
-> Request 7
699
(4, 1, 1)
1
(47, 43)
-> Request 8
1008
(4, 2, 2)
3
(60, 28)
-> Request 9
1111
(4, 2, 2)
1
(30, 17)
-> Request 10
1308
(1, 2, 1)
3
(55, 27)
-> Request 11
1353
(3, 1, 2)
1
(15, 19)
---> Week : 9
--> Day : 0
-> Request 0
5
(1, 1, 1)
3
(62, 40)
-> Request 1
80
(1, 3, 2)
1
(57, 64)
-> Request 2
91
(3, 2, 1)
3
(63, 65)
-> Request 3
129
(2, 1, 2)
1
(26, 20)
-> Request 4
232
(2, 1, 2)
1
(72, 11)
-> Request 5
256
(4, 3, 1)
3
(36, 11)
-> Request 6
462
(3, 2, 2)
1
(58, 38)
-> Request 7
558
(1, 1, 1)
2
(60, 76)
-> Request 8
635
(3, 3, 1)
2
(54, 71)
-> Request 9
911
(3, 1, 1)
2
(2, 29)
-> Request 10
1019
(1, 2, 2)
2
(41, 16)
-> Request 11
1103
(1, 1, 1)
3
(59, 35)
-> Request 12
1194
(1, 2, 2)
3
(15, 50)
-> Request 13
1234
(4, 2, 1)
3
(22, 22)
-> Request 14
1255
(3, 2, 1)
3
(59, 45)
--> Day : 1
-> Request 0
201
(1, 2, 2)
3
(65, 76)
-> Request 1
202
(2, 3, 2)
1
(0, 48)
-> Request 2
246
(3, 1, 1)
1
(16, 29)
-> Request 3
248
(3, 1, 1)
2
(2, 74)
-> Request 4
266
(1, 1, 2)
3
(51, 2)
-> Request 5
481
(1, 3, 2)
1
(19, 67)
-> Request 6
667
(2, 3, 1)
2
(78, 41)
-> Request 7
794
(4, 1, 1)
3
(49, 27)
-> Request 8
794
(2, 3, 1)
3
(46, 8)
-> Request 9
879
(3, 2, 2)
3
(65, 69)
-> Request 10
1223
(4, 1, 2)
3
(49, 32)
-> Request 11
1271
(1, 1, 2)
2
(72, 69)
--> Day : 2
-> Request 0
134
(1, 3, 1)
2
(18, 35)
-> Request 1
241
(4, 1, 1)
1
(43, 46)
-> Request 2
597
(2, 1, 2)
3
(76, 50)
-> Request 3
1354
(3, 3, 2)
1
(63, 71)
--> Day : 3
-> Request 0
62
(3, 3, 1)
2
(46, 10)
-> Request 1
187
(3, 2, 1)
3
(64, 65)
-> Request 2
432
(1, 1, 1)
3
(72, 43)
-> Request 3
458
(4, 3, 2)
2
(58, 33)
-> Request 4
460
(2, 2, 2)
1
(54, 78)
-> Request 5
558
(4, 2, 1)
2
(60, 71)
-> Request 6
786
(1, 3, 2)
1
(56, 39)
-> Request 7
798
(3, 2, 2)
3
(61, 27)
-> Request 8
887
(1, 1, 2)
2
(62, 68)
-> Request 9
1015
(2, 1, 1)
1
(53, 29)
-> Request 10
1050
(4, 2, 2)
1
(62, 30)
--> Day : 4
-> Request 0
251
(4, 2, 1)
2
(79, 50)
-> Request 1
412
(2, 3, 1)
2
(13, 19)
-> Request 2
585
(2, 2, 2)
1
(43, 54)
-> Request 3
586
(4, 1, 1)
3
(55, 72)
-> Request 4
591
(4, 2, 1)
2
(58, 74)
-> Request 5
607
(4, 3, 1)
2
(7, 34)
-> Request 6
881
(2, 2, 2)
1
(11, 8)
-> Request 7
925
(3, 1, 2)
1
(48, 46)
-> Request 8
1317
(4, 3, 2)
2
(69, 23)
---> Week : 10
--> Day : 0
-> Request 0
85
(1, 1, 2)
1
(3, 49)
-> Request 1
221
(2, 2, 2)
2
(54, 73)
-> Request 2
710
(1, 1, 2)
1
(78, 63)
-> Request 3
873
(4, 2, 2)
2
(39, 53)
-> Request 4
1118
(3, 2, 1)
3
(47, 29)
-> Request 5
1389
(1, 1, 1)
2
(7, 75)
--> Day : 1
-> Request 0
220
(4, 1, 2)
1
(53, 29)
-> Request 1
281
(3, 2, 2)
1
(59, 73)
-> Request 2
376
(2, 1, 1)
3
(74, 75)
-> Request 3
522
(1, 3, 1)
1
(49, 36)
-> Request 4
557
(1, 2, 1)
3
(57, 0)
-> Request 5
900
(3, 3, 2)
1
(50, 30)
-> Request 6
932
(4, 2, 2)
3
(79, 31)
-> Request 7
973
(3, 3, 2)
2
(28, 3)
-> Request 8
1029
(2, 2, 2)
3
(60, 70)
--> Day : 2
-> Request 0
191
(4, 1, 2)
3
(55, 73)
-> Request 1
422
(1, 3, 2)
2
(27, 19)
-> Request 2
452
(1, 1, 1)
2
(59, 64)
-> Request 3
764
(3, 3, 2)
2
(46, 44)
-> Request 4
787
(4, 3, 2)
1
(12, 28)
-> Request 5
1263
(2, 3, 2)
3
(11, 26)
-> Request 6
1268
(2, 1, 2)
2
(48, 27)
-> Request 7
1424
(1, 1, 1)
1
(24, 17)
--> Day : 3
-> Request 0
119
(3, 2, 2)
3
(43, 39)
-> Request 1
397
(4, 3, 1)
3
(59, 75)
-> Request 2
574
(1, 3, 1)
2
(57, 18)
-> Request 3
733
(3, 1, 2)
1
(49, 38)
-> Request 4
895
(2, 2, 2)
2
(47, 27)
-> Request 5
1261
(4, 1, 1)
3
(3, 51)
--> Day : 4
-> Request 0
157
(2, 2, 2)
3
(13, 21)
-> Request 1
203
(1, 1, 1)
3
(75, 52)
-> Request 2
873
(3, 3, 1)
2
(62, 71)
-> Request 3
1223
(3, 2, 1)
3
(6, 41)
-> Request 4
1265
(4, 2, 1)
1
(57, 41)
---> Week : 11
--> Day : 0
-> Request 0
102
(1, 3, 2)
1
(0, 60)
-> Request 1
151
(3, 3, 2)
3
(38, 19)
-> Request 2
461
(1, 2, 2)
3
(66, 33)
-> Request 3
515
(2, 3, 2)
2
(48, 49)
-> Request 4
560
(2, 2, 2)
2
(49, 28)
-> Request 5
1187
(1, 1, 1)
1
(55, 72)
-> Request 6
1413
(2, 2, 1)
2
(49, 40)
--> Day : 1
-> Request 0
30
(3, 3, 1)
3
(52, 57)
-> Request 1
163
(1, 3, 2)
3
(62, 78)
-> Request 2
184
(3, 3, 2)
3
(53, 29)
-> Request 3
332
(3, 2, 2)
2
(64, 64)
-> Request 4
434
(4, 1, 1)
1
(28, 59)
-> Request 5
687
(3, 2, 2)
3
(31, 68)
-> Request 6
731
(2, 3, 2)
1
(63, 73)
-> Request 7
855
(4, 2, 2)
1
(63, 58)
-> Request 8
1055
(4, 3, 1)
2
(49, 35)
-> Request 9
1058
(1, 1, 2)
1
(47, 44)
-> Request 10
1224
(4, 3, 1)
3
(51, 35)
-> Request 11
1350
(1, 3, 1)
2
(11, 20)
--> Day : 2
-> Request 0
104
(4, 2, 2)
2
(47, 27)
-> Request 1
141
(2, 2, 1)
2
(21, 26)
-> Request 2
300
(1, 1, 1)
1
(56, 30)
-> Request 3
373
(2, 2, 1)
3
(60, 37)
-> Request 4
635
(1, 2, 2)
1
(28, 61)
-> Request 5
743
(1, 1, 1)
1
(50, 29)
-> Request 6
1162
(1, 3, 1)
1
(19, 4)
-> Request 7
1176
(4, 3, 1)
1
(15, 23)
-> Request 8
1278
(4, 3, 1)
1
(56, 27)
-> Request 9
1382
(2, 3, 1)
2
(60, 45)
--> Day : 3
-> Request 0
210
(2, 2, 1)
2
(72, 67)
-> Request 1
231
(1, 1, 2)
2
(65, 76)
-> Request 2
316
(3, 1, 2)
3
(16, 25)
-> Request 3
374
(2, 3, 1)
3
(61, 39)
-> Request 4
445
(4, 1, 2)
3
(13, 54)
-> Request 5
479
(4, 3, 2)
3
(59, 37)
-> Request 6
496
(4, 3, 1)
1
(5, 34)
-> Request 7
830
(1, 2, 1)
3
(59, 75)
-> Request 8
947
(3, 1, 1)
2
(9, 30)
-> Request 9
966
(4, 3, 1)
3
(14, 27)
-> Request 10
1024
(2, 2, 2)
1
(70, 75)
-> Request 11
1054
(4, 3, 1)
3
(30, 36)
-> Request 12
1153
(1, 1, 1)
2
(53, 38)
-> Request 13
1209
(4, 2, 1)
2
(38, 79)
-> Request 14
1395
(1, 1, 1)
3
(71, 17)
--> Day : 4
-> Request 0
164
(3, 1, 2)
3
(54, 38)
-> Request 1
238
(4, 3, 1)
3
(0, 76)
-> Request 2
392
(3, 2, 1)
1
(12, 20)
-> Request 3
405
(2, 1, 1)
2
(60, 69)
-> Request 4
427
(4, 2, 2)
1
(3, 34)
-> Request 5
435
(2, 1, 2)
2
(48, 20)
-> Request 6
445
(3, 1, 1)
1
(56, 46)
-> Request 7
969
(1, 1, 1)
2
(13, 22)
-> Request 8
1097
(1, 3, 2)
1
(16, 13)
-> Request 9
1099
(2, 3, 2)
1
(63, 70)
-> Request 10
1130
(2, 3, 1)
2
(31, 31)
---> Week : 12
--> Day : 0
-> Request 0
32
(4, 3, 1)
1
(7, 37)
-> Request 1
84
(3, 3, 2)
3
(58, 30)
-> Request 2
314
(3, 2, 1)
1
(22, 22)
-> Request 3
505
(1, 3, 2)
3
(25, 47)
-> Request 4
524
(4, 2, 1)
1
(15, 25)
-> Request 5
610
(3, 2, 2)
2
(61, 39)
-> Request 6
932
(4, 2, 2)
3
(61, 37)
-> Request 7
1237
(1, 1, 1)
2
(63, 66)
--> Day : 1
-> Request 0
30
(4, 3, 2)
3
(46, 29)
-> Request 1
93
(2, 3, 2)
2
(53, 33)
-> Request 2
291
(3, 1, 2)
3
(72, 9)
-> Request 3
307
(3, 1, 1)
2
(4, 55)
-> Request 4
364
(4, 1, 1)
1
(46, 31)
-> Request 5
627
(3, 2, 2)
2
(57, 65)
-> Request 6
750
(1, 1, 2)
1
(76, 55)
-> Request 7
847
(2, 3, 1)
3
(62, 74)
-> Request 8
1035
(1, 2, 1)
2
(70, 75)
-> Request 9
1039
(1, 3, 1)
2
(19, 25)
-> Request 10
1076
(2, 2, 1)
2
(54, 45)
-> Request 11
1093
(3, 1, 1)
1
(43, 51)
-> Request 12
1099
(2, 3, 1)
1
(51, 31)
-> Request 13
1138
(4, 2, 1)
2
(65, 78)
-> Request 14
1432
(3, 3, 1)
3
(33, 63)
--> Day : 2
-> Request 0
30
(3, 3, 1)
2
(7, 3)
-> Request 1
667
(1, 2, 2)
2
(24, 54)
-> Request 2
860
(4, 3, 1)
2
(53, 24)
-> Request 3
1119
(4, 2, 1)
2
(46, 35)
-> Request 4
1293
(3, 1, 1)
3
(57, 27)
--> Day : 3
-> Request 0
127
(4, 1, 2)
3
(54, 76)
-> Request 1
270
(1, 2, 1)
2
(59, 42)
-> Request 2
304
(3, 3, 2)
3
(32, 58)
-> Request 3
513
(2, 1, 2)
1
(40, 40)
-> Request 4
517
(3, 2, 2)
3
(74, 37)
-> Request 5
636
(4, 2, 2)
3
(45, 37)
-> Request 6
904
(2, 1, 2)
3
(10, 69)
-> Request 7
1198
(3, 3, 1)
1
(59, 14)
-> Request 8
1262
(4, 3, 1)
1
(2, 9)
-> Request 9
1340
(1, 3, 2)
3
(20, 39)
--> Day : 4
-> Request 0
16
(1, 2, 2)
1
(15, 24)
-> Request 1
52
(3, 3, 1)
1
(60, 36)
-> Request 2
138
(2, 2, 2)
3
(57, 30)
-> Request 3
424
(4, 1, 2)
1
(12, 29)
-> Request 4
497
(2, 2, 1)
2
(60, 33)
-> Request 5
525
(2, 2, 2)
2
(45, 50)
-> Request 6
677
(2, 3, 2)
1
(77, 60)
-> Request 7
750
(4, 2, 2)
1
(44, 30)
-> Request 8
792
(4, 1, 1)
3
(55, 74)
-> Request 9
935
(1, 2, 2)
1
(73, 43)
-> Request 10
1036
(4, 1, 1)
3
(8, 52)
-> Request 11
1131
(1, 2, 1)
2
(74, 10)
-> Request 12
1246
(4, 1, 2)
3
(9, 23)
-> Request 13
1322
(4, 2, 2)
1
(60, 57)
-> Request 14
1391
(3, 1, 1)
3
(48, 31)
---> Week : 13
--> Day : 0
-> Request 0
136
(3, 1, 2)
2
(56, 71)
-> Request 1
274
(3, 2, 1)
2
(31, 5)
-> Request 2
356
(2, 2, 2)
3
(46, 6)
-> Request 3
486
(1, 1, 1)
1
(55, 21)
-> Request 4
531
(1, 1, 1)
2
(79, 14)
-> Request 5
552
(2, 3, 1)
1
(12, 33)
-> Request 6
560
(4, 2, 1)
2
(63, 72)
-> Request 7
641
(1, 2, 2)
1
(57, 76)
-> Request 8
648
(2, 3, 2)
2
(13, 26)
-> Request 9
717
(4, 2, 2)
3
(50, 44)
-> Request 10
801
(4, 3, 1)
2
(52, 46)
-> Request 11
1309
(3, 3, 2)
2
(55, 29)
-> Request 12
1316
(4, 1, 1)
1
(64, 78)
-> Request 13
1335
(1, 1, 1)
3
(9, 26)
--> Day : 1
-> Request 0
150
(1, 2, 2)
2
(53, 54)
-> Request 1
767
(2, 2, 2)
2
(55, 38)
-> Request 2
827
(3, 1, 2)
3
(63, 65)
-> Request 3
880
(1, 3, 1)
3
(60, 46)
-> Request 4
1318
(2, 3, 2)
2
(13, 67)
-> Request 5
1350
(4, 1, 2)
3
(8, 21)
--> Day : 2
-> Request 0
106
(4, 2, 2)
2
(52, 77)
-> Request 1
141
(1, 2, 2)
1
(63, 59)
-> Request 2
335
(4, 2, 1)
2
(52, 77)
-> Request 3
338
(1, 2, 2)
3
(9, 34)
-> Request 4
717
(3, 2, 1)
3
(47, 37)
-> Request 5
862
(3, 3, 2)
3
(63, 71)
-> Request 6
970
(1, 3, 2)
3
(55, 62)
-> Request 7
1132
(2, 2, 1)
3
(56, 71)
-> Request 8
1218
(1, 2, 1)
3
(57, 35)
--> Day : 3
-> Request 0
115
(1, 2, 2)
2
(62, 65)
-> Request 1
255
(1, 3, 1)
1
(74, 14)
-> Request 2
383
(1, 3, 1)
2
(16, 23)
-> Request 3
639
(1, 2, 1)
1
(55, 71)
-> Request 4
1024
(4, 3, 1)
3
(18, 11)
-> Request 5
1061
(2, 3, 1)
3
(47, 53)
-> Request 6
1071
(2, 2, 2)
3
(66, 41)
-> Request 7
1282
(3, 3, 1)
3
(28, 47)
-> Request 8
1283
(1, 2, 2)
2
(57, 74)
-> Request 9
1341
(2, 2, 1)
3
(57, 39)
--> Day : 4
-> Request 0
33
(4, 2, 1)
2
(62, 66)
-> Request 1
184
(4, 1, 2)
1
(70, 58)
-> Request 2
239
(1, 1, 2)
1
(44, 32)
-> Request 3
454
(3, 3, 1)
3
(64, 29)
-> Request 4
469
(1, 3, 2)
1
(55, 39)
-> Request 5
539
(4, 3, 2)
1
(1, 6)
-> Request 6
660
(4, 3, 2)
2
(51, 46)
-> Request 7
675
(1, 2, 1)
1
(63, 71)
-> Request 8
856
(4, 2, 2)
2
(49, 39)
-> Request 9
905
(2, 2, 2)
3
(45, 41)
-> Request 10
1123
(4, 3, 2)
3
(30, 50)
-> Request 11
1127
(2, 2, 1)
2
(4, 12)
-> Request 12
1173
(1, 1, 1)
2
(53, 69)
-> Request 13
1217
(1, 3, 2)
1
(55, 43)
-> Request 14
1241
(1, 3, 1)
1
(64, 78)
-> Request 15
1305
(4, 1, 1)
3
(31, 67)
---> Week : 14
--> Day : 0
-> Request 0
49
(1, 3, 2)
2
(64, 70)
-> Request 1
67
(1, 3, 2)
1
(65, 73)
-> Request 2
104
(4, 2, 2)
3
(62, 71)
-> Request 3
160
(3, 3, 1)
3
(37, 11)
-> Request 4
245
(4, 2, 1)
1
(50, 0)
-> Request 5
372
(1, 3, 2)
1
(12, 24)
-> Request 6
646
(4, 2, 2)
3
(18, 24)
-> Request 7
857
(2, 3, 1)
2
(11, 6)
-> Request 8
1177
(2, 3, 1)
3
(61, 40)
-> Request 9
1431
(1, 1, 2)
2
(14, 26)
--> Day : 1
-> Request 0
28
(2, 2, 1)
3
(55, 44)
-> Request 1
297
(4, 2, 1)
2
(44, 76)
-> Request 2
738
(3, 2, 1)
3
(42, 66)
-> Request 3
808
(1, 1, 1)
1
(23, 65)
-> Request 4
1005
(2, 1, 1)
1
(61, 75)
-> Request 5
1275
(2, 3, 1)
1
(76, 54)
--> Day : 2
-> Request 0
210
(2, 3, 1)
1
(21, 50)
-> Request 1
479
(3, 3, 2)
2
(14, 27)
-> Request 2
592
(3, 2, 2)
3
(56, 28)
-> Request 3
601
(4, 1, 2)
1
(9, 20)
-> Request 4
942
(2, 1, 1)
2
(48, 75)
-> Request 5
1020
(3, 3, 1)
1
(43, 40)
-> Request 6
1131
(1, 2, 2)
1
(65, 67)
-> Request 7
1274
(2, 1, 2)
2
(46, 28)
-> Request 8
1283
(4, 1, 2)
1
(55, 38)
-> Request 9
1298
(1, 2, 2)
1
(11, 79)
--> Day : 3
-> Request 0
32
(2, 3, 1)
1
(14, 25)
-> Request 1
36
(4, 3, 1)
2
(67, 42)
-> Request 2
128
(3, 3, 1)
1
(76, 11)
-> Request 3
135
(4, 2, 2)
1
(46, 45)
-> Request 4
314
(3, 2, 1)
1
(52, 78)
-> Request 5
524
(4, 2, 2)
1
(66, 72)
-> Request 6
956
(3, 1, 1)
1
(55, 40)
-> Request 7
1171
(3, 3, 1)
2
(43, 35)
--> Day : 4
-> Request 0
171
(2, 3, 2)
2
(63, 77)
-> Request 1
256
(4, 1, 1)
1
(15, 24)
-> Request 2
310
(2, 1, 2)
2
(15, 32)
-> Request 3
324
(4, 2, 2)
2
(51, 28)
-> Request 4
442
(1, 1, 2)
3
(12, 29)
-> Request 5
870
(1, 3, 1)
1
(48, 28)
-> Request 6
1352
(2, 3, 2)
2
(43, 31)
-> Request 7
1357
(4, 2, 2)
2
(56, 31)
-> Request 8
1384
(2, 3, 1)
2
(17, 23)
---> Week : 15
--> Day : 0
-> Request 0
0
(4, 2, 1)
2
(28, 28)
-> Request 1
9
(1, 1, 2)
1
(43, 39)
-> Request 2
132
(4, 3, 2)
1
(79, 31)
-> Request 3
162
(2, 1, 1)
2
(9, 25)
-> Request 4
191
(3, 1, 2)
2
(12, 21)
-> Request 5
715
(4, 1, 2)
3
(74, 65)
-> Request 6
818
(2, 1, 2)
1
(55, 19)
-> Request 7
1074
(3, 1, 1)
1
(60, 27)
-> Request 8
1076
(4, 3, 2)
2
(59, 62)
-> Request 9
1219
(1, 1, 2)
1
(55, 44)
--> Day : 1
-> Request 0
279
(3, 2, 1)
1
(61, 28)
-> Request 1
508
(1, 2, 2)
1
(54, 65)
-> Request 2
736
(2, 1, 1)
3
(36, 67)
-> Request 3
785
(2, 1, 1)
3
(11, 21)
-> Request 4
864
(2, 3, 1)
3
(44, 33)
-> Request 5
1114
(3, 2, 1)
3
(21, 57)
-> Request 6
1263
(3, 3, 2)
3
(45, 31)
--> Day : 2
-> Request 0
26
(3, 2, 1)
2
(55, 65)
-> Request 1
47
(3, 2, 1)
3
(56, 46)
-> Request 2
318
(2, 3, 2)
3
(14, 73)
-> Request 3
391
(2, 1, 1)
2
(43, 28)
-> Request 4
642
(1, 2, 2)
3
(59, 68)
-> Request 5
771
(2, 3, 1)
3
(52, 72)
-> Request 6
830
(4, 3, 2)
2
(29, 67)
-> Request 7
1114
(3, 3, 2)
3
(28, 77)
-> Request 8
1232
(2, 3, 1)
2
(52, 73)
--> Day : 3
-> Request 0
128
(3, 3, 1)
3
(1, 41)
-> Request 1
197
(2, 3, 1)
2
(57, 39)
-> Request 2
397
(4, 2, 1)
2
(59, 71)
-> Request 3
406
(4, 1, 2)
1
(60, 32)
-> Request 4
657
(3, 1, 2)
1
(17, 28)
-> Request 5
1199
(2, 3, 2)
3
(64, 2)
-> Request 6
1312
(1, 3, 2)
2
(62, 68)
-> Request 7
1332
(2, 2, 2)
3
(57, 72)
-> Request 8
1384
(2, 1, 2)
1
(51, 16)
-> Request 9
1414
(1, 2, 2)
1
(48, 32)
--> Day : 4
-> Request 0
327
(2, 1, 2)
3
(61, 42)
-> Request 1
356
(1, 1, 2)
1
(53, 43)
-> Request 2
469
(4, 2, 2)
1
(18, 2)
-> Request 3
578
(4, 3, 1)
2
(53, 39)
-> Request 4
585
(4, 1, 2)
3
(55, 48)
-> Request 5
625
(3, 1, 2)
2
(57, 39)
-> Request 6
927
(3, 1, 2)
1
(14, 26)
-> Request 7
1110
(4, 3, 1)
3
(48, 44)
-> Request 8
1148
(1, 1, 1)
2
(19, 52)
-> Request 9
1302
(3, 3, 2)
2
(65, 65)
-> Request 10
1406
(3, 2, 2)
1
(29, 17)
---> Week : 16
--> Day : 0
-> Request 0
140
(3, 2, 1)
1
(17, 35)
-> Request 1
449
(3, 2, 1)
2
(57, 71)
-> Request 2
457
(3, 3, 1)
1
(29, 42)
-> Request 3
553
(4, 1, 1)
3
(56, 43)
-> Request 4
565
(1, 1, 1)
2
(15, 44)
-> Request 5
672
(2, 3, 1)
3
(44, 38)
-> Request 6
735
(1, 2, 1)
3
(10, 25)
-> Request 7
783
(2, 1, 2)
2
(34, 17)
-> Request 8
843
(2, 2, 2)
1
(52, 39)
-> Request 9
1013
(2, 3, 2)
2
(76, 27)
-> Request 10
1388
(1, 3, 1)
2
(49, 29)
--> Day : 1
-> Request 0
77
(1, 3, 1)
2
(53, 27)
-> Request 1
275
(1, 3, 1)
2
(32, 6)
-> Request 2
565
(3, 2, 2)
2
(64, 46)
-> Request 3
1135
(4, 3, 2)
3
(50, 39)
-> Request 4
1230
(1, 3, 1)
2
(63, 75)
-> Request 5
1398
(4, 2, 1)
3
(55, 36)
--> Day : 2
-> Request 0
86
(4, 2, 2)
3
(52, 74)
-> Request 1
246
(4, 1, 2)
3
(53, 43)
-> Request 2
395
(4, 3, 1)
3
(76, 32)
-> Request 3
525
(3, 1, 1)
2
(10, 61)
-> Request 4
553
(2, 1, 2)
2
(50, 30)
-> Request 5
1149
(1, 1, 2)
3
(53, 35)
-> Request 6
1235
(3, 3, 1)
1
(61, 35)
-> Request 7
1359
(1, 3, 2)
2
(49, 65)
-> Request 8
1399
(3, 1, 2)
1
(53, 38)
--> Day : 3
-> Request 0
367
(3, 3, 1)
1
(32, 75)
-> Request 1
426
(3, 2, 2)
2
(46, 45)
-> Request 2
582
(4, 3, 1)
3
(47, 57)
-> Request 3
652
(2, 2, 2)
2
(12, 49)
-> Request 4
673
(3, 3, 1)
3
(56, 30)
-> Request 5
736
(3, 2, 1)
1
(64, 71)
-> Request 6
1108
(4, 2, 2)
2
(60, 64)
-> Request 7
1127
(4, 1, 2)
1
(30, 34)
-> Request 8
1203
(3, 1, 2)
2
(65, 76)
--> Day : 4
-> Request 0
124
(4, 2, 1)
2
(42, 74)
-> Request 1
155
(3, 1, 2)
1
(0, 47)
-> Request 2
320
(3, 2, 1)
1
(53, 67)
-> Request 3
582
(2, 1, 1)
3
(64, 72)
-> Request 4
759
(1, 3, 1)
2
(63, 75)
-> Request 5
770
(3, 3, 2)
3
(0, 60)
-> Request 6
1199
(3, 2, 1)
2
(43, 31)
-> Request 7
1356
(3, 3, 1)
2
(55, 69)
---> Week : 17
--> Day : 0
-> Request 0
284
(1, 1, 2)
1
(54, 78)
-> Request 1
328
(3, 2, 2)
2
(11, 46)
-> Request 2
478
(1, 3, 1)
2
(23, 8)
-> Request 3
529
(3, 3, 1)
2
(59, 69)
-> Request 4
736
(1, 1, 1)
3
(79, 18)
-> Request 5
1026
(1, 2, 2)
1
(44, 30)
-> Request 6
1192
(3, 2, 1)
1
(52, 73)
-> Request 7
1324
(4, 1, 1)
3
(49, 27)
-> Request 8
1369
(4, 1, 1)
3
(19, 0)
--> Day : 1
-> Request 0
22
(4, 2, 2)
3
(62, 33)
-> Request 1
71
(2, 2, 1)
3
(29, 41)
-> Request 2
110
(1, 1, 1)
1
(7, 30)
-> Request 3
137
(4, 1, 2)
3
(44, 32)
-> Request 4
708
(2, 1, 1)
3
(30, 63)
-> Request 5
769
(2, 1, 1)
3
(66, 57)
-> Request 6
813
(4, 2, 1)
2
(70, 21)
-> Request 7
966
(1, 2, 2)
2
(44, 35)
-> Request 8
998
(3, 3, 2)
3
(20, 53)
-> Request 9
1037
(2, 3, 1)
1
(21, 46)
--> Day : 2
-> Request 0
47
(3, 1, 2)
3
(78, 9)
-> Request 1
71
(3, 1, 1)
2
(38, 21)
-> Request 2
90
(1, 2, 2)
1
(74, 72)
-> Request 3
158
(4, 1, 2)
2
(54, 4)
-> Request 4
266
(2, 3, 2)
3
(55, 38)
-> Request 5
268
(1, 1, 2)
3
(51, 43)
-> Request 6
605
(2, 3, 1)
3
(14, 2)
-> Request 7
663
(4, 2, 2)
1
(66, 65)
-> Request 8
749
(3, 2, 1)
2
(44, 18)
-> Request 9
927
(2, 2, 2)
3
(37, 18)
-> Request 10
1295
(1, 3, 1)
1
(4, 27)
--> Day : 3
-> Request 0
194
(2, 3, 1)
2
(10, 28)
-> Request 1
194
(2, 3, 2)
2
(26, 2)
-> Request 2
401
(4, 1, 2)
3
(9, 23)
-> Request 3
524
(1, 1, 1)
2
(21, 37)
-> Request 4
639
(2, 3, 2)
1
(61, 39)
-> Request 5
670
(2, 3, 1)
1
(17, 28)
-> Request 6
783
(4, 3, 2)
1
(63, 75)
-> Request 7
840
(1, 3, 1)
1
(75, 31)
-> Request 8
1188
(2, 1, 2)
3
(53, 38)
-> Request 9
1272
(2, 1, 2)
2
(50, 32)
--> Day : 4
-> Request 0
245
(2, 2, 1)
3
(56, 66)
-> Request 1
531
(3, 3, 2)
1
(12, 21)
-> Request 2
543
(4, 2, 1)
1
(49, 25)
-> Request 3
754
(1, 1, 2)
2
(56, 29)
-> Request 4
756
(4, 3, 1)
1
(13, 17)
-> Request 5
777
(1, 3, 2)
2
(35, 36)
-> Request 6
1008
(3, 2, 2)
3
(22, 22)
-> Request 7
1423
(3, 2, 2)
1
(60, 30)
---> Week : 18
--> Day : 0
-> Request 0
230
(4, 3, 2)
3
(48, 29)
-> Request 1
511
(4, 2, 2)
1
(44, 42)
-> Request 2
850
(2, 3, 1)
2
(32, 54)
-> Request 3
1144
(4, 3, 2)
3
(41, 54)
-> Request 4
1224
(3, 1, 1)
1
(70, 35)
-> Request 5
1380
(1, 1, 2)
3
(69, 26)
--> Day : 1
-> Request 0
539
(2, 2, 2)
3
(4, 71)
-> Request 1
546
(1, 1, 2)
1
(59, 70)
-> Request 2
619
(4, 3, 2)
1
(6, 30)
-> Request 3
704
(2, 1, 1)
3
(46, 32)
-> Request 4
707
(3, 3, 2)
1
(13, 27)
--> Day : 2
-> Request 0
599
(4, 2, 1)
3
(54, 69)
-> Request 1
631
(3, 1, 1)
1
(46, 35)
-> Request 2
868
(1, 2, 1)
3
(4, 71)
-> Request 3
886
(4, 1, 1)
1
(48, 28)
-> Request 4
977
(1, 1, 2)
1
(24, 0)
-> Request 5
992
(3, 2, 2)
1
(37, 21)
--> Day : 3
-> Request 0
86
(4, 2, 2)
2
(25, 71)
-> Request 1
109
(1, 1, 2)
2
(14, 73)
-> Request 2
779
(3, 1, 2)
2
(44, 46)
-> Request 3
809
(2, 2, 1)
2
(42, 22)
-> Request 4
841
(2, 2, 1)
1
(28, 6)
-> Request 5
852
(2, 1, 1)
3
(54, 69)
-> Request 6
857
(4, 3, 2)
3
(60, 70)
-> Request 7
1058
(1, 1, 1)
2
(48, 39)
-> Request 8
1305
(3, 2, 2)
1
(59, 71)
-> Request 9
1325
(3, 3, 1)
1
(23, 15)
--> Day : 4
-> Request 0
201
(1, 1, 1)
2
(11, 34)
-> Request 1
327
(3, 3, 1)
2
(78, 23)
-> Request 2
455
(3, 3, 2)
1
(41, 38)
-> Request 3
688
(3, 3, 1)
3
(55, 39)
-> Request 4
835
(4, 3, 1)
3
(45, 45)
-> Request 5
900
(3, 1, 1)
2
(15, 24)
-> Request 6
989
(4, 3, 2)
1
(51, 67)
-> Request 7
995
(4, 2, 2)
2
(57, 30)
-> Request 8
1010
(2, 3, 2)
3
(65, 65)
-> Request 9
1094
(4, 3, 2)
1
(74, 28)
-> Request 10
1153
(3, 2, 2)
1
(59, 72)
-> Request 11
1180
(4, 3, 1)
1
(62, 44)
-> Request 12
1335
(1, 1, 1)
2
(60, 33)
---> Week : 19
--> Day : 0
-> Request 0
14
(3, 1, 2)
2
(17, 6)
-> Request 1
109
(3, 3, 2)
1
(55, 77)
-> Request 2
459
(3, 3, 1)
1
(14, 26)
-> Request 3
470
(3, 1, 1)
3
(66, 77)
-> Request 4
478
(1, 2, 1)
2
(61, 35)
-> Request 5
536
(1, 2, 1)
2
(60, 75)
-> Request 6
904
(3, 1, 2)
1
(62, 31)
-> Request 7
946
(4, 1, 2)
3
(41, 78)
-> Request 8
971
(3, 1, 1)
1
(7, 7)
-> Request 9
979
(1, 2, 2)
2
(74, 73)
-> Request 10
1030
(1, 3, 1)
3
(62, 37)
-> Request 11
1111
(2, 2, 2)
3
(53, 64)
-> Request 12
1160
(2, 3, 2)
3
(37, 67)
-> Request 13
1261
(1, 1, 2)
3
(9, 42)
--> Day : 1
-> Request 0
84
(3, 1, 2)
2
(56, 13)
-> Request 1
126
(3, 1, 1)
1
(16, 55)
-> Request 2
512
(3, 2, 1)
2
(21, 4)
-> Request 3
655
(4, 2, 2)
1
(63, 21)
-> Request 4
1340
(1, 3, 2)
2
(58, 10)
-> Request 5
1362
(1, 3, 1)
2
(43, 40)
--> Day : 2
-> Request 0
189
(4, 1, 2)
3
(20, 23)
-> Request 1
209
(4, 1, 1)
3
(17, 28)
-> Request 2
600
(3, 1, 2)
1
(16, 22)
-> Request 3
607
(2, 2, 1)
2
(49, 43)
-> Request 4
641
(1, 1, 2)
1
(43, 43)
-> Request 5
800
(3, 3, 2)
1
(58, 73)
-> Request 6
815
(2, 1, 1)
2
(54, 31)
-> Request 7
1021
(2, 1, 1)
1
(65, 75)
-> Request 8
1033
(3, 3, 2)
3
(47, 18)
-> Request 9
1157
(2, 3, 2)
1
(8, 60)
-> Request 10
1178
(4, 3, 1)
3
(38, 19)
--> Day : 3
-> Request 0
6
(2, 2, 2)
1
(68, 4)
-> Request 1
688
(1, 2, 2)
2
(0, 47)
-> Request 2
688
(4, 1, 1)
2
(71, 57)
-> Request 3
724
(2, 1, 2)
3
(65, 70)
-> Request 4
818
(3, 1, 2)
3
(65, 74)
-> Request 5
865
(2, 2, 2)
2
(62, 68)
-> Request 6
1162
(3, 3, 2)
3
(31, 15)
-> Request 7
1170
(2, 1, 1)
2
(44, 33)
--> Day : 4
-> Request 0
172
(2, 3, 1)
2
(17, 33)
-> Request 1
328
(4, 3, 2)
1
(61, 44)
-> Request 2
794
(2, 3, 1)
1
(34, 61)
-> Request 3
863
(4, 2, 1)
1
(52, 45)
-> Request 4
1049
(4, 2, 1)
3
(24, 8)
