---> Week : 0
--> Day : 0
-> Request 0
72
(3, 2, 2)
3
(55, 7)
-> Request 1
148
(2, 2, 1)
1
(26, 56)
-> Request 2
303
(4, 1, 2)
3
(36, 24)
-> Request 3
338
(4, 2, 2)
3
(23, 55)
-> Request 4
472
(1, 3, 2)
1
(1, 9)
-> Request 5
478
(4, 3, 1)
3
(45, 28)
-> Request 6
523
(1, 1, 2)
3
(12, 2)
-> Request 7
579
(2, 3, 1)
3
(52, 53)
-> Request 8
637
(3, 3, 2)
3
(54, 15)
-> Request 9
706
(3, 2, 2)
2
(55, 75)
-> Request 10
745
(1, 2, 2)
2
(50, 12)
-> Request 11
904
(1, 2, 2)
3
(12, 9)
-> Request 12
976
(1, 2, 2)
3
(55, 71)
-> Request 13
1002
(3, 1, 1)
1
(40, 26)
-> Request 14
1119
(4, 3, 2)
1
(22, 45)
-> Request 15
1240
(1, 2, 1)
2
(58, 13)
--> Day : 1
-> Request 0
168
(3, 1, 2)
2
(45, 50)
-> Request 1
192
(3, 2, 1)
2
(68, 54)
-> Request 2
573
(3, 1, 1)
1
(13, 31)
-> Request 3
884
(2, 1, 1)
1
(24, 69)
--> Day : 2
-> Request 0
371
(2, 3, 2)
2
(9, 17)
-> Request 1
746
(4, 3, 1)
1
(79, 32)
-> Request 2
1007
(1, 2, 1)
1
(3, 4)
-> Request 3
1334
(1, 3, 1)
3
(29, 4)
-> Request 4
1344
(3, 2, 2)
3
(42, 57)
--> Day : 3
-> Request 0
345
(3, 1, 2)
2
(61, 44)
-> Request 1
396
(4, 2, 2)
3
(73, 9)
-> Request 2
731
(3, 3, 1)
2
(17, 41)
-> Request 3
752
(1, 2, 2)
3
(27, 9)
-> Request 4
1245
(3, 2, 1)
3
(45, 65)
--> Day : 4
-> Request 0
180
(1, 1, 1)
2
(42, 75)
-> Request 1
234
(1, 3, 2)
1
(0, 23)
-> Request 2
766
(3, 1, 2)
1
(11, 77)
-> Request 3
943
(2, 3, 2)
1
(43, 29)
-> Request 4
1011
(3, 1, 1)
2
(60, 0)
-> Request 5
1268
(4, 3, 1)
2
(14, 11)
-> Request 6
1337
(1, 1, 2)
2
(51, 59)
-> Request 7
1341
(2, 1, 1)
2
(61, 52)
-> Request 8
1423
(1, 1, 2)
1
(64, 32)
---> Week : 1
--> Day : 0
-> Request 0
63
(3, 1, 1)
1
(0, 46)
-> Request 1
114
(1, 2, 1)
3
(28, 37)
-> Request 2
149
(4, 2, 1)
3
(66, 76)
-> Request 3
300
(1, 3, 1)
3
(21, 18)
-> Request 4
737
(3, 1, 1)
2
(26, 4)
-> Request 5
988
(4, 1, 1)
1
(58, 0)
-> Request 6
1000
(4, 1, 1)
2
(0, 70)
-> Request 7
1026
(2, 3, 1)
3
(38, 34)
-> Request 8
1341
(4, 2, 1)
3
(36, 14)
--> Day : 1
-> Request 0
226
(1, 1, 2)
1
(0, 2)
-> Request 1
289
(4, 3, 1)
2
(69, 31)
-> Request 2
443
(3, 3, 2)
1
(51, 70)
-> Request 3
780
(3, 3, 1)
2
(64, 73)
-> Request 4
904
(1, 2, 2)
3
(22, 68)
-> Request 5
988
(4, 3, 2)
1
(76, 3)
-> Request 6
1311
(2, 1, 1)
2
(36, 23)
-> Request 7
1321
(4, 1, 1)
3
(20, 52)
--> Day : 2
-> Request 0
177
(2, 1, 1)
2
(28, 10)
-> Request 1
192
(4, 2, 2)
2
(60, 20)
-> Request 2
685
(1, 2, 2)
2
(6, 55)
-> Request 3
686
(3, 3, 2)
1
(11, 19)
-> Request 4
751
(4, 1, 2)
2
(14, 57)
--> Day : 3
-> Request 0
124
(4, 1, 1)
2
(13, 24)
-> Request 1
260
(3, 1, 2)
3
(7, 1)
-> Request 2
396
(1, 3, 2)
2
(69, 21)
-> Request 3
507
(4, 2, 1)
2
(42, 36)
-> Request 4
542
(1, 1, 2)
3
(54, 41)
-> Request 5
586
(2, 2, 1)
3
(25, 16)
-> Request 6
603
(1, 3, 1)
3
(0, 53)
-> Request 7
634
(3, 2, 2)
3
(39, 44)
-> Request 8
685
(2, 1, 1)
3
(9, 21)
-> Request 9
718
(3, 1, 1)
3
(40, 8)
-> Request 10
779
(2, 1, 2)
2
(26, 76)
-> Request 11
795
(1, 2, 1)
1
(44, 50)
-> Request 12
966
(3, 2, 2)
3
(68, 48)
-> Request 13
1171
(2, 3, 2)
1
(27, 47)
-> Request 14
1303
(4, 3, 1)
1
(47, 24)
-> Request 15
1346
(1, 1, 1)
3
(28, 44)
--> Day : 4
-> Request 0
74
(4, 1, 2)
2
(35, 55)
-> Request 1
176
(3, 1, 2)
3
(57, 79)
-> Request 2
274
(1, 3, 2)
2
(73, 75)
-> Request 3
280
(1, 3, 1)
2
(59, 31)
-> Request 4
401
(3, 3, 2)
1
(12, 2)
-> Request 5
459
(4, 2, 1)
3
(77, 39)
-> Request 6
711
(2, 1, 1)
3
(49, 35)
-> Request 7
912
(2, 2, 2)
1
(4, 67)
-> Request 8
1305
(4, 3, 2)
3
(38, 12)
---> Week : 2
--> Day : 0
-> Request 0
158
(1, 1, 2)
2
(16, 60)
-> Request 1
513
(1, 1, 2)
2
(0, 64)
-> Request 2
535
(3, 3, 1)
2
(56, 7)
-> Request 3
612
(3, 2, 1)
1
(36, 19)
-> Request 4
776
(2, 1, 1)
2
(6, 70)
-> Request 5
1081
(2, 2, 1)
1
(29, 35)
-> Request 6
1120
(2, 1, 1)
1
(68, 48)
-> Request 7
1279
(3, 2, 1)
1
(11, 72)
-> Request 8
1334
(2, 1, 2)
1
(67, 3)
--> Day : 1
-> Request 0
273
(3, 2, 2)
2
(33, 15)
-> Request 1
510
(2, 3, 2)
2
(19, 73)
-> Request 2
778
(1, 1, 2)
1
(6, 55)
-> Request 3
831
(1, 2, 1)
3
(33, 55)
-> Request 4
954
(2, 3, 2)
3
(7, 68)
-> Request 5
1011
(4, 2, 1)
1
(13, 28)
-> Request 6
1112
(4, 2, 2)
1
(51, 21)
-> Request 7
1426
(1, 3, 1)
2
(66, 1)
--> Day : 2
-> Request 0
187
(2, 1, 1)
3
(64, 38)
-> Request 1
470
(4, 2, 1)
2
(1, 54)
-> Request 2
782
(1, 2, 2)
1
(57, 34)
-> Request 3
946
(2, 1, 2)
1
(0, 24)
-> Request 4
1003
(4, 1, 1)
3
(77, 3)
-> Request 5
1116
(1, 2, 2)
3
(53, 71)
-> Request 6
1421
(2, 1, 1)
1
(71, 40)
-> Request 7
1438
(1, 2, 2)
3
(35, 25)
--> Day : 3
-> Request 0
305
(3, 1, 1)
2
(47, 40)
-> Request 1
417
(4, 2, 2)
3
(54, 41)
-> Request 2
608
(4, 2, 1)
1
(60, 2)
-> Request 3
1410
(4, 2, 2)
3
(6, 38)
--> Day : 4
-> Request 0
129
(3, 3, 2)
2
(44, 30)
-> Request 1
329
(3, 1, 2)
2
(79, 51)
-> Request 2
344
(4, 1, 1)
1
(47, 46)
-> Request 3
473
(4, 3, 1)
1
(21, 13)
-> Request 4
481
(1, 1, 2)
2
(75, 35)
-> Request 5
524
(4, 3, 2)
2
(44, 33)
-> Request 6
598
(3, 1, 1)
2
(53, 32)
-> Request 7
683
(2, 3, 2)
3
(7, 14)
-> Request 8
700
(3, 2, 2)
3
(28, 38)
-> Request 9
781
(1, 3, 2)
3
(50, 73)
-> Request 10
927
(2, 2, 2)
3
(6, 63)
-> Request 11
980
(2, 3, 1)
1
(51, 9)
-> Request 12
1265
(1, 2, 2)
3
(54, 22)
-> Request 13
1397
(1, 3, 1)
1
(0, 40)
---> Week : 3
--> Day : 0
-> Request 0
395
(2, 1, 2)
3
(35, 11)
-> Request 1
565
(3, 2, 1)
2
(50, 50)
-> Request 2
760
(2, 2, 2)
3
(43, 40)
-> Request 3
795
(1, 3, 2)
1
(68, 20)
-> Request 4
869
(3, 3, 2)
2
(45, 38)
-> Request 5
930
(2, 2, 1)
1
(9, 12)
-> Request 6
1397
(4, 1, 1)
3
(12, 74)
--> Day : 1
-> Request 0
376
(1, 3, 2)
2
(16, 78)
-> Request 1
886
(4, 3, 1)
3
(41, 77)
-> Request 2
1061
(1, 2, 2)
1
(69, 72)
-> Request 3
1188
(1, 1, 1)
3
(60, 42)
-> Request 4
1289
(3, 3, 1)
3
(71, 75)
--> Day : 2
-> Request 0
19
(1, 3, 1)
3
(63, 33)
-> Request 1
265
(2, 2, 1)
3
(2, 66)
-> Request 2
296
(3, 1, 2)
3
(60, 31)
-> Request 3
398
(4, 2, 2)
1
(66, 40)
-> Request 4
419
(2, 1, 1)
2
(43, 13)
-> Request 5
825
(2, 2, 2)
1
(14, 74)
-> Request 6
902
(4, 3, 2)
1
(2, 52)
-> Request 7
920
(4, 2, 1)
2
(68, 38)
-> Request 8
983
(2, 3, 2)
1
(51, 6)
-> Request 9
987
(4, 3, 1)
2
(3, 77)
-> Request 10
1013
(1, 3, 1)
2
(19, 16)
-> Request 11
1015
(4, 2, 1)
1
(63, 0)
-> Request 12
1032
(1, 2, 2)
2
(36, 3)
-> Request 13
1053
(1, 1, 1)
2
(70, 12)
-> Request 14
1067
(4, 1, 1)
3
(34, 13)
-> Request 15
1120
(3, 1, 1)
3
(2, 60)
-> Request 16
1143
(1, 3, 1)
3
(34, 60)
--> Day : 3
-> Request 0
81
(1, 2, 2)
2
(63, 58)
-> Request 1
82
(3, 2, 2)
1
(28, 5)
-> Request 2
160
(1, 2, 1)
2
(46, 53)
-> Request 3
249
(4, 1, 1)
3
(79, 56)
-> Request 4
310
(4, 1, 1)
3
(62, 11)
-> Request 5
387
(1, 1, 2)
2
(14, 36)
-> Request 6
538
(4, 1, 2)
2
(11, 33)
-> Request 7
596
(2, 1, 2)
1
(3, 55)
-> Request 8
873
(1, 3, 2)
2
(36, 55)
-> Request 9
974
(1, 1, 2)
1
(74, 37)
-> Request 10
1339
(3, 2, 2)
2
(64, 76)
--> Day : 4
-> Request 0
0
(3, 3, 2)
1
(6, 9)
-> Request 1
353
(1, 2, 1)
2
(79, 25)
-> Request 2
666
(2, 3, 1)
3
(35, 18)
---> Week : 4
--> Day : 0
-> Request 0
17
(2, 3, 2)
2
(40, 18)
-> Request 1
152
(1, 3, 1)
2
(0, 51)
-> Request 2
252
(3, 1, 1)
2
(69, 27)
-> Request 3
409
(2, 2, 2)
1
(6, 63)
-> Request 4
537
(1, 2, 1)
2
(7, 25)
-> Request 5
549
(4, 1, 2)
3
(35, 16)
-> Request 6
702
(2, 1, 2)
3
(42, 31)
-> Request 7
862
(4, 3, 1)
1
(48, 3)
-> Request 8
1010
(3, 3, 2)
2
(50, 38)
-> Request 9
1169
(2, 3, 2)
2
(26, 40)
-> Request 10
1350
(4, 1, 1)
2
(46, 34)
--> Day : 1
-> Request 0
1
(2, 2, 2)
1
(22, 10)
-> Request 1
52
(2, 2, 1)
3
(42, 56)
-> Request 2
211
(2, 1, 1)
1
(13, 60)
-> Request 3
759
(4, 1, 1)
2
(51, 3)
-> Request 4
801
(3, 2, 2)
2
(2, 21)
-> Request 5
945
(4, 2, 1)
3
(26, 64)
-> Request 6
1058
(2, 3, 1)
3
(48, 62)
-> Request 7
1276
(1, 1, 2)
1
(79, 19)
-> Request 8
1393
(2, 3, 2)
1
(78, 9)
--> Day : 2
-> Request 0
25
(4, 1, 2)
3
(22, 19)
-> Request 1
628
(3, 3, 2)
1
(23, 30)
-> Request 2
722
(2, 3, 1)
2
(48, 44)
-> Request 3
730
(4, 3, 1)
1
(61, 75)
-> Request 4
1063
(1, 3, 2)
2
(24, 70)
-> Request 5
1072
(4, 1, 2)
1
(46, 61)
-> Request 6
1235
(2, 1, 2)
2
(48, 58)
-> Request 7
1317
(1, 2, 2)
2
(35, 25)
-> Request 8
1317
(3, 3, 2)
3
(32, 32)
-> Request 9
1401
(1, 2, 2)
3
(63, 59)
-> Request 10
1410
(1, 3, 2)
2
(31, 38)
--> Day : 3
-> Request 0
56
(1, 3, 2)
1
(46, 37)
-> Request 1
87
(2, 3, 2)
1
(16, 59)
-> Request 2
525
(3, 3, 1)
1
(12, 58)
-> Request 3
553
(3, 2, 1)
2
(46, 62)
-> Request 4
564
(4, 1, 1)
1
(77, 1)
-> Request 5
717
(3, 1, 2)
2
(4, 74)
-> Request 6
805
(2, 1, 1)
3
(57, 73)
-> Request 7
844
(3, 3, 1)
3
(31, 43)
-> Request 8
905
(1, 2, 2)
2
(57, 22)
-> Request 9
1191
(2, 2, 2)
3
(50, 11)
-> Request 10
1431
(3, 2, 1)
3
(11, 73)
--> Day : 4
-> Request 0
190
(3, 1, 2)
2
(45, 66)
-> Request 1
309
(4, 2, 1)
3
(59, 57)
-> Request 2
389
(1, 2, 2)
1
(23, 44)
-> Request 3
659
(3, 2, 2)
2
(13, 18)
-> Request 4
707
(4, 3, 1)
2
(77, 43)
-> Request 5
777
(4, 1, 1)
3
(23, 17)
-> Request 6
805
(4, 3, 1)
1
(4, 8)
-> Request 7
909
(3, 2, 1)
3
(61, 72)
-> Request 8
1030
(2, 3, 2)
2
(63, 20)
-> Request 9
1102
(2, 2, 1)
3
(30, 53)
-> Request 10
1105
(3, 1, 2)
1
(68, 55)
-> Request 11
1181
(3, 2, 2)
2
(55, 70)
-> Request 12
1267
(2, 3, 1)
3
(55, 46)
---> Week : 5
--> Day : 0
-> Request 0
446
(3, 2, 2)
3
(63, 63)
-> Request 1
447
(1, 3, 1)
1
(14, 16)
-> Request 2
634
(3, 2, 1)
1
(41, 65)
-> Request 3
858
(3, 2, 1)
2
(55, 21)
-> Request 4
1054
(4, 3, 2)
1
(43, 34)
--> Day : 1
-> Request 0
23
(1, 1, 1)
1
(38, 62)
-> Request 1
404
(2, 1, 1)
2
(31, 78)
-> Request 2
733
(2, 3, 1)
2
(23, 50)
-> Request 3
773
(4, 3, 1)
2
(37, 49)
-> Request 4
789
(3, 1, 2)
3
(18, 76)
-> Request 5
850
(3, 2, 1)
2
(10, 22)
-> Request 6
898
(1, 1, 1)
2
(14, 25)
-> Request 7
928
(4, 1, 1)
1
(38, 10)
-> Request 8
956
(2, 2, 2)
1
(19, 45)
-> Request 9
1045
(3, 2, 2)
3
(59, 23)
-> Request 10
1071
(3, 2, 2)
2
(30, 79)
-> Request 11
1185
(1, 2, 1)
3
(17, 37)
-> Request 12
1233
(1, 3, 1)
1
(55, 61)
-> Request 13
1291
(2, 1, 2)
1
(11, 69)
-> Request 14
1369
(4, 1, 2)
1
(43, 75)
--> Day : 2
-> Request 0
94
(2, 3, 1)
2
(19, 28)
-> Request 1
103
(1, 2, 2)
2
(40, 65)
-> Request 2
240
(4, 1, 1)
2
(61, 46)
-> Request 3
352
(3, 2, 2)
3
(41, 41)
-> Request 4
559
(3, 2, 1)
3
(36, 1)
-> Request 5
1078
(1, 2, 1)
2
(58, 19)
-> Request 6
1204
(2, 3, 1)
1
(56, 49)
-> Request 7
1346
(2, 2, 2)
1
(39, 64)
--> Day : 3
-> Request 0
15
(1, 3, 1)
3
(39, 4)
-> Request 1
183
(1, 1, 1)
1
(3, 59)
-> Request 2
361
(2, 1, 2)
1
(18, 8)
-> Request 3
585
(4, 3, 2)
2
(5, 74)
-> Request 4
622
(4, 1, 2)
2
(16, 52)
-> Request 5
670
(4, 1, 1)
1
(54, 4)
-> Request 6
764
(2, 3, 1)
1
(45, 5)
-> Request 7
847
(2, 2, 2)
2
(59, 18)
-> Request 8
922
(3, 1, 1)
3
(11, 67)
-> Request 9
1009
(3, 2, 2)
1
(77, 72)
-> Request 10
1262
(4, 3, 2)
2
(50, 71)
-> Request 11
1436
(1, 3, 2)
2
(35, 33)
--> Day : 4
-> Request 0
30
(2, 1, 1)
1
(57, 14)
-> Request 1
77
(4, 3, 2)
3
(18, 29)
-> Request 2
85
(4, 3, 2)
2
(45, 34)
-> Request 3
104
(4, 3, 2)
3
(35, 0)
-> Request 4
474
(4, 1, 1)
2
(13, 52)
-> Request 5
713
(2, 2, 1)
1
(24, 65)
-> Request 6
922
(3, 3, 2)
1
(73, 71)
-> Request 7
978
(2, 1, 2)
1
(62, 6)
-> Request 8
1281
(1, 3, 1)
2
(10, 79)
---> Week : 6
--> Day : 0
-> Request 0
45
(4, 3, 1)
3
(60, 2)
-> Request 1
193
(4, 3, 1)
2
(25, 28)
-> Request 2
220
(1, 1, 1)
1
(26, 64)
-> Request 3
232
(3, 3, 2)
3
(30, 11)
-> Request 4
341
(2, 2, 1)
3
(2, 26)
-> Request 5
424
(4, 3, 1)
2
(67, 56)
-> Request 6
611
(1, 1, 1)
2
(16, 56)
-> Request 7
656
(1, 3, 2)
1
(37, 49)
-> Request 8
770
(4, 3, 2)
1
(29, 71)
-> Request 9
862
(3, 2, 2)
2
(69, 44)
-> Request 10
984
(4, 3, 2)
3
(18, 38)
-> Request 11
1014
(4, 1, 2)
2
(9, 60)
-> Request 12
1395
(4, 2, 2)
1
(23, 64)
--> Day : 1
-> Request 0
127
(1, 3, 1)
3
(2, 74)
-> Request 1
355
(2, 1, 1)
2
(32, 62)
-> Request 2
375
(4, 2, 1)
2
(57, 28)
-> Request 3
451
(2, 1, 1)
3
(13, 1)
-> Request 4
895
(1, 2, 2)
2
(21, 15)
-> Request 5
1184
(3, 3, 2)
3
(9, 40)
-> Request 6
1253
(3, 1, 2)
2
(58, 15)
-> Request 7
1307
(4, 2, 2)
2
(51, 60)
-> Request 8
1311
(3, 1, 2)
3
(28, 72)
--> Day : 2
-> Request 0
338
(4, 1, 2)
3
(41, 75)
-> Request 1
423
(4, 3, 1)
1
(1, 61)
-> Request 2
496
(1, 1, 1)
1
(15, 18)
-> Request 3
819
(4, 1, 1)
3
(60, 42)
-> Request 4
893
(4, 1, 1)
2
(78, 9)
-> Request 5
928
(2, 1, 2)
3
(53, 69)
-> Request 6
1034
(3, 3, 2)
3
(13, 33)
--> Day : 3
-> Request 0
11
(1, 2, 2)
3
(29, 13)
-> Request 1
17
(2, 2, 2)
2
(70, 75)
-> Request 2
72
(4, 1, 2)
3
(67, 41)
-> Request 3
187
(1, 3, 2)
1
(72, 46)
-> Request 4
228
(4, 3, 1)
1
(23, 29)
-> Request 5
379
(3, 1, 2)
2
(44, 21)
-> Request 6
610
(3, 1, 1)
2
(35, 15)
-> Request 7
853
(4, 3, 2)
1
(36, 39)
-> Request 8
874
(3, 2, 2)
3
(5, 27)
-> Request 9
1090
(4, 2, 2)
3
(27, 27)
-> Request 10
1124
(2, 2, 1)
1
(53, 6)
-> Request 11
1155
(2, 3, 1)
2
(71, 53)
--> Day : 4
-> Request 0
87
(1, 2, 1)
1
(12, 23)
-> Request 1
358
(3, 1, 2)
1
(59, 4)
-> Request 2
667
(4, 3, 2)
2
(36, 49)
-> Request 3
673
(2, 1, 2)
3
(50, 58)
-> Request 4
676
(1, 1, 2)
2
(22, 73)
-> Request 5
821
(3, 1, 2)
2
(57, 34)
-> Request 6
922
(2, 1, 2)
1
(77, 18)
-> Request 7
1229
(1, 2, 1)
2
(44, 8)
---> Week : 7
--> Day : 0
-> Request 0
189
(2, 1, 1)
2
(18, 40)
-> Request 1
338
(2, 3, 1)
2
(47, 79)
-> Request 2
770
(2, 3, 2)
3
(30, 1)
-> Request 3
959
(2, 1, 1)
3
(70, 66)
-> Request 4
976
(2, 2, 2)
1
(68, 78)
-> Request 5
978
(1, 2, 2)
1
(25, 42)
--> Day : 1
-> Request 0
27
(2, 2, 2)
2
(59, 68)
-> Request 1
54
(3, 1, 1)
1
(77, 30)
-> Request 2
60
(4, 2, 1)
2
(37, 37)
-> Request 3
196
(2, 2, 2)
3
(50, 41)
-> Request 4
196
(3, 1, 1)
2
(4, 60)
-> Request 5
203
(3, 3, 1)
3
(55, 12)
-> Request 6
214
(3, 2, 2)
3
(61, 41)
-> Request 7
231
(1, 3, 2)
1
(54, 13)
-> Request 8
324
(1, 3, 1)
2
(20, 52)
-> Request 9
595
(2, 2, 2)
3
(49, 65)
-> Request 10
676
(4, 2, 1)
1
(43, 3)
-> Request 11
889
(1, 2, 1)
1
(79, 47)
-> Request 12
1016
(4, 2, 2)
1
(78, 58)
-> Request 13
1142
(1, 2, 1)
3
(77, 66)
-> Request 14
1372
(3, 1, 2)
1
(19, 75)
-> Request 15
1429
(1, 1, 1)
2
(14, 15)
--> Day : 2
-> Request 0
204
(1, 1, 2)
1
(55, 60)
-> Request 1
210
(1, 3, 2)
2
(36, 19)
-> Request 2
242
(2, 3, 1)
2
(42, 62)
-> Request 3
297
(2, 1, 1)
3
(16, 64)
-> Request 4
297
(2, 2, 1)
2
(5, 13)
-> Request 5
382
(3, 1, 1)
2
(57, 27)
-> Request 6
454
(4, 2, 1)
1
(33, 73)
-> Request 7
837
(4, 1, 1)
2
(29, 55)
-> Request 8
1086
(1, 2, 2)
1
(30, 47)
-> Request 9
1230
(1, 3, 1)
3
(5, 3)
-> Request 10
1278
(2, 1, 2)
3
(12, 14)
--> Day : 3
-> Request 0
221
(4, 2, 1)
1
(1, 0)
-> Request 1
234
(2, 2, 2)
1
(65, 64)
-> Request 2
364
(4, 1, 1)
2
(65, 23)
-> Request 3
524
(4, 2, 1)
3
(36, 6)
-> Request 4
645
(4, 3, 1)
1
(46, 51)
-> Request 5
1326
(4, 2, 2)
1
(29, 20)
--> Day : 4
-> Request 0
266
(4, 1, 1)
3
(1, 38)
-> Request 1
311
(1, 3, 1)
1
(75, 44)
-> Request 2
588
(3, 1, 2)
3
(27, 44)
-> Request 3
777
(3, 1, 2)
3
(73, 68)
-> Request 4
895
(3, 3, 2)
3
(61, 2)
-> Request 5
1037
(4, 1, 2)
3
(54, 58)
-> Request 6
1050
(1, 1, 1)
3
(74, 1)
-> Request 7
1125
(3, 3, 1)
3
(5, 46)
-> Request 8
1190
(4, 1, 2)
2
(8, 60)
-> Request 9
1300
(4, 2, 1)
1
(2, 54)
---> Week : 8
--> Day : 0
-> Request 0
168
(4, 3, 2)
1
(62, 12)
-> Request 1
334
(3, 1, 2)
1
(76, 61)
-> Request 2
374
(1, 1, 1)
2
(47, 15)
-> Request 3
406
(3, 1, 2)
1
(9, 39)
-> Request 4
805
(1, 1, 1)
2
(35, 11)
-> Request 5
884
(4, 3, 2)
1
(6, 71)
-> Request 6
963
(4, 1, 1)
2
(26, 57)
-> Request 7
1071
(4, 1, 2)
3
(16, 28)
-> Request 8
1105
(1, 2, 2)
3
(61, 5)
--> Day : 1
-> Request 0
151
(3, 2, 1)
3
(52, 74)
-> Request 1
444
(4, 2, 2)
1
(55, 74)
-> Request 2
487
(2, 2, 2)
3
(54, 13)
-> Request 3
567
(2, 2, 1)
3
(62, 9)
-> Request 4
1083
(2, 2, 1)
3
(47, 4)
-> Request 5
1086
(1, 1, 1)
3
(50, 11)
--> Day : 2
-> Request 0
234
(1, 1, 2)
2
(9, 34)
-> Request 1
414
(1, 3, 1)
1
(3, 48)
-> Request 2
663
(1, 1, 1)
1
(24, 17)
-> Request 3
801
(1, 3, 2)
1
(50, 71)
-> Request 4
827
(2, 3, 1)
3
(43, 50)
-> Request 5
888
(3, 2, 1)
3
(39, 29)
-> Request 6
1010
(1, 2, 2)
1
(14, 73)
-> Request 7
1069
(2, 2, 1)
1
(1, 42)
-> Request 8
1185
(4, 3, 2)
2
(28, 10)
-> Request 9
1385
(1, 3, 1)
2
(4, 35)
--> Day : 3
-> Request 0
22
(3, 3, 1)
1
(69, 0)
-> Request 1
613
(4, 1, 1)
3
(24, 11)
--> Day : 4
-> Request 0
135
(2, 3, 1)
3
(54, 51)
-> Request 1
311
(3, 2, 1)
1
(6, 40)
-> Request 2
420
(1, 3, 1)
1
(52, 52)
-> Request 3
525
(4, 2, 1)
3
(6, 20)
-> Request 4
567
(2, 1, 2)
2
(53, 22)
-> Request 5
643
(1, 3, 1)
2
(32, 28)
-> Request 6
851
(2, 3, 1)
3
(29, 14)
-> Request 7
952
(4, 3, 1)
2
(59, 7)
-> Request 8
999
(2, 2, 1)
2
(0, 49)
-> Request 9
1176
(1, 3, 1)
2
(34, 68)
---> Week : 9
--> Day : 0
-> Request 0
39
(1, 3, 1)
1
(39, 34)
-> Request 1
163
(3, 1, 2)
3
(34, 25)
--> Day : 1
-> Request 0
214
(2, 1, 2)
2
(13, 55)
-> Request 1
532
(2, 3, 1)
2
(2, 7)
-> Request 2
877
(1, 1, 1)
3
(68, 62)
-> Request 3
1123
(2, 3, 1)
2
(20, 19)
-> Request 4
1157
(3, 3, 1)
3
(41, 8)
-> Request 5
1200
(3, 2, 1)
2
(35, 21)
--> Day : 2
-> Request 0
42
(2, 2, 1)
1
(30, 39)
-> Request 1
362
(1, 3, 1)
1
(78, 26)
-> Request 2
634
(4, 1, 1)
3
(41, 12)
-> Request 3
648
(1, 2, 2)
2
(35, 25)
-> Request 4
783
(2, 1, 1)
1
(68, 43)
-> Request 5
812
(1, 1, 1)
2
(50, 53)
--> Day : 3
-> Request 0
199
(4, 3, 1)
2
(16, 6)
-> Request 1
285
(4, 1, 1)
1
(78, 61)
-> Request 2
776
(1, 3, 2)
2
(43, 63)
-> Request 3
827
(2, 3, 1)
1
(42, 22)
-> Request 4
886
(3, 2, 2)
1
(17, 28)
-> Request 5
932
(2, 2, 1)
3
(17, 38)
-> Request 6
1303
(1, 3, 2)
2
(2, 53)
-> Request 7
1305
(3, 2, 1)
1
(22, 43)
-> Request 8
1309
(3, 2, 2)
3
(78, 64)
-> Request 9
1339
(3, 1, 1)
1
(29, 0)
-> Request 10
1350
(2, 3, 1)
3
(50, 7)
--> Day : 4
-> Request 0
64
(3, 2, 1)
3
(4, 36)
-> Request 1
603
(1, 2, 2)
2
(31, 62)
-> Request 2
806
(1, 2, 1)
2
(18, 72)
-> Request 3
899
(3, 1, 2)
3
(65, 15)
-> Request 4
942
(1, 1, 1)
1
(38, 33)
-> Request 5
1142
(4, 2, 1)
3
(28, 4)
-> Request 6
1190
(2, 3, 2)
3
(48, 79)
---> Week : 10
--> Day : 0
-> Request 0
98
(1, 1, 1)
2
(75, 56)
-> Request 1
149
(3, 3, 2)
2
(78, 37)
-> Request 2
349
(3, 3, 2)
1
(10, 79)
-> Request 3
438
(1, 1, 2)
1
(62, 76)
-> Request 4
463
(2, 1, 1)
1
(6, 55)
-> Request 5
635
(4, 1, 2)
1
(47, 15)
-> Request 6
669
(4, 3, 2)
2
(71, 44)
-> Request 7
866
(1, 2, 1)
3
(0, 75)
-> Request 8
900
(3, 1, 1)
3
(7, 73)
-> Request 9
1049
(3, 3, 1)
1
(30, 77)
-> Request 10
1182
(4, 3, 2)
1
(52, 6)
-> Request 11
1255
(3, 1, 1)
3
(46, 7)
--> Day : 1
-> Request 0
40
(2, 2, 1)
2
(26, 36)
-> Request 1
865
(4, 2, 2)
3
(33, 52)
-> Request 2
885
(4, 1, 1)
1
(5, 23)
-> Request 3
914
(2, 1, 1)
3
(73, 8)
-> Request 4
1222
(1, 2, 2)
2
(73, 12)
--> Day : 2
-> Request 0
84
(2, 1, 1)
2
(34, 20)
-> Request 1
180
(2, 2, 1)
3
(15, 8)
-> Request 2
200
(1, 3, 1)
3
(12, 70)
-> Request 3
336
(4, 3, 1)
1
(66, 61)
-> Request 4
482
(1, 2, 2)
3
(27, 25)
-> Request 5
929
(2, 1, 2)
3
(44, 38)
-> Request 6
1036
(2, 2, 1)
1
(52, 68)
-> Request 7
1148
(4, 2, 1)
1
(66, 64)
-> Request 8
1387
(2, 1, 1)
2
(9, 58)
--> Day : 3
-> Request 0
164
(3, 3, 1)
3
(19, 46)
-> Request 1
229
(3, 1, 1)
2
(16, 46)
-> Request 2
288
(1, 3, 1)
2
(53, 62)
-> Request 3
526
(2, 1, 1)
1
(60, 48)
-> Request 4
579
(4, 2, 2)
2
(45, 13)
-> Request 5
609
(3, 1, 2)
2
(77, 20)
-> Request 6
1073
(4, 2, 2)
3
(16, 34)
-> Request 7
1407
(2, 2, 2)
1
(0, 20)
--> Day : 4
-> Request 0
188
(2, 1, 2)
3
(6, 39)
-> Request 1
295
(4, 1, 1)
1
(16, 58)
-> Request 2
405
(3, 1, 1)
3
(38, 63)
-> Request 3
439
(3, 2, 2)
3
(28, 37)
-> Request 4
719
(4, 1, 2)
3
(56, 0)
-> Request 5
733
(2, 1, 1)
3
(60, 29)
-> Request 6
795
(3, 2, 2)
2
(55, 74)
-> Request 7
938
(3, 1, 2)
3
(73, 19)
-> Request 8
1293
(1, 2, 2)
3
(3, 78)
---> Week : 11
--> Day : 0
-> Request 0
0
(3, 3, 1)
3
(42, 8)
-> Request 1
164
(1, 3, 1)
3
(71, 53)
-> Request 2
390
(4, 1, 2)
2
(29, 44)
-> Request 3
435
(4, 1, 2)
1
(64, 20)
-> Request 4
775
(4, 3, 1)
1
(59, 42)
-> Request 5
820
(1, 3, 1)
1
(14, 60)
-> Request 6
1268
(4, 3, 2)
1
(17, 64)
-> Request 7
1420
(4, 2, 2)
1
(1, 61)
--> Day : 1
-> Request 0
880
(3, 1, 2)
2
(44, 22)
-> Request 1
1051
(4, 1, 1)
3
(61, 53)
-> Request 2
1101
(4, 2, 2)
1
(50, 68)
-> Request 3
1207
(1, 2, 1)
2
(77, 76)
-> Request 4
1352
(2, 2, 2)
3
(13, 3)
-> Request 5
1372
(3, 1, 1)
1
(66, 50)
--> Day : 2
-> Request 0
6
(1, 1, 1)
3
(32, 23)
-> Request 1
38
(3, 1, 2)
2
(76, 61)
-> Request 2
249
(4, 1, 1)
1
(27, 39)
-> Request 3
257
(3, 2, 2)
1
(22, 51)
-> Request 4
398
(1, 3, 2)
2
(54, 13)
-> Request 5
870
(3, 2, 1)
3
(36, 72)
-> Request 6
1079
(4, 1, 2)
2
(65, 77)
-> Request 7
1256
(2, 2, 2)
1
(55, 16)
-> Request 8
1345
(3, 2, 2)
2
(53, 35)
-> Request 9
1372
(3, 1, 2)
1
(56, 0)
--> Day : 3
-> Request 0
268
(1, 3, 2)
3
(4, 19)
-> Request 1
371
(1, 1, 1)
1
(50, 8)
-> Request 2
404
(3, 2, 2)
2
(8, 70)
-> Request 3
463
(2, 2, 1)
1
(44, 16)
-> Request 4
563
(1, 1, 2)
1
(50, 3)
-> Request 5
836
(1, 1, 1)
3
(47, 18)
-> Request 6
887
(1, 3, 1)
1
(30, 78)
-> Request 7
1009
(3, 2, 2)
1
(19, 45)
-> Request 8
1213
(1, 2, 2)
2
(70, 31)
-> Request 9
1257
(4, 1, 2)
2
(28, 14)
-> Request 10
1372
(1, 2, 2)
1
(2, 44)
--> Day : 4
-> Request 0
129
(4, 2, 2)
1
(64, 25)
-> Request 1
137
(3, 3, 1)
2
(48, 70)
-> Request 2
424
(2, 2, 1)
3
(45, 10)
-> Request 3
657
(4, 2, 1)
2
(75, 78)
-> Request 4
877
(3, 1, 2)
2
(79, 56)
-> Request 5
1170
(1, 3, 1)
2
(36, 46)
-> Request 6
1267
(1, 1, 1)
3
(17, 27)
-> Request 7
1412
(2, 1, 2)
2
(74, 56)
-> Request 8
1433
(2, 3, 1)
1
(13, 70)
---> Week : 12
--> Day : 0
-> Request 0
95
(2, 1, 1)
1
(59, 61)
-> Request 1
95
(2, 3, 2)
1
(5, 32)
-> Request 2
152
(2, 3, 2)
1
(65, 39)
-> Request 3
187
(4, 1, 1)
2
(33, 57)
-> Request 4
294
(1, 2, 2)
1
(35, 26)
-> Request 5
421
(4, 1, 1)
2
(67, 59)
-> Request 6
628
(3, 3, 2)
2
(21, 66)
-> Request 7
1326
(2, 1, 2)
3
(4, 71)
-> Request 8
1379
(4, 1, 1)
2
(42, 44)
-> Request 9
1390
(2, 2, 2)
3
(68, 19)
--> Day : 1
-> Request 0
12
(2, 1, 2)
1
(0, 29)
-> Request 1
135
(3, 1, 1)
2
(72, 13)
-> Request 2
600
(4, 1, 1)
3
(14, 39)
-> Request 3
718
(1, 1, 2)
2
(17, 34)
-> Request 4
875
(4, 1, 2)
1
(29, 76)
-> Request 5
932
(1, 2, 2)
3
(75, 67)
-> Request 6
1300
(1, 2, 2)
2
(52, 79)
--> Day : 2
-> Request 0
234
(2, 2, 2)
3
(35, 48)
-> Request 1
319
(4, 3, 2)
1
(19, 45)
-> Request 2
540
(4, 3, 2)
3
(11, 30)
-> Request 3
888
(1, 2, 2)
3
(55, 46)
-> Request 4
936
(2, 1, 1)
3
(57, 44)
-> Request 5
1279
(3, 2, 1)
2
(67, 69)
-> Request 6
1363
(2, 1, 1)
2
(47, 69)
--> Day : 3
-> Request 0
0
(3, 3, 2)
3
(22, 23)
-> Request 1
34
(4, 1, 1)
1
(37, 22)
-> Request 2
214
(3, 3, 2)
2
(45, 54)
-> Request 3
459
(1, 2, 2)
3
(36, 27)
-> Request 4
701
(2, 1, 2)
2
(69, 32)
-> Request 5
707
(2, 2, 1)
3
(58, 73)
-> Request 6
765
(4, 3, 2)
3
(41, 28)
-> Request 7
1184
(1, 1, 2)
3
(8, 50)
-> Request 8
1323
(2, 2, 1)
3
(3, 12)
-> Request 9
1392
(4, 1, 2)
1
(32, 36)
-> Request 10
1419
(2, 3, 2)
1
(34, 0)
--> Day : 4
-> Request 0
137
(1, 2, 2)
1
(47, 0)
-> Request 1
481
(3, 3, 1)
1
(52, 29)
-> Request 2
587
(2, 2, 2)
2
(27, 47)
-> Request 3
742
(4, 2, 2)
1
(13, 23)
-> Request 4
790
(1, 1, 2)
1
(65, 46)
-> Request 5
874
(1, 3, 1)
2
(10, 27)
-> Request 6
940
(2, 2, 1)
2
(46, 5)
-> Request 7
1154
(3, 3, 1)
2
(42, 19)
-> Request 8
1157
(4, 3, 2)
1
(66, 35)
-> Request 9
1302
(2, 1, 1)
2
(2, 56)
---> Week : 13
--> Day : 0
-> Request 0
66
(3, 1, 1)
2
(3, 45)
-> Request 1
121
(3, 2, 2)
3
(23, 1)
-> Request 2
155
(4, 1, 1)
1
(17, 64)
-> Request 3
188
(3, 2, 2)
1
(9, 68)
-> Request 4
332
(3, 1, 2)
2
(12, 38)
-> Request 5
362
(4, 3, 2)
2
(41, 46)
-> Request 6
542
(3, 2, 1)
1
(1, 32)
-> Request 7
576
(2, 2, 1)
2
(47, 60)
-> Request 8
927
(3, 1, 2)
1
(41, 78)
-> Request 9
941
(3, 2, 2)
2
(67, 64)
-> Request 10
1032
(3, 3, 2)
3
(61, 21)
-> Request 11
1168
(3, 2, 2)
2
(77, 43)
--> Day : 1
-> Request 0
654
(4, 3, 1)
3
(26, 60)
-> Request 1
739
(4, 1, 1)
2
(31, 34)
-> Request 2
837
(3, 1, 1)
1
(71, 78)
-> Request 3
1005
(4, 1, 2)
2
(67, 69)
-> Request 4
1057
(4, 1, 1)
2
(36, 62)
-> Request 5
1094
(4, 1, 1)
2
(2, 70)
-> Request 6
1391
(2, 1, 2)
2
(72, 45)
--> Day : 2
-> Request 0
0
(1, 2, 2)
2
(53, 60)
-> Request 1
290
(4, 2, 1)
2
(58, 23)
-> Request 2
292
(4, 3, 2)
3
(69, 55)
-> Request 3
350
(3, 1, 1)
3
(79, 21)
-> Request 4
439
(4, 1, 1)
2
(12, 13)
-> Request 5
788
(2, 1, 1)
3
(66, 29)
-> Request 6
805
(1, 3, 1)
1
(6, 51)
-> Request 7
813
(3, 1, 2)
1
(4, 62)
-> Request 8
908
(4, 2, 1)
1
(76, 27)
-> Request 9
992
(1, 2, 2)
1
(35, 2)
-> Request 10
992
(3, 2, 1)
3
(25, 75)
-> Request 11
1095
(4, 1, 1)
2
(72, 71)
-> Request 12
1249
(1, 2, 1)
3
(38, 47)
-> Request 13
1289
(1, 2, 2)
1
(59, 75)
-> Request 14
1317
(4, 3, 1)
2
(62, 58)
-> Request 15
1333
(1, 3, 1)
1
(10, 45)
--> Day : 3
-> Request 0
72
(4, 1, 1)
1
(55, 0)
-> Request 1
285
(3, 3, 2)
3
(9, 55)
-> Request 2
325
(1, 3, 2)
2
(62, 55)
-> Request 3
354
(4, 1, 2)
1
(60, 56)
-> Request 4
1088
(4, 2, 2)
3
(33, 76)
-> Request 5
1231
(1, 2, 2)
3
(70, 11)
-> Request 6
1306
(3, 3, 1)
1
(52, 0)
-> Request 7
1307
(3, 2, 2)
3
(73, 39)
-> Request 8
1376
(3, 3, 1)
1
(8, 68)
--> Day : 4
-> Request 0
284
(2, 1, 2)
1
(74, 3)
-> Request 1
403
(1, 1, 1)
3
(5, 25)
-> Request 2
490
(1, 2, 2)
2
(13, 42)
-> Request 3
663
(4, 3, 1)
1
(14, 45)
-> Request 4
768
(2, 2, 1)
1
(31, 37)
-> Request 5
817
(3, 2, 1)
1
(39, 0)
-> Request 6
898
(4, 2, 1)
1
(50, 24)
-> Request 7
979
(1, 1, 1)
3
(22, 0)
-> Request 8
1100
(3, 2, 2)
1
(10, 27)
-> Request 9
1157
(3, 2, 1)
2
(61, 4)
---> Week : 14
--> Day : 0
-> Request 0
376
(1, 3, 2)
1
(50, 36)
-> Request 1
739
(2, 3, 1)
2
(56, 68)
-> Request 2
919
(1, 3, 1)
2
(59, 29)
-> Request 3
946
(4, 2, 1)
1
(19, 65)
-> Request 4
1220
(3, 3, 1)
3
(28, 29)
--> Day : 1
-> Request 0
64
(1, 2, 1)
3
(42, 56)
-> Request 1
66
(1, 1, 1)
2
(63, 72)
-> Request 2
100
(4, 1, 1)
3
(13, 62)
-> Request 3
112
(2, 1, 2)
3
(32, 9)
-> Request 4
116
(1, 1, 2)
3
(20, 78)
-> Request 5
120
(2, 2, 1)
1
(58, 67)
-> Request 6
182
(1, 2, 2)
3
(77, 74)
-> Request 7
198
(4, 1, 2)
1
(3, 73)
-> Request 8
283
(1, 3, 1)
3
(31, 22)
-> Request 9
310
(3, 1, 1)
1
(54, 46)
-> Request 10
381
(2, 1, 1)
2
(37, 24)
-> Request 11
382
(1, 2, 2)
1
(13, 9)
-> Request 12
382
(2, 1, 2)
2
(25, 26)
-> Request 13
452
(3, 1, 2)
1
(72, 20)
-> Request 14
480
(1, 2, 2)
3
(5, 33)
-> Request 15
489
(3, 1, 1)
3
(53, 48)
-> Request 16
585
(1, 2, 2)
1
(78, 34)
-> Request 17
603
(4, 1, 1)
1
(7, 64)
-> Request 18
692
(2, 3, 2)
1
(24, 25)
-> Request 19
794
(3, 3, 2)
2
(48, 6)
-> Request 20
1281
(1, 1, 2)
2
(71, 67)
-> Request 21
1346
(1, 3, 1)
2
(52, 7)
--> Day : 2
-> Request 0
110
(2, 2, 1)
2
(45, 64)
-> Request 1
157
(3, 1, 1)
2
(9, 32)
-> Request 2
205
(3, 3, 2)
2
(14, 42)
-> Request 3
626
(2, 3, 2)
2
(57, 57)
-> Request 4
640
(3, 3, 2)
2
(57, 73)
-> Request 5
870
(1, 1, 2)
2
(75, 73)
-> Request 6
976
(3, 3, 2)
2
(29, 74)
-> Request 7
1119
(4, 1, 1)
1
(66, 79)
-> Request 8
1143
(4, 2, 1)
1
(70, 9)
-> Request 9
1307
(2, 3, 1)
1
(33, 42)
-> Request 10
1331
(4, 2, 1)
3
(37, 15)
-> Request 11
1360
(1, 1, 2)
2
(12, 14)
--> Day : 3
-> Request 0
151
(4, 2, 1)
3
(16, 58)
-> Request 1
236
(3, 3, 2)
3
(50, 72)
-> Request 2
263
(4, 1, 2)
1
(36, 32)
-> Request 3
426
(1, 3, 2)
3
(28, 42)
-> Request 4
446
(4, 3, 2)
3
(31, 52)
-> Request 5
588
(2, 3, 2)
1
(45, 76)
-> Request 6
643
(3, 1, 1)
3
(64, 15)
-> Request 7
781
(4, 1, 2)
2
(25, 8)
-> Request 8
815
(3, 2, 1)
2
(12, 18)
-> Request 9
903
(1, 3, 1)
2
(25, 36)
-> Request 10
907
(2, 2, 2)
3
(16, 65)
-> Request 11
920
(4, 2, 1)
3
(41, 62)
-> Request 12
965
(1, 1, 2)
1
(76, 25)
-> Request 13
1282
(4, 2, 1)
3
(1, 1)
-> Request 14
1362
(1, 2, 2)
3
(23, 77)
--> Day : 4
-> Request 0
8
(1, 1, 2)
1
(47, 33)
-> Request 1
29
(1, 3, 2)
3
(48, 70)
-> Request 2
137
(2, 2, 1)
3
(29, 61)
-> Request 3
155
(1, 1, 1)
1
(63, 72)
-> Request 4
192
(2, 2, 1)
1
(15, 43)
-> Request 5
343
(1, 2, 1)
2
(11, 59)
-> Request 6
351
(2, 1, 1)
2
(17, 52)
-> Request 7
672
(1, 3, 2)
1
(9, 36)
-> Request 8
747
(4, 1, 2)
2
(25, 79)
-> Request 9
769
(3, 3, 2)
1
(58, 53)
-> Request 10
936
(3, 2, 2)
3
(12, 78)
-> Request 11
1160
(1, 2, 1)
2
(23, 4)
-> Request 12
1199
(2, 2, 2)
1
(76, 30)
-> Request 13
1236
(3, 3, 1)
2
(40, 8)
-> Request 14
1249
(1, 3, 2)
2
(52, 57)
---> Week : 15
--> Day : 0
-> Request 0
317
(4, 3, 2)
2
(64, 58)
-> Request 1
378
(4, 2, 1)
1
(79, 74)
-> Request 2
461
(1, 2, 2)
2
(2, 55)
-> Request 3
559
(3, 3, 2)
3
(40, 11)
-> Request 4
822
(4, 2, 2)
1
(12, 24)
-> Request 5
1207
(2, 1, 2)
3
(43, 32)
-> Request 6
1301
(4, 1, 1)
1
(27, 42)
--> Day : 1
-> Request 0
3
(3, 1, 1)
3
(14, 66)
-> Request 1
19
(4, 3, 1)
3
(6, 79)
-> Request 2
380
(4, 1, 1)
2
(71, 26)
-> Request 3
428
(4, 3, 2)
3
(48, 5)
-> Request 4
543
(3, 1, 1)
3
(22, 50)
-> Request 5
627
(3, 2, 2)
3
(72, 74)
-> Request 6
633
(2, 1, 2)
3
(64, 40)
-> Request 7
697
(2, 2, 2)
2
(48, 44)
-> Request 8
986
(2, 1, 2)
1
(60, 43)
-> Request 9
1050
(2, 1, 2)
3
(52, 47)
-> Request 10
1155
(4, 3, 1)
1
(33, 60)
-> Request 11
1187
(4, 1, 2)
2
(14, 53)
-> Request 12
1323
(3, 3, 2)
1
(35, 43)
-> Request 13
1333
(1, 3, 1)
1
(64, 78)
-> Request 14
1352
(4, 1, 1)
2
(65, 51)
-> Request 15
1420
(1, 2, 1)
2
(68, 27)
--> Day : 2
-> Request 0
146
(4, 3, 2)
3
(44, 74)
-> Request 1
213
(4, 2, 1)
2
(44, 49)
-> Request 2
448
(4, 1, 1)
1
(52, 74)
-> Request 3
912
(4, 3, 1)
3
(37, 55)
-> Request 4
1132
(2, 2, 2)
2
(79, 57)
-> Request 5
1143
(1, 2, 2)
2
(7, 54)
-> Request 6
1435
(1, 2, 2)
2
(66, 33)
--> Day : 3
-> Request 0
23
(2, 1, 1)
2
(31, 40)
-> Request 1
275
(2, 1, 2)
1
(32, 70)
-> Request 2
299
(3, 2, 1)
3
(23, 62)
-> Request 3
397
(1, 2, 1)
3
(47, 22)
-> Request 4
600
(1, 1, 2)
2
(37, 10)
-> Request 5
1251
(3, 3, 2)
2
(44, 20)
-> Request 6
1347
(2, 2, 2)
1
(45, 24)
--> Day : 4
-> Request 0
228
(2, 2, 2)
2
(39, 24)
-> Request 1
242
(4, 3, 2)
1
(43, 38)
-> Request 2
321
(1, 2, 1)
2
(64, 46)
-> Request 3
521
(1, 2, 1)
2
(54, 65)
-> Request 4
521
(2, 3, 1)
1
(77, 68)
-> Request 5
695
(2, 1, 2)
1
(55, 69)
-> Request 6
888
(2, 1, 2)
2
(39, 32)
-> Request 7
920
(4, 2, 1)
3
(1, 16)
-> Request 8
942
(3, 3, 2)
3
(45, 51)
-> Request 9
1196
(2, 2, 1)
1
(56, 61)
---> Week : 16
--> Day : 0
-> Request 0
274
(4, 2, 1)
1
(58, 31)
-> Request 1
491
(1, 3, 1)
1
(44, 24)
-> Request 2
789
(1, 3, 2)
2
(61, 47)
-> Request 3
937
(1, 2, 2)
2
(36, 49)
-> Request 4
1003
(4, 1, 2)
3
(41, 70)
-> Request 5
1035
(1, 3, 2)
2
(21, 26)
-> Request 6
1326
(4, 3, 2)
3
(14, 48)
-> Request 7
1349
(2, 3, 1)
2
(49, 62)
-> Request 8
1352
(1, 2, 2)
2
(63, 55)
-> Request 9
1373
(2, 3, 1)
1
(8, 4)
-> Request 10
1408
(1, 3, 1)
2
(74, 71)
--> Day : 1
-> Request 0
95
(2, 2, 2)
3
(73, 35)
-> Request 1
677
(1, 3, 1)
2
(59, 76)
-> Request 2
793
(3, 2, 2)
2
(9, 20)
-> Request 3
855
(2, 1, 2)
2
(24, 77)
-> Request 4
906
(1, 1, 2)
2
(30, 30)
-> Request 5
1261
(4, 1, 1)
1
(6, 49)
-> Request 6
1297
(4, 1, 2)
3
(50, 57)
--> Day : 2
-> Request 0
36
(2, 1, 2)
2
(65, 46)
-> Request 1
78
(2, 3, 1)
3
(13, 47)
-> Request 2
160
(4, 1, 2)
1
(75, 14)
-> Request 3
235
(3, 3, 2)
3
(38, 25)
-> Request 4
887
(2, 1, 1)
3
(40, 26)
-> Request 5
1066
(4, 2, 2)
3
(74, 15)
-> Request 6
1309
(4, 3, 1)
2
(34, 3)
--> Day : 3
-> Request 0
83
(3, 2, 1)
1
(16, 31)
-> Request 1
183
(2, 3, 1)
2
(59, 51)
-> Request 2
561
(2, 2, 1)
1
(3, 65)
-> Request 3
764
(1, 2, 2)
1
(66, 47)
-> Request 4
838
(4, 2, 2)
1
(26, 20)
-> Request 5
898
(4, 1, 1)
3
(48, 34)
-> Request 6
954
(2, 2, 1)
1
(5, 18)
-> Request 7
981
(4, 2, 2)
1
(60, 64)
-> Request 8
1342
(2, 2, 2)
1
(64, 79)
--> Day : 4
-> Request 0
448
(3, 3, 1)
1
(60, 50)
-> Request 1
538
(4, 3, 1)
3
(6, 24)
-> Request 2
681
(2, 1, 2)
2
(55, 15)
-> Request 3
692
(4, 1, 1)
1
(76, 55)
-> Request 4
979
(4, 3, 1)
3
(46, 48)
-> Request 5
1389
(1, 3, 2)
3
(72, 35)
---> Week : 17
--> Day : 0
-> Request 0
45
(3, 2, 2)
1
(11, 65)
-> Request 1
113
(4, 2, 1)
2
(6, 26)
-> Request 2
277
(4, 1, 1)
2
(9, 2)
-> Request 3
645
(4, 2, 1)
2
(39, 41)
-> Request 4
781
(4, 3, 1)
1
(47, 15)
-> Request 5
800
(2, 3, 2)
1
(68, 10)
-> Request 6
801
(1, 1, 1)
2
(35, 63)
-> Request 7
1066
(4, 3, 1)
2
(49, 64)
-> Request 8
1074
(3, 3, 2)
3
(72, 65)
-> Request 9
1163
(4, 1, 1)
3
(37, 65)
-> Request 10
1228
(1, 1, 1)
3
(66, 7)
-> Request 11
1276
(1, 2, 2)
2
(29, 74)
--> Day : 1
-> Request 0
71
(2, 3, 2)
3
(10, 33)
-> Request 1
126
(2, 2, 2)
2
(74, 11)
-> Request 2
396
(1, 2, 1)
3
(42, 0)
-> Request 3
540
(4, 2, 1)
2
(26, 58)
-> Request 4
623
(3, 2, 2)
1
(61, 14)
-> Request 5
693
(3, 1, 1)
3
(17, 3)
-> Request 6
694
(1, 3, 1)
3
(65, 7)
-> Request 7
699
(4, 2, 1)
2
(30, 55)
-> Request 8
702
(2, 2, 1)
3
(61, 9)
-> Request 9
995
(1, 3, 1)
2
(1, 2)
-> Request 10
1028
(2, 2, 2)
1
(21, 74)
-> Request 11
1028
(4, 1, 1)
1
(9, 28)
-> Request 12
1047
(3, 2, 2)
1
(48, 71)
-> Request 13
1080
(1, 3, 2)
3
(29, 9)
-> Request 14
1088
(3, 2, 2)
2
(25, 39)
-> Request 15
1100
(4, 2, 1)
1
(13, 1)
--> Day : 2
-> Request 0
115
(2, 2, 1)
2
(33, 36)
-> Request 1
122
(4, 3, 2)
3
(27, 29)
-> Request 2
206
(2, 1, 1)
1
(45, 45)
-> Request 3
356
(3, 2, 1)
1
(8, 57)
-> Request 4
376
(2, 1, 1)
3
(68, 38)
-> Request 5
434
(1, 1, 2)
1
(22, 43)
-> Request 6
524
(3, 2, 1)
2
(32, 52)
-> Request 7
527
(2, 2, 1)
2
(32, 20)
-> Request 8
677
(3, 2, 1)
3
(50, 12)
-> Request 9
754
(1, 1, 1)
3
(79, 68)
-> Request 10
784
(4, 3, 2)
1
(58, 43)
-> Request 11
886
(4, 2, 1)
1
(51, 58)
-> Request 12
963
(4, 1, 2)
1
(33, 41)
-> Request 13
1085
(1, 2, 1)
1
(31, 66)
-> Request 14
1115
(2, 1, 1)
3
(27, 62)
-> Request 15
1145
(1, 2, 2)
3
(50, 55)
-> Request 16
1387
(1, 1, 2)
1
(35, 4)
-> Request 17
1436
(3, 3, 2)
3
(60, 46)
--> Day : 3
-> Request 0
109
(3, 1, 1)
3
(53, 9)
-> Request 1
320
(3, 3, 1)
1
(70, 49)
-> Request 2
455
(1, 2, 1)
3
(66, 20)
-> Request 3
727
(1, 2, 1)
3
(32, 15)
-> Request 4
801
(2, 3, 2)
3
(0, 33)
-> Request 5
840
(1, 3, 1)
3
(64, 24)
-> Request 6
959
(2, 2, 2)
2
(46, 66)
-> Request 7
1038
(2, 3, 1)
2
(19, 35)
-> Request 8
1343
(3, 1, 1)
3
(29, 28)
-> Request 9
1402
(1, 1, 2)
2
(62, 13)
--> Day : 4
-> Request 0
243
(1, 3, 2)
1
(35, 14)
-> Request 1
442
(2, 2, 1)
1
(38, 30)
-> Request 2
477
(4, 3, 2)
3
(78, 67)
-> Request 3
603
(3, 3, 1)
2
(30, 72)
-> Request 4
860
(4, 1, 1)
2
(5, 40)
-> Request 5
1106
(1, 3, 1)
3
(49, 14)
-> Request 6
1337
(4, 2, 2)
1
(73, 53)
-> Request 7
1432
(4, 3, 2)
2
(52, 23)
---> Week : 18
--> Day : 0
-> Request 0
137
(3, 1, 1)
1
(4, 9)
-> Request 1
506
(3, 3, 1)
1
(37, 37)
-> Request 2
538
(3, 3, 2)
2
(30, 57)
-> Request 3
545
(3, 2, 2)
2
(35, 18)
-> Request 4
737
(4, 3, 1)
2
(59, 22)
-> Request 5
962
(2, 2, 2)
1
(28, 72)
-> Request 6
1011
(1, 2, 2)
2
(26, 60)
-> Request 7
1050
(1, 2, 1)
1
(11, 76)
-> Request 8
1419
(3, 1, 2)
1
(33, 40)
--> Day : 1
-> Request 0
83
(2, 3, 1)
2
(33, 74)
-> Request 1
113
(1, 2, 1)
1
(23, 38)
-> Request 2
360
(4, 1, 2)
1
(77, 18)
-> Request 3
851
(4, 3, 1)
1
(69, 7)
-> Request 4
932
(3, 2, 2)
2
(0, 59)
-> Request 5
952
(1, 1, 2)
2
(28, 75)
-> Request 6
1002
(2, 3, 1)
3
(8, 64)
-> Request 7
1132
(4, 2, 2)
2
(79, 68)
-> Request 8
1409
(4, 3, 2)
3
(27, 67)
--> Day : 2
-> Request 0
103
(2, 1, 2)
1
(8, 57)
-> Request 1
249
(1, 1, 2)
2
(69, 72)
-> Request 2
531
(1, 1, 2)
1
(40, 29)
-> Request 3
569
(2, 2, 1)
3
(3, 76)
-> Request 4
756
(3, 2, 1)
1
(42, 2)
-> Request 5
1015
(2, 1, 2)
3
(15, 43)
-> Request 6
1068
(4, 1, 1)
2
(67, 66)
-> Request 7
1263
(1, 1, 1)
2
(14, 1)
-> Request 8
1395
(1, 2, 1)
2
(69, 64)
--> Day : 3
-> Request 0
193
(3, 1, 2)
1
(52, 52)
-> Request 1
243
(1, 1, 1)
2
(13, 67)
-> Request 2
255
(1, 1, 1)
2
(63, 64)
-> Request 3
652
(4, 3, 2)
3
(60, 79)
-> Request 4
684
(3, 3, 2)
2
(74, 77)
-> Request 5
779
(1, 3, 2)
3
(42, 14)
-> Request 6
837
(1, 3, 1)
3
(50, 53)
-> Request 7
852
(1, 1, 2)
2
(28, 65)
-> Request 8
1131
(4, 1, 1)
1
(74, 57)
-> Request 9
1312
(3, 1, 1)
1
(17, 71)
--> Day : 4
-> Request 0
169
(3, 3, 2)
2
(0, 26)
-> Request 1
295
(2, 2, 1)
2
(49, 71)
-> Request 2
408
(1, 1, 1)
3
(4, 20)
-> Request 3
582
(4, 1, 1)
2
(20, 16)
-> Request 4
692
(3, 3, 1)
3
(47, 17)
-> Request 5
737
(1, 2, 1)
1
(73, 1)
-> Request 6
1028
(2, 3, 1)
3
(28, 76)
-> Request 7
1171
(2, 1, 2)
1
(13, 50)
-> Request 8
1406
(2, 2, 1)
3
(49, 54)
---> Week : 19
--> Day : 0
-> Request 0
101
(1, 1, 1)
3
(53, 35)
-> Request 1
236
(1, 3, 1)
2
(42, 13)
-> Request 2
237
(2, 2, 2)
1
(46, 26)
-> Request 3
439
(2, 1, 1)
1
(22, 31)
-> Request 4
440
(2, 1, 1)
1
(20, 6)
-> Request 5
641
(4, 2, 1)
2
(38, 59)
-> Request 6
715
(2, 3, 1)
2
(13, 70)
-> Request 7
790
(3, 2, 1)
1
(32, 33)
-> Request 8
961
(4, 1, 2)
2
(64, 9)
-> Request 9
1338
(4, 2, 1)
1
(19, 69)
-> Request 10
1400
(3, 2, 1)
2
(14, 28)
--> Day : 1
-> Request 0
23
(3, 3, 1)
2
(58, 51)
-> Request 1
33
(4, 1, 1)
3
(15, 46)
-> Request 2
47
(4, 2, 1)
1
(45, 51)
-> Request 3
240
(4, 2, 1)
1
(28, 68)
-> Request 4
296
(3, 3, 1)
1
(64, 5)
-> Request 5
306
(1, 1, 1)
2
(34, 9)
-> Request 6
335
(3, 1, 1)
1
(78, 44)
-> Request 7
444
(4, 3, 2)
2
(61, 44)
-> Request 8
756
(2, 1, 1)
3
(52, 42)
-> Request 9
759
(2, 1, 1)
1
(32, 77)
-> Request 10
823
(2, 1, 2)
3
(50, 38)
-> Request 11
1043
(4, 1, 2)
2
(13, 72)
-> Request 12
1138
(3, 2, 1)
2
(45, 78)
-> Request 13
1195
(2, 3, 1)
2
(16, 0)
-> Request 14
1245
(4, 2, 2)
3
(56, 40)
-> Request 15
1314
(4, 3, 2)
2
(67, 52)
--> Day : 2
-> Request 0
9
(3, 2, 1)
2
(39, 8)
-> Request 1
217
(1, 3, 2)
1
(7, 58)
-> Request 2
957
(1, 3, 2)
2
(34, 74)
-> Request 3
1042
(1, 2, 1)
2
(16, 69)
-> Request 4
1325
(3, 2, 2)
3
(50, 44)
--> Day : 3
-> Request 0
136
(3, 1, 1)
2
(51, 33)
-> Request 1
371
(4, 3, 1)
1
(58, 50)
-> Request 2
828
(4, 1, 2)
1
(43, 57)
-> Request 3
843
(1, 2, 1)
1
(73, 6)
-> Request 4
958
(4, 1, 1)
1
(7, 44)
-> Request 5
1142
(1, 1, 2)
1
(27, 40)
-> Request 6
1338
(3, 3, 2)
3
(71, 34)
-> Request 7
1424
(4, 2, 2)
2
(46, 44)
--> Day : 4
-> Request 0
83
(3, 2, 1)
2
(10, 17)
-> Request 1
94
(3, 3, 1)
2
(62, 45)
-> Request 2
121
(4, 2, 1)
2
(79, 60)
-> Request 3
179
(4, 1, 2)
1
(7, 36)
-> Request 4
442
(2, 3, 1)
3
(25, 70)
-> Request 5
563
(2, 1, 2)
3
(76, 9)
-> Request 6
563
(2, 1, 2)
1
(42, 16)
-> Request 7
707
(4, 1, 2)
3
(44, 52)
-> Request 8
723
(2, 2, 1)
1
(25, 33)
-> Request 9
765
(4, 1, 2)
2
(60, 30)
-> Request 10
824
(2, 3, 2)
2
(63, 41)
-> Request 11
970
(4, 3, 2)
3
(11, 70)
-> Request 12
972
(4, 2, 1)
2
(74, 62)
-> Request 13
986
(2, 1, 2)
2
(50, 28)
-> Request 14
1044
(2, 3, 2)
2
(62, 56)
-> Request 15
1122
(3, 1, 1)
2
(53, 34)
-> Request 16
1182
(1, 2, 1)
3
(0, 55)
-> Request 17
1220
(2, 2, 2)
3
(71, 50)
-> Request 18
1238
(2, 2, 1)
2
(6, 76)
-> Request 19
1341
(2, 1, 1)
1
(29, 53)
