---> Week : 0
--> Day : 0
-> Request 0
497
(3, 3, 1)
3
(36, 8)
-> Request 1
519
(1, 1, 2)
1
(38, 15)
-> Request 2
519
(1, 1, 1)
2
(65, 51)
-> Request 3
903
(2, 3, 1)
2
(25, 0)
-> Request 4
982
(1, 1, 2)
3
(74, 35)
-> Request 5
1091
(2, 2, 1)
1
(28, 20)
-> Request 6
1364
(4, 1, 1)
2
(14, 26)
--> Day : 1
-> Request 0
84
(4, 2, 1)
2
(17, 1)
-> Request 1
98
(1, 2, 2)
3
(41, 50)
-> Request 2
110
(2, 1, 2)
1
(50, 20)
-> Request 3
190
(2, 3, 2)
3
(3, 18)
-> Request 4
416
(2, 2, 1)
3
(0, 50)
-> Request 5
771
(1, 1, 2)
2
(42, 1)
-> Request 6
874
(4, 2, 2)
1
(60, 64)
-> Request 7
1060
(3, 1, 2)
1
(18, 20)
-> Request 8
1117
(2, 2, 1)
1
(49, 44)
-> Request 9
1181
(2, 1, 2)
2
(61, 22)
-> Request 10
1184
(1, 2, 1)
2
(2, 12)
-> Request 11
1429
(1, 1, 2)
3
(69, 61)
--> Day : 2
-> Request 0
163
(2, 1, 1)
1
(45, 57)
-> Request 1
166
(3, 3, 2)
2
(33, 52)
-> Request 2
410
(2, 2, 2)
2
(23, 73)
-> Request 3
714
(1, 1, 2)
3
(46, 77)
-> Request 4
862
(3, 3, 1)
2
(63, 37)
-> Request 5
1004
(2, 2, 1)
3
(19, 3)
-> Request 6
1100
(1, 2, 2)
3
(34, 64)
-> Request 7
1147
(1, 1, 1)
2
(13, 8)
-> Request 8
1226
(4, 3, 1)
2
(72, 37)
--> Day : 3
-> Request 0
90
(1, 3, 2)
2
(44, 45)
-> Request 1
114
(2, 3, 1)
2
(72, 18)
-> Request 2
473
(3, 1, 1)
2
(58, 37)
-> Request 3
505
(3, 1, 2)
3
(22, 72)
-> Request 4
543
(1, 2, 2)
1
(60, 61)
-> Request 5
774
(3, 2, 2)
1
(35, 49)
-> Request 6
862
(1, 3, 1)
2
(68, 64)
-> Request 7
862
(1, 2, 2)
3
(51, 45)
-> Request 8
1070
(3, 2, 1)
1
(7, 30)
-> Request 9
1135
(3, 3, 1)
3
(1, 47)
-> Request 10
1146
(2, 2, 2)
2
(59, 35)
--> Day : 4
-> Request 0
28
(4, 1, 1)
2
(40, 40)
-> Request 1
134
(3, 3, 1)
2
(19, 53)
-> Request 2
268
(2, 2, 2)
3
(43, 41)
-> Request 3
345
(4, 1, 1)
1
(43, 76)
-> Request 4
396
(3, 3, 1)
2
(29, 71)
-> Request 5
404
(3, 1, 2)
2
(32, 33)
-> Request 6
533
(1, 3, 2)
3
(7, 33)
-> Request 7
568
(4, 2, 1)
3
(7, 72)
-> Request 8
647
(2, 3, 2)
3
(15, 72)
-> Request 9
1053
(2, 3, 1)
2
(69, 72)
---> Week : 1
--> Day : 0
-> Request 0
143
(3, 2, 1)
3
(74, 26)
-> Request 1
654
(1, 3, 2)
3
(6, 13)
-> Request 2
748
(3, 2, 1)
1
(64, 59)
-> Request 3
1170
(1, 3, 1)
2
(47, 12)
-> Request 4
1320
(2, 3, 1)
2
(46, 31)
--> Day : 1
-> Request 0
63
(3, 1, 2)
3
(36, 74)
-> Request 1
96
(4, 2, 2)
3
(62, 25)
-> Request 2
100
(2, 2, 2)
2
(70, 9)
-> Request 3
102
(4, 2, 2)
2
(73, 15)
-> Request 4
274
(4, 3, 1)
1
(11, 28)
-> Request 5
381
(3, 2, 1)
2
(60, 78)
-> Request 6
455
(2, 1, 1)
1
(20, 51)
-> Request 7
543
(1, 3, 2)
2
(76, 66)
-> Request 8
602
(4, 2, 2)
2
(72, 49)
-> Request 9
653
(3, 3, 1)
2
(77, 8)
-> Request 10
1348
(3, 3, 1)
2
(56, 62)
-> Request 11
1414
(1, 3, 1)
1
(27, 44)
--> Day : 2
-> Request 0
53
(3, 2, 1)
3
(6, 34)
-> Request 1
136
(1, 1, 1)
1
(58, 3)
-> Request 2
294
(1, 2, 2)
3
(51, 13)
-> Request 3
426
(4, 1, 1)
1
(20, 43)
-> Request 4
880
(3, 1, 1)
1
(20, 54)
-> Request 5
1381
(4, 2, 2)
1
(74, 56)
--> Day : 3
-> Request 0
386
(2, 2, 2)
1
(1, 0)
-> Request 1
503
(4, 3, 1)
1
(73, 40)
-> Request 2
596
(1, 1, 2)
3
(72, 19)
-> Request 3
617
(1, 3, 1)
2
(67, 34)
-> Request 4
893
(4, 3, 2)
3
(56, 26)
-> Request 5
1095
(1, 2, 1)
2
(42, 54)
-> Request 6
1240
(3, 3, 1)
2
(59, 43)
-> Request 7
1350
(1, 2, 2)
1
(35, 79)
-> Request 8
1379
(3, 2, 2)
2
(36, 68)
--> Day : 4
-> Request 0
87
(1, 3, 1)
2
(73, 64)
-> Request 1
385
(2, 3, 1)
1
(7, 4)
-> Request 2
431
(4, 2, 2)
1
(41, 58)
-> Request 3
731
(3, 1, 2)
3
(56, 30)
-> Request 4
759
(4, 2, 2)
2
(77, 77)
-> Request 5
945
(1, 1, 2)
2
(48, 59)
-> Request 6
969
(4, 2, 1)
2
(5, 28)
-> Request 7
974
(1, 1, 1)
2
(59, 77)
-> Request 8
1013
(2, 3, 1)
2
(74, 16)
-> Request 9
1017
(1, 3, 2)
3
(67, 19)
-> Request 10
1170
(1, 2, 2)
1
(70, 16)
-> Request 11
1269
(1, 3, 1)
3
(77, 25)
---> Week : 2
--> Day : 0
-> Request 0
378
(1, 1, 2)
3
(76, 29)
-> Request 1
875
(2, 2, 2)
3
(77, 77)
-> Request 2
880
(1, 2, 2)
2
(67, 16)
-> Request 3
1040
(2, 3, 2)
2
(51, 28)
-> Request 4
1139
(2, 2, 2)
1
(68, 51)
--> Day : 1
-> Request 0
365
(1, 1, 2)
3
(48, 38)
-> Request 1
1058
(2, 3, 2)
2
(36, 33)
-> Request 2
1076
(1, 2, 2)
2
(49, 62)
-> Request 3
1155
(3, 3, 1)
3
(38, 59)
-> Request 4
1165
(3, 2, 2)
2
(42, 9)
-> Request 5
1219
(2, 1, 1)
1
(65, 65)
-> Request 6
1262
(2, 2, 2)
2
(30, 13)
-> Request 7
1386
(4, 2, 1)
1
(37, 25)
-> Request 8
1421
(4, 1, 1)
3
(78, 11)
--> Day : 2
-> Request 0
239
(4, 1, 1)
3
(32, 7)
-> Request 1
267
(3, 2, 2)
3
(33, 63)
-> Request 2
876
(2, 3, 1)
2
(75, 26)
-> Request 3
1141
(3, 1, 2)
1
(68, 53)
-> Request 4
1171
(3, 1, 1)
1
(74, 21)
-> Request 5
1300
(4, 2, 2)
1
(35, 74)
--> Day : 3
-> Request 0
104
(2, 1, 2)
2
(53, 31)
-> Request 1
445
(1, 2, 1)
2
(12, 7)
-> Request 2
599
(3, 3, 2)
2
(26, 41)
-> Request 3
651
(2, 1, 2)
3
(7, 62)
-> Request 4
827
(1, 1, 1)
2
(5, 2)
-> Request 5
845
(3, 3, 2)
2
(45, 26)
-> Request 6
860
(3, 1, 1)
2
(52, 19)
-> Request 7
861
(2, 2, 1)
3
(2, 30)
-> Request 8
903
(4, 2, 2)
2
(22, 17)
-> Request 9
928
(1, 2, 2)
3
(52, 56)
-> Request 10
1149
(4, 2, 2)
3
(64, 0)
-> Request 11
1265
(3, 2, 1)
2
(10, 0)
--> Day : 4
-> Request 0
113
(2, 1, 2)
2
(25, 22)
-> Request 1
280
(2, 1, 1)
1
(9, 55)
-> Request 2
441
(4, 2, 1)
3
(68, 72)
-> Request 3
472
(4, 1, 1)
2
(71, 58)
-> Request 4
517
(4, 3, 2)
3
(72, 20)
-> Request 5
676
(2, 2, 2)
2
(34, 68)
-> Request 6
784
(3, 1, 1)
2
(41, 37)
-> Request 7
919
(4, 1, 2)
2
(3, 52)
-> Request 8
959
(1, 2, 1)
3
(34, 73)
-> Request 9
1005
(1, 2, 2)
3
(69, 64)
-> Request 10
1110
(2, 2, 1)
3
(72, 13)
-> Request 11
1330
(3, 3, 1)
1
(60, 55)
-> Request 12
1347
(4, 3, 2)
2
(1, 25)
-> Request 13
1352
(4, 3, 2)
1
(26, 33)
-> Request 14
1413
(4, 2, 1)
1
(27, 74)
---> Week : 3
--> Day : 0
-> Request 0
482
(3, 3, 2)
2
(63, 56)
-> Request 1
604
(3, 3, 1)
1
(8, 28)
-> Request 2
656
(2, 3, 2)
1
(49, 0)
-> Request 3
703
(2, 1, 1)
3
(47, 12)
-> Request 4
999
(1, 2, 1)
2
(37, 42)
-> Request 5
1012
(4, 3, 1)
2
(60, 67)
-> Request 6
1170
(4, 3, 2)
2
(61, 10)
-> Request 7
1231
(3, 2, 2)
3
(0, 41)
--> Day : 1
-> Request 0
121
(2, 1, 2)
1
(29, 23)
-> Request 1
144
(3, 1, 2)
2
(6, 38)
-> Request 2
251
(3, 1, 2)
3
(48, 38)
-> Request 3
403
(3, 1, 1)
3
(11, 57)
-> Request 4
487
(4, 3, 2)
1
(22, 32)
-> Request 5
493
(2, 1, 1)
1
(23, 70)
-> Request 6
592
(2, 1, 2)
1
(24, 34)
-> Request 7
644
(2, 1, 2)
2
(45, 69)
-> Request 8
808
(4, 1, 1)
3
(63, 65)
-> Request 9
1107
(3, 3, 1)
3
(71, 43)
-> Request 10
1134
(4, 3, 1)
2
(65, 29)
-> Request 11
1301
(1, 1, 2)
1
(14, 28)
-> Request 12
1367
(1, 1, 1)
2
(10, 0)
-> Request 13
1421
(1, 1, 1)
2
(19, 25)
-> Request 14
1422
(1, 3, 2)
3
(41, 49)
--> Day : 2
-> Request 0
168
(2, 1, 2)
3
(69, 79)
-> Request 1
435
(3, 2, 1)
2
(26, 60)
-> Request 2
503
(3, 1, 1)
2
(1, 46)
-> Request 3
505
(3, 1, 2)
2
(41, 31)
-> Request 4
642
(1, 3, 1)
3
(13, 38)
-> Request 5
784
(3, 1, 2)
3
(2, 18)
-> Request 6
801
(3, 1, 2)
3
(7, 57)
-> Request 7
807
(3, 2, 2)
3
(32, 59)
-> Request 8
865
(4, 1, 1)
1
(41, 29)
-> Request 9
1068
(4, 3, 1)
1
(18, 20)
-> Request 10
1195
(1, 3, 2)
2
(50, 44)
-> Request 11
1223
(3, 2, 2)
3
(4, 18)
-> Request 12
1318
(4, 2, 1)
1
(10, 57)
--> Day : 3
-> Request 0
8
(4, 2, 2)
1
(31, 51)
-> Request 1
46
(3, 3, 2)
1
(79, 44)
-> Request 2
113
(2, 2, 2)
1
(18, 77)
-> Request 3
177
(4, 1, 1)
2
(63, 41)
-> Request 4
209
(2, 1, 2)
3
(51, 75)
-> Request 5
412
(1, 2, 2)
1
(9, 52)
-> Request 6
1101
(2, 1, 1)
2
(43, 16)
-> Request 7
1168
(3, 1, 1)
2
(52, 72)
-> Request 8
1387
(1, 3, 1)
1
(21, 65)
--> Day : 4
-> Request 0
265
(2, 1, 2)
2
(17, 43)
-> Request 1
348
(2, 3, 2)
2
(74, 17)
-> Request 2
387
(1, 3, 1)
2
(32, 51)
-> Request 3
536
(2, 1, 2)
3
(43, 39)
-> Request 4
623
(3, 1, 1)
1
(49, 54)
-> Request 5
761
(2, 1, 1)
1
(35, 10)
-> Request 6
830
(1, 1, 1)
3
(48, 29)
-> Request 7
1188
(4, 3, 1)
3
(1, 7)
-> Request 8
1206
(3, 3, 2)
2
(38, 59)
-> Request 9
1230
(4, 1, 1)
1
(53, 2)
-> Request 10
1350
(3, 3, 1)
1
(3, 41)
---> Week : 4
--> Day : 0
-> Request 0
124
(2, 2, 2)
1
(10, 41)
-> Request 1
235
(1, 2, 2)
1
(16, 66)
-> Request 2
370
(3, 1, 2)
1
(33, 75)
-> Request 3
438
(4, 3, 2)
3
(11, 52)
-> Request 4
537
(3, 3, 2)
3
(33, 23)
-> Request 5
673
(4, 1, 1)
2
(29, 8)
-> Request 6
856
(1, 1, 2)
2
(12, 64)
-> Request 7
1119
(2, 2, 1)
1
(24, 30)
-> Request 8
1270
(3, 3, 1)
2
(24, 34)
-> Request 9
1281
(2, 2, 2)
1
(72, 68)
-> Request 10
1380
(1, 1, 2)
2
(45, 68)
--> Day : 1
-> Request 0
145
(1, 3, 1)
2
(10, 68)
-> Request 1
238
(3, 3, 2)
3
(52, 68)
-> Request 2
310
(1, 3, 2)
3
(28, 59)
-> Request 3
637
(3, 3, 1)
1
(44, 69)
-> Request 4
677
(4, 3, 2)
3
(58, 43)
-> Request 5
732
(3, 1, 2)
2
(73, 28)
-> Request 6
753
(4, 2, 1)
2
(37, 14)
-> Request 7
805
(2, 1, 2)
1
(33, 68)
-> Request 8
1237
(4, 1, 1)
2
(27, 16)
-> Request 9
1277
(1, 3, 2)
1
(63, 73)
-> Request 10
1291
(4, 1, 1)
3
(43, 49)
-> Request 11
1415
(3, 3, 1)
2
(7, 5)
--> Day : 2
-> Request 0
107
(4, 1, 1)
2
(25, 3)
-> Request 1
278
(1, 3, 1)
3
(11, 15)
-> Request 2
287
(4, 3, 2)
3
(12, 71)
-> Request 3
365
(3, 1, 1)
3
(59, 50)
-> Request 4
494
(3, 3, 2)
3
(3, 71)
-> Request 5
620
(1, 3, 1)
3
(52, 2)
-> Request 6
627
(4, 3, 2)
1
(64, 21)
-> Request 7
795
(3, 3, 2)
3
(26, 79)
-> Request 8
1412
(2, 3, 2)
1
(42, 67)
--> Day : 3
-> Request 0
272
(3, 3, 1)
3
(69, 21)
-> Request 1
494
(4, 2, 1)
3
(21, 64)
-> Request 2
495
(3, 1, 2)
2
(78, 6)
-> Request 3
708
(4, 3, 1)
3
(45, 30)
-> Request 4
1108
(3, 3, 2)
1
(46, 6)
-> Request 5
1234
(4, 2, 1)
2
(47, 19)
-> Request 6
1301
(2, 2, 1)
2
(79, 23)
-> Request 7
1426
(4, 3, 1)
2
(34, 69)
--> Day : 4
-> Request 0
95
(3, 1, 2)
3
(76, 17)
-> Request 1
163
(4, 3, 1)
1
(5, 67)
-> Request 2
176
(2, 1, 2)
3
(38, 76)
-> Request 3
386
(3, 3, 1)
2
(46, 25)
-> Request 4
714
(3, 1, 2)
1
(33, 37)
-> Request 5
730
(1, 2, 2)
1
(8, 50)
-> Request 6
801
(2, 2, 1)
2
(50, 18)
-> Request 7
1245
(3, 2, 2)
2
(62, 66)
-> Request 8
1285
(4, 1, 2)
2
(33, 33)
---> Week : 5
--> Day : 0
-> Request 0
178
(1, 2, 1)
3
(47, 40)
-> Request 1
226
(1, 2, 2)
1
(42, 31)
-> Request 2
1013
(1, 1, 1)
1
(70, 0)
-> Request 3
1048
(2, 3, 2)
1
(51, 71)
-> Request 4
1083
(3, 1, 1)
3
(67, 24)
-> Request 5
1270
(2, 2, 2)
3
(20, 26)
-> Request 6
1336
(1, 1, 2)
1
(67, 77)
-> Request 7
1363
(4, 3, 2)
2
(12, 37)
-> Request 8
1374
(3, 3, 2)
3
(67, 39)
--> Day : 1
-> Request 0
205
(1, 2, 1)
2
(21, 62)
-> Request 1
372
(4, 1, 1)
2
(49, 37)
-> Request 2
565
(3, 1, 2)
2
(6, 9)
-> Request 3
1193
(1, 2, 1)
3
(32, 60)
-> Request 4
1211
(4, 1, 2)
3
(23, 28)
-> Request 5
1231
(4, 1, 1)
1
(11, 18)
--> Day : 2
-> Request 0
460
(4, 2, 1)
1
(56, 79)
-> Request 1
568
(1, 1, 2)
1
(46, 36)
-> Request 2
572
(4, 1, 2)
2
(31, 58)
-> Request 3
666
(4, 3, 2)
2
(8, 32)
-> Request 4
905
(4, 3, 2)
1
(78, 21)
-> Request 5
942
(1, 3, 1)
3
(29, 29)
-> Request 6
1001
(2, 3, 1)
1
(5, 73)
-> Request 7
1106
(3, 3, 1)
1
(21, 43)
-> Request 8
1180
(3, 1, 1)
2
(45, 29)
--> Day : 3
-> Request 0
12
(4, 3, 1)
1
(38, 11)
-> Request 1
92
(1, 3, 2)
2
(56, 67)
-> Request 2
93
(4, 2, 1)
1
(10, 40)
-> Request 3
105
(2, 1, 2)
2
(77, 25)
-> Request 4
168
(3, 3, 1)
3
(17, 78)
-> Request 5
632
(4, 1, 1)
3
(30, 22)
-> Request 6
860
(3, 3, 2)
1
(25, 29)
-> Request 7
974
(2, 1, 2)
3
(78, 39)
-> Request 8
1041
(3, 1, 1)
2
(3, 9)
-> Request 9
1087
(1, 2, 2)
3
(65, 7)
-> Request 10
1262
(2, 3, 1)
1
(25, 7)
-> Request 11
1385
(2, 2, 2)
3
(67, 67)
--> Day : 4
-> Request 0
0
(3, 3, 2)
3
(14, 6)
-> Request 1
277
(1, 1, 2)
2
(66, 44)
-> Request 2
801
(2, 1, 1)
3
(50, 33)
-> Request 3
834
(1, 3, 1)
2
(38, 49)
-> Request 4
925
(1, 1, 2)
1
(27, 58)
-> Request 5
1006
(2, 1, 1)
1
(2, 69)
-> Request 6
1036
(1, 2, 1)
1
(77, 67)
-> Request 7
1057
(4, 3, 2)
3
(36, 54)
-> Request 8
1204
(4, 2, 2)
1
(52, 18)
---> Week : 6
--> Day : 0
-> Request 0
615
(1, 3, 1)
1
(49, 21)
-> Request 1
872
(3, 1, 1)
2
(3, 11)
-> Request 2
941
(1, 1, 1)
3
(40, 60)
-> Request 3
972
(4, 2, 2)
3
(8, 66)
-> Request 4
1266
(3, 2, 2)
1
(65, 52)
-> Request 5
1266
(1, 3, 2)
2
(78, 74)
-> Request 6
1283
(3, 3, 2)
3
(78, 68)
-> Request 7
1406
(4, 1, 2)
1
(40, 70)
-> Request 8
1435
(3, 2, 2)
2
(8, 68)
--> Day : 1
-> Request 0
236
(2, 3, 2)
1
(30, 70)
-> Request 1
240
(1, 2, 1)
3
(1, 24)
-> Request 2
346
(1, 2, 2)
3
(18, 11)
-> Request 3
374
(3, 1, 1)
2
(1, 23)
-> Request 4
678
(2, 1, 1)
3
(78, 35)
-> Request 5
1104
(4, 2, 1)
1
(4, 56)
-> Request 6
1141
(2, 1, 2)
3
(2, 73)
-> Request 7
1236
(1, 3, 1)
2
(22, 49)
-> Request 8
1250
(4, 2, 1)
1
(77, 29)
-> Request 9
1283
(3, 2, 2)
2
(7, 21)
-> Request 10
1342
(2, 2, 1)
3
(69, 21)
-> Request 11
1435
(4, 1, 2)
3
(43, 65)
--> Day : 2
-> Request 0
263
(4, 2, 1)
1
(75, 15)
-> Request 1
665
(3, 1, 2)
3
(23, 6)
-> Request 2
947
(3, 1, 2)
2
(40, 22)
-> Request 3
1033
(4, 1, 1)
1
(50, 9)
-> Request 4
1058
(4, 2, 2)
2
(62, 71)
-> Request 5
1062
(4, 2, 1)
1
(11, 12)
--> Day : 3
-> Request 0
123
(2, 2, 2)
2
(74, 15)
-> Request 1
134
(3, 1, 2)
1
(15, 35)
-> Request 2
937
(2, 2, 2)
3
(52, 55)
--> Day : 4
-> Request 0
5
(4, 1, 2)
2
(45, 79)
-> Request 1
44
(4, 1, 1)
1
(69, 78)
-> Request 2
58
(1, 3, 1)
3
(74, 74)
-> Request 3
67
(1, 2, 2)
1
(59, 9)
-> Request 4
173
(1, 1, 2)
1
(20, 66)
-> Request 5
245
(2, 1, 2)
1
(37, 47)
-> Request 6
382
(1, 1, 1)
2
(10, 44)
-> Request 7
783
(2, 3, 1)
2
(72, 2)
-> Request 8
859
(1, 2, 2)
1
(26, 54)
-> Request 9
893
(4, 1, 1)
2
(6, 7)
-> Request 10
957
(1, 1, 1)
1
(59, 0)
-> Request 11
1304
(4, 3, 2)
1
(34, 56)
-> Request 12
1325
(4, 3, 2)
2
(19, 26)
---> Week : 7
--> Day : 0
-> Request 0
486
(2, 3, 1)
1
(63, 45)
-> Request 1
546
(2, 1, 1)
3
(14, 76)
-> Request 2
611
(1, 3, 2)
2
(3, 35)
-> Request 3
644
(1, 3, 1)
1
(20, 9)
-> Request 4
694
(4, 2, 2)
3
(65, 1)
-> Request 5
720
(3, 3, 1)
1
(15, 71)
-> Request 6
815
(2, 1, 1)
3
(61, 50)
-> Request 7
1219
(1, 1, 2)
3
(79, 7)
--> Day : 1
-> Request 0
238
(4, 1, 2)
1
(9, 36)
-> Request 1
286
(1, 3, 2)
3
(16, 36)
-> Request 2
348
(4, 1, 1)
1
(5, 18)
-> Request 3
491
(4, 2, 1)
2
(5, 66)
-> Request 4
652
(4, 3, 2)
3
(15, 47)
-> Request 5
697
(2, 1, 1)
1
(72, 43)
-> Request 6
1095
(1, 1, 2)
2
(19, 34)
-> Request 7
1338
(4, 3, 2)
3
(34, 64)
-> Request 8
1369
(4, 1, 2)
2
(62, 43)
-> Request 9
1427
(2, 2, 1)
3
(44, 75)
--> Day : 2
-> Request 0
99
(3, 3, 2)
2
(20, 40)
-> Request 1
270
(3, 3, 1)
1
(71, 78)
-> Request 2
791
(4, 1, 1)
1
(4, 31)
-> Request 3
841
(3, 2, 1)
2
(41, 4)
-> Request 4
881
(3, 2, 2)
3
(34, 24)
-> Request 5
891
(2, 3, 1)
3
(21, 20)
-> Request 6
908
(4, 1, 2)
1
(1, 35)
-> Request 7
1412
(4, 3, 2)
1
(46, 75)
--> Day : 3
-> Request 0
180
(1, 2, 2)
3
(47, 39)
-> Request 1
285
(2, 1, 1)
3
(5, 13)
-> Request 2
337
(3, 3, 2)
1
(21, 51)
-> Request 3
360
(1, 1, 2)
1
(2, 33)
-> Request 4
645
(1, 3, 1)
1
(47, 30)
-> Request 5
717
(4, 1, 2)
1
(29, 72)
-> Request 6
745
(3, 1, 2)
2
(7, 32)
-> Request 7
825
(3, 1, 1)
3
(18, 55)
-> Request 8
843
(2, 3, 1)
3
(54, 2)
-> Request 9
843
(4, 3, 2)
2
(13, 52)
-> Request 10
1001
(3, 1, 1)
3
(69, 39)
-> Request 11
1379
(1, 2, 2)
2
(47, 26)
-> Request 12
1418
(4, 2, 2)
1
(10, 17)
--> Day : 4
-> Request 0
384
(3, 3, 2)
1
(14, 18)
-> Request 1
384
(2, 1, 2)
1
(13, 28)
-> Request 2
426
(1, 2, 2)
1
(3, 55)
-> Request 3
548
(3, 3, 1)
2
(61, 33)
-> Request 4
603
(4, 3, 2)
1
(26, 40)
-> Request 5
607
(3, 2, 2)
3
(6, 24)
-> Request 6
735
(4, 3, 1)
2
(23, 60)
-> Request 7
785
(4, 1, 1)
1
(14, 7)
-> Request 8
874
(2, 1, 2)
1
(25, 54)
-> Request 9
1164
(4, 2, 2)
1
(52, 8)
-> Request 10
1420
(1, 3, 1)
3
(43, 75)
---> Week : 8
--> Day : 0
-> Request 0
141
(1, 2, 1)
2
(65, 6)
-> Request 1
238
(4, 2, 1)
1
(16, 5)
-> Request 2
350
(1, 1, 1)
1
(60, 0)
-> Request 3
434
(2, 2, 1)
3
(73, 13)
-> Request 4
502
(2, 3, 2)
1
(66, 18)
-> Request 5
514
(3, 3, 2)
2
(49, 31)
-> Request 6
706
(1, 3, 1)
3
(77, 61)
-> Request 7
1052
(4, 2, 1)
3
(4, 78)
-> Request 8
1208
(2, 1, 1)
1
(48, 38)
-> Request 9
1215
(2, 3, 2)
3
(25, 7)
--> Day : 1
-> Request 0
273
(1, 3, 2)
2
(64, 21)
-> Request 1
1168
(1, 1, 1)
2
(25, 20)
-> Request 2
1243
(4, 1, 1)
2
(30, 46)
--> Day : 2
-> Request 0
400
(4, 3, 2)
3
(60, 6)
-> Request 1
401
(4, 3, 2)
3
(66, 46)
-> Request 2
413
(3, 1, 1)
3
(34, 59)
-> Request 3
754
(2, 3, 1)
3
(7, 33)
-> Request 4
1146
(1, 3, 2)
1
(31, 17)
--> Day : 3
-> Request 0
12
(1, 3, 2)
3
(44, 72)
-> Request 1
243
(4, 3, 2)
1
(79, 27)
-> Request 2
404
(3, 1, 1)
1
(76, 70)
-> Request 3
516
(2, 3, 1)
2
(0, 27)
-> Request 4
531
(1, 1, 2)
3
(76, 50)
-> Request 5
539
(4, 1, 2)
2
(40, 56)
-> Request 6
583
(3, 2, 1)
1
(50, 46)
-> Request 7
609
(4, 1, 2)
2
(60, 64)
-> Request 8
735
(4, 3, 2)
2
(64, 37)
-> Request 9
1438
(4, 1, 1)
1
(47, 59)
--> Day : 4
-> Request 0
67
(2, 2, 2)
3
(45, 59)
-> Request 1
333
(4, 2, 1)
3
(33, 63)
-> Request 2
369
(4, 2, 2)
3
(10, 9)
-> Request 3
402
(1, 2, 2)
2
(16, 73)
-> Request 4
508
(3, 1, 1)
2
(20, 42)
-> Request 5
530
(2, 1, 2)
3
(18, 65)
-> Request 6
662
(2, 1, 1)
3
(77, 27)
-> Request 7
1097
(4, 3, 1)
1
(40, 52)
---> Week : 9
--> Day : 0
-> Request 0
3
(2, 1, 2)
3
(43, 71)
-> Request 1
124
(3, 3, 1)
2
(17, 31)
-> Request 2
771
(3, 1, 1)
2
(28, 40)
-> Request 3
901
(2, 3, 1)
2
(42, 65)
-> Request 4
1097
(2, 2, 1)
1
(66, 58)
-> Request 5
1100
(4, 1, 2)
1
(37, 71)
-> Request 6
1123
(3, 1, 1)
3
(73, 6)
-> Request 7
1129
(4, 3, 1)
3
(31, 55)
-> Request 8
1161
(4, 1, 2)
2
(35, 7)
-> Request 9
1276
(2, 2, 2)
3
(53, 10)
-> Request 10
1425
(2, 2, 2)
3
(28, 41)
--> Day : 1
-> Request 0
484
(1, 2, 1)
3
(64, 17)
-> Request 1
548
(2, 3, 1)
3
(1, 22)
-> Request 2
623
(1, 2, 2)
1
(40, 71)
-> Request 3
1046
(2, 1, 2)
2
(41, 47)
-> Request 4
1402
(3, 3, 2)
3
(60, 58)
--> Day : 2
-> Request 0
252
(4, 3, 1)
1
(16, 42)
-> Request 1
436
(2, 2, 2)
1
(18, 69)
-> Request 2
439
(1, 2, 2)
2
(27, 79)
-> Request 3
601
(2, 3, 2)
3
(77, 11)
-> Request 4
685
(3, 2, 1)
3
(57, 40)
-> Request 5
810
(3, 2, 1)
2
(71, 48)
-> Request 6
900
(1, 1, 2)
2
(1, 25)
-> Request 7
971
(2, 2, 1)
3
(44, 45)
-> Request 8
1004
(1, 1, 1)
2
(43, 63)
-> Request 9
1005
(2, 1, 1)
2
(72, 56)
-> Request 10
1030
(4, 2, 1)
1
(4, 56)
-> Request 11
1235
(2, 3, 2)
2
(77, 50)
-> Request 12
1353
(3, 1, 2)
1
(53, 73)
-> Request 13
1363
(2, 2, 1)
1
(79, 68)
-> Request 14
1438
(2, 2, 2)
1
(25, 45)
--> Day : 3
-> Request 0
76
(1, 3, 2)
3
(34, 63)
-> Request 1
182
(4, 1, 2)
1
(27, 7)
-> Request 2
735
(2, 1, 2)
1
(56, 3)
-> Request 3
1305
(4, 3, 2)
1
(7, 62)
-> Request 4
1311
(2, 2, 2)
2
(70, 5)
--> Day : 4
-> Request 0
203
(4, 1, 2)
3
(3, 52)
-> Request 1
314
(3, 2, 2)
3
(25, 45)
-> Request 2
725
(3, 3, 1)
3
(39, 59)
-> Request 3
805
(3, 2, 1)
1
(6, 41)
-> Request 4
856
(1, 3, 1)
2
(52, 14)
-> Request 5
917
(3, 2, 2)
1
(60, 61)
-> Request 6
1151
(4, 1, 2)
3
(68, 21)
-> Request 7
1302
(1, 3, 2)
2
(51, 66)
-> Request 8
1362
(4, 2, 1)
3
(78, 2)
-> Request 9
1381
(1, 3, 1)
1
(73, 57)
---> Week : 10
--> Day : 0
-> Request 0
198
(1, 1, 2)
3
(38, 46)
-> Request 1
370
(3, 2, 2)
3
(79, 9)
-> Request 2
405
(1, 2, 2)
3
(0, 18)
-> Request 3
418
(3, 2, 1)
1
(76, 56)
-> Request 4
898
(2, 3, 1)
3
(38, 31)
-> Request 5
1047
(2, 1, 1)
1
(51, 43)
-> Request 6
1285
(3, 3, 2)
3
(8, 49)
-> Request 7
1291
(3, 1, 1)
3
(57, 50)
-> Request 8
1337
(4, 1, 1)
1
(10, 14)
-> Request 9
1371
(4, 3, 2)
1
(56, 43)
-> Request 10
1426
(2, 1, 1)
3
(63, 49)
--> Day : 1
-> Request 0
25
(3, 2, 1)
2
(13, 57)
-> Request 1
42
(4, 2, 1)
2
(35, 36)
-> Request 2
52
(1, 3, 2)
1
(11, 60)
-> Request 3
101
(1, 1, 1)
2
(71, 0)
-> Request 4
242
(2, 1, 2)
2
(40, 45)
-> Request 5
290
(1, 1, 2)
3
(7, 7)
-> Request 6
617
(1, 3, 1)
3
(0, 77)
-> Request 7
728
(4, 2, 1)
1
(24, 24)
-> Request 8
897
(3, 3, 2)
1
(35, 8)
-> Request 9
1071
(4, 1, 1)
1
(53, 11)
-> Request 10
1199
(4, 3, 2)
1
(27, 51)
-> Request 11
1258
(1, 1, 2)
1
(10, 13)
-> Request 12
1363
(2, 3, 2)
2
(5, 20)
--> Day : 2
-> Request 0
1
(2, 3, 2)
3
(47, 48)
-> Request 1
186
(3, 1, 1)
1
(62, 43)
-> Request 2
332
(1, 2, 2)
1
(34, 17)
-> Request 3
447
(2, 1, 1)
3
(4, 55)
-> Request 4
656
(3, 1, 2)
3
(30, 62)
-> Request 5
746
(2, 1, 2)
3
(17, 4)
-> Request 6
873
(1, 2, 2)
3
(30, 21)
-> Request 7
1001
(1, 2, 2)
1
(30, 78)
-> Request 8
1136
(2, 3, 1)
1
(33, 25)
--> Day : 3
-> Request 0
285
(3, 1, 2)
2
(23, 65)
-> Request 1
315
(4, 1, 1)
3
(23, 26)
-> Request 2
457
(2, 1, 2)
3
(67, 31)
-> Request 3
600
(1, 3, 1)
2
(40, 3)
-> Request 4
1335
(3, 3, 2)
1
(27, 78)
--> Day : 4
-> Request 0
91
(3, 1, 1)
3
(6, 0)
-> Request 1
107
(1, 2, 1)
1
(24, 45)
-> Request 2
413
(3, 3, 1)
1
(17, 10)
-> Request 3
578
(4, 3, 2)
1
(34, 59)
-> Request 4
649
(1, 3, 2)
2
(73, 77)
-> Request 5
767
(2, 1, 2)
3
(65, 79)
-> Request 6
1016
(1, 2, 2)
2
(55, 9)
-> Request 7
1394
(2, 3, 1)
2
(73, 71)
-> Request 8
1439
(4, 3, 1)
3
(34, 45)
---> Week : 11
--> Day : 0
-> Request 0
192
(1, 2, 2)
3
(20, 13)
-> Request 1
315
(2, 3, 2)
2
(79, 5)
-> Request 2
414
(3, 2, 2)
1
(37, 8)
-> Request 3
510
(4, 3, 2)
1
(32, 1)
-> Request 4
648
(2, 2, 1)
2
(74, 53)
-> Request 5
812
(3, 2, 1)
3
(4, 6)
-> Request 6
879
(1, 3, 1)
1
(31, 56)
-> Request 7
1074
(3, 3, 1)
1
(34, 79)
-> Request 8
1196
(1, 3, 1)
3
(31, 11)
-> Request 9
1323
(3, 1, 1)
1
(18, 16)
-> Request 10
1342
(3, 1, 1)
1
(67, 73)
-> Request 11
1362
(2, 3, 1)
2
(26, 34)
-> Request 12
1418
(4, 1, 2)
1
(46, 20)
-> Request 13
1433
(2, 1, 2)
2
(8, 52)
--> Day : 1
-> Request 0
466
(1, 3, 1)
1
(9, 59)
-> Request 1
999
(4, 1, 2)
3
(21, 58)
-> Request 2
1061
(2, 2, 2)
1
(52, 73)
-> Request 3
1102
(2, 3, 1)
2
(26, 15)
-> Request 4
1221
(3, 2, 2)
1
(41, 53)
-> Request 5
1291
(3, 1, 1)
3
(69, 58)
-> Request 6
1306
(1, 2, 2)
1
(78, 31)
--> Day : 2
-> Request 0
20
(1, 1, 1)
3
(20, 18)
-> Request 1
129
(1, 1, 1)
2
(63, 16)
-> Request 2
239
(4, 1, 2)
1
(37, 48)
-> Request 3
679
(4, 2, 2)
3
(32, 71)
-> Request 4
904
(3, 1, 2)
3
(31, 12)
-> Request 5
1307
(2, 2, 1)
2
(58, 6)
-> Request 6
1388
(4, 3, 1)
3
(11, 23)
--> Day : 3
-> Request 0
194
(1, 1, 1)
2
(79, 15)
-> Request 1
309
(1, 2, 2)
2
(42, 2)
-> Request 2
328
(4, 1, 1)
1
(70, 20)
-> Request 3
423
(4, 3, 1)
3
(64, 21)
-> Request 4
423
(2, 3, 1)
3
(14, 9)
-> Request 5
508
(3, 1, 1)
1
(37, 70)
-> Request 6
563
(4, 3, 2)
2
(42, 28)
-> Request 7
593
(1, 1, 2)
1
(54, 73)
-> Request 8
595
(2, 2, 2)
2
(15, 61)
-> Request 9
678
(3, 3, 2)
1
(1, 73)
-> Request 10
762
(1, 2, 1)
3
(32, 57)
-> Request 11
947
(4, 2, 1)
1
(34, 74)
--> Day : 4
-> Request 0
87
(3, 3, 2)
2
(62, 25)
-> Request 1
176
(1, 3, 2)
1
(24, 23)
-> Request 2
273
(1, 3, 2)
3
(76, 79)
-> Request 3
407
(1, 2, 1)
3
(41, 71)
-> Request 4
475
(1, 3, 2)
3
(64, 59)
-> Request 5
494
(1, 1, 2)
1
(23, 5)
-> Request 6
601
(4, 1, 1)
2
(48, 70)
-> Request 7
632
(4, 2, 1)
2
(30, 49)
-> Request 8
725
(3, 1, 1)
1
(74, 79)
-> Request 9
1005
(4, 2, 1)
3
(47, 76)
-> Request 10
1099
(4, 2, 1)
1
(35, 76)
-> Request 11
1119
(4, 2, 2)
2
(41, 65)
-> Request 12
1304
(2, 1, 2)
1
(54, 18)
---> Week : 12
--> Day : 0
-> Request 0
236
(4, 1, 2)
2
(18, 56)
-> Request 1
290
(2, 3, 1)
2
(68, 14)
-> Request 2
295
(2, 2, 1)
2
(72, 10)
-> Request 3
327
(2, 3, 1)
1
(23, 78)
-> Request 4
441
(1, 2, 2)
3
(26, 56)
-> Request 5
451
(4, 2, 1)
1
(37, 45)
-> Request 6
677
(2, 2, 2)
1
(78, 71)
-> Request 7
721
(2, 3, 1)
3
(18, 67)
-> Request 8
775
(4, 3, 1)
2
(38, 68)
-> Request 9
849
(4, 1, 2)
2
(35, 7)
-> Request 10
1107
(1, 2, 1)
3
(34, 1)
-> Request 11
1284
(2, 2, 1)
1
(52, 16)
-> Request 12
1323
(4, 1, 2)
1
(23, 51)
-> Request 13
1337
(3, 2, 1)
1
(9, 79)
--> Day : 1
-> Request 0
264
(1, 1, 2)
1
(17, 44)
-> Request 1
305
(4, 1, 2)
3
(74, 1)
-> Request 2
322
(2, 3, 1)
3
(8, 55)
-> Request 3
336
(2, 1, 1)
3
(15, 63)
-> Request 4
530
(2, 2, 2)
3
(35, 4)
-> Request 5
586
(4, 1, 2)
2
(16, 2)
-> Request 6
609
(4, 3, 2)
1
(76, 40)
-> Request 7
701
(2, 2, 2)
2
(1, 44)
-> Request 8
750
(4, 3, 2)
3
(61, 69)
-> Request 9
820
(2, 2, 2)
1
(56, 55)
-> Request 10
823
(4, 3, 2)
1
(70, 6)
-> Request 11
885
(2, 1, 2)
3
(52, 60)
-> Request 12
1028
(1, 2, 1)
3
(78, 16)
-> Request 13
1224
(2, 1, 2)
1
(7, 20)
-> Request 14
1390
(2, 1, 1)
3
(44, 75)
--> Day : 2
-> Request 0
18
(2, 1, 1)
1
(72, 78)
-> Request 1
69
(2, 3, 1)
3
(14, 16)
-> Request 2
126
(1, 2, 1)
1
(28, 38)
-> Request 3
129
(1, 3, 1)
1
(30, 75)
-> Request 4
230
(1, 1, 2)
3
(44, 61)
-> Request 5
234
(1, 2, 2)
2
(14, 31)
-> Request 6
499
(4, 2, 2)
2
(48, 21)
-> Request 7
635
(4, 3, 2)
3
(61, 47)
-> Request 8
655
(1, 1, 1)
1
(59, 40)
-> Request 9
840
(3, 1, 2)
3
(4, 38)
-> Request 10
1068
(1, 1, 1)
2
(37, 10)
-> Request 11
1216
(3, 1, 2)
2
(68, 0)
-> Request 12
1319
(2, 3, 1)
3
(21, 58)
-> Request 13
1326
(4, 3, 1)
2
(34, 5)
--> Day : 3
-> Request 0
172
(1, 2, 2)
3
(8, 56)
-> Request 1
539
(2, 2, 2)
2
(67, 75)
-> Request 2
691
(4, 2, 1)
1
(76, 35)
-> Request 3
827
(3, 3, 2)
2
(38, 8)
-> Request 4
1003
(4, 1, 2)
1
(17, 33)
-> Request 5
1075
(3, 3, 2)
2
(55, 53)
-> Request 6
1122
(2, 1, 2)
2
(40, 75)
--> Day : 4
-> Request 0
17
(2, 1, 1)
2
(2, 65)
-> Request 1
168
(4, 3, 2)
2
(76, 69)
-> Request 2
245
(4, 3, 2)
3
(63, 58)
-> Request 3
515
(4, 2, 1)
1
(70, 73)
-> Request 4
529
(1, 1, 2)
1
(42, 52)
-> Request 5
601
(4, 1, 2)
3
(49, 57)
-> Request 6
607
(4, 3, 1)
1
(64, 34)
-> Request 7
762
(2, 1, 1)
2
(77, 46)
-> Request 8
828
(3, 1, 2)
2
(51, 32)
-> Request 9
952
(1, 1, 1)
3
(26, 23)
-> Request 10
961
(4, 2, 1)
2
(23, 40)
-> Request 11
1010
(2, 2, 2)
1
(17, 36)
-> Request 12
1019
(1, 2, 1)
2
(20, 20)
-> Request 13
1021
(1, 1, 2)
3
(49, 8)
-> Request 14
1202
(2, 1, 2)
3
(38, 59)
-> Request 15
1325
(3, 3, 1)
2
(14, 66)
---> Week : 13
--> Day : 0
-> Request 0
127
(2, 3, 2)
1
(20, 77)
-> Request 1
321
(3, 2, 2)
1
(57, 73)
-> Request 2
657
(1, 3, 1)
3
(20, 74)
-> Request 3
1203
(4, 3, 2)
2
(27, 38)
-> Request 4
1413
(3, 2, 1)
1
(13, 77)
--> Day : 1
-> Request 0
25
(3, 3, 1)
3
(52, 31)
-> Request 1
37
(3, 2, 1)
2
(53, 21)
-> Request 2
139
(1, 1, 2)
1
(64, 22)
-> Request 3
145
(4, 2, 1)
3
(74, 42)
-> Request 4
211
(3, 3, 1)
1
(72, 14)
-> Request 5
240
(4, 3, 1)
1
(4, 19)
-> Request 6
304
(2, 1, 1)
1
(9, 13)
-> Request 7
390
(4, 3, 1)
2
(15, 2)
-> Request 8
526
(2, 1, 1)
1
(51, 49)
-> Request 9
532
(3, 3, 1)
1
(79, 6)
-> Request 10
558
(4, 2, 2)
1
(17, 7)
-> Request 11
776
(4, 2, 2)
1
(49, 22)
-> Request 12
977
(3, 2, 1)
2
(49, 25)
-> Request 13
1323
(4, 3, 2)
2
(66, 77)
-> Request 14
1326
(4, 3, 1)
1
(72, 10)
-> Request 15
1342
(1, 3, 2)
1
(35, 23)
--> Day : 2
-> Request 0
440
(3, 1, 2)
3
(71, 61)
-> Request 1
737
(1, 3, 2)
3
(63, 54)
-> Request 2
1095
(2, 1, 1)
3
(70, 33)
-> Request 3
1162
(4, 2, 1)
1
(56, 53)
-> Request 4
1242
(2, 3, 2)
3
(75, 56)
-> Request 5
1251
(3, 3, 2)
2
(14, 53)
--> Day : 3
-> Request 0
137
(1, 3, 1)
2
(0, 1)
-> Request 1
140
(3, 1, 2)
2
(63, 27)
-> Request 2
647
(1, 1, 1)
2
(37, 41)
-> Request 3
801
(4, 1, 2)
3
(44, 5)
-> Request 4
968
(2, 3, 1)
3
(72, 6)
--> Day : 4
-> Request 0
194
(1, 2, 2)
2
(26, 24)
-> Request 1
213
(3, 3, 1)
3
(78, 69)
-> Request 2
421
(4, 2, 1)
2
(20, 50)
-> Request 3
456
(4, 2, 1)
1
(71, 0)
-> Request 4
497
(3, 2, 1)
2
(10, 69)
-> Request 5
508
(4, 3, 2)
1
(44, 69)
-> Request 6
1003
(4, 1, 2)
2
(32, 48)
-> Request 7
1039
(4, 3, 2)
1
(37, 79)
-> Request 8
1185
(3, 2, 2)
1
(30, 25)
-> Request 9
1249
(1, 2, 1)
2
(18, 32)
-> Request 10
1321
(1, 1, 1)
1
(46, 35)
---> Week : 14
--> Day : 0
-> Request 0
157
(4, 1, 1)
1
(0, 31)
-> Request 1
182
(4, 1, 1)
3
(74, 47)
-> Request 2
275
(2, 1, 1)
2
(9, 42)
-> Request 3
353
(1, 2, 1)
2
(10, 16)
-> Request 4
570
(1, 1, 2)
3
(46, 77)
-> Request 5
607
(3, 3, 2)
3
(67, 60)
-> Request 6
654
(2, 2, 1)
2
(14, 70)
-> Request 7
743
(3, 3, 2)
3
(64, 0)
-> Request 8
779
(1, 2, 1)
1
(27, 49)
-> Request 9
870
(4, 1, 1)
3
(8, 61)
-> Request 10
1057
(2, 2, 2)
2
(43, 39)
-> Request 11
1096
(3, 1, 2)
2
(21, 46)
-> Request 12
1214
(4, 2, 2)
1
(31, 21)
--> Day : 1
-> Request 0
127
(4, 3, 2)
2
(75, 33)
-> Request 1
198
(1, 1, 2)
2
(24, 56)
-> Request 2
267
(2, 1, 1)
1
(50, 46)
-> Request 3
353
(1, 2, 1)
2
(53, 10)
-> Request 4
551
(1, 2, 2)
3
(62, 58)
-> Request 5
718
(4, 1, 1)
2
(30, 42)
-> Request 6
749
(1, 3, 1)
2
(79, 11)
-> Request 7
882
(2, 3, 1)
3
(10, 9)
-> Request 8
963
(1, 2, 1)
2
(26, 64)
-> Request 9
1093
(4, 2, 1)
2
(33, 35)
-> Request 10
1327
(3, 1, 2)
1
(1, 67)
-> Request 11
1336
(1, 3, 1)
1
(35, 9)
--> Day : 2
-> Request 0
12
(4, 3, 1)
3
(14, 26)
-> Request 1
156
(2, 2, 2)
3
(40, 16)
-> Request 2
170
(3, 3, 2)
2
(7, 57)
-> Request 3
629
(1, 2, 1)
3
(39, 32)
-> Request 4
706
(4, 1, 1)
2
(34, 13)
-> Request 5
846
(2, 3, 1)
2
(7, 45)
-> Request 6
1082
(1, 2, 2)
1
(65, 0)
-> Request 7
1082
(3, 2, 1)
3
(14, 16)
-> Request 8
1103
(3, 1, 1)
1
(72, 49)
-> Request 9
1318
(1, 1, 2)
1
(50, 60)
-> Request 10
1326
(2, 1, 2)
1
(75, 19)
--> Day : 3
-> Request 0
372
(4, 3, 2)
3
(40, 20)
-> Request 1
474
(2, 2, 2)
2
(65, 77)
-> Request 2
590
(1, 2, 1)
3
(40, 3)
-> Request 3
1078
(4, 3, 1)
1
(9, 45)
-> Request 4
1125
(2, 1, 1)
2
(12, 60)
-> Request 5
1128
(3, 1, 2)
2
(62, 40)
--> Day : 4
-> Request 0
4
(1, 1, 1)
3
(36, 12)
-> Request 1
74
(4, 2, 1)
3
(50, 65)
-> Request 2
112
(1, 1, 1)
3
(29, 22)
-> Request 3
186
(4, 1, 1)
3
(69, 48)
-> Request 4
352
(4, 1, 2)
1
(43, 77)
-> Request 5
567
(1, 1, 1)
3
(35, 64)
-> Request 6
1407
(3, 2, 2)
3
(72, 11)
---> Week : 15
--> Day : 0
-> Request 0
20
(2, 1, 1)
1
(53, 51)
-> Request 1
133
(1, 2, 2)
1
(37, 30)
-> Request 2
221
(1, 2, 2)
3
(8, 43)
-> Request 3
360
(3, 2, 1)
2
(33, 9)
-> Request 4
517
(4, 1, 1)
3
(71, 41)
-> Request 5
632
(1, 2, 2)
3
(39, 58)
-> Request 6
1152
(1, 3, 1)
1
(19, 54)
-> Request 7
1350
(4, 1, 2)
1
(69, 7)
-> Request 8
1373
(1, 2, 1)
3
(43, 50)
--> Day : 1
-> Request 0
6
(4, 1, 1)
2
(32, 60)
-> Request 1
221
(1, 3, 1)
3
(42, 1)
-> Request 2
240
(3, 2, 2)
1
(63, 21)
-> Request 3
398
(1, 3, 1)
3
(71, 53)
-> Request 4
459
(1, 1, 1)
2
(79, 30)
-> Request 5
649
(4, 3, 2)
1
(9, 40)
-> Request 6
793
(2, 3, 1)
1
(73, 78)
-> Request 7
946
(3, 3, 2)
1
(1, 68)
-> Request 8
1134
(3, 2, 1)
3
(78, 64)
-> Request 9
1156
(3, 1, 1)
1
(77, 34)
-> Request 10
1419
(2, 2, 1)
1
(73, 1)
--> Day : 2
-> Request 0
64
(2, 2, 1)
3
(60, 40)
-> Request 1
74
(2, 2, 2)
2
(3, 4)
-> Request 2
84
(2, 3, 2)
1
(14, 49)
-> Request 3
234
(1, 2, 1)
2
(33, 17)
-> Request 4
246
(1, 3, 1)
2
(60, 6)
-> Request 5
772
(2, 3, 1)
1
(55, 54)
-> Request 6
1174
(1, 3, 2)
3
(57, 44)
-> Request 7
1246
(2, 2, 1)
2
(13, 70)
--> Day : 3
-> Request 0
220
(1, 2, 1)
1
(35, 73)
-> Request 1
261
(1, 1, 1)
2
(79, 0)
-> Request 2
268
(1, 3, 2)
3
(12, 32)
-> Request 3
315
(2, 1, 2)
3
(38, 68)
-> Request 4
391
(2, 3, 1)
2
(50, 72)
-> Request 5
426
(3, 2, 2)
1
(49, 17)
-> Request 6
482
(2, 2, 2)
1
(19, 44)
-> Request 7
505
(3, 3, 2)
2
(49, 9)
-> Request 8
653
(1, 3, 1)
1
(39, 37)
-> Request 9
681
(1, 2, 2)
2
(4, 73)
-> Request 10
714
(2, 3, 2)
1
(50, 21)
-> Request 11
756
(1, 3, 2)
2
(67, 75)
-> Request 12
1216
(2, 2, 2)
3
(29, 34)
-> Request 13
1416
(4, 2, 2)
2
(11, 22)
--> Day : 4
-> Request 0
3
(1, 1, 2)
1
(37, 40)
-> Request 1
51
(2, 2, 2)
3
(70, 64)
-> Request 2
61
(3, 2, 2)
3
(3, 57)
-> Request 3
326
(2, 1, 2)
1
(69, 26)
-> Request 4
420
(2, 2, 1)
2
(50, 67)
-> Request 5
655
(2, 1, 1)
2
(13, 48)
-> Request 6
738
(4, 2, 1)
1
(25, 2)
-> Request 7
743
(4, 3, 1)
2
(51, 74)
-> Request 8
819
(3, 3, 2)
1
(1, 5)
-> Request 9
1185
(3, 3, 2)
3
(17, 76)
-> Request 10
1312
(4, 1, 1)
2
(32, 73)
---> Week : 16
--> Day : 0
-> Request 0
8
(3, 2, 1)
3
(38, 16)
-> Request 1
9
(1, 1, 2)
1
(61, 48)
-> Request 2
123
(2, 2, 2)
1
(18, 66)
-> Request 3
207
(3, 3, 1)
1
(78, 3)
-> Request 4
595
(4, 2, 1)
1
(51, 42)
-> Request 5
655
(4, 2, 2)
2
(48, 77)
-> Request 6
928
(2, 3, 1)
2
(58, 39)
-> Request 7
1348
(3, 1, 2)
2
(36, 57)
-> Request 8
1375
(1, 1, 1)
1
(4, 53)
-> Request 9
1387
(4, 3, 2)
1
(20, 68)
--> Day : 1
-> Request 0
3
(2, 2, 2)
1
(33, 53)
-> Request 1
121
(3, 1, 2)
2
(6, 73)
-> Request 2
421
(4, 2, 1)
3
(62, 77)
-> Request 3
439
(3, 2, 2)
3
(59, 32)
-> Request 4
441
(3, 2, 1)
3
(68, 0)
-> Request 5
545
(4, 2, 1)
2
(36, 76)
-> Request 6
812
(1, 1, 1)
1
(24, 63)
-> Request 7
859
(3, 2, 1)
3
(33, 24)
-> Request 8
1288
(2, 3, 2)
1
(79, 59)
--> Day : 2
-> Request 0
107
(4, 3, 2)
1
(64, 57)
-> Request 1
294
(1, 1, 2)
3
(43, 53)
-> Request 2
469
(4, 3, 2)
2
(72, 25)
-> Request 3
655
(3, 1, 2)
2
(32, 43)
-> Request 4
715
(4, 3, 1)
3
(60, 30)
-> Request 5
720
(2, 2, 1)
3
(63, 28)
-> Request 6
839
(4, 1, 1)
2
(30, 15)
-> Request 7
891
(2, 2, 1)
2
(50, 7)
-> Request 8
935
(2, 3, 2)
1
(13, 41)
-> Request 9
978
(2, 2, 2)
2
(36, 16)
-> Request 10
989
(3, 1, 1)
2
(64, 57)
-> Request 11
1429
(3, 1, 1)
1
(53, 58)
--> Day : 3
-> Request 0
71
(3, 2, 2)
3
(71, 17)
-> Request 1
79
(3, 1, 1)
1
(60, 17)
-> Request 2
294
(2, 3, 2)
1
(26, 27)
-> Request 3
532
(3, 3, 1)
2
(38, 21)
-> Request 4
622
(4, 2, 1)
3
(65, 58)
-> Request 5
953
(2, 2, 1)
1
(28, 26)
--> Day : 4
-> Request 0
191
(3, 1, 2)
2
(37, 64)
-> Request 1
925
(1, 2, 2)
3
(17, 12)
-> Request 2
1124
(2, 1, 1)
3
(32, 53)
-> Request 3
1189
(3, 2, 2)
3
(0, 21)
-> Request 4
1211
(3, 2, 1)
3
(38, 32)
-> Request 5
1379
(3, 1, 2)
2
(37, 73)
---> Week : 17
--> Day : 0
-> Request 0
191
(1, 1, 1)
1
(76, 42)
-> Request 1
259
(4, 2, 2)
1
(25, 19)
-> Request 2
598
(1, 2, 2)
1
(51, 60)
-> Request 3
712
(4, 2, 2)
2
(71, 53)
-> Request 4
748
(1, 3, 1)
1
(48, 47)
-> Request 5
898
(4, 2, 1)
1
(8, 73)
-> Request 6
980
(3, 2, 1)
3
(67, 55)
-> Request 7
1308
(1, 2, 2)
3
(75, 70)
--> Day : 1
-> Request 0
325
(1, 3, 1)
2
(3, 24)
-> Request 1
369
(2, 1, 1)
3
(50, 18)
-> Request 2
582
(1, 2, 1)
3
(43, 6)
-> Request 3
1201
(4, 2, 2)
1
(75, 54)
--> Day : 2
-> Request 0
271
(3, 1, 2)
1
(56, 50)
-> Request 1
734
(4, 2, 1)
1
(78, 35)
-> Request 2
775
(1, 1, 2)
3
(63, 41)
-> Request 3
872
(3, 3, 2)
2
(38, 2)
-> Request 4
955
(4, 1, 1)
2
(71, 57)
-> Request 5
983
(3, 3, 1)
3
(35, 64)
--> Day : 3
-> Request 0
94
(1, 3, 2)
2
(70, 54)
-> Request 1
166
(3, 2, 1)
2
(27, 47)
-> Request 2
232
(3, 1, 2)
2
(35, 39)
-> Request 3
710
(1, 2, 2)
3
(42, 45)
-> Request 4
861
(4, 3, 1)
2
(18, 68)
-> Request 5
1094
(4, 2, 1)
2
(32, 35)
-> Request 6
1155
(1, 1, 2)
3
(13, 43)
--> Day : 4
-> Request 0
0
(1, 2, 2)
1
(64, 65)
-> Request 1
145
(4, 1, 2)
1
(79, 39)
-> Request 2
219
(1, 1, 2)
1
(18, 43)
-> Request 3
728
(1, 3, 2)
2
(38, 43)
-> Request 4
732
(1, 2, 1)
2
(46, 68)
-> Request 5
772
(2, 2, 2)
2
(39, 35)
-> Request 6
1283
(1, 1, 1)
3
(46, 61)
---> Week : 18
--> Day : 0
-> Request 0
54
(2, 2, 1)
1
(49, 65)
-> Request 1
104
(2, 1, 2)
3
(36, 15)
-> Request 2
410
(4, 2, 1)
3
(64, 58)
-> Request 3
600
(3, 2, 1)
2
(62, 25)
-> Request 4
632
(4, 1, 1)
2
(64, 66)
-> Request 5
714
(2, 1, 2)
3
(7, 43)
-> Request 6
1038
(4, 3, 2)
3
(27, 41)
-> Request 7
1089
(4, 2, 2)
1
(32, 22)
-> Request 8
1391
(4, 2, 2)
1
(8, 4)
--> Day : 1
-> Request 0
99
(3, 1, 2)
2
(24, 26)
-> Request 1
127
(3, 1, 2)
2
(30, 12)
-> Request 2
259
(1, 2, 2)
1
(76, 44)
-> Request 3
589
(2, 2, 1)
3
(58, 70)
-> Request 4
1048
(3, 2, 2)
3
(29, 20)
-> Request 5
1070
(4, 2, 1)
2
(73, 16)
-> Request 6
1203
(4, 3, 2)
3
(2, 68)
-> Request 7
1255
(4, 3, 1)
3
(64, 59)
-> Request 8
1291
(1, 1, 2)
1
(75, 74)
-> Request 9
1367
(3, 3, 2)
3
(69, 26)
-> Request 10
1431
(2, 1, 1)
1
(26, 0)
--> Day : 2
-> Request 0
185
(1, 3, 2)
3
(4, 44)
-> Request 1
292
(1, 1, 1)
1
(42, 34)
-> Request 2
419
(2, 3, 2)
3
(59, 67)
-> Request 3
559
(3, 2, 1)
1
(16, 46)
-> Request 4
777
(4, 1, 2)
3
(61, 8)
-> Request 5
914
(4, 1, 1)
2
(41, 11)
-> Request 6
953
(4, 2, 2)
1
(21, 37)
-> Request 7
1005
(4, 1, 2)
2
(21, 34)
-> Request 8
1192
(1, 1, 1)
1
(52, 21)
-> Request 9
1200
(4, 3, 2)
2
(50, 76)
-> Request 10
1282
(4, 3, 2)
3
(49, 54)
-> Request 11
1294
(3, 2, 2)
1
(59, 8)
-> Request 12
1401
(1, 1, 1)
2
(73, 16)
--> Day : 3
-> Request 0
216
(3, 3, 2)
1
(34, 51)
-> Request 1
263
(3, 3, 1)
2
(27, 6)
-> Request 2
327
(1, 3, 1)
2
(9, 79)
-> Request 3
564
(1, 1, 1)
3
(1, 76)
-> Request 4
592
(1, 3, 2)
1
(22, 26)
-> Request 5
623
(3, 3, 2)
3
(28, 7)
-> Request 6
812
(4, 3, 1)
1
(69, 21)
-> Request 7
914
(3, 1, 2)
2
(40, 51)
-> Request 8
1237
(3, 1, 2)
3
(0, 39)
-> Request 9
1375
(4, 3, 2)
1
(55, 56)
--> Day : 4
-> Request 0
232
(3, 1, 1)
1
(44, 47)
-> Request 1
329
(3, 2, 1)
1
(22, 71)
-> Request 2
456
(3, 3, 2)
1
(22, 1)
-> Request 3
553
(2, 2, 2)
1
(12, 15)
-> Request 4
727
(3, 1, 2)
1
(30, 27)
-> Request 5
1091
(4, 1, 2)
2
(38, 68)
---> Week : 19
--> Day : 0
-> Request 0
299
(1, 3, 2)
1
(10, 78)
-> Request 1
374
(3, 3, 1)
1
(29, 46)
-> Request 2
377
(4, 3, 1)
3
(58, 59)
-> Request 3
496
(1, 3, 1)
3
(21, 10)
-> Request 4
653
(3, 1, 1)
2
(34, 10)
-> Request 5
825
(2, 2, 2)
2
(43, 22)
-> Request 6
840
(3, 3, 2)
2
(14, 63)
-> Request 7
891
(2, 1, 2)
1
(51, 71)
-> Request 8
915
(3, 3, 2)
3
(56, 32)
--> Day : 1
-> Request 0
566
(1, 2, 1)
3
(58, 77)
-> Request 1
580
(3, 1, 1)
1
(13, 37)
-> Request 2
628
(4, 3, 2)
3
(31, 21)
-> Request 3
1086
(3, 1, 1)
1
(10, 44)
-> Request 4
1087
(1, 1, 2)
3
(8, 37)
-> Request 5
1151
(2, 2, 2)
3
(70, 33)
-> Request 6
1240
(2, 3, 1)
2
(72, 72)
-> Request 7
1249
(2, 1, 2)
2
(56, 64)
--> Day : 2
-> Request 0
59
(2, 3, 1)
2
(66, 6)
-> Request 1
66
(1, 1, 1)
1
(67, 14)
-> Request 2
90
(4, 3, 2)
1
(63, 34)
-> Request 3
110
(3, 3, 2)
3
(33, 71)
-> Request 4
357
(2, 3, 1)
3
(76, 20)
-> Request 5
868
(4, 1, 2)
3
(61, 34)
-> Request 6
899
(4, 2, 2)
1
(73, 66)
-> Request 7
1036
(1, 3, 2)
3
(1, 23)
-> Request 8
1060
(2, 3, 2)
3
(11, 15)
-> Request 9
1060
(4, 1, 1)
3
(4, 74)
-> Request 10
1101
(2, 2, 1)
2
(55, 20)
-> Request 11
1155
(4, 1, 2)
1
(19, 36)
--> Day : 3
-> Request 0
29
(4, 1, 1)
2
(20, 67)
-> Request 1
29
(3, 3, 1)
1
(31, 42)
-> Request 2
443
(4, 1, 1)
2
(66, 5)
-> Request 3
633
(4, 2, 2)
3
(29, 20)
-> Request 4
912
(4, 1, 1)
2
(19, 71)
-> Request 5
1044
(3, 2, 2)
1
(51, 5)
--> Day : 4
-> Request 0
70
(3, 3, 2)
3
(79, 61)
-> Request 1
135
(1, 1, 1)
3
(75, 39)
-> Request 2
239
(4, 3, 2)
3
(56, 70)
-> Request 3
391
(4, 2, 2)
2
(10, 7)
-> Request 4
636
(1, 2, 2)
1
(16, 37)
-> Request 5
742
(4, 2, 1)
2
(64, 12)
-> Request 6
744
(4, 3, 1)
3
(55, 3)
-> Request 7
766
(3, 3, 1)
1
(4, 72)
-> Request 8
786
(2, 1, 2)
1
(0, 68)
-> Request 9
880
(1, 3, 2)
3
(68, 14)
-> Request 10
882
(3, 3, 1)
2
(13, 72)
-> Request 11
910
(4, 1, 1)
3
(66, 77)
-> Request 12
943
(3, 3, 1)
1
(67, 12)
-> Request 13
944
(4, 1, 1)
2
(63, 12)
-> Request 14
1044
(3, 3, 1)
2
(17, 15)
