---> Week : 0
--> Day : 0
-> Request 0
56
(3, 1, 1)
2
(7, 55)
-> Request 1
280
(2, 2, 2)
1
(34, 32)
-> Request 2
357
(3, 1, 2)
2
(44, 55)
-> Request 3
604
(2, 2, 2)
3
(71, 32)
-> Request 4
829
(4, 3, 2)
1
(2, 2)
-> Request 5
882
(2, 2, 2)
1
(75, 37)
-> Request 6
1379
(4, 1, 2)
1
(64, 62)
-> Request 7
1392
(1, 3, 1)
2
(23, 73)
--> Day : 1
-> Request 0
223
(4, 1, 2)
2
(53, 31)
-> Request 1
256
(2, 1, 2)
1
(53, 64)
-> Request 2
428
(2, 3, 2)
1
(51, 0)
-> Request 3
461
(2, 1, 1)
1
(48, 44)
--> Day : 2
-> Request 0
550
(2, 1, 2)
2
(74, 54)
-> Request 1
715
(4, 3, 2)
2
(19, 57)
-> Request 2
922
(1, 1, 1)
3
(70, 70)
-> Request 3
1054
(2, 1, 2)
2
(43, 60)
-> Request 4
1387
(1, 2, 2)
3
(2, 14)
--> Day : 3
-> Request 0
299
(1, 2, 2)
2
(72, 22)
-> Request 1
392
(1, 2, 1)
3
(56, 49)
-> Request 2
395
(2, 1, 1)
3
(37, 60)
-> Request 3
574
(3, 2, 1)
2
(44, 45)
-> Request 4
650
(1, 3, 2)
1
(74, 37)
-> Request 5
1147
(4, 2, 1)
3
(5, 77)
-> Request 6
1432
(4, 3, 1)
1
(60, 74)
--> Day : 4
-> Request 0
228
(2, 3, 2)
3
(41, 50)
-> Request 1
622
(2, 3, 2)
1
(69, 66)
-> Request 2
685
(4, 3, 1)
2
(47, 66)
-> Request 3
864
(3, 3, 2)
1
(57, 38)
---> Week : 1
--> Day : 0
-> Request 0
9
(4, 1, 1)
1
(60, 66)
-> Request 1
85
(3, 3, 1)
3
(35, 53)
-> Request 2
325
(1, 2, 2)
2
(41, 19)
-> Request 3
370
(1, 1, 1)
3
(52, 78)
-> Request 4
389
(1, 1, 2)
1
(57, 58)
-> Request 5
569
(1, 1, 1)
3
(43, 15)
-> Request 6
653
(2, 1, 2)
3
(39, 19)
-> Request 7
666
(1, 1, 2)
1
(18, 75)
-> Request 8
900
(2, 3, 2)
1
(50, 52)
-> Request 9
1163
(3, 1, 2)
2
(58, 19)
-> Request 10
1274
(2, 3, 2)
2
(54, 11)
--> Day : 1
-> Request 0
17
(2, 2, 2)
3
(19, 78)
-> Request 1
463
(1, 3, 1)
3
(79, 10)
-> Request 2
536
(2, 3, 1)
2
(10, 43)
-> Request 3
1032
(3, 1, 2)
2
(72, 13)
-> Request 4
1082
(3, 3, 2)
3
(26, 73)
-> Request 5
1120
(1, 3, 2)
3
(52, 38)
-> Request 6
1410
(2, 3, 2)
2
(11, 17)
-> Request 7
1422
(2, 1, 1)
2
(72, 49)
-> Request 8
1424
(2, 2, 2)
3
(72, 23)
--> Day : 2
-> Request 0
51
(1, 2, 1)
2
(33, 0)
-> Request 1
144
(1, 2, 2)
3
(65, 58)
-> Request 2
185
(1, 2, 1)
2
(21, 8)
-> Request 3
615
(2, 1, 2)
1
(20, 64)
-> Request 4
802
(3, 3, 1)
3
(6, 42)
-> Request 5
955
(2, 2, 1)
3
(3, 7)
-> Request 6
1011
(3, 3, 1)
2
(32, 1)
-> Request 7
1055
(4, 1, 1)
1
(63, 47)
-> Request 8
1073
(4, 1, 2)
3
(0, 60)
-> Request 9
1204
(2, 3, 2)
2
(70, 4)
-> Request 10
1241
(2, 2, 2)
2
(20, 46)
-> Request 11
1292
(4, 2, 2)
3
(0, 53)
--> Day : 3
-> Request 0
14
(1, 2, 2)
3
(42, 51)
-> Request 1
1146
(1, 3, 1)
2
(38, 32)
-> Request 2
1155
(1, 1, 1)
2
(54, 40)
--> Day : 4
-> Request 0
121
(4, 3, 1)
1
(15, 63)
-> Request 1
184
(1, 1, 1)
2
(79, 30)
-> Request 2
330
(3, 2, 1)
3
(73, 29)
-> Request 3
845
(2, 1, 1)
3
(44, 43)
---> Week : 2
--> Day : 0
-> Request 0
170
(2, 1, 2)
3
(62, 9)
-> Request 1
171
(1, 2, 2)
1
(16, 28)
-> Request 2
390
(1, 1, 1)
1
(17, 61)
-> Request 3
612
(2, 2, 2)
2
(23, 40)
-> Request 4
827
(2, 3, 2)
3
(40, 42)
-> Request 5
951
(3, 3, 1)
3
(2, 60)
-> Request 6
965
(1, 2, 1)
3
(74, 67)
-> Request 7
984
(1, 1, 2)
1
(24, 54)
-> Request 8
1078
(2, 3, 2)
1
(25, 78)
-> Request 9
1128
(2, 3, 2)
3
(34, 8)
-> Request 10
1162
(4, 2, 2)
3
(79, 55)
-> Request 11
1330
(1, 3, 2)
2
(6, 77)
-> Request 12
1373
(3, 1, 2)
3
(39, 43)
-> Request 13
1378
(3, 1, 2)
3
(22, 71)
--> Day : 1
-> Request 0
12
(4, 2, 2)
2
(54, 61)
-> Request 1
22
(4, 1, 1)
1
(18, 39)
-> Request 2
160
(3, 1, 2)
1
(4, 68)
-> Request 3
190
(2, 1, 1)
2
(26, 64)
-> Request 4
215
(4, 1, 2)
3
(44, 50)
-> Request 5
488
(3, 3, 1)
1
(44, 14)
-> Request 6
701
(4, 2, 2)
2
(55, 47)
-> Request 7
762
(3, 2, 1)
3
(70, 11)
-> Request 8
910
(2, 1, 1)
1
(12, 0)
-> Request 9
914
(3, 1, 2)
2
(59, 10)
-> Request 10
934
(4, 2, 1)
2
(58, 37)
-> Request 11
1100
(2, 2, 1)
1
(19, 29)
-> Request 12
1234
(1, 1, 1)
3
(39, 38)
-> Request 13
1262
(4, 2, 2)
3
(6, 39)
-> Request 14
1277
(4, 3, 2)
2
(44, 50)
-> Request 15
1359
(1, 2, 2)
1
(69, 59)
-> Request 16
1376
(4, 2, 2)
3
(37, 5)
--> Day : 2
-> Request 0
176
(3, 2, 2)
1
(66, 13)
-> Request 1
176
(2, 3, 2)
2
(76, 19)
-> Request 2
262
(2, 2, 2)
2
(4, 5)
-> Request 3
429
(1, 1, 1)
1
(25, 16)
-> Request 4
486
(3, 1, 2)
2
(70, 73)
-> Request 5
496
(4, 2, 1)
3
(34, 50)
-> Request 6
587
(2, 1, 1)
2
(14, 26)
-> Request 7
608
(4, 3, 2)
3
(29, 5)
-> Request 8
851
(2, 3, 2)
2
(11, 51)
-> Request 9
1135
(1, 3, 1)
1
(33, 56)
-> Request 10
1155
(2, 3, 2)
3
(5, 10)
-> Request 11
1202
(1, 3, 2)
1
(19, 65)
-> Request 12
1231
(3, 1, 1)
2
(53, 9)
-> Request 13
1279
(1, 2, 2)
2
(40, 39)
-> Request 14
1321
(1, 1, 2)
3
(59, 49)
-> Request 15
1400
(2, 3, 1)
3
(32, 62)
--> Day : 3
-> Request 0
518
(4, 3, 1)
3
(70, 77)
-> Request 1
646
(4, 2, 1)
1
(53, 77)
-> Request 2
713
(2, 2, 2)
1
(35, 63)
-> Request 3
798
(3, 2, 1)
1
(75, 57)
-> Request 4
1201
(4, 3, 2)
3
(29, 25)
--> Day : 4
-> Request 0
57
(3, 1, 2)
3
(25, 4)
-> Request 1
360
(4, 2, 2)
1
(0, 45)
-> Request 2
754
(1, 3, 1)
3
(31, 73)
---> Week : 3
--> Day : 0
-> Request 0
142
(3, 2, 2)
1
(12, 78)
-> Request 1
253
(1, 1, 2)
1
(62, 79)
-> Request 2
439
(2, 2, 2)
3
(50, 7)
-> Request 3
448
(1, 1, 2)
3
(21, 30)
-> Request 4
803
(3, 3, 2)
3
(33, 1)
-> Request 5
860
(4, 3, 1)
3
(19, 2)
-> Request 6
876
(4, 2, 2)
2
(50, 40)
-> Request 7
923
(3, 2, 1)
1
(37, 12)
-> Request 8
934
(4, 1, 2)
3
(10, 49)
-> Request 9
980
(4, 1, 2)
1
(40, 28)
--> Day : 1
-> Request 0
274
(1, 3, 2)
1
(6, 37)
-> Request 1
379
(2, 1, 1)
2
(41, 27)
-> Request 2
577
(4, 2, 1)
1
(54, 59)
-> Request 3
659
(1, 2, 1)
2
(53, 35)
-> Request 4
948
(1, 3, 2)
3
(57, 47)
-> Request 5
1036
(2, 2, 2)
3
(1, 33)
-> Request 6
1252
(4, 1, 2)
3
(37, 33)
--> Day : 2
-> Request 0
14
(2, 3, 1)
3
(16, 40)
-> Request 1
148
(3, 3, 2)
1
(1, 4)
-> Request 2
577
(4, 3, 2)
3
(50, 39)
-> Request 3
584
(1, 3, 1)
1
(38, 64)
-> Request 4
833
(1, 3, 2)
1
(9, 45)
-> Request 5
834
(3, 3, 2)
1
(20, 71)
-> Request 6
890
(1, 3, 2)
1
(14, 69)
-> Request 7
1050
(2, 3, 1)
2
(32, 31)
-> Request 8
1321
(1, 2, 2)
2
(3, 36)
--> Day : 3
-> Request 0
66
(4, 2, 1)
1
(43, 4)
-> Request 1
257
(4, 1, 1)
1
(47, 46)
-> Request 2
704
(1, 2, 2)
3
(27, 55)
-> Request 3
846
(3, 2, 1)
3
(76, 38)
-> Request 4
906
(3, 3, 1)
3
(3, 15)
-> Request 5
1026
(1, 1, 2)
2
(13, 36)
-> Request 6
1150
(4, 2, 2)
1
(37, 42)
-> Request 7
1326
(3, 2, 2)
2
(26, 61)
--> Day : 4
-> Request 0
124
(3, 1, 1)
1
(66, 3)
-> Request 1
181
(1, 1, 2)
1
(49, 68)
-> Request 2
218
(1, 2, 2)
2
(69, 2)
-> Request 3
281
(1, 1, 1)
2
(71, 50)
-> Request 4
290
(2, 1, 2)
1
(59, 4)
-> Request 5
454
(3, 2, 1)
1
(44, 51)
-> Request 6
504
(1, 1, 1)
1
(19, 55)
-> Request 7
744
(3, 1, 2)
3
(67, 4)
-> Request 8
953
(3, 1, 2)
2
(0, 4)
-> Request 9
1195
(4, 3, 2)
3
(34, 35)
-> Request 10
1228
(4, 3, 1)
1
(40, 2)
-> Request 11
1339
(4, 1, 2)
3
(10, 54)
---> Week : 4
--> Day : 0
-> Request 0
303
(3, 1, 2)
3
(65, 18)
-> Request 1
336
(1, 2, 2)
2
(27, 2)
-> Request 2
442
(3, 1, 2)
1
(41, 72)
-> Request 3
867
(1, 1, 1)
1
(71, 28)
-> Request 4
1315
(1, 3, 1)
2
(11, 13)
-> Request 5
1342
(3, 1, 1)
2
(34, 54)
--> Day : 1
-> Request 0
151
(1, 1, 1)
1
(59, 56)
-> Request 1
151
(2, 1, 2)
1
(14, 77)
-> Request 2
299
(3, 1, 1)
2
(50, 0)
-> Request 3
331
(3, 3, 2)
1
(26, 34)
-> Request 4
859
(4, 1, 1)
2
(13, 79)
-> Request 5
1138
(2, 2, 1)
2
(30, 15)
--> Day : 2
-> Request 0
691
(2, 1, 2)
1
(26, 12)
--> Day : 3
-> Request 0
51
(3, 3, 2)
1
(67, 1)
-> Request 1
74
(1, 1, 2)
2
(14, 40)
-> Request 2
184
(4, 3, 1)
1
(74, 22)
-> Request 3
476
(1, 2, 1)
2
(1, 47)
-> Request 4
573
(2, 2, 2)
3
(63, 51)
-> Request 5
767
(3, 1, 2)
2
(48, 42)
-> Request 6
889
(1, 2, 2)
2
(19, 42)
-> Request 7
1184
(4, 3, 2)
1
(13, 10)
--> Day : 4
-> Request 0
3
(2, 3, 1)
3
(27, 17)
-> Request 1
339
(3, 1, 2)
2
(8, 31)
-> Request 2
497
(4, 3, 2)
1
(62, 31)
-> Request 3
794
(4, 2, 2)
1
(3, 36)
-> Request 4
1262
(2, 1, 2)
3
(75, 77)
-> Request 5
1307
(2, 3, 1)
3
(76, 49)
-> Request 6
1310
(1, 2, 1)
3
(62, 34)
---> Week : 5
--> Day : 0
-> Request 0
254
(4, 3, 2)
3
(54, 31)
-> Request 1
346
(1, 2, 1)
2
(3, 46)
-> Request 2
537
(4, 1, 2)
2
(74, 34)
-> Request 3
682
(2, 1, 1)
1
(71, 61)
-> Request 4
892
(3, 3, 1)
3
(45, 48)
-> Request 5
1425
(4, 1, 1)
1
(10, 14)
--> Day : 1
-> Request 0
244
(4, 1, 2)
1
(16, 47)
-> Request 1
329
(3, 2, 2)
1
(3, 27)
-> Request 2
362
(4, 3, 1)
2
(39, 43)
-> Request 3
614
(1, 1, 2)
2
(36, 36)
-> Request 4
719
(2, 1, 2)
2
(79, 79)
-> Request 5
1131
(1, 2, 2)
1
(78, 38)
-> Request 6
1149
(1, 1, 2)
3
(76, 21)
-> Request 7
1308
(3, 1, 1)
1
(13, 49)
-> Request 8
1320
(3, 2, 1)
2
(43, 72)
-> Request 9
1409
(3, 1, 2)
1
(77, 43)
-> Request 10
1438
(4, 2, 2)
2
(11, 1)
--> Day : 2
-> Request 0
361
(3, 1, 1)
1
(79, 71)
-> Request 1
529
(3, 1, 1)
1
(46, 70)
-> Request 2
612
(1, 3, 2)
2
(13, 32)
-> Request 3
825
(4, 1, 2)
2
(10, 20)
-> Request 4
1211
(3, 1, 1)
1
(53, 39)
--> Day : 3
-> Request 0
16
(4, 2, 2)
2
(51, 11)
-> Request 1
88
(3, 2, 1)
3
(75, 71)
-> Request 2
157
(1, 3, 2)
2
(10, 66)
-> Request 3
589
(2, 1, 1)
1
(8, 49)
-> Request 4
793
(3, 1, 2)
1
(44, 54)
-> Request 5
841
(2, 2, 1)
1
(40, 74)
-> Request 6
873
(3, 2, 1)
3
(14, 21)
-> Request 7
948
(4, 2, 1)
1
(42, 42)
-> Request 8
1053
(3, 3, 2)
1
(79, 71)
-> Request 9
1087
(1, 1, 2)
3
(49, 55)
-> Request 10
1153
(3, 1, 2)
2
(28, 25)
-> Request 11
1211
(3, 2, 2)
2
(45, 10)
-> Request 12
1258
(2, 2, 1)
1
(5, 36)
--> Day : 4
-> Request 0
132
(3, 1, 2)
3
(3, 29)
-> Request 1
146
(4, 3, 1)
3
(33, 73)
-> Request 2
354
(2, 2, 1)
2
(54, 49)
-> Request 3
819
(4, 2, 1)
3
(45, 28)
-> Request 4
946
(2, 3, 1)
3
(70, 50)
-> Request 5
1062
(3, 3, 1)
3
(16, 20)
---> Week : 6
--> Day : 0
-> Request 0
99
(2, 2, 2)
3
(28, 41)
-> Request 1
155
(2, 1, 2)
1
(28, 55)
-> Request 2
212
(4, 2, 2)
1
(76, 70)
-> Request 3
316
(4, 1, 1)
3
(72, 72)
-> Request 4
454
(4, 3, 2)
3
(73, 23)
-> Request 5
648
(2, 3, 2)
1
(39, 51)
-> Request 6
785
(1, 3, 2)
2
(28, 36)
-> Request 7
1018
(1, 1, 1)
2
(77, 57)
-> Request 8
1037
(2, 2, 2)
1
(67, 32)
-> Request 9
1048
(3, 3, 2)
2
(55, 3)
-> Request 10
1162
(3, 3, 2)
3
(46, 56)
-> Request 11
1281
(1, 3, 1)
2
(22, 61)
--> Day : 1
-> Request 0
193
(4, 2, 2)
1
(0, 76)
-> Request 1
476
(3, 2, 1)
3
(49, 65)
-> Request 2
513
(4, 3, 2)
1
(74, 52)
-> Request 3
593
(2, 2, 1)
1
(16, 17)
-> Request 4
708
(2, 3, 1)
1
(61, 22)
-> Request 5
730
(1, 2, 2)
2
(3, 4)
-> Request 6
927
(4, 3, 1)
1
(30, 29)
-> Request 7
957
(1, 3, 1)
3
(18, 41)
-> Request 8
1120
(1, 3, 1)
3
(51, 60)
-> Request 9
1128
(3, 3, 1)
2
(15, 43)
-> Request 10
1160
(4, 1, 1)
1
(47, 29)
-> Request 11
1303
(4, 1, 2)
3
(64, 17)
-> Request 12
1328
(2, 1, 2)
3
(18, 28)
-> Request 13
1330
(2, 3, 2)
2
(72, 44)
--> Day : 2
-> Request 0
131
(2, 3, 2)
1
(18, 35)
-> Request 1
167
(1, 2, 2)
1
(54, 8)
-> Request 2
365
(1, 3, 1)
1
(26, 37)
-> Request 3
387
(3, 2, 2)
2
(43, 73)
-> Request 4
452
(2, 2, 1)
2
(60, 70)
-> Request 5
675
(4, 2, 2)
2
(9, 39)
-> Request 6
782
(4, 1, 1)
2
(21, 69)
--> Day : 3
-> Request 0
136
(2, 2, 2)
2
(25, 6)
-> Request 1
260
(3, 2, 1)
1
(26, 59)
-> Request 2
473
(3, 3, 1)
3
(7, 38)
-> Request 3
479
(1, 2, 1)
3
(51, 12)
-> Request 4
802
(4, 3, 1)
3
(44, 32)
-> Request 5
828
(4, 3, 1)
3
(32, 63)
-> Request 6
884
(4, 1, 2)
3
(34, 61)
-> Request 7
1118
(2, 1, 1)
1
(33, 65)
-> Request 8
1195
(4, 1, 2)
2
(7, 4)
-> Request 9
1256
(2, 2, 2)
1
(24, 46)
--> Day : 4
-> Request 0
14
(1, 2, 1)
2
(67, 15)
-> Request 1
56
(3, 3, 2)
1
(66, 15)
-> Request 2
160
(4, 1, 2)
1
(53, 20)
-> Request 3
447
(4, 2, 2)
3
(65, 50)
-> Request 4
450
(3, 2, 2)
1
(17, 26)
-> Request 5
454
(4, 2, 2)
2
(29, 33)
-> Request 6
464
(4, 1, 1)
2
(78, 24)
-> Request 7
465
(1, 3, 1)
1
(71, 73)
-> Request 8
547
(4, 2, 1)
2
(29, 3)
-> Request 9
606
(1, 2, 2)
2
(78, 15)
-> Request 10
681
(4, 2, 2)
2
(69, 40)
-> Request 11
886
(3, 3, 2)
2
(66, 51)
-> Request 12
910
(3, 3, 2)
1
(61, 1)
-> Request 13
1158
(1, 1, 1)
2
(0, 63)
-> Request 14
1238
(4, 3, 1)
2
(37, 55)
-> Request 15
1290
(4, 3, 1)
1
(27, 58)
---> Week : 7
--> Day : 0
-> Request 0
277
(1, 2, 1)
3
(34, 1)
-> Request 1
730
(4, 1, 1)
2
(44, 2)
-> Request 2
780
(4, 2, 2)
1
(76, 36)
-> Request 3
1249
(1, 1, 1)
3
(72, 64)
-> Request 4
1304
(4, 2, 2)
1
(60, 24)
-> Request 5
1330
(3, 1, 2)
2
(10, 58)
-> Request 6
1416
(1, 2, 2)
3
(27, 16)
-> Request 7
1427
(4, 1, 2)
1
(71, 13)
--> Day : 1
-> Request 0
175
(2, 3, 1)
1
(6, 4)
-> Request 1
284
(3, 1, 2)
3
(72, 78)
-> Request 2
342
(4, 2, 2)
2
(18, 77)
-> Request 3
452
(1, 3, 1)
1
(31, 67)
-> Request 4
547
(2, 1, 1)
3
(45, 64)
-> Request 5
991
(4, 3, 1)
2
(54, 75)
-> Request 6
999
(1, 1, 2)
1
(9, 58)
-> Request 7
1202
(4, 2, 2)
2
(72, 64)
-> Request 8
1237
(3, 3, 2)
3
(34, 1)
-> Request 9
1244
(3, 1, 1)
1
(39, 52)
-> Request 10
1293
(4, 1, 1)
1
(7, 76)
--> Day : 2
-> Request 0
77
(2, 2, 1)
1
(16, 16)
-> Request 1
149
(3, 2, 1)
2
(1, 32)
-> Request 2
248
(2, 3, 1)
1
(59, 18)
-> Request 3
420
(2, 2, 1)
1
(26, 8)
-> Request 4
428
(3, 3, 1)
2
(40, 78)
-> Request 5
556
(4, 1, 1)
2
(18, 16)
-> Request 6
732
(2, 1, 1)
1
(45, 12)
-> Request 7
816
(3, 2, 2)
1
(18, 63)
-> Request 8
873
(1, 3, 2)
1
(34, 10)
-> Request 9
877
(4, 3, 2)
1
(68, 60)
-> Request 10
1048
(4, 3, 2)
3
(15, 29)
--> Day : 3
-> Request 0
87
(3, 1, 2)
2
(23, 17)
-> Request 1
655
(3, 2, 2)
2
(20, 34)
-> Request 2
991
(2, 3, 1)
3
(73, 77)
-> Request 3
1002
(1, 3, 2)
1
(6, 39)
-> Request 4
1085
(4, 1, 2)
2
(71, 61)
-> Request 5
1187
(3, 2, 1)
1
(75, 21)
-> Request 6
1251
(2, 3, 2)
1
(51, 43)
-> Request 7
1350
(4, 3, 2)
3
(60, 47)
--> Day : 4
-> Request 0
37
(4, 3, 2)
1
(10, 38)
-> Request 1
41
(2, 2, 1)
2
(41, 16)
-> Request 2
216
(3, 1, 1)
3
(2, 6)
-> Request 3
476
(2, 3, 1)
3
(51, 30)
-> Request 4
481
(2, 3, 2)
1
(27, 3)
-> Request 5
512
(2, 3, 1)
2
(47, 73)
-> Request 6
575
(2, 3, 1)
1
(33, 7)
-> Request 7
605
(4, 1, 2)
2
(64, 63)
-> Request 8
629
(1, 3, 2)
2
(45, 52)
-> Request 9
661
(4, 1, 2)
3
(0, 78)
-> Request 10
900
(4, 3, 1)
2
(18, 23)
-> Request 11
1011
(4, 2, 1)
3
(13, 65)
-> Request 12
1177
(1, 3, 2)
2
(66, 65)
-> Request 13
1267
(1, 1, 1)
2
(33, 8)
-> Request 14
1395
(1, 3, 2)
2
(40, 16)
---> Week : 8
--> Day : 0
-> Request 0
235
(4, 2, 1)
3
(14, 57)
-> Request 1
253
(4, 3, 2)
1
(26, 8)
-> Request 2
533
(2, 1, 1)
2
(33, 0)
-> Request 3
559
(3, 1, 1)
1
(50, 61)
-> Request 4
574
(1, 1, 1)
2
(27, 68)
-> Request 5
710
(2, 1, 1)
3
(0, 32)
--> Day : 1
-> Request 0
39
(3, 1, 2)
3
(52, 63)
-> Request 1
56
(2, 2, 2)
3
(28, 40)
-> Request 2
257
(2, 2, 1)
3
(33, 1)
-> Request 3
600
(1, 3, 2)
1
(9, 35)
-> Request 4
637
(3, 2, 2)
3
(50, 40)
-> Request 5
818
(1, 1, 1)
3
(4, 2)
-> Request 6
1328
(2, 1, 2)
3
(45, 15)
--> Day : 2
-> Request 0
95
(4, 2, 1)
3
(37, 46)
-> Request 1
137
(4, 3, 2)
3
(48, 73)
-> Request 2
290
(1, 2, 2)
2
(39, 52)
-> Request 3
342
(1, 1, 2)
3
(73, 37)
-> Request 4
527
(2, 1, 2)
3
(75, 73)
-> Request 5
751
(1, 2, 1)
1
(45, 33)
-> Request 6
959
(3, 1, 1)
2
(3, 46)
-> Request 7
1006
(2, 1, 1)
3
(23, 57)
-> Request 8
1096
(2, 3, 2)
1
(46, 47)
-> Request 9
1177
(1, 1, 2)
1
(38, 18)
-> Request 10
1334
(3, 1, 2)
1
(16, 33)
-> Request 11
1342
(1, 3, 1)
2
(37, 12)
--> Day : 3
-> Request 0
0
(1, 2, 1)
3
(28, 58)
-> Request 1
44
(2, 3, 2)
1
(51, 69)
-> Request 2
210
(2, 3, 1)
3
(29, 22)
-> Request 3
330
(4, 2, 1)
3
(18, 71)
-> Request 4
367
(4, 2, 2)
3
(48, 10)
-> Request 5
414
(2, 3, 2)
2
(26, 9)
-> Request 6
537
(4, 2, 2)
3
(10, 54)
-> Request 7
762
(4, 3, 1)
1
(71, 54)
-> Request 8
883
(3, 1, 1)
2
(44, 67)
-> Request 9
938
(3, 3, 1)
3
(13, 28)
-> Request 10
1029
(2, 3, 2)
1
(79, 77)
-> Request 11
1088
(1, 1, 1)
2
(27, 31)
-> Request 12
1119
(4, 3, 2)
1
(71, 79)
-> Request 13
1357
(2, 1, 2)
1
(4, 8)
--> Day : 4
-> Request 0
234
(1, 1, 1)
3
(34, 4)
-> Request 1
321
(3, 3, 1)
3
(13, 69)
-> Request 2
359
(2, 3, 2)
1
(4, 48)
-> Request 3
378
(4, 1, 1)
3
(3, 20)
-> Request 4
405
(4, 3, 1)
2
(70, 54)
-> Request 5
436
(1, 1, 1)
3
(55, 69)
-> Request 6
801
(1, 1, 2)
2
(76, 41)
-> Request 7
1378
(1, 2, 1)
1
(1, 62)
---> Week : 9
--> Day : 0
-> Request 0
241
(2, 2, 2)
1
(33, 75)
-> Request 1
496
(2, 2, 1)
3
(43, 62)
-> Request 2
594
(1, 1, 2)
1
(9, 51)
-> Request 3
628
(2, 3, 2)
2
(27, 39)
-> Request 4
860
(3, 1, 2)
2
(27, 44)
-> Request 5
870
(2, 2, 1)
1
(76, 75)
-> Request 6
1064
(2, 2, 2)
3
(46, 8)
-> Request 7
1394
(2, 1, 1)
3
(54, 27)
-> Request 8
1400
(2, 3, 2)
3
(41, 77)
-> Request 9
1430
(2, 2, 1)
2
(60, 18)
--> Day : 1
-> Request 0
93
(3, 3, 2)
1
(4, 51)
-> Request 1
375
(3, 3, 2)
2
(15, 10)
-> Request 2
414
(4, 3, 1)
1
(26, 44)
-> Request 3
593
(2, 1, 2)
1
(51, 45)
-> Request 4
892
(1, 1, 1)
2
(27, 3)
-> Request 5
900
(3, 2, 2)
2
(74, 37)
-> Request 6
1077
(3, 3, 2)
1
(78, 37)
-> Request 7
1150
(3, 2, 1)
3
(54, 72)
-> Request 8
1238
(3, 1, 1)
1
(24, 37)
--> Day : 2
-> Request 0
176
(3, 1, 1)
3
(39, 34)
-> Request 1
295
(4, 2, 1)
2
(30, 40)
-> Request 2
463
(2, 2, 1)
3
(75, 73)
-> Request 3
615
(3, 1, 1)
3
(28, 3)
-> Request 4
707
(1, 2, 2)
3
(16, 66)
-> Request 5
954
(3, 2, 1)
1
(56, 41)
-> Request 6
979
(2, 1, 2)
1
(4, 9)
-> Request 7
1148
(2, 2, 1)
3
(56, 48)
-> Request 8
1311
(3, 1, 1)
1
(52, 64)
-> Request 9
1349
(2, 3, 2)
3
(21, 66)
--> Day : 3
-> Request 0
637
(2, 1, 2)
3
(11, 2)
-> Request 1
680
(4, 2, 2)
3
(57, 40)
-> Request 2
779
(4, 3, 2)
2
(48, 73)
-> Request 3
784
(2, 2, 1)
1
(41, 39)
-> Request 4
839
(2, 1, 1)
3
(77, 65)
-> Request 5
881
(4, 2, 2)
2
(32, 38)
-> Request 6
907
(3, 2, 2)
1
(22, 26)
-> Request 7
1173
(1, 2, 1)
1
(0, 26)
-> Request 8
1290
(2, 1, 1)
1
(2, 40)
-> Request 9
1307
(2, 3, 2)
2
(51, 23)
-> Request 10
1380
(1, 1, 2)
2
(30, 67)
-> Request 11
1400
(2, 1, 1)
3
(18, 61)
--> Day : 4
-> Request 0
167
(2, 3, 2)
1
(31, 39)
-> Request 1
290
(4, 2, 1)
3
(54, 55)
-> Request 2
576
(4, 2, 2)
1
(27, 59)
-> Request 3
604
(1, 3, 2)
2
(22, 13)
-> Request 4
611
(3, 2, 1)
2
(78, 6)
-> Request 5
709
(1, 1, 2)
1
(19, 51)
-> Request 6
941
(1, 1, 2)
2
(18, 14)
---> Week : 10
--> Day : 0
-> Request 0
157
(1, 2, 2)
3
(38, 65)
-> Request 1
343
(1, 2, 1)
2
(12, 34)
-> Request 2
609
(2, 3, 1)
3
(43, 61)
-> Request 3
627
(2, 1, 2)
1
(58, 47)
-> Request 4
647
(4, 1, 1)
3
(72, 22)
-> Request 5
753
(4, 3, 1)
3
(61, 44)
-> Request 6
910
(1, 2, 1)
2
(27, 43)
-> Request 7
1009
(3, 1, 1)
1
(6, 69)
-> Request 8
1046
(3, 2, 2)
2
(67, 61)
-> Request 9
1259
(2, 3, 1)
1
(28, 7)
--> Day : 1
-> Request 0
197
(1, 1, 1)
3
(34, 69)
-> Request 1
497
(1, 3, 2)
3
(43, 38)
-> Request 2
623
(2, 2, 1)
3
(74, 35)
-> Request 3
674
(3, 1, 1)
3
(34, 51)
-> Request 4
680
(2, 2, 1)
3
(59, 76)
-> Request 5
714
(4, 2, 2)
1
(60, 22)
-> Request 6
776
(3, 3, 2)
2
(54, 28)
-> Request 7
912
(3, 2, 1)
3
(22, 11)
-> Request 8
1292
(1, 2, 1)
3
(72, 72)
-> Request 9
1347
(1, 2, 2)
2
(44, 4)
--> Day : 2
-> Request 0
17
(1, 1, 2)
2
(37, 44)
-> Request 1
129
(3, 2, 2)
3
(28, 51)
-> Request 2
471
(2, 2, 2)
3
(68, 11)
-> Request 3
557
(3, 1, 1)
1
(30, 62)
-> Request 4
570
(1, 2, 1)
1
(59, 69)
-> Request 5
832
(1, 1, 2)
3
(22, 40)
-> Request 6
852
(4, 3, 1)
1
(11, 58)
-> Request 7
947
(4, 3, 2)
3
(54, 44)
-> Request 8
1166
(1, 2, 1)
3
(23, 1)
--> Day : 3
-> Request 0
103
(4, 3, 1)
2
(3, 49)
-> Request 1
112
(2, 2, 1)
2
(32, 76)
-> Request 2
222
(2, 2, 2)
2
(4, 49)
-> Request 3
251
(3, 3, 1)
3
(10, 71)
-> Request 4
407
(4, 2, 1)
3
(24, 77)
-> Request 5
460
(4, 3, 1)
3
(25, 40)
-> Request 6
618
(2, 2, 1)
3
(74, 9)
-> Request 7
873
(2, 1, 1)
2
(53, 12)
-> Request 8
1034
(4, 3, 1)
3
(44, 46)
-> Request 9
1179
(3, 3, 1)
2
(30, 44)
-> Request 10
1188
(4, 1, 2)
3
(34, 75)
-> Request 11
1344
(3, 1, 1)
2
(69, 33)
--> Day : 4
-> Request 0
232
(3, 2, 1)
2
(4, 8)
-> Request 1
535
(2, 3, 1)
3
(2, 64)
-> Request 2
599
(2, 1, 2)
1
(52, 17)
-> Request 3
663
(4, 2, 2)
3
(77, 5)
-> Request 4
752
(3, 1, 2)
1
(53, 27)
-> Request 5
776
(2, 2, 1)
1
(70, 17)
-> Request 6
843
(1, 3, 2)
3
(66, 63)
-> Request 7
975
(2, 3, 2)
3
(65, 45)
-> Request 8
1392
(4, 2, 1)
3
(74, 62)
---> Week : 11
--> Day : 0
-> Request 0
330
(2, 1, 1)
3
(61, 26)
-> Request 1
379
(1, 3, 1)
1
(44, 5)
-> Request 2
1013
(2, 1, 1)
1
(49, 10)
-> Request 3
1095
(1, 1, 2)
3
(77, 31)
-> Request 4
1211
(4, 2, 1)
2
(19, 0)
--> Day : 1
-> Request 0
189
(4, 2, 2)
1
(53, 40)
-> Request 1
267
(3, 2, 2)
2
(45, 52)
-> Request 2
274
(2, 3, 2)
2
(11, 73)
-> Request 3
346
(2, 3, 2)
2
(0, 52)
-> Request 4
389
(3, 3, 1)
1
(38, 51)
-> Request 5
729
(4, 1, 2)
2
(3, 13)
-> Request 6
736
(2, 1, 1)
2
(28, 9)
-> Request 7
737
(1, 3, 2)
3
(37, 14)
-> Request 8
1337
(3, 3, 1)
3
(42, 13)
--> Day : 2
-> Request 0
157
(3, 1, 1)
1
(20, 44)
-> Request 1
182
(4, 2, 1)
1
(49, 47)
-> Request 2
213
(1, 1, 2)
1
(36, 2)
-> Request 3
413
(3, 1, 2)
3
(70, 20)
-> Request 4
626
(4, 1, 2)
3
(20, 28)
-> Request 5
790
(1, 1, 1)
3
(48, 78)
-> Request 6
899
(1, 2, 1)
3
(19, 74)
-> Request 7
1082
(3, 2, 2)
1
(42, 26)
--> Day : 3
-> Request 0
269
(3, 3, 2)
3
(43, 79)
-> Request 1
471
(1, 2, 2)
2
(57, 21)
-> Request 2
476
(2, 2, 1)
2
(53, 35)
-> Request 3
529
(1, 2, 2)
3
(32, 50)
-> Request 4
761
(1, 2, 2)
1
(61, 2)
-> Request 5
767
(1, 2, 2)
2
(34, 39)
-> Request 6
883
(3, 3, 1)
2
(3, 51)
-> Request 7
1073
(1, 1, 2)
1
(9, 47)
-> Request 8
1160
(4, 2, 2)
1
(12, 9)
--> Day : 4
-> Request 0
88
(3, 2, 1)
1
(65, 65)
-> Request 1
109
(1, 1, 1)
2
(28, 39)
-> Request 2
434
(1, 1, 2)
2
(73, 54)
-> Request 3
565
(3, 2, 1)
1
(8, 36)
-> Request 4
852
(3, 1, 1)
1
(49, 16)
-> Request 5
870
(3, 2, 1)
1
(57, 8)
-> Request 6
1097
(1, 3, 2)
2
(52, 19)
-> Request 7
1276
(1, 3, 2)
1
(55, 10)
-> Request 8
1383
(3, 1, 2)
3
(53, 69)
-> Request 9
1409
(1, 3, 1)
1
(62, 45)
---> Week : 12
--> Day : 0
-> Request 0
539
(1, 3, 1)
1
(68, 66)
-> Request 1
751
(1, 2, 2)
3
(78, 19)
-> Request 2
1211
(4, 3, 2)
1
(27, 64)
--> Day : 1
-> Request 0
98
(1, 1, 2)
1
(66, 73)
-> Request 1
159
(2, 2, 1)
2
(4, 64)
-> Request 2
159
(4, 1, 2)
3
(78, 4)
-> Request 3
359
(1, 1, 1)
2
(47, 73)
-> Request 4
564
(4, 1, 2)
3
(15, 27)
-> Request 5
619
(3, 1, 2)
1
(74, 26)
-> Request 6
892
(1, 2, 1)
2
(54, 79)
-> Request 7
922
(2, 3, 2)
3
(37, 72)
-> Request 8
1173
(1, 2, 2)
3
(53, 15)
-> Request 9
1185
(1, 1, 2)
3
(48, 39)
-> Request 10
1214
(1, 1, 2)
3
(29, 14)
-> Request 11
1303
(1, 1, 2)
2
(64, 68)
-> Request 12
1399
(1, 1, 2)
3
(28, 54)
-> Request 13
1421
(4, 2, 2)
1
(25, 79)
--> Day : 2
-> Request 0
44
(2, 1, 2)
2
(63, 24)
-> Request 1
58
(3, 3, 2)
3
(29, 28)
-> Request 2
132
(4, 3, 1)
1
(42, 32)
-> Request 3
226
(1, 3, 2)
2
(17, 62)
-> Request 4
278
(3, 3, 1)
1
(51, 52)
-> Request 5
304
(2, 2, 2)
2
(78, 10)
-> Request 6
310
(1, 3, 2)
1
(26, 55)
-> Request 7
356
(1, 1, 1)
3
(34, 9)
-> Request 8
372
(1, 2, 2)
1
(73, 55)
-> Request 9
735
(2, 3, 1)
3
(35, 76)
-> Request 10
764
(3, 3, 2)
3
(58, 56)
-> Request 11
939
(1, 1, 2)
2
(29, 3)
-> Request 12
1335
(2, 2, 1)
3
(49, 27)
-> Request 13
1404
(3, 2, 2)
1
(35, 28)
--> Day : 3
-> Request 0
587
(2, 3, 2)
1
(0, 17)
-> Request 1
588
(1, 3, 2)
3
(36, 48)
-> Request 2
756
(1, 1, 1)
3
(24, 19)
-> Request 3
1012
(3, 2, 1)
1
(68, 0)
-> Request 4
1053
(1, 2, 2)
2
(34, 42)
-> Request 5
1243
(4, 1, 1)
2
(69, 35)
--> Day : 4
-> Request 0
150
(2, 2, 2)
1
(27, 73)
-> Request 1
497
(2, 3, 1)
3
(31, 59)
-> Request 2
561
(3, 3, 2)
1
(16, 24)
-> Request 3
756
(4, 3, 1)
3
(2, 31)
-> Request 4
854
(1, 2, 1)
1
(20, 28)
-> Request 5
1292
(1, 3, 1)
3
(71, 39)
-> Request 6
1307
(4, 3, 2)
2
(23, 5)
---> Week : 13
--> Day : 0
-> Request 0
130
(3, 1, 2)
1
(65, 61)
-> Request 1
164
(4, 3, 2)
1
(74, 77)
-> Request 2
196
(4, 2, 1)
3
(38, 37)
-> Request 3
291
(4, 2, 2)
3
(14, 67)
-> Request 4
643
(3, 2, 2)
2
(68, 26)
-> Request 5
809
(4, 1, 1)
3
(63, 78)
-> Request 6
823
(4, 2, 2)
3
(79, 34)
-> Request 7
885
(3, 2, 2)
2
(25, 78)
-> Request 8
951
(1, 2, 2)
3
(24, 9)
-> Request 9
1183
(3, 2, 2)
2
(75, 74)
--> Day : 1
-> Request 0
353
(3, 3, 1)
3
(4, 48)
-> Request 1
841
(3, 1, 1)
1
(43, 5)
-> Request 2
896
(4, 1, 2)
2
(49, 46)
-> Request 3
951
(1, 2, 2)
2
(56, 56)
-> Request 4
961
(2, 2, 2)
1
(76, 19)
-> Request 5
988
(2, 1, 1)
3
(67, 35)
-> Request 6
1291
(3, 3, 1)
2
(12, 40)
--> Day : 2
-> Request 0
190
(3, 1, 1)
1
(27, 23)
-> Request 1
275
(3, 2, 2)
1
(2, 57)
-> Request 2
584
(3, 1, 1)
3
(50, 24)
-> Request 3
713
(1, 3, 1)
1
(63, 46)
-> Request 4
736
(1, 2, 1)
1
(30, 35)
-> Request 5
864
(4, 1, 1)
3
(39, 59)
-> Request 6
946
(2, 2, 2)
3
(14, 18)
-> Request 7
1009
(4, 3, 2)
2
(66, 8)
-> Request 8
1138
(4, 1, 1)
2
(33, 0)
-> Request 9
1252
(3, 2, 1)
3
(45, 18)
-> Request 10
1414
(3, 3, 1)
2
(6, 79)
--> Day : 3
-> Request 0
92
(1, 2, 1)
2
(16, 68)
-> Request 1
217
(2, 3, 1)
2
(23, 7)
-> Request 2
321
(1, 2, 2)
3
(78, 41)
-> Request 3
352
(1, 2, 1)
2
(8, 65)
-> Request 4
460
(2, 2, 1)
1
(17, 70)
-> Request 5
528
(2, 3, 2)
2
(2, 53)
-> Request 6
624
(4, 3, 2)
2
(63, 79)
-> Request 7
697
(2, 2, 1)
1
(7, 36)
-> Request 8
744
(1, 2, 1)
3
(39, 42)
-> Request 9
820
(1, 3, 1)
2
(13, 13)
-> Request 10
1052
(3, 1, 2)
1
(23, 63)
-> Request 11
1264
(2, 2, 2)
2
(14, 5)
-> Request 12
1303
(3, 3, 2)
2
(29, 35)
--> Day : 4
-> Request 0
638
(3, 1, 1)
2
(37, 16)
-> Request 1
929
(2, 2, 2)
1
(65, 4)
-> Request 2
934
(4, 2, 2)
1
(1, 24)
-> Request 3
1120
(3, 2, 1)
1
(0, 23)
---> Week : 14
--> Day : 0
-> Request 0
297
(2, 3, 2)
1
(8, 19)
-> Request 1
305
(2, 3, 1)
2
(38, 29)
-> Request 2
421
(1, 1, 2)
2
(43, 63)
-> Request 3
989
(1, 3, 2)
1
(63, 5)
-> Request 4
1138
(3, 2, 2)
3
(34, 31)
-> Request 5
1177
(2, 3, 2)
2
(13, 4)
-> Request 6
1206
(2, 3, 1)
3
(13, 68)
-> Request 7
1213
(2, 3, 2)
2
(1, 37)
-> Request 8
1297
(2, 3, 1)
3
(79, 0)
-> Request 9
1400
(1, 3, 1)
3
(52, 1)
--> Day : 1
-> Request 0
129
(2, 3, 1)
1
(18, 75)
-> Request 1
272
(4, 2, 1)
1
(60, 22)
-> Request 2
502
(2, 3, 1)
1
(66, 77)
-> Request 3
807
(4, 2, 1)
1
(19, 49)
-> Request 4
847
(2, 2, 2)
1
(44, 7)
-> Request 5
980
(3, 3, 2)
1
(21, 3)
-> Request 6
1326
(4, 3, 1)
3
(74, 7)
--> Day : 2
-> Request 0
71
(2, 2, 1)
2
(70, 53)
-> Request 1
437
(1, 1, 2)
3
(37, 10)
-> Request 2
868
(4, 1, 2)
3
(48, 73)
-> Request 3
1161
(4, 3, 1)
3
(74, 58)
-> Request 4
1213
(2, 2, 1)
1
(76, 64)
-> Request 5
1432
(1, 1, 2)
3
(38, 0)
--> Day : 3
-> Request 0
21
(3, 1, 1)
3
(76, 70)
-> Request 1
262
(1, 3, 2)
2
(26, 35)
-> Request 2
569
(1, 3, 1)
3
(26, 33)
-> Request 3
720
(4, 3, 1)
3
(75, 70)
-> Request 4
795
(4, 2, 2)
2
(47, 46)
-> Request 5
853
(2, 1, 1)
3
(43, 6)
-> Request 6
1054
(4, 2, 1)
3
(3, 23)
-> Request 7
1145
(1, 3, 1)
1
(9, 13)
-> Request 8
1302
(3, 1, 2)
1
(61, 67)
-> Request 9
1360
(4, 3, 1)
3
(6, 72)
--> Day : 4
-> Request 0
231
(1, 1, 1)
3
(58, 47)
-> Request 1
353
(2, 1, 2)
1
(41, 74)
-> Request 2
368
(2, 1, 1)
1
(71, 22)
-> Request 3
512
(1, 1, 1)
1
(62, 2)
-> Request 4
623
(4, 1, 1)
2
(24, 17)
-> Request 5
661
(2, 2, 1)
1
(55, 55)
-> Request 6
666
(3, 2, 2)
2
(69, 72)
-> Request 7
764
(3, 2, 2)
3
(39, 17)
-> Request 8
828
(2, 1, 1)
1
(70, 47)
-> Request 9
832
(1, 3, 2)
2
(3, 79)
-> Request 10
858
(1, 3, 1)
2
(43, 34)
-> Request 11
885
(3, 1, 1)
3
(45, 71)
-> Request 12
950
(3, 2, 2)
2
(56, 63)
-> Request 13
1268
(1, 1, 2)
3
(23, 65)
-> Request 14
1297
(1, 2, 2)
3
(19, 28)
-> Request 15
1326
(1, 1, 2)
1
(62, 72)
-> Request 16
1356
(4, 3, 2)
3
(10, 71)
---> Week : 15
--> Day : 0
-> Request 0
103
(2, 2, 2)
2
(30, 2)
-> Request 1
128
(2, 1, 2)
1
(13, 41)
-> Request 2
190
(3, 1, 1)
3
(63, 41)
-> Request 3
463
(2, 3, 1)
3
(10, 43)
-> Request 4
486
(2, 3, 2)
1
(52, 16)
-> Request 5
641
(2, 1, 2)
3
(29, 36)
-> Request 6
791
(3, 3, 1)
1
(72, 75)
-> Request 7
1009
(3, 1, 1)
3
(35, 49)
-> Request 8
1167
(1, 3, 2)
3
(24, 32)
-> Request 9
1214
(4, 2, 1)
1
(46, 61)
--> Day : 1
-> Request 0
27
(2, 2, 1)
2
(71, 2)
-> Request 1
133
(1, 2, 1)
1
(23, 2)
-> Request 2
136
(1, 3, 1)
2
(46, 49)
-> Request 3
157
(3, 2, 1)
1
(47, 77)
-> Request 4
334
(3, 1, 2)
3
(7, 57)
-> Request 5
352
(2, 2, 2)
2
(19, 8)
-> Request 6
732
(4, 2, 2)
3
(62, 46)
-> Request 7
830
(2, 2, 2)
3
(49, 35)
-> Request 8
1062
(1, 3, 2)
2
(16, 60)
-> Request 9
1113
(3, 3, 1)
1
(59, 22)
-> Request 10
1193
(2, 1, 2)
1
(10, 2)
--> Day : 2
-> Request 0
88
(2, 3, 1)
1
(27, 46)
-> Request 1
403
(1, 2, 2)
3
(44, 69)
-> Request 2
733
(3, 1, 2)
1
(25, 58)
-> Request 3
757
(4, 1, 2)
2
(49, 76)
-> Request 4
987
(2, 3, 2)
2
(65, 54)
-> Request 5
1037
(3, 3, 1)
3
(15, 35)
-> Request 6
1037
(4, 1, 2)
1
(22, 61)
-> Request 7
1070
(1, 2, 2)
2
(54, 11)
-> Request 8
1137
(2, 2, 2)
3
(2, 56)
-> Request 9
1197
(2, 2, 2)
2
(32, 34)
--> Day : 3
-> Request 0
366
(1, 2, 2)
3
(79, 18)
-> Request 1
419
(4, 2, 2)
3
(57, 15)
-> Request 2
463
(3, 1, 1)
3
(74, 5)
-> Request 3
585
(2, 2, 1)
3
(55, 33)
-> Request 4
596
(2, 2, 1)
2
(12, 67)
-> Request 5
1114
(4, 1, 1)
3
(40, 21)
-> Request 6
1221
(2, 3, 2)
2
(52, 41)
-> Request 7
1234
(1, 2, 2)
3
(17, 71)
-> Request 8
1245
(3, 2, 1)
3
(75, 25)
-> Request 9
1362
(2, 3, 1)
3
(15, 79)
-> Request 10
1375
(4, 1, 1)
1
(34, 47)
-> Request 11
1375
(4, 2, 1)
3
(77, 57)
-> Request 12
1393
(3, 2, 1)
1
(20, 15)
--> Day : 4
-> Request 0
62
(3, 3, 1)
1
(52, 47)
-> Request 1
494
(2, 2, 2)
1
(12, 16)
-> Request 2
567
(1, 1, 1)
3
(31, 8)
-> Request 3
567
(3, 3, 1)
3
(15, 20)
-> Request 4
673
(1, 3, 2)
2
(77, 59)
-> Request 5
785
(4, 3, 1)
2
(71, 24)
-> Request 6
814
(4, 3, 1)
3
(15, 65)
-> Request 7
974
(4, 3, 2)
2
(16, 28)
-> Request 8
1155
(2, 3, 1)
2
(41, 57)
-> Request 9
1436
(1, 1, 1)
3
(44, 51)
---> Week : 16
--> Day : 0
-> Request 0
75
(1, 1, 2)
3
(13, 50)
-> Request 1
122
(1, 3, 1)
1
(24, 69)
-> Request 2
160
(2, 1, 2)
1
(1, 45)
-> Request 3
411
(1, 2, 1)
2
(78, 6)
-> Request 4
722
(4, 3, 2)
1
(23, 46)
-> Request 5
984
(4, 2, 2)
3
(11, 17)
-> Request 6
1098
(3, 3, 2)
3
(18, 13)
-> Request 7
1152
(2, 2, 1)
1
(16, 1)
-> Request 8
1158
(4, 1, 1)
1
(78, 2)
-> Request 9
1289
(3, 3, 1)
2
(46, 19)
--> Day : 1
-> Request 0
304
(3, 3, 2)
3
(33, 39)
-> Request 1
766
(3, 3, 1)
3
(54, 21)
-> Request 2
1035
(2, 1, 2)
3
(36, 25)
-> Request 3
1078
(4, 3, 2)
1
(36, 1)
-> Request 4
1121
(3, 3, 2)
3
(32, 15)
-> Request 5
1180
(1, 1, 1)
2
(74, 72)
-> Request 6
1214
(4, 1, 1)
2
(48, 66)
-> Request 7
1373
(3, 3, 1)
3
(71, 44)
--> Day : 2
-> Request 0
36
(1, 1, 2)
1
(31, 65)
-> Request 1
43
(4, 3, 1)
3
(4, 8)
-> Request 2
370
(3, 3, 2)
1
(51, 58)
-> Request 3
372
(3, 3, 2)
3
(6, 16)
-> Request 4
570
(3, 3, 1)
2
(3, 66)
-> Request 5
690
(4, 1, 2)
3
(50, 56)
-> Request 6
765
(2, 3, 2)
3
(66, 12)
-> Request 7
890
(2, 1, 2)
1
(35, 20)
-> Request 8
1084
(3, 2, 1)
2
(14, 67)
--> Day : 3
-> Request 0
28
(3, 1, 2)
3
(27, 11)
-> Request 1
118
(1, 1, 2)
3
(46, 60)
-> Request 2
331
(2, 3, 2)
1
(49, 7)
-> Request 3
501
(4, 3, 1)
3
(7, 52)
-> Request 4
576
(3, 1, 2)
1
(43, 5)
-> Request 5
656
(1, 1, 2)
2
(44, 33)
-> Request 6
714
(4, 2, 2)
1
(9, 44)
-> Request 7
771
(3, 1, 1)
1
(7, 23)
-> Request 8
912
(3, 2, 1)
2
(9, 23)
-> Request 9
934
(4, 3, 1)
1
(11, 23)
-> Request 10
938
(3, 1, 1)
1
(62, 73)
-> Request 11
1364
(3, 2, 2)
3
(45, 51)
-> Request 12
1382
(4, 1, 2)
2
(21, 28)
-> Request 13
1411
(4, 2, 2)
1
(29, 43)
-> Request 14
1433
(2, 1, 1)
2
(61, 24)
--> Day : 4
-> Request 0
221
(2, 2, 1)
2
(57, 41)
-> Request 1
543
(4, 1, 2)
2
(34, 13)
-> Request 2
670
(3, 2, 1)
1
(35, 35)
-> Request 3
892
(3, 3, 1)
3
(67, 51)
-> Request 4
1077
(2, 1, 2)
3
(39, 29)
-> Request 5
1221
(4, 2, 1)
1
(29, 36)
---> Week : 17
--> Day : 0
-> Request 0
7
(2, 2, 2)
3
(56, 11)
-> Request 1
7
(4, 2, 2)
2
(56, 38)
-> Request 2
71
(2, 2, 2)
2
(66, 2)
-> Request 3
75
(1, 2, 2)
2
(22, 19)
-> Request 4
339
(1, 1, 1)
2
(17, 77)
-> Request 5
403
(3, 2, 1)
1
(71, 9)
-> Request 6
421
(4, 3, 2)
3
(12, 10)
-> Request 7
461
(2, 3, 1)
3
(68, 21)
-> Request 8
655
(4, 1, 2)
1
(40, 51)
-> Request 9
664
(2, 3, 1)
1
(71, 27)
-> Request 10
1136
(1, 3, 1)
3
(6, 60)
-> Request 11
1139
(2, 1, 1)
2
(27, 56)
-> Request 12
1140
(3, 2, 1)
3
(13, 12)
-> Request 13
1177
(3, 2, 1)
2
(59, 42)
-> Request 14
1187
(1, 3, 2)
2
(0, 55)
-> Request 15
1196
(4, 1, 2)
3
(37, 62)
-> Request 16
1377
(4, 1, 2)
1
(72, 3)
--> Day : 1
-> Request 0
138
(3, 1, 2)
2
(37, 11)
-> Request 1
278
(3, 3, 1)
2
(7, 23)
-> Request 2
468
(2, 3, 1)
1
(34, 16)
-> Request 3
702
(4, 3, 2)
2
(68, 3)
-> Request 4
728
(2, 2, 1)
2
(47, 23)
-> Request 5
971
(2, 2, 2)
1
(41, 56)
-> Request 6
979
(4, 3, 1)
3
(79, 7)
-> Request 7
1292
(3, 2, 1)
2
(27, 39)
--> Day : 2
-> Request 0
33
(3, 1, 2)
1
(12, 47)
-> Request 1
118
(3, 2, 1)
1
(13, 44)
-> Request 2
423
(3, 3, 1)
2
(48, 46)
-> Request 3
1065
(1, 1, 1)
1
(33, 53)
-> Request 4
1292
(1, 2, 1)
1
(29, 66)
--> Day : 3
-> Request 0
381
(1, 2, 2)
1
(17, 20)
-> Request 1
398
(2, 1, 2)
2
(72, 66)
-> Request 2
641
(3, 1, 2)
1
(6, 73)
-> Request 3
1101
(1, 3, 1)
3
(32, 60)
-> Request 4
1338
(2, 1, 1)
3
(55, 28)
-> Request 5
1388
(3, 1, 2)
3
(22, 59)
--> Day : 4
-> Request 0
779
(3, 3, 1)
1
(8, 31)
-> Request 1
953
(2, 3, 1)
2
(42, 46)
-> Request 2
999
(2, 2, 2)
1
(27, 57)
-> Request 3
1091
(2, 3, 1)
1
(13, 60)
-> Request 4
1139
(1, 2, 1)
3
(53, 77)
-> Request 5
1294
(3, 1, 2)
1
(74, 70)
---> Week : 18
--> Day : 0
-> Request 0
200
(3, 2, 2)
2
(79, 51)
-> Request 1
227
(4, 2, 2)
3
(19, 12)
-> Request 2
291
(4, 3, 1)
1
(63, 51)
-> Request 3
293
(3, 2, 1)
2
(31, 68)
-> Request 4
456
(2, 2, 2)
3
(22, 11)
-> Request 5
469
(2, 1, 2)
3
(49, 65)
-> Request 6
542
(3, 3, 1)
1
(41, 24)
-> Request 7
717
(4, 2, 2)
1
(69, 6)
-> Request 8
753
(2, 3, 2)
1
(36, 69)
-> Request 9
788
(2, 3, 1)
3
(32, 6)
-> Request 10
867
(2, 1, 2)
2
(5, 39)
-> Request 11
875
(2, 2, 1)
2
(11, 0)
-> Request 12
954
(4, 2, 1)
3
(51, 20)
-> Request 13
1176
(4, 3, 2)
2
(23, 11)
-> Request 14
1284
(3, 2, 1)
2
(9, 15)
-> Request 15
1328
(2, 2, 2)
2
(69, 46)
--> Day : 1
-> Request 0
332
(4, 3, 1)
3
(25, 19)
-> Request 1
399
(2, 1, 1)
1
(51, 72)
-> Request 2
419
(3, 3, 1)
3
(53, 62)
-> Request 3
606
(3, 1, 2)
1
(50, 74)
-> Request 4
825
(1, 2, 2)
3
(56, 9)
-> Request 5
978
(3, 1, 1)
1
(38, 35)
-> Request 6
1044
(3, 1, 1)
3
(70, 51)
-> Request 7
1185
(3, 3, 1)
2
(59, 3)
-> Request 8
1209
(4, 1, 2)
1
(68, 22)
--> Day : 2
-> Request 0
1
(3, 1, 1)
1
(62, 22)
-> Request 1
347
(4, 2, 2)
1
(26, 31)
-> Request 2
502
(1, 2, 2)
2
(39, 42)
-> Request 3
631
(3, 2, 2)
2
(64, 66)
-> Request 4
732
(2, 2, 2)
3
(67, 69)
-> Request 5
834
(2, 2, 1)
1
(16, 46)
-> Request 6
836
(3, 3, 2)
2
(44, 32)
-> Request 7
929
(2, 3, 2)
2
(74, 39)
-> Request 8
931
(4, 1, 2)
3
(11, 49)
-> Request 9
1297
(3, 3, 2)
1
(8, 52)
-> Request 10
1348
(3, 3, 1)
3
(75, 20)
-> Request 11
1357
(2, 2, 2)
3
(50, 62)
-> Request 12
1368
(1, 2, 1)
3
(26, 74)
--> Day : 3
-> Request 0
142
(1, 2, 1)
1
(20, 16)
-> Request 1
239
(2, 3, 2)
1
(58, 76)
-> Request 2
241
(1, 1, 2)
1
(78, 2)
-> Request 3
1154
(1, 3, 1)
3
(2, 48)
-> Request 4
1178
(1, 3, 2)
2
(10, 36)
-> Request 5
1270
(3, 2, 2)
2
(1, 40)
-> Request 6
1376
(1, 1, 1)
1
(21, 23)
--> Day : 4
-> Request 0
113
(4, 2, 1)
3
(19, 27)
-> Request 1
350
(1, 2, 1)
2
(1, 25)
-> Request 2
565
(1, 2, 2)
3
(2, 1)
-> Request 3
581
(4, 1, 2)
3
(57, 34)
-> Request 4
619
(3, 1, 2)
3
(5, 2)
-> Request 5
641
(4, 3, 1)
1
(55, 25)
-> Request 6
930
(4, 1, 2)
1
(37, 68)
-> Request 7
1058
(2, 1, 2)
3
(63, 37)
-> Request 8
1134
(2, 3, 2)
1
(22, 74)
-> Request 9
1181
(1, 3, 2)
2
(19, 6)
---> Week : 19
--> Day : 0
-> Request 0
327
(2, 1, 1)
2
(67, 46)
-> Request 1
585
(2, 1, 1)
2
(42, 43)
-> Request 2
591
(1, 3, 1)
1
(26, 22)
-> Request 3
609
(4, 2, 1)
2
(68, 4)
-> Request 4
616
(4, 1, 2)
2
(62, 73)
-> Request 5
757
(3, 1, 1)
1
(47, 39)
-> Request 6
826
(2, 3, 2)
1
(21, 30)
-> Request 7
834
(4, 2, 1)
1
(47, 53)
-> Request 8
925
(4, 3, 1)
3
(41, 33)
-> Request 9
1093
(2, 2, 1)
2
(41, 8)
-> Request 10
1298
(4, 1, 2)
3
(79, 50)
--> Day : 1
-> Request 0
202
(4, 1, 1)
1
(11, 30)
-> Request 1
432
(3, 3, 1)
2
(43, 70)
-> Request 2
505
(2, 3, 2)
3
(42, 1)
-> Request 3
582
(4, 2, 2)
1
(65, 12)
-> Request 4
631
(3, 1, 2)
1
(3, 7)
-> Request 5
849
(1, 3, 1)
1
(78, 71)
-> Request 6
1122
(1, 2, 2)
1
(5, 62)
-> Request 7
1420
(1, 1, 2)
2
(19, 67)
--> Day : 2
-> Request 0
376
(3, 1, 1)
1
(68, 20)
-> Request 1
478
(3, 2, 1)
2
(16, 33)
-> Request 2
872
(3, 3, 2)
2
(64, 22)
-> Request 3
919
(3, 2, 1)
2
(2, 54)
-> Request 4
1221
(2, 3, 2)
2
(5, 9)
--> Day : 3
-> Request 0
74
(2, 1, 1)
2
(39, 13)
-> Request 1
202
(1, 3, 1)
1
(31, 1)
-> Request 2
257
(4, 1, 1)
3
(71, 58)
-> Request 3
279
(3, 3, 1)
3
(24, 30)
-> Request 4
305
(1, 1, 1)
2
(67, 68)
-> Request 5
314
(2, 1, 2)
3
(36, 65)
-> Request 6
342
(3, 2, 1)
1
(24, 22)
-> Request 7
382
(1, 1, 1)
2
(30, 36)
-> Request 8
590
(1, 3, 1)
1
(36, 79)
-> Request 9
726
(2, 1, 2)
2
(5, 38)
-> Request 10
794
(1, 2, 2)
3
(40, 15)
-> Request 11
913
(3, 3, 1)
3
(46, 1)
-> Request 12
983
(1, 1, 1)
3
(18, 21)
-> Request 13
985
(3, 3, 1)
2
(51, 32)
-> Request 14
1057
(3, 1, 1)
3
(19, 40)
--> Day : 4
-> Request 0
119
(2, 1, 2)
1
(54, 4)
-> Request 1
154
(1, 1, 2)
2
(71, 42)
-> Request 2
177
(3, 2, 1)
1
(21, 61)
-> Request 3
199
(2, 3, 1)
2
(15, 72)
-> Request 4
411
(1, 3, 1)
2
(13, 6)
-> Request 5
543
(4, 3, 2)
2
(39, 55)
-> Request 6
589
(3, 3, 2)
3
(4, 25)
-> Request 7
793
(2, 3, 1)
2
(50, 5)
-> Request 8
836
(3, 3, 1)
2
(65, 34)
-> Request 9
1010
(1, 2, 2)
1
(11, 72)
-> Request 10
1217
(1, 2, 1)
2
(6, 11)
-> Request 11
1266
(1, 2, 1)
2
(75, 33)
-> Request 12
1347
(2, 3, 1)
3
(75, 43)
