---> Week : 0
--> Day : 0
-> Request 0
281
(2, 3, 1)
1
(15, 67)
-> Request 1
557
(2, 1, 1)
1
(57, 55)
-> Request 2
667
(3, 3, 2)
2
(37, 62)
-> Request 3
907
(4, 3, 2)
1
(71, 40)
-> Request 4
951
(2, 1, 1)
2
(39, 24)
-> Request 5
1190
(2, 2, 2)
2
(3, 38)
-> Request 6
1373
(3, 1, 2)
1
(7, 64)
--> Day : 1
-> Request 0
250
(4, 2, 1)
3
(68, 18)
-> Request 1
291
(2, 3, 2)
1
(78, 70)
-> Request 2
342
(3, 3, 1)
2
(72, 64)
-> Request 3
409
(2, 1, 1)
1
(19, 70)
-> Request 4
417
(4, 1, 1)
3
(30, 24)
-> Request 5
596
(1, 3, 1)
2
(7, 9)
-> Request 6
685
(4, 3, 2)
3
(33, 76)
-> Request 7
849
(1, 2, 2)
2
(47, 64)
-> Request 8
920
(2, 3, 1)
3
(19, 2)
-> Request 9
973
(2, 1, 2)
1
(6, 54)
-> Request 10
1109
(1, 3, 1)
3
(23, 26)
--> Day : 2
-> Request 0
355
(4, 2, 1)
3
(53, 55)
-> Request 1
395
(2, 1, 2)
2
(27, 1)
-> Request 2
627
(3, 2, 1)
2
(16, 20)
-> Request 3
982
(4, 2, 2)
2
(2, 51)
-> Request 4
1132
(4, 2, 1)
3
(2, 64)
-> Request 5
1163
(2, 2, 2)
1
(73, 44)
--> Day : 3
-> Request 0
216
(4, 3, 2)
1
(50, 68)
-> Request 1
486
(4, 3, 1)
1
(6, 2)
-> Request 2
624
(1, 1, 1)
1
(15, 68)
-> Request 3
698
(3, 2, 1)
3
(75, 43)
-> Request 4
751
(1, 2, 2)
3
(39, 65)
-> Request 5
1074
(3, 2, 1)
3
(74, 60)
-> Request 6
1084
(4, 3, 1)
2
(57, 15)
-> Request 7
1115
(3, 1, 2)
3
(68, 77)
--> Day : 4
-> Request 0
430
(4, 2, 1)
1
(4, 69)
-> Request 1
706
(4, 2, 1)
2
(45, 51)
-> Request 2
730
(4, 2, 1)
3
(41, 74)
-> Request 3
890
(1, 2, 1)
3
(54, 66)
-> Request 4
1005
(4, 2, 2)
1
(36, 70)
-> Request 5
1071
(3, 2, 1)
2
(17, 9)
-> Request 6
1152
(2, 1, 1)
1
(31, 77)
-> Request 7
1317
(4, 2, 2)
1
(60, 77)
-> Request 8
1355
(4, 3, 2)
1
(44, 10)
---> Week : 1
--> Day : 0
-> Request 0
120
(2, 1, 2)
2
(23, 26)
-> Request 1
142
(2, 2, 1)
2
(34, 53)
-> Request 2
250
(4, 3, 2)
2
(8, 77)
-> Request 3
459
(1, 1, 2)
3
(21, 73)
-> Request 4
539
(3, 2, 1)
1
(51, 61)
-> Request 5
868
(4, 2, 2)
2
(0, 71)
-> Request 6
1083
(3, 3, 1)
3
(67, 19)
-> Request 7
1161
(4, 1, 1)
3
(68, 51)
-> Request 8
1170
(1, 2, 2)
3
(18, 46)
-> Request 9
1203
(2, 1, 1)
2
(0, 43)
-> Request 10
1248
(4, 1, 1)
1
(68, 45)
--> Day : 1
-> Request 0
69
(4, 1, 1)
3
(63, 27)
-> Request 1
329
(1, 1, 2)
1
(31, 70)
-> Request 2
504
(2, 1, 1)
2
(63, 50)
-> Request 3
504
(3, 3, 1)
2
(68, 21)
-> Request 4
537
(1, 3, 1)
2
(13, 33)
-> Request 5
704
(4, 3, 1)
3
(16, 75)
-> Request 6
1139
(1, 1, 1)
1
(44, 0)
--> Day : 2
-> Request 0
299
(2, 3, 1)
2
(47, 27)
-> Request 1
457
(3, 2, 2)
1
(7, 74)
-> Request 2
750
(2, 1, 1)
2
(48, 6)
-> Request 3
981
(2, 1, 2)
3
(39, 26)
-> Request 4
1153
(4, 3, 1)
3
(76, 69)
-> Request 5
1260
(1, 3, 2)
1
(10, 61)
-> Request 6
1334
(1, 1, 1)
1
(28, 16)
--> Day : 3
-> Request 0
44
(1, 1, 2)
1
(5, 16)
-> Request 1
275
(2, 2, 2)
1
(9, 16)
-> Request 2
334
(1, 3, 2)
2
(47, 37)
-> Request 3
594
(1, 1, 1)
1
(49, 45)
-> Request 4
600
(3, 2, 2)
1
(25, 2)
-> Request 5
718
(4, 2, 1)
1
(67, 61)
-> Request 6
724
(2, 2, 2)
1
(61, 32)
-> Request 7
826
(3, 2, 2)
1
(4, 77)
-> Request 8
833
(3, 3, 1)
3
(26, 17)
-> Request 9
969
(3, 1, 2)
1
(63, 24)
-> Request 10
1242
(1, 3, 2)
2
(47, 36)
--> Day : 4
-> Request 0
69
(2, 3, 2)
3
(16, 15)
-> Request 1
149
(4, 2, 2)
2
(11, 24)
-> Request 2
1028
(1, 1, 2)
1
(13, 58)
-> Request 3
1167
(1, 2, 1)
1
(18, 13)
---> Week : 2
--> Day : 0
-> Request 0
81
(4, 3, 2)
1
(58, 79)
-> Request 1
82
(3, 2, 2)
3
(8, 66)
-> Request 2
93
(2, 3, 1)
3
(2, 49)
-> Request 3
201
(1, 2, 2)
3
(26, 25)
-> Request 4
481
(2, 2, 2)
1
(5, 25)
-> Request 5
670
(3, 1, 2)
3
(2, 18)
-> Request 6
1072
(2, 1, 2)
3
(53, 45)
-> Request 7
1178
(4, 1, 1)
1
(2, 23)
-> Request 8
1206
(3, 2, 2)
3
(70, 39)
-> Request 9
1240
(4, 3, 1)
1
(48, 36)
--> Day : 1
-> Request 0
425
(4, 3, 1)
2
(40, 78)
-> Request 1
500
(3, 3, 1)
3
(32, 35)
-> Request 2
637
(3, 3, 1)
2
(37, 17)
-> Request 3
868
(2, 1, 1)
1
(34, 56)
-> Request 4
913
(4, 1, 2)
2
(0, 57)
-> Request 5
984
(1, 2, 2)
1
(51, 17)
-> Request 6
1072
(2, 2, 2)
1
(16, 76)
-> Request 7
1072
(3, 2, 1)
3
(53, 61)
-> Request 8
1133
(3, 2, 2)
2
(40, 56)
-> Request 9
1162
(2, 2, 2)
2
(28, 63)
-> Request 10
1205
(2, 2, 1)
1
(32, 76)
-> Request 11
1366
(4, 2, 2)
3
(42, 0)
--> Day : 2
-> Request 0
50
(3, 1, 2)
3
(77, 57)
-> Request 1
136
(4, 3, 2)
2
(21, 60)
-> Request 2
150
(2, 1, 1)
3
(3, 58)
-> Request 3
181
(2, 3, 1)
3
(61, 38)
-> Request 4
215
(1, 1, 2)
1
(71, 35)
-> Request 5
409
(1, 1, 1)
2
(79, 10)
-> Request 6
498
(1, 3, 1)
3
(27, 70)
-> Request 7
556
(1, 3, 2)
3
(22, 68)
-> Request 8
768
(1, 2, 1)
1
(44, 14)
-> Request 9
829
(3, 1, 2)
1
(1, 25)
-> Request 10
1196
(4, 3, 2)
1
(32, 18)
-> Request 11
1215
(2, 2, 1)
1
(2, 65)
--> Day : 3
-> Request 0
18
(1, 3, 1)
1
(58, 31)
-> Request 1
83
(2, 1, 1)
2
(39, 73)
-> Request 2
156
(1, 3, 1)
3
(57, 72)
-> Request 3
178
(3, 3, 2)
1
(38, 48)
-> Request 4
436
(2, 3, 2)
2
(55, 38)
-> Request 5
770
(4, 1, 1)
1
(20, 10)
-> Request 6
771
(3, 3, 2)
3
(28, 26)
-> Request 7
907
(1, 1, 1)
3
(68, 48)
-> Request 8
1088
(3, 2, 2)
3
(4, 35)
-> Request 9
1108
(3, 2, 1)
3
(4, 56)
--> Day : 4
-> Request 0
226
(4, 1, 2)
2
(38, 0)
-> Request 1
394
(2, 1, 1)
3
(52, 2)
-> Request 2
467
(3, 1, 2)
1
(13, 56)
-> Request 3
479
(1, 2, 2)
3
(41, 55)
-> Request 4
509
(1, 3, 2)
1
(32, 20)
-> Request 5
898
(4, 1, 2)
2
(62, 30)
---> Week : 3
--> Day : 0
-> Request 0
185
(1, 3, 2)
3
(37, 56)
-> Request 1
202
(2, 2, 1)
1
(27, 9)
-> Request 2
367
(1, 1, 2)
3
(3, 64)
-> Request 3
740
(2, 1, 2)
2
(5, 24)
-> Request 4
813
(4, 3, 1)
3
(27, 53)
-> Request 5
840
(2, 3, 1)
2
(77, 48)
-> Request 6
1178
(1, 2, 2)
2
(23, 39)
-> Request 7
1433
(3, 1, 2)
1
(32, 34)
--> Day : 1
-> Request 0
49
(4, 2, 2)
1
(39, 64)
-> Request 1
285
(3, 1, 1)
2
(31, 29)
-> Request 2
396
(2, 3, 1)
1
(20, 59)
-> Request 3
534
(4, 3, 1)
3
(14, 40)
-> Request 4
627
(2, 1, 2)
1
(52, 10)
-> Request 5
700
(3, 1, 1)
2
(34, 24)
-> Request 6
1219
(1, 2, 1)
1
(70, 32)
--> Day : 2
-> Request 0
52
(3, 2, 2)
2
(15, 44)
-> Request 1
354
(4, 1, 2)
1
(45, 33)
-> Request 2
354
(4, 3, 2)
1
(2, 58)
-> Request 3
407
(2, 3, 2)
1
(0, 11)
-> Request 4
595
(2, 2, 1)
1
(10, 33)
-> Request 5
673
(3, 2, 1)
1
(21, 19)
-> Request 6
842
(4, 1, 2)
2
(47, 8)
-> Request 7
960
(3, 2, 2)
3
(18, 32)
-> Request 8
1081
(2, 3, 2)
1
(2, 40)
--> Day : 3
-> Request 0
57
(1, 2, 1)
1
(45, 21)
-> Request 1
114
(2, 1, 2)
3
(25, 60)
-> Request 2
132
(3, 1, 2)
1
(33, 31)
-> Request 3
305
(3, 1, 1)
3
(49, 31)
-> Request 4
545
(4, 3, 2)
3
(63, 60)
-> Request 5
604
(1, 1, 1)
1
(44, 67)
-> Request 6
1082
(1, 2, 1)
2
(64, 41)
-> Request 7
1163
(2, 1, 1)
1
(67, 43)
-> Request 8
1221
(3, 3, 1)
3
(24, 72)
-> Request 9
1236
(4, 1, 2)
2
(66, 54)
-> Request 10
1318
(3, 3, 1)
1
(59, 48)
-> Request 11
1362
(3, 1, 1)
3
(74, 49)
--> Day : 4
-> Request 0
95
(4, 2, 2)
2
(2, 27)
-> Request 1
293
(4, 3, 1)
3
(5, 29)
-> Request 2
298
(2, 2, 2)
2
(64, 10)
-> Request 3
616
(1, 1, 2)
2
(49, 32)
-> Request 4
673
(1, 1, 1)
1
(11, 37)
-> Request 5
760
(2, 2, 2)
1
(55, 16)
-> Request 6
801
(2, 1, 1)
2
(4, 6)
-> Request 7
889
(1, 3, 1)
3
(4, 22)
-> Request 8
1064
(4, 2, 1)
1
(41, 77)
-> Request 9
1145
(4, 1, 2)
3
(22, 42)
-> Request 10
1378
(2, 3, 2)
3
(61, 67)
---> Week : 4
--> Day : 0
-> Request 0
143
(3, 2, 1)
3
(46, 50)
-> Request 1
428
(4, 1, 1)
2
(46, 22)
-> Request 2
530
(1, 3, 1)
2
(32, 32)
-> Request 3
541
(3, 3, 1)
2
(32, 12)
-> Request 4
856
(4, 1, 2)
2
(4, 42)
-> Request 5
1088
(3, 1, 2)
2
(34, 21)
--> Day : 1
-> Request 0
653
(1, 2, 2)
3
(65, 60)
-> Request 1
1043
(4, 2, 1)
2
(10, 54)
-> Request 2
1131
(4, 2, 1)
2
(25, 12)
-> Request 3
1395
(4, 2, 2)
3
(69, 24)
-> Request 4
1437
(4, 2, 2)
1
(33, 35)
--> Day : 2
-> Request 0
234
(2, 3, 1)
2
(0, 43)
-> Request 1
234
(4, 3, 1)
1
(21, 63)
-> Request 2
295
(3, 2, 1)
1
(11, 55)
-> Request 3
447
(2, 2, 1)
3
(48, 43)
-> Request 4
593
(2, 3, 2)
2
(62, 19)
-> Request 5
594
(2, 1, 2)
3
(61, 74)
-> Request 6
1327
(2, 2, 2)
3
(20, 14)
-> Request 7
1406
(4, 3, 1)
3
(26, 50)
-> Request 8
1419
(2, 1, 1)
1
(55, 26)
--> Day : 3
-> Request 0
287
(2, 1, 1)
2
(40, 32)
-> Request 1
320
(3, 3, 1)
3
(18, 51)
-> Request 2
414
(3, 2, 1)
1
(2, 18)
-> Request 3
490
(2, 2, 2)
2
(63, 12)
-> Request 4
672
(4, 2, 1)
1
(7, 63)
-> Request 5
741
(3, 2, 2)
3
(72, 21)
-> Request 6
802
(3, 1, 2)
2
(57, 70)
-> Request 7
889
(1, 2, 1)
1
(3, 17)
-> Request 8
1189
(4, 1, 1)
2
(55, 58)
-> Request 9
1218
(1, 1, 1)
2
(79, 16)
-> Request 10
1391
(2, 3, 2)
3
(12, 78)
--> Day : 4
-> Request 0
91
(2, 2, 2)
3
(66, 7)
-> Request 1
102
(4, 3, 1)
1
(62, 15)
-> Request 2
374
(1, 1, 2)
2
(73, 43)
-> Request 3
465
(4, 3, 2)
3
(17, 26)
-> Request 4
496
(2, 3, 1)
2
(9, 17)
-> Request 5
561
(1, 3, 1)
2
(26, 64)
-> Request 6
1154
(1, 2, 2)
1
(48, 54)
-> Request 7
1227
(4, 1, 2)
2
(37, 7)
-> Request 8
1312
(2, 1, 1)
2
(79, 37)
-> Request 9
1385
(2, 1, 2)
2
(43, 21)
-> Request 10
1428
(4, 3, 1)
2
(45, 9)
---> Week : 5
--> Day : 0
-> Request 0
28
(3, 3, 2)
3
(66, 58)
-> Request 1
519
(3, 3, 2)
2
(60, 7)
-> Request 2
548
(3, 2, 2)
2
(50, 63)
-> Request 3
593
(2, 1, 1)
3
(16, 28)
-> Request 4
793
(3, 1, 2)
3
(43, 49)
-> Request 5
858
(4, 3, 1)
3
(41, 43)
-> Request 6
1222
(2, 1, 1)
2
(31, 41)
-> Request 7
1255
(4, 2, 1)
2
(5, 19)
--> Day : 1
-> Request 0
99
(3, 2, 1)
1
(30, 52)
-> Request 1
105
(4, 1, 2)
1
(12, 5)
-> Request 2
106
(4, 2, 1)
1
(59, 65)
-> Request 3
147
(3, 2, 2)
2
(32, 62)
-> Request 4
177
(2, 3, 1)
3
(33, 33)
-> Request 5
185
(3, 2, 1)
2
(47, 14)
-> Request 6
208
(1, 3, 1)
1
(37, 39)
-> Request 7
267
(1, 1, 1)
3
(62, 74)
-> Request 8
598
(3, 3, 2)
2
(50, 75)
-> Request 9
709
(4, 3, 1)
2
(43, 19)
-> Request 10
1158
(4, 3, 1)
2
(11, 46)
-> Request 11
1439
(3, 3, 1)
3
(38, 31)
--> Day : 2
-> Request 0
5
(2, 1, 1)
1
(31, 8)
-> Request 1
37
(2, 1, 2)
1
(11, 22)
-> Request 2
355
(1, 2, 2)
2
(19, 55)
-> Request 3
482
(1, 1, 1)
3
(7, 29)
-> Request 4
514
(1, 1, 1)
2
(79, 59)
-> Request 5
535
(4, 1, 2)
2
(1, 63)
-> Request 6
816
(2, 2, 2)
3
(9, 68)
-> Request 7
882
(2, 2, 2)
1
(11, 30)
-> Request 8
932
(4, 3, 2)
2
(27, 32)
-> Request 9
1187
(3, 3, 1)
2
(15, 3)
-> Request 10
1224
(4, 3, 2)
2
(38, 52)
-> Request 11
1224
(4, 2, 1)
1
(35, 15)
-> Request 12
1266
(2, 3, 1)
1
(29, 18)
-> Request 13
1313
(1, 3, 1)
3
(32, 75)
-> Request 14
1437
(3, 3, 1)
1
(19, 54)
--> Day : 3
-> Request 0
48
(2, 2, 2)
3
(56, 58)
-> Request 1
62
(2, 3, 1)
1
(37, 43)
-> Request 2
63
(4, 3, 1)
3
(2, 77)
-> Request 3
141
(2, 1, 2)
2
(44, 8)
-> Request 4
190
(4, 1, 2)
3
(63, 1)
-> Request 5
282
(2, 2, 1)
3
(60, 27)
-> Request 6
284
(2, 3, 1)
2
(35, 48)
-> Request 7
287
(2, 2, 2)
1
(6, 33)
-> Request 8
509
(4, 1, 2)
3
(57, 24)
-> Request 9
614
(4, 2, 1)
3
(7, 68)
-> Request 10
679
(1, 1, 2)
1
(37, 59)
-> Request 11
712
(1, 1, 2)
2
(39, 17)
-> Request 12
1119
(4, 1, 2)
3
(46, 37)
-> Request 13
1158
(2, 3, 2)
1
(31, 30)
-> Request 14
1199
(3, 1, 1)
3
(79, 0)
--> Day : 4
-> Request 0
44
(1, 1, 2)
2
(68, 68)
-> Request 1
225
(2, 2, 2)
1
(38, 29)
-> Request 2
248
(2, 2, 2)
3
(7, 74)
-> Request 3
331
(3, 1, 1)
3
(1, 34)
-> Request 4
525
(3, 3, 2)
2
(48, 49)
-> Request 5
717
(4, 1, 1)
1
(71, 35)
-> Request 6
1095
(3, 1, 2)
1
(35, 18)
-> Request 7
1164
(3, 3, 2)
2
(55, 42)
-> Request 8
1200
(4, 2, 1)
1
(71, 50)
---> Week : 6
--> Day : 0
-> Request 0
7
(4, 2, 2)
3
(62, 23)
-> Request 1
57
(4, 2, 1)
1
(44, 40)
-> Request 2
201
(1, 2, 1)
2
(58, 52)
-> Request 3
236
(2, 3, 2)
3
(74, 77)
-> Request 4
301
(4, 2, 1)
3
(52, 74)
-> Request 5
467
(2, 2, 2)
2
(72, 39)
-> Request 6
490
(1, 1, 2)
2
(22, 11)
-> Request 7
579
(2, 1, 2)
2
(54, 43)
-> Request 8
627
(3, 3, 1)
3
(68, 44)
-> Request 9
704
(3, 2, 1)
1
(18, 68)
-> Request 10
1031
(1, 1, 2)
2
(5, 47)
-> Request 11
1269
(3, 1, 2)
1
(59, 19)
-> Request 12
1344
(4, 3, 1)
1
(17, 52)
-> Request 13
1344
(4, 2, 2)
3
(51, 13)
-> Request 14
1365
(4, 2, 2)
2
(1, 6)
-> Request 15
1411
(4, 2, 1)
1
(29, 60)
--> Day : 1
-> Request 0
97
(1, 2, 1)
3
(5, 22)
-> Request 1
245
(3, 3, 2)
1
(32, 24)
-> Request 2
258
(1, 1, 2)
1
(70, 79)
-> Request 3
400
(2, 1, 1)
1
(11, 40)
-> Request 4
428
(4, 1, 2)
2
(33, 67)
-> Request 5
495
(2, 3, 1)
3
(30, 43)
-> Request 6
571
(3, 2, 2)
2
(78, 37)
-> Request 7
796
(1, 2, 1)
1
(63, 66)
-> Request 8
850
(1, 1, 1)
3
(26, 56)
-> Request 9
948
(2, 3, 1)
3
(10, 8)
-> Request 10
965
(2, 2, 1)
3
(23, 32)
-> Request 11
1056
(1, 2, 1)
3
(50, 34)
-> Request 12
1322
(4, 1, 2)
3
(21, 48)
-> Request 13
1345
(2, 1, 1)
1
(75, 60)
--> Day : 2
-> Request 0
91
(2, 2, 2)
1
(31, 61)
-> Request 1
144
(2, 2, 1)
1
(61, 1)
-> Request 2
393
(2, 3, 1)
1
(47, 8)
-> Request 3
485
(4, 1, 2)
3
(29, 65)
-> Request 4
501
(3, 2, 1)
2
(37, 77)
-> Request 5
751
(1, 1, 1)
1
(40, 58)
-> Request 6
931
(3, 1, 2)
1
(22, 56)
-> Request 7
1175
(2, 1, 2)
2
(37, 9)
-> Request 8
1181
(3, 1, 2)
3
(32, 28)
-> Request 9
1241
(2, 1, 2)
1
(47, 2)
-> Request 10
1428
(3, 3, 1)
2
(75, 27)
--> Day : 3
-> Request 0
20
(2, 3, 1)
3
(37, 65)
-> Request 1
50
(3, 1, 1)
2
(73, 19)
-> Request 2
114
(1, 3, 2)
3
(42, 42)
-> Request 3
114
(1, 1, 1)
3
(5, 53)
-> Request 4
222
(1, 1, 2)
2
(36, 30)
-> Request 5
516
(2, 2, 1)
1
(34, 48)
-> Request 6
692
(1, 2, 2)
2
(49, 41)
-> Request 7
702
(1, 1, 1)
3
(41, 19)
-> Request 8
797
(4, 1, 1)
2
(37, 52)
-> Request 9
829
(4, 1, 1)
2
(0, 34)
--> Day : 4
-> Request 0
103
(2, 1, 1)
1
(25, 33)
-> Request 1
322
(1, 2, 2)
3
(2, 77)
-> Request 2
351
(2, 3, 1)
1
(41, 8)
-> Request 3
418
(1, 1, 2)
1
(73, 17)
-> Request 4
840
(4, 2, 1)
3
(10, 10)
-> Request 5
1004
(4, 3, 1)
3
(3, 11)
-> Request 6
1145
(1, 3, 2)
2
(58, 70)
-> Request 7
1173
(2, 1, 2)
3
(2, 2)
-> Request 8
1326
(2, 2, 2)
1
(75, 36)
---> Week : 7
--> Day : 0
-> Request 0
116
(3, 2, 1)
1
(22, 65)
-> Request 1
290
(3, 2, 2)
1
(19, 37)
-> Request 2
316
(1, 2, 2)
3
(46, 75)
-> Request 3
581
(2, 2, 2)
2
(15, 32)
-> Request 4
629
(2, 3, 2)
2
(4, 10)
-> Request 5
788
(1, 1, 1)
3
(53, 13)
-> Request 6
931
(1, 3, 2)
2
(56, 6)
-> Request 7
979
(1, 1, 1)
1
(34, 24)
-> Request 8
1274
(1, 1, 2)
3
(21, 58)
-> Request 9
1433
(1, 1, 1)
1
(43, 8)
--> Day : 1
-> Request 0
264
(4, 1, 1)
3
(76, 57)
-> Request 1
386
(4, 2, 1)
1
(66, 0)
-> Request 2
448
(3, 2, 1)
3
(24, 70)
-> Request 3
725
(3, 1, 1)
1
(73, 45)
-> Request 4
1283
(1, 1, 1)
3
(6, 54)
-> Request 5
1310
(1, 3, 1)
1
(61, 5)
-> Request 6
1312
(2, 1, 2)
2
(74, 59)
-> Request 7
1321
(2, 2, 1)
3
(29, 51)
-> Request 8
1426
(4, 1, 1)
3
(47, 46)
--> Day : 2
-> Request 0
312
(3, 3, 1)
3
(4, 24)
-> Request 1
495
(3, 1, 1)
2
(3, 0)
-> Request 2
646
(1, 3, 2)
3
(67, 11)
-> Request 3
866
(3, 3, 1)
3
(17, 74)
-> Request 4
904
(1, 3, 2)
2
(22, 54)
-> Request 5
1037
(2, 3, 2)
2
(8, 61)
-> Request 6
1341
(3, 3, 2)
2
(23, 65)
--> Day : 3
-> Request 0
199
(3, 2, 1)
1
(13, 24)
-> Request 1
416
(2, 3, 2)
2
(4, 7)
-> Request 2
709
(1, 2, 2)
3
(45, 9)
--> Day : 4
-> Request 0
15
(3, 1, 1)
3
(51, 11)
-> Request 1
53
(3, 2, 2)
1
(32, 45)
-> Request 2
131
(3, 2, 1)
3
(67, 30)
-> Request 3
394
(3, 3, 2)
3
(11, 77)
-> Request 4
650
(3, 1, 1)
3
(46, 7)
-> Request 5
655
(4, 3, 2)
3
(50, 48)
-> Request 6
655
(1, 2, 1)
3
(77, 8)
-> Request 7
677
(1, 2, 2)
2
(15, 33)
-> Request 8
870
(2, 2, 2)
1
(27, 50)
---> Week : 8
--> Day : 0
-> Request 0
43
(4, 1, 2)
2
(47, 48)
-> Request 1
217
(2, 3, 2)
2
(76, 20)
-> Request 2
279
(4, 2, 2)
2
(27, 30)
-> Request 3
326
(1, 3, 1)
1
(32, 55)
-> Request 4
382
(1, 2, 1)
2
(27, 76)
-> Request 5
417
(1, 2, 2)
1
(43, 15)
-> Request 6
487
(4, 2, 2)
1
(19, 38)
-> Request 7
489
(2, 2, 2)
1
(68, 32)
-> Request 8
595
(2, 1, 2)
2
(52, 76)
-> Request 9
745
(3, 2, 2)
3
(19, 18)
-> Request 10
766
(1, 3, 2)
2
(42, 62)
-> Request 11
998
(1, 2, 2)
3
(59, 16)
-> Request 12
1127
(1, 2, 2)
2
(57, 59)
-> Request 13
1132
(3, 1, 2)
1
(48, 25)
-> Request 14
1237
(1, 2, 1)
1
(47, 15)
-> Request 15
1260
(2, 2, 2)
3
(55, 23)
-> Request 16
1269
(4, 1, 2)
3
(67, 60)
-> Request 17
1305
(3, 3, 1)
3
(76, 45)
-> Request 18
1364
(4, 1, 2)
2
(6, 44)
--> Day : 1
-> Request 0
183
(1, 1, 2)
1
(60, 40)
-> Request 1
239
(2, 2, 1)
1
(69, 49)
-> Request 2
422
(2, 3, 1)
2
(24, 35)
-> Request 3
462
(3, 3, 2)
1
(78, 68)
-> Request 4
600
(1, 2, 1)
1
(64, 34)
-> Request 5
806
(4, 1, 1)
2
(21, 71)
-> Request 6
914
(2, 3, 2)
3
(53, 67)
-> Request 7
1262
(3, 2, 1)
1
(6, 58)
-> Request 8
1282
(2, 3, 2)
3
(38, 52)
--> Day : 2
-> Request 0
240
(2, 3, 1)
1
(0, 74)
-> Request 1
450
(2, 2, 1)
1
(26, 70)
-> Request 2
675
(4, 1, 1)
1
(31, 78)
-> Request 3
734
(2, 2, 1)
3
(45, 74)
-> Request 4
1076
(1, 3, 1)
3
(15, 4)
-> Request 5
1083
(2, 1, 2)
1
(77, 38)
-> Request 6
1327
(3, 1, 1)
3
(77, 35)
-> Request 7
1355
(2, 2, 1)
1
(30, 48)
-> Request 8
1361
(4, 1, 1)
1
(48, 68)
--> Day : 3
-> Request 0
108
(3, 2, 1)
3
(74, 18)
-> Request 1
350
(3, 1, 2)
2
(64, 47)
-> Request 2
418
(2, 1, 2)
1
(44, 38)
-> Request 3
426
(1, 1, 2)
2
(43, 45)
-> Request 4
436
(1, 3, 1)
2
(76, 71)
-> Request 5
649
(1, 3, 1)
2
(46, 30)
-> Request 6
745
(2, 1, 1)
1
(50, 38)
-> Request 7
1075
(1, 1, 2)
3
(79, 16)
--> Day : 4
-> Request 0
62
(4, 2, 1)
3
(31, 41)
-> Request 1
310
(1, 1, 2)
2
(11, 19)
-> Request 2
445
(4, 3, 1)
3
(22, 35)
-> Request 3
535
(1, 2, 2)
1
(68, 36)
-> Request 4
546
(1, 2, 2)
1
(33, 71)
-> Request 5
567
(1, 1, 2)
3
(10, 64)
-> Request 6
619
(3, 2, 1)
2
(20, 66)
-> Request 7
838
(2, 3, 2)
2
(36, 51)
-> Request 8
860
(4, 1, 2)
3
(38, 57)
-> Request 9
897
(2, 2, 2)
1
(53, 74)
-> Request 10
1116
(1, 1, 1)
1
(69, 6)
-> Request 11
1286
(2, 2, 2)
1
(39, 71)
-> Request 12
1309
(1, 3, 2)
3
(62, 61)
-> Request 13
1329
(1, 1, 2)
3
(68, 70)
---> Week : 9
--> Day : 0
-> Request 0
13
(1, 3, 2)
2
(22, 39)
-> Request 1
54
(3, 3, 1)
1
(55, 69)
-> Request 2
334
(2, 2, 1)
2
(47, 41)
-> Request 3
337
(3, 3, 2)
3
(42, 77)
-> Request 4
483
(4, 3, 1)
2
(40, 50)
-> Request 5
670
(1, 3, 2)
3
(34, 44)
-> Request 6
892
(3, 1, 2)
3
(39, 23)
-> Request 7
1038
(3, 2, 1)
1
(63, 0)
-> Request 8
1115
(3, 2, 2)
1
(24, 11)
-> Request 9
1118
(3, 1, 2)
1
(26, 11)
-> Request 10
1138
(3, 1, 2)
1
(52, 9)
-> Request 11
1417
(3, 3, 2)
2
(24, 26)
--> Day : 1
-> Request 0
30
(3, 2, 2)
1
(1, 32)
-> Request 1
131
(1, 2, 1)
1
(28, 49)
-> Request 2
322
(2, 2, 1)
1
(65, 4)
-> Request 3
629
(1, 2, 2)
1
(36, 41)
-> Request 4
1196
(2, 3, 1)
1
(62, 67)
-> Request 5
1353
(3, 1, 1)
1
(37, 35)
-> Request 6
1388
(1, 3, 1)
3
(20, 19)
-> Request 7
1391
(4, 2, 1)
2
(10, 56)
-> Request 8
1438
(3, 3, 1)
3
(40, 16)
--> Day : 2
-> Request 0
373
(3, 2, 2)
1
(50, 39)
-> Request 1
404
(1, 1, 2)
1
(4, 0)
-> Request 2
567
(1, 3, 1)
2
(74, 47)
-> Request 3
605
(1, 3, 2)
1
(34, 39)
-> Request 4
635
(2, 1, 2)
2
(50, 36)
-> Request 5
707
(1, 1, 1)
1
(67, 29)
-> Request 6
751
(3, 3, 2)
1
(52, 57)
-> Request 7
815
(2, 2, 2)
2
(41, 48)
-> Request 8
868
(4, 3, 1)
2
(2, 25)
-> Request 9
1156
(2, 1, 1)
3
(15, 16)
--> Day : 3
-> Request 0
278
(4, 3, 1)
3
(62, 34)
-> Request 1
281
(4, 2, 1)
2
(54, 77)
-> Request 2
425
(4, 1, 1)
2
(12, 71)
-> Request 3
496
(4, 2, 1)
3
(29, 38)
-> Request 4
517
(4, 3, 2)
2
(62, 50)
-> Request 5
649
(2, 1, 1)
3
(78, 19)
-> Request 6
663
(3, 2, 1)
2
(17, 61)
-> Request 7
853
(1, 3, 1)
3
(11, 59)
-> Request 8
983
(4, 1, 2)
2
(12, 21)
-> Request 9
1087
(4, 3, 1)
3
(62, 9)
-> Request 10
1420
(1, 2, 2)
1
(37, 38)
--> Day : 4
-> Request 0
16
(3, 1, 1)
3
(45, 60)
-> Request 1
157
(4, 1, 2)
2
(56, 10)
-> Request 2
417
(1, 1, 2)
1
(77, 73)
-> Request 3
435
(3, 2, 1)
1
(4, 22)
-> Request 4
546
(2, 1, 2)
2
(6, 49)
-> Request 5
590
(2, 3, 1)
2
(47, 39)
-> Request 6
742
(3, 3, 1)
1
(77, 3)
-> Request 7
758
(4, 3, 2)
2
(45, 29)
-> Request 8
1247
(1, 1, 1)
2
(35, 37)
-> Request 9
1279
(1, 2, 2)
2
(51, 18)
-> Request 10
1374
(4, 1, 1)
2
(70, 60)
---> Week : 10
--> Day : 0
-> Request 0
42
(2, 2, 1)
2
(31, 8)
-> Request 1
465
(4, 1, 2)
1
(37, 21)
-> Request 2
495
(1, 3, 2)
1
(40, 59)
-> Request 3
512
(1, 3, 1)
3
(8, 68)
-> Request 4
564
(3, 3, 2)
1
(51, 3)
-> Request 5
695
(1, 2, 2)
3
(25, 16)
-> Request 6
858
(1, 2, 1)
3
(45, 70)
-> Request 7
879
(1, 1, 2)
1
(46, 30)
-> Request 8
936
(2, 2, 2)
3
(57, 42)
-> Request 9
973
(4, 1, 2)
1
(47, 40)
-> Request 10
1016
(1, 2, 1)
3
(31, 54)
-> Request 11
1052
(4, 1, 2)
1
(63, 44)
-> Request 12
1153
(1, 3, 1)
1
(65, 75)
-> Request 13
1167
(3, 2, 1)
1
(36, 23)
-> Request 14
1311
(2, 3, 1)
2
(54, 77)
--> Day : 1
-> Request 0
433
(3, 1, 1)
2
(40, 33)
-> Request 1
528
(3, 3, 1)
1
(20, 18)
-> Request 2
733
(3, 2, 2)
1
(13, 75)
-> Request 3
819
(3, 3, 2)
2
(19, 35)
-> Request 4
949
(3, 2, 2)
2
(18, 13)
-> Request 5
1065
(2, 1, 1)
2
(33, 49)
-> Request 6
1258
(3, 1, 2)
3
(19, 17)
-> Request 7
1278
(4, 3, 2)
3
(70, 35)
--> Day : 2
-> Request 0
24
(1, 2, 2)
2
(2, 74)
-> Request 1
144
(3, 1, 2)
3
(28, 54)
-> Request 2
381
(3, 3, 1)
2
(59, 60)
-> Request 3
504
(2, 1, 1)
2
(70, 18)
-> Request 4
615
(3, 2, 1)
3
(52, 46)
-> Request 5
735
(4, 1, 2)
3
(29, 32)
-> Request 6
804
(3, 2, 1)
1
(51, 76)
-> Request 7
825
(1, 3, 1)
2
(63, 65)
-> Request 8
922
(4, 3, 1)
2
(32, 32)
-> Request 9
1025
(4, 1, 2)
1
(25, 57)
--> Day : 3
-> Request 0
195
(1, 3, 1)
2
(57, 34)
-> Request 1
332
(3, 1, 1)
1
(61, 17)
-> Request 2
512
(2, 1, 1)
1
(50, 47)
-> Request 3
774
(2, 3, 2)
3
(37, 8)
-> Request 4
817
(4, 3, 2)
3
(31, 4)
-> Request 5
862
(3, 1, 2)
3
(43, 43)
-> Request 6
896
(4, 3, 2)
3
(22, 53)
-> Request 7
932
(4, 3, 2)
2
(28, 59)
-> Request 8
949
(2, 1, 1)
3
(55, 37)
-> Request 9
1029
(1, 2, 1)
1
(34, 5)
-> Request 10
1322
(1, 2, 2)
1
(28, 8)
--> Day : 4
-> Request 0
24
(1, 2, 1)
3
(60, 35)
-> Request 1
267
(2, 2, 1)
3
(47, 39)
-> Request 2
329
(4, 3, 2)
2
(10, 33)
-> Request 3
669
(3, 2, 2)
3
(12, 31)
-> Request 4
783
(1, 1, 1)
2
(27, 63)
-> Request 5
957
(3, 2, 1)
1
(21, 13)
-> Request 6
1081
(2, 2, 2)
2
(12, 32)
-> Request 7
1123
(2, 3, 2)
3
(56, 3)
-> Request 8
1226
(4, 3, 2)
1
(76, 58)
-> Request 9
1270
(1, 1, 1)
3
(10, 60)
---> Week : 11
--> Day : 0
-> Request 0
77
(2, 3, 1)
1
(53, 78)
-> Request 1
86
(2, 1, 2)
1
(13, 8)
-> Request 2
118
(3, 3, 2)
1
(30, 7)
-> Request 3
242
(1, 3, 2)
3
(1, 75)
-> Request 4
269
(3, 3, 1)
2
(28, 76)
-> Request 5
271
(2, 3, 1)
2
(30, 19)
-> Request 6
295
(4, 1, 2)
1
(24, 39)
-> Request 7
862
(1, 3, 2)
3
(65, 29)
-> Request 8
984
(1, 3, 2)
1
(62, 74)
-> Request 9
1001
(2, 3, 1)
2
(70, 57)
-> Request 10
1032
(1, 2, 2)
1
(13, 43)
-> Request 11
1116
(4, 3, 2)
1
(0, 78)
-> Request 12
1271
(1, 1, 2)
3
(1, 45)
-> Request 13
1345
(4, 1, 2)
1
(50, 59)
-> Request 14
1405
(4, 1, 1)
2
(58, 58)
--> Day : 1
-> Request 0
85
(2, 2, 1)
3
(78, 38)
-> Request 1
520
(1, 3, 1)
1
(61, 63)
-> Request 2
706
(2, 2, 1)
1
(69, 54)
-> Request 3
932
(2, 3, 1)
3
(62, 76)
-> Request 4
974
(1, 2, 1)
3
(67, 53)
-> Request 5
1104
(4, 3, 2)
2
(15, 77)
-> Request 6
1128
(4, 3, 1)
2
(71, 44)
--> Day : 2
-> Request 0
190
(2, 1, 1)
1
(28, 41)
-> Request 1
198
(2, 3, 2)
1
(30, 25)
-> Request 2
247
(1, 3, 2)
1
(69, 29)
-> Request 3
577
(4, 2, 1)
3
(63, 19)
-> Request 4
652
(4, 2, 1)
3
(34, 11)
-> Request 5
860
(2, 3, 2)
3
(21, 30)
-> Request 6
1142
(1, 2, 2)
1
(56, 51)
-> Request 7
1156
(4, 1, 1)
2
(68, 8)
--> Day : 3
-> Request 0
310
(2, 3, 1)
3
(34, 67)
-> Request 1
402
(3, 1, 1)
3
(39, 18)
-> Request 2
430
(1, 2, 2)
2
(56, 77)
-> Request 3
686
(2, 3, 2)
1
(61, 63)
-> Request 4
735
(1, 1, 2)
3
(40, 32)
-> Request 5
798
(1, 1, 1)
2
(25, 19)
-> Request 6
868
(3, 3, 2)
1
(18, 78)
-> Request 7
956
(1, 3, 2)
2
(64, 41)
-> Request 8
1175
(3, 3, 2)
1
(66, 28)
-> Request 9
1405
(3, 3, 1)
3
(65, 35)
--> Day : 4
-> Request 0
528
(3, 1, 1)
2
(8, 30)
-> Request 1
545
(3, 1, 1)
2
(21, 77)
-> Request 2
874
(3, 2, 2)
3
(50, 20)
-> Request 3
920
(3, 1, 2)
2
(48, 24)
-> Request 4
951
(2, 2, 2)
3
(29, 6)
-> Request 5
1231
(1, 1, 1)
3
(16, 54)
-> Request 6
1257
(4, 3, 1)
3
(65, 30)
---> Week : 12
--> Day : 0
-> Request 0
491
(3, 1, 2)
2
(74, 11)
-> Request 1
649
(1, 3, 2)
3
(23, 1)
-> Request 2
707
(2, 3, 1)
2
(30, 62)
-> Request 3
758
(3, 3, 2)
1
(73, 52)
-> Request 4
796
(3, 1, 2)
3
(61, 11)
-> Request 5
865
(1, 1, 2)
3
(17, 15)
-> Request 6
870
(2, 3, 2)
1
(39, 61)
-> Request 7
1030
(3, 1, 1)
2
(40, 55)
--> Day : 1
-> Request 0
71
(4, 3, 1)
2
(51, 24)
-> Request 1
343
(3, 2, 1)
1
(5, 30)
-> Request 2
351
(3, 2, 1)
2
(23, 18)
-> Request 3
457
(4, 2, 1)
1
(49, 51)
-> Request 4
482
(4, 2, 1)
1
(62, 78)
-> Request 5
550
(4, 1, 2)
2
(0, 3)
-> Request 6
781
(2, 1, 2)
2
(53, 24)
-> Request 7
1015
(4, 3, 1)
2
(7, 61)
-> Request 8
1177
(4, 2, 2)
3
(53, 50)
-> Request 9
1386
(4, 2, 2)
3
(4, 8)
--> Day : 2
-> Request 0
194
(2, 1, 1)
3
(0, 71)
-> Request 1
203
(4, 1, 1)
3
(77, 24)
-> Request 2
209
(3, 1, 1)
1
(40, 3)
-> Request 3
331
(2, 1, 2)
2
(33, 57)
-> Request 4
474
(3, 1, 2)
3
(29, 69)
-> Request 5
488
(3, 3, 2)
2
(7, 33)
-> Request 6
561
(1, 2, 2)
2
(48, 18)
-> Request 7
785
(2, 3, 1)
2
(11, 49)
-> Request 8
891
(3, 1, 1)
3
(57, 63)
-> Request 9
996
(2, 3, 1)
2
(42, 65)
-> Request 10
1055
(3, 3, 2)
3
(30, 39)
-> Request 11
1126
(2, 1, 1)
1
(67, 26)
-> Request 12
1290
(2, 1, 2)
3
(64, 35)
--> Day : 3
-> Request 0
326
(2, 2, 2)
1
(22, 79)
-> Request 1
366
(2, 3, 1)
1
(13, 45)
-> Request 2
512
(3, 3, 2)
2
(22, 16)
-> Request 3
528
(3, 2, 1)
1
(45, 6)
-> Request 4
727
(4, 1, 2)
2
(37, 65)
-> Request 5
846
(4, 1, 2)
1
(11, 5)
-> Request 6
864
(2, 3, 1)
3
(21, 19)
-> Request 7
896
(2, 3, 1)
2
(33, 64)
-> Request 8
991
(2, 2, 1)
2
(2, 63)
--> Day : 4
-> Request 0
669
(4, 1, 1)
1
(75, 27)
-> Request 1
858
(2, 3, 2)
2
(62, 29)
-> Request 2
1348
(1, 3, 2)
2
(70, 59)
---> Week : 13
--> Day : 0
-> Request 0
307
(2, 2, 1)
2
(45, 14)
-> Request 1
933
(4, 1, 2)
3
(79, 22)
-> Request 2
1112
(1, 1, 2)
1
(45, 25)
-> Request 3
1136
(3, 2, 1)
1
(54, 72)
-> Request 4
1246
(3, 1, 1)
2
(2, 77)
-> Request 5
1324
(1, 1, 1)
2
(47, 38)
--> Day : 1
-> Request 0
159
(3, 1, 2)
1
(74, 12)
-> Request 1
344
(2, 1, 2)
2
(75, 0)
-> Request 2
434
(3, 3, 1)
1
(13, 4)
-> Request 3
472
(1, 2, 1)
3
(29, 27)
-> Request 4
719
(1, 3, 1)
3
(78, 63)
-> Request 5
724
(3, 1, 1)
2
(28, 45)
-> Request 6
730
(4, 3, 1)
1
(73, 22)
-> Request 7
786
(1, 1, 1)
2
(24, 14)
-> Request 8
807
(1, 3, 1)
1
(71, 9)
-> Request 9
868
(4, 3, 2)
3
(76, 38)
-> Request 10
993
(1, 2, 1)
3
(4, 76)
-> Request 11
1059
(3, 1, 2)
1
(20, 68)
-> Request 12
1172
(1, 1, 1)
1
(51, 65)
-> Request 13
1264
(2, 3, 2)
1
(63, 63)
-> Request 14
1333
(4, 2, 1)
1
(29, 38)
--> Day : 2
-> Request 0
171
(1, 1, 1)
2
(69, 54)
-> Request 1
231
(3, 2, 2)
2
(66, 62)
-> Request 2
279
(4, 1, 2)
1
(61, 79)
-> Request 3
314
(1, 1, 2)
1
(53, 77)
-> Request 4
326
(4, 2, 1)
1
(28, 2)
-> Request 5
697
(2, 2, 2)
3
(37, 7)
-> Request 6
1054
(4, 1, 2)
2
(30, 53)
-> Request 7
1105
(2, 2, 2)
1
(55, 25)
-> Request 8
1241
(1, 3, 2)
3
(58, 60)
-> Request 9
1260
(3, 2, 1)
3
(20, 37)
--> Day : 3
-> Request 0
5
(1, 1, 1)
1
(36, 68)
-> Request 1
82
(4, 3, 2)
2
(43, 45)
-> Request 2
153
(1, 3, 1)
2
(31, 38)
-> Request 3
455
(3, 3, 2)
1
(72, 79)
-> Request 4
652
(3, 3, 2)
1
(1, 9)
-> Request 5
835
(4, 3, 1)
2
(44, 38)
-> Request 6
1046
(4, 2, 2)
2
(55, 0)
-> Request 7
1096
(2, 1, 1)
1
(25, 9)
-> Request 8
1153
(2, 2, 2)
1
(10, 73)
-> Request 9
1173
(1, 2, 1)
3
(46, 30)
-> Request 10
1198
(1, 2, 2)
3
(32, 26)
-> Request 11
1212
(4, 1, 1)
2
(13, 35)
-> Request 12
1237
(3, 2, 1)
1
(49, 59)
-> Request 13
1316
(2, 3, 2)
3
(1, 25)
--> Day : 4
-> Request 0
172
(3, 3, 2)
2
(60, 65)
-> Request 1
266
(1, 1, 1)
1
(71, 68)
-> Request 2
365
(3, 2, 1)
2
(64, 65)
-> Request 3
387
(3, 2, 1)
3
(32, 60)
-> Request 4
439
(4, 3, 2)
2
(61, 4)
-> Request 5
509
(4, 2, 2)
3
(9, 42)
-> Request 6
707
(4, 3, 1)
1
(5, 23)
-> Request 7
844
(4, 2, 1)
1
(19, 68)
-> Request 8
1001
(2, 2, 2)
1
(66, 22)
-> Request 9
1009
(2, 3, 1)
1
(65, 20)
-> Request 10
1132
(1, 3, 1)
1
(61, 15)
-> Request 11
1343
(3, 1, 1)
3
(78, 17)
-> Request 12
1377
(4, 1, 1)
2
(22, 7)
---> Week : 14
--> Day : 0
-> Request 0
103
(4, 1, 2)
3
(2, 8)
-> Request 1
273
(2, 1, 2)
2
(46, 43)
-> Request 2
369
(4, 1, 2)
3
(71, 75)
-> Request 3
832
(1, 2, 2)
1
(49, 15)
-> Request 4
849
(2, 2, 1)
1
(32, 10)
-> Request 5
973
(4, 1, 1)
2
(58, 69)
-> Request 6
1153
(1, 3, 2)
3
(67, 66)
-> Request 7
1185
(2, 3, 2)
1
(0, 72)
-> Request 8
1242
(1, 2, 1)
2
(13, 53)
-> Request 9
1249
(2, 3, 2)
3
(4, 10)
--> Day : 1
-> Request 0
95
(3, 3, 1)
1
(13, 28)
-> Request 1
197
(2, 2, 1)
2
(63, 32)
-> Request 2
347
(2, 1, 1)
1
(54, 69)
-> Request 3
370
(4, 2, 1)
2
(63, 18)
-> Request 4
610
(4, 1, 2)
2
(55, 26)
-> Request 5
1260
(2, 1, 2)
1
(54, 0)
--> Day : 2
-> Request 0
1
(3, 1, 2)
3
(67, 36)
-> Request 1
27
(1, 2, 1)
1
(32, 17)
-> Request 2
135
(3, 3, 2)
1
(3, 66)
-> Request 3
1109
(2, 3, 1)
2
(14, 47)
-> Request 4
1169
(4, 3, 1)
3
(23, 31)
-> Request 5
1354
(1, 1, 2)
3
(25, 74)
--> Day : 3
-> Request 0
53
(3, 2, 2)
3
(53, 26)
-> Request 1
104
(2, 3, 1)
2
(25, 1)
-> Request 2
292
(2, 2, 1)
2
(61, 47)
-> Request 3
596
(4, 3, 1)
2
(69, 20)
-> Request 4
686
(4, 1, 1)
2
(2, 29)
-> Request 5
1211
(2, 3, 1)
3
(29, 5)
-> Request 6
1273
(4, 3, 1)
3
(4, 33)
--> Day : 4
-> Request 0
152
(4, 2, 2)
1
(3, 56)
-> Request 1
153
(1, 2, 2)
2
(50, 27)
-> Request 2
226
(2, 2, 1)
2
(44, 8)
-> Request 3
524
(2, 2, 2)
1
(60, 61)
-> Request 4
769
(4, 1, 2)
2
(79, 38)
-> Request 5
922
(4, 3, 2)
1
(60, 75)
-> Request 6
972
(3, 2, 2)
1
(69, 6)
-> Request 7
1033
(4, 3, 1)
1
(44, 14)
-> Request 8
1142
(1, 2, 2)
1
(22, 11)
-> Request 9
1221
(4, 2, 1)
3
(51, 14)
-> Request 10
1298
(2, 3, 1)
2
(56, 65)
---> Week : 15
--> Day : 0
-> Request 0
37
(3, 3, 2)
1
(14, 37)
-> Request 1
169
(4, 3, 2)
2
(16, 46)
-> Request 2
269
(1, 3, 2)
2
(9, 71)
-> Request 3
406
(4, 2, 2)
3
(64, 34)
-> Request 4
501
(4, 1, 2)
1
(33, 8)
-> Request 5
649
(2, 2, 1)
1
(65, 23)
-> Request 6
654
(1, 3, 1)
1
(70, 15)
-> Request 7
666
(4, 1, 2)
3
(51, 63)
-> Request 8
884
(3, 1, 2)
2
(13, 21)
-> Request 9
1163
(2, 3, 1)
2
(5, 45)
-> Request 10
1280
(3, 1, 2)
1
(72, 66)
-> Request 11
1305
(2, 3, 1)
2
(6, 25)
-> Request 12
1331
(3, 1, 1)
2
(2, 77)
--> Day : 1
-> Request 0
17
(3, 3, 1)
2
(71, 4)
-> Request 1
95
(3, 1, 1)
3
(55, 54)
-> Request 2
96
(1, 1, 1)
3
(50, 0)
-> Request 3
130
(3, 2, 2)
1
(68, 37)
-> Request 4
134
(1, 3, 2)
1
(40, 66)
-> Request 5
321
(2, 3, 2)
1
(67, 72)
-> Request 6
362
(2, 1, 1)
1
(68, 8)
-> Request 7
418
(2, 1, 1)
2
(40, 9)
-> Request 8
490
(2, 3, 2)
2
(26, 72)
-> Request 9
1073
(1, 3, 1)
1
(70, 9)
-> Request 10
1110
(3, 1, 2)
3
(20, 69)
-> Request 11
1220
(4, 2, 1)
2
(64, 29)
-> Request 12
1391
(4, 2, 2)
2
(9, 54)
--> Day : 2
-> Request 0
365
(3, 3, 2)
3
(45, 60)
-> Request 1
531
(3, 3, 2)
3
(23, 62)
-> Request 2
646
(4, 3, 2)
2
(59, 61)
-> Request 3
892
(4, 1, 2)
2
(5, 24)
-> Request 4
1085
(1, 1, 2)
2
(61, 78)
-> Request 5
1184
(3, 2, 2)
2
(52, 69)
-> Request 6
1266
(1, 3, 1)
3
(43, 78)
-> Request 7
1314
(1, 1, 2)
2
(20, 45)
--> Day : 3
-> Request 0
347
(3, 3, 1)
3
(15, 46)
-> Request 1
394
(2, 2, 1)
1
(74, 19)
-> Request 2
779
(2, 1, 1)
2
(53, 34)
-> Request 3
910
(2, 3, 1)
2
(58, 49)
-> Request 4
911
(2, 2, 2)
1
(63, 37)
-> Request 5
927
(3, 2, 1)
1
(33, 60)
-> Request 6
952
(3, 2, 2)
1
(48, 12)
-> Request 7
1042
(2, 3, 2)
2
(45, 35)
-> Request 8
1162
(2, 1, 1)
3
(77, 23)
-> Request 9
1272
(2, 3, 2)
3
(30, 23)
-> Request 10
1312
(3, 2, 1)
1
(77, 39)
--> Day : 4
-> Request 0
24
(4, 3, 1)
3
(33, 27)
-> Request 1
214
(3, 3, 2)
1
(30, 15)
-> Request 2
271
(3, 1, 2)
1
(36, 52)
-> Request 3
451
(1, 3, 1)
3
(38, 32)
-> Request 4
512
(1, 2, 1)
2
(43, 9)
-> Request 5
567
(4, 1, 1)
1
(77, 66)
-> Request 6
1014
(3, 1, 2)
3
(67, 19)
---> Week : 16
--> Day : 0
-> Request 0
127
(4, 2, 1)
2
(58, 70)
-> Request 1
165
(2, 3, 1)
3
(55, 31)
-> Request 2
298
(4, 2, 2)
3
(21, 20)
-> Request 3
316
(1, 1, 1)
3
(51, 76)
-> Request 4
447
(1, 1, 1)
1
(45, 37)
-> Request 5
606
(2, 2, 1)
1
(62, 20)
-> Request 6
643
(4, 3, 1)
2
(53, 41)
-> Request 7
661
(2, 1, 2)
1
(44, 12)
-> Request 8
692
(1, 3, 2)
3
(48, 68)
-> Request 9
721
(3, 2, 1)
2
(30, 62)
-> Request 10
801
(3, 3, 1)
2
(67, 71)
-> Request 11
965
(1, 3, 2)
1
(50, 52)
-> Request 12
967
(4, 1, 1)
2
(24, 30)
-> Request 13
972
(4, 1, 1)
1
(44, 56)
-> Request 14
1120
(2, 3, 2)
1
(24, 0)
-> Request 15
1253
(1, 1, 2)
3
(17, 24)
-> Request 16
1296
(3, 2, 1)
1
(48, 74)
--> Day : 1
-> Request 0
31
(4, 2, 1)
1
(60, 63)
-> Request 1
682
(2, 2, 1)
2
(76, 21)
-> Request 2
892
(4, 2, 1)
2
(29, 9)
-> Request 3
964
(1, 2, 1)
2
(77, 16)
-> Request 4
1159
(1, 2, 2)
1
(60, 36)
-> Request 5
1305
(2, 3, 1)
1
(8, 31)
-> Request 6
1329
(2, 3, 2)
2
(63, 47)
--> Day : 2
-> Request 0
55
(3, 2, 1)
1
(63, 34)
-> Request 1
93
(3, 1, 1)
1
(48, 30)
-> Request 2
362
(4, 2, 1)
1
(60, 8)
-> Request 3
387
(4, 1, 2)
2
(19, 56)
-> Request 4
399
(4, 2, 2)
2
(39, 55)
-> Request 5
451
(3, 2, 1)
1
(23, 68)
-> Request 6
693
(3, 1, 2)
2
(0, 78)
-> Request 7
878
(1, 3, 2)
1
(70, 41)
-> Request 8
1096
(1, 3, 1)
1
(55, 4)
-> Request 9
1106
(1, 3, 1)
1
(2, 53)
-> Request 10
1204
(4, 2, 2)
3
(27, 30)
--> Day : 3
-> Request 0
51
(1, 3, 1)
3
(65, 77)
-> Request 1
56
(3, 3, 2)
1
(47, 49)
-> Request 2
78
(1, 1, 2)
1
(14, 62)
-> Request 3
405
(3, 1, 1)
3
(39, 31)
-> Request 4
472
(2, 2, 1)
3
(69, 43)
-> Request 5
549
(4, 1, 2)
2
(20, 0)
-> Request 6
629
(2, 1, 1)
3
(38, 5)
-> Request 7
639
(3, 3, 1)
1
(27, 79)
-> Request 8
900
(2, 1, 1)
3
(73, 35)
-> Request 9
1066
(1, 3, 1)
2
(67, 68)
-> Request 10
1215
(1, 1, 2)
2
(58, 6)
-> Request 11
1330
(2, 3, 2)
3
(18, 45)
--> Day : 4
-> Request 0
33
(4, 1, 2)
2
(62, 26)
-> Request 1
239
(2, 1, 2)
2
(18, 26)
-> Request 2
263
(4, 2, 1)
2
(67, 24)
-> Request 3
407
(1, 1, 2)
2
(53, 20)
-> Request 4
738
(3, 3, 1)
2
(16, 4)
-> Request 5
863
(2, 1, 1)
1
(50, 20)
-> Request 6
1042
(3, 3, 2)
2
(36, 43)
-> Request 7
1107
(1, 2, 2)
3
(47, 24)
-> Request 8
1366
(1, 2, 2)
2
(61, 13)
---> Week : 17
--> Day : 0
-> Request 0
175
(4, 1, 2)
1
(17, 40)
-> Request 1
280
(1, 3, 2)
1
(77, 28)
-> Request 2
556
(2, 3, 2)
3
(8, 69)
-> Request 3
1015
(3, 3, 1)
2
(4, 76)
-> Request 4
1194
(1, 1, 2)
1
(3, 61)
-> Request 5
1281
(4, 3, 1)
3
(63, 16)
-> Request 6
1330
(4, 2, 1)
2
(76, 64)
-> Request 7
1331
(4, 1, 1)
3
(34, 42)
--> Day : 1
-> Request 0
290
(4, 1, 1)
2
(4, 6)
-> Request 1
363
(1, 2, 1)
1
(61, 65)
-> Request 2
399
(4, 2, 2)
3
(75, 70)
-> Request 3
502
(2, 2, 2)
2
(44, 38)
-> Request 4
537
(4, 2, 1)
1
(72, 75)
-> Request 5
665
(3, 1, 2)
2
(49, 68)
-> Request 6
762
(3, 1, 1)
3
(43, 7)
-> Request 7
784
(1, 3, 1)
3
(46, 24)
-> Request 8
951
(4, 3, 2)
1
(24, 33)
-> Request 9
1064
(1, 3, 2)
2
(33, 64)
-> Request 10
1141
(1, 1, 2)
1
(1, 46)
-> Request 11
1165
(3, 1, 1)
2
(47, 37)
-> Request 12
1178
(1, 3, 1)
1
(49, 10)
-> Request 13
1340
(1, 1, 2)
1
(23, 1)
-> Request 14
1407
(1, 3, 2)
3
(41, 29)
--> Day : 2
-> Request 0
256
(3, 1, 1)
3
(25, 64)
-> Request 1
807
(2, 2, 2)
1
(70, 59)
-> Request 2
841
(3, 2, 1)
3
(8, 27)
-> Request 3
1109
(3, 2, 2)
2
(62, 40)
-> Request 4
1366
(3, 3, 1)
2
(60, 46)
-> Request 5
1392
(2, 1, 1)
3
(19, 39)
-> Request 6
1424
(4, 3, 2)
1
(1, 70)
-> Request 7
1436
(1, 1, 2)
3
(16, 14)
--> Day : 3
-> Request 0
10
(3, 3, 1)
3
(66, 5)
-> Request 1
382
(1, 2, 1)
3
(66, 37)
-> Request 2
620
(4, 1, 2)
3
(66, 2)
-> Request 3
700
(3, 2, 1)
1
(27, 38)
-> Request 4
1077
(3, 2, 1)
3
(13, 29)
-> Request 5
1289
(3, 3, 2)
1
(20, 8)
-> Request 6
1294
(3, 2, 1)
1
(18, 24)
-> Request 7
1330
(1, 3, 1)
3
(57, 20)
-> Request 8
1376
(1, 1, 2)
2
(28, 8)
--> Day : 4
-> Request 0
5
(2, 2, 2)
1
(79, 19)
-> Request 1
303
(2, 2, 1)
1
(32, 28)
-> Request 2
331
(1, 1, 2)
3
(71, 27)
-> Request 3
366
(1, 3, 1)
1
(31, 55)
-> Request 4
742
(4, 1, 2)
2
(71, 0)
-> Request 5
962
(3, 1, 2)
3
(2, 72)
-> Request 6
1225
(1, 1, 2)
1
(68, 14)
-> Request 7
1439
(4, 1, 2)
2
(21, 60)
---> Week : 18
--> Day : 0
-> Request 0
88
(4, 2, 2)
1
(79, 60)
-> Request 1
261
(3, 2, 2)
3
(20, 15)
-> Request 2
327
(4, 2, 1)
3
(36, 47)
-> Request 3
442
(3, 1, 2)
3
(69, 30)
-> Request 4
520
(4, 3, 1)
1
(71, 72)
-> Request 5
521
(4, 3, 2)
3
(76, 67)
-> Request 6
543
(4, 3, 2)
1
(63, 16)
-> Request 7
558
(1, 2, 2)
3
(57, 62)
-> Request 8
686
(1, 3, 2)
2
(51, 72)
-> Request 9
699
(4, 1, 1)
3
(0, 63)
-> Request 10
867
(1, 3, 2)
3
(15, 46)
-> Request 11
938
(1, 1, 2)
3
(5, 13)
-> Request 12
1025
(2, 2, 2)
1
(13, 26)
-> Request 13
1265
(3, 3, 2)
1
(76, 73)
-> Request 14
1354
(1, 2, 2)
2
(20, 42)
-> Request 15
1430
(1, 3, 1)
1
(76, 27)
--> Day : 1
-> Request 0
430
(4, 1, 2)
3
(70, 34)
-> Request 1
533
(2, 3, 2)
3
(59, 67)
-> Request 2
649
(4, 1, 1)
1
(44, 33)
-> Request 3
768
(4, 3, 2)
3
(35, 28)
-> Request 4
960
(4, 3, 2)
1
(68, 38)
-> Request 5
985
(4, 2, 2)
2
(63, 35)
-> Request 6
1058
(1, 1, 1)
1
(16, 54)
-> Request 7
1209
(4, 3, 1)
2
(52, 77)
-> Request 8
1387
(3, 3, 1)
1
(16, 36)
--> Day : 2
-> Request 0
15
(2, 3, 2)
1
(59, 46)
-> Request 1
38
(2, 1, 2)
1
(76, 0)
-> Request 2
102
(2, 1, 1)
2
(75, 13)
-> Request 3
237
(4, 2, 1)
1
(28, 17)
-> Request 4
598
(1, 1, 2)
3
(12, 61)
-> Request 5
608
(3, 2, 1)
2
(58, 21)
-> Request 6
683
(3, 3, 2)
3
(42, 16)
-> Request 7
696
(3, 2, 2)
1
(20, 13)
-> Request 8
770
(3, 3, 1)
2
(53, 56)
-> Request 9
981
(4, 3, 1)
1
(77, 78)
-> Request 10
1019
(1, 3, 2)
1
(61, 30)
-> Request 11
1120
(2, 3, 1)
2
(3, 67)
-> Request 12
1399
(3, 1, 1)
1
(50, 63)
--> Day : 3
-> Request 0
141
(4, 3, 1)
1
(33, 52)
-> Request 1
199
(3, 1, 2)
3
(76, 14)
-> Request 2
453
(1, 1, 1)
2
(50, 49)
-> Request 3
487
(2, 1, 1)
1
(15, 8)
-> Request 4
793
(3, 1, 2)
2
(60, 70)
-> Request 5
798
(4, 1, 2)
2
(59, 25)
-> Request 6
869
(3, 1, 2)
3
(22, 56)
-> Request 7
885
(1, 2, 1)
1
(34, 10)
-> Request 8
1164
(3, 3, 1)
1
(3, 41)
-> Request 9
1176
(4, 2, 1)
1
(36, 37)
-> Request 10
1407
(2, 1, 2)
3
(65, 3)
--> Day : 4
-> Request 0
89
(1, 3, 2)
2
(51, 75)
-> Request 1
162
(1, 1, 1)
1
(65, 26)
-> Request 2
201
(3, 2, 2)
2
(28, 7)
-> Request 3
265
(2, 2, 2)
1
(18, 54)
-> Request 4
277
(4, 3, 1)
3
(49, 49)
-> Request 5
454
(2, 1, 2)
1
(24, 8)
-> Request 6
909
(1, 3, 2)
2
(61, 20)
-> Request 7
1035
(4, 1, 2)
2
(24, 16)
-> Request 8
1094
(2, 3, 2)
1
(30, 3)
-> Request 9
1119
(1, 1, 2)
2
(44, 33)
-> Request 10
1213
(1, 3, 1)
3
(51, 24)
-> Request 11
1369
(4, 3, 2)
1
(24, 27)
-> Request 12
1431
(3, 3, 2)
2
(28, 57)
---> Week : 19
--> Day : 0
-> Request 0
78
(2, 3, 1)
2
(33, 24)
-> Request 1
231
(3, 2, 2)
3
(69, 57)
-> Request 2
359
(2, 1, 2)
1
(63, 19)
-> Request 3
449
(4, 2, 2)
2
(59, 6)
-> Request 4
503
(1, 3, 1)
2
(19, 47)
-> Request 5
742
(2, 3, 1)
1
(76, 8)
-> Request 6
813
(4, 1, 2)
3
(24, 16)
-> Request 7
862
(2, 1, 1)
2
(35, 43)
-> Request 8
871
(4, 1, 1)
2
(10, 42)
-> Request 9
950
(2, 1, 1)
1
(50, 32)
-> Request 10
1011
(3, 1, 1)
1
(28, 38)
-> Request 11
1036
(1, 1, 2)
2
(39, 37)
-> Request 12
1038
(2, 1, 1)
1
(7, 5)
-> Request 13
1055
(1, 2, 1)
2
(9, 67)
-> Request 14
1068
(4, 3, 2)
3
(46, 52)
-> Request 15
1244
(4, 3, 2)
2
(55, 36)
-> Request 16
1258
(4, 2, 1)
2
(50, 8)
--> Day : 1
-> Request 0
87
(2, 2, 1)
2
(65, 72)
-> Request 1
848
(2, 2, 1)
1
(5, 53)
-> Request 2
1035
(3, 3, 1)
3
(61, 53)
-> Request 3
1067
(3, 1, 2)
3
(53, 42)
-> Request 4
1323
(2, 3, 2)
3
(3, 68)
--> Day : 2
-> Request 0
76
(4, 1, 1)
1
(69, 0)
-> Request 1
255
(2, 2, 1)
3
(52, 6)
-> Request 2
296
(2, 3, 2)
2
(3, 19)
-> Request 3
317
(2, 2, 2)
2
(59, 12)
-> Request 4
487
(3, 2, 2)
3
(66, 7)
-> Request 5
633
(3, 3, 2)
1
(5, 16)
-> Request 6
773
(3, 1, 2)
1
(64, 25)
-> Request 7
774
(3, 1, 1)
1
(66, 2)
-> Request 8
1279
(3, 2, 2)
2
(78, 3)
-> Request 9
1355
(2, 2, 1)
1
(57, 11)
-> Request 10
1427
(2, 3, 2)
1
(66, 74)
--> Day : 3
-> Request 0
155
(4, 3, 1)
3
(62, 45)
-> Request 1
286
(2, 3, 2)
3
(30, 48)
-> Request 2
487
(2, 1, 1)
1
(14, 9)
-> Request 3
524
(1, 3, 2)
2
(17, 44)
-> Request 4
629
(1, 1, 2)
2
(72, 61)
-> Request 5
670
(4, 2, 1)
1
(6, 1)
-> Request 6
1072
(4, 3, 2)
1
(74, 1)
-> Request 7
1335
(1, 2, 1)
2
(17, 51)
-> Request 8
1340
(2, 3, 2)
2
(21, 51)
-> Request 9
1424
(1, 3, 1)
2
(8, 24)
--> Day : 4
-> Request 0
174
(2, 3, 1)
3
(70, 23)
-> Request 1
198
(4, 2, 2)
2
(63, 4)
-> Request 2
266
(4, 3, 1)
2
(8, 15)
-> Request 3
374
(2, 3, 1)
1
(65, 6)
-> Request 4
518
(3, 3, 2)
1
(58, 0)
-> Request 5
589
(1, 3, 1)
1
(23, 71)
-> Request 6
723
(3, 3, 2)
3
(75, 76)
-> Request 7
970
(3, 3, 1)
3
(66, 60)
-> Request 8
1166
(4, 1, 2)
1
(49, 35)
-> Request 9
1192
(1, 2, 2)
2
(48, 3)
-> Request 10
1342
(4, 3, 1)
2
(28, 27)
