---> Week : 0
--> Day : 0
-> Request 0
120
(4, 2, 1)
2
(63, 1)
-> Request 1
536
(2, 3, 1)
3
(10, 53)
-> Request 2
589
(1, 3, 2)
3
(22, 15)
-> Request 3
624
(4, 1, 2)
2
(64, 65)
-> Request 4
673
(3, 2, 1)
3
(77, 45)
-> Request 5
1043
(1, 1, 1)
3
(33, 13)
-> Request 6
1090
(2, 2, 2)
2
(54, 13)
-> Request 7
1099
(3, 2, 1)
2
(75, 14)
-> Request 8
1133
(3, 2, 1)
3
(4, 38)
--> Day : 1
-> Request 0
53
(2, 1, 1)
3
(11, 41)
-> Request 1
94
(2, 3, 2)
3
(67, 27)
-> Request 2
143
(3, 1, 2)
1
(79, 17)
-> Request 3
154
(1, 1, 1)
2
(8, 36)
-> Request 4
204
(3, 1, 1)
1
(23, 13)
-> Request 5
251
(3, 1, 1)
1
(25, 78)
-> Request 6
418
(4, 1, 1)
1
(59, 61)
-> Request 7
623
(1, 2, 1)
2
(69, 30)
-> Request 8
650
(3, 3, 1)
3
(51, 56)
-> Request 9
962
(3, 3, 2)
3
(62, 22)
-> Request 10
1150
(1, 3, 2)
1
(57, 49)
-> Request 11
1240
(2, 2, 2)
2
(75, 79)
-> Request 12
1386
(2, 1, 2)
1
(17, 12)
--> Day : 2
-> Request 0
146
(3, 3, 1)
1
(27, 38)
-> Request 1
978
(2, 2, 1)
1
(18, 18)
-> Request 2
1127
(1, 2, 1)
1
(68, 70)
-> Request 3
1185
(2, 2, 1)
3
(34, 41)
-> Request 4
1235
(1, 3, 2)
3
(50, 44)
-> Request 5
1262
(3, 2, 1)
1
(77, 33)
--> Day : 3
-> Request 0
211
(1, 2, 2)
1
(77, 65)
-> Request 1
228
(4, 1, 1)
3
(78, 48)
-> Request 2
247
(4, 3, 1)
3
(22, 8)
-> Request 3
305
(1, 3, 1)
2
(22, 38)
-> Request 4
431
(3, 2, 1)
2
(71, 16)
-> Request 5
559
(4, 2, 1)
3
(63, 47)
-> Request 6
721
(1, 2, 1)
1
(73, 49)
-> Request 7
752
(4, 2, 1)
1
(25, 29)
-> Request 8
785
(4, 3, 1)
1
(23, 68)
-> Request 9
1084
(4, 1, 1)
3
(45, 23)
-> Request 10
1139
(4, 1, 2)
1
(38, 10)
-> Request 11
1204
(1, 2, 2)
3
(61, 69)
--> Day : 4
-> Request 0
521
(4, 3, 1)
1
(73, 60)
-> Request 1
579
(1, 2, 1)
1
(68, 3)
-> Request 2
801
(3, 2, 2)
2
(49, 79)
-> Request 3
828
(2, 2, 2)
3
(52, 63)
-> Request 4
887
(3, 1, 2)
3
(1, 20)
-> Request 5
1319
(4, 2, 2)
3
(66, 76)
---> Week : 1
--> Day : 0
-> Request 0
121
(1, 1, 1)
3
(36, 79)
-> Request 1
170
(4, 2, 1)
3
(52, 35)
-> Request 2
314
(4, 2, 1)
3
(66, 21)
-> Request 3
525
(3, 2, 2)
3
(13, 22)
-> Request 4
591
(4, 2, 2)
3
(51, 13)
-> Request 5
617
(2, 1, 2)
1
(46, 76)
-> Request 6
665
(1, 1, 2)
2
(19, 35)
-> Request 7
681
(2, 2, 2)
1
(79, 48)
-> Request 8
1384
(4, 3, 1)
1
(47, 68)
--> Day : 1
-> Request 0
205
(3, 2, 1)
3
(28, 63)
-> Request 1
469
(3, 3, 1)
3
(8, 8)
-> Request 2
580
(3, 2, 2)
3
(68, 41)
-> Request 3
642
(3, 1, 2)
1
(20, 47)
-> Request 4
788
(4, 2, 1)
2
(64, 50)
-> Request 5
797
(2, 2, 1)
1
(22, 76)
-> Request 6
883
(4, 2, 2)
2
(4, 65)
-> Request 7
886
(4, 2, 1)
2
(62, 24)
-> Request 8
896
(2, 1, 1)
3
(73, 74)
-> Request 9
914
(3, 3, 2)
3
(34, 20)
-> Request 10
1124
(4, 3, 2)
2
(16, 31)
-> Request 11
1368
(1, 3, 2)
1
(62, 8)
-> Request 12
1378
(4, 1, 2)
3
(23, 36)
-> Request 13
1435
(4, 3, 1)
2
(26, 67)
--> Day : 2
-> Request 0
111
(4, 1, 1)
2
(61, 53)
-> Request 1
124
(4, 2, 1)
1
(10, 14)
-> Request 2
161
(2, 3, 1)
2
(65, 19)
-> Request 3
207
(4, 3, 1)
3
(75, 29)
-> Request 4
222
(4, 2, 2)
2
(24, 39)
-> Request 5
288
(3, 1, 1)
3
(9, 35)
-> Request 6
339
(3, 2, 1)
2
(53, 54)
-> Request 7
357
(2, 2, 2)
2
(43, 55)
-> Request 8
473
(3, 3, 2)
3
(43, 69)
-> Request 9
603
(1, 3, 2)
3
(49, 33)
-> Request 10
854
(3, 2, 2)
1
(3, 24)
-> Request 11
888
(3, 1, 1)
3
(69, 21)
-> Request 12
992
(4, 1, 2)
3
(23, 58)
-> Request 13
1189
(1, 1, 2)
1
(46, 66)
-> Request 14
1233
(4, 1, 1)
3
(10, 9)
-> Request 15
1292
(1, 3, 2)
2
(58, 21)
-> Request 16
1343
(2, 3, 2)
1
(61, 30)
-> Request 17
1354
(1, 2, 1)
1
(68, 27)
--> Day : 3
-> Request 0
23
(4, 3, 1)
3
(16, 14)
-> Request 1
363
(2, 3, 2)
3
(72, 56)
-> Request 2
553
(4, 3, 2)
3
(72, 49)
-> Request 3
580
(4, 1, 1)
1
(61, 14)
-> Request 4
663
(2, 3, 1)
2
(11, 22)
-> Request 5
720
(4, 2, 1)
3
(32, 10)
-> Request 6
731
(3, 2, 1)
3
(62, 39)
-> Request 7
925
(2, 3, 2)
3
(66, 73)
-> Request 8
1013
(3, 3, 1)
1
(7, 78)
-> Request 9
1074
(4, 2, 1)
1
(73, 51)
-> Request 10
1254
(4, 2, 2)
3
(32, 49)
--> Day : 4
-> Request 0
11
(3, 2, 2)
2
(62, 7)
-> Request 1
458
(2, 2, 1)
2
(68, 22)
-> Request 2
502
(1, 1, 2)
2
(25, 30)
-> Request 3
529
(1, 1, 2)
2
(8, 7)
-> Request 4
744
(3, 1, 2)
3
(3, 12)
-> Request 5
748
(3, 3, 1)
2
(63, 33)
-> Request 6
959
(3, 1, 1)
3
(51, 14)
-> Request 7
1150
(2, 2, 2)
2
(8, 71)
---> Week : 2
--> Day : 0
-> Request 0
8
(4, 1, 1)
2
(60, 38)
-> Request 1
110
(4, 1, 2)
1
(22, 63)
-> Request 2
125
(3, 1, 2)
2
(59, 42)
-> Request 3
147
(4, 3, 1)
3
(32, 70)
-> Request 4
340
(4, 1, 2)
1
(69, 3)
-> Request 5
570
(3, 2, 1)
3
(67, 67)
-> Request 6
780
(1, 1, 2)
3
(16, 32)
-> Request 7
891
(2, 3, 2)
3
(0, 73)
-> Request 8
995
(2, 3, 1)
2
(74, 35)
-> Request 9
1111
(2, 2, 1)
1
(47, 56)
-> Request 10
1231
(2, 3, 2)
1
(9, 70)
--> Day : 1
-> Request 0
107
(3, 1, 1)
2
(47, 4)
-> Request 1
491
(4, 3, 2)
2
(45, 49)
-> Request 2
666
(2, 3, 1)
1
(7, 45)
-> Request 3
948
(4, 1, 2)
3
(17, 61)
-> Request 4
1110
(3, 1, 1)
2
(53, 28)
-> Request 5
1241
(2, 3, 1)
1
(31, 9)
--> Day : 2
-> Request 0
125
(2, 2, 2)
1
(3, 25)
-> Request 1
128
(3, 1, 2)
3
(27, 64)
-> Request 2
248
(2, 1, 1)
3
(68, 33)
-> Request 3
444
(1, 1, 1)
2
(26, 78)
-> Request 4
578
(1, 3, 1)
3
(70, 70)
-> Request 5
793
(1, 1, 1)
1
(27, 69)
-> Request 6
809
(3, 3, 2)
1
(34, 74)
-> Request 7
1162
(4, 3, 1)
3
(45, 22)
-> Request 8
1274
(4, 3, 2)
2
(6, 18)
--> Day : 3
-> Request 0
695
(1, 2, 2)
2
(52, 59)
-> Request 1
709
(4, 1, 1)
1
(15, 55)
-> Request 2
1172
(2, 2, 1)
2
(78, 22)
-> Request 3
1214
(4, 1, 2)
3
(30, 64)
--> Day : 4
-> Request 0
278
(1, 1, 2)
2
(72, 65)
-> Request 1
326
(1, 2, 2)
2
(28, 37)
-> Request 2
554
(1, 2, 2)
2
(79, 75)
-> Request 3
660
(3, 3, 1)
1
(40, 19)
-> Request 4
670
(2, 1, 2)
1
(67, 36)
-> Request 5
739
(4, 1, 1)
3
(19, 2)
-> Request 6
841
(3, 3, 1)
3
(64, 63)
-> Request 7
1049
(4, 2, 2)
3
(32, 64)
-> Request 8
1049
(2, 3, 2)
1
(45, 51)
-> Request 9
1153
(1, 1, 1)
1
(55, 49)
-> Request 10
1272
(3, 3, 2)
1
(24, 77)
-> Request 11
1279
(3, 2, 1)
3
(74, 36)
---> Week : 3
--> Day : 0
-> Request 0
310
(1, 3, 2)
2
(63, 40)
-> Request 1
387
(1, 3, 2)
1
(76, 8)
-> Request 2
411
(3, 2, 2)
1
(17, 77)
-> Request 3
929
(4, 3, 2)
1
(46, 74)
-> Request 4
1259
(3, 1, 1)
2
(69, 41)
-> Request 5
1438
(1, 1, 2)
1
(2, 62)
--> Day : 1
-> Request 0
47
(3, 2, 1)
3
(78, 5)
-> Request 1
196
(3, 2, 1)
3
(46, 61)
-> Request 2
276
(1, 1, 1)
3
(39, 24)
-> Request 3
650
(1, 3, 1)
1
(56, 68)
-> Request 4
830
(3, 2, 1)
2
(74, 32)
-> Request 5
1192
(1, 1, 1)
2
(41, 69)
--> Day : 2
-> Request 0
326
(3, 1, 1)
3
(16, 60)
-> Request 1
522
(1, 3, 1)
2
(22, 49)
-> Request 2
580
(1, 1, 2)
1
(76, 2)
-> Request 3
623
(4, 2, 1)
2
(79, 37)
-> Request 4
699
(1, 3, 1)
1
(15, 17)
-> Request 5
794
(3, 3, 2)
3
(21, 45)
-> Request 6
920
(2, 2, 1)
2
(6, 59)
-> Request 7
1014
(3, 1, 1)
1
(34, 4)
-> Request 8
1286
(4, 2, 1)
1
(27, 56)
--> Day : 3
-> Request 0
68
(1, 2, 1)
1
(36, 26)
-> Request 1
140
(3, 3, 2)
1
(33, 60)
-> Request 2
150
(2, 2, 1)
2
(33, 55)
-> Request 3
467
(1, 3, 1)
1
(19, 19)
-> Request 4
503
(4, 1, 1)
2
(0, 68)
-> Request 5
510
(4, 1, 2)
2
(8, 51)
-> Request 6
523
(2, 3, 1)
1
(61, 27)
-> Request 7
867
(4, 2, 1)
3
(52, 49)
-> Request 8
1220
(2, 1, 2)
1
(39, 34)
-> Request 9
1269
(3, 3, 1)
2
(39, 54)
-> Request 10
1377
(3, 3, 2)
3
(18, 68)
-> Request 11
1401
(4, 2, 1)
1
(35, 30)
-> Request 12
1401
(2, 1, 1)
3
(49, 16)
--> Day : 4
-> Request 0
432
(4, 3, 2)
3
(71, 76)
-> Request 1
625
(1, 1, 2)
3
(0, 28)
-> Request 2
625
(4, 2, 2)
3
(49, 56)
-> Request 3
685
(1, 3, 1)
1
(66, 50)
-> Request 4
868
(3, 1, 1)
2
(0, 28)
-> Request 5
913
(1, 1, 2)
3
(69, 24)
-> Request 6
980
(4, 2, 1)
1
(53, 5)
-> Request 7
1109
(2, 3, 1)
1
(30, 9)
-> Request 8
1141
(4, 3, 1)
2
(1, 53)
-> Request 9
1293
(4, 1, 2)
2
(6, 47)
-> Request 10
1324
(1, 1, 2)
1
(4, 48)
---> Week : 4
--> Day : 0
-> Request 0
127
(3, 2, 1)
2
(28, 44)
-> Request 1
194
(4, 1, 1)
1
(62, 77)
-> Request 2
326
(4, 2, 2)
1
(72, 55)
-> Request 3
441
(3, 3, 2)
3
(68, 4)
-> Request 4
696
(1, 1, 1)
3
(17, 23)
-> Request 5
1000
(3, 2, 1)
2
(5, 53)
-> Request 6
1376
(4, 2, 1)
2
(52, 40)
--> Day : 1
-> Request 0
6
(3, 2, 1)
3
(0, 38)
-> Request 1
148
(3, 1, 1)
2
(67, 60)
-> Request 2
298
(4, 3, 2)
3
(23, 22)
-> Request 3
397
(3, 1, 1)
1
(13, 61)
-> Request 4
580
(4, 1, 2)
2
(36, 31)
-> Request 5
746
(1, 2, 2)
1
(18, 20)
-> Request 6
885
(2, 1, 1)
2
(71, 23)
-> Request 7
894
(4, 3, 1)
2
(18, 44)
-> Request 8
966
(1, 1, 2)
2
(45, 71)
-> Request 9
1045
(3, 3, 2)
3
(52, 16)
-> Request 10
1178
(1, 3, 2)
3
(54, 73)
-> Request 11
1254
(4, 1, 2)
3
(1, 20)
-> Request 12
1437
(3, 1, 2)
2
(26, 23)
--> Day : 2
-> Request 0
18
(3, 2, 2)
2
(17, 34)
-> Request 1
155
(1, 1, 2)
1
(18, 49)
-> Request 2
263
(4, 1, 1)
1
(5, 67)
-> Request 3
447
(2, 1, 1)
3
(32, 28)
-> Request 4
501
(3, 3, 2)
3
(42, 7)
-> Request 5
884
(4, 3, 2)
3
(39, 0)
-> Request 6
1020
(3, 1, 1)
2
(35, 49)
-> Request 7
1114
(4, 3, 2)
2
(15, 36)
-> Request 8
1218
(1, 3, 2)
3
(71, 48)
-> Request 9
1225
(1, 2, 1)
2
(72, 13)
-> Request 10
1299
(3, 2, 1)
3
(75, 73)
-> Request 11
1333
(4, 3, 2)
3
(31, 39)
-> Request 12
1430
(3, 2, 1)
3
(66, 43)
--> Day : 3
-> Request 0
109
(3, 3, 1)
1
(35, 21)
-> Request 1
231
(4, 2, 1)
3
(36, 72)
-> Request 2
243
(4, 3, 2)
2
(71, 78)
-> Request 3
408
(1, 1, 1)
2
(46, 40)
-> Request 4
409
(2, 2, 1)
1
(14, 11)
-> Request 5
436
(3, 3, 1)
1
(49, 56)
-> Request 6
533
(4, 3, 1)
2
(79, 9)
-> Request 7
764
(3, 2, 2)
2
(78, 34)
-> Request 8
914
(1, 2, 2)
1
(28, 74)
-> Request 9
1377
(4, 1, 2)
1
(14, 74)
--> Day : 4
-> Request 0
180
(4, 2, 1)
2
(23, 57)
-> Request 1
500
(3, 2, 1)
1
(44, 49)
-> Request 2
632
(3, 2, 2)
1
(33, 76)
-> Request 3
893
(3, 3, 1)
1
(10, 62)
-> Request 4
1315
(1, 3, 2)
1
(65, 0)
---> Week : 5
--> Day : 0
-> Request 0
587
(3, 1, 1)
2
(43, 15)
-> Request 1
599
(3, 2, 2)
2
(79, 77)
-> Request 2
743
(1, 3, 2)
1
(44, 48)
-> Request 3
1275
(1, 3, 1)
1
(52, 53)
--> Day : 1
-> Request 0
46
(2, 3, 1)
2
(6, 18)
-> Request 1
99
(2, 1, 1)
2
(8, 29)
-> Request 2
219
(3, 1, 2)
2
(76, 10)
-> Request 3
238
(4, 1, 1)
3
(74, 53)
-> Request 4
324
(1, 1, 2)
3
(70, 15)
-> Request 5
424
(4, 1, 1)
1
(17, 20)
-> Request 6
724
(1, 1, 2)
2
(11, 16)
-> Request 7
775
(2, 2, 2)
1
(77, 25)
-> Request 8
1084
(2, 2, 1)
2
(32, 53)
-> Request 9
1296
(3, 2, 1)
2
(55, 61)
--> Day : 2
-> Request 0
21
(2, 1, 2)
1
(73, 66)
-> Request 1
164
(2, 1, 1)
1
(43, 31)
-> Request 2
182
(1, 2, 2)
3
(58, 34)
-> Request 3
364
(3, 1, 1)
2
(53, 6)
-> Request 4
431
(1, 1, 1)
2
(46, 51)
-> Request 5
535
(2, 3, 2)
2
(56, 44)
-> Request 6
593
(2, 2, 1)
3
(1, 46)
-> Request 7
593
(4, 2, 2)
3
(22, 49)
-> Request 8
678
(3, 1, 2)
1
(3, 63)
-> Request 9
1088
(2, 1, 1)
3
(51, 22)
-> Request 10
1226
(4, 2, 2)
2
(74, 19)
--> Day : 3
-> Request 0
286
(3, 3, 2)
3
(12, 34)
-> Request 1
293
(4, 1, 1)
1
(40, 32)
-> Request 2
446
(4, 2, 1)
3
(23, 7)
-> Request 3
550
(1, 1, 2)
2
(68, 5)
-> Request 4
813
(2, 1, 1)
3
(41, 12)
-> Request 5
895
(1, 2, 1)
3
(65, 69)
-> Request 6
983
(2, 3, 2)
1
(49, 5)
-> Request 7
1210
(4, 1, 1)
1
(26, 17)
-> Request 8
1265
(2, 1, 2)
1
(41, 21)
-> Request 9
1296
(3, 2, 1)
2
(39, 75)
--> Day : 4
-> Request 0
357
(2, 2, 1)
1
(34, 67)
-> Request 1
727
(3, 1, 1)
2
(10, 64)
-> Request 2
961
(3, 3, 2)
3
(5, 2)
-> Request 3
978
(3, 2, 1)
2
(48, 43)
-> Request 4
1182
(1, 1, 1)
2
(30, 40)
-> Request 5
1185
(3, 2, 1)
3
(13, 69)
---> Week : 6
--> Day : 0
-> Request 0
183
(2, 1, 2)
1
(64, 34)
-> Request 1
240
(4, 3, 1)
1
(1, 45)
-> Request 2
349
(1, 1, 1)
1
(77, 20)
-> Request 3
402
(1, 1, 2)
1
(42, 50)
-> Request 4
435
(2, 2, 2)
1
(65, 19)
-> Request 5
649
(3, 1, 2)
1
(8, 47)
-> Request 6
768
(1, 2, 1)
1
(32, 36)
-> Request 7
841
(4, 3, 1)
2
(13, 23)
-> Request 8
1189
(2, 2, 2)
3
(22, 5)
-> Request 9
1418
(1, 2, 1)
1
(38, 21)
--> Day : 1
-> Request 0
58
(2, 2, 2)
3
(59, 49)
-> Request 1
210
(3, 3, 1)
2
(53, 8)
-> Request 2
239
(1, 3, 2)
2
(27, 10)
-> Request 3
357
(1, 2, 2)
2
(79, 15)
-> Request 4
369
(3, 3, 1)
1
(39, 40)
-> Request 5
392
(2, 2, 1)
2
(75, 67)
-> Request 6
605
(2, 2, 1)
3
(47, 35)
-> Request 7
679
(4, 1, 1)
3
(77, 33)
-> Request 8
844
(1, 2, 2)
3
(0, 74)
-> Request 9
1239
(1, 2, 1)
1
(21, 14)
-> Request 10
1321
(1, 3, 1)
2
(58, 52)
--> Day : 2
-> Request 0
3
(1, 3, 1)
3
(53, 50)
-> Request 1
91
(1, 2, 2)
1
(40, 45)
-> Request 2
171
(2, 3, 2)
1
(74, 68)
-> Request 3
298
(3, 2, 1)
3
(49, 78)
-> Request 4
367
(2, 1, 2)
2
(73, 34)
-> Request 5
633
(1, 3, 2)
2
(47, 14)
-> Request 6
668
(4, 2, 2)
2
(33, 71)
-> Request 7
711
(3, 1, 1)
3
(22, 32)
-> Request 8
862
(4, 3, 1)
1
(66, 37)
-> Request 9
893
(2, 3, 2)
2
(38, 73)
--> Day : 3
-> Request 0
63
(4, 1, 1)
3
(28, 50)
-> Request 1
241
(1, 1, 1)
2
(52, 15)
-> Request 2
312
(1, 2, 1)
3
(54, 14)
-> Request 3
582
(2, 3, 1)
1
(28, 67)
-> Request 4
899
(4, 1, 1)
2
(64, 63)
-> Request 5
957
(4, 1, 2)
3
(73, 61)
-> Request 6
1146
(3, 2, 1)
2
(0, 65)
-> Request 7
1268
(1, 3, 2)
1
(19, 48)
-> Request 8
1426
(1, 1, 2)
1
(39, 18)
--> Day : 4
-> Request 0
428
(4, 2, 1)
2
(57, 31)
-> Request 1
1244
(4, 3, 2)
2
(53, 4)
---> Week : 7
--> Day : 0
-> Request 0
88
(1, 1, 1)
2
(36, 22)
-> Request 1
184
(1, 2, 1)
1
(17, 79)
-> Request 2
214
(1, 3, 2)
3
(68, 74)
-> Request 3
270
(1, 1, 2)
2
(24, 21)
-> Request 4
348
(3, 1, 1)
1
(32, 41)
-> Request 5
373
(3, 1, 1)
1
(3, 57)
-> Request 6
420
(1, 2, 2)
1
(74, 43)
-> Request 7
734
(2, 2, 1)
2
(15, 37)
-> Request 8
885
(4, 3, 1)
3
(33, 78)
-> Request 9
885
(1, 2, 1)
2
(30, 48)
-> Request 10
1121
(1, 1, 2)
3
(23, 6)
-> Request 11
1397
(1, 1, 1)
3
(8, 38)
--> Day : 1
-> Request 0
45
(2, 2, 2)
3
(23, 54)
-> Request 1
184
(3, 1, 2)
1
(46, 30)
-> Request 2
332
(4, 2, 2)
1
(53, 61)
-> Request 3
351
(4, 2, 1)
1
(47, 52)
-> Request 4
620
(4, 1, 2)
1
(54, 22)
-> Request 5
810
(3, 2, 2)
1
(51, 28)
-> Request 6
851
(1, 3, 1)
2
(67, 45)
-> Request 7
865
(2, 3, 2)
3
(41, 37)
-> Request 8
899
(1, 3, 1)
2
(16, 15)
-> Request 9
984
(2, 2, 1)
3
(28, 50)
-> Request 10
1355
(1, 2, 1)
3
(69, 4)
-> Request 11
1390
(4, 3, 1)
2
(33, 31)
--> Day : 2
-> Request 0
178
(1, 1, 1)
1
(75, 50)
-> Request 1
190
(4, 1, 2)
1
(13, 39)
-> Request 2
910
(1, 3, 1)
1
(37, 38)
-> Request 3
1043
(2, 3, 2)
1
(24, 40)
-> Request 4
1321
(4, 1, 2)
1
(63, 36)
--> Day : 3
-> Request 0
58
(4, 1, 2)
1
(41, 25)
-> Request 1
191
(2, 2, 1)
1
(49, 43)
-> Request 2
462
(4, 1, 1)
1
(58, 63)
-> Request 3
490
(4, 1, 2)
2
(28, 56)
-> Request 4
608
(1, 2, 1)
1
(3, 59)
-> Request 5
644
(2, 3, 1)
2
(59, 26)
-> Request 6
900
(1, 2, 1)
1
(9, 12)
-> Request 7
914
(1, 1, 2)
1
(12, 10)
-> Request 8
997
(3, 3, 1)
3
(17, 63)
-> Request 9
1155
(2, 3, 2)
1
(44, 21)
-> Request 10
1214
(4, 1, 1)
3
(18, 6)
-> Request 11
1244
(1, 1, 1)
3
(39, 66)
--> Day : 4
-> Request 0
135
(4, 2, 2)
3
(1, 14)
-> Request 1
201
(2, 3, 1)
2
(0, 21)
-> Request 2
298
(4, 1, 2)
1
(0, 67)
-> Request 3
427
(1, 3, 2)
2
(54, 26)
-> Request 4
755
(3, 3, 2)
1
(39, 78)
-> Request 5
1221
(4, 2, 1)
2
(70, 7)
-> Request 6
1352
(4, 3, 2)
3
(30, 56)
-> Request 7
1429
(4, 2, 2)
2
(47, 39)
---> Week : 8
--> Day : 0
-> Request 0
280
(3, 3, 2)
1
(24, 55)
-> Request 1
294
(4, 3, 2)
3
(34, 79)
-> Request 2
353
(3, 1, 1)
2
(38, 72)
-> Request 3
409
(1, 1, 1)
3
(57, 32)
-> Request 4
447
(4, 1, 2)
2
(48, 56)
-> Request 5
622
(3, 1, 1)
1
(34, 10)
-> Request 6
647
(2, 2, 1)
1
(47, 74)
-> Request 7
723
(4, 3, 2)
2
(25, 58)
-> Request 8
1041
(2, 2, 1)
2
(14, 79)
-> Request 9
1200
(2, 3, 2)
2
(2, 69)
-> Request 10
1314
(2, 1, 2)
2
(62, 19)
-> Request 11
1331
(4, 1, 2)
1
(58, 75)
-> Request 12
1405
(4, 3, 1)
2
(44, 49)
--> Day : 1
-> Request 0
149
(3, 1, 1)
2
(1, 9)
-> Request 1
421
(2, 1, 1)
1
(47, 50)
-> Request 2
514
(3, 3, 2)
3
(20, 20)
-> Request 3
673
(1, 1, 1)
3
(19, 32)
-> Request 4
673
(4, 1, 2)
3
(8, 19)
-> Request 5
831
(1, 1, 1)
1
(15, 24)
-> Request 6
1159
(4, 2, 2)
3
(69, 53)
--> Day : 2
-> Request 0
213
(3, 1, 1)
1
(43, 25)
-> Request 1
419
(4, 3, 1)
2
(44, 75)
-> Request 2
427
(4, 1, 2)
3
(79, 46)
-> Request 3
792
(4, 1, 1)
2
(10, 2)
-> Request 4
814
(3, 1, 2)
1
(75, 62)
-> Request 5
854
(4, 2, 2)
2
(24, 46)
-> Request 6
1019
(1, 3, 1)
2
(56, 65)
-> Request 7
1375
(3, 2, 1)
1
(34, 48)
--> Day : 3
-> Request 0
63
(4, 2, 2)
2
(25, 33)
-> Request 1
431
(4, 1, 2)
2
(78, 58)
-> Request 2
522
(3, 1, 2)
1
(12, 59)
-> Request 3
767
(3, 1, 2)
2
(56, 8)
-> Request 4
806
(1, 2, 1)
1
(63, 57)
-> Request 5
913
(3, 3, 1)
2
(33, 0)
-> Request 6
1218
(3, 3, 1)
3
(64, 10)
-> Request 7
1352
(4, 1, 1)
3
(46, 70)
-> Request 8
1401
(2, 1, 2)
2
(41, 42)
-> Request 9
1424
(4, 2, 2)
2
(24, 51)
--> Day : 4
-> Request 0
254
(3, 3, 2)
2
(6, 9)
-> Request 1
281
(1, 2, 2)
1
(2, 76)
-> Request 2
416
(4, 2, 1)
2
(48, 73)
-> Request 3
503
(2, 1, 1)
3
(23, 71)
-> Request 4
604
(2, 3, 1)
3
(2, 71)
-> Request 5
715
(2, 3, 2)
2
(56, 52)
-> Request 6
815
(4, 1, 2)
1
(20, 47)
-> Request 7
1099
(2, 2, 1)
1
(75, 25)
-> Request 8
1128
(2, 2, 2)
3
(73, 8)
-> Request 9
1305
(1, 1, 2)
2
(37, 67)
-> Request 10
1359
(1, 3, 1)
2
(40, 21)
---> Week : 9
--> Day : 0
-> Request 0
81
(4, 1, 1)
2
(39, 39)
-> Request 1
148
(3, 2, 1)
1
(47, 74)
-> Request 2
490
(4, 1, 1)
3
(31, 29)
-> Request 3
523
(4, 1, 2)
3
(34, 76)
-> Request 4
635
(3, 3, 1)
1
(55, 73)
-> Request 5
705
(4, 3, 1)
3
(2, 45)
-> Request 6
880
(2, 2, 2)
1
(77, 41)
-> Request 7
965
(4, 2, 2)
1
(39, 61)
-> Request 8
973
(3, 3, 1)
2
(29, 55)
-> Request 9
974
(4, 2, 1)
2
(32, 46)
-> Request 10
1150
(4, 2, 1)
2
(19, 48)
--> Day : 1
-> Request 0
179
(2, 1, 1)
1
(4, 39)
-> Request 1
348
(2, 3, 1)
3
(69, 53)
-> Request 2
353
(4, 3, 1)
3
(12, 23)
-> Request 3
674
(1, 1, 1)
1
(60, 62)
-> Request 4
1277
(1, 1, 2)
2
(5, 58)
--> Day : 2
-> Request 0
32
(3, 3, 1)
3
(21, 36)
-> Request 1
94
(2, 1, 2)
1
(0, 9)
-> Request 2
308
(3, 3, 2)
2
(49, 71)
-> Request 3
330
(1, 3, 2)
1
(44, 69)
-> Request 4
333
(1, 1, 2)
1
(71, 2)
-> Request 5
438
(4, 2, 1)
1
(31, 32)
-> Request 6
455
(4, 1, 1)
3
(47, 54)
-> Request 7
570
(4, 1, 1)
3
(56, 67)
-> Request 8
685
(2, 3, 1)
1
(55, 5)
-> Request 9
686
(2, 1, 2)
3
(17, 55)
-> Request 10
869
(4, 1, 2)
2
(53, 5)
-> Request 11
973
(1, 2, 1)
1
(60, 56)
-> Request 12
1090
(4, 3, 2)
1
(21, 59)
-> Request 13
1101
(4, 1, 2)
1
(24, 54)
-> Request 14
1306
(4, 3, 1)
1
(44, 4)
--> Day : 3
-> Request 0
129
(1, 3, 2)
3
(76, 38)
-> Request 1
141
(2, 1, 2)
2
(1, 22)
-> Request 2
348
(3, 1, 1)
3
(49, 39)
-> Request 3
694
(2, 1, 1)
3
(31, 35)
-> Request 4
747
(2, 1, 2)
1
(63, 8)
-> Request 5
901
(3, 3, 1)
1
(53, 16)
-> Request 6
919
(4, 3, 1)
3
(6, 23)
-> Request 7
949
(4, 2, 1)
2
(45, 11)
-> Request 8
1028
(4, 3, 2)
2
(30, 8)
-> Request 9
1138
(2, 2, 1)
1
(19, 50)
-> Request 10
1243
(2, 2, 2)
1
(19, 10)
-> Request 11
1258
(3, 2, 2)
1
(69, 58)
--> Day : 4
-> Request 0
144
(2, 1, 2)
3
(2, 50)
-> Request 1
195
(2, 3, 2)
1
(58, 65)
-> Request 2
217
(2, 2, 2)
2
(30, 22)
-> Request 3
311
(3, 3, 1)
3
(57, 65)
-> Request 4
400
(2, 2, 2)
3
(61, 65)
-> Request 5
702
(1, 3, 1)
1
(16, 34)
-> Request 6
812
(4, 2, 1)
2
(1, 18)
-> Request 7
1062
(2, 1, 2)
1
(50, 1)
-> Request 8
1075
(1, 2, 2)
1
(24, 30)
-> Request 9
1357
(4, 1, 2)
1
(63, 19)
-> Request 10
1379
(1, 1, 2)
3
(55, 31)
-> Request 11
1401
(4, 2, 1)
2
(27, 33)
---> Week : 10
--> Day : 0
-> Request 0
210
(3, 2, 2)
3
(73, 52)
-> Request 1
232
(1, 2, 2)
2
(20, 20)
-> Request 2
332
(3, 1, 2)
3
(56, 52)
-> Request 3
706
(4, 2, 2)
1
(77, 61)
-> Request 4
898
(1, 1, 2)
2
(76, 42)
-> Request 5
974
(2, 2, 2)
3
(0, 39)
-> Request 6
1028
(2, 2, 2)
1
(23, 65)
-> Request 7
1057
(3, 1, 2)
2
(42, 42)
-> Request 8
1266
(1, 3, 2)
1
(51, 17)
--> Day : 1
-> Request 0
30
(4, 2, 1)
2
(75, 33)
-> Request 1
185
(4, 1, 2)
3
(8, 24)
-> Request 2
202
(1, 2, 1)
1
(66, 46)
-> Request 3
272
(2, 3, 1)
1
(55, 22)
-> Request 4
498
(4, 2, 1)
3
(40, 59)
-> Request 5
699
(2, 2, 2)
2
(47, 27)
-> Request 6
877
(1, 3, 2)
3
(26, 71)
-> Request 7
1016
(3, 3, 2)
3
(72, 5)
-> Request 8
1016
(4, 1, 2)
1
(41, 77)
-> Request 9
1143
(4, 2, 1)
1
(62, 14)
-> Request 10
1266
(1, 3, 1)
2
(75, 1)
--> Day : 2
-> Request 0
67
(1, 2, 1)
1
(39, 76)
-> Request 1
498
(2, 3, 2)
3
(72, 62)
-> Request 2
847
(4, 3, 2)
1
(24, 34)
-> Request 3
875
(2, 2, 1)
1
(72, 35)
-> Request 4
1077
(3, 1, 1)
2
(23, 73)
--> Day : 3
-> Request 0
88
(1, 2, 1)
1
(41, 6)
-> Request 1
875
(4, 2, 2)
1
(22, 31)
-> Request 2
963
(1, 3, 1)
2
(48, 13)
-> Request 3
988
(4, 2, 1)
2
(41, 18)
-> Request 4
989
(4, 2, 1)
2
(50, 18)
-> Request 5
1033
(2, 2, 2)
1
(2, 76)
-> Request 6
1068
(4, 2, 1)
3
(60, 7)
-> Request 7
1237
(4, 1, 1)
3
(2, 7)
--> Day : 4
-> Request 0
128
(2, 3, 2)
2
(75, 16)
-> Request 1
664
(1, 1, 2)
2
(30, 74)
-> Request 2
693
(2, 1, 1)
2
(77, 41)
-> Request 3
822
(3, 3, 2)
2
(79, 26)
-> Request 4
1067
(2, 3, 1)
3
(11, 59)
-> Request 5
1085
(1, 2, 1)
3
(30, 39)
-> Request 6
1245
(3, 3, 1)
3
(21, 3)
-> Request 7
1274
(2, 1, 2)
1
(34, 17)
-> Request 8
1350
(3, 3, 1)
2
(79, 50)
-> Request 9
1355
(1, 2, 1)
3
(26, 42)
---> Week : 11
--> Day : 0
-> Request 0
69
(3, 1, 2)
2
(29, 76)
-> Request 1
113
(2, 2, 1)
1
(67, 70)
-> Request 2
163
(1, 1, 2)
2
(15, 66)
-> Request 3
472
(4, 1, 1)
1
(34, 32)
-> Request 4
593
(3, 1, 2)
2
(68, 67)
-> Request 5
736
(3, 3, 2)
1
(67, 43)
-> Request 6
801
(2, 3, 2)
2
(31, 77)
-> Request 7
826
(1, 2, 2)
2
(25, 79)
-> Request 8
841
(2, 1, 1)
1
(7, 13)
-> Request 9
881
(2, 2, 1)
2
(47, 17)
-> Request 10
1123
(3, 1, 2)
1
(47, 75)
-> Request 11
1237
(1, 1, 1)
1
(28, 55)
-> Request 12
1403
(3, 1, 1)
3
(0, 53)
--> Day : 1
-> Request 0
1
(1, 2, 1)
1
(52, 2)
-> Request 1
334
(1, 2, 2)
2
(62, 46)
-> Request 2
370
(3, 2, 2)
2
(40, 46)
-> Request 3
610
(2, 3, 2)
2
(39, 19)
-> Request 4
641
(4, 3, 1)
2
(65, 1)
-> Request 5
662
(3, 3, 1)
2
(56, 10)
-> Request 6
927
(1, 1, 1)
2
(31, 22)
-> Request 7
1039
(3, 1, 1)
2
(44, 54)
--> Day : 2
-> Request 0
215
(1, 3, 1)
2
(30, 52)
-> Request 1
245
(1, 3, 1)
3
(0, 32)
-> Request 2
393
(3, 3, 1)
2
(22, 58)
-> Request 3
504
(1, 3, 1)
1
(39, 9)
-> Request 4
680
(1, 2, 1)
1
(68, 30)
-> Request 5
783
(1, 2, 1)
1
(12, 11)
--> Day : 3
-> Request 0
381
(2, 3, 1)
2
(72, 63)
-> Request 1
400
(1, 3, 1)
3
(30, 44)
-> Request 2
518
(2, 3, 2)
1
(43, 8)
-> Request 3
608
(1, 2, 2)
1
(41, 42)
-> Request 4
830
(2, 1, 1)
3
(58, 10)
-> Request 5
1039
(1, 3, 2)
3
(60, 32)
-> Request 6
1183
(2, 2, 1)
1
(18, 48)
-> Request 7
1281
(1, 1, 1)
3
(26, 44)
--> Day : 4
-> Request 0
10
(2, 2, 2)
2
(72, 10)
-> Request 1
150
(3, 2, 1)
1
(35, 73)
-> Request 2
317
(4, 1, 2)
3
(60, 12)
-> Request 3
400
(2, 1, 2)
1
(23, 11)
-> Request 4
496
(3, 2, 2)
2
(59, 21)
-> Request 5
597
(2, 3, 2)
3
(79, 9)
-> Request 6
857
(3, 1, 1)
3
(22, 4)
-> Request 7
1209
(1, 1, 1)
2
(66, 59)
---> Week : 12
--> Day : 0
-> Request 0
33
(3, 3, 2)
1
(20, 26)
-> Request 1
102
(1, 1, 1)
2
(49, 70)
-> Request 2
393
(1, 3, 1)
3
(67, 33)
-> Request 3
697
(1, 2, 1)
2
(9, 23)
-> Request 4
716
(2, 2, 2)
2
(13, 15)
-> Request 5
828
(1, 3, 1)
3
(36, 55)
-> Request 6
879
(3, 1, 1)
3
(60, 52)
-> Request 7
1076
(1, 3, 2)
3
(3, 70)
-> Request 8
1131
(3, 2, 2)
1
(58, 41)
-> Request 9
1294
(1, 1, 2)
3
(22, 38)
--> Day : 1
-> Request 0
74
(4, 2, 2)
1
(14, 66)
-> Request 1
463
(1, 1, 1)
1
(25, 46)
-> Request 2
596
(1, 3, 1)
2
(23, 33)
-> Request 3
830
(4, 3, 1)
1
(48, 39)
-> Request 4
964
(4, 3, 2)
2
(9, 4)
-> Request 5
1069
(4, 3, 2)
2
(23, 4)
-> Request 6
1239
(4, 3, 2)
2
(69, 39)
-> Request 7
1264
(2, 1, 2)
1
(39, 61)
-> Request 8
1439
(2, 3, 1)
3
(30, 46)
--> Day : 2
-> Request 0
262
(1, 1, 1)
2
(44, 45)
-> Request 1
310
(2, 2, 1)
2
(0, 18)
-> Request 2
426
(2, 1, 2)
1
(68, 44)
-> Request 3
494
(1, 2, 2)
2
(78, 34)
-> Request 4
564
(4, 1, 2)
3
(74, 9)
-> Request 5
677
(4, 2, 1)
2
(50, 47)
-> Request 6
1244
(4, 2, 2)
2
(56, 13)
-> Request 7
1375
(4, 1, 2)
3
(75, 42)
-> Request 8
1432
(2, 3, 1)
3
(31, 17)
--> Day : 3
-> Request 0
149
(2, 3, 1)
3
(14, 56)
-> Request 1
220
(4, 3, 2)
2
(58, 0)
-> Request 2
263
(3, 1, 1)
1
(55, 56)
-> Request 3
421
(1, 3, 2)
3
(20, 74)
-> Request 4
456
(3, 3, 1)
1
(13, 68)
-> Request 5
626
(1, 1, 2)
2
(71, 34)
-> Request 6
882
(3, 1, 2)
3
(61, 0)
-> Request 7
927
(4, 2, 2)
3
(33, 37)
-> Request 8
1084
(4, 1, 1)
3
(33, 73)
-> Request 9
1095
(4, 1, 2)
1
(24, 28)
-> Request 10
1271
(2, 1, 1)
2
(14, 58)
--> Day : 4
-> Request 0
2
(2, 2, 2)
1
(53, 79)
-> Request 1
149
(2, 2, 2)
2
(50, 14)
-> Request 2
677
(4, 2, 2)
3
(3, 30)
-> Request 3
806
(4, 1, 2)
1
(35, 14)
-> Request 4
1041
(2, 3, 1)
1
(15, 67)
-> Request 5
1139
(2, 3, 1)
2
(38, 41)
-> Request 6
1380
(4, 3, 1)
2
(72, 77)
---> Week : 13
--> Day : 0
-> Request 0
133
(3, 1, 1)
2
(27, 55)
-> Request 1
157
(2, 3, 2)
1
(61, 46)
-> Request 2
432
(1, 1, 2)
1
(9, 53)
-> Request 3
573
(2, 1, 2)
1
(76, 24)
-> Request 4
766
(3, 1, 1)
3
(72, 61)
-> Request 5
860
(1, 2, 1)
1
(56, 44)
-> Request 6
1029
(1, 3, 1)
1
(35, 53)
-> Request 7
1055
(2, 2, 1)
1
(63, 28)
-> Request 8
1215
(2, 1, 2)
2
(26, 72)
-> Request 9
1252
(1, 3, 1)
3
(1, 23)
--> Day : 1
-> Request 0
55
(3, 2, 2)
1
(0, 58)
-> Request 1
309
(2, 1, 2)
3
(40, 32)
-> Request 2
365
(3, 3, 2)
1
(34, 31)
-> Request 3
461
(1, 1, 1)
2
(78, 30)
-> Request 4
1380
(3, 3, 2)
1
(56, 40)
-> Request 5
1435
(4, 1, 2)
1
(71, 38)
--> Day : 2
-> Request 0
212
(4, 1, 1)
2
(39, 74)
-> Request 1
226
(3, 1, 2)
2
(14, 3)
-> Request 2
294
(2, 3, 1)
1
(21, 69)
-> Request 3
453
(4, 1, 1)
1
(79, 13)
-> Request 4
513
(2, 1, 1)
3
(74, 40)
-> Request 5
896
(4, 1, 1)
2
(4, 62)
--> Day : 3
-> Request 0
33
(4, 3, 2)
1
(52, 43)
-> Request 1
150
(3, 2, 1)
2
(65, 56)
-> Request 2
207
(2, 2, 1)
1
(67, 57)
-> Request 3
229
(1, 2, 1)
2
(77, 64)
-> Request 4
279
(2, 2, 2)
2
(40, 71)
-> Request 5
313
(2, 3, 1)
3
(75, 31)
-> Request 6
428
(2, 3, 1)
3
(4, 45)
-> Request 7
459
(2, 3, 2)
1
(38, 19)
-> Request 8
498
(1, 1, 1)
2
(41, 71)
-> Request 9
685
(2, 1, 1)
3
(5, 25)
-> Request 10
930
(1, 3, 1)
1
(79, 14)
-> Request 11
1104
(3, 2, 1)
2
(13, 46)
-> Request 12
1338
(4, 2, 2)
1
(69, 73)
-> Request 13
1398
(4, 2, 2)
1
(24, 24)
--> Day : 4
-> Request 0
72
(3, 1, 2)
1
(73, 78)
-> Request 1
173
(2, 3, 1)
3
(52, 40)
-> Request 2
217
(1, 3, 2)
1
(5, 10)
-> Request 3
274
(4, 1, 1)
2
(10, 53)
-> Request 4
376
(1, 2, 1)
2
(49, 15)
-> Request 5
463
(2, 1, 2)
3
(78, 73)
-> Request 6
493
(2, 3, 1)
3
(65, 46)
-> Request 7
579
(4, 1, 1)
1
(47, 42)
-> Request 8
607
(4, 1, 2)
3
(3, 14)
-> Request 9
608
(2, 2, 2)
2
(9, 18)
-> Request 10
838
(3, 3, 2)
3
(8, 55)
-> Request 11
930
(1, 1, 2)
2
(18, 61)
-> Request 12
940
(1, 3, 1)
3
(63, 62)
-> Request 13
1043
(2, 3, 2)
2
(59, 30)
-> Request 14
1052
(2, 2, 2)
1
(41, 22)
-> Request 15
1121
(3, 1, 1)
2
(69, 41)
-> Request 16
1206
(3, 1, 2)
2
(58, 73)
-> Request 17
1257
(2, 1, 1)
2
(52, 42)
-> Request 18
1272
(2, 3, 2)
3
(68, 78)
---> Week : 14
--> Day : 0
-> Request 0
323
(4, 2, 1)
3
(15, 53)
-> Request 1
387
(3, 2, 1)
3
(60, 72)
-> Request 2
464
(4, 3, 2)
2
(30, 22)
-> Request 3
567
(3, 1, 2)
1
(39, 29)
-> Request 4
620
(2, 2, 1)
3
(8, 40)
-> Request 5
661
(1, 2, 1)
1
(24, 66)
-> Request 6
1281
(3, 1, 2)
2
(61, 9)
-> Request 7
1320
(1, 3, 2)
3
(54, 4)
--> Day : 1
-> Request 0
61
(1, 3, 2)
3
(57, 22)
-> Request 1
74
(1, 1, 1)
2
(78, 1)
-> Request 2
334
(4, 2, 2)
3
(56, 8)
-> Request 3
509
(2, 2, 2)
1
(35, 55)
-> Request 4
789
(4, 2, 1)
1
(54, 26)
-> Request 5
859
(1, 1, 1)
3
(0, 65)
-> Request 6
1061
(2, 1, 1)
1
(22, 65)
-> Request 7
1160
(2, 3, 1)
3
(68, 20)
-> Request 8
1310
(4, 3, 2)
1
(21, 8)
--> Day : 2
-> Request 0
175
(2, 2, 1)
3
(66, 5)
-> Request 1
438
(2, 1, 2)
2
(51, 36)
-> Request 2
579
(1, 2, 2)
1
(29, 58)
-> Request 3
831
(2, 3, 1)
2
(35, 46)
--> Day : 3
-> Request 0
199
(2, 1, 2)
3
(43, 25)
-> Request 1
405
(1, 2, 1)
2
(61, 1)
-> Request 2
594
(2, 2, 2)
2
(46, 20)
-> Request 3
676
(3, 3, 2)
1
(10, 48)
-> Request 4
883
(4, 1, 1)
1
(33, 69)
-> Request 5
1150
(2, 2, 2)
3
(40, 72)
--> Day : 4
-> Request 0
51
(1, 2, 2)
1
(57, 33)
-> Request 1
126
(2, 2, 1)
1
(66, 52)
-> Request 2
262
(1, 3, 1)
3
(57, 44)
-> Request 3
352
(3, 2, 2)
2
(79, 61)
-> Request 4
380
(2, 2, 1)
1
(14, 62)
-> Request 5
434
(3, 3, 1)
3
(66, 26)
-> Request 6
454
(3, 3, 1)
3
(35, 21)
-> Request 7
578
(4, 3, 2)
3
(29, 15)
-> Request 8
700
(4, 3, 2)
2
(4, 28)
-> Request 9
754
(1, 3, 2)
1
(38, 46)
-> Request 10
863
(2, 1, 1)
1
(18, 26)
-> Request 11
1190
(4, 3, 1)
2
(24, 37)
-> Request 12
1347
(3, 3, 2)
1
(57, 79)
-> Request 13
1374
(3, 3, 1)
3
(2, 22)
---> Week : 15
--> Day : 0
-> Request 0
1
(3, 3, 2)
2
(23, 33)
-> Request 1
168
(3, 1, 1)
3
(1, 15)
-> Request 2
294
(1, 3, 2)
3
(16, 3)
-> Request 3
429
(4, 1, 1)
3
(18, 14)
-> Request 4
669
(4, 2, 1)
1
(0, 34)
-> Request 5
729
(4, 2, 1)
1
(31, 3)
-> Request 6
814
(2, 2, 2)
2
(7, 21)
-> Request 7
927
(3, 2, 2)
1
(5, 42)
-> Request 8
1001
(3, 1, 1)
3
(66, 75)
-> Request 9
1016
(3, 1, 2)
3
(49, 30)
-> Request 10
1219
(4, 2, 1)
1
(64, 5)
-> Request 11
1221
(3, 1, 2)
2
(8, 58)
-> Request 12
1289
(2, 2, 1)
3
(72, 59)
-> Request 13
1368
(1, 2, 2)
3
(58, 5)
-> Request 14
1384
(1, 3, 1)
3
(64, 51)
--> Day : 1
-> Request 0
97
(2, 3, 2)
1
(8, 14)
-> Request 1
156
(4, 1, 1)
3
(46, 27)
-> Request 2
214
(1, 2, 2)
2
(59, 37)
-> Request 3
369
(3, 2, 1)
3
(24, 55)
-> Request 4
393
(4, 3, 2)
2
(25, 42)
-> Request 5
799
(3, 3, 1)
2
(70, 39)
-> Request 6
1079
(2, 2, 1)
1
(50, 34)
-> Request 7
1119
(4, 3, 1)
2
(70, 68)
-> Request 8
1171
(2, 3, 1)
2
(58, 2)
-> Request 9
1373
(3, 2, 2)
2
(37, 25)
--> Day : 2
-> Request 0
431
(1, 1, 1)
2
(66, 15)
-> Request 1
451
(3, 3, 1)
2
(78, 40)
-> Request 2
546
(4, 2, 1)
1
(75, 1)
-> Request 3
924
(1, 3, 1)
2
(9, 10)
-> Request 4
1053
(3, 2, 1)
1
(34, 60)
-> Request 5
1114
(3, 1, 1)
2
(70, 19)
-> Request 6
1295
(2, 2, 2)
3
(76, 78)
-> Request 7
1322
(2, 2, 1)
3
(46, 33)
-> Request 8
1385
(4, 1, 1)
1
(40, 76)
--> Day : 3
-> Request 0
124
(3, 1, 2)
1
(27, 31)
-> Request 1
225
(2, 1, 2)
1
(16, 37)
-> Request 2
336
(3, 3, 1)
3
(21, 77)
-> Request 3
337
(4, 3, 2)
2
(53, 77)
-> Request 4
377
(1, 1, 2)
2
(29, 60)
-> Request 5
491
(4, 2, 2)
3
(8, 5)
-> Request 6
619
(2, 3, 1)
2
(33, 73)
-> Request 7
805
(1, 3, 2)
3
(34, 75)
-> Request 8
885
(1, 1, 1)
1
(53, 10)
-> Request 9
887
(4, 3, 2)
2
(4, 68)
-> Request 10
1210
(1, 2, 1)
3
(50, 24)
-> Request 11
1238
(1, 3, 1)
3
(61, 13)
-> Request 12
1318
(2, 2, 1)
1
(13, 27)
--> Day : 4
-> Request 0
315
(3, 1, 1)
3
(42, 31)
-> Request 1
317
(3, 2, 2)
3
(68, 4)
-> Request 2
665
(2, 3, 2)
1
(4, 28)
-> Request 3
909
(1, 1, 1)
2
(46, 73)
-> Request 4
946
(1, 1, 1)
3
(34, 17)
-> Request 5
1057
(2, 3, 1)
1
(36, 50)
---> Week : 16
--> Day : 0
-> Request 0
33
(4, 1, 2)
1
(63, 54)
-> Request 1
70
(4, 1, 2)
2
(1, 71)
-> Request 2
125
(2, 3, 1)
3
(56, 52)
-> Request 3
432
(2, 3, 1)
2
(53, 34)
-> Request 4
620
(4, 1, 2)
2
(30, 39)
-> Request 5
635
(2, 2, 2)
2
(66, 43)
-> Request 6
981
(2, 3, 1)
2
(43, 68)
-> Request 7
1419
(3, 3, 2)
3
(12, 10)
--> Day : 1
-> Request 0
4
(3, 2, 1)
2
(40, 65)
-> Request 1
255
(4, 2, 2)
2
(8, 8)
-> Request 2
282
(3, 1, 2)
1
(71, 64)
-> Request 3
435
(3, 1, 1)
3
(58, 77)
-> Request 4
464
(1, 2, 1)
1
(52, 66)
-> Request 5
703
(3, 3, 2)
2
(2, 9)
-> Request 6
784
(4, 3, 2)
2
(29, 26)
-> Request 7
918
(1, 3, 2)
1
(50, 76)
-> Request 8
1135
(2, 1, 2)
1
(58, 79)
-> Request 9
1371
(4, 1, 2)
1
(36, 39)
--> Day : 2
-> Request 0
309
(4, 2, 2)
3
(32, 58)
-> Request 1
335
(4, 3, 2)
1
(20, 29)
-> Request 2
678
(4, 3, 2)
3
(78, 30)
-> Request 3
838
(3, 1, 2)
3
(54, 21)
-> Request 4
994
(3, 2, 1)
3
(3, 43)
-> Request 5
1059
(2, 3, 1)
1
(73, 43)
-> Request 6
1269
(2, 1, 1)
1
(27, 63)
-> Request 7
1380
(3, 2, 2)
2
(30, 10)
--> Day : 3
-> Request 0
258
(1, 3, 2)
2
(14, 70)
-> Request 1
355
(3, 1, 1)
2
(28, 49)
-> Request 2
950
(1, 3, 2)
1
(11, 33)
-> Request 3
1014
(2, 1, 2)
2
(55, 5)
-> Request 4
1204
(1, 3, 1)
1
(50, 60)
--> Day : 4
-> Request 0
92
(1, 2, 1)
3
(56, 61)
-> Request 1
234
(3, 3, 1)
2
(58, 29)
-> Request 2
382
(3, 3, 2)
2
(56, 34)
-> Request 3
417
(1, 2, 1)
3
(66, 60)
-> Request 4
427
(4, 2, 1)
1
(26, 9)
-> Request 5
476
(2, 1, 2)
3
(8, 79)
-> Request 6
1105
(3, 1, 2)
1
(45, 50)
-> Request 7
1110
(1, 2, 1)
3
(69, 77)
-> Request 8
1153
(4, 1, 2)
3
(78, 64)
-> Request 9
1277
(3, 1, 2)
3
(69, 37)
-> Request 10
1312
(4, 1, 1)
3
(57, 61)
-> Request 11
1391
(4, 1, 1)
1
(21, 34)
---> Week : 17
--> Day : 0
-> Request 0
21
(3, 2, 2)
1
(49, 54)
-> Request 1
184
(4, 3, 1)
3
(8, 8)
-> Request 2
206
(1, 3, 2)
1
(41, 38)
-> Request 3
358
(1, 2, 1)
3
(67, 55)
-> Request 4
582
(3, 2, 1)
2
(55, 42)
-> Request 5
631
(4, 2, 1)
3
(57, 23)
-> Request 6
766
(4, 2, 2)
1
(11, 17)
-> Request 7
891
(2, 3, 2)
2
(23, 15)
-> Request 8
1025
(3, 3, 1)
3
(32, 69)
-> Request 9
1043
(1, 1, 1)
3
(66, 12)
-> Request 10
1123
(4, 1, 2)
3
(28, 28)
-> Request 11
1181
(4, 2, 2)
2
(3, 1)
-> Request 12
1230
(4, 1, 1)
3
(51, 10)
-> Request 13
1339
(2, 1, 2)
2
(39, 76)
--> Day : 1
-> Request 0
235
(4, 1, 2)
2
(26, 52)
-> Request 1
494
(1, 2, 2)
1
(24, 17)
-> Request 2
623
(2, 3, 2)
3
(78, 78)
-> Request 3
812
(4, 1, 2)
1
(20, 54)
-> Request 4
851
(4, 3, 1)
3
(20, 25)
-> Request 5
1271
(3, 1, 2)
3
(60, 19)
--> Day : 2
-> Request 0
236
(3, 1, 1)
2
(67, 9)
-> Request 1
310
(4, 1, 2)
2
(58, 36)
-> Request 2
336
(2, 1, 2)
1
(25, 21)
-> Request 3
741
(3, 3, 2)
3
(79, 44)
-> Request 4
777
(3, 1, 1)
3
(58, 15)
-> Request 5
954
(1, 1, 1)
1
(1, 79)
-> Request 6
1156
(3, 3, 1)
2
(49, 44)
-> Request 7
1360
(3, 3, 1)
1
(18, 49)
-> Request 8
1401
(2, 2, 2)
1
(45, 59)
--> Day : 3
-> Request 0
79
(3, 1, 2)
1
(22, 61)
-> Request 1
164
(4, 3, 1)
3
(3, 22)
-> Request 2
207
(3, 3, 2)
1
(46, 1)
-> Request 3
232
(4, 1, 2)
2
(58, 31)
-> Request 4
375
(1, 1, 2)
2
(38, 29)
-> Request 5
400
(4, 2, 1)
2
(9, 65)
-> Request 6
416
(3, 3, 1)
1
(31, 61)
-> Request 7
631
(2, 2, 1)
2
(63, 16)
-> Request 8
665
(3, 3, 2)
1
(68, 49)
-> Request 9
969
(4, 1, 2)
3
(40, 27)
-> Request 10
1239
(2, 2, 2)
3
(26, 10)
-> Request 11
1258
(3, 1, 1)
1
(37, 6)
-> Request 12
1274
(3, 2, 2)
3
(2, 40)
-> Request 13
1373
(3, 1, 1)
2
(4, 30)
--> Day : 4
-> Request 0
0
(2, 1, 1)
3
(55, 29)
-> Request 1
47
(1, 1, 1)
3
(47, 27)
-> Request 2
158
(4, 2, 2)
3
(72, 78)
-> Request 3
219
(3, 2, 1)
1
(25, 7)
-> Request 4
414
(4, 1, 1)
1
(2, 13)
-> Request 5
456
(1, 3, 1)
3
(2, 50)
-> Request 6
545
(1, 1, 1)
1
(25, 9)
-> Request 7
547
(2, 3, 1)
3
(18, 44)
-> Request 8
611
(3, 2, 1)
1
(52, 73)
-> Request 9
638
(2, 2, 2)
3
(8, 70)
-> Request 10
666
(1, 3, 2)
2
(71, 78)
-> Request 11
844
(3, 2, 2)
2
(59, 53)
-> Request 12
1223
(4, 2, 2)
2
(1, 35)
---> Week : 18
--> Day : 0
-> Request 0
142
(1, 2, 2)
3
(9, 47)
-> Request 1
216
(2, 3, 1)
1
(76, 8)
-> Request 2
423
(3, 3, 2)
3
(17, 40)
-> Request 3
545
(3, 3, 1)
3
(56, 1)
-> Request 4
660
(1, 2, 1)
3
(30, 44)
-> Request 5
844
(3, 3, 2)
2
(38, 22)
-> Request 6
1058
(3, 2, 2)
1
(61, 43)
-> Request 7
1065
(1, 1, 1)
1
(52, 17)
-> Request 8
1189
(4, 1, 1)
1
(69, 33)
-> Request 9
1386
(3, 1, 2)
1
(21, 60)
--> Day : 1
-> Request 0
171
(4, 3, 2)
2
(50, 58)
-> Request 1
174
(2, 3, 1)
1
(2, 53)
-> Request 2
194
(2, 1, 2)
3
(74, 53)
-> Request 3
201
(3, 1, 2)
2
(73, 42)
-> Request 4
459
(4, 1, 1)
2
(57, 10)
-> Request 5
525
(4, 3, 1)
2
(0, 13)
-> Request 6
569
(3, 2, 2)
1
(3, 47)
-> Request 7
713
(2, 2, 1)
1
(1, 60)
-> Request 8
719
(4, 1, 1)
1
(1, 63)
-> Request 9
884
(4, 3, 1)
1
(4, 77)
-> Request 10
1321
(4, 1, 2)
2
(67, 58)
-> Request 11
1351
(2, 3, 1)
2
(49, 27)
--> Day : 2
-> Request 0
504
(1, 1, 1)
3
(25, 46)
-> Request 1
974
(2, 2, 2)
2
(5, 79)
-> Request 2
1038
(4, 1, 1)
2
(8, 12)
-> Request 3
1190
(4, 2, 2)
1
(4, 14)
-> Request 4
1251
(4, 2, 2)
1
(68, 1)
--> Day : 3
-> Request 0
59
(1, 3, 2)
2
(51, 4)
-> Request 1
220
(2, 2, 2)
2
(58, 52)
-> Request 2
257
(3, 1, 2)
2
(12, 74)
-> Request 3
431
(2, 3, 1)
2
(71, 39)
-> Request 4
669
(3, 3, 1)
2
(43, 57)
-> Request 5
1040
(1, 3, 2)
2
(29, 29)
-> Request 6
1106
(4, 1, 1)
2
(56, 7)
-> Request 7
1123
(1, 1, 2)
3
(44, 62)
-> Request 8
1238
(1, 2, 1)
1
(27, 52)
-> Request 9
1369
(2, 1, 1)
1
(36, 3)
--> Day : 4
-> Request 0
2
(3, 2, 1)
3
(27, 32)
-> Request 1
166
(1, 3, 2)
1
(5, 41)
-> Request 2
324
(3, 3, 2)
1
(50, 44)
-> Request 3
487
(1, 3, 2)
2
(5, 57)
-> Request 4
941
(3, 2, 2)
3
(39, 0)
-> Request 5
1074
(3, 3, 1)
1
(0, 21)
-> Request 6
1117
(2, 2, 2)
2
(6, 10)
-> Request 7
1162
(2, 3, 2)
3
(75, 17)
-> Request 8
1260
(4, 3, 1)
1
(11, 41)
---> Week : 19
--> Day : 0
-> Request 0
549
(2, 1, 2)
2
(37, 18)
-> Request 1
619
(1, 3, 2)
2
(14, 43)
-> Request 2
688
(1, 3, 2)
3
(79, 43)
-> Request 3
837
(1, 2, 1)
2
(8, 11)
-> Request 4
896
(2, 3, 1)
1
(62, 16)
-> Request 5
962
(3, 1, 2)
2
(39, 11)
-> Request 6
1318
(3, 1, 1)
2
(62, 25)
-> Request 7
1392
(1, 3, 2)
1
(6, 68)
--> Day : 1
-> Request 0
3
(3, 3, 1)
2
(11, 53)
-> Request 1
29
(4, 2, 2)
2
(33, 51)
-> Request 2
35
(3, 1, 1)
2
(68, 63)
-> Request 3
99
(4, 3, 2)
1
(15, 32)
-> Request 4
482
(2, 1, 2)
3
(39, 52)
-> Request 5
536
(2, 2, 2)
1
(11, 21)
-> Request 6
626
(1, 2, 2)
2
(23, 42)
-> Request 7
646
(1, 2, 1)
3
(10, 16)
-> Request 8
777
(3, 2, 2)
1
(64, 6)
-> Request 9
1162
(1, 3, 1)
3
(23, 17)
-> Request 10
1364
(3, 1, 2)
3
(77, 49)
--> Day : 2
-> Request 0
204
(4, 3, 1)
3
(16, 44)
-> Request 1
888
(3, 3, 2)
1
(12, 33)
-> Request 2
954
(1, 2, 2)
1
(2, 57)
-> Request 3
1024
(2, 1, 2)
1
(67, 16)
-> Request 4
1194
(3, 3, 2)
3
(1, 17)
-> Request 5
1296
(2, 1, 2)
3
(48, 70)
--> Day : 3
-> Request 0
48
(4, 3, 2)
3
(72, 26)
-> Request 1
121
(3, 3, 1)
3
(33, 61)
-> Request 2
279
(2, 3, 1)
1
(45, 73)
-> Request 3
474
(1, 2, 1)
2
(48, 61)
-> Request 4
474
(3, 1, 2)
2
(31, 42)
-> Request 5
523
(3, 2, 1)
1
(68, 36)
-> Request 6
689
(4, 3, 1)
1
(66, 72)
-> Request 7
705
(2, 1, 2)
2
(58, 42)
-> Request 8
754
(1, 3, 2)
3
(23, 24)
-> Request 9
766
(1, 2, 2)
3
(8, 10)
-> Request 10
830
(1, 1, 1)
1
(1, 65)
-> Request 11
1122
(3, 1, 2)
2
(11, 38)
-> Request 12
1240
(1, 2, 2)
2
(56, 76)
-> Request 13
1324
(2, 1, 2)
1
(37, 72)
--> Day : 4
-> Request 0
526
(3, 3, 1)
2
(62, 53)
-> Request 1
821
(3, 1, 1)
2
(27, 71)
-> Request 2
843
(2, 1, 1)
1
(62, 54)
-> Request 3
904
(3, 1, 1)
1
(77, 25)
