---> Week : 0
--> Day : 0
-> Request 0
460
(3, 2, 1)
1
(37, 32)
-> Request 1
591
(3, 2, 2)
1
(28, 73)
-> Request 2
670
(1, 3, 1)
2
(73, 49)
-> Request 3
821
(2, 2, 1)
1
(47, 32)
-> Request 4
823
(3, 1, 1)
3
(39, 49)
-> Request 5
835
(3, 1, 2)
3
(35, 78)
-> Request 6
1400
(4, 3, 2)
2
(54, 9)
-> Request 7
1419
(1, 1, 2)
3
(0, 54)
-> Request 8
1428
(1, 2, 1)
3
(56, 38)
-> Request 9
1429
(3, 2, 2)
1
(24, 38)
--> Day : 1
-> Request 0
35
(2, 1, 1)
1
(31, 24)
-> Request 1
143
(2, 3, 1)
3
(1, 18)
-> Request 2
200
(3, 2, 2)
2
(72, 48)
-> Request 3
356
(4, 2, 1)
3
(27, 75)
-> Request 4
366
(2, 3, 1)
1
(11, 25)
-> Request 5
460
(4, 3, 2)
1
(6, 43)
-> Request 6
479
(1, 2, 1)
2
(33, 40)
-> Request 7
721
(3, 1, 2)
2
(25, 70)
-> Request 8
893
(2, 3, 1)
2
(41, 79)
-> Request 9
923
(2, 3, 2)
3
(1, 30)
-> Request 10
1152
(3, 2, 1)
2
(44, 19)
--> Day : 2
-> Request 0
94
(2, 1, 2)
1
(7, 4)
-> Request 1
694
(2, 1, 2)
1
(55, 64)
-> Request 2
1195
(2, 1, 2)
2
(46, 19)
-> Request 3
1365
(4, 3, 1)
2
(63, 70)
--> Day : 3
-> Request 0
170
(1, 3, 1)
1
(72, 78)
-> Request 1
330
(4, 2, 1)
3
(66, 20)
-> Request 2
409
(1, 3, 2)
1
(67, 60)
-> Request 3
821
(3, 3, 2)
3
(0, 41)
-> Request 4
1123
(3, 1, 2)
1
(30, 73)
-> Request 5
1129
(2, 2, 2)
2
(79, 2)
--> Day : 4
-> Request 0
99
(1, 2, 1)
2
(16, 49)
-> Request 1
370
(3, 3, 2)
3
(10, 56)
-> Request 2
457
(3, 2, 1)
2
(32, 75)
-> Request 3
685
(3, 3, 1)
2
(38, 32)
-> Request 4
1160
(4, 3, 2)
3
(72, 50)
-> Request 5
1248
(2, 1, 2)
3
(22, 75)
-> Request 6
1356
(1, 2, 1)
2
(50, 38)
---> Week : 1
--> Day : 0
-> Request 0
185
(4, 1, 2)
2
(42, 70)
-> Request 1
259
(3, 1, 1)
3
(10, 39)
-> Request 2
449
(3, 1, 2)
1
(46, 64)
-> Request 3
471
(4, 3, 2)
1
(56, 54)
-> Request 4
563
(1, 1, 2)
3
(6, 26)
-> Request 5
674
(1, 3, 2)
3
(59, 8)
-> Request 6
773
(3, 3, 1)
1
(37, 57)
-> Request 7
1339
(2, 2, 2)
2
(63, 5)
--> Day : 1
-> Request 0
178
(3, 3, 1)
3
(61, 30)
-> Request 1
429
(4, 2, 1)
3
(12, 21)
-> Request 2
667
(3, 1, 2)
2
(71, 39)
-> Request 3
777
(3, 1, 1)
3
(38, 41)
-> Request 4
800
(1, 3, 2)
1
(38, 41)
-> Request 5
993
(2, 1, 2)
2
(34, 27)
--> Day : 2
-> Request 0
109
(4, 2, 2)
3
(22, 63)
-> Request 1
116
(4, 1, 1)
2
(14, 8)
-> Request 2
148
(4, 2, 2)
2
(74, 25)
-> Request 3
158
(2, 3, 2)
2
(43, 47)
-> Request 4
273
(1, 2, 2)
3
(49, 5)
-> Request 5
340
(3, 2, 2)
3
(36, 46)
-> Request 6
388
(1, 3, 2)
1
(60, 18)
-> Request 7
494
(4, 2, 1)
3
(71, 53)
-> Request 8
513
(2, 1, 1)
1
(15, 15)
-> Request 9
527
(1, 1, 2)
1
(67, 3)
-> Request 10
592
(2, 2, 2)
2
(48, 47)
-> Request 11
896
(3, 3, 1)
2
(16, 24)
--> Day : 3
-> Request 0
46
(2, 1, 2)
2
(29, 8)
-> Request 1
176
(4, 1, 1)
1
(30, 62)
-> Request 2
345
(2, 1, 1)
1
(39, 33)
-> Request 3
426
(4, 3, 1)
1
(53, 39)
-> Request 4
585
(4, 2, 1)
3
(64, 56)
-> Request 5
598
(4, 1, 1)
3
(55, 70)
-> Request 6
648
(1, 3, 2)
2
(61, 56)
-> Request 7
774
(1, 3, 1)
1
(18, 65)
-> Request 8
818
(3, 2, 2)
1
(50, 50)
-> Request 9
974
(4, 1, 1)
3
(42, 77)
-> Request 10
997
(3, 2, 1)
2
(1, 24)
-> Request 11
1087
(4, 2, 2)
2
(24, 60)
-> Request 12
1104
(2, 1, 1)
3
(74, 34)
--> Day : 4
-> Request 0
19
(2, 2, 1)
2
(53, 55)
-> Request 1
22
(4, 3, 1)
1
(6, 76)
-> Request 2
498
(1, 2, 2)
1
(5, 73)
-> Request 3
577
(3, 2, 2)
1
(26, 24)
-> Request 4
1126
(3, 3, 1)
1
(2, 38)
-> Request 5
1270
(3, 2, 1)
3
(1, 61)
-> Request 6
1400
(1, 2, 1)
1
(67, 56)
---> Week : 2
--> Day : 0
-> Request 0
127
(1, 2, 2)
3
(72, 54)
-> Request 1
173
(4, 1, 2)
2
(76, 9)
-> Request 2
520
(1, 1, 1)
1
(70, 33)
-> Request 3
561
(1, 3, 1)
2
(31, 64)
-> Request 4
731
(1, 3, 2)
3
(56, 29)
-> Request 5
887
(3, 1, 2)
2
(60, 40)
-> Request 6
978
(2, 1, 2)
2
(31, 74)
-> Request 7
1186
(4, 2, 2)
1
(33, 62)
-> Request 8
1205
(3, 2, 1)
1
(79, 34)
--> Day : 1
-> Request 0
7
(4, 1, 2)
3
(34, 45)
-> Request 1
174
(1, 3, 2)
2
(64, 55)
-> Request 2
644
(2, 3, 1)
3
(63, 19)
-> Request 3
647
(2, 1, 1)
1
(54, 65)
-> Request 4
874
(4, 1, 1)
3
(65, 74)
-> Request 5
930
(3, 2, 2)
3
(41, 40)
-> Request 6
985
(3, 3, 1)
3
(51, 43)
-> Request 7
1074
(3, 1, 2)
2
(20, 37)
-> Request 8
1207
(2, 3, 2)
2
(26, 60)
-> Request 9
1340
(3, 3, 2)
3
(0, 61)
--> Day : 2
-> Request 0
19
(4, 3, 2)
1
(57, 65)
-> Request 1
59
(2, 3, 2)
1
(67, 35)
-> Request 2
120
(3, 3, 2)
1
(43, 28)
-> Request 3
372
(1, 2, 2)
3
(32, 50)
-> Request 4
490
(1, 3, 1)
2
(41, 15)
-> Request 5
646
(2, 1, 2)
1
(74, 12)
-> Request 6
995
(1, 3, 1)
2
(27, 53)
-> Request 7
1078
(1, 1, 1)
3
(67, 7)
-> Request 8
1313
(1, 1, 1)
1
(61, 10)
-> Request 9
1383
(1, 1, 2)
1
(17, 41)
--> Day : 3
-> Request 0
109
(3, 1, 2)
3
(47, 59)
-> Request 1
122
(2, 2, 1)
1
(38, 34)
-> Request 2
174
(3, 3, 1)
2
(70, 55)
-> Request 3
601
(4, 2, 1)
1
(39, 3)
-> Request 4
824
(4, 3, 2)
2
(63, 11)
-> Request 5
1380
(4, 1, 1)
1
(65, 17)
--> Day : 4
-> Request 0
403
(3, 2, 2)
1
(76, 47)
-> Request 1
975
(3, 1, 2)
1
(57, 25)
-> Request 2
1070
(3, 3, 1)
3
(46, 4)
-> Request 3
1316
(4, 2, 1)
3
(42, 71)
-> Request 4
1320
(4, 2, 2)
2
(63, 22)
---> Week : 3
--> Day : 0
-> Request 0
85
(3, 3, 1)
3
(47, 5)
-> Request 1
638
(3, 2, 2)
1
(26, 41)
-> Request 2
741
(2, 3, 2)
2
(36, 59)
-> Request 3
1053
(3, 1, 2)
1
(64, 50)
-> Request 4
1208
(2, 1, 2)
3
(27, 55)
--> Day : 1
-> Request 0
707
(2, 2, 2)
3
(32, 65)
-> Request 1
770
(4, 1, 2)
3
(21, 59)
-> Request 2
813
(4, 3, 1)
1
(64, 23)
-> Request 3
821
(2, 2, 1)
1
(26, 39)
-> Request 4
862
(4, 1, 1)
3
(74, 30)
-> Request 5
942
(2, 2, 1)
2
(11, 60)
-> Request 6
1219
(1, 3, 1)
1
(48, 40)
-> Request 7
1433
(3, 1, 2)
3
(17, 24)
--> Day : 2
-> Request 0
40
(2, 3, 1)
1
(16, 44)
-> Request 1
243
(2, 2, 1)
1
(14, 69)
-> Request 2
251
(3, 2, 2)
3
(15, 55)
-> Request 3
272
(3, 3, 2)
3
(7, 15)
-> Request 4
284
(2, 3, 2)
1
(75, 77)
-> Request 5
359
(4, 2, 1)
2
(78, 6)
-> Request 6
498
(2, 2, 1)
1
(73, 23)
-> Request 7
662
(4, 1, 2)
2
(26, 31)
-> Request 8
682
(1, 3, 1)
1
(68, 46)
-> Request 9
928
(2, 1, 1)
3
(26, 17)
-> Request 10
1032
(1, 3, 1)
2
(75, 9)
-> Request 11
1079
(2, 3, 2)
3
(0, 64)
-> Request 12
1125
(3, 1, 2)
2
(29, 7)
-> Request 13
1160
(4, 2, 1)
3
(0, 18)
-> Request 14
1282
(4, 2, 2)
1
(50, 9)
-> Request 15
1319
(4, 1, 2)
3
(23, 4)
--> Day : 3
-> Request 0
22
(3, 1, 1)
1
(75, 0)
-> Request 1
313
(1, 1, 1)
3
(61, 15)
-> Request 2
455
(4, 1, 2)
3
(24, 66)
-> Request 3
507
(4, 3, 2)
2
(69, 62)
-> Request 4
786
(4, 1, 1)
1
(61, 68)
-> Request 5
909
(2, 1, 2)
1
(30, 34)
-> Request 6
988
(4, 1, 1)
1
(59, 11)
-> Request 7
1078
(2, 2, 1)
3
(10, 48)
-> Request 8
1198
(1, 3, 2)
1
(31, 58)
-> Request 9
1318
(3, 1, 2)
1
(39, 66)
-> Request 10
1384
(1, 3, 1)
1
(70, 8)
--> Day : 4
-> Request 0
113
(2, 1, 1)
3
(36, 50)
-> Request 1
651
(3, 2, 2)
2
(25, 26)
-> Request 2
684
(4, 2, 2)
1
(62, 64)
-> Request 3
818
(2, 1, 1)
2
(54, 68)
-> Request 4
862
(2, 1, 2)
2
(52, 67)
-> Request 5
1022
(2, 3, 1)
2
(7, 32)
-> Request 6
1149
(4, 1, 2)
3
(20, 76)
-> Request 7
1216
(1, 1, 1)
1
(23, 78)
---> Week : 4
--> Day : 0
-> Request 0
55
(4, 3, 2)
3
(10, 35)
-> Request 1
55
(1, 3, 2)
3
(31, 72)
-> Request 2
69
(2, 3, 2)
3
(37, 36)
-> Request 3
259
(3, 2, 1)
3
(15, 13)
-> Request 4
261
(1, 3, 1)
1
(56, 58)
-> Request 5
415
(1, 1, 2)
1
(27, 50)
-> Request 6
593
(2, 1, 1)
3
(46, 11)
-> Request 7
600
(3, 2, 1)
1
(17, 29)
-> Request 8
888
(3, 1, 2)
3
(63, 8)
-> Request 9
1196
(2, 3, 2)
3
(49, 7)
-> Request 10
1280
(3, 1, 2)
3
(76, 60)
--> Day : 1
-> Request 0
75
(3, 1, 2)
3
(16, 35)
-> Request 1
123
(1, 3, 1)
1
(48, 12)
-> Request 2
165
(4, 3, 1)
1
(67, 9)
-> Request 3
681
(2, 2, 2)
3
(26, 27)
-> Request 4
691
(1, 3, 1)
1
(47, 42)
-> Request 5
719
(1, 2, 2)
3
(13, 32)
-> Request 6
774
(3, 2, 2)
3
(77, 66)
-> Request 7
1080
(4, 3, 2)
2
(46, 37)
-> Request 8
1292
(3, 3, 1)
2
(31, 3)
--> Day : 2
-> Request 0
130
(2, 3, 2)
3
(3, 0)
-> Request 1
368
(1, 2, 1)
2
(51, 31)
-> Request 2
636
(2, 1, 2)
1
(73, 3)
-> Request 3
754
(2, 2, 1)
3
(74, 50)
-> Request 4
1023
(1, 1, 1)
1
(73, 7)
-> Request 5
1042
(2, 3, 2)
2
(36, 14)
-> Request 6
1201
(4, 1, 1)
1
(12, 62)
-> Request 7
1235
(4, 1, 1)
2
(19, 34)
-> Request 8
1283
(3, 2, 2)
2
(22, 36)
-> Request 9
1330
(2, 2, 1)
3
(65, 0)
--> Day : 3
-> Request 0
63
(4, 3, 1)
2
(78, 27)
-> Request 1
199
(1, 2, 1)
1
(60, 27)
-> Request 2
278
(4, 2, 2)
2
(13, 79)
-> Request 3
424
(1, 2, 2)
1
(2, 25)
-> Request 4
459
(3, 3, 1)
3
(2, 32)
-> Request 5
488
(2, 2, 2)
1
(2, 17)
-> Request 6
982
(1, 3, 2)
2
(44, 30)
-> Request 7
1025
(2, 1, 2)
2
(42, 4)
-> Request 8
1098
(3, 2, 2)
2
(70, 38)
-> Request 9
1190
(1, 1, 1)
1
(16, 63)
-> Request 10
1307
(1, 2, 2)
3
(53, 35)
--> Day : 4
-> Request 0
163
(2, 2, 1)
1
(51, 43)
-> Request 1
225
(2, 3, 1)
2
(59, 44)
-> Request 2
510
(3, 2, 2)
1
(35, 15)
-> Request 3
595
(2, 2, 2)
2
(74, 30)
-> Request 4
682
(1, 1, 2)
2
(0, 9)
-> Request 5
818
(1, 2, 1)
1
(21, 21)
-> Request 6
1107
(3, 3, 1)
2
(47, 64)
---> Week : 5
--> Day : 0
-> Request 0
8
(2, 1, 1)
2
(0, 32)
-> Request 1
258
(4, 2, 1)
2
(41, 47)
-> Request 2
298
(3, 1, 1)
3
(27, 22)
-> Request 3
349
(1, 2, 2)
1
(45, 10)
-> Request 4
569
(3, 3, 1)
1
(64, 5)
-> Request 5
690
(3, 2, 2)
1
(55, 47)
-> Request 6
800
(4, 1, 1)
1
(47, 18)
-> Request 7
860
(2, 3, 2)
2
(55, 56)
-> Request 8
913
(3, 2, 1)
1
(4, 45)
-> Request 9
1164
(4, 1, 2)
2
(77, 25)
-> Request 10
1225
(4, 2, 2)
3
(51, 16)
-> Request 11
1324
(4, 1, 1)
1
(76, 47)
--> Day : 1
-> Request 0
85
(2, 3, 2)
2
(55, 46)
-> Request 1
173
(4, 3, 2)
2
(3, 62)
-> Request 2
234
(2, 1, 2)
2
(20, 45)
-> Request 3
680
(2, 1, 1)
3
(5, 24)
-> Request 4
767
(2, 1, 2)
1
(75, 24)
-> Request 5
958
(3, 1, 1)
3
(26, 25)
-> Request 6
1390
(3, 3, 2)
2
(19, 58)
--> Day : 2
-> Request 0
38
(1, 1, 2)
1
(18, 34)
-> Request 1
176
(1, 1, 1)
2
(40, 72)
-> Request 2
568
(1, 3, 2)
3
(15, 4)
-> Request 3
692
(3, 3, 2)
2
(74, 49)
-> Request 4
854
(3, 3, 1)
3
(29, 44)
-> Request 5
1015
(2, 2, 2)
2
(10, 43)
-> Request 6
1068
(2, 3, 2)
3
(14, 26)
-> Request 7
1097
(3, 3, 1)
2
(43, 73)
-> Request 8
1125
(2, 2, 2)
1
(24, 44)
-> Request 9
1178
(3, 2, 1)
2
(34, 48)
-> Request 10
1328
(4, 1, 1)
1
(11, 66)
-> Request 11
1328
(4, 1, 1)
3
(75, 40)
-> Request 12
1421
(4, 1, 1)
2
(57, 50)
--> Day : 3
-> Request 0
216
(4, 3, 2)
1
(28, 48)
-> Request 1
362
(2, 1, 1)
2
(42, 70)
-> Request 2
382
(4, 1, 1)
1
(40, 9)
-> Request 3
422
(1, 1, 2)
3
(58, 70)
-> Request 4
636
(1, 2, 2)
2
(27, 61)
-> Request 5
663
(2, 2, 2)
3
(41, 48)
-> Request 6
720
(2, 3, 2)
2
(62, 61)
-> Request 7
946
(4, 2, 1)
3
(17, 40)
-> Request 8
1069
(3, 2, 2)
3
(59, 64)
-> Request 9
1315
(2, 1, 1)
3
(16, 52)
--> Day : 4
-> Request 0
71
(3, 2, 1)
1
(28, 43)
-> Request 1
399
(4, 3, 2)
3
(29, 70)
-> Request 2
510
(4, 3, 1)
1
(23, 28)
-> Request 3
597
(1, 3, 2)
3
(47, 34)
-> Request 4
929
(1, 2, 2)
2
(77, 74)
-> Request 5
1035
(1, 1, 2)
1
(4, 18)
-> Request 6
1108
(3, 2, 1)
3
(31, 14)
-> Request 7
1197
(3, 1, 2)
1
(77, 76)
-> Request 8
1252
(2, 3, 1)
3
(15, 13)
-> Request 9
1260
(1, 1, 2)
2
(43, 57)
-> Request 10
1337
(2, 2, 1)
3
(10, 46)
-> Request 11
1393
(1, 1, 1)
2
(18, 43)
---> Week : 6
--> Day : 0
-> Request 0
182
(1, 3, 1)
1
(19, 56)
-> Request 1
210
(2, 2, 1)
1
(22, 33)
-> Request 2
271
(3, 3, 1)
3
(54, 24)
-> Request 3
299
(4, 3, 1)
2
(74, 71)
-> Request 4
691
(1, 1, 1)
1
(40, 24)
-> Request 5
705
(3, 1, 1)
1
(61, 68)
-> Request 6
1191
(1, 1, 1)
2
(65, 59)
-> Request 7
1300
(2, 1, 2)
3
(56, 26)
--> Day : 1
-> Request 0
152
(4, 2, 1)
1
(2, 37)
-> Request 1
230
(4, 2, 1)
1
(59, 62)
-> Request 2
237
(1, 3, 2)
3
(45, 40)
-> Request 3
288
(4, 2, 1)
1
(79, 39)
-> Request 4
448
(3, 2, 1)
3
(6, 48)
-> Request 5
1009
(4, 3, 1)
3
(36, 51)
-> Request 6
1067
(3, 3, 2)
2
(45, 69)
-> Request 7
1157
(3, 3, 1)
3
(30, 7)
-> Request 8
1275
(3, 3, 2)
1
(49, 74)
-> Request 9
1391
(3, 1, 2)
3
(79, 25)
--> Day : 2
-> Request 0
149
(3, 2, 1)
1
(43, 44)
-> Request 1
184
(1, 1, 2)
2
(73, 39)
-> Request 2
267
(4, 2, 2)
2
(33, 10)
-> Request 3
487
(1, 3, 2)
3
(50, 76)
-> Request 4
543
(4, 2, 2)
3
(49, 67)
-> Request 5
634
(4, 1, 1)
2
(70, 30)
-> Request 6
742
(1, 1, 2)
1
(2, 12)
-> Request 7
1101
(3, 1, 1)
3
(11, 28)
-> Request 8
1306
(4, 3, 1)
2
(74, 9)
-> Request 9
1352
(3, 2, 1)
3
(25, 8)
--> Day : 3
-> Request 0
88
(4, 1, 2)
3
(4, 32)
-> Request 1
174
(4, 1, 1)
3
(46, 63)
-> Request 2
495
(4, 2, 2)
2
(65, 70)
-> Request 3
657
(3, 1, 1)
2
(50, 63)
-> Request 4
708
(4, 1, 2)
1
(20, 67)
-> Request 5
995
(3, 3, 1)
2
(30, 48)
-> Request 6
1049
(3, 1, 2)
3
(24, 23)
-> Request 7
1052
(4, 2, 2)
2
(5, 39)
-> Request 8
1196
(3, 2, 1)
2
(44, 29)
-> Request 9
1226
(3, 3, 1)
1
(0, 73)
-> Request 10
1317
(1, 2, 2)
2
(62, 22)
-> Request 11
1334
(4, 1, 1)
2
(54, 30)
--> Day : 4
-> Request 0
53
(3, 3, 2)
1
(37, 40)
-> Request 1
155
(4, 3, 1)
2
(2, 32)
-> Request 2
344
(3, 1, 1)
2
(54, 59)
-> Request 3
631
(3, 1, 2)
1
(46, 51)
-> Request 4
703
(4, 2, 2)
2
(2, 66)
-> Request 5
720
(3, 2, 2)
2
(20, 25)
-> Request 6
1423
(4, 3, 2)
2
(44, 25)
---> Week : 7
--> Day : 0
-> Request 0
108
(2, 3, 1)
2
(65, 0)
-> Request 1
246
(2, 2, 1)
2
(29, 14)
-> Request 2
309
(3, 2, 1)
3
(77, 31)
-> Request 3
309
(1, 3, 1)
3
(55, 41)
-> Request 4
527
(3, 1, 1)
2
(61, 4)
-> Request 5
541
(3, 2, 2)
2
(40, 17)
-> Request 6
707
(1, 2, 1)
2
(60, 21)
-> Request 7
742
(3, 3, 2)
3
(51, 50)
-> Request 8
803
(2, 1, 2)
3
(71, 26)
-> Request 9
831
(2, 3, 2)
1
(53, 16)
-> Request 10
896
(3, 2, 1)
2
(70, 66)
-> Request 11
932
(1, 3, 1)
3
(57, 77)
-> Request 12
1125
(2, 2, 2)
2
(61, 49)
-> Request 13
1168
(1, 2, 2)
1
(66, 28)
-> Request 14
1339
(1, 2, 2)
1
(20, 16)
--> Day : 1
-> Request 0
27
(1, 1, 2)
2
(61, 31)
-> Request 1
140
(1, 1, 2)
3
(49, 21)
-> Request 2
203
(4, 3, 1)
3
(22, 22)
-> Request 3
671
(1, 2, 2)
3
(14, 20)
-> Request 4
843
(3, 1, 2)
3
(58, 60)
-> Request 5
1015
(3, 2, 1)
3
(26, 49)
-> Request 6
1150
(4, 1, 2)
2
(61, 27)
-> Request 7
1187
(2, 2, 1)
2
(4, 2)
-> Request 8
1202
(1, 2, 2)
3
(32, 21)
-> Request 9
1202
(1, 1, 2)
3
(57, 33)
-> Request 10
1238
(2, 1, 1)
3
(67, 11)
--> Day : 2
-> Request 0
186
(4, 3, 2)
2
(7, 37)
-> Request 1
224
(1, 3, 2)
2
(1, 9)
-> Request 2
303
(1, 2, 2)
3
(44, 13)
-> Request 3
662
(4, 1, 1)
3
(1, 14)
-> Request 4
723
(3, 2, 1)
2
(23, 5)
-> Request 5
755
(2, 3, 2)
3
(59, 15)
-> Request 6
928
(4, 2, 2)
2
(33, 74)
-> Request 7
995
(2, 2, 2)
3
(60, 65)
-> Request 8
1052
(1, 3, 2)
1
(78, 47)
-> Request 9
1139
(1, 1, 1)
1
(62, 11)
-> Request 10
1171
(4, 3, 1)
1
(47, 37)
-> Request 11
1437
(1, 1, 1)
1
(77, 53)
--> Day : 3
-> Request 0
222
(3, 2, 2)
1
(38, 59)
-> Request 1
339
(3, 1, 1)
2
(50, 47)
-> Request 2
378
(1, 1, 1)
3
(62, 68)
-> Request 3
478
(4, 1, 2)
1
(76, 55)
-> Request 4
507
(2, 2, 2)
3
(9, 75)
-> Request 5
662
(3, 2, 1)
3
(37, 5)
-> Request 6
953
(1, 3, 2)
2
(41, 66)
-> Request 7
1285
(1, 1, 1)
3
(1, 37)
-> Request 8
1293
(4, 1, 1)
1
(39, 65)
-> Request 9
1326
(2, 2, 1)
3
(50, 67)
--> Day : 4
-> Request 0
151
(1, 3, 1)
1
(66, 51)
-> Request 1
504
(1, 3, 1)
2
(44, 42)
-> Request 2
757
(2, 2, 2)
2
(76, 31)
-> Request 3
762
(3, 1, 2)
2
(74, 61)
---> Week : 8
--> Day : 0
-> Request 0
124
(3, 3, 1)
2
(37, 14)
-> Request 1
246
(1, 2, 1)
3
(79, 36)
-> Request 2
249
(4, 3, 1)
2
(67, 69)
-> Request 3
290
(1, 3, 1)
2
(2, 30)
-> Request 4
318
(1, 2, 2)
3
(19, 59)
-> Request 5
329
(1, 1, 2)
2
(21, 53)
-> Request 6
649
(4, 2, 1)
3
(27, 16)
-> Request 7
790
(2, 1, 2)
1
(18, 63)
-> Request 8
996
(1, 3, 1)
2
(12, 57)
-> Request 9
1051
(3, 3, 1)
1
(9, 17)
-> Request 10
1070
(4, 2, 2)
2
(75, 63)
-> Request 11
1092
(3, 2, 2)
2
(2, 44)
-> Request 12
1108
(2, 3, 2)
3
(76, 71)
--> Day : 1
-> Request 0
432
(1, 2, 2)
1
(62, 58)
-> Request 1
920
(4, 3, 2)
1
(34, 48)
-> Request 2
993
(3, 2, 2)
2
(79, 11)
-> Request 3
1002
(3, 1, 2)
2
(69, 11)
--> Day : 2
-> Request 0
24
(3, 3, 1)
2
(39, 16)
-> Request 1
158
(2, 2, 1)
3
(67, 9)
-> Request 2
226
(3, 1, 1)
3
(16, 75)
-> Request 3
450
(3, 2, 1)
3
(7, 24)
-> Request 4
624
(2, 2, 2)
2
(38, 66)
-> Request 5
636
(1, 2, 1)
1
(22, 16)
-> Request 6
1000
(4, 1, 1)
2
(11, 1)
-> Request 7
1218
(4, 3, 2)
3
(76, 74)
--> Day : 3
-> Request 0
690
(2, 2, 1)
2
(8, 39)
-> Request 1
839
(1, 2, 1)
2
(25, 37)
-> Request 2
1298
(3, 2, 2)
2
(59, 57)
-> Request 3
1424
(3, 3, 2)
1
(20, 0)
--> Day : 4
-> Request 0
1
(3, 2, 2)
1
(50, 65)
-> Request 1
152
(4, 2, 1)
2
(36, 68)
-> Request 2
186
(2, 1, 1)
3
(38, 32)
-> Request 3
452
(4, 1, 2)
1
(12, 67)
-> Request 4
497
(3, 3, 1)
3
(24, 68)
-> Request 5
1174
(2, 2, 2)
3
(67, 43)
-> Request 6
1203
(1, 3, 1)
2
(24, 15)
-> Request 7
1212
(1, 3, 2)
1
(69, 28)
---> Week : 9
--> Day : 0
-> Request 0
225
(2, 3, 1)
2
(56, 30)
-> Request 1
237
(1, 3, 2)
2
(35, 65)
-> Request 2
324
(3, 2, 1)
2
(16, 43)
-> Request 3
356
(3, 2, 1)
2
(25, 3)
-> Request 4
567
(2, 3, 2)
1
(44, 3)
-> Request 5
906
(2, 1, 2)
1
(13, 63)
-> Request 6
971
(4, 2, 1)
1
(2, 73)
-> Request 7
1060
(4, 1, 2)
1
(52, 35)
--> Day : 1
-> Request 0
435
(3, 1, 1)
2
(72, 79)
-> Request 1
631
(4, 3, 2)
2
(7, 24)
-> Request 2
1317
(4, 2, 1)
2
(26, 42)
-> Request 3
1398
(4, 1, 1)
3
(26, 18)
--> Day : 2
-> Request 0
140
(2, 1, 1)
3
(49, 75)
-> Request 1
156
(2, 3, 2)
1
(59, 2)
-> Request 2
172
(1, 3, 1)
1
(74, 44)
-> Request 3
209
(4, 1, 2)
1
(44, 47)
-> Request 4
419
(4, 1, 1)
1
(71, 17)
-> Request 5
432
(1, 1, 2)
1
(11, 27)
-> Request 6
688
(1, 1, 1)
2
(10, 64)
-> Request 7
1152
(1, 3, 2)
1
(4, 16)
-> Request 8
1158
(4, 3, 2)
1
(5, 68)
--> Day : 3
-> Request 0
254
(3, 2, 2)
1
(0, 1)
-> Request 1
296
(3, 2, 2)
2
(74, 3)
-> Request 2
635
(2, 1, 1)
1
(38, 38)
-> Request 3
697
(2, 2, 1)
2
(22, 8)
-> Request 4
714
(3, 3, 1)
3
(19, 44)
-> Request 5
962
(4, 2, 1)
1
(9, 78)
-> Request 6
1339
(4, 3, 2)
1
(9, 59)
-> Request 7
1425
(1, 3, 1)
2
(4, 5)
--> Day : 4
-> Request 0
505
(1, 3, 1)
1
(25, 11)
-> Request 1
548
(1, 3, 2)
2
(4, 66)
-> Request 2
553
(1, 3, 1)
2
(57, 40)
-> Request 3
869
(2, 2, 2)
2
(11, 44)
-> Request 4
1120
(3, 2, 1)
3
(39, 10)
-> Request 5
1157
(4, 2, 2)
1
(10, 57)
-> Request 6
1280
(3, 3, 1)
3
(74, 35)
-> Request 7
1291
(2, 2, 1)
1
(56, 3)
-> Request 8
1406
(4, 1, 1)
1
(75, 43)
---> Week : 10
--> Day : 0
-> Request 0
13
(3, 2, 1)
1
(20, 50)
-> Request 1
41
(3, 3, 2)
3
(33, 3)
-> Request 2
144
(4, 2, 2)
1
(7, 1)
-> Request 3
382
(2, 1, 2)
2
(64, 63)
-> Request 4
468
(4, 3, 1)
3
(26, 7)
-> Request 5
1040
(2, 1, 1)
3
(49, 48)
-> Request 6
1041
(4, 3, 2)
3
(23, 0)
-> Request 7
1399
(1, 1, 2)
3
(71, 69)
--> Day : 1
-> Request 0
270
(4, 2, 1)
3
(61, 23)
-> Request 1
327
(2, 1, 2)
1
(73, 14)
-> Request 2
436
(4, 1, 1)
1
(74, 64)
-> Request 3
613
(3, 3, 2)
1
(60, 1)
-> Request 4
1262
(3, 2, 1)
2
(58, 20)
-> Request 5
1329
(4, 2, 2)
3
(31, 74)
-> Request 6
1376
(3, 2, 1)
2
(34, 53)
--> Day : 2
-> Request 0
40
(3, 1, 2)
2
(29, 43)
-> Request 1
181
(1, 1, 2)
2
(42, 65)
-> Request 2
310
(2, 1, 2)
2
(51, 68)
-> Request 3
406
(3, 1, 2)
3
(19, 68)
-> Request 4
684
(2, 3, 1)
1
(12, 55)
-> Request 5
731
(4, 2, 1)
3
(10, 44)
-> Request 6
755
(4, 1, 1)
2
(41, 69)
-> Request 7
898
(4, 1, 1)
3
(67, 39)
--> Day : 3
-> Request 0
206
(3, 1, 2)
2
(69, 24)
-> Request 1
227
(2, 1, 2)
2
(22, 41)
-> Request 2
583
(4, 1, 1)
2
(26, 43)
-> Request 3
826
(2, 1, 1)
3
(4, 43)
-> Request 4
890
(2, 1, 1)
2
(36, 77)
-> Request 5
946
(2, 2, 2)
2
(75, 50)
-> Request 6
1312
(1, 1, 2)
3
(60, 41)
-> Request 7
1325
(1, 1, 2)
1
(58, 40)
--> Day : 4
-> Request 0
87
(1, 2, 2)
3
(1, 43)
-> Request 1
115
(2, 2, 1)
3
(19, 54)
-> Request 2
526
(2, 2, 2)
1
(59, 39)
-> Request 3
625
(4, 1, 2)
2
(68, 1)
-> Request 4
932
(2, 3, 2)
1
(60, 9)
-> Request 5
1026
(2, 2, 1)
3
(7, 35)
-> Request 6
1087
(3, 2, 1)
2
(20, 67)
-> Request 7
1230
(4, 1, 1)
3
(77, 3)
-> Request 8
1271
(4, 3, 2)
3
(57, 41)
-> Request 9
1313
(4, 3, 1)
1
(27, 0)
-> Request 10
1356
(2, 2, 1)
2
(20, 73)
---> Week : 11
--> Day : 0
-> Request 0
37
(3, 2, 2)
2
(23, 78)
-> Request 1
149
(3, 3, 2)
2
(38, 56)
-> Request 2
614
(2, 3, 2)
1
(78, 47)
-> Request 3
764
(3, 2, 2)
3
(21, 16)
-> Request 4
826
(4, 3, 2)
3
(4, 43)
-> Request 5
1110
(1, 3, 2)
3
(27, 47)
--> Day : 1
-> Request 0
89
(1, 2, 2)
2
(50, 45)
-> Request 1
174
(4, 1, 2)
2
(6, 3)
-> Request 2
244
(4, 3, 1)
1
(4, 67)
-> Request 3
599
(3, 2, 2)
2
(54, 41)
-> Request 4
686
(2, 1, 2)
2
(8, 54)
-> Request 5
932
(4, 2, 2)
2
(29, 57)
-> Request 6
1056
(4, 1, 2)
3
(46, 11)
-> Request 7
1352
(3, 2, 1)
2
(7, 3)
-> Request 8
1381
(1, 3, 1)
1
(29, 13)
--> Day : 2
-> Request 0
8
(1, 2, 1)
2
(59, 12)
-> Request 1
85
(4, 2, 2)
3
(31, 56)
-> Request 2
277
(4, 3, 1)
2
(11, 69)
-> Request 3
344
(3, 1, 1)
3
(46, 53)
-> Request 4
348
(3, 1, 1)
2
(34, 22)
-> Request 5
677
(1, 3, 2)
1
(13, 78)
-> Request 6
693
(2, 2, 2)
2
(49, 27)
-> Request 7
834
(4, 1, 1)
3
(54, 42)
-> Request 8
1181
(4, 1, 1)
2
(33, 40)
-> Request 9
1378
(1, 1, 2)
3
(22, 71)
--> Day : 3
-> Request 0
362
(2, 2, 1)
1
(75, 34)
-> Request 1
388
(1, 3, 2)
3
(67, 61)
-> Request 2
587
(3, 1, 1)
1
(56, 55)
-> Request 3
796
(3, 1, 2)
1
(29, 8)
-> Request 4
885
(1, 1, 1)
1
(16, 43)
-> Request 5
967
(2, 3, 1)
1
(0, 29)
-> Request 6
1007
(3, 3, 1)
3
(36, 74)
-> Request 7
1295
(1, 1, 1)
2
(72, 61)
--> Day : 4
-> Request 0
120
(4, 1, 2)
2
(37, 34)
-> Request 1
219
(3, 3, 1)
1
(34, 14)
-> Request 2
299
(2, 1, 1)
3
(1, 26)
-> Request 3
449
(3, 2, 1)
2
(57, 43)
-> Request 4
513
(4, 2, 1)
3
(43, 50)
-> Request 5
603
(1, 3, 1)
3
(13, 72)
-> Request 6
914
(2, 3, 2)
1
(18, 68)
-> Request 7
1138
(4, 3, 1)
2
(17, 2)
-> Request 8
1300
(2, 2, 2)
2
(79, 62)
-> Request 9
1402
(1, 2, 2)
1
(70, 20)
---> Week : 12
--> Day : 0
-> Request 0
143
(1, 3, 1)
1
(42, 16)
-> Request 1
489
(2, 1, 2)
3
(27, 5)
-> Request 2
536
(4, 3, 2)
1
(57, 13)
-> Request 3
1038
(2, 1, 2)
3
(35, 18)
-> Request 4
1153
(4, 1, 2)
1
(46, 37)
-> Request 5
1225
(3, 1, 1)
2
(53, 72)
-> Request 6
1367
(4, 3, 2)
3
(12, 53)
--> Day : 1
-> Request 0
224
(1, 2, 2)
1
(39, 46)
-> Request 1
241
(1, 1, 1)
2
(74, 49)
-> Request 2
514
(4, 2, 1)
1
(51, 35)
-> Request 3
758
(3, 3, 1)
3
(25, 67)
-> Request 4
880
(4, 2, 1)
3
(45, 8)
-> Request 5
1073
(3, 3, 2)
2
(51, 62)
-> Request 6
1239
(4, 2, 1)
3
(32, 34)
-> Request 7
1249
(2, 2, 2)
3
(25, 35)
--> Day : 2
-> Request 0
196
(3, 1, 1)
2
(55, 78)
-> Request 1
370
(4, 3, 2)
2
(60, 9)
-> Request 2
377
(1, 3, 2)
3
(67, 58)
-> Request 3
660
(4, 2, 1)
2
(62, 35)
-> Request 4
701
(1, 1, 1)
1
(58, 15)
-> Request 5
905
(2, 1, 2)
2
(17, 4)
-> Request 6
1021
(3, 2, 2)
2
(17, 50)
-> Request 7
1077
(1, 3, 1)
3
(69, 30)
--> Day : 3
-> Request 0
49
(3, 1, 2)
3
(74, 75)
-> Request 1
118
(4, 3, 2)
1
(45, 78)
-> Request 2
239
(3, 3, 2)
1
(43, 18)
-> Request 3
354
(4, 2, 1)
3
(26, 19)
-> Request 4
867
(4, 2, 1)
2
(52, 32)
-> Request 5
1210
(3, 2, 1)
1
(10, 61)
-> Request 6
1427
(1, 2, 1)
2
(42, 24)
--> Day : 4
-> Request 0
59
(3, 2, 2)
2
(1, 7)
-> Request 1
512
(1, 3, 1)
1
(49, 63)
-> Request 2
901
(1, 1, 2)
1
(78, 53)
-> Request 3
912
(4, 1, 2)
2
(40, 35)
-> Request 4
1033
(3, 3, 1)
2
(65, 27)
-> Request 5
1104
(4, 2, 2)
1
(36, 58)
-> Request 6
1118
(1, 3, 1)
2
(37, 52)
-> Request 7
1167
(3, 2, 1)
2
(44, 30)
-> Request 8
1321
(3, 1, 2)
2
(51, 19)
-> Request 9
1409
(1, 2, 2)
2
(57, 67)
---> Week : 13
--> Day : 0
-> Request 0
227
(1, 1, 2)
1
(3, 34)
-> Request 1
408
(3, 1, 2)
2
(70, 75)
-> Request 2
455
(4, 1, 2)
2
(19, 62)
-> Request 3
656
(1, 2, 1)
2
(10, 43)
-> Request 4
717
(2, 3, 1)
3
(5, 31)
-> Request 5
885
(2, 3, 2)
3
(59, 13)
-> Request 6
954
(4, 1, 2)
3
(52, 31)
-> Request 7
1033
(4, 3, 2)
3
(1, 61)
-> Request 8
1037
(4, 2, 1)
3
(65, 44)
-> Request 9
1048
(4, 3, 2)
2
(65, 54)
-> Request 10
1071
(2, 1, 2)
2
(34, 9)
-> Request 11
1085
(1, 2, 1)
3
(29, 33)
-> Request 12
1100
(4, 1, 2)
2
(77, 46)
-> Request 13
1192
(2, 3, 1)
2
(44, 49)
-> Request 14
1412
(2, 3, 2)
2
(27, 71)
-> Request 15
1427
(3, 2, 2)
1
(45, 3)
--> Day : 1
-> Request 0
177
(3, 1, 1)
1
(35, 53)
-> Request 1
459
(3, 1, 1)
3
(59, 72)
-> Request 2
629
(3, 2, 1)
3
(8, 29)
-> Request 3
664
(2, 2, 1)
2
(10, 70)
-> Request 4
963
(3, 2, 1)
3
(58, 39)
-> Request 5
1183
(3, 3, 2)
2
(36, 17)
-> Request 6
1283
(4, 1, 2)
2
(40, 31)
--> Day : 2
-> Request 0
31
(2, 1, 1)
1
(57, 62)
-> Request 1
161
(4, 1, 1)
1
(31, 61)
-> Request 2
314
(4, 2, 1)
2
(65, 15)
-> Request 3
495
(3, 2, 1)
2
(75, 63)
-> Request 4
542
(3, 1, 1)
1
(41, 28)
-> Request 5
564
(3, 2, 2)
3
(63, 36)
-> Request 6
637
(4, 1, 2)
1
(55, 30)
-> Request 7
724
(2, 3, 1)
1
(63, 35)
-> Request 8
727
(4, 3, 1)
2
(58, 65)
-> Request 9
926
(1, 1, 1)
1
(4, 53)
-> Request 10
1233
(1, 3, 2)
3
(4, 19)
-> Request 11
1362
(1, 1, 2)
3
(62, 29)
-> Request 12
1384
(1, 1, 1)
1
(61, 6)
--> Day : 3
-> Request 0
404
(2, 3, 1)
2
(77, 59)
-> Request 1
600
(2, 2, 1)
2
(0, 68)
-> Request 2
616
(2, 3, 2)
2
(5, 79)
-> Request 3
773
(1, 1, 1)
1
(17, 31)
-> Request 4
997
(4, 1, 1)
2
(70, 9)
--> Day : 4
-> Request 0
117
(3, 2, 1)
3
(4, 43)
-> Request 1
507
(1, 2, 2)
2
(69, 75)
-> Request 2
687
(2, 2, 1)
3
(19, 54)
-> Request 3
885
(2, 3, 1)
2
(43, 62)
-> Request 4
998
(4, 3, 2)
3
(1, 8)
-> Request 5
1003
(4, 3, 1)
3
(36, 26)
-> Request 6
1279
(4, 3, 2)
1
(49, 21)
---> Week : 14
--> Day : 0
-> Request 0
3
(1, 2, 2)
2
(73, 73)
-> Request 1
81
(1, 1, 1)
1
(14, 35)
-> Request 2
336
(2, 2, 1)
1
(45, 43)
-> Request 3
353
(1, 3, 1)
2
(29, 78)
-> Request 4
448
(2, 1, 2)
2
(18, 35)
-> Request 5
669
(3, 2, 2)
3
(43, 65)
-> Request 6
965
(2, 2, 2)
3
(35, 24)
-> Request 7
1187
(4, 2, 2)
1
(51, 32)
-> Request 8
1193
(1, 2, 2)
3
(64, 31)
--> Day : 1
-> Request 0
73
(4, 3, 2)
1
(68, 33)
-> Request 1
127
(1, 1, 1)
2
(6, 28)
-> Request 2
226
(3, 2, 1)
3
(4, 65)
-> Request 3
242
(1, 3, 1)
2
(76, 54)
-> Request 4
548
(4, 1, 1)
1
(5, 51)
-> Request 5
638
(2, 2, 2)
3
(64, 60)
-> Request 6
653
(3, 2, 1)
3
(78, 47)
-> Request 7
748
(4, 2, 2)
3
(4, 30)
-> Request 8
833
(4, 3, 2)
1
(46, 38)
-> Request 9
1054
(1, 2, 1)
2
(63, 51)
-> Request 10
1077
(2, 3, 1)
3
(0, 43)
-> Request 11
1284
(3, 2, 2)
1
(73, 27)
-> Request 12
1287
(1, 2, 1)
1
(73, 14)
-> Request 13
1353
(1, 2, 2)
3
(61, 79)
--> Day : 2
-> Request 0
70
(2, 3, 2)
3
(66, 63)
-> Request 1
251
(3, 1, 2)
3
(58, 32)
-> Request 2
496
(2, 1, 2)
2
(53, 6)
-> Request 3
790
(2, 2, 1)
2
(45, 59)
-> Request 4
842
(3, 1, 1)
3
(49, 48)
-> Request 5
873
(1, 1, 2)
1
(14, 10)
-> Request 6
1045
(1, 1, 2)
3
(17, 38)
-> Request 7
1299
(3, 2, 1)
1
(23, 16)
-> Request 8
1434
(2, 3, 1)
1
(42, 25)
--> Day : 3
-> Request 0
27
(2, 3, 1)
1
(27, 68)
-> Request 1
184
(1, 3, 2)
1
(69, 23)
-> Request 2
248
(1, 1, 2)
2
(44, 66)
-> Request 3
339
(2, 3, 1)
1
(6, 61)
-> Request 4
678
(3, 1, 2)
2
(58, 79)
-> Request 5
1320
(2, 3, 1)
1
(31, 46)
-> Request 6
1336
(2, 3, 2)
2
(41, 3)
-> Request 7
1362
(4, 3, 2)
3
(13, 48)
--> Day : 4
-> Request 0
214
(4, 1, 1)
3
(51, 49)
-> Request 1
377
(2, 3, 1)
2
(3, 59)
-> Request 2
730
(3, 2, 1)
3
(45, 49)
-> Request 3
782
(3, 2, 1)
3
(3, 61)
-> Request 4
799
(1, 1, 2)
2
(52, 7)
-> Request 5
875
(4, 1, 1)
2
(30, 8)
-> Request 6
965
(3, 1, 2)
3
(28, 33)
-> Request 7
1110
(4, 1, 1)
3
(72, 4)
-> Request 8
1186
(3, 2, 2)
2
(2, 20)
-> Request 9
1251
(2, 2, 2)
1
(64, 8)
---> Week : 15
--> Day : 0
-> Request 0
7
(4, 1, 2)
2
(70, 58)
-> Request 1
310
(3, 1, 2)
3
(41, 37)
-> Request 2
388
(4, 2, 2)
1
(44, 66)
-> Request 3
559
(3, 2, 2)
2
(8, 56)
-> Request 4
885
(3, 2, 1)
2
(40, 32)
-> Request 5
890
(3, 3, 2)
1
(62, 47)
-> Request 6
996
(3, 1, 2)
1
(21, 77)
-> Request 7
1193
(1, 1, 2)
2
(27, 8)
-> Request 8
1376
(1, 1, 1)
1
(79, 17)
--> Day : 1
-> Request 0
92
(1, 2, 2)
3
(30, 23)
-> Request 1
290
(1, 1, 2)
3
(35, 28)
-> Request 2
399
(3, 2, 1)
2
(72, 67)
-> Request 3
432
(4, 1, 1)
1
(68, 56)
-> Request 4
643
(4, 1, 2)
2
(46, 8)
-> Request 5
665
(1, 2, 1)
2
(36, 79)
-> Request 6
768
(3, 2, 2)
1
(13, 42)
-> Request 7
841
(1, 2, 2)
1
(31, 45)
-> Request 8
859
(2, 1, 2)
3
(54, 4)
-> Request 9
1066
(4, 2, 1)
2
(52, 40)
-> Request 10
1095
(4, 2, 1)
2
(15, 30)
-> Request 11
1132
(3, 2, 1)
3
(66, 24)
-> Request 12
1390
(1, 3, 1)
3
(37, 61)
--> Day : 2
-> Request 0
345
(1, 3, 2)
2
(1, 57)
-> Request 1
428
(3, 1, 1)
2
(68, 68)
-> Request 2
745
(4, 3, 1)
3
(42, 12)
-> Request 3
847
(3, 3, 1)
2
(48, 51)
-> Request 4
868
(3, 2, 2)
2
(14, 58)
-> Request 5
978
(3, 2, 2)
1
(27, 64)
-> Request 6
1233
(1, 2, 1)
2
(22, 23)
--> Day : 3
-> Request 0
31
(2, 3, 2)
1
(9, 43)
-> Request 1
374
(4, 2, 1)
2
(44, 20)
-> Request 2
504
(1, 3, 2)
2
(5, 52)
-> Request 3
764
(1, 2, 1)
2
(67, 62)
-> Request 4
1000
(1, 2, 1)
3
(63, 15)
-> Request 5
1126
(2, 3, 1)
2
(67, 3)
-> Request 6
1130
(1, 2, 2)
3
(77, 8)
-> Request 7
1177
(4, 3, 2)
1
(38, 50)
--> Day : 4
-> Request 0
185
(4, 1, 1)
2
(40, 64)
-> Request 1
345
(4, 1, 2)
3
(37, 28)
-> Request 2
734
(3, 3, 1)
3
(40, 23)
-> Request 3
782
(4, 3, 1)
2
(72, 61)
-> Request 4
837
(2, 1, 1)
1
(25, 43)
-> Request 5
849
(1, 3, 2)
2
(44, 66)
-> Request 6
1051
(3, 1, 1)
2
(56, 48)
-> Request 7
1110
(4, 1, 1)
2
(26, 17)
-> Request 8
1148
(2, 2, 1)
1
(12, 32)
-> Request 9
1354
(4, 1, 1)
3
(75, 3)
---> Week : 16
--> Day : 0
-> Request 0
68
(1, 2, 2)
2
(78, 57)
-> Request 1
74
(2, 1, 2)
3
(44, 69)
-> Request 2
122
(4, 3, 2)
2
(4, 1)
-> Request 3
142
(1, 1, 1)
1
(42, 29)
-> Request 4
304
(2, 1, 1)
3
(40, 8)
-> Request 5
533
(4, 1, 2)
1
(8, 68)
-> Request 6
565
(2, 1, 1)
1
(1, 30)
-> Request 7
618
(1, 1, 2)
3
(9, 41)
-> Request 8
622
(4, 1, 1)
2
(28, 47)
-> Request 9
747
(4, 1, 2)
2
(53, 40)
-> Request 10
879
(3, 3, 1)
1
(13, 39)
-> Request 11
1061
(4, 2, 1)
1
(17, 30)
-> Request 12
1083
(4, 3, 2)
2
(33, 22)
-> Request 13
1111
(4, 1, 1)
2
(45, 13)
--> Day : 1
-> Request 0
35
(4, 3, 1)
3
(28, 6)
-> Request 1
49
(2, 3, 2)
1
(32, 12)
-> Request 2
71
(2, 3, 1)
3
(79, 42)
-> Request 3
103
(4, 1, 1)
3
(26, 58)
-> Request 4
198
(2, 2, 2)
2
(15, 71)
-> Request 5
598
(3, 2, 2)
2
(31, 4)
-> Request 6
833
(4, 3, 2)
1
(3, 12)
-> Request 7
1304
(2, 3, 2)
2
(10, 41)
-> Request 8
1353
(1, 1, 2)
2
(76, 62)
--> Day : 2
-> Request 0
226
(3, 1, 1)
2
(9, 69)
-> Request 1
316
(4, 1, 2)
2
(11, 5)
-> Request 2
532
(1, 2, 2)
2
(28, 42)
-> Request 3
601
(4, 3, 1)
3
(59, 73)
-> Request 4
756
(3, 1, 1)
3
(67, 29)
-> Request 5
992
(2, 3, 1)
3
(68, 74)
-> Request 6
996
(4, 3, 2)
3
(28, 24)
-> Request 7
1119
(1, 3, 2)
2
(36, 14)
-> Request 8
1427
(4, 1, 2)
1
(17, 23)
--> Day : 3
-> Request 0
201
(4, 3, 2)
2
(33, 11)
-> Request 1
268
(1, 1, 1)
3
(20, 14)
-> Request 2
460
(1, 2, 2)
1
(23, 13)
-> Request 3
589
(2, 2, 2)
3
(27, 11)
-> Request 4
679
(2, 1, 2)
2
(21, 7)
-> Request 5
966
(4, 1, 2)
2
(78, 67)
-> Request 6
1149
(2, 3, 2)
3
(61, 63)
-> Request 7
1158
(2, 1, 1)
1
(67, 59)
--> Day : 4
-> Request 0
44
(1, 2, 1)
3
(13, 14)
-> Request 1
256
(2, 3, 1)
2
(29, 21)
-> Request 2
324
(2, 1, 1)
2
(10, 39)
-> Request 3
332
(4, 1, 1)
1
(47, 13)
-> Request 4
498
(4, 2, 1)
1
(46, 33)
-> Request 5
521
(2, 2, 1)
1
(66, 4)
-> Request 6
593
(1, 3, 1)
1
(46, 34)
-> Request 7
973
(2, 3, 1)
3
(72, 1)
-> Request 8
998
(3, 1, 2)
1
(45, 32)
-> Request 9
1055
(4, 2, 1)
3
(72, 70)
-> Request 10
1099
(1, 1, 1)
2
(32, 30)
-> Request 11
1372
(1, 2, 1)
1
(37, 23)
-> Request 12
1413
(4, 2, 1)
2
(69, 42)
---> Week : 17
--> Day : 0
-> Request 0
229
(2, 2, 1)
3
(20, 28)
-> Request 1
368
(4, 2, 1)
2
(47, 4)
-> Request 2
463
(1, 2, 2)
1
(7, 32)
-> Request 3
526
(4, 3, 2)
2
(28, 43)
-> Request 4
698
(2, 2, 1)
2
(32, 14)
-> Request 5
786
(3, 1, 1)
1
(66, 56)
-> Request 6
919
(2, 3, 1)
3
(40, 18)
-> Request 7
941
(4, 2, 2)
3
(71, 10)
-> Request 8
1094
(1, 3, 1)
3
(42, 66)
-> Request 9
1122
(3, 1, 1)
1
(34, 62)
-> Request 10
1389
(1, 3, 1)
3
(75, 18)
--> Day : 1
-> Request 0
240
(2, 1, 2)
2
(2, 7)
-> Request 1
300
(2, 2, 1)
3
(64, 41)
-> Request 2
307
(1, 1, 1)
1
(22, 15)
-> Request 3
363
(3, 2, 2)
2
(2, 41)
-> Request 4
363
(4, 3, 1)
3
(47, 37)
-> Request 5
374
(3, 1, 2)
2
(53, 11)
-> Request 6
375
(3, 3, 1)
2
(31, 20)
-> Request 7
797
(2, 2, 1)
2
(74, 57)
-> Request 8
959
(3, 3, 1)
2
(61, 48)
-> Request 9
1029
(3, 2, 2)
3
(62, 47)
-> Request 10
1088
(2, 2, 1)
3
(48, 72)
-> Request 11
1175
(4, 1, 2)
3
(51, 14)
-> Request 12
1215
(4, 1, 2)
2
(64, 73)
-> Request 13
1223
(3, 1, 2)
3
(3, 57)
-> Request 14
1367
(3, 1, 1)
1
(20, 53)
-> Request 15
1436
(1, 3, 2)
1
(3, 66)
--> Day : 2
-> Request 0
52
(4, 2, 1)
3
(78, 77)
-> Request 1
112
(2, 3, 2)
2
(2, 47)
-> Request 2
121
(2, 2, 1)
1
(41, 5)
-> Request 3
539
(2, 2, 2)
2
(72, 1)
-> Request 4
920
(2, 2, 1)
3
(76, 72)
-> Request 5
1051
(3, 3, 2)
2
(12, 41)
-> Request 6
1314
(3, 1, 1)
3
(38, 37)
--> Day : 3
-> Request 0
165
(2, 2, 2)
2
(42, 63)
-> Request 1
935
(3, 2, 2)
1
(3, 30)
-> Request 2
1231
(4, 3, 2)
3
(21, 10)
-> Request 3
1306
(1, 2, 2)
2
(75, 25)
--> Day : 4
-> Request 0
534
(1, 3, 2)
3
(77, 29)
-> Request 1
582
(1, 1, 1)
3
(1, 39)
-> Request 2
606
(4, 3, 2)
3
(10, 63)
-> Request 3
872
(4, 2, 2)
1
(52, 12)
-> Request 4
999
(2, 3, 1)
1
(35, 43)
-> Request 5
1081
(4, 1, 1)
2
(67, 73)
-> Request 6
1086
(4, 2, 1)
2
(12, 21)
-> Request 7
1275
(4, 2, 2)
2
(60, 68)
-> Request 8
1355
(4, 3, 1)
1
(18, 67)
-> Request 9
1397
(1, 1, 1)
1
(41, 35)
-> Request 10
1431
(1, 1, 1)
1
(40, 77)
---> Week : 18
--> Day : 0
-> Request 0
273
(4, 3, 2)
2
(42, 45)
-> Request 1
423
(3, 2, 1)
2
(28, 14)
-> Request 2
445
(1, 3, 2)
2
(22, 43)
-> Request 3
494
(4, 1, 2)
2
(73, 51)
-> Request 4
544
(3, 2, 2)
1
(37, 47)
-> Request 5
672
(3, 3, 1)
3
(72, 52)
-> Request 6
691
(2, 1, 1)
1
(65, 64)
-> Request 7
819
(4, 3, 2)
1
(16, 74)
-> Request 8
828
(4, 3, 1)
1
(13, 7)
-> Request 9
839
(2, 2, 1)
1
(51, 29)
-> Request 10
871
(2, 1, 1)
2
(22, 54)
-> Request 11
946
(1, 2, 1)
2
(20, 30)
-> Request 12
1028
(2, 3, 2)
1
(56, 41)
-> Request 13
1360
(1, 1, 2)
2
(54, 11)
--> Day : 1
-> Request 0
291
(4, 3, 1)
3
(51, 21)
-> Request 1
456
(3, 3, 1)
3
(60, 16)
-> Request 2
604
(4, 2, 2)
3
(66, 8)
-> Request 3
792
(1, 3, 1)
1
(12, 72)
-> Request 4
882
(3, 1, 2)
2
(27, 2)
-> Request 5
941
(1, 3, 2)
1
(22, 28)
-> Request 6
944
(4, 3, 2)
3
(56, 69)
-> Request 7
957
(3, 3, 2)
3
(72, 79)
-> Request 8
969
(3, 1, 1)
3
(17, 4)
-> Request 9
1047
(3, 3, 1)
2
(67, 75)
-> Request 10
1172
(3, 3, 1)
1
(51, 10)
-> Request 11
1435
(3, 2, 2)
3
(55, 64)
--> Day : 2
-> Request 0
18
(1, 2, 1)
2
(56, 12)
-> Request 1
413
(3, 2, 2)
2
(25, 25)
-> Request 2
427
(1, 3, 1)
3
(8, 32)
-> Request 3
607
(1, 3, 1)
3
(68, 27)
-> Request 4
668
(1, 2, 1)
3
(41, 60)
-> Request 5
706
(3, 3, 2)
2
(44, 20)
-> Request 6
773
(4, 3, 2)
1
(52, 4)
-> Request 7
955
(4, 2, 2)
3
(76, 47)
-> Request 8
973
(2, 2, 2)
3
(18, 65)
-> Request 9
995
(1, 1, 2)
3
(35, 78)
-> Request 10
1130
(2, 3, 2)
1
(7, 19)
-> Request 11
1331
(3, 2, 1)
3
(14, 51)
-> Request 12
1353
(2, 3, 1)
1
(45, 45)
--> Day : 3
-> Request 0
21
(3, 3, 2)
1
(65, 66)
-> Request 1
27
(1, 3, 1)
2
(18, 41)
-> Request 2
72
(4, 1, 1)
1
(53, 41)
-> Request 3
253
(3, 1, 1)
2
(38, 43)
-> Request 4
289
(4, 1, 2)
1
(60, 7)
-> Request 5
314
(3, 2, 2)
1
(47, 7)
-> Request 6
420
(2, 1, 1)
1
(79, 16)
-> Request 7
455
(3, 3, 2)
2
(33, 64)
-> Request 8
553
(1, 1, 2)
3
(51, 16)
-> Request 9
614
(2, 1, 2)
3
(72, 10)
-> Request 10
674
(2, 1, 2)
1
(23, 51)
-> Request 11
698
(2, 3, 1)
2
(63, 73)
-> Request 12
859
(3, 2, 1)
3
(26, 8)
-> Request 13
1091
(2, 3, 1)
2
(67, 76)
-> Request 14
1165
(3, 3, 1)
3
(13, 21)
-> Request 15
1211
(4, 2, 2)
3
(0, 47)
-> Request 16
1257
(2, 3, 1)
2
(53, 42)
-> Request 17
1337
(4, 3, 2)
3
(15, 2)
--> Day : 4
-> Request 0
3
(1, 1, 2)
3
(23, 36)
-> Request 1
97
(2, 3, 2)
1
(10, 75)
-> Request 2
684
(1, 2, 2)
2
(26, 6)
-> Request 3
958
(2, 3, 2)
3
(72, 38)
-> Request 4
1232
(4, 1, 2)
3
(42, 62)
-> Request 5
1266
(1, 3, 1)
1
(75, 9)
-> Request 6
1338
(3, 2, 1)
2
(47, 17)
-> Request 7
1418
(4, 3, 1)
3
(63, 65)
---> Week : 19
--> Day : 0
-> Request 0
503
(3, 1, 1)
3
(23, 43)
-> Request 1
519
(4, 3, 2)
3
(16, 67)
-> Request 2
540
(4, 1, 2)
3
(46, 61)
-> Request 3
696
(2, 3, 1)
1
(10, 72)
-> Request 4
1136
(3, 2, 1)
3
(8, 44)
-> Request 5
1385
(3, 1, 1)
2
(20, 46)
-> Request 6
1417
(2, 2, 2)
2
(34, 18)
--> Day : 1
-> Request 0
54
(2, 2, 2)
1
(18, 65)
-> Request 1
122
(1, 2, 1)
2
(12, 70)
-> Request 2
177
(3, 1, 1)
1
(57, 55)
-> Request 3
178
(3, 1, 1)
3
(58, 76)
-> Request 4
228
(3, 3, 2)
1
(39, 53)
-> Request 5
293
(2, 1, 1)
2
(14, 72)
-> Request 6
398
(1, 2, 2)
3
(62, 50)
-> Request 7
798
(1, 3, 1)
2
(31, 52)
-> Request 8
863
(1, 1, 1)
2
(16, 61)
-> Request 9
936
(4, 2, 2)
1
(6, 53)
-> Request 10
1035
(2, 2, 1)
2
(47, 75)
--> Day : 2
-> Request 0
32
(2, 2, 1)
2
(73, 74)
-> Request 1
36
(3, 3, 2)
1
(77, 29)
-> Request 2
54
(4, 1, 1)
2
(60, 14)
-> Request 3
106
(3, 3, 2)
3
(52, 59)
-> Request 4
311
(3, 2, 1)
2
(28, 61)
-> Request 5
352
(1, 2, 1)
1
(34, 4)
-> Request 6
388
(2, 1, 2)
1
(13, 75)
-> Request 7
543
(1, 1, 2)
3
(52, 14)
-> Request 8
555
(3, 2, 1)
2
(57, 59)
-> Request 9
633
(1, 3, 1)
3
(15, 66)
-> Request 10
657
(1, 1, 1)
2
(73, 78)
-> Request 11
673
(2, 1, 2)
1
(31, 37)
-> Request 12
738
(4, 2, 1)
2
(4, 43)
-> Request 13
971
(1, 3, 1)
1
(54, 21)
-> Request 14
981
(4, 3, 1)
1
(3, 4)
-> Request 15
1072
(3, 1, 1)
3
(75, 43)
-> Request 16
1076
(3, 1, 1)
1
(75, 26)
-> Request 17
1234
(1, 1, 2)
3
(21, 76)
--> Day : 3
-> Request 0
26
(2, 2, 2)
2
(39, 74)
-> Request 1
265
(4, 1, 1)
1
(18, 57)
-> Request 2
309
(4, 3, 2)
3
(9, 47)
-> Request 3
390
(1, 3, 2)
2
(24, 2)
-> Request 4
611
(1, 2, 2)
2
(11, 23)
-> Request 5
650
(4, 3, 2)
2
(37, 79)
-> Request 6
1051
(2, 3, 1)
3
(47, 61)
-> Request 7
1127
(4, 1, 2)
1
(12, 47)
-> Request 8
1165
(3, 1, 1)
3
(74, 73)
-> Request 9
1194
(1, 1, 2)
2
(67, 31)
-> Request 10
1218
(2, 1, 2)
3
(42, 9)
-> Request 11
1417
(3, 1, 2)
3
(26, 36)
--> Day : 4
-> Request 0
172
(2, 2, 2)
1
(49, 39)
-> Request 1
281
(3, 3, 1)
3
(0, 44)
-> Request 2
307
(4, 1, 2)
2
(7, 75)
-> Request 3
468
(3, 1, 1)
3
(72, 2)
-> Request 4
607
(2, 2, 1)
2
(27, 73)
-> Request 5
683
(4, 2, 2)
3
(35, 50)
-> Request 6
884
(2, 3, 2)
2
(21, 71)
-> Request 7
895
(2, 1, 2)
1
(33, 57)
-> Request 8
1148
(2, 2, 2)
1
(9, 49)
-> Request 9
1264
(4, 3, 1)
3
(39, 35)
-> Request 10
1427
(4, 3, 1)
1
(66, 66)
