---> Week : 0
--> Day : 0
-> Request 0
243
(3, 3, 2)
1
(74, 73)
-> Request 1
365
(2, 1, 1)
2
(13, 15)
-> Request 2
372
(3, 3, 2)
1
(3, 55)
-> Request 3
384
(2, 2, 1)
3
(17, 34)
-> Request 4
776
(1, 2, 1)
3
(74, 63)
-> Request 5
1023
(1, 1, 2)
3
(33, 54)
-> Request 6
1095
(4, 1, 1)
3
(11, 13)
-> Request 7
1295
(3, 3, 2)
2
(11, 11)
--> Day : 1
-> Request 0
77
(1, 2, 2)
2
(40, 45)
-> Request 1
216
(3, 2, 2)
1
(13, 78)
-> Request 2
474
(4, 3, 2)
3
(0, 49)
-> Request 3
561
(4, 3, 1)
3
(9, 30)
-> Request 4
584
(4, 1, 1)
2
(32, 43)
-> Request 5
874
(2, 2, 2)
1
(5, 74)
-> Request 6
1102
(3, 1, 2)
3
(8, 37)
-> Request 7
1330
(4, 1, 2)
1
(70, 10)
-> Request 8
1347
(3, 2, 2)
3
(57, 22)
--> Day : 2
-> Request 0
241
(4, 1, 2)
1
(62, 1)
-> Request 1
353
(4, 2, 2)
2
(62, 48)
-> Request 2
458
(2, 1, 2)
2
(74, 5)
-> Request 3
475
(4, 1, 1)
3
(5, 60)
-> Request 4
596
(1, 3, 1)
3
(27, 34)
-> Request 5
711
(1, 3, 1)
2
(3, 53)
-> Request 6
731
(3, 2, 1)
1
(41, 51)
-> Request 7
916
(2, 3, 2)
1
(8, 32)
-> Request 8
1043
(2, 1, 1)
3
(52, 59)
-> Request 9
1105
(4, 1, 2)
3
(67, 15)
-> Request 10
1178
(4, 1, 1)
3
(15, 16)
--> Day : 3
-> Request 0
17
(2, 3, 2)
2
(24, 16)
-> Request 1
260
(3, 2, 2)
2
(39, 32)
-> Request 2
439
(2, 2, 2)
3
(46, 20)
-> Request 3
555
(4, 3, 2)
2
(33, 70)
-> Request 4
656
(3, 3, 2)
1
(54, 46)
-> Request 5
712
(4, 3, 1)
3
(7, 4)
-> Request 6
739
(2, 3, 2)
2
(23, 66)
-> Request 7
857
(2, 1, 2)
3
(21, 6)
-> Request 8
1052
(4, 2, 2)
2
(54, 13)
-> Request 9
1218
(2, 1, 2)
1
(10, 50)
-> Request 10
1428
(4, 3, 2)
1
(71, 51)
--> Day : 4
-> Request 0
34
(2, 2, 1)
1
(60, 38)
-> Request 1
38
(3, 2, 1)
2
(67, 19)
-> Request 2
85
(2, 2, 2)
2
(71, 41)
-> Request 3
159
(2, 3, 1)
2
(12, 7)
-> Request 4
665
(3, 2, 1)
3
(3, 54)
-> Request 5
703
(4, 3, 2)
3
(48, 60)
-> Request 6
794
(1, 1, 2)
3
(52, 52)
-> Request 7
851
(4, 1, 1)
2
(40, 47)
-> Request 8
1308
(4, 1, 2)
2
(73, 60)
-> Request 9
1376
(1, 3, 1)
3
(5, 12)
---> Week : 1
--> Day : 0
-> Request 0
81
(4, 1, 2)
2
(67, 39)
-> Request 1
207
(4, 2, 1)
1
(16, 66)
-> Request 2
311
(3, 3, 2)
1
(42, 77)
-> Request 3
366
(1, 1, 1)
1
(33, 78)
-> Request 4
372
(3, 2, 2)
1
(49, 36)
-> Request 5
437
(3, 1, 2)
2
(67, 40)
-> Request 6
542
(1, 2, 1)
3
(56, 16)
-> Request 7
678
(3, 2, 2)
2
(28, 34)
-> Request 8
1054
(1, 2, 2)
3
(1, 74)
-> Request 9
1081
(3, 2, 1)
1
(64, 78)
--> Day : 1
-> Request 0
72
(1, 1, 1)
1
(79, 9)
-> Request 1
713
(1, 1, 1)
3
(27, 36)
-> Request 2
983
(1, 1, 1)
3
(43, 27)
-> Request 3
1087
(1, 3, 2)
2
(50, 33)
-> Request 4
1106
(2, 3, 2)
3
(5, 64)
--> Day : 2
-> Request 0
241
(2, 2, 1)
2
(6, 13)
-> Request 1
360
(4, 2, 2)
1
(19, 24)
-> Request 2
362
(2, 3, 2)
1
(14, 60)
-> Request 3
445
(1, 3, 1)
1
(37, 6)
-> Request 4
670
(2, 2, 2)
3
(57, 0)
-> Request 5
703
(4, 3, 2)
2
(4, 18)
-> Request 6
949
(1, 1, 2)
3
(15, 3)
-> Request 7
1000
(3, 2, 1)
2
(10, 45)
-> Request 8
1088
(3, 2, 1)
3
(18, 20)
--> Day : 3
-> Request 0
26
(2, 2, 2)
3
(53, 27)
-> Request 1
371
(1, 3, 2)
2
(71, 53)
-> Request 2
407
(1, 1, 2)
3
(64, 3)
-> Request 3
485
(1, 1, 1)
1
(27, 12)
-> Request 4
646
(1, 3, 1)
2
(35, 6)
-> Request 5
760
(1, 1, 1)
3
(39, 43)
-> Request 6
1044
(3, 2, 2)
1
(64, 43)
-> Request 7
1109
(1, 1, 1)
2
(39, 32)
--> Day : 4
-> Request 0
748
(1, 3, 2)
1
(24, 48)
-> Request 1
887
(2, 2, 1)
2
(12, 3)
-> Request 2
1019
(3, 2, 2)
1
(21, 34)
-> Request 3
1326
(4, 1, 1)
1
(54, 21)
---> Week : 2
--> Day : 0
-> Request 0
173
(3, 1, 2)
3
(62, 16)
-> Request 1
747
(4, 1, 1)
2
(56, 26)
-> Request 2
961
(4, 1, 1)
3
(57, 42)
-> Request 3
985
(4, 3, 2)
2
(35, 67)
-> Request 4
1131
(2, 3, 2)
2
(51, 30)
-> Request 5
1438
(4, 2, 2)
1
(57, 0)
--> Day : 1
-> Request 0
285
(2, 3, 1)
2
(38, 60)
-> Request 1
372
(3, 3, 1)
2
(11, 48)
-> Request 2
395
(1, 2, 2)
1
(28, 13)
-> Request 3
462
(4, 2, 2)
2
(41, 26)
-> Request 4
475
(2, 1, 2)
3
(34, 50)
-> Request 5
574
(1, 3, 1)
2
(3, 79)
-> Request 6
1027
(3, 3, 1)
2
(49, 45)
-> Request 7
1043
(1, 1, 1)
3
(32, 9)
-> Request 8
1044
(3, 3, 2)
2
(68, 26)
-> Request 9
1379
(2, 3, 1)
3
(60, 42)
--> Day : 2
-> Request 0
117
(4, 3, 1)
2
(28, 27)
-> Request 1
408
(2, 1, 1)
2
(69, 8)
-> Request 2
496
(3, 3, 1)
1
(6, 20)
-> Request 3
751
(4, 1, 1)
1
(64, 55)
-> Request 4
934
(1, 1, 2)
1
(21, 51)
-> Request 5
941
(3, 1, 2)
2
(0, 23)
-> Request 6
986
(4, 3, 1)
1
(8, 59)
-> Request 7
1220
(2, 3, 1)
2
(49, 43)
-> Request 8
1332
(1, 3, 2)
2
(50, 47)
-> Request 9
1392
(1, 2, 2)
2
(55, 54)
--> Day : 3
-> Request 0
431
(3, 3, 2)
2
(39, 0)
-> Request 1
473
(1, 1, 1)
1
(24, 0)
-> Request 2
524
(3, 1, 2)
3
(1, 59)
-> Request 3
771
(1, 1, 1)
3
(5, 13)
-> Request 4
891
(4, 1, 2)
2
(14, 65)
-> Request 5
1068
(1, 2, 1)
1
(24, 26)
-> Request 6
1127
(4, 2, 1)
2
(48, 73)
-> Request 7
1162
(2, 1, 2)
1
(75, 71)
-> Request 8
1329
(4, 1, 2)
1
(1, 72)
-> Request 9
1329
(4, 2, 2)
1
(39, 36)
--> Day : 4
-> Request 0
636
(2, 3, 1)
3
(7, 56)
-> Request 1
1157
(4, 2, 2)
2
(50, 29)
-> Request 2
1201
(2, 2, 1)
2
(70, 75)
-> Request 3
1405
(4, 3, 2)
2
(10, 10)
-> Request 4
1414
(2, 2, 2)
3
(72, 53)
---> Week : 3
--> Day : 0
-> Request 0
155
(1, 3, 1)
3
(11, 6)
-> Request 1
223
(4, 3, 1)
3
(27, 41)
-> Request 2
310
(2, 1, 1)
3
(70, 27)
-> Request 3
365
(2, 2, 1)
2
(33, 48)
-> Request 4
493
(4, 3, 2)
2
(21, 24)
-> Request 5
748
(4, 3, 1)
1
(38, 78)
-> Request 6
1089
(2, 1, 2)
3
(48, 57)
-> Request 7
1300
(3, 3, 1)
2
(17, 16)
-> Request 8
1306
(3, 1, 2)
1
(17, 40)
--> Day : 1
-> Request 0
302
(4, 3, 1)
3
(45, 29)
-> Request 1
461
(2, 1, 2)
3
(36, 79)
-> Request 2
517
(4, 2, 1)
2
(71, 52)
-> Request 3
613
(3, 3, 2)
1
(67, 6)
-> Request 4
759
(2, 3, 1)
3
(21, 23)
-> Request 5
950
(1, 2, 1)
1
(27, 27)
--> Day : 2
-> Request 0
94
(2, 1, 2)
1
(18, 78)
-> Request 1
149
(3, 1, 2)
2
(34, 6)
-> Request 2
276
(4, 3, 2)
1
(58, 52)
-> Request 3
377
(1, 2, 1)
2
(43, 42)
-> Request 4
456
(4, 1, 2)
3
(32, 65)
-> Request 5
498
(1, 2, 1)
2
(55, 19)
-> Request 6
537
(3, 3, 1)
2
(34, 60)
-> Request 7
561
(4, 2, 1)
1
(69, 38)
-> Request 8
585
(4, 1, 1)
1
(32, 13)
-> Request 9
696
(4, 2, 2)
1
(32, 28)
-> Request 10
708
(4, 3, 2)
3
(50, 56)
-> Request 11
787
(4, 1, 1)
2
(10, 37)
-> Request 12
1030
(4, 3, 1)
2
(20, 34)
--> Day : 3
-> Request 0
83
(1, 3, 1)
1
(61, 38)
-> Request 1
112
(1, 2, 1)
1
(66, 44)
-> Request 2
208
(3, 3, 1)
3
(42, 64)
-> Request 3
457
(2, 1, 2)
2
(41, 50)
-> Request 4
588
(1, 1, 2)
2
(6, 10)
-> Request 5
687
(2, 1, 1)
2
(73, 5)
-> Request 6
977
(1, 3, 2)
1
(37, 67)
-> Request 7
1002
(2, 2, 1)
1
(29, 31)
-> Request 8
1076
(2, 1, 2)
3
(76, 70)
-> Request 9
1305
(2, 2, 1)
1
(64, 19)
-> Request 10
1380
(2, 2, 2)
3
(74, 6)
--> Day : 4
-> Request 0
14
(3, 3, 2)
3
(31, 30)
-> Request 1
166
(3, 3, 2)
2
(28, 75)
-> Request 2
216
(4, 3, 2)
3
(36, 31)
-> Request 3
345
(2, 2, 2)
2
(43, 33)
-> Request 4
351
(4, 3, 2)
3
(33, 1)
-> Request 5
369
(3, 3, 2)
2
(6, 8)
-> Request 6
436
(3, 3, 2)
2
(78, 77)
-> Request 7
495
(2, 2, 2)
3
(59, 64)
-> Request 8
568
(3, 1, 2)
2
(72, 72)
-> Request 9
569
(3, 2, 2)
1
(75, 30)
-> Request 10
928
(3, 1, 1)
2
(15, 28)
---> Week : 4
--> Day : 0
-> Request 0
41
(4, 1, 2)
3
(77, 9)
-> Request 1
61
(3, 2, 2)
2
(58, 16)
-> Request 2
132
(2, 3, 1)
2
(12, 37)
-> Request 3
626
(2, 1, 2)
3
(55, 39)
-> Request 4
782
(2, 3, 2)
3
(1, 61)
-> Request 5
845
(2, 3, 1)
3
(19, 3)
-> Request 6
1002
(4, 2, 2)
3
(4, 30)
-> Request 7
1149
(1, 3, 2)
3
(45, 21)
-> Request 8
1188
(2, 3, 2)
1
(30, 32)
-> Request 9
1264
(3, 1, 1)
2
(57, 35)
-> Request 10
1290
(2, 1, 1)
1
(50, 56)
-> Request 11
1414
(4, 3, 1)
2
(33, 6)
--> Day : 1
-> Request 0
19
(4, 1, 1)
2
(57, 8)
-> Request 1
132
(4, 1, 2)
3
(12, 0)
-> Request 2
596
(4, 2, 2)
3
(27, 66)
-> Request 3
667
(3, 1, 1)
2
(59, 5)
-> Request 4
722
(4, 3, 1)
2
(79, 54)
-> Request 5
745
(4, 3, 2)
2
(5, 6)
-> Request 6
799
(3, 2, 2)
2
(74, 29)
-> Request 7
827
(1, 1, 1)
2
(5, 20)
-> Request 8
852
(1, 2, 1)
2
(34, 45)
-> Request 9
887
(4, 1, 2)
2
(2, 44)
-> Request 10
901
(3, 1, 2)
1
(48, 75)
-> Request 11
1024
(3, 3, 1)
2
(8, 52)
-> Request 12
1030
(3, 2, 1)
1
(0, 20)
-> Request 13
1091
(4, 3, 2)
2
(9, 70)
-> Request 14
1296
(3, 2, 1)
3
(52, 58)
-> Request 15
1308
(2, 2, 2)
1
(3, 60)
-> Request 16
1335
(4, 3, 2)
1
(8, 44)
--> Day : 2
-> Request 0
129
(1, 3, 2)
3
(8, 45)
-> Request 1
751
(3, 2, 1)
1
(13, 3)
-> Request 2
885
(4, 3, 1)
1
(30, 71)
-> Request 3
911
(1, 3, 1)
3
(52, 41)
-> Request 4
1262
(1, 3, 2)
1
(33, 37)
-> Request 5
1269
(1, 3, 1)
1
(52, 6)
-> Request 6
1293
(2, 3, 1)
2
(74, 38)
-> Request 7
1312
(4, 3, 1)
2
(24, 59)
-> Request 8
1409
(3, 1, 2)
3
(32, 50)
-> Request 9
1415
(4, 3, 1)
3
(15, 14)
--> Day : 3
-> Request 0
9
(2, 3, 2)
1
(34, 17)
-> Request 1
228
(3, 2, 1)
1
(10, 45)
-> Request 2
885
(4, 2, 2)
3
(14, 66)
-> Request 3
1080
(4, 2, 2)
3
(64, 76)
-> Request 4
1151
(3, 3, 2)
1
(79, 18)
-> Request 5
1231
(3, 3, 1)
1
(60, 11)
-> Request 6
1262
(2, 1, 1)
1
(53, 41)
-> Request 7
1297
(2, 1, 1)
2
(64, 60)
--> Day : 4
-> Request 0
654
(4, 3, 1)
2
(38, 25)
-> Request 1
812
(2, 2, 1)
3
(62, 75)
-> Request 2
1000
(1, 3, 1)
3
(66, 9)
-> Request 3
1039
(4, 1, 1)
1
(45, 1)
-> Request 4
1126
(3, 1, 2)
1
(77, 20)
-> Request 5
1181
(1, 3, 1)
2
(34, 23)
-> Request 6
1256
(2, 2, 1)
3
(26, 60)
-> Request 7
1405
(2, 2, 1)
1
(73, 37)
-> Request 8
1417
(2, 1, 2)
3
(34, 10)
-> Request 9
1431
(3, 1, 2)
2
(39, 73)
---> Week : 5
--> Day : 0
-> Request 0
3
(1, 3, 2)
3
(34, 66)
-> Request 1
282
(2, 1, 1)
2
(49, 79)
-> Request 2
426
(1, 1, 2)
3
(6, 34)
-> Request 3
551
(2, 2, 2)
3
(73, 18)
-> Request 4
874
(4, 3, 2)
2
(68, 62)
-> Request 5
1081
(2, 2, 1)
2
(33, 54)
-> Request 6
1141
(1, 3, 1)
2
(19, 12)
--> Day : 1
-> Request 0
201
(1, 3, 1)
3
(77, 67)
-> Request 1
375
(2, 2, 2)
1
(31, 55)
-> Request 2
689
(3, 3, 1)
1
(19, 29)
-> Request 3
695
(4, 3, 2)
1
(27, 73)
-> Request 4
793
(2, 2, 1)
1
(33, 27)
--> Day : 2
-> Request 0
152
(3, 2, 1)
2
(58, 64)
-> Request 1
596
(2, 2, 2)
1
(21, 43)
-> Request 2
748
(4, 1, 1)
1
(64, 34)
-> Request 3
854
(3, 2, 2)
2
(78, 58)
-> Request 4
925
(2, 3, 1)
1
(25, 38)
-> Request 5
1035
(1, 3, 2)
3
(54, 78)
-> Request 6
1117
(2, 1, 2)
3
(4, 33)
--> Day : 3
-> Request 0
27
(1, 2, 2)
1
(39, 17)
-> Request 1
197
(4, 3, 1)
3
(77, 45)
-> Request 2
591
(4, 2, 1)
3
(16, 44)
-> Request 3
714
(3, 1, 2)
1
(63, 24)
-> Request 4
738
(2, 3, 1)
3
(19, 35)
-> Request 5
1109
(1, 3, 2)
1
(8, 7)
-> Request 6
1219
(3, 2, 1)
1
(17, 61)
--> Day : 4
-> Request 0
145
(4, 2, 1)
2
(55, 64)
-> Request 1
239
(2, 3, 2)
3
(60, 44)
-> Request 2
349
(2, 3, 2)
3
(3, 50)
-> Request 3
630
(3, 2, 2)
3
(10, 70)
-> Request 4
844
(2, 1, 2)
3
(52, 51)
-> Request 5
1089
(4, 2, 1)
1
(21, 3)
-> Request 6
1146
(3, 3, 2)
2
(49, 32)
-> Request 7
1222
(1, 1, 2)
3
(6, 55)
-> Request 8
1242
(2, 1, 1)
1
(25, 64)
-> Request 9
1409
(1, 1, 1)
1
(24, 24)
---> Week : 6
--> Day : 0
-> Request 0
114
(4, 3, 2)
2
(19, 31)
-> Request 1
125
(4, 3, 2)
3
(12, 52)
-> Request 2
185
(4, 2, 2)
3
(23, 55)
-> Request 3
307
(2, 1, 1)
1
(59, 72)
-> Request 4
433
(4, 2, 2)
3
(65, 7)
-> Request 5
653
(2, 1, 1)
2
(61, 23)
-> Request 6
753
(2, 3, 1)
2
(42, 55)
-> Request 7
862
(1, 3, 1)
2
(42, 50)
-> Request 8
1105
(3, 1, 2)
2
(73, 58)
-> Request 9
1245
(3, 3, 1)
2
(56, 59)
-> Request 10
1307
(3, 1, 2)
2
(29, 10)
--> Day : 1
-> Request 0
405
(2, 2, 2)
2
(20, 74)
-> Request 1
560
(4, 2, 1)
3
(16, 38)
-> Request 2
770
(4, 2, 1)
1
(59, 15)
-> Request 3
887
(4, 1, 2)
2
(59, 16)
-> Request 4
1007
(1, 1, 1)
1
(58, 19)
-> Request 5
1015
(1, 2, 1)
1
(9, 55)
-> Request 6
1022
(4, 2, 1)
3
(79, 60)
-> Request 7
1132
(2, 3, 2)
3
(46, 32)
-> Request 8
1217
(4, 1, 2)
2
(19, 9)
--> Day : 2
-> Request 0
18
(2, 2, 1)
2
(19, 15)
-> Request 1
25
(1, 3, 1)
1
(52, 49)
-> Request 2
54
(3, 1, 1)
2
(69, 3)
-> Request 3
119
(4, 2, 2)
2
(51, 64)
-> Request 4
225
(2, 3, 2)
2
(16, 63)
-> Request 5
229
(4, 3, 1)
2
(39, 5)
-> Request 6
496
(3, 3, 2)
3
(57, 47)
-> Request 7
889
(1, 3, 1)
3
(40, 24)
-> Request 8
989
(3, 3, 1)
2
(9, 36)
-> Request 9
1052
(1, 3, 2)
3
(6, 14)
-> Request 10
1101
(3, 2, 1)
1
(58, 37)
-> Request 11
1227
(2, 1, 2)
1
(15, 35)
--> Day : 3
-> Request 0
199
(3, 3, 1)
1
(12, 25)
-> Request 1
298
(3, 1, 2)
1
(3, 46)
-> Request 2
394
(1, 1, 1)
3
(4, 52)
-> Request 3
554
(3, 1, 2)
1
(47, 30)
-> Request 4
759
(1, 1, 1)
2
(23, 20)
-> Request 5
935
(2, 3, 1)
2
(5, 27)
-> Request 6
980
(4, 3, 2)
3
(71, 14)
-> Request 7
1008
(4, 2, 1)
3
(10, 49)
-> Request 8
1220
(4, 2, 1)
3
(56, 72)
--> Day : 4
-> Request 0
444
(2, 3, 2)
1
(14, 14)
-> Request 1
719
(3, 1, 1)
2
(58, 4)
-> Request 2
1048
(1, 2, 2)
3
(24, 53)
-> Request 3
1076
(3, 2, 1)
3
(67, 60)
-> Request 4
1079
(2, 1, 2)
3
(72, 26)
-> Request 5
1169
(3, 1, 1)
2
(53, 73)
-> Request 6
1232
(1, 1, 2)
1
(73, 59)
-> Request 7
1256
(4, 2, 1)
2
(13, 71)
-> Request 8
1303
(3, 1, 1)
3
(12, 8)
-> Request 9
1385
(1, 3, 2)
1
(23, 43)
---> Week : 7
--> Day : 0
-> Request 0
110
(2, 2, 2)
3
(45, 40)
-> Request 1
247
(3, 3, 2)
1
(33, 44)
-> Request 2
326
(2, 1, 1)
1
(79, 69)
-> Request 3
478
(2, 2, 2)
1
(72, 15)
-> Request 4
701
(3, 3, 1)
1
(23, 48)
-> Request 5
958
(4, 3, 1)
3
(8, 40)
-> Request 6
968
(4, 3, 1)
3
(2, 14)
-> Request 7
973
(1, 2, 2)
2
(59, 64)
-> Request 8
984
(3, 3, 1)
3
(51, 59)
--> Day : 1
-> Request 0
90
(1, 1, 1)
3
(2, 77)
-> Request 1
91
(3, 1, 1)
1
(78, 46)
-> Request 2
147
(4, 1, 2)
1
(36, 60)
-> Request 3
333
(1, 1, 1)
2
(63, 3)
-> Request 4
360
(4, 1, 1)
2
(62, 47)
-> Request 5
526
(1, 2, 2)
1
(13, 18)
-> Request 6
753
(3, 1, 1)
2
(55, 31)
-> Request 7
762
(4, 2, 2)
1
(33, 44)
-> Request 8
790
(2, 3, 2)
2
(75, 23)
-> Request 9
813
(3, 2, 2)
1
(21, 31)
-> Request 10
867
(2, 2, 2)
3
(7, 71)
-> Request 11
867
(3, 2, 2)
3
(3, 49)
-> Request 12
868
(4, 2, 1)
1
(35, 35)
-> Request 13
913
(4, 3, 2)
2
(39, 58)
-> Request 14
1060
(3, 1, 2)
1
(56, 24)
-> Request 15
1215
(2, 1, 1)
2
(11, 41)
-> Request 16
1218
(1, 1, 1)
3
(54, 25)
-> Request 17
1272
(2, 3, 1)
2
(72, 57)
-> Request 18
1326
(4, 3, 1)
3
(54, 52)
-> Request 19
1410
(4, 1, 2)
2
(63, 69)
--> Day : 2
-> Request 0
89
(2, 3, 1)
2
(36, 54)
-> Request 1
158
(4, 2, 2)
2
(23, 1)
-> Request 2
306
(3, 2, 2)
2
(45, 72)
-> Request 3
427
(1, 2, 1)
3
(22, 23)
-> Request 4
617
(4, 3, 1)
2
(14, 77)
-> Request 5
865
(3, 3, 1)
2
(72, 44)
-> Request 6
918
(2, 1, 1)
3
(69, 26)
-> Request 7
1324
(2, 2, 2)
3
(70, 55)
--> Day : 3
-> Request 0
731
(1, 2, 2)
3
(73, 60)
-> Request 1
844
(3, 3, 2)
1
(79, 21)
-> Request 2
847
(4, 1, 1)
2
(50, 60)
-> Request 3
1246
(3, 2, 2)
2
(70, 68)
--> Day : 4
-> Request 0
28
(3, 3, 1)
1
(32, 45)
-> Request 1
28
(1, 1, 2)
2
(49, 36)
-> Request 2
166
(2, 1, 2)
2
(10, 54)
-> Request 3
361
(4, 2, 2)
3
(11, 17)
-> Request 4
424
(1, 1, 2)
1
(56, 22)
-> Request 5
481
(3, 2, 2)
2
(8, 76)
-> Request 6
612
(3, 1, 2)
2
(3, 30)
-> Request 7
1334
(2, 1, 1)
1
(54, 71)
---> Week : 8
--> Day : 0
-> Request 0
99
(2, 2, 2)
3
(53, 76)
-> Request 1
176
(4, 1, 1)
3
(18, 69)
-> Request 2
244
(1, 1, 1)
2
(56, 73)
-> Request 3
450
(2, 2, 2)
3
(1, 39)
-> Request 4
572
(3, 3, 2)
3
(70, 15)
-> Request 5
579
(2, 3, 1)
3
(76, 4)
-> Request 6
580
(3, 1, 1)
1
(47, 13)
-> Request 7
599
(2, 2, 2)
3
(49, 7)
-> Request 8
714
(3, 2, 1)
3
(65, 73)
-> Request 9
818
(3, 3, 2)
1
(54, 6)
-> Request 10
944
(2, 2, 1)
3
(23, 14)
-> Request 11
1070
(1, 1, 2)
3
(0, 16)
-> Request 12
1200
(4, 3, 2)
1
(25, 78)
--> Day : 1
-> Request 0
53
(2, 1, 2)
1
(19, 45)
-> Request 1
107
(4, 3, 2)
1
(29, 65)
-> Request 2
372
(4, 2, 1)
3
(16, 31)
-> Request 3
590
(4, 2, 2)
1
(70, 33)
-> Request 4
756
(3, 3, 2)
2
(38, 18)
-> Request 5
921
(4, 2, 1)
1
(77, 21)
-> Request 6
1308
(2, 2, 1)
3
(60, 53)
-> Request 7
1364
(3, 1, 2)
1
(79, 7)
-> Request 8
1367
(1, 1, 1)
2
(71, 46)
--> Day : 2
-> Request 0
11
(3, 1, 2)
3
(19, 69)
-> Request 1
253
(4, 2, 1)
1
(7, 4)
-> Request 2
284
(3, 1, 2)
3
(24, 52)
-> Request 3
1034
(1, 2, 2)
2
(28, 35)
-> Request 4
1131
(1, 2, 1)
3
(46, 36)
-> Request 5
1411
(3, 3, 1)
3
(74, 24)
--> Day : 3
-> Request 0
134
(3, 3, 2)
3
(79, 36)
-> Request 1
593
(4, 2, 1)
1
(49, 67)
-> Request 2
672
(2, 1, 2)
3
(4, 9)
-> Request 3
829
(2, 3, 2)
3
(0, 72)
-> Request 4
854
(3, 3, 2)
3
(23, 68)
-> Request 5
900
(2, 3, 2)
3
(1, 15)
-> Request 6
973
(3, 1, 1)
3
(4, 10)
-> Request 7
1056
(1, 1, 1)
3
(15, 47)
-> Request 8
1160
(4, 2, 1)
3
(31, 14)
-> Request 9
1394
(4, 1, 2)
1
(5, 32)
-> Request 10
1404
(4, 1, 1)
1
(30, 26)
--> Day : 4
-> Request 0
15
(1, 3, 1)
2
(62, 45)
-> Request 1
108
(1, 2, 2)
1
(27, 75)
-> Request 2
174
(3, 2, 1)
2
(43, 62)
-> Request 3
260
(4, 3, 1)
3
(65, 6)
-> Request 4
444
(4, 3, 1)
1
(73, 37)
-> Request 5
700
(4, 1, 1)
1
(26, 57)
-> Request 6
747
(1, 2, 2)
2
(77, 76)
-> Request 7
1084
(2, 2, 2)
3
(50, 13)
-> Request 8
1200
(2, 2, 1)
1
(36, 48)
-> Request 9
1415
(3, 1, 2)
2
(46, 51)
---> Week : 9
--> Day : 0
-> Request 0
13
(2, 2, 1)
3
(9, 4)
-> Request 1
268
(3, 1, 1)
3
(37, 75)
-> Request 2
274
(3, 3, 2)
3
(41, 61)
-> Request 3
326
(3, 1, 2)
2
(33, 31)
-> Request 4
344
(1, 1, 1)
3
(59, 14)
-> Request 5
409
(3, 2, 2)
3
(75, 72)
-> Request 6
526
(1, 3, 1)
2
(37, 30)
-> Request 7
643
(1, 3, 2)
3
(23, 12)
-> Request 8
749
(1, 2, 1)
2
(17, 14)
-> Request 9
777
(4, 1, 1)
1
(53, 17)
-> Request 10
933
(4, 2, 2)
3
(23, 34)
-> Request 11
1132
(3, 1, 2)
3
(53, 61)
-> Request 12
1144
(1, 1, 1)
3
(66, 54)
--> Day : 1
-> Request 0
102
(4, 1, 1)
2
(40, 25)
-> Request 1
356
(3, 2, 2)
2
(41, 35)
-> Request 2
396
(3, 2, 2)
2
(35, 63)
-> Request 3
642
(3, 1, 2)
2
(6, 6)
-> Request 4
668
(4, 2, 1)
3
(49, 7)
-> Request 5
702
(3, 1, 1)
3
(63, 53)
-> Request 6
852
(2, 3, 1)
1
(15, 60)
-> Request 7
1047
(3, 2, 1)
2
(15, 51)
-> Request 8
1088
(2, 1, 1)
2
(29, 8)
-> Request 9
1380
(1, 1, 2)
3
(75, 25)
--> Day : 2
-> Request 0
10
(3, 1, 1)
2
(78, 54)
-> Request 1
180
(4, 3, 2)
2
(50, 55)
-> Request 2
308
(1, 3, 1)
1
(0, 50)
-> Request 3
361
(3, 3, 2)
2
(72, 76)
-> Request 4
417
(1, 1, 1)
2
(70, 38)
-> Request 5
426
(2, 3, 2)
3
(78, 46)
-> Request 6
515
(4, 3, 2)
1
(0, 48)
-> Request 7
561
(4, 2, 1)
1
(35, 58)
-> Request 8
704
(3, 1, 1)
3
(40, 69)
-> Request 9
906
(1, 2, 1)
3
(57, 9)
-> Request 10
1002
(2, 3, 1)
3
(8, 56)
-> Request 11
1025
(3, 3, 2)
1
(42, 46)
-> Request 12
1345
(2, 2, 1)
1
(36, 20)
-> Request 13
1416
(3, 3, 2)
3
(72, 46)
--> Day : 3
-> Request 0
422
(4, 2, 1)
2
(77, 78)
-> Request 1
634
(2, 2, 1)
3
(65, 73)
-> Request 2
752
(3, 2, 1)
2
(70, 19)
-> Request 3
818
(2, 1, 2)
3
(13, 3)
-> Request 4
918
(3, 1, 1)
2
(44, 30)
-> Request 5
927
(4, 1, 1)
2
(44, 13)
-> Request 6
1034
(4, 3, 2)
3
(30, 51)
--> Day : 4
-> Request 0
75
(3, 2, 1)
1
(63, 36)
-> Request 1
240
(3, 3, 1)
3
(5, 12)
-> Request 2
324
(3, 1, 1)
3
(33, 42)
-> Request 3
583
(2, 1, 1)
1
(39, 69)
-> Request 4
759
(4, 2, 1)
3
(22, 70)
-> Request 5
794
(2, 3, 2)
1
(63, 58)
-> Request 6
1086
(3, 2, 2)
2
(9, 19)
-> Request 7
1153
(4, 2, 1)
1
(6, 50)
-> Request 8
1182
(3, 1, 2)
3
(42, 38)
-> Request 9
1296
(1, 1, 1)
2
(47, 0)
---> Week : 10
--> Day : 0
-> Request 0
197
(4, 1, 1)
1
(32, 30)
-> Request 1
865
(3, 2, 1)
3
(57, 66)
-> Request 2
1094
(3, 2, 1)
1
(75, 25)
-> Request 3
1118
(4, 2, 1)
2
(18, 30)
-> Request 4
1201
(3, 3, 1)
2
(53, 17)
-> Request 5
1413
(3, 2, 1)
2
(2, 2)
-> Request 6
1418
(1, 2, 2)
3
(73, 30)
--> Day : 1
-> Request 0
347
(4, 1, 1)
1
(49, 78)
-> Request 1
375
(3, 2, 1)
2
(49, 42)
-> Request 2
419
(1, 2, 1)
2
(32, 7)
-> Request 3
472
(2, 3, 2)
2
(73, 24)
-> Request 4
748
(4, 2, 1)
1
(53, 60)
-> Request 5
989
(3, 1, 2)
2
(60, 8)
-> Request 6
989
(2, 3, 2)
3
(40, 43)
-> Request 7
1204
(4, 3, 1)
2
(16, 41)
-> Request 8
1290
(2, 3, 2)
1
(79, 74)
--> Day : 2
-> Request 0
482
(1, 2, 1)
1
(77, 31)
-> Request 1
843
(3, 2, 1)
2
(31, 74)
-> Request 2
1109
(4, 3, 1)
1
(32, 35)
-> Request 3
1132
(2, 1, 1)
3
(59, 43)
-> Request 4
1209
(3, 2, 1)
2
(10, 65)
-> Request 5
1276
(3, 1, 1)
3
(11, 7)
-> Request 6
1287
(1, 2, 2)
3
(47, 4)
--> Day : 3
-> Request 0
364
(4, 3, 1)
3
(60, 20)
-> Request 1
438
(4, 3, 2)
1
(47, 41)
-> Request 2
445
(4, 1, 1)
1
(10, 35)
-> Request 3
474
(3, 1, 1)
2
(25, 79)
-> Request 4
532
(2, 2, 2)
2
(66, 36)
-> Request 5
887
(3, 3, 1)
1
(22, 15)
-> Request 6
1280
(1, 3, 2)
1
(50, 59)
-> Request 7
1360
(3, 2, 1)
2
(36, 62)
--> Day : 4
-> Request 0
46
(3, 1, 1)
3
(44, 45)
-> Request 1
87
(1, 1, 1)
2
(41, 13)
-> Request 2
132
(4, 2, 2)
1
(43, 9)
-> Request 3
185
(2, 1, 1)
1
(3, 72)
-> Request 4
736
(2, 2, 1)
3
(43, 25)
-> Request 5
992
(4, 3, 2)
1
(17, 0)
-> Request 6
1045
(3, 3, 1)
2
(51, 62)
-> Request 7
1383
(4, 3, 2)
1
(63, 0)
---> Week : 11
--> Day : 0
-> Request 0
105
(1, 2, 2)
1
(1, 65)
-> Request 1
262
(4, 3, 1)
3
(58, 65)
-> Request 2
334
(4, 1, 2)
2
(74, 52)
-> Request 3
349
(2, 2, 2)
1
(45, 68)
-> Request 4
490
(4, 3, 2)
2
(57, 25)
-> Request 5
731
(2, 3, 1)
2
(47, 7)
-> Request 6
757
(2, 3, 2)
3
(78, 45)
-> Request 7
765
(4, 2, 1)
3
(48, 34)
-> Request 8
995
(2, 1, 1)
3
(70, 7)
-> Request 9
1215
(2, 1, 2)
2
(15, 3)
-> Request 10
1317
(3, 2, 2)
2
(65, 32)
-> Request 11
1387
(1, 3, 1)
3
(56, 37)
--> Day : 1
-> Request 0
173
(1, 1, 2)
1
(29, 2)
-> Request 1
189
(2, 2, 2)
2
(75, 77)
-> Request 2
249
(1, 1, 2)
1
(58, 47)
-> Request 3
250
(3, 2, 1)
3
(52, 63)
-> Request 4
459
(4, 2, 1)
1
(13, 53)
-> Request 5
613
(3, 3, 2)
2
(60, 56)
-> Request 6
799
(4, 1, 1)
1
(27, 64)
-> Request 7
816
(2, 3, 2)
3
(51, 8)
-> Request 8
952
(3, 3, 2)
1
(66, 65)
-> Request 9
1006
(1, 3, 2)
1
(23, 1)
-> Request 10
1061
(2, 3, 2)
2
(48, 33)
-> Request 11
1172
(4, 2, 1)
3
(44, 7)
-> Request 12
1236
(3, 2, 1)
2
(32, 66)
-> Request 13
1249
(4, 1, 1)
1
(59, 79)
--> Day : 2
-> Request 0
165
(1, 1, 2)
1
(56, 6)
-> Request 1
194
(3, 3, 1)
1
(38, 48)
-> Request 2
217
(2, 2, 1)
3
(28, 72)
-> Request 3
403
(2, 3, 1)
1
(74, 51)
-> Request 4
727
(3, 3, 1)
1
(78, 3)
-> Request 5
740
(4, 3, 1)
2
(13, 7)
-> Request 6
837
(1, 1, 1)
2
(23, 47)
-> Request 7
1057
(2, 1, 2)
3
(45, 22)
-> Request 8
1108
(4, 1, 2)
1
(74, 28)
--> Day : 3
-> Request 0
33
(1, 2, 2)
2
(50, 31)
-> Request 1
50
(3, 1, 2)
3
(48, 32)
-> Request 2
129
(3, 2, 2)
2
(13, 71)
-> Request 3
474
(4, 2, 2)
1
(30, 74)
-> Request 4
474
(1, 2, 1)
3
(26, 63)
-> Request 5
659
(2, 2, 1)
3
(76, 63)
-> Request 6
703
(3, 2, 1)
2
(62, 13)
-> Request 7
748
(2, 2, 2)
1
(40, 40)
-> Request 8
763
(4, 3, 1)
3
(47, 79)
-> Request 9
1119
(2, 2, 2)
3
(12, 11)
-> Request 10
1139
(1, 2, 1)
2
(56, 74)
-> Request 11
1249
(2, 1, 2)
2
(63, 17)
-> Request 12
1280
(1, 3, 2)
3
(31, 76)
--> Day : 4
-> Request 0
101
(3, 3, 2)
3
(22, 31)
-> Request 1
156
(2, 3, 1)
3
(21, 73)
-> Request 2
590
(4, 3, 1)
1
(65, 9)
-> Request 3
866
(2, 2, 2)
2
(14, 67)
-> Request 4
976
(2, 1, 1)
1
(52, 55)
-> Request 5
1185
(3, 1, 1)
3
(9, 52)
-> Request 6
1363
(2, 1, 2)
3
(62, 63)
---> Week : 12
--> Day : 0
-> Request 0
57
(1, 2, 2)
1
(20, 60)
-> Request 1
229
(1, 1, 1)
1
(77, 7)
-> Request 2
230
(1, 2, 1)
2
(23, 55)
-> Request 3
348
(1, 1, 2)
2
(78, 71)
-> Request 4
519
(3, 2, 1)
3
(71, 44)
-> Request 5
587
(4, 3, 1)
2
(58, 73)
-> Request 6
725
(3, 3, 1)
1
(69, 4)
-> Request 7
744
(2, 3, 1)
1
(36, 38)
-> Request 8
798
(1, 3, 2)
1
(35, 15)
-> Request 9
935
(2, 1, 2)
3
(35, 40)
-> Request 10
1407
(2, 1, 1)
1
(20, 51)
--> Day : 1
-> Request 0
34
(4, 3, 1)
1
(35, 13)
-> Request 1
85
(1, 1, 1)
2
(50, 69)
-> Request 2
127
(1, 3, 2)
2
(57, 32)
-> Request 3
128
(2, 3, 2)
3
(2, 76)
-> Request 4
144
(4, 3, 1)
2
(78, 15)
-> Request 5
589
(1, 3, 1)
3
(69, 76)
-> Request 6
972
(2, 2, 1)
1
(63, 44)
-> Request 7
1139
(2, 3, 2)
2
(45, 48)
-> Request 8
1332
(2, 3, 2)
2
(34, 9)
--> Day : 2
-> Request 0
231
(3, 2, 2)
2
(77, 19)
-> Request 1
341
(4, 1, 1)
2
(1, 22)
-> Request 2
546
(4, 2, 1)
1
(16, 57)
-> Request 3
661
(4, 3, 2)
2
(13, 50)
-> Request 4
686
(3, 2, 1)
3
(50, 59)
-> Request 5
764
(3, 3, 1)
2
(15, 60)
-> Request 6
831
(1, 1, 1)
1
(20, 77)
-> Request 7
1001
(2, 1, 2)
3
(30, 13)
-> Request 8
1055
(3, 2, 1)
3
(46, 73)
-> Request 9
1128
(1, 2, 2)
3
(35, 40)
-> Request 10
1310
(4, 3, 2)
1
(68, 37)
-> Request 11
1336
(1, 2, 2)
1
(32, 2)
-> Request 12
1372
(3, 3, 1)
1
(45, 38)
-> Request 13
1390
(3, 3, 1)
3
(1, 32)
--> Day : 3
-> Request 0
74
(3, 1, 1)
3
(40, 51)
-> Request 1
306
(1, 2, 2)
1
(21, 29)
-> Request 2
628
(3, 3, 2)
2
(12, 29)
-> Request 3
642
(3, 2, 1)
3
(17, 55)
-> Request 4
687
(2, 3, 1)
2
(22, 56)
-> Request 5
743
(3, 2, 2)
3
(50, 9)
-> Request 6
841
(4, 1, 2)
3
(50, 55)
-> Request 7
853
(4, 1, 1)
2
(34, 3)
-> Request 8
1002
(3, 3, 1)
2
(69, 28)
-> Request 9
1007
(3, 2, 1)
1
(26, 55)
-> Request 10
1298
(1, 3, 1)
3
(56, 35)
-> Request 11
1409
(3, 1, 2)
3
(27, 12)
--> Day : 4
-> Request 0
221
(4, 3, 2)
3
(41, 68)
-> Request 1
429
(3, 3, 1)
3
(63, 63)
-> Request 2
454
(3, 1, 2)
2
(75, 34)
-> Request 3
510
(2, 3, 1)
3
(71, 49)
-> Request 4
528
(1, 2, 2)
2
(35, 48)
-> Request 5
543
(1, 1, 2)
2
(66, 51)
-> Request 6
592
(4, 3, 1)
3
(66, 76)
-> Request 7
602
(1, 3, 2)
1
(70, 56)
-> Request 8
767
(3, 3, 1)
2
(21, 32)
-> Request 9
807
(2, 2, 1)
1
(61, 38)
-> Request 10
1121
(4, 2, 2)
2
(1, 58)
-> Request 11
1167
(1, 3, 2)
1
(65, 26)
-> Request 12
1251
(3, 1, 1)
1
(17, 38)
-> Request 13
1265
(4, 2, 2)
1
(22, 72)
-> Request 14
1304
(3, 2, 1)
2
(32, 58)
-> Request 15
1320
(3, 1, 2)
1
(77, 21)
-> Request 16
1402
(3, 3, 1)
1
(12, 4)
---> Week : 13
--> Day : 0
-> Request 0
72
(2, 1, 2)
3
(47, 75)
-> Request 1
81
(1, 3, 1)
2
(22, 62)
-> Request 2
318
(4, 2, 2)
3
(9, 51)
-> Request 3
466
(1, 3, 2)
3
(72, 1)
-> Request 4
690
(4, 3, 1)
3
(34, 13)
-> Request 5
772
(3, 3, 2)
3
(66, 0)
-> Request 6
1167
(4, 3, 2)
1
(32, 6)
-> Request 7
1245
(1, 1, 1)
2
(55, 30)
-> Request 8
1297
(3, 3, 2)
2
(63, 57)
--> Day : 1
-> Request 0
276
(4, 2, 1)
2
(47, 32)
-> Request 1
1157
(1, 1, 2)
1
(14, 44)
-> Request 2
1215
(2, 2, 1)
3
(18, 49)
--> Day : 2
-> Request 0
29
(2, 3, 1)
3
(37, 45)
-> Request 1
231
(4, 3, 1)
1
(48, 63)
-> Request 2
369
(3, 2, 2)
2
(65, 42)
-> Request 3
381
(4, 2, 1)
3
(28, 35)
-> Request 4
573
(4, 1, 1)
2
(75, 1)
-> Request 5
591
(4, 3, 1)
1
(65, 59)
-> Request 6
662
(4, 2, 2)
1
(67, 32)
-> Request 7
721
(2, 3, 1)
2
(42, 8)
-> Request 8
782
(3, 2, 1)
2
(41, 57)
-> Request 9
916
(1, 1, 2)
3
(22, 62)
-> Request 10
986
(1, 1, 1)
1
(34, 51)
-> Request 11
1150
(4, 2, 2)
3
(46, 23)
-> Request 12
1192
(2, 3, 2)
1
(45, 58)
-> Request 13
1348
(2, 1, 1)
3
(60, 76)
--> Day : 3
-> Request 0
12
(4, 1, 2)
3
(17, 51)
-> Request 1
209
(1, 1, 2)
1
(75, 2)
-> Request 2
223
(3, 1, 1)
1
(68, 36)
-> Request 3
498
(3, 3, 1)
3
(58, 76)
-> Request 4
692
(1, 2, 2)
3
(73, 36)
-> Request 5
889
(4, 1, 1)
3
(16, 2)
-> Request 6
1046
(3, 1, 1)
3
(38, 21)
-> Request 7
1078
(1, 3, 1)
2
(35, 39)
--> Day : 4
-> Request 0
713
(3, 2, 2)
2
(72, 6)
-> Request 1
819
(3, 3, 2)
1
(38, 38)
-> Request 2
867
(1, 1, 1)
1
(40, 73)
-> Request 3
932
(2, 1, 1)
1
(17, 3)
-> Request 4
948
(4, 2, 1)
3
(19, 74)
-> Request 5
1057
(3, 1, 1)
3
(63, 48)
---> Week : 14
--> Day : 0
-> Request 0
7
(1, 3, 2)
1
(4, 53)
-> Request 1
320
(1, 1, 2)
3
(53, 68)
-> Request 2
1042
(3, 1, 1)
1
(23, 23)
-> Request 3
1251
(3, 3, 2)
2
(1, 21)
-> Request 4
1264
(4, 1, 2)
2
(34, 64)
--> Day : 1
-> Request 0
133
(2, 3, 1)
1
(32, 57)
-> Request 1
380
(3, 3, 2)
3
(6, 10)
-> Request 2
701
(1, 1, 1)
2
(52, 5)
-> Request 3
859
(3, 2, 2)
2
(77, 75)
-> Request 4
1041
(4, 1, 2)
1
(48, 58)
--> Day : 2
-> Request 0
55
(3, 3, 2)
3
(9, 52)
-> Request 1
353
(1, 2, 2)
1
(40, 44)
-> Request 2
511
(1, 3, 2)
1
(9, 12)
-> Request 3
527
(1, 1, 2)
3
(24, 78)
-> Request 4
559
(3, 3, 1)
3
(45, 5)
-> Request 5
868
(1, 2, 2)
2
(30, 68)
-> Request 6
910
(3, 1, 1)
3
(52, 56)
-> Request 7
1128
(4, 1, 1)
1
(23, 34)
-> Request 8
1139
(1, 3, 1)
2
(23, 74)
-> Request 9
1347
(3, 2, 2)
2
(11, 57)
-> Request 10
1403
(4, 3, 2)
3
(0, 76)
-> Request 11
1409
(4, 1, 1)
2
(48, 54)
--> Day : 3
-> Request 0
67
(2, 2, 2)
3
(27, 44)
-> Request 1
337
(4, 1, 1)
3
(5, 28)
-> Request 2
522
(3, 3, 1)
1
(15, 13)
-> Request 3
707
(3, 1, 1)
1
(15, 59)
-> Request 4
859
(1, 3, 1)
3
(10, 47)
-> Request 5
921
(3, 3, 2)
2
(1, 25)
-> Request 6
985
(3, 3, 2)
1
(43, 10)
-> Request 7
1371
(1, 1, 2)
1
(0, 1)
--> Day : 4
-> Request 0
461
(2, 2, 2)
3
(26, 49)
-> Request 1
511
(4, 3, 1)
1
(9, 25)
-> Request 2
680
(3, 1, 2)
2
(77, 63)
-> Request 3
1022
(1, 1, 1)
2
(64, 28)
-> Request 4
1160
(4, 3, 1)
2
(5, 20)
-> Request 5
1306
(3, 2, 2)
1
(8, 33)
-> Request 6
1310
(3, 2, 2)
3
(4, 33)
---> Week : 15
--> Day : 0
-> Request 0
205
(1, 1, 1)
1
(52, 79)
-> Request 1
674
(4, 1, 1)
2
(79, 48)
-> Request 2
1061
(3, 3, 2)
1
(46, 66)
-> Request 3
1133
(1, 1, 1)
2
(56, 43)
-> Request 4
1176
(1, 3, 1)
1
(73, 76)
-> Request 5
1283
(3, 3, 1)
1
(27, 49)
-> Request 6
1321
(3, 2, 1)
2
(5, 23)
-> Request 7
1323
(2, 2, 1)
2
(15, 43)
-> Request 8
1381
(3, 1, 2)
3
(54, 60)
--> Day : 1
-> Request 0
153
(4, 2, 1)
2
(15, 0)
-> Request 1
587
(2, 3, 1)
3
(36, 13)
-> Request 2
751
(2, 1, 1)
3
(47, 1)
-> Request 3
753
(3, 3, 1)
2
(4, 56)
-> Request 4
1212
(3, 2, 1)
1
(37, 7)
-> Request 5
1257
(4, 1, 1)
2
(47, 1)
-> Request 6
1262
(1, 1, 1)
1
(68, 39)
-> Request 7
1433
(4, 1, 1)
2
(19, 2)
--> Day : 2
-> Request 0
86
(1, 1, 2)
3
(52, 61)
-> Request 1
291
(2, 1, 2)
1
(25, 27)
-> Request 2
394
(3, 3, 1)
1
(66, 5)
-> Request 3
627
(2, 1, 2)
3
(67, 44)
-> Request 4
712
(4, 3, 1)
3
(42, 43)
-> Request 5
825
(1, 2, 1)
3
(32, 28)
-> Request 6
869
(3, 3, 2)
3
(48, 68)
-> Request 7
1154
(4, 2, 1)
2
(49, 72)
-> Request 8
1438
(1, 1, 1)
1
(16, 27)
--> Day : 3
-> Request 0
345
(4, 1, 2)
1
(41, 68)
-> Request 1
352
(4, 1, 1)
3
(52, 10)
-> Request 2
432
(1, 1, 1)
3
(29, 60)
-> Request 3
502
(3, 1, 1)
2
(5, 12)
-> Request 4
559
(4, 3, 2)
2
(74, 55)
-> Request 5
866
(3, 1, 1)
2
(73, 71)
-> Request 6
1019
(2, 2, 2)
3
(41, 75)
-> Request 7
1299
(4, 2, 1)
1
(30, 58)
-> Request 8
1439
(2, 3, 1)
2
(67, 74)
--> Day : 4
-> Request 0
466
(1, 3, 1)
3
(77, 42)
-> Request 1
808
(4, 2, 2)
3
(31, 22)
-> Request 2
908
(1, 2, 1)
1
(23, 56)
-> Request 3
1017
(1, 3, 2)
1
(75, 61)
-> Request 4
1062
(2, 3, 2)
3
(56, 31)
-> Request 5
1292
(3, 1, 1)
3
(75, 13)
-> Request 6
1321
(2, 3, 2)
2
(18, 55)
---> Week : 16
--> Day : 0
-> Request 0
2
(2, 3, 1)
2
(29, 69)
-> Request 1
88
(1, 1, 2)
2
(35, 16)
-> Request 2
121
(4, 2, 1)
2
(76, 72)
-> Request 3
259
(1, 3, 2)
1
(42, 63)
-> Request 4
271
(2, 2, 2)
2
(3, 76)
-> Request 5
1022
(1, 2, 2)
1
(28, 6)
-> Request 6
1093
(1, 2, 1)
3
(75, 19)
-> Request 7
1179
(3, 3, 1)
2
(34, 12)
-> Request 8
1392
(1, 2, 2)
1
(65, 27)
--> Day : 1
-> Request 0
499
(4, 3, 2)
2
(14, 70)
-> Request 1
753
(4, 3, 1)
3
(20, 37)
-> Request 2
797
(2, 2, 1)
2
(28, 73)
-> Request 3
900
(4, 1, 2)
1
(63, 72)
-> Request 4
1367
(1, 2, 2)
3
(71, 39)
-> Request 5
1370
(4, 1, 1)
2
(72, 49)
--> Day : 2
-> Request 0
131
(3, 2, 2)
3
(76, 52)
-> Request 1
133
(1, 3, 2)
2
(10, 30)
-> Request 2
346
(4, 3, 2)
3
(66, 71)
-> Request 3
425
(4, 1, 2)
1
(63, 10)
-> Request 4
447
(1, 2, 1)
1
(70, 12)
-> Request 5
651
(1, 1, 1)
2
(37, 36)
-> Request 6
710
(3, 3, 1)
3
(18, 17)
-> Request 7
947
(1, 2, 2)
2
(55, 8)
--> Day : 3
-> Request 0
45
(4, 1, 2)
3
(48, 59)
-> Request 1
124
(2, 1, 2)
3
(1, 8)
-> Request 2
152
(2, 2, 1)
1
(13, 70)
-> Request 3
397
(1, 1, 2)
2
(0, 70)
-> Request 4
419
(2, 3, 2)
1
(78, 2)
-> Request 5
617
(4, 2, 1)
3
(9, 1)
-> Request 6
1074
(1, 2, 2)
2
(20, 17)
-> Request 7
1176
(2, 2, 1)
3
(5, 67)
-> Request 8
1189
(1, 3, 2)
2
(47, 17)
-> Request 9
1365
(4, 3, 1)
2
(76, 62)
--> Day : 4
-> Request 0
131
(1, 2, 2)
2
(16, 45)
-> Request 1
211
(2, 3, 2)
2
(62, 72)
-> Request 2
536
(4, 3, 1)
2
(28, 48)
-> Request 3
591
(2, 3, 2)
2
(0, 50)
-> Request 4
828
(3, 3, 2)
1
(61, 41)
-> Request 5
1018
(4, 2, 1)
3
(18, 44)
-> Request 6
1033
(4, 2, 1)
1
(46, 3)
-> Request 7
1048
(4, 3, 2)
3
(45, 72)
-> Request 8
1114
(4, 3, 2)
3
(20, 69)
-> Request 9
1250
(4, 1, 1)
2
(50, 33)
-> Request 10
1270
(2, 2, 2)
3
(60, 38)
-> Request 11
1286
(4, 2, 2)
1
(65, 11)
-> Request 12
1365
(3, 1, 1)
1
(38, 44)
---> Week : 17
--> Day : 0
-> Request 0
7
(4, 1, 2)
3
(57, 38)
-> Request 1
19
(1, 2, 1)
2
(63, 21)
-> Request 2
122
(4, 3, 1)
1
(13, 53)
-> Request 3
613
(1, 1, 2)
1
(69, 56)
-> Request 4
923
(1, 1, 2)
3
(53, 68)
-> Request 5
1150
(4, 1, 1)
1
(24, 38)
-> Request 6
1162
(3, 3, 1)
1
(9, 54)
-> Request 7
1198
(2, 2, 2)
1
(25, 32)
-> Request 8
1356
(1, 3, 1)
2
(23, 54)
-> Request 9
1427
(2, 3, 2)
3
(7, 75)
--> Day : 1
-> Request 0
14
(2, 1, 1)
1
(44, 30)
-> Request 1
45
(2, 2, 2)
1
(50, 76)
-> Request 2
796
(3, 1, 1)
3
(41, 0)
-> Request 3
975
(3, 1, 1)
1
(69, 7)
-> Request 4
1007
(4, 3, 1)
3
(0, 32)
-> Request 5
1059
(4, 3, 1)
2
(71, 56)
-> Request 6
1427
(1, 3, 2)
3
(63, 68)
--> Day : 2
-> Request 0
56
(3, 2, 1)
3
(9, 25)
-> Request 1
540
(3, 1, 2)
3
(32, 22)
-> Request 2
673
(2, 3, 1)
1
(6, 62)
-> Request 3
873
(2, 3, 1)
3
(52, 19)
-> Request 4
877
(4, 2, 2)
3
(70, 78)
-> Request 5
1169
(1, 2, 1)
2
(53, 33)
-> Request 6
1184
(2, 3, 1)
2
(77, 46)
-> Request 7
1370
(1, 1, 2)
2
(53, 59)
-> Request 8
1425
(4, 1, 2)
3
(73, 46)
--> Day : 3
-> Request 0
35
(1, 3, 1)
2
(1, 69)
-> Request 1
106
(4, 3, 2)
3
(23, 20)
-> Request 2
533
(3, 2, 1)
3
(31, 10)
-> Request 3
577
(1, 3, 2)
3
(13, 55)
-> Request 4
651
(1, 1, 1)
1
(79, 62)
-> Request 5
720
(1, 2, 2)
1
(38, 55)
-> Request 6
798
(4, 1, 1)
2
(2, 1)
-> Request 7
929
(2, 2, 1)
3
(47, 3)
-> Request 8
990
(1, 1, 1)
3
(35, 48)
-> Request 9
1356
(4, 3, 1)
3
(74, 32)
--> Day : 4
-> Request 0
77
(2, 1, 2)
2
(43, 79)
-> Request 1
206
(1, 1, 1)
3
(14, 37)
-> Request 2
283
(4, 2, 2)
2
(4, 49)
-> Request 3
304
(4, 1, 2)
3
(54, 3)
-> Request 4
456
(4, 2, 2)
2
(60, 26)
-> Request 5
655
(2, 2, 2)
3
(34, 69)
-> Request 6
862
(1, 1, 2)
2
(58, 46)
-> Request 7
953
(2, 2, 1)
3
(41, 54)
-> Request 8
1388
(3, 1, 2)
3
(53, 35)
---> Week : 18
--> Day : 0
-> Request 0
84
(4, 2, 1)
1
(67, 32)
-> Request 1
291
(3, 1, 1)
2
(68, 79)
-> Request 2
428
(3, 2, 1)
3
(39, 0)
-> Request 3
436
(1, 3, 2)
1
(16, 53)
-> Request 4
495
(3, 3, 2)
1
(9, 10)
-> Request 5
582
(4, 1, 2)
3
(38, 25)
-> Request 6
832
(2, 2, 1)
3
(45, 66)
-> Request 7
1278
(4, 1, 1)
1
(0, 66)
--> Day : 1
-> Request 0
68
(3, 3, 2)
3
(34, 71)
-> Request 1
99
(4, 1, 2)
3
(38, 11)
-> Request 2
1005
(4, 2, 2)
2
(21, 15)
-> Request 3
1103
(1, 3, 2)
1
(9, 55)
-> Request 4
1103
(2, 2, 1)
3
(65, 43)
-> Request 5
1285
(3, 2, 2)
3
(78, 25)
-> Request 6
1387
(1, 3, 2)
2
(17, 22)
-> Request 7
1413
(3, 2, 1)
3
(4, 59)
--> Day : 2
-> Request 0
148
(3, 3, 2)
2
(62, 37)
-> Request 1
179
(3, 2, 2)
3
(79, 50)
-> Request 2
267
(1, 3, 1)
2
(10, 5)
-> Request 3
475
(3, 1, 2)
3
(4, 34)
-> Request 4
483
(3, 3, 2)
3
(27, 35)
-> Request 5
489
(2, 1, 1)
2
(31, 41)
-> Request 6
694
(1, 2, 1)
1
(62, 72)
-> Request 7
1012
(4, 3, 2)
1
(22, 13)
-> Request 8
1386
(2, 1, 1)
1
(79, 18)
--> Day : 3
-> Request 0
325
(1, 3, 1)
1
(6, 2)
-> Request 1
411
(4, 1, 2)
1
(7, 10)
-> Request 2
556
(4, 3, 2)
2
(28, 72)
-> Request 3
563
(4, 3, 2)
1
(6, 32)
-> Request 4
579
(3, 3, 1)
2
(28, 24)
-> Request 5
698
(1, 2, 1)
3
(1, 74)
-> Request 6
787
(3, 3, 1)
1
(69, 49)
-> Request 7
978
(1, 3, 2)
2
(68, 18)
-> Request 8
1344
(4, 1, 2)
3
(40, 24)
-> Request 9
1419
(3, 2, 1)
2
(10, 36)
--> Day : 4
-> Request 0
110
(4, 3, 1)
1
(29, 38)
-> Request 1
381
(2, 1, 1)
3
(48, 68)
-> Request 2
527
(1, 3, 2)
1
(9, 38)
-> Request 3
795
(4, 3, 1)
3
(26, 1)
-> Request 4
953
(3, 3, 2)
2
(71, 23)
-> Request 5
1081
(2, 2, 1)
2
(68, 18)
-> Request 6
1352
(1, 1, 2)
3
(64, 37)
-> Request 7
1400
(3, 1, 2)
1
(22, 22)
---> Week : 19
--> Day : 0
-> Request 0
303
(4, 1, 1)
1
(33, 9)
-> Request 1
390
(3, 2, 1)
2
(8, 9)
-> Request 2
599
(2, 2, 1)
2
(43, 67)
-> Request 3
836
(1, 3, 2)
3
(55, 4)
-> Request 4
1175
(1, 3, 1)
1
(19, 57)
-> Request 5
1265
(1, 3, 2)
1
(12, 34)
-> Request 6
1338
(2, 2, 2)
2
(32, 14)
--> Day : 1
-> Request 0
117
(2, 3, 1)
2
(20, 70)
-> Request 1
328
(2, 1, 1)
2
(32, 18)
-> Request 2
590
(2, 1, 1)
3
(74, 38)
-> Request 3
637
(2, 3, 2)
3
(5, 71)
-> Request 4
679
(2, 2, 1)
3
(68, 32)
-> Request 5
959
(3, 1, 1)
1
(77, 70)
-> Request 6
1094
(3, 2, 2)
2
(14, 69)
-> Request 7
1182
(4, 2, 1)
2
(46, 22)
-> Request 8
1407
(1, 3, 1)
1
(35, 75)
--> Day : 2
-> Request 0
451
(2, 3, 2)
1
(56, 39)
-> Request 1
472
(1, 1, 1)
1
(44, 18)
-> Request 2
624
(4, 2, 1)
1
(48, 53)
-> Request 3
742
(3, 2, 2)
1
(1, 65)
-> Request 4
1215
(3, 2, 1)
3
(33, 74)
-> Request 5
1380
(1, 2, 1)
3
(50, 75)
-> Request 6
1408
(3, 3, 1)
3
(13, 20)
--> Day : 3
-> Request 0
89
(1, 3, 2)
1
(7, 39)
-> Request 1
120
(4, 1, 2)
3
(23, 57)
-> Request 2
316
(4, 2, 1)
2
(69, 4)
-> Request 3
451
(2, 2, 2)
2
(26, 64)
-> Request 4
689
(2, 1, 2)
2
(23, 5)
-> Request 5
740
(2, 3, 2)
1
(30, 12)
-> Request 6
740
(1, 3, 1)
1
(68, 49)
-> Request 7
983
(4, 2, 1)
2
(25, 18)
-> Request 8
1155
(1, 3, 1)
1
(51, 46)
-> Request 9
1164
(2, 3, 2)
3
(71, 75)
-> Request 10
1353
(2, 3, 1)
2
(62, 8)
-> Request 11
1435
(2, 1, 1)
1
(33, 0)
--> Day : 4
-> Request 0
510
(4, 3, 1)
1
(65, 46)
-> Request 1
813
(2, 2, 2)
2
(1, 64)
-> Request 2
1373
(2, 3, 2)
3
(56, 62)
-> Request 3
1392
(4, 3, 1)
3
(44, 14)
