---> Week : 0
--> Day : 0
-> Request 0
159
(2, 3, 1)
1
(54, 46)
-> Request 1
234
(2, 3, 2)
2
(47, 57)
-> Request 2
234
(1, 1, 1)
2
(29, 1)
-> Request 3
438
(3, 3, 1)
1
(34, 57)
-> Request 4
499
(3, 3, 2)
3
(50, 32)
-> Request 5
577
(2, 2, 2)
3
(7, 70)
-> Request 6
713
(4, 1, 2)
1
(31, 68)
-> Request 7
822
(4, 3, 2)
3
(8, 33)
-> Request 8
1295
(2, 2, 2)
2
(69, 9)
-> Request 9
1361
(3, 2, 1)
2
(7, 54)
--> Day : 1
-> Request 0
209
(2, 1, 2)
1
(4, 27)
-> Request 1
254
(4, 2, 2)
1
(9, 6)
-> Request 2
282
(4, 3, 1)
2
(0, 36)
-> Request 3
438
(4, 2, 2)
3
(30, 61)
-> Request 4
486
(2, 3, 2)
1
(71, 74)
-> Request 5
750
(1, 3, 2)
1
(0, 77)
-> Request 6
784
(3, 1, 1)
3
(17, 15)
-> Request 7
874
(2, 1, 2)
2
(29, 25)
-> Request 8
958
(1, 2, 1)
3
(14, 12)
-> Request 9
974
(3, 1, 2)
2
(41, 50)
-> Request 10
1057
(4, 2, 1)
1
(56, 5)
-> Request 11
1192
(3, 1, 2)
1
(39, 13)
-> Request 12
1274
(3, 1, 1)
1
(25, 16)
-> Request 13
1411
(2, 2, 2)
3
(40, 32)
--> Day : 2
-> Request 0
139
(1, 2, 2)
1
(17, 6)
-> Request 1
165
(1, 3, 2)
2
(48, 70)
-> Request 2
379
(2, 3, 2)
1
(47, 21)
-> Request 3
397
(1, 2, 1)
3
(45, 74)
-> Request 4
611
(2, 1, 2)
1
(77, 32)
-> Request 5
688
(2, 3, 1)
1
(67, 8)
-> Request 6
913
(3, 2, 2)
1
(21, 33)
-> Request 7
975
(3, 2, 1)
1
(21, 11)
-> Request 8
1037
(2, 1, 2)
1
(43, 5)
-> Request 9
1300
(4, 2, 1)
3
(77, 74)
-> Request 10
1385
(1, 1, 2)
2
(0, 42)
--> Day : 3
-> Request 0
188
(4, 3, 2)
3
(4, 23)
-> Request 1
355
(3, 3, 2)
3
(78, 53)
-> Request 2
439
(1, 3, 1)
2
(24, 18)
-> Request 3
520
(3, 3, 2)
3
(0, 37)
-> Request 4
541
(3, 1, 1)
2
(27, 51)
-> Request 5
650
(1, 1, 2)
1
(26, 78)
-> Request 6
665
(3, 3, 2)
1
(58, 55)
-> Request 7
1087
(4, 1, 1)
2
(2, 66)
-> Request 8
1227
(3, 2, 1)
2
(76, 28)
-> Request 9
1359
(2, 3, 2)
1
(64, 43)
-> Request 10
1436
(1, 3, 1)
1
(9, 18)
--> Day : 4
-> Request 0
24
(3, 2, 1)
3
(34, 38)
-> Request 1
337
(3, 2, 1)
3
(11, 0)
-> Request 2
608
(4, 1, 1)
1
(27, 5)
-> Request 3
712
(3, 3, 1)
1
(53, 58)
-> Request 4
730
(3, 3, 2)
1
(73, 37)
-> Request 5
1040
(4, 1, 2)
1
(16, 46)
-> Request 6
1108
(3, 2, 2)
1
(23, 63)
-> Request 7
1231
(1, 2, 1)
1
(47, 2)
-> Request 8
1274
(3, 1, 1)
1
(30, 29)
-> Request 9
1292
(4, 1, 2)
1
(69, 45)
-> Request 10
1302
(3, 3, 2)
3
(11, 7)
-> Request 11
1306
(4, 2, 2)
3
(24, 49)
-> Request 12
1323
(2, 3, 2)
1
(13, 26)
---> Week : 1
--> Day : 0
-> Request 0
12
(1, 3, 1)
2
(38, 29)
-> Request 1
18
(4, 2, 1)
2
(64, 32)
-> Request 2
44
(3, 2, 2)
2
(35, 10)
-> Request 3
106
(2, 2, 2)
2
(4, 45)
-> Request 4
131
(4, 1, 1)
1
(57, 71)
-> Request 5
150
(2, 2, 2)
1
(37, 3)
-> Request 6
486
(3, 3, 2)
1
(26, 50)
-> Request 7
650
(4, 1, 1)
3
(43, 56)
-> Request 8
727
(3, 2, 1)
1
(46, 9)
-> Request 9
744
(3, 3, 2)
1
(60, 10)
-> Request 10
759
(3, 3, 1)
2
(74, 10)
-> Request 11
904
(2, 2, 2)
3
(34, 34)
-> Request 12
1055
(1, 1, 2)
2
(33, 10)
-> Request 13
1075
(4, 2, 2)
2
(41, 40)
-> Request 14
1178
(4, 3, 2)
1
(65, 42)
-> Request 15
1189
(2, 1, 1)
2
(75, 23)
-> Request 16
1398
(4, 2, 2)
1
(2, 75)
-> Request 17
1417
(3, 2, 2)
3
(50, 57)
-> Request 18
1425
(1, 1, 2)
1
(66, 14)
--> Day : 1
-> Request 0
98
(4, 3, 1)
2
(44, 71)
-> Request 1
814
(4, 2, 2)
1
(27, 35)
-> Request 2
898
(2, 1, 1)
2
(10, 66)
-> Request 3
1070
(4, 1, 2)
1
(61, 64)
-> Request 4
1145
(4, 3, 2)
1
(23, 55)
-> Request 5
1282
(2, 1, 1)
1
(44, 72)
-> Request 6
1437
(1, 1, 1)
2
(49, 4)
--> Day : 2
-> Request 0
184
(2, 3, 2)
2
(39, 12)
-> Request 1
205
(2, 1, 1)
1
(65, 65)
-> Request 2
320
(1, 2, 2)
3
(52, 7)
-> Request 3
517
(4, 3, 1)
2
(1, 29)
-> Request 4
641
(3, 2, 2)
2
(78, 68)
-> Request 5
1152
(3, 3, 2)
3
(67, 1)
-> Request 6
1374
(3, 3, 2)
3
(7, 71)
--> Day : 3
-> Request 0
94
(3, 1, 2)
1
(8, 7)
-> Request 1
129
(1, 1, 2)
1
(22, 77)
-> Request 2
167
(1, 1, 1)
1
(65, 55)
-> Request 3
254
(3, 2, 1)
2
(58, 47)
-> Request 4
394
(1, 1, 2)
2
(79, 65)
-> Request 5
905
(1, 2, 1)
2
(12, 43)
-> Request 6
1001
(1, 2, 2)
2
(29, 78)
-> Request 7
1072
(3, 3, 1)
1
(28, 68)
--> Day : 4
-> Request 0
84
(2, 1, 2)
1
(15, 50)
-> Request 1
164
(4, 3, 2)
3
(24, 31)
-> Request 2
215
(3, 2, 1)
3
(1, 34)
-> Request 3
402
(3, 1, 1)
1
(25, 11)
-> Request 4
491
(4, 2, 2)
1
(71, 26)
-> Request 5
499
(4, 1, 1)
3
(51, 75)
-> Request 6
500
(4, 3, 2)
2
(4, 71)
-> Request 7
580
(2, 3, 2)
2
(22, 9)
-> Request 8
909
(1, 2, 2)
2
(74, 10)
-> Request 9
962
(4, 2, 1)
3
(3, 47)
-> Request 10
1142
(2, 1, 1)
3
(78, 8)
-> Request 11
1257
(2, 2, 1)
2
(25, 79)
-> Request 12
1390
(2, 2, 1)
2
(50, 79)
-> Request 13
1402
(1, 2, 2)
3
(32, 1)
---> Week : 2
--> Day : 0
-> Request 0
110
(3, 2, 2)
2
(77, 69)
-> Request 1
131
(1, 3, 2)
2
(65, 6)
-> Request 2
166
(1, 1, 1)
1
(43, 50)
-> Request 3
272
(4, 1, 1)
3
(53, 34)
-> Request 4
434
(2, 3, 2)
2
(7, 43)
-> Request 5
453
(3, 3, 1)
2
(7, 1)
-> Request 6
801
(3, 3, 1)
3
(29, 29)
-> Request 7
811
(1, 1, 2)
2
(52, 7)
-> Request 8
966
(1, 1, 1)
1
(61, 62)
-> Request 9
1236
(4, 3, 2)
3
(30, 0)
-> Request 10
1275
(3, 3, 1)
3
(37, 36)
-> Request 11
1372
(1, 2, 2)
2
(64, 40)
--> Day : 1
-> Request 0
53
(4, 3, 2)
3
(13, 71)
-> Request 1
439
(4, 2, 2)
3
(29, 75)
-> Request 2
519
(3, 2, 2)
1
(74, 57)
-> Request 3
575
(1, 3, 2)
3
(14, 61)
-> Request 4
960
(2, 2, 1)
3
(39, 35)
-> Request 5
967
(4, 3, 2)
3
(35, 45)
-> Request 6
1207
(1, 2, 1)
1
(46, 0)
-> Request 7
1251
(3, 1, 2)
3
(47, 11)
-> Request 8
1364
(4, 3, 2)
1
(50, 48)
-> Request 9
1369
(2, 2, 2)
3
(50, 54)
--> Day : 2
-> Request 0
330
(3, 2, 1)
3
(59, 63)
-> Request 1
379
(1, 1, 2)
2
(75, 55)
-> Request 2
423
(2, 3, 2)
3
(7, 64)
-> Request 3
433
(1, 2, 2)
1
(49, 39)
-> Request 4
658
(2, 1, 1)
2
(42, 50)
-> Request 5
740
(2, 1, 2)
1
(12, 54)
-> Request 6
778
(2, 2, 1)
2
(17, 46)
-> Request 7
812
(1, 1, 2)
1
(12, 74)
-> Request 8
1026
(3, 2, 2)
2
(58, 13)
-> Request 9
1106
(1, 2, 2)
3
(35, 73)
-> Request 10
1158
(4, 2, 2)
1
(64, 57)
--> Day : 3
-> Request 0
54
(1, 3, 1)
1
(70, 2)
-> Request 1
361
(2, 3, 2)
3
(14, 62)
-> Request 2
433
(4, 1, 2)
2
(53, 39)
-> Request 3
438
(4, 2, 1)
2
(15, 14)
-> Request 4
624
(1, 1, 1)
3
(25, 2)
-> Request 5
651
(1, 3, 2)
2
(16, 69)
-> Request 6
935
(2, 3, 1)
1
(19, 29)
-> Request 7
1102
(3, 2, 1)
3
(57, 2)
-> Request 8
1250
(4, 2, 2)
2
(19, 75)
-> Request 9
1301
(3, 1, 2)
1
(59, 32)
--> Day : 4
-> Request 0
60
(3, 3, 2)
3
(48, 31)
-> Request 1
93
(3, 3, 1)
2
(76, 11)
-> Request 2
250
(1, 3, 1)
3
(45, 39)
-> Request 3
307
(4, 2, 1)
1
(52, 42)
-> Request 4
587
(4, 2, 1)
1
(79, 58)
-> Request 5
979
(3, 1, 2)
2
(78, 25)
-> Request 6
1003
(3, 2, 1)
3
(34, 70)
-> Request 7
1392
(1, 3, 2)
2
(43, 1)
-> Request 8
1436
(3, 3, 1)
1
(41, 8)
---> Week : 3
--> Day : 0
-> Request 0
160
(3, 3, 1)
1
(17, 68)
-> Request 1
230
(2, 2, 1)
3
(33, 68)
-> Request 2
324
(2, 3, 2)
1
(42, 60)
-> Request 3
433
(1, 1, 2)
3
(31, 16)
-> Request 4
583
(3, 2, 2)
3
(34, 31)
-> Request 5
700
(4, 1, 2)
2
(45, 9)
-> Request 6
1022
(3, 1, 2)
1
(74, 56)
-> Request 7
1157
(1, 1, 1)
1
(68, 43)
-> Request 8
1200
(4, 3, 1)
3
(47, 46)
-> Request 9
1302
(2, 3, 2)
3
(27, 52)
-> Request 10
1427
(1, 3, 1)
2
(57, 41)
--> Day : 1
-> Request 0
373
(1, 1, 2)
2
(32, 33)
-> Request 1
427
(3, 3, 2)
2
(3, 63)
-> Request 2
465
(1, 3, 2)
2
(73, 59)
-> Request 3
595
(1, 2, 2)
2
(3, 33)
-> Request 4
657
(4, 2, 2)
3
(41, 30)
-> Request 5
903
(1, 2, 2)
3
(41, 31)
-> Request 6
981
(2, 3, 2)
3
(64, 75)
-> Request 7
1004
(3, 1, 2)
2
(55, 16)
-> Request 8
1006
(2, 2, 1)
3
(74, 14)
-> Request 9
1011
(3, 3, 1)
2
(46, 28)
-> Request 10
1040
(1, 3, 2)
3
(52, 58)
-> Request 11
1136
(2, 3, 2)
2
(63, 26)
-> Request 12
1321
(2, 1, 2)
1
(3, 67)
-> Request 13
1396
(4, 3, 1)
2
(33, 71)
--> Day : 2
-> Request 0
195
(2, 2, 1)
2
(2, 5)
-> Request 1
798
(4, 1, 1)
2
(75, 77)
-> Request 2
807
(1, 3, 2)
3
(48, 62)
-> Request 3
948
(1, 3, 2)
3
(65, 56)
-> Request 4
1057
(3, 1, 1)
2
(16, 71)
-> Request 5
1333
(3, 1, 2)
2
(5, 29)
-> Request 6
1426
(1, 1, 1)
2
(21, 59)
--> Day : 3
-> Request 0
92
(4, 1, 2)
1
(21, 57)
-> Request 1
183
(1, 2, 1)
3
(55, 57)
-> Request 2
185
(1, 1, 1)
3
(52, 4)
-> Request 3
370
(3, 1, 1)
3
(69, 2)
-> Request 4
554
(2, 1, 2)
3
(32, 69)
-> Request 5
811
(2, 3, 2)
3
(48, 48)
-> Request 6
829
(4, 3, 2)
1
(35, 28)
-> Request 7
922
(1, 1, 2)
3
(41, 59)
-> Request 8
958
(3, 1, 1)
2
(32, 78)
-> Request 9
997
(3, 1, 1)
1
(6, 78)
-> Request 10
1404
(3, 3, 1)
2
(62, 73)
--> Day : 4
-> Request 0
14
(3, 3, 1)
3
(7, 26)
-> Request 1
96
(3, 3, 1)
2
(66, 13)
-> Request 2
247
(3, 3, 1)
3
(62, 55)
-> Request 3
264
(3, 3, 1)
3
(26, 10)
-> Request 4
418
(1, 1, 2)
1
(41, 2)
-> Request 5
435
(4, 2, 1)
1
(7, 3)
-> Request 6
921
(3, 3, 1)
1
(64, 62)
-> Request 7
1170
(4, 1, 1)
3
(52, 76)
-> Request 8
1360
(3, 2, 1)
2
(39, 7)
-> Request 9
1376
(3, 3, 2)
2
(69, 49)
-> Request 10
1437
(2, 1, 1)
3
(76, 28)
---> Week : 4
--> Day : 0
-> Request 0
188
(3, 2, 1)
1
(27, 60)
-> Request 1
194
(4, 2, 1)
3
(19, 17)
-> Request 2
255
(3, 2, 1)
3
(42, 12)
-> Request 3
284
(1, 2, 1)
3
(13, 47)
-> Request 4
406
(1, 3, 2)
1
(28, 24)
-> Request 5
416
(4, 3, 1)
3
(30, 44)
-> Request 6
507
(3, 1, 2)
1
(43, 29)
-> Request 7
559
(2, 2, 1)
2
(60, 34)
-> Request 8
624
(2, 3, 2)
3
(50, 6)
-> Request 9
704
(2, 1, 2)
3
(65, 39)
-> Request 10
771
(1, 3, 2)
3
(59, 9)
-> Request 11
796
(3, 2, 1)
2
(71, 74)
-> Request 12
938
(2, 2, 1)
1
(58, 24)
-> Request 13
999
(4, 3, 1)
2
(5, 56)
-> Request 14
1004
(4, 3, 2)
3
(45, 44)
--> Day : 1
-> Request 0
264
(4, 1, 1)
2
(4, 41)
-> Request 1
380
(4, 2, 1)
1
(19, 4)
-> Request 2
466
(3, 3, 2)
3
(73, 50)
-> Request 3
508
(2, 3, 2)
1
(61, 55)
-> Request 4
845
(2, 1, 1)
3
(30, 65)
-> Request 5
849
(2, 3, 2)
1
(44, 42)
-> Request 6
892
(3, 2, 2)
3
(42, 28)
-> Request 7
985
(1, 1, 2)
3
(16, 65)
-> Request 8
1069
(3, 2, 1)
3
(67, 59)
--> Day : 2
-> Request 0
226
(1, 2, 1)
2
(64, 58)
-> Request 1
323
(1, 1, 2)
3
(73, 21)
-> Request 2
426
(3, 1, 1)
2
(29, 59)
-> Request 3
443
(3, 2, 1)
1
(66, 70)
-> Request 4
1067
(4, 3, 1)
2
(59, 60)
--> Day : 3
-> Request 0
194
(3, 1, 2)
1
(29, 42)
-> Request 1
278
(1, 1, 2)
1
(53, 5)
-> Request 2
473
(3, 3, 1)
3
(68, 42)
-> Request 3
566
(4, 3, 1)
2
(12, 40)
-> Request 4
657
(1, 3, 2)
2
(0, 47)
-> Request 5
831
(3, 3, 2)
3
(53, 73)
-> Request 6
912
(4, 2, 2)
3
(15, 23)
-> Request 7
930
(3, 3, 2)
1
(8, 59)
-> Request 8
1056
(3, 2, 1)
1
(61, 44)
-> Request 9
1088
(2, 2, 1)
1
(17, 56)
-> Request 10
1222
(2, 1, 1)
3
(44, 26)
-> Request 11
1261
(1, 1, 2)
1
(69, 6)
-> Request 12
1279
(3, 2, 1)
1
(0, 59)
-> Request 13
1279
(3, 1, 2)
2
(35, 78)
-> Request 14
1415
(4, 1, 2)
1
(71, 48)
--> Day : 4
-> Request 0
254
(4, 1, 2)
3
(40, 9)
-> Request 1
391
(1, 1, 1)
2
(65, 70)
-> Request 2
473
(4, 2, 1)
3
(27, 30)
-> Request 3
601
(3, 3, 1)
2
(13, 26)
-> Request 4
624
(2, 3, 1)
1
(63, 73)
-> Request 5
640
(4, 3, 1)
1
(76, 27)
-> Request 6
687
(2, 2, 2)
2
(50, 55)
-> Request 7
1106
(4, 1, 2)
1
(52, 10)
-> Request 8
1161
(3, 3, 1)
3
(12, 34)
-> Request 9
1212
(3, 2, 1)
1
(7, 49)
-> Request 10
1363
(1, 3, 1)
2
(34, 6)
-> Request 11
1429
(1, 2, 1)
2
(26, 3)
---> Week : 5
--> Day : 0
-> Request 0
48
(2, 3, 1)
2
(8, 58)
-> Request 1
543
(4, 2, 1)
2
(67, 9)
-> Request 2
694
(4, 3, 1)
1
(52, 24)
-> Request 3
873
(1, 3, 1)
1
(58, 1)
-> Request 4
1103
(2, 1, 1)
3
(8, 45)
-> Request 5
1266
(2, 2, 1)
1
(28, 20)
--> Day : 1
-> Request 0
86
(2, 2, 2)
3
(62, 0)
-> Request 1
104
(3, 3, 1)
2
(14, 53)
-> Request 2
217
(4, 3, 2)
1
(26, 42)
-> Request 3
410
(3, 2, 2)
3
(72, 67)
-> Request 4
577
(1, 1, 2)
3
(70, 67)
-> Request 5
664
(4, 2, 2)
1
(6, 11)
-> Request 6
854
(4, 3, 2)
1
(38, 14)
-> Request 7
950
(4, 1, 2)
3
(40, 1)
-> Request 8
1251
(2, 1, 2)
2
(39, 35)
-> Request 9
1273
(1, 2, 1)
2
(11, 33)
--> Day : 2
-> Request 0
151
(4, 1, 1)
3
(6, 16)
-> Request 1
328
(1, 2, 2)
3
(61, 57)
-> Request 2
541
(3, 3, 1)
3
(69, 71)
-> Request 3
549
(3, 1, 2)
2
(28, 69)
-> Request 4
624
(4, 2, 1)
3
(1, 12)
-> Request 5
715
(2, 1, 1)
2
(6, 6)
-> Request 6
870
(3, 2, 2)
2
(7, 35)
-> Request 7
1357
(4, 2, 1)
3
(58, 58)
--> Day : 3
-> Request 0
224
(2, 3, 1)
1
(3, 47)
-> Request 1
315
(1, 3, 1)
3
(77, 64)
-> Request 2
483
(4, 3, 1)
2
(67, 59)
-> Request 3
922
(1, 3, 2)
3
(53, 51)
-> Request 4
992
(4, 1, 2)
2
(76, 78)
-> Request 5
1264
(3, 2, 1)
1
(68, 29)
-> Request 6
1297
(2, 2, 2)
3
(55, 72)
-> Request 7
1420
(4, 2, 2)
2
(36, 33)
--> Day : 4
-> Request 0
128
(1, 3, 2)
2
(55, 13)
-> Request 1
533
(3, 1, 2)
3
(55, 8)
-> Request 2
618
(3, 2, 1)
1
(67, 11)
-> Request 3
705
(4, 2, 2)
3
(44, 77)
-> Request 4
899
(3, 1, 2)
3
(69, 30)
-> Request 5
925
(2, 3, 2)
2
(58, 76)
-> Request 6
954
(2, 1, 2)
2
(61, 19)
-> Request 7
1042
(4, 1, 2)
2
(34, 1)
-> Request 8
1125
(2, 2, 2)
1
(22, 57)
-> Request 9
1208
(3, 2, 1)
1
(64, 24)
-> Request 10
1335
(2, 2, 2)
1
(12, 35)
-> Request 11
1360
(2, 3, 2)
2
(36, 42)
---> Week : 6
--> Day : 0
-> Request 0
11
(1, 1, 1)
1
(26, 41)
-> Request 1
95
(4, 1, 1)
2
(36, 43)
-> Request 2
108
(2, 2, 1)
1
(79, 34)
-> Request 3
195
(2, 3, 1)
2
(2, 52)
-> Request 4
281
(2, 1, 2)
3
(28, 69)
-> Request 5
619
(3, 2, 2)
2
(63, 79)
-> Request 6
717
(2, 1, 2)
2
(33, 60)
-> Request 7
813
(1, 2, 1)
2
(31, 61)
-> Request 8
975
(2, 3, 2)
1
(58, 65)
-> Request 9
1014
(4, 3, 2)
1
(61, 69)
-> Request 10
1163
(3, 3, 2)
3
(40, 70)
-> Request 11
1417
(1, 2, 1)
3
(16, 31)
--> Day : 1
-> Request 0
169
(2, 2, 2)
3
(5, 28)
-> Request 1
439
(2, 3, 2)
3
(40, 77)
-> Request 2
589
(1, 1, 1)
3
(31, 46)
-> Request 3
612
(2, 3, 2)
2
(12, 56)
-> Request 4
633
(3, 1, 2)
1
(33, 23)
-> Request 5
927
(3, 2, 2)
3
(72, 8)
-> Request 6
1125
(4, 2, 1)
2
(70, 14)
--> Day : 2
-> Request 0
139
(4, 2, 1)
1
(61, 28)
-> Request 1
172
(2, 2, 1)
2
(19, 43)
-> Request 2
277
(2, 2, 1)
1
(0, 11)
-> Request 3
332
(3, 2, 1)
3
(45, 18)
-> Request 4
354
(2, 2, 1)
2
(60, 30)
-> Request 5
448
(4, 3, 1)
3
(48, 72)
-> Request 6
470
(2, 2, 1)
3
(12, 17)
-> Request 7
577
(4, 1, 1)
2
(14, 12)
-> Request 8
585
(1, 3, 2)
1
(77, 51)
-> Request 9
710
(2, 2, 1)
1
(37, 4)
-> Request 10
804
(1, 3, 1)
3
(77, 44)
-> Request 11
1201
(2, 3, 2)
1
(63, 54)
-> Request 12
1216
(4, 3, 2)
3
(15, 5)
--> Day : 3
-> Request 0
41
(1, 2, 1)
3
(17, 42)
-> Request 1
42
(1, 3, 2)
1
(34, 78)
-> Request 2
166
(3, 1, 1)
1
(37, 62)
-> Request 3
246
(2, 2, 1)
3
(16, 26)
-> Request 4
303
(4, 3, 2)
1
(1, 56)
-> Request 5
353
(2, 3, 1)
2
(26, 63)
-> Request 6
469
(1, 3, 1)
2
(10, 20)
-> Request 7
548
(1, 2, 2)
1
(14, 30)
-> Request 8
596
(3, 1, 2)
3
(36, 42)
-> Request 9
669
(2, 1, 1)
3
(38, 71)
-> Request 10
673
(2, 1, 2)
2
(65, 43)
-> Request 11
689
(2, 2, 1)
3
(22, 7)
-> Request 12
886
(1, 3, 2)
1
(42, 34)
-> Request 13
1360
(1, 1, 1)
2
(27, 40)
--> Day : 4
-> Request 0
58
(2, 2, 2)
3
(48, 38)
-> Request 1
237
(4, 3, 2)
2
(56, 65)
-> Request 2
354
(3, 2, 1)
1
(38, 32)
-> Request 3
507
(4, 2, 2)
2
(45, 10)
-> Request 4
605
(2, 3, 1)
1
(0, 79)
-> Request 5
967
(4, 2, 2)
3
(64, 64)
-> Request 6
970
(4, 3, 2)
2
(29, 75)
-> Request 7
1372
(2, 3, 2)
3
(6, 35)
---> Week : 7
--> Day : 0
-> Request 0
64
(2, 3, 1)
1
(38, 76)
-> Request 1
257
(1, 3, 2)
2
(56, 32)
-> Request 2
628
(2, 3, 1)
2
(17, 57)
-> Request 3
720
(3, 1, 2)
1
(49, 73)
-> Request 4
944
(4, 2, 1)
1
(58, 17)
-> Request 5
992
(4, 1, 2)
2
(8, 64)
-> Request 6
1165
(1, 2, 2)
3
(63, 41)
-> Request 7
1196
(3, 1, 2)
2
(55, 20)
-> Request 8
1356
(2, 3, 2)
2
(37, 3)
--> Day : 1
-> Request 0
339
(3, 1, 1)
1
(34, 56)
-> Request 1
514
(4, 2, 2)
1
(12, 17)
-> Request 2
520
(2, 2, 2)
2
(36, 14)
-> Request 3
557
(4, 1, 2)
3
(0, 27)
-> Request 4
671
(2, 1, 1)
2
(20, 73)
-> Request 5
677
(1, 1, 1)
2
(51, 72)
-> Request 6
683
(4, 1, 2)
2
(45, 76)
-> Request 7
720
(4, 2, 2)
2
(52, 59)
-> Request 8
1230
(1, 1, 2)
1
(77, 23)
-> Request 9
1269
(4, 1, 1)
1
(40, 36)
--> Day : 2
-> Request 0
85
(4, 2, 1)
2
(23, 51)
-> Request 1
147
(3, 2, 1)
3
(24, 24)
-> Request 2
260
(3, 3, 2)
2
(40, 63)
-> Request 3
521
(4, 3, 2)
3
(16, 79)
-> Request 4
636
(3, 3, 1)
3
(11, 64)
-> Request 5
861
(3, 3, 2)
3
(20, 62)
-> Request 6
1214
(3, 1, 2)
3
(54, 37)
-> Request 7
1304
(3, 3, 1)
3
(43, 29)
--> Day : 3
-> Request 0
381
(3, 3, 1)
2
(77, 19)
-> Request 1
491
(2, 1, 2)
3
(35, 32)
-> Request 2
753
(4, 3, 1)
1
(56, 46)
-> Request 3
816
(4, 3, 2)
3
(10, 3)
-> Request 4
990
(3, 3, 2)
1
(21, 8)
-> Request 5
1177
(1, 3, 2)
3
(42, 41)
-> Request 6
1191
(3, 2, 2)
3
(79, 17)
--> Day : 4
-> Request 0
260
(1, 3, 2)
1
(21, 42)
-> Request 1
293
(4, 1, 1)
1
(26, 9)
-> Request 2
391
(4, 2, 2)
1
(39, 70)
-> Request 3
475
(3, 3, 1)
2
(44, 77)
-> Request 4
595
(1, 2, 2)
3
(59, 6)
-> Request 5
619
(2, 2, 2)
3
(50, 17)
-> Request 6
634
(1, 3, 1)
3
(51, 43)
-> Request 7
1158
(2, 3, 2)
3
(14, 36)
-> Request 8
1227
(2, 1, 2)
2
(2, 3)
---> Week : 8
--> Day : 0
-> Request 0
52
(3, 2, 2)
2
(73, 41)
-> Request 1
192
(3, 1, 2)
3
(0, 21)
-> Request 2
338
(4, 1, 2)
2
(51, 5)
-> Request 3
373
(1, 1, 1)
3
(36, 76)
-> Request 4
447
(1, 1, 1)
2
(70, 71)
-> Request 5
673
(1, 2, 2)
1
(72, 8)
-> Request 6
846
(1, 1, 2)
1
(14, 61)
-> Request 7
924
(4, 1, 1)
3
(77, 47)
-> Request 8
1044
(2, 1, 2)
3
(60, 63)
-> Request 9
1066
(4, 1, 2)
1
(23, 74)
-> Request 10
1106
(4, 3, 2)
2
(54, 54)
-> Request 11
1233
(1, 3, 1)
2
(14, 43)
--> Day : 1
-> Request 0
168
(4, 2, 1)
1
(38, 15)
-> Request 1
302
(3, 2, 1)
1
(17, 55)
-> Request 2
930
(1, 3, 2)
2
(65, 63)
-> Request 3
958
(1, 3, 2)
3
(78, 3)
-> Request 4
1066
(4, 3, 1)
3
(71, 60)
-> Request 5
1365
(2, 1, 1)
3
(17, 37)
--> Day : 2
-> Request 0
193
(3, 1, 2)
2
(35, 75)
-> Request 1
548
(3, 3, 1)
3
(79, 67)
-> Request 2
708
(4, 1, 1)
1
(17, 79)
-> Request 3
718
(3, 3, 2)
1
(22, 4)
-> Request 4
829
(1, 1, 2)
2
(60, 27)
-> Request 5
834
(2, 1, 2)
2
(45, 7)
-> Request 6
956
(2, 1, 1)
3
(37, 25)
-> Request 7
1235
(3, 1, 1)
2
(33, 16)
-> Request 8
1306
(4, 2, 1)
1
(69, 5)
-> Request 9
1328
(3, 2, 2)
3
(78, 78)
--> Day : 3
-> Request 0
427
(4, 3, 2)
3
(61, 14)
-> Request 1
529
(1, 1, 2)
3
(44, 2)
-> Request 2
584
(3, 2, 2)
1
(70, 50)
-> Request 3
681
(3, 1, 2)
3
(15, 31)
-> Request 4
1016
(4, 2, 2)
3
(46, 45)
--> Day : 4
-> Request 0
31
(1, 3, 2)
2
(14, 53)
-> Request 1
223
(3, 3, 2)
2
(33, 46)
-> Request 2
940
(1, 1, 2)
1
(11, 49)
-> Request 3
1090
(4, 3, 1)
3
(39, 76)
-> Request 4
1178
(1, 1, 1)
2
(72, 51)
-> Request 5
1246
(1, 2, 2)
1
(61, 11)
-> Request 6
1323
(1, 2, 1)
3
(76, 57)
---> Week : 9
--> Day : 0
-> Request 0
70
(4, 2, 2)
2
(60, 53)
-> Request 1
222
(1, 1, 2)
3
(58, 50)
-> Request 2
307
(3, 2, 2)
3
(60, 69)
-> Request 3
439
(2, 2, 2)
3
(53, 18)
-> Request 4
684
(4, 2, 1)
2
(51, 71)
-> Request 5
694
(2, 3, 1)
2
(2, 5)
-> Request 6
759
(4, 2, 1)
2
(11, 73)
-> Request 7
1115
(1, 2, 2)
2
(49, 31)
-> Request 8
1138
(3, 2, 1)
3
(21, 28)
--> Day : 1
-> Request 0
107
(1, 1, 2)
2
(66, 11)
-> Request 1
650
(3, 2, 1)
2
(63, 25)
-> Request 2
741
(2, 1, 2)
1
(0, 54)
-> Request 3
743
(3, 3, 1)
3
(43, 12)
-> Request 4
770
(2, 2, 1)
1
(65, 77)
-> Request 5
1002
(4, 2, 1)
2
(16, 38)
-> Request 6
1003
(1, 3, 2)
1
(38, 43)
-> Request 7
1438
(4, 1, 2)
1
(0, 18)
--> Day : 2
-> Request 0
41
(4, 3, 1)
2
(73, 55)
-> Request 1
821
(2, 1, 2)
3
(2, 1)
-> Request 2
845
(4, 3, 2)
1
(30, 32)
-> Request 3
852
(1, 2, 2)
1
(70, 56)
-> Request 4
916
(3, 1, 2)
2
(5, 37)
-> Request 5
927
(2, 1, 2)
2
(43, 54)
-> Request 6
1073
(3, 1, 2)
3
(71, 8)
-> Request 7
1201
(1, 2, 1)
1
(38, 18)
-> Request 8
1404
(4, 1, 1)
2
(5, 64)
--> Day : 3
-> Request 0
112
(4, 2, 2)
1
(36, 38)
-> Request 1
269
(3, 3, 1)
3
(71, 35)
-> Request 2
274
(4, 3, 1)
1
(2, 50)
-> Request 3
329
(3, 2, 1)
3
(66, 12)
-> Request 4
354
(4, 3, 2)
3
(14, 39)
-> Request 5
392
(4, 1, 2)
1
(65, 13)
-> Request 6
830
(2, 2, 1)
1
(14, 75)
-> Request 7
849
(4, 1, 2)
2
(33, 65)
-> Request 8
849
(4, 1, 1)
2
(41, 46)
-> Request 9
1081
(3, 2, 1)
2
(15, 38)
-> Request 10
1101
(1, 1, 1)
1
(46, 30)
--> Day : 4
-> Request 0
6
(2, 3, 1)
2
(70, 12)
-> Request 1
12
(2, 2, 2)
1
(37, 12)
-> Request 2
45
(3, 2, 1)
3
(23, 16)
-> Request 3
132
(3, 2, 2)
1
(73, 22)
-> Request 4
211
(2, 3, 1)
2
(59, 2)
-> Request 5
234
(2, 1, 2)
2
(13, 47)
-> Request 6
242
(3, 2, 1)
2
(21, 23)
-> Request 7
500
(3, 1, 1)
2
(17, 44)
-> Request 8
1114
(3, 1, 1)
3
(47, 59)
-> Request 9
1130
(3, 2, 1)
2
(52, 55)
-> Request 10
1287
(4, 3, 2)
1
(53, 67)
-> Request 11
1315
(3, 3, 2)
2
(67, 70)
---> Week : 10
--> Day : 0
-> Request 0
186
(1, 1, 1)
2
(16, 41)
-> Request 1
356
(2, 1, 2)
1
(44, 77)
-> Request 2
359
(3, 1, 2)
2
(19, 39)
-> Request 3
880
(4, 2, 1)
3
(45, 39)
--> Day : 1
-> Request 0
62
(1, 2, 1)
3
(46, 12)
-> Request 1
104
(4, 3, 2)
3
(23, 7)
-> Request 2
268
(4, 1, 2)
1
(55, 62)
-> Request 3
912
(2, 2, 2)
2
(50, 30)
-> Request 4
1074
(4, 2, 1)
2
(10, 57)
-> Request 5
1117
(2, 2, 1)
1
(71, 52)
-> Request 6
1162
(1, 1, 1)
2
(6, 78)
-> Request 7
1282
(3, 1, 2)
1
(15, 14)
-> Request 8
1317
(2, 1, 1)
3
(22, 72)
-> Request 9
1362
(2, 2, 1)
2
(79, 46)
--> Day : 2
-> Request 0
162
(4, 3, 1)
2
(7, 6)
-> Request 1
278
(1, 1, 2)
2
(13, 28)
-> Request 2
401
(1, 3, 2)
2
(37, 17)
-> Request 3
520
(3, 2, 1)
1
(74, 69)
-> Request 4
894
(1, 3, 2)
2
(20, 72)
-> Request 5
898
(3, 1, 1)
2
(12, 40)
-> Request 6
1080
(1, 2, 1)
1
(12, 49)
-> Request 7
1090
(4, 3, 1)
1
(70, 57)
-> Request 8
1180
(1, 3, 2)
1
(64, 28)
-> Request 9
1220
(2, 1, 1)
2
(63, 11)
--> Day : 3
-> Request 0
138
(4, 3, 1)
3
(45, 16)
-> Request 1
214
(4, 3, 2)
2
(1, 28)
-> Request 2
792
(4, 1, 2)
2
(68, 11)
-> Request 3
1168
(2, 1, 2)
3
(43, 29)
-> Request 4
1269
(2, 3, 1)
1
(31, 58)
-> Request 5
1287
(1, 3, 1)
1
(38, 37)
-> Request 6
1312
(3, 2, 1)
3
(36, 26)
-> Request 7
1386
(4, 2, 1)
3
(48, 72)
--> Day : 4
-> Request 0
199
(1, 3, 1)
2
(58, 54)
-> Request 1
747
(2, 3, 1)
3
(61, 43)
-> Request 2
782
(2, 3, 2)
2
(64, 54)
-> Request 3
1011
(3, 2, 2)
3
(16, 72)
-> Request 4
1026
(1, 1, 1)
1
(22, 4)
-> Request 5
1070
(2, 2, 1)
1
(75, 50)
-> Request 6
1192
(2, 3, 1)
3
(3, 14)
-> Request 7
1223
(1, 3, 2)
3
(68, 57)
-> Request 8
1327
(1, 1, 2)
3
(74, 50)
-> Request 9
1432
(2, 2, 1)
2
(66, 20)
---> Week : 11
--> Day : 0
-> Request 0
146
(2, 1, 2)
2
(22, 43)
-> Request 1
495
(3, 2, 1)
3
(6, 44)
-> Request 2
562
(1, 1, 1)
2
(39, 22)
-> Request 3
859
(4, 2, 1)
2
(38, 26)
-> Request 4
1024
(1, 2, 1)
3
(33, 40)
-> Request 5
1073
(1, 2, 2)
1
(59, 52)
-> Request 6
1096
(1, 2, 2)
2
(37, 22)
-> Request 7
1123
(3, 1, 2)
2
(65, 32)
-> Request 8
1408
(4, 1, 1)
2
(13, 46)
--> Day : 1
-> Request 0
219
(4, 3, 1)
2
(23, 36)
-> Request 1
440
(3, 2, 1)
2
(46, 25)
-> Request 2
462
(3, 1, 1)
1
(0, 35)
-> Request 3
891
(1, 1, 1)
3
(16, 18)
-> Request 4
1221
(2, 3, 2)
2
(36, 77)
-> Request 5
1364
(2, 1, 2)
2
(13, 52)
--> Day : 2
-> Request 0
161
(3, 3, 2)
3
(40, 71)
-> Request 1
350
(2, 3, 2)
1
(2, 60)
-> Request 2
562
(2, 3, 1)
2
(3, 48)
-> Request 3
656
(4, 3, 1)
3
(65, 35)
-> Request 4
683
(1, 1, 2)
2
(50, 24)
-> Request 5
820
(1, 1, 2)
3
(19, 13)
-> Request 6
895
(3, 1, 1)
1
(31, 16)
-> Request 7
895
(3, 1, 2)
1
(49, 14)
-> Request 8
902
(3, 3, 2)
3
(3, 31)
--> Day : 3
-> Request 0
546
(1, 3, 2)
3
(69, 28)
-> Request 1
973
(3, 1, 2)
2
(33, 3)
-> Request 2
1276
(2, 1, 2)
2
(76, 3)
-> Request 3
1280
(1, 2, 1)
3
(46, 6)
-> Request 4
1327
(1, 1, 1)
1
(31, 56)
-> Request 5
1343
(2, 3, 1)
2
(34, 26)
--> Day : 4
-> Request 0
133
(2, 2, 1)
2
(14, 20)
-> Request 1
461
(1, 1, 1)
3
(3, 7)
-> Request 2
614
(2, 2, 2)
3
(5, 67)
-> Request 3
735
(4, 2, 2)
1
(7, 0)
-> Request 4
869
(2, 3, 1)
2
(53, 57)
-> Request 5
961
(3, 1, 1)
2
(23, 1)
-> Request 6
1103
(3, 2, 2)
1
(44, 39)
-> Request 7
1122
(2, 1, 2)
1
(50, 17)
-> Request 8
1224
(1, 3, 2)
2
(62, 37)
---> Week : 12
--> Day : 0
-> Request 0
163
(1, 2, 1)
1
(78, 30)
-> Request 1
343
(4, 3, 2)
2
(79, 74)
-> Request 2
508
(3, 1, 1)
2
(10, 18)
-> Request 3
556
(4, 1, 1)
1
(67, 73)
-> Request 4
755
(2, 1, 1)
3
(18, 19)
-> Request 5
961
(4, 2, 1)
1
(32, 16)
-> Request 6
1058
(1, 3, 1)
1
(26, 0)
-> Request 7
1276
(4, 3, 2)
1
(27, 17)
-> Request 8
1433
(1, 1, 1)
1
(61, 33)
--> Day : 1
-> Request 0
25
(3, 2, 2)
2
(67, 67)
-> Request 1
153
(2, 1, 2)
3
(43, 19)
-> Request 2
216
(1, 2, 1)
1
(38, 48)
-> Request 3
281
(1, 1, 1)
2
(28, 71)
-> Request 4
490
(3, 1, 1)
1
(76, 1)
-> Request 5
667
(4, 1, 2)
1
(60, 59)
-> Request 6
724
(3, 1, 1)
3
(65, 42)
-> Request 7
1019
(1, 3, 1)
2
(1, 56)
-> Request 8
1260
(1, 1, 2)
1
(73, 19)
-> Request 9
1404
(2, 2, 2)
1
(23, 12)
--> Day : 2
-> Request 0
38
(1, 2, 2)
1
(70, 59)
-> Request 1
65
(4, 1, 2)
3
(43, 50)
-> Request 2
167
(3, 3, 1)
2
(46, 26)
-> Request 3
290
(2, 3, 1)
1
(28, 28)
-> Request 4
418
(3, 1, 1)
3
(19, 78)
-> Request 5
595
(4, 3, 2)
3
(46, 71)
-> Request 6
836
(1, 2, 2)
1
(27, 18)
-> Request 7
1116
(1, 2, 1)
2
(39, 7)
-> Request 8
1363
(1, 2, 1)
3
(47, 0)
-> Request 9
1423
(1, 1, 1)
3
(71, 43)
--> Day : 3
-> Request 0
249
(1, 2, 1)
3
(76, 25)
-> Request 1
377
(3, 2, 2)
2
(27, 16)
-> Request 2
478
(3, 3, 1)
1
(55, 51)
-> Request 3
766
(4, 2, 2)
2
(39, 40)
-> Request 4
1170
(1, 1, 1)
1
(8, 38)
-> Request 5
1367
(2, 2, 2)
3
(5, 32)
-> Request 6
1412
(1, 3, 1)
1
(71, 35)
--> Day : 4
-> Request 0
219
(2, 3, 2)
1
(74, 21)
-> Request 1
314
(1, 1, 1)
1
(75, 26)
-> Request 2
559
(3, 3, 2)
2
(12, 11)
-> Request 3
700
(2, 2, 2)
3
(29, 62)
-> Request 4
829
(3, 2, 1)
3
(79, 3)
-> Request 5
1314
(4, 3, 2)
3
(26, 40)
---> Week : 13
--> Day : 0
-> Request 0
164
(2, 1, 2)
1
(0, 49)
-> Request 1
406
(2, 3, 1)
3
(27, 73)
-> Request 2
502
(3, 1, 2)
1
(32, 62)
-> Request 3
534
(1, 3, 1)
1
(20, 5)
-> Request 4
588
(4, 3, 2)
1
(79, 19)
-> Request 5
688
(4, 2, 2)
1
(78, 67)
-> Request 6
692
(3, 2, 2)
2
(71, 77)
-> Request 7
790
(2, 1, 2)
2
(4, 34)
-> Request 8
1125
(3, 1, 2)
2
(70, 14)
-> Request 9
1223
(2, 3, 1)
3
(69, 52)
-> Request 10
1232
(3, 3, 2)
2
(59, 30)
-> Request 11
1261
(4, 3, 1)
2
(21, 3)
-> Request 12
1341
(4, 2, 1)
2
(43, 35)
--> Day : 1
-> Request 0
74
(3, 1, 1)
1
(27, 37)
-> Request 1
288
(3, 3, 2)
1
(53, 30)
-> Request 2
305
(3, 3, 2)
3
(13, 10)
-> Request 3
378
(3, 3, 2)
2
(31, 42)
-> Request 4
717
(2, 3, 1)
1
(24, 28)
-> Request 5
772
(1, 2, 1)
3
(35, 1)
-> Request 6
1047
(1, 2, 1)
2
(15, 76)
-> Request 7
1216
(1, 3, 2)
1
(37, 13)
-> Request 8
1244
(4, 3, 2)
2
(67, 40)
-> Request 9
1306
(2, 1, 2)
1
(61, 52)
-> Request 10
1375
(4, 1, 2)
1
(27, 10)
--> Day : 2
-> Request 0
69
(2, 1, 2)
3
(36, 10)
-> Request 1
190
(1, 3, 1)
3
(9, 14)
-> Request 2
298
(3, 3, 1)
1
(12, 40)
-> Request 3
320
(1, 2, 2)
3
(71, 74)
-> Request 4
330
(1, 2, 1)
3
(11, 1)
-> Request 5
337
(2, 3, 2)
2
(37, 7)
-> Request 6
467
(4, 1, 1)
3
(31, 24)
-> Request 7
979
(3, 2, 1)
2
(29, 70)
-> Request 8
1083
(2, 2, 1)
1
(59, 10)
-> Request 9
1159
(1, 2, 2)
3
(69, 7)
-> Request 10
1362
(2, 2, 2)
2
(29, 17)
--> Day : 3
-> Request 0
917
(1, 1, 1)
2
(25, 78)
-> Request 1
1019
(3, 2, 2)
2
(8, 54)
-> Request 2
1215
(1, 3, 2)
3
(50, 70)
-> Request 3
1261
(4, 2, 1)
3
(6, 63)
--> Day : 4
-> Request 0
253
(2, 3, 2)
3
(22, 61)
-> Request 1
360
(3, 1, 2)
2
(78, 60)
-> Request 2
389
(1, 1, 2)
2
(24, 49)
-> Request 3
613
(4, 2, 1)
2
(75, 12)
-> Request 4
827
(4, 2, 1)
3
(2, 55)
-> Request 5
1040
(4, 2, 2)
1
(10, 64)
-> Request 6
1202
(3, 3, 1)
3
(37, 17)
-> Request 7
1237
(2, 3, 1)
1
(31, 30)
---> Week : 14
--> Day : 0
-> Request 0
184
(4, 3, 1)
3
(26, 51)
-> Request 1
331
(1, 3, 1)
2
(54, 59)
-> Request 2
588
(4, 2, 2)
1
(8, 2)
-> Request 3
704
(4, 3, 1)
3
(27, 35)
-> Request 4
884
(2, 3, 2)
2
(59, 33)
-> Request 5
903
(3, 2, 2)
2
(46, 44)
-> Request 6
1075
(4, 2, 1)
1
(4, 78)
-> Request 7
1135
(3, 1, 1)
3
(72, 35)
--> Day : 1
-> Request 0
74
(3, 2, 1)
1
(43, 44)
-> Request 1
74
(2, 1, 2)
3
(3, 64)
-> Request 2
380
(3, 1, 2)
2
(18, 7)
-> Request 3
384
(1, 1, 1)
1
(21, 62)
-> Request 4
682
(2, 2, 1)
2
(67, 31)
-> Request 5
756
(4, 2, 1)
3
(45, 42)
-> Request 6
853
(2, 3, 1)
3
(26, 7)
--> Day : 2
-> Request 0
13
(3, 3, 1)
3
(29, 46)
-> Request 1
489
(2, 2, 2)
2
(47, 38)
-> Request 2
543
(1, 3, 2)
3
(53, 19)
-> Request 3
574
(2, 2, 2)
1
(56, 62)
-> Request 4
576
(2, 3, 1)
3
(40, 2)
-> Request 5
752
(2, 2, 1)
1
(19, 11)
-> Request 6
763
(3, 1, 2)
3
(24, 32)
-> Request 7
1178
(1, 1, 1)
2
(26, 5)
-> Request 8
1189
(1, 1, 2)
3
(39, 54)
--> Day : 3
-> Request 0
29
(3, 2, 1)
2
(45, 48)
-> Request 1
52
(3, 3, 2)
2
(3, 24)
-> Request 2
70
(1, 3, 2)
3
(7, 70)
-> Request 3
276
(4, 1, 1)
3
(39, 38)
-> Request 4
426
(4, 2, 1)
2
(70, 42)
-> Request 5
523
(3, 2, 2)
2
(41, 21)
-> Request 6
763
(2, 1, 2)
1
(74, 49)
-> Request 7
835
(3, 1, 1)
3
(41, 33)
-> Request 8
856
(1, 3, 2)
3
(42, 52)
-> Request 9
1318
(4, 3, 2)
1
(74, 71)
-> Request 10
1369
(2, 2, 2)
3
(40, 28)
-> Request 11
1380
(1, 1, 1)
3
(18, 17)
-> Request 12
1382
(2, 3, 1)
3
(65, 1)
-> Request 13
1392
(4, 3, 1)
2
(12, 3)
--> Day : 4
-> Request 0
125
(1, 1, 1)
3
(71, 13)
-> Request 1
205
(4, 2, 2)
3
(67, 38)
-> Request 2
623
(3, 3, 1)
3
(50, 7)
-> Request 3
637
(2, 2, 2)
3
(47, 72)
-> Request 4
717
(3, 3, 1)
1
(22, 49)
-> Request 5
754
(3, 2, 1)
2
(4, 10)
-> Request 6
848
(4, 3, 2)
3
(51, 4)
-> Request 7
1038
(4, 3, 2)
2
(43, 46)
-> Request 8
1213
(3, 1, 2)
1
(46, 29)
-> Request 9
1320
(3, 2, 1)
1
(72, 69)
-> Request 10
1417
(2, 3, 1)
3
(71, 43)
---> Week : 15
--> Day : 0
-> Request 0
70
(1, 3, 2)
2
(62, 32)
-> Request 1
309
(1, 2, 1)
3
(39, 38)
-> Request 2
504
(2, 3, 1)
1
(70, 48)
-> Request 3
545
(3, 1, 2)
2
(78, 23)
-> Request 4
759
(4, 3, 2)
2
(45, 51)
-> Request 5
800
(1, 1, 1)
3
(11, 63)
-> Request 6
872
(3, 1, 1)
3
(40, 5)
-> Request 7
912
(4, 3, 2)
3
(53, 77)
-> Request 8
953
(4, 3, 2)
2
(0, 11)
-> Request 9
974
(3, 3, 1)
3
(75, 16)
-> Request 10
1009
(2, 2, 2)
1
(56, 71)
-> Request 11
1071
(4, 3, 1)
3
(8, 10)
-> Request 12
1110
(4, 1, 1)
2
(3, 6)
-> Request 13
1185
(2, 3, 1)
1
(14, 25)
-> Request 14
1348
(1, 3, 1)
3
(62, 8)
-> Request 15
1359
(2, 3, 2)
3
(30, 44)
-> Request 16
1396
(3, 1, 1)
2
(16, 59)
--> Day : 1
-> Request 0
12
(2, 2, 1)
1
(7, 55)
-> Request 1
113
(3, 1, 1)
1
(0, 63)
-> Request 2
113
(3, 1, 1)
2
(49, 51)
-> Request 3
345
(3, 2, 2)
1
(8, 49)
-> Request 4
496
(2, 2, 2)
3
(24, 0)
-> Request 5
497
(1, 2, 2)
1
(40, 47)
-> Request 6
542
(3, 2, 2)
3
(65, 68)
-> Request 7
720
(1, 3, 1)
3
(0, 40)
-> Request 8
732
(2, 1, 2)
2
(57, 29)
-> Request 9
738
(1, 1, 1)
1
(24, 71)
-> Request 10
1022
(2, 2, 1)
1
(7, 36)
-> Request 11
1231
(2, 3, 2)
3
(67, 28)
--> Day : 2
-> Request 0
417
(4, 2, 1)
2
(26, 13)
-> Request 1
491
(1, 1, 2)
2
(69, 54)
-> Request 2
537
(4, 1, 1)
3
(62, 33)
-> Request 3
639
(4, 1, 1)
3
(49, 49)
-> Request 4
785
(2, 3, 2)
3
(60, 53)
-> Request 5
952
(2, 3, 1)
3
(3, 24)
-> Request 6
1169
(3, 1, 2)
2
(68, 79)
-> Request 7
1213
(1, 1, 2)
1
(15, 7)
--> Day : 3
-> Request 0
250
(1, 1, 1)
1
(35, 11)
-> Request 1
678
(4, 1, 1)
2
(14, 0)
-> Request 2
893
(3, 1, 1)
1
(41, 74)
-> Request 3
959
(4, 1, 1)
3
(24, 12)
-> Request 4
1001
(2, 1, 2)
1
(13, 44)
-> Request 5
1057
(1, 3, 1)
3
(18, 57)
-> Request 6
1065
(3, 2, 2)
2
(11, 78)
-> Request 7
1206
(4, 3, 2)
2
(53, 20)
-> Request 8
1280
(2, 2, 2)
3
(2, 67)
-> Request 9
1351
(4, 1, 2)
2
(30, 69)
--> Day : 4
-> Request 0
89
(4, 2, 2)
1
(34, 7)
-> Request 1
400
(3, 1, 2)
3
(75, 7)
-> Request 2
735
(1, 3, 2)
2
(1, 21)
-> Request 3
905
(3, 2, 2)
2
(25, 34)
-> Request 4
1119
(4, 3, 1)
3
(4, 78)
-> Request 5
1142
(1, 1, 2)
2
(43, 70)
-> Request 6
1165
(1, 1, 1)
3
(64, 15)
-> Request 7
1265
(4, 1, 1)
2
(66, 60)
---> Week : 16
--> Day : 0
-> Request 0
73
(4, 2, 2)
1
(68, 72)
-> Request 1
226
(1, 3, 1)
1
(27, 14)
-> Request 2
235
(3, 3, 1)
1
(49, 67)
-> Request 3
289
(2, 3, 2)
1
(40, 7)
-> Request 4
476
(2, 2, 1)
3
(54, 67)
-> Request 5
1039
(3, 1, 1)
2
(18, 4)
-> Request 6
1241
(4, 1, 2)
1
(29, 64)
--> Day : 1
-> Request 0
66
(4, 1, 2)
2
(4, 29)
-> Request 1
233
(1, 2, 2)
3
(24, 0)
-> Request 2
249
(1, 3, 2)
2
(18, 15)
-> Request 3
346
(3, 3, 1)
1
(36, 27)
-> Request 4
651
(2, 2, 1)
3
(41, 43)
-> Request 5
689
(1, 3, 2)
3
(71, 17)
-> Request 6
814
(3, 1, 2)
2
(73, 67)
-> Request 7
1244
(4, 3, 1)
3
(28, 46)
--> Day : 2
-> Request 0
78
(2, 3, 1)
1
(63, 57)
-> Request 1
118
(2, 3, 1)
1
(56, 17)
-> Request 2
119
(4, 2, 1)
2
(68, 5)
-> Request 3
178
(4, 1, 1)
3
(24, 49)
-> Request 4
268
(4, 2, 2)
3
(47, 43)
-> Request 5
338
(2, 3, 2)
1
(20, 24)
-> Request 6
573
(4, 3, 1)
2
(9, 54)
-> Request 7
573
(1, 1, 1)
3
(50, 30)
-> Request 8
695
(3, 1, 2)
2
(69, 28)
-> Request 9
743
(2, 2, 1)
1
(66, 20)
-> Request 10
1262
(1, 3, 1)
2
(6, 66)
--> Day : 3
-> Request 0
53
(3, 1, 2)
2
(74, 18)
-> Request 1
67
(2, 1, 2)
2
(21, 1)
-> Request 2
164
(2, 3, 2)
3
(21, 77)
-> Request 3
174
(3, 2, 2)
2
(4, 62)
-> Request 4
266
(4, 3, 2)
3
(26, 64)
-> Request 5
359
(3, 3, 1)
1
(73, 60)
-> Request 6
370
(4, 1, 1)
1
(49, 64)
-> Request 7
566
(1, 1, 2)
2
(20, 12)
-> Request 8
730
(1, 2, 1)
2
(71, 61)
-> Request 9
1029
(4, 3, 1)
3
(49, 11)
-> Request 10
1089
(1, 2, 2)
3
(29, 75)
-> Request 11
1132
(1, 2, 1)
2
(25, 18)
-> Request 12
1290
(2, 3, 1)
3
(26, 23)
-> Request 13
1304
(1, 2, 1)
3
(31, 40)
--> Day : 4
-> Request 0
71
(4, 1, 2)
3
(74, 36)
-> Request 1
546
(3, 3, 1)
2
(77, 72)
-> Request 2
583
(4, 2, 2)
3
(28, 54)
-> Request 3
714
(1, 3, 2)
1
(4, 10)
-> Request 4
1014
(4, 2, 2)
1
(75, 47)
-> Request 5
1195
(4, 1, 1)
1
(64, 75)
-> Request 6
1297
(4, 1, 1)
2
(66, 49)
---> Week : 17
--> Day : 0
-> Request 0
132
(1, 1, 2)
2
(10, 18)
-> Request 1
140
(2, 2, 2)
2
(25, 9)
-> Request 2
169
(2, 1, 1)
1
(7, 61)
-> Request 3
291
(3, 2, 1)
2
(4, 61)
-> Request 4
294
(4, 1, 1)
2
(61, 10)
-> Request 5
428
(4, 1, 2)
3
(44, 30)
-> Request 6
485
(4, 2, 2)
2
(57, 45)
-> Request 7
674
(1, 3, 1)
1
(35, 69)
-> Request 8
696
(2, 1, 1)
2
(50, 12)
-> Request 9
1131
(4, 1, 1)
1
(0, 68)
-> Request 10
1344
(2, 2, 2)
3
(57, 12)
-> Request 11
1422
(4, 2, 2)
3
(18, 74)
--> Day : 1
-> Request 0
329
(1, 2, 2)
1
(54, 12)
-> Request 1
371
(2, 3, 2)
1
(53, 51)
-> Request 2
504
(1, 3, 2)
2
(41, 52)
-> Request 3
605
(2, 2, 2)
3
(15, 47)
-> Request 4
884
(4, 2, 2)
1
(56, 76)
-> Request 5
953
(1, 3, 1)
2
(18, 22)
-> Request 6
986
(4, 3, 2)
1
(54, 48)
--> Day : 2
-> Request 0
499
(3, 1, 2)
3
(73, 48)
-> Request 1
567
(4, 1, 1)
2
(11, 67)
-> Request 2
586
(3, 3, 1)
1
(48, 58)
-> Request 3
1039
(2, 3, 2)
3
(11, 4)
-> Request 4
1351
(2, 3, 2)
2
(7, 43)
--> Day : 3
-> Request 0
62
(2, 2, 2)
1
(73, 61)
-> Request 1
175
(2, 1, 2)
3
(33, 7)
-> Request 2
219
(4, 1, 1)
2
(7, 55)
-> Request 3
664
(1, 1, 1)
3
(5, 28)
-> Request 4
963
(2, 2, 2)
3
(72, 61)
-> Request 5
1150
(3, 3, 2)
2
(72, 23)
-> Request 6
1363
(1, 3, 1)
2
(55, 12)
--> Day : 4
-> Request 0
38
(3, 2, 2)
1
(42, 13)
-> Request 1
98
(2, 2, 1)
1
(55, 40)
-> Request 2
500
(1, 2, 1)
2
(15, 14)
-> Request 3
563
(1, 2, 1)
1
(20, 14)
-> Request 4
860
(2, 1, 1)
2
(46, 16)
-> Request 5
1269
(2, 1, 2)
1
(59, 17)
---> Week : 18
--> Day : 0
-> Request 0
98
(4, 1, 2)
1
(74, 41)
-> Request 1
465
(4, 1, 2)
3
(33, 79)
-> Request 2
975
(3, 1, 2)
3
(76, 50)
-> Request 3
1066
(2, 2, 2)
3
(53, 76)
-> Request 4
1215
(3, 2, 2)
1
(27, 38)
-> Request 5
1325
(3, 3, 1)
2
(48, 42)
--> Day : 1
-> Request 0
196
(4, 3, 2)
3
(78, 79)
-> Request 1
426
(3, 2, 1)
3
(40, 52)
-> Request 2
657
(3, 2, 1)
1
(77, 43)
-> Request 3
687
(4, 1, 1)
1
(73, 24)
-> Request 4
880
(2, 2, 1)
3
(64, 71)
-> Request 5
1140
(2, 1, 1)
2
(35, 38)
--> Day : 2
-> Request 0
23
(4, 3, 2)
2
(2, 39)
-> Request 1
198
(3, 3, 1)
1
(39, 18)
-> Request 2
711
(3, 1, 1)
1
(24, 70)
-> Request 3
757
(2, 1, 1)
2
(68, 63)
-> Request 4
882
(2, 1, 2)
1
(44, 30)
-> Request 5
979
(3, 1, 1)
1
(59, 31)
-> Request 6
1119
(4, 1, 1)
1
(32, 27)
-> Request 7
1392
(3, 2, 1)
3
(43, 23)
--> Day : 3
-> Request 0
42
(2, 1, 1)
1
(63, 27)
-> Request 1
57
(1, 3, 2)
3
(45, 53)
-> Request 2
77
(3, 3, 2)
2
(70, 6)
-> Request 3
241
(3, 1, 2)
1
(68, 48)
-> Request 4
269
(4, 3, 2)
2
(64, 16)
-> Request 5
774
(2, 3, 1)
2
(27, 76)
-> Request 6
891
(3, 3, 2)
3
(65, 55)
-> Request 7
930
(2, 2, 2)
3
(3, 71)
-> Request 8
1027
(1, 2, 1)
3
(76, 40)
-> Request 9
1035
(1, 1, 2)
2
(11, 22)
-> Request 10
1035
(2, 1, 1)
1
(39, 64)
-> Request 11
1085
(2, 3, 2)
1
(30, 61)
-> Request 12
1407
(4, 3, 1)
3
(56, 15)
--> Day : 4
-> Request 0
111
(2, 2, 2)
1
(8, 61)
-> Request 1
328
(3, 3, 2)
2
(3, 49)
-> Request 2
553
(4, 2, 2)
2
(60, 36)
-> Request 3
605
(3, 1, 1)
3
(19, 59)
-> Request 4
717
(4, 2, 2)
1
(79, 32)
-> Request 5
726
(2, 2, 1)
1
(71, 56)
-> Request 6
1225
(3, 3, 2)
3
(54, 59)
---> Week : 19
--> Day : 0
-> Request 0
217
(4, 1, 1)
2
(68, 37)
-> Request 1
228
(4, 2, 1)
2
(77, 42)
-> Request 2
440
(4, 1, 2)
1
(55, 74)
-> Request 3
557
(4, 3, 2)
2
(23, 71)
-> Request 4
557
(4, 3, 1)
3
(68, 31)
-> Request 5
566
(2, 1, 2)
3
(67, 29)
-> Request 6
1324
(3, 2, 2)
1
(22, 1)
--> Day : 1
-> Request 0
1
(4, 2, 1)
3
(53, 78)
-> Request 1
107
(4, 3, 1)
1
(15, 18)
-> Request 2
445
(4, 1, 2)
3
(29, 53)
-> Request 3
513
(3, 3, 1)
2
(7, 17)
-> Request 4
711
(4, 1, 1)
2
(72, 34)
-> Request 5
713
(3, 1, 1)
3
(16, 21)
-> Request 6
864
(2, 2, 2)
1
(23, 52)
-> Request 7
886
(4, 1, 1)
3
(24, 44)
-> Request 8
926
(3, 2, 1)
1
(62, 44)
-> Request 9
928
(4, 2, 1)
2
(8, 15)
-> Request 10
931
(3, 3, 2)
3
(62, 9)
-> Request 11
1298
(2, 3, 2)
1
(38, 55)
-> Request 12
1403
(3, 3, 2)
2
(58, 44)
-> Request 13
1436
(2, 2, 1)
2
(49, 8)
--> Day : 2
-> Request 0
102
(1, 3, 1)
1
(31, 0)
-> Request 1
843
(4, 3, 2)
3
(61, 37)
-> Request 2
965
(1, 3, 2)
3
(10, 11)
-> Request 3
1036
(2, 1, 2)
2
(20, 65)
-> Request 4
1151
(3, 3, 2)
3
(8, 60)
-> Request 5
1176
(4, 3, 2)
2
(75, 13)
-> Request 6
1227
(4, 2, 1)
1
(52, 50)
-> Request 7
1360
(4, 2, 2)
2
(58, 26)
-> Request 8
1372
(1, 3, 1)
3
(57, 69)
--> Day : 3
-> Request 0
95
(1, 2, 2)
3
(60, 38)
-> Request 1
100
(2, 3, 1)
3
(9, 45)
-> Request 2
349
(1, 1, 2)
1
(63, 76)
-> Request 3
450
(2, 3, 2)
3
(25, 53)
-> Request 4
594
(4, 2, 2)
1
(33, 8)
-> Request 5
595
(4, 3, 1)
2
(4, 29)
-> Request 6
949
(3, 3, 1)
2
(76, 42)
-> Request 7
1065
(1, 3, 1)
3
(4, 34)
-> Request 8
1204
(3, 2, 1)
1
(33, 6)
-> Request 9
1251
(1, 2, 2)
3
(61, 3)
-> Request 10
1299
(3, 2, 2)
3
(2, 22)
-> Request 11
1304
(1, 2, 1)
3
(59, 25)
-> Request 12
1380
(2, 1, 1)
2
(78, 28)
--> Day : 4
-> Request 0
438
(2, 2, 1)
2
(72, 4)
-> Request 1
561
(3, 3, 2)
3
(22, 71)
-> Request 2
623
(2, 2, 1)
1
(15, 72)
-> Request 3
712
(2, 1, 2)
2
(37, 19)
-> Request 4
888
(4, 2, 1)
2
(33, 15)
-> Request 5
1159
(3, 2, 1)
2
(44, 25)
-> Request 6
1184
(3, 2, 2)
2
(57, 29)
-> Request 7
1358
(3, 3, 1)
3
(21, 9)
