---> Week : 0
--> Day : 0
-> Request 0
283
(2, 2, 2)
3
(26, 29)
-> Request 1
417
(2, 3, 1)
1
(49, 18)
-> Request 2
427
(2, 1, 2)
1
(33, 67)
-> Request 3
522
(2, 2, 2)
2
(32, 76)
-> Request 4
547
(4, 2, 1)
2
(32, 21)
-> Request 5
617
(2, 3, 1)
3
(15, 26)
-> Request 6
625
(4, 3, 2)
2
(14, 48)
-> Request 7
732
(1, 1, 2)
3
(65, 74)
-> Request 8
1238
(3, 2, 1)
2
(11, 47)
-> Request 9
1288
(3, 2, 1)
1
(43, 17)
-> Request 10
1367
(3, 1, 1)
3
(1, 1)
--> Day : 1
-> Request 0
103
(1, 3, 1)
3
(33, 65)
-> Request 1
121
(1, 2, 1)
2
(9, 36)
-> Request 2
236
(1, 2, 1)
3
(24, 79)
-> Request 3
283
(1, 1, 1)
1
(32, 52)
-> Request 4
496
(1, 2, 2)
2
(30, 68)
-> Request 5
551
(2, 1, 2)
2
(64, 12)
-> Request 6
602
(3, 2, 1)
1
(71, 73)
-> Request 7
708
(2, 1, 2)
3
(33, 14)
-> Request 8
1065
(2, 2, 2)
1
(42, 22)
--> Day : 2
-> Request 0
168
(3, 1, 1)
2
(18, 45)
-> Request 1
303
(1, 1, 1)
3
(19, 70)
-> Request 2
564
(3, 2, 2)
3
(8, 62)
-> Request 3
625
(2, 1, 2)
1
(61, 10)
-> Request 4
679
(3, 3, 2)
1
(1, 77)
-> Request 5
967
(4, 1, 1)
1
(33, 71)
--> Day : 3
-> Request 0
116
(2, 3, 2)
1
(34, 28)
-> Request 1
168
(2, 3, 1)
1
(60, 39)
-> Request 2
283
(2, 1, 1)
1
(23, 45)
-> Request 3
320
(2, 2, 2)
3
(60, 14)
-> Request 4
491
(3, 3, 2)
1
(49, 50)
-> Request 5
512
(3, 1, 1)
2
(8, 76)
-> Request 6
523
(3, 3, 2)
1
(49, 31)
-> Request 7
590
(1, 2, 2)
1
(49, 17)
-> Request 8
689
(2, 3, 2)
2
(27, 36)
-> Request 9
746
(4, 3, 1)
2
(0, 38)
-> Request 10
805
(3, 3, 1)
2
(45, 8)
-> Request 11
839
(1, 3, 1)
3
(62, 57)
-> Request 12
959
(1, 2, 1)
1
(21, 53)
-> Request 13
1128
(1, 1, 2)
2
(11, 67)
-> Request 14
1131
(2, 2, 1)
1
(79, 15)
-> Request 15
1194
(1, 1, 1)
3
(7, 25)
--> Day : 4
-> Request 0
326
(1, 2, 1)
1
(73, 16)
-> Request 1
967
(2, 1, 2)
1
(74, 24)
-> Request 2
1021
(1, 1, 2)
2
(55, 74)
-> Request 3
1088
(1, 3, 1)
2
(55, 52)
-> Request 4
1126
(1, 3, 2)
1
(74, 5)
-> Request 5
1223
(2, 3, 1)
3
(15, 5)
-> Request 6
1259
(4, 2, 2)
1
(66, 29)
-> Request 7
1413
(4, 1, 1)
1
(77, 44)
---> Week : 1
--> Day : 0
-> Request 0
158
(4, 1, 2)
2
(59, 26)
-> Request 1
353
(1, 1, 1)
2
(6, 54)
-> Request 2
370
(2, 1, 1)
2
(23, 10)
-> Request 3
999
(3, 3, 1)
3
(53, 13)
-> Request 4
1213
(3, 3, 2)
2
(22, 47)
-> Request 5
1223
(3, 1, 2)
3
(16, 28)
-> Request 6
1279
(2, 1, 1)
1
(30, 54)
-> Request 7
1296
(3, 2, 2)
2
(35, 41)
--> Day : 1
-> Request 0
395
(1, 1, 1)
1
(6, 41)
-> Request 1
494
(3, 3, 1)
1
(2, 52)
-> Request 2
525
(1, 2, 1)
3
(22, 41)
-> Request 3
551
(3, 3, 1)
1
(13, 5)
-> Request 4
740
(4, 1, 1)
1
(14, 43)
-> Request 5
753
(3, 1, 2)
2
(15, 39)
-> Request 6
824
(2, 1, 1)
2
(18, 26)
-> Request 7
873
(3, 1, 2)
3
(58, 48)
-> Request 8
890
(3, 2, 1)
3
(3, 52)
-> Request 9
895
(1, 3, 1)
3
(56, 77)
-> Request 10
1256
(3, 2, 1)
2
(45, 22)
-> Request 11
1380
(2, 1, 1)
1
(59, 3)
-> Request 12
1391
(2, 2, 1)
3
(77, 23)
--> Day : 2
-> Request 0
332
(1, 2, 2)
2
(6, 36)
-> Request 1
697
(3, 1, 2)
2
(30, 12)
-> Request 2
717
(2, 1, 2)
1
(37, 32)
-> Request 3
877
(4, 3, 1)
2
(73, 39)
-> Request 4
955
(3, 1, 1)
3
(17, 6)
-> Request 5
1325
(1, 3, 1)
2
(15, 56)
--> Day : 3
-> Request 0
104
(2, 3, 2)
1
(60, 53)
-> Request 1
109
(1, 3, 1)
1
(10, 60)
-> Request 2
215
(1, 1, 2)
1
(26, 2)
-> Request 3
435
(3, 3, 1)
2
(49, 77)
-> Request 4
483
(4, 3, 1)
3
(4, 66)
-> Request 5
573
(3, 1, 1)
2
(71, 14)
-> Request 6
610
(3, 1, 1)
3
(50, 63)
-> Request 7
717
(1, 2, 1)
3
(39, 38)
-> Request 8
1010
(1, 2, 1)
2
(44, 32)
-> Request 9
1381
(4, 2, 2)
3
(56, 5)
--> Day : 4
-> Request 0
51
(2, 3, 2)
1
(53, 74)
-> Request 1
477
(3, 2, 2)
2
(6, 2)
-> Request 2
790
(4, 3, 2)
1
(51, 66)
-> Request 3
980
(4, 3, 1)
2
(42, 0)
-> Request 4
1265
(1, 1, 2)
3
(3, 9)
-> Request 5
1336
(2, 2, 2)
2
(54, 13)
---> Week : 2
--> Day : 0
-> Request 0
322
(1, 1, 1)
2
(55, 32)
-> Request 1
481
(3, 3, 1)
1
(71, 30)
-> Request 2
523
(1, 2, 1)
1
(31, 33)
-> Request 3
603
(1, 2, 2)
2
(0, 57)
-> Request 4
648
(3, 2, 1)
1
(10, 56)
-> Request 5
671
(2, 2, 2)
1
(22, 24)
-> Request 6
900
(2, 1, 2)
1
(30, 47)
-> Request 7
1033
(3, 3, 2)
1
(5, 26)
-> Request 8
1075
(4, 3, 1)
1
(76, 7)
-> Request 9
1101
(1, 3, 2)
3
(10, 77)
-> Request 10
1240
(1, 3, 2)
3
(42, 4)
-> Request 11
1399
(4, 1, 2)
3
(41, 27)
--> Day : 1
-> Request 0
34
(3, 2, 2)
1
(49, 7)
-> Request 1
79
(3, 2, 2)
1
(72, 77)
-> Request 2
210
(3, 3, 2)
1
(15, 70)
-> Request 3
376
(2, 1, 1)
1
(71, 6)
-> Request 4
524
(2, 2, 2)
3
(64, 36)
-> Request 5
634
(3, 3, 2)
2
(11, 69)
-> Request 6
736
(3, 3, 1)
1
(11, 29)
-> Request 7
840
(1, 1, 2)
3
(46, 44)
-> Request 8
891
(1, 1, 1)
1
(18, 21)
-> Request 9
1408
(4, 3, 2)
3
(64, 60)
--> Day : 2
-> Request 0
109
(2, 1, 2)
1
(25, 18)
-> Request 1
162
(4, 1, 1)
2
(23, 42)
-> Request 2
465
(4, 2, 1)
1
(44, 63)
-> Request 3
615
(2, 2, 2)
3
(53, 9)
-> Request 4
759
(4, 1, 2)
3
(33, 8)
-> Request 5
893
(3, 3, 1)
3
(66, 7)
-> Request 6
1042
(4, 3, 1)
3
(14, 18)
-> Request 7
1124
(2, 1, 1)
2
(59, 12)
--> Day : 3
-> Request 0
159
(2, 2, 1)
3
(3, 26)
-> Request 1
427
(1, 1, 1)
1
(8, 77)
-> Request 2
454
(1, 1, 2)
2
(58, 1)
-> Request 3
659
(1, 3, 2)
1
(4, 61)
-> Request 4
951
(1, 2, 1)
1
(57, 76)
-> Request 5
1091
(3, 3, 1)
2
(50, 59)
-> Request 6
1262
(4, 1, 2)
3
(49, 42)
--> Day : 4
-> Request 0
11
(2, 2, 2)
2
(48, 64)
-> Request 1
42
(3, 1, 1)
3
(37, 19)
-> Request 2
79
(1, 1, 2)
1
(71, 63)
-> Request 3
388
(1, 3, 2)
1
(62, 19)
-> Request 4
509
(1, 1, 1)
1
(74, 59)
-> Request 5
757
(3, 2, 2)
3
(29, 36)
-> Request 6
833
(3, 1, 1)
3
(73, 46)
-> Request 7
916
(1, 2, 1)
2
(40, 63)
-> Request 8
979
(2, 3, 2)
2
(11, 1)
-> Request 9
1044
(1, 1, 2)
3
(31, 23)
---> Week : 3
--> Day : 0
-> Request 0
259
(3, 3, 1)
3
(43, 36)
-> Request 1
356
(4, 1, 1)
3
(75, 14)
-> Request 2
476
(2, 2, 1)
1
(74, 30)
-> Request 3
531
(3, 2, 1)
1
(33, 23)
-> Request 4
577
(4, 2, 1)
2
(41, 23)
-> Request 5
801
(3, 1, 2)
1
(61, 51)
-> Request 6
885
(2, 1, 1)
2
(79, 36)
-> Request 7
918
(2, 1, 1)
1
(20, 1)
-> Request 8
1297
(1, 2, 1)
3
(8, 69)
-> Request 9
1300
(1, 1, 1)
3
(46, 39)
-> Request 10
1311
(2, 2, 2)
3
(34, 58)
--> Day : 1
-> Request 0
37
(2, 3, 2)
3
(43, 63)
-> Request 1
591
(2, 3, 2)
3
(35, 53)
-> Request 2
704
(2, 3, 2)
1
(72, 24)
-> Request 3
875
(4, 3, 2)
2
(48, 57)
-> Request 4
956
(2, 2, 2)
3
(20, 70)
-> Request 5
1007
(3, 3, 2)
1
(33, 43)
-> Request 6
1055
(4, 1, 1)
1
(54, 23)
-> Request 7
1075
(4, 3, 1)
1
(71, 64)
-> Request 8
1179
(2, 3, 1)
2
(31, 31)
-> Request 9
1294
(2, 1, 1)
3
(68, 70)
--> Day : 2
-> Request 0
125
(2, 1, 2)
1
(44, 2)
-> Request 1
649
(3, 1, 1)
3
(42, 39)
-> Request 2
841
(1, 2, 2)
2
(48, 21)
-> Request 3
1017
(1, 3, 1)
2
(36, 17)
-> Request 4
1054
(3, 3, 2)
2
(31, 19)
-> Request 5
1212
(3, 1, 2)
1
(16, 30)
--> Day : 3
-> Request 0
35
(1, 1, 2)
3
(25, 57)
-> Request 1
58
(4, 2, 1)
2
(21, 33)
-> Request 2
163
(4, 2, 2)
1
(51, 40)
-> Request 3
521
(1, 2, 2)
3
(56, 69)
-> Request 4
565
(4, 2, 2)
1
(48, 79)
-> Request 5
614
(1, 1, 2)
3
(52, 25)
-> Request 6
625
(2, 3, 1)
2
(67, 22)
-> Request 7
785
(1, 3, 2)
3
(5, 46)
-> Request 8
1104
(1, 1, 2)
3
(14, 21)
--> Day : 4
-> Request 0
19
(3, 1, 2)
2
(21, 36)
-> Request 1
355
(3, 1, 2)
1
(70, 44)
-> Request 2
584
(2, 3, 2)
1
(64, 31)
-> Request 3
696
(2, 1, 2)
1
(58, 23)
-> Request 4
902
(4, 2, 1)
1
(55, 30)
-> Request 5
938
(4, 1, 1)
1
(76, 9)
-> Request 6
1065
(2, 2, 1)
2
(78, 51)
-> Request 7
1317
(4, 3, 1)
1
(60, 14)
-> Request 8
1384
(3, 2, 1)
1
(64, 32)
---> Week : 4
--> Day : 0
-> Request 0
359
(1, 1, 2)
2
(8, 17)
-> Request 1
577
(4, 1, 1)
2
(33, 23)
-> Request 2
624
(4, 3, 2)
2
(51, 75)
-> Request 3
731
(1, 3, 2)
2
(30, 79)
-> Request 4
1275
(1, 2, 1)
3
(20, 79)
-> Request 5
1286
(2, 2, 1)
3
(17, 72)
-> Request 6
1320
(4, 2, 2)
3
(42, 36)
--> Day : 1
-> Request 0
156
(3, 2, 2)
1
(32, 36)
-> Request 1
384
(2, 1, 1)
1
(2, 74)
-> Request 2
399
(3, 3, 2)
2
(11, 68)
-> Request 3
465
(3, 2, 1)
3
(20, 23)
-> Request 4
475
(3, 2, 2)
3
(44, 11)
-> Request 5
476
(3, 2, 1)
1
(30, 73)
-> Request 6
492
(2, 2, 2)
2
(21, 69)
-> Request 7
837
(3, 1, 2)
1
(28, 62)
-> Request 8
1103
(1, 1, 1)
1
(2, 25)
--> Day : 2
-> Request 0
9
(2, 3, 1)
1
(69, 14)
-> Request 1
63
(3, 2, 1)
1
(54, 46)
-> Request 2
112
(4, 1, 2)
2
(58, 31)
-> Request 3
230
(3, 3, 1)
3
(17, 2)
-> Request 4
239
(4, 3, 2)
2
(15, 52)
-> Request 5
318
(3, 1, 2)
1
(39, 38)
-> Request 6
433
(4, 2, 2)
2
(59, 75)
-> Request 7
450
(1, 2, 1)
2
(33, 63)
-> Request 8
831
(4, 3, 1)
1
(21, 70)
-> Request 9
918
(3, 1, 2)
3
(45, 12)
-> Request 10
1013
(3, 1, 1)
3
(59, 64)
-> Request 11
1117
(4, 2, 1)
3
(56, 72)
-> Request 12
1208
(4, 1, 2)
1
(43, 65)
-> Request 13
1241
(3, 3, 1)
3
(43, 28)
-> Request 14
1338
(2, 2, 2)
1
(13, 59)
--> Day : 3
-> Request 0
68
(3, 1, 1)
1
(44, 5)
-> Request 1
241
(2, 3, 1)
1
(64, 8)
-> Request 2
284
(4, 1, 2)
1
(38, 51)
-> Request 3
615
(2, 2, 2)
1
(50, 28)
-> Request 4
705
(3, 1, 2)
2
(77, 28)
-> Request 5
796
(2, 3, 1)
1
(24, 28)
-> Request 6
803
(1, 1, 2)
2
(57, 9)
-> Request 7
1163
(4, 2, 2)
3
(77, 26)
-> Request 8
1196
(3, 2, 2)
1
(36, 58)
-> Request 9
1298
(3, 3, 2)
3
(41, 61)
-> Request 10
1352
(2, 1, 2)
2
(20, 67)
--> Day : 4
-> Request 0
30
(2, 1, 2)
2
(34, 47)
-> Request 1
209
(1, 1, 1)
3
(64, 46)
-> Request 2
292
(4, 1, 2)
1
(8, 50)
-> Request 3
554
(4, 1, 2)
3
(42, 63)
-> Request 4
839
(3, 2, 2)
3
(49, 77)
-> Request 5
875
(3, 1, 1)
3
(35, 45)
-> Request 6
1156
(2, 3, 1)
3
(67, 68)
-> Request 7
1169
(4, 2, 1)
2
(58, 50)
-> Request 8
1309
(3, 2, 2)
3
(36, 61)
---> Week : 5
--> Day : 0
-> Request 0
106
(3, 2, 1)
1
(73, 52)
-> Request 1
196
(4, 3, 1)
2
(44, 77)
-> Request 2
216
(4, 2, 2)
2
(55, 74)
-> Request 3
526
(2, 2, 1)
1
(78, 32)
-> Request 4
719
(4, 2, 2)
3
(58, 1)
-> Request 5
1073
(4, 1, 1)
3
(34, 7)
-> Request 6
1074
(1, 1, 2)
2
(75, 16)
-> Request 7
1105
(4, 3, 1)
1
(65, 6)
-> Request 8
1118
(3, 1, 1)
2
(58, 56)
-> Request 9
1119
(1, 1, 1)
3
(41, 77)
--> Day : 1
-> Request 0
68
(1, 1, 2)
1
(52, 30)
-> Request 1
162
(3, 3, 2)
2
(22, 12)
-> Request 2
295
(4, 2, 2)
1
(59, 64)
-> Request 3
353
(3, 2, 1)
3
(3, 69)
-> Request 4
380
(1, 1, 1)
1
(50, 79)
-> Request 5
390
(1, 2, 1)
2
(47, 32)
-> Request 6
402
(4, 3, 1)
2
(28, 57)
-> Request 7
419
(3, 1, 1)
1
(65, 71)
-> Request 8
468
(1, 3, 1)
3
(74, 28)
-> Request 9
587
(2, 1, 2)
3
(59, 53)
-> Request 10
610
(2, 1, 1)
3
(40, 64)
-> Request 11
773
(2, 3, 1)
1
(31, 54)
-> Request 12
1129
(1, 2, 2)
1
(34, 79)
-> Request 13
1369
(3, 2, 2)
2
(36, 6)
-> Request 14
1409
(2, 2, 1)
1
(77, 59)
--> Day : 2
-> Request 0
35
(4, 1, 1)
3
(57, 3)
-> Request 1
193
(1, 3, 1)
3
(29, 0)
-> Request 2
229
(4, 2, 2)
1
(75, 64)
-> Request 3
440
(1, 3, 1)
1
(79, 10)
-> Request 4
509
(1, 2, 1)
1
(26, 50)
-> Request 5
1302
(1, 2, 1)
1
(2, 7)
-> Request 6
1376
(3, 3, 1)
1
(9, 73)
-> Request 7
1395
(4, 1, 2)
1
(59, 19)
--> Day : 3
-> Request 0
49
(4, 3, 2)
1
(47, 57)
-> Request 1
548
(1, 2, 1)
2
(6, 8)
-> Request 2
703
(1, 1, 2)
3
(22, 11)
-> Request 3
1243
(2, 1, 1)
2
(54, 67)
-> Request 4
1402
(4, 2, 1)
3
(50, 13)
--> Day : 4
-> Request 0
23
(2, 3, 2)
3
(75, 64)
-> Request 1
44
(3, 3, 2)
3
(9, 27)
-> Request 2
296
(2, 2, 1)
1
(51, 46)
-> Request 3
403
(1, 3, 2)
1
(67, 65)
-> Request 4
509
(3, 1, 1)
3
(48, 64)
-> Request 5
541
(4, 3, 1)
2
(59, 69)
-> Request 6
693
(1, 2, 1)
2
(42, 9)
-> Request 7
693
(4, 2, 1)
1
(46, 14)
-> Request 8
768
(1, 1, 2)
1
(22, 74)
-> Request 9
845
(2, 1, 2)
2
(70, 73)
-> Request 10
866
(4, 2, 1)
2
(36, 43)
-> Request 11
880
(2, 1, 1)
2
(38, 45)
-> Request 12
1055
(3, 3, 2)
2
(45, 52)
-> Request 13
1118
(1, 2, 1)
3
(43, 25)
-> Request 14
1315
(1, 3, 1)
1
(27, 55)
---> Week : 6
--> Day : 0
-> Request 0
177
(1, 3, 1)
1
(23, 14)
-> Request 1
277
(2, 3, 1)
1
(40, 10)
-> Request 2
414
(1, 1, 2)
1
(41, 30)
-> Request 3
1109
(4, 3, 1)
3
(46, 21)
-> Request 4
1215
(1, 2, 1)
3
(7, 34)
-> Request 5
1266
(4, 1, 1)
3
(53, 8)
-> Request 6
1398
(2, 1, 2)
1
(62, 11)
-> Request 7
1430
(4, 1, 1)
3
(54, 38)
-> Request 8
1437
(4, 3, 2)
1
(18, 48)
--> Day : 1
-> Request 0
300
(3, 1, 1)
1
(26, 63)
-> Request 1
1065
(1, 1, 2)
2
(52, 2)
-> Request 2
1113
(3, 2, 1)
1
(42, 55)
--> Day : 2
-> Request 0
598
(1, 1, 1)
2
(36, 34)
-> Request 1
925
(1, 2, 2)
3
(67, 56)
-> Request 2
1135
(3, 3, 2)
3
(18, 40)
-> Request 3
1176
(2, 1, 2)
2
(65, 42)
--> Day : 3
-> Request 0
104
(4, 1, 1)
2
(79, 41)
-> Request 1
150
(2, 1, 1)
2
(49, 19)
-> Request 2
179
(3, 3, 2)
3
(36, 46)
-> Request 3
433
(4, 1, 2)
1
(20, 33)
-> Request 4
477
(1, 1, 2)
3
(66, 30)
-> Request 5
995
(4, 3, 1)
1
(28, 15)
-> Request 6
1101
(1, 1, 1)
3
(3, 74)
-> Request 7
1105
(4, 1, 1)
1
(40, 21)
-> Request 8
1183
(4, 2, 2)
1
(42, 63)
-> Request 9
1219
(1, 1, 2)
3
(66, 49)
-> Request 10
1300
(3, 3, 1)
2
(59, 35)
-> Request 11
1353
(4, 2, 2)
3
(76, 7)
-> Request 12
1360
(4, 1, 2)
3
(26, 20)
--> Day : 4
-> Request 0
77
(3, 3, 1)
1
(16, 74)
-> Request 1
196
(2, 2, 2)
3
(39, 17)
-> Request 2
251
(4, 3, 1)
3
(39, 60)
-> Request 3
380
(1, 2, 2)
1
(50, 14)
-> Request 4
381
(1, 2, 1)
2
(12, 21)
-> Request 5
402
(4, 1, 2)
2
(56, 68)
-> Request 6
409
(1, 2, 2)
2
(4, 31)
-> Request 7
411
(3, 2, 2)
2
(67, 13)
-> Request 8
525
(3, 2, 1)
1
(63, 75)
-> Request 9
1051
(2, 2, 2)
1
(42, 49)
-> Request 10
1063
(4, 3, 1)
2
(47, 24)
-> Request 11
1184
(3, 2, 1)
2
(58, 29)
-> Request 12
1405
(1, 2, 2)
1
(21, 36)
---> Week : 7
--> Day : 0
-> Request 0
111
(4, 2, 2)
3
(43, 67)
-> Request 1
114
(3, 3, 1)
3
(44, 4)
-> Request 2
764
(2, 3, 1)
3
(77, 13)
-> Request 3
880
(3, 3, 1)
3
(12, 33)
-> Request 4
1119
(1, 1, 1)
3
(47, 61)
-> Request 5
1148
(2, 2, 2)
2
(33, 25)
-> Request 6
1428
(2, 1, 1)
3
(71, 14)
-> Request 7
1433
(1, 2, 1)
1
(10, 25)
--> Day : 1
-> Request 0
109
(2, 3, 2)
2
(64, 15)
-> Request 1
151
(2, 2, 2)
1
(20, 32)
-> Request 2
513
(4, 2, 1)
2
(70, 72)
-> Request 3
516
(2, 1, 2)
3
(30, 55)
-> Request 4
521
(2, 1, 2)
2
(10, 63)
-> Request 5
990
(2, 2, 1)
3
(0, 37)
-> Request 6
1130
(1, 3, 2)
2
(16, 43)
-> Request 7
1135
(2, 3, 1)
1
(14, 35)
-> Request 8
1263
(1, 2, 2)
3
(19, 8)
-> Request 9
1394
(4, 2, 2)
3
(33, 72)
-> Request 10
1431
(3, 2, 2)
3
(40, 63)
--> Day : 2
-> Request 0
177
(2, 2, 1)
1
(74, 43)
-> Request 1
194
(4, 2, 1)
2
(36, 10)
-> Request 2
309
(2, 2, 1)
2
(35, 3)
-> Request 3
391
(4, 2, 2)
3
(63, 52)
-> Request 4
407
(3, 3, 1)
3
(71, 66)
-> Request 5
824
(3, 2, 1)
1
(66, 59)
-> Request 6
861
(3, 2, 2)
3
(3, 0)
-> Request 7
1234
(1, 1, 2)
2
(62, 4)
-> Request 8
1250
(3, 2, 2)
3
(57, 15)
-> Request 9
1398
(4, 1, 2)
2
(12, 28)
-> Request 10
1417
(2, 1, 2)
2
(45, 70)
--> Day : 3
-> Request 0
485
(3, 2, 1)
2
(66, 24)
-> Request 1
543
(4, 2, 1)
3
(48, 23)
-> Request 2
600
(3, 3, 1)
3
(44, 56)
-> Request 3
609
(4, 2, 1)
1
(64, 30)
-> Request 4
649
(3, 1, 1)
1
(71, 21)
-> Request 5
671
(4, 2, 1)
2
(29, 16)
-> Request 6
768
(1, 1, 1)
2
(36, 15)
-> Request 7
936
(4, 1, 2)
1
(62, 35)
-> Request 8
1022
(2, 3, 2)
2
(7, 64)
-> Request 9
1120
(2, 3, 1)
2
(8, 57)
-> Request 10
1259
(1, 2, 1)
2
(71, 33)
--> Day : 4
-> Request 0
8
(2, 1, 2)
3
(37, 3)
-> Request 1
352
(4, 2, 2)
3
(9, 19)
-> Request 2
424
(3, 2, 2)
3
(38, 66)
-> Request 3
524
(1, 1, 1)
3
(42, 14)
-> Request 4
692
(1, 2, 2)
2
(16, 64)
-> Request 5
733
(3, 3, 2)
2
(63, 30)
---> Week : 8
--> Day : 0
-> Request 0
49
(1, 1, 1)
1
(74, 10)
-> Request 1
306
(3, 2, 1)
2
(18, 2)
-> Request 2
315
(2, 2, 2)
2
(75, 69)
-> Request 3
356
(1, 3, 1)
2
(38, 24)
-> Request 4
381
(4, 2, 1)
2
(25, 31)
-> Request 5
594
(2, 2, 1)
2
(70, 56)
-> Request 6
764
(3, 3, 1)
2
(19, 15)
-> Request 7
792
(1, 1, 2)
3
(78, 64)
-> Request 8
880
(3, 2, 1)
1
(42, 5)
-> Request 9
1192
(4, 3, 2)
3
(55, 45)
-> Request 10
1236
(3, 1, 1)
2
(9, 78)
-> Request 11
1370
(1, 1, 2)
2
(46, 30)
--> Day : 1
-> Request 0
136
(2, 2, 2)
3
(34, 8)
-> Request 1
177
(2, 3, 2)
2
(47, 13)
-> Request 2
361
(2, 1, 2)
1
(21, 78)
-> Request 3
439
(1, 1, 2)
2
(22, 75)
-> Request 4
440
(2, 2, 2)
3
(78, 9)
-> Request 5
528
(2, 3, 1)
2
(45, 78)
-> Request 6
622
(4, 1, 2)
3
(33, 48)
-> Request 7
718
(1, 2, 1)
1
(15, 56)
-> Request 8
734
(4, 3, 2)
1
(53, 49)
-> Request 9
772
(2, 3, 1)
1
(22, 6)
-> Request 10
800
(3, 3, 2)
1
(33, 43)
-> Request 11
946
(1, 2, 1)
1
(62, 45)
-> Request 12
969
(2, 1, 1)
2
(78, 25)
-> Request 13
1153
(1, 2, 1)
2
(2, 62)
-> Request 14
1317
(1, 1, 2)
2
(57, 19)
--> Day : 2
-> Request 0
25
(2, 1, 2)
1
(41, 65)
-> Request 1
106
(1, 2, 1)
1
(58, 47)
-> Request 2
423
(4, 2, 1)
3
(56, 22)
-> Request 3
788
(2, 1, 2)
1
(24, 69)
-> Request 4
1122
(1, 2, 2)
2
(30, 5)
-> Request 5
1147
(4, 1, 1)
2
(50, 72)
--> Day : 3
-> Request 0
24
(3, 3, 1)
2
(44, 37)
-> Request 1
85
(4, 2, 2)
1
(38, 66)
-> Request 2
90
(1, 1, 1)
1
(61, 55)
-> Request 3
461
(4, 2, 2)
3
(43, 25)
-> Request 4
530
(2, 3, 2)
1
(73, 67)
-> Request 5
562
(1, 3, 2)
1
(3, 1)
-> Request 6
695
(3, 3, 1)
3
(8, 65)
-> Request 7
821
(2, 1, 1)
1
(70, 38)
-> Request 8
872
(3, 3, 1)
1
(15, 6)
-> Request 9
1388
(3, 2, 1)
1
(9, 51)
--> Day : 4
-> Request 0
20
(3, 3, 2)
1
(62, 64)
-> Request 1
40
(3, 2, 2)
2
(69, 58)
-> Request 2
41
(2, 3, 2)
1
(45, 75)
-> Request 3
336
(1, 2, 1)
2
(52, 39)
-> Request 4
470
(4, 1, 1)
3
(31, 26)
-> Request 5
485
(2, 3, 1)
2
(32, 70)
-> Request 6
611
(2, 3, 2)
3
(66, 64)
-> Request 7
629
(1, 2, 2)
3
(13, 20)
-> Request 8
996
(3, 3, 1)
1
(16, 37)
-> Request 9
1019
(3, 3, 1)
1
(13, 39)
---> Week : 9
--> Day : 0
-> Request 0
76
(2, 3, 1)
3
(14, 41)
-> Request 1
333
(3, 2, 2)
2
(63, 22)
-> Request 2
370
(2, 3, 2)
3
(4, 53)
-> Request 3
388
(4, 1, 2)
3
(42, 56)
-> Request 4
490
(3, 3, 2)
2
(30, 16)
-> Request 5
799
(3, 3, 1)
3
(69, 2)
-> Request 6
1019
(3, 3, 1)
2
(71, 32)
-> Request 7
1040
(2, 1, 2)
2
(56, 26)
-> Request 8
1162
(3, 2, 1)
2
(4, 76)
-> Request 9
1244
(3, 2, 2)
2
(1, 34)
-> Request 10
1436
(2, 1, 1)
1
(62, 71)
--> Day : 1
-> Request 0
187
(3, 2, 1)
3
(3, 14)
-> Request 1
293
(1, 2, 2)
1
(28, 54)
-> Request 2
600
(3, 1, 1)
3
(67, 8)
-> Request 3
760
(1, 1, 2)
1
(37, 41)
-> Request 4
854
(4, 3, 1)
2
(72, 33)
-> Request 5
1214
(2, 1, 1)
2
(31, 56)
-> Request 6
1275
(1, 3, 2)
1
(4, 12)
-> Request 7
1326
(2, 1, 1)
3
(65, 19)
-> Request 8
1339
(2, 3, 2)
1
(43, 76)
-> Request 9
1365
(2, 1, 2)
3
(15, 35)
-> Request 10
1410
(1, 3, 2)
2
(0, 33)
--> Day : 2
-> Request 0
13
(4, 1, 2)
2
(57, 34)
-> Request 1
72
(4, 1, 2)
3
(29, 51)
-> Request 2
141
(4, 1, 1)
2
(14, 20)
-> Request 3
453
(3, 1, 1)
1
(54, 15)
-> Request 4
575
(2, 1, 1)
1
(18, 28)
-> Request 5
628
(3, 3, 1)
2
(60, 45)
-> Request 6
673
(1, 1, 2)
3
(64, 39)
-> Request 7
730
(4, 3, 2)
3
(57, 13)
-> Request 8
756
(2, 3, 2)
3
(60, 28)
-> Request 9
832
(2, 2, 2)
1
(64, 79)
-> Request 10
870
(2, 1, 2)
2
(17, 46)
-> Request 11
982
(2, 2, 2)
3
(6, 33)
-> Request 12
1109
(3, 1, 2)
2
(39, 32)
-> Request 13
1139
(4, 1, 1)
2
(77, 1)
-> Request 14
1308
(4, 2, 2)
2
(38, 43)
--> Day : 3
-> Request 0
157
(3, 2, 2)
3
(66, 49)
-> Request 1
374
(2, 1, 1)
2
(11, 36)
-> Request 2
476
(2, 3, 1)
2
(35, 30)
-> Request 3
562
(3, 2, 2)
1
(4, 62)
-> Request 4
697
(2, 1, 1)
2
(9, 33)
-> Request 5
1015
(2, 3, 1)
3
(57, 63)
-> Request 6
1040
(4, 3, 2)
2
(26, 17)
-> Request 7
1108
(2, 3, 2)
3
(47, 36)
-> Request 8
1138
(2, 1, 2)
1
(56, 69)
-> Request 9
1288
(1, 3, 1)
1
(0, 4)
-> Request 10
1346
(2, 2, 2)
3
(55, 44)
-> Request 11
1364
(1, 2, 2)
1
(3, 3)
--> Day : 4
-> Request 0
416
(4, 3, 2)
1
(28, 64)
-> Request 1
537
(4, 1, 1)
3
(22, 79)
-> Request 2
778
(3, 1, 1)
3
(43, 39)
-> Request 3
1251
(4, 1, 1)
3
(54, 4)
-> Request 4
1411
(3, 1, 1)
2
(26, 7)
---> Week : 10
--> Day : 0
-> Request 0
183
(2, 2, 1)
2
(16, 41)
-> Request 1
632
(2, 3, 1)
2
(2, 51)
-> Request 2
639
(4, 1, 1)
3
(43, 13)
-> Request 3
725
(2, 2, 2)
1
(64, 42)
-> Request 4
938
(3, 2, 1)
2
(77, 41)
-> Request 5
951
(2, 2, 1)
1
(49, 3)
-> Request 6
1351
(2, 2, 1)
2
(9, 29)
--> Day : 1
-> Request 0
1234
(2, 1, 2)
1
(9, 10)
-> Request 1
1402
(4, 2, 2)
1
(66, 13)
--> Day : 2
-> Request 0
275
(4, 3, 1)
3
(5, 56)
-> Request 1
298
(3, 2, 2)
3
(29, 11)
-> Request 2
606
(1, 2, 2)
3
(23, 59)
-> Request 3
678
(1, 3, 2)
2
(62, 42)
-> Request 4
814
(3, 2, 2)
3
(68, 36)
-> Request 5
861
(3, 2, 1)
3
(1, 66)
-> Request 6
963
(2, 1, 2)
3
(66, 78)
-> Request 7
976
(2, 2, 1)
2
(14, 25)
-> Request 8
1088
(1, 1, 2)
2
(56, 44)
-> Request 9
1198
(4, 2, 2)
3
(5, 79)
-> Request 10
1233
(1, 3, 2)
3
(15, 43)
-> Request 11
1361
(3, 2, 2)
1
(64, 79)
--> Day : 3
-> Request 0
74
(3, 1, 1)
3
(64, 2)
-> Request 1
209
(3, 1, 1)
2
(1, 19)
-> Request 2
356
(2, 2, 1)
2
(24, 67)
-> Request 3
383
(2, 3, 2)
2
(54, 2)
-> Request 4
397
(1, 1, 1)
3
(13, 49)
-> Request 5
541
(3, 2, 1)
2
(68, 47)
-> Request 6
572
(1, 2, 1)
3
(19, 22)
-> Request 7
573
(1, 3, 2)
2
(23, 4)
-> Request 8
640
(1, 3, 2)
3
(40, 33)
-> Request 9
708
(2, 3, 2)
3
(34, 29)
-> Request 10
1040
(4, 3, 2)
2
(17, 23)
-> Request 11
1169
(3, 2, 1)
3
(49, 23)
-> Request 12
1233
(1, 2, 2)
3
(36, 12)
--> Day : 4
-> Request 0
80
(4, 1, 1)
3
(59, 53)
-> Request 1
161
(2, 1, 1)
2
(13, 35)
-> Request 2
371
(2, 3, 1)
3
(57, 78)
-> Request 3
825
(1, 1, 2)
2
(47, 53)
-> Request 4
1040
(3, 2, 2)
3
(10, 62)
-> Request 5
1412
(4, 2, 2)
3
(6, 60)
-> Request 6
1430
(2, 2, 1)
1
(64, 18)
---> Week : 11
--> Day : 0
-> Request 0
259
(3, 2, 2)
1
(15, 7)
-> Request 1
388
(4, 2, 2)
2
(62, 66)
-> Request 2
436
(2, 2, 2)
1
(30, 44)
-> Request 3
525
(2, 2, 1)
3
(67, 26)
-> Request 4
548
(1, 3, 2)
2
(24, 42)
-> Request 5
631
(1, 2, 1)
2
(21, 37)
-> Request 6
643
(3, 1, 1)
2
(30, 40)
-> Request 7
842
(4, 1, 1)
1
(77, 64)
-> Request 8
1370
(1, 2, 2)
2
(15, 61)
-> Request 9
1390
(1, 1, 1)
1
(24, 37)
--> Day : 1
-> Request 0
75
(3, 2, 1)
2
(45, 44)
-> Request 1
217
(3, 3, 1)
1
(31, 21)
-> Request 2
565
(2, 3, 2)
1
(9, 70)
-> Request 3
671
(4, 2, 2)
1
(75, 46)
-> Request 4
686
(3, 2, 1)
1
(1, 61)
-> Request 5
786
(3, 2, 2)
1
(38, 12)
-> Request 6
786
(2, 2, 1)
2
(19, 17)
-> Request 7
820
(1, 1, 1)
2
(66, 20)
-> Request 8
846
(3, 1, 2)
3
(65, 56)
-> Request 9
1103
(3, 2, 2)
1
(20, 76)
-> Request 10
1338
(2, 3, 1)
2
(62, 73)
--> Day : 2
-> Request 0
20
(3, 2, 1)
3
(51, 75)
-> Request 1
178
(3, 3, 1)
1
(67, 73)
-> Request 2
209
(3, 1, 1)
2
(60, 20)
-> Request 3
393
(4, 2, 2)
3
(55, 67)
-> Request 4
398
(2, 1, 1)
3
(69, 75)
-> Request 5
559
(3, 2, 1)
1
(75, 6)
-> Request 6
588
(2, 2, 2)
3
(19, 55)
-> Request 7
658
(2, 2, 1)
3
(20, 53)
-> Request 8
682
(3, 2, 1)
3
(67, 6)
-> Request 9
1315
(2, 3, 1)
2
(19, 42)
--> Day : 3
-> Request 0
88
(3, 2, 2)
2
(62, 19)
-> Request 1
138
(1, 2, 2)
2
(25, 38)
-> Request 2
194
(3, 2, 2)
3
(64, 44)
-> Request 3
361
(4, 3, 1)
2
(19, 13)
-> Request 4
545
(2, 1, 1)
2
(54, 27)
-> Request 5
620
(3, 1, 1)
1
(14, 29)
-> Request 6
738
(4, 1, 2)
2
(72, 75)
-> Request 7
942
(3, 3, 2)
3
(31, 69)
-> Request 8
1193
(2, 2, 1)
3
(49, 66)
--> Day : 4
-> Request 0
21
(1, 2, 2)
1
(68, 26)
-> Request 1
98
(1, 2, 2)
3
(24, 41)
-> Request 2
412
(4, 1, 1)
3
(47, 78)
-> Request 3
496
(1, 2, 2)
3
(11, 64)
-> Request 4
840
(2, 3, 2)
2
(4, 76)
-> Request 5
1031
(3, 2, 2)
2
(57, 3)
-> Request 6
1099
(2, 2, 1)
2
(73, 65)
-> Request 7
1164
(2, 2, 1)
2
(79, 35)
---> Week : 12
--> Day : 0
-> Request 0
170
(3, 3, 1)
2
(75, 11)
-> Request 1
451
(1, 2, 2)
3
(31, 75)
-> Request 2
693
(2, 3, 2)
3
(74, 46)
-> Request 3
827
(4, 3, 1)
2
(73, 19)
-> Request 4
839
(1, 2, 1)
2
(53, 32)
-> Request 5
860
(1, 1, 1)
1
(13, 9)
-> Request 6
1089
(1, 3, 2)
2
(45, 0)
-> Request 7
1093
(2, 2, 2)
2
(79, 50)
-> Request 8
1211
(2, 2, 1)
1
(50, 22)
--> Day : 1
-> Request 0
3
(1, 1, 2)
1
(42, 62)
-> Request 1
110
(3, 2, 1)
3
(1, 4)
-> Request 2
144
(2, 2, 2)
1
(50, 47)
-> Request 3
175
(4, 2, 2)
3
(3, 17)
-> Request 4
380
(2, 1, 1)
2
(76, 24)
-> Request 5
459
(4, 3, 1)
2
(25, 23)
-> Request 6
580
(4, 1, 1)
1
(72, 74)
-> Request 7
948
(4, 2, 2)
3
(21, 74)
-> Request 8
1149
(1, 1, 1)
1
(65, 63)
-> Request 9
1249
(1, 1, 2)
3
(10, 33)
-> Request 10
1371
(3, 1, 2)
1
(1, 71)
-> Request 11
1402
(2, 3, 2)
1
(57, 33)
--> Day : 2
-> Request 0
21
(3, 2, 1)
2
(44, 11)
-> Request 1
134
(2, 3, 2)
3
(49, 71)
-> Request 2
239
(2, 2, 1)
1
(32, 77)
-> Request 3
319
(4, 1, 1)
2
(36, 37)
-> Request 4
517
(4, 1, 2)
2
(77, 69)
-> Request 5
897
(2, 1, 2)
2
(13, 69)
-> Request 6
1069
(3, 2, 2)
2
(32, 2)
-> Request 7
1153
(1, 3, 1)
3
(46, 9)
-> Request 8
1201
(3, 2, 1)
2
(42, 44)
-> Request 9
1374
(3, 1, 1)
1
(1, 9)
-> Request 10
1403
(2, 1, 2)
2
(22, 70)
--> Day : 3
-> Request 0
62
(2, 3, 1)
3
(68, 4)
-> Request 1
125
(4, 1, 1)
3
(9, 60)
-> Request 2
202
(4, 2, 1)
2
(21, 45)
-> Request 3
577
(4, 1, 2)
2
(63, 53)
-> Request 4
698
(4, 1, 1)
3
(56, 20)
-> Request 5
739
(1, 2, 2)
2
(23, 6)
-> Request 6
763
(1, 2, 1)
3
(41, 50)
-> Request 7
964
(1, 3, 2)
2
(60, 75)
-> Request 8
1059
(3, 2, 1)
1
(71, 31)
-> Request 9
1128
(2, 2, 2)
1
(53, 30)
-> Request 10
1371
(2, 3, 2)
2
(68, 5)
--> Day : 4
-> Request 0
508
(4, 1, 1)
2
(36, 76)
-> Request 1
554
(2, 2, 2)
3
(15, 48)
-> Request 2
575
(3, 3, 1)
2
(13, 17)
-> Request 3
1380
(1, 2, 2)
3
(76, 26)
---> Week : 13
--> Day : 0
-> Request 0
33
(2, 2, 2)
2
(68, 17)
-> Request 1
35
(4, 3, 2)
3
(68, 71)
-> Request 2
100
(4, 1, 1)
3
(28, 7)
-> Request 3
129
(1, 3, 2)
1
(45, 33)
-> Request 4
407
(3, 2, 2)
1
(2, 37)
-> Request 5
492
(2, 3, 2)
2
(9, 4)
-> Request 6
495
(3, 3, 1)
3
(61, 45)
-> Request 7
529
(3, 3, 1)
3
(52, 21)
-> Request 8
606
(2, 3, 2)
3
(28, 58)
-> Request 9
875
(1, 2, 1)
2
(77, 29)
-> Request 10
875
(3, 2, 1)
1
(31, 16)
-> Request 11
958
(1, 1, 1)
1
(52, 33)
-> Request 12
1316
(2, 2, 2)
3
(24, 22)
--> Day : 1
-> Request 0
356
(3, 3, 1)
1
(19, 2)
-> Request 1
845
(1, 3, 2)
2
(12, 44)
-> Request 2
948
(3, 1, 1)
2
(6, 0)
-> Request 3
1041
(3, 2, 1)
2
(18, 78)
-> Request 4
1240
(1, 2, 1)
1
(37, 19)
-> Request 5
1274
(4, 1, 1)
3
(66, 27)
-> Request 6
1290
(2, 3, 1)
3
(60, 62)
-> Request 7
1366
(1, 1, 2)
3
(41, 4)
--> Day : 2
-> Request 0
148
(4, 1, 1)
1
(28, 45)
-> Request 1
320
(1, 3, 1)
3
(45, 2)
-> Request 2
658
(3, 3, 2)
3
(48, 57)
-> Request 3
731
(1, 1, 2)
2
(17, 30)
-> Request 4
732
(3, 1, 1)
3
(71, 17)
-> Request 5
1065
(3, 1, 1)
1
(9, 24)
-> Request 6
1066
(4, 2, 2)
1
(21, 22)
-> Request 7
1095
(1, 1, 2)
2
(17, 15)
-> Request 8
1146
(2, 2, 1)
1
(15, 34)
--> Day : 3
-> Request 0
7
(1, 1, 2)
1
(56, 23)
-> Request 1
163
(4, 1, 1)
3
(55, 74)
-> Request 2
361
(2, 2, 1)
3
(72, 69)
-> Request 3
386
(3, 3, 1)
3
(31, 34)
-> Request 4
388
(2, 1, 2)
2
(5, 18)
-> Request 5
418
(4, 1, 2)
2
(32, 24)
-> Request 6
720
(1, 2, 2)
3
(4, 3)
-> Request 7
961
(2, 2, 1)
3
(2, 66)
-> Request 8
1036
(1, 1, 1)
3
(6, 59)
-> Request 9
1114
(3, 2, 1)
2
(17, 45)
-> Request 10
1418
(1, 2, 1)
2
(54, 31)
--> Day : 4
-> Request 0
116
(4, 1, 2)
2
(62, 63)
-> Request 1
229
(1, 3, 2)
2
(73, 77)
-> Request 2
498
(1, 3, 2)
3
(54, 30)
-> Request 3
818
(1, 2, 1)
1
(41, 72)
-> Request 4
1017
(1, 1, 2)
1
(2, 46)
---> Week : 14
--> Day : 0
-> Request 0
40
(3, 1, 1)
1
(10, 37)
-> Request 1
307
(4, 2, 2)
3
(43, 70)
-> Request 2
390
(1, 2, 1)
2
(31, 76)
-> Request 3
541
(1, 1, 2)
1
(49, 32)
-> Request 4
716
(1, 3, 1)
2
(0, 16)
-> Request 5
800
(1, 3, 1)
3
(13, 34)
-> Request 6
805
(2, 1, 1)
1
(54, 24)
-> Request 7
818
(3, 1, 2)
1
(62, 56)
-> Request 8
991
(1, 3, 1)
3
(48, 19)
-> Request 9
1174
(4, 1, 1)
3
(28, 23)
-> Request 10
1297
(1, 2, 1)
1
(39, 40)
-> Request 11
1405
(2, 3, 1)
3
(75, 12)
--> Day : 1
-> Request 0
237
(4, 3, 2)
1
(8, 57)
-> Request 1
383
(3, 1, 2)
1
(4, 2)
-> Request 2
599
(1, 3, 2)
1
(22, 56)
-> Request 3
688
(3, 2, 1)
1
(2, 36)
-> Request 4
780
(1, 3, 2)
3
(79, 6)
-> Request 5
961
(1, 2, 1)
3
(36, 50)
-> Request 6
1236
(4, 3, 2)
3
(46, 17)
-> Request 7
1340
(2, 3, 1)
2
(18, 22)
--> Day : 2
-> Request 0
131
(1, 3, 2)
3
(4, 41)
-> Request 1
267
(2, 1, 2)
1
(19, 14)
-> Request 2
290
(3, 2, 1)
1
(1, 47)
-> Request 3
431
(3, 1, 2)
3
(75, 53)
-> Request 4
473
(4, 1, 1)
2
(3, 48)
-> Request 5
524
(3, 1, 1)
2
(40, 4)
-> Request 6
623
(3, 3, 1)
2
(32, 33)
-> Request 7
636
(1, 2, 2)
3
(41, 62)
-> Request 8
788
(2, 2, 2)
3
(15, 66)
-> Request 9
1021
(4, 1, 2)
1
(7, 7)
-> Request 10
1272
(4, 2, 1)
3
(68, 19)
-> Request 11
1341
(4, 1, 1)
3
(30, 46)
--> Day : 3
-> Request 0
21
(2, 2, 2)
1
(27, 3)
-> Request 1
107
(3, 2, 1)
3
(77, 37)
-> Request 2
231
(4, 1, 2)
3
(42, 62)
-> Request 3
267
(4, 1, 2)
3
(53, 19)
-> Request 4
322
(4, 2, 1)
2
(24, 60)
-> Request 5
348
(3, 2, 1)
3
(72, 33)
-> Request 6
401
(1, 2, 2)
3
(74, 24)
-> Request 7
424
(3, 2, 2)
3
(34, 16)
-> Request 8
435
(3, 3, 2)
3
(1, 1)
-> Request 9
535
(4, 2, 2)
3
(25, 11)
-> Request 10
926
(2, 1, 2)
3
(3, 63)
-> Request 11
995
(4, 1, 2)
1
(18, 2)
-> Request 12
1015
(1, 1, 1)
3
(73, 40)
-> Request 13
1040
(2, 2, 1)
3
(10, 12)
--> Day : 4
-> Request 0
302
(2, 1, 1)
1
(79, 70)
-> Request 1
661
(2, 3, 2)
3
(25, 31)
-> Request 2
1031
(4, 3, 2)
1
(44, 27)
-> Request 3
1236
(4, 1, 1)
3
(67, 4)
-> Request 4
1255
(2, 1, 2)
3
(55, 67)
-> Request 5
1314
(1, 3, 2)
2
(65, 76)
---> Week : 15
--> Day : 0
-> Request 0
685
(4, 2, 2)
3
(25, 57)
-> Request 1
726
(3, 3, 2)
1
(43, 77)
-> Request 2
746
(1, 1, 2)
3
(64, 26)
-> Request 3
871
(3, 1, 2)
3
(21, 18)
-> Request 4
1217
(1, 3, 2)
2
(4, 10)
-> Request 5
1218
(4, 3, 2)
3
(40, 32)
-> Request 6
1261
(4, 2, 2)
1
(6, 73)
-> Request 7
1315
(1, 3, 1)
1
(42, 52)
-> Request 8
1417
(2, 2, 2)
3
(45, 50)
--> Day : 1
-> Request 0
6
(1, 3, 1)
3
(16, 35)
-> Request 1
453
(1, 2, 2)
1
(63, 69)
-> Request 2
489
(1, 2, 1)
2
(41, 42)
-> Request 3
519
(1, 3, 2)
1
(43, 48)
-> Request 4
547
(4, 1, 2)
1
(27, 30)
-> Request 5
775
(4, 1, 1)
2
(13, 5)
-> Request 6
849
(2, 3, 2)
1
(36, 54)
-> Request 7
1034
(2, 2, 1)
1
(49, 6)
-> Request 8
1067
(4, 3, 2)
2
(38, 49)
-> Request 9
1199
(2, 3, 1)
1
(19, 50)
-> Request 10
1231
(1, 1, 2)
1
(22, 19)
-> Request 11
1380
(2, 1, 2)
1
(23, 57)
--> Day : 2
-> Request 0
75
(1, 1, 1)
3
(74, 75)
-> Request 1
301
(4, 3, 1)
2
(75, 49)
-> Request 2
370
(2, 2, 1)
1
(51, 27)
-> Request 3
419
(3, 3, 1)
1
(26, 70)
-> Request 4
567
(4, 1, 1)
2
(57, 10)
-> Request 5
608
(4, 3, 2)
1
(61, 37)
-> Request 6
903
(2, 1, 2)
2
(27, 3)
-> Request 7
974
(1, 3, 1)
1
(40, 62)
-> Request 8
1184
(2, 1, 2)
2
(68, 64)
-> Request 9
1211
(4, 1, 2)
2
(8, 3)
-> Request 10
1313
(2, 3, 1)
2
(26, 47)
-> Request 11
1390
(2, 3, 1)
3
(42, 21)
--> Day : 3
-> Request 0
84
(3, 3, 2)
1
(55, 69)
-> Request 1
115
(4, 1, 1)
3
(11, 52)
-> Request 2
137
(3, 1, 2)
3
(70, 19)
-> Request 3
402
(2, 1, 1)
2
(48, 14)
-> Request 4
432
(3, 1, 1)
1
(78, 4)
-> Request 5
635
(2, 2, 1)
2
(29, 63)
-> Request 6
747
(2, 1, 1)
3
(8, 5)
-> Request 7
793
(3, 3, 1)
2
(23, 32)
-> Request 8
1091
(3, 3, 2)
1
(63, 31)
-> Request 9
1274
(4, 2, 2)
3
(68, 42)
-> Request 10
1279
(4, 2, 1)
3
(22, 40)
-> Request 11
1331
(3, 3, 2)
2
(6, 39)
-> Request 12
1429
(4, 3, 2)
3
(74, 52)
--> Day : 4
-> Request 0
45
(4, 2, 2)
1
(31, 54)
-> Request 1
281
(3, 3, 1)
2
(2, 10)
-> Request 2
285
(1, 2, 2)
2
(56, 78)
-> Request 3
709
(2, 1, 2)
1
(51, 59)
-> Request 4
718
(2, 1, 1)
3
(67, 12)
-> Request 5
1052
(1, 1, 1)
2
(51, 75)
-> Request 6
1106
(2, 1, 1)
3
(5, 62)
-> Request 7
1226
(2, 1, 1)
1
(33, 52)
-> Request 8
1361
(4, 2, 2)
1
(42, 48)
---> Week : 16
--> Day : 0
-> Request 0
476
(1, 2, 1)
1
(67, 30)
-> Request 1
573
(2, 2, 1)
3
(15, 33)
-> Request 2
788
(4, 1, 1)
2
(3, 11)
-> Request 3
1232
(2, 2, 1)
2
(27, 19)
-> Request 4
1255
(3, 3, 1)
3
(20, 48)
-> Request 5
1351
(1, 2, 2)
2
(47, 38)
--> Day : 1
-> Request 0
486
(2, 3, 2)
1
(43, 2)
-> Request 1
703
(1, 3, 2)
1
(72, 49)
-> Request 2
766
(2, 2, 1)
1
(11, 50)
-> Request 3
789
(3, 3, 1)
2
(15, 76)
-> Request 4
933
(3, 1, 1)
1
(1, 74)
-> Request 5
1139
(4, 1, 1)
3
(12, 56)
-> Request 6
1326
(1, 3, 2)
2
(58, 29)
--> Day : 2
-> Request 0
58
(2, 2, 2)
3
(20, 62)
-> Request 1
225
(2, 3, 2)
2
(37, 27)
-> Request 2
297
(3, 3, 1)
3
(61, 28)
-> Request 3
344
(4, 2, 2)
3
(31, 8)
-> Request 4
427
(2, 1, 2)
3
(5, 36)
-> Request 5
443
(3, 1, 2)
3
(23, 9)
-> Request 6
449
(3, 1, 1)
1
(7, 28)
--> Day : 3
-> Request 0
80
(1, 2, 2)
3
(2, 24)
-> Request 1
810
(3, 1, 1)
3
(42, 2)
-> Request 2
1012
(3, 1, 1)
1
(42, 24)
-> Request 3
1149
(4, 2, 1)
3
(9, 20)
-> Request 4
1180
(1, 3, 1)
1
(45, 29)
-> Request 5
1396
(3, 3, 1)
2
(50, 59)
--> Day : 4
-> Request 0
7
(1, 3, 2)
2
(18, 0)
-> Request 1
37
(2, 3, 2)
3
(43, 39)
-> Request 2
380
(1, 3, 2)
2
(9, 37)
-> Request 3
402
(1, 3, 1)
2
(55, 66)
-> Request 4
406
(1, 1, 2)
1
(9, 20)
-> Request 5
458
(1, 2, 2)
2
(4, 12)
-> Request 6
602
(2, 2, 2)
1
(65, 76)
-> Request 7
641
(4, 3, 1)
2
(14, 31)
-> Request 8
644
(1, 1, 2)
2
(23, 24)
-> Request 9
768
(3, 2, 1)
1
(12, 30)
-> Request 10
816
(1, 3, 2)
3
(56, 38)
-> Request 11
868
(3, 1, 1)
2
(72, 18)
-> Request 12
940
(2, 2, 1)
2
(5, 52)
-> Request 13
1166
(3, 1, 2)
3
(57, 48)
---> Week : 17
--> Day : 0
-> Request 0
29
(4, 1, 2)
2
(6, 56)
-> Request 1
88
(1, 3, 2)
3
(44, 20)
-> Request 2
122
(1, 3, 1)
1
(12, 67)
-> Request 3
331
(4, 3, 2)
3
(10, 40)
-> Request 4
414
(2, 3, 1)
3
(55, 42)
-> Request 5
437
(1, 3, 2)
2
(14, 79)
-> Request 6
613
(1, 1, 2)
2
(28, 31)
-> Request 7
677
(4, 3, 1)
3
(32, 9)
-> Request 8
843
(2, 2, 2)
2
(4, 51)
-> Request 9
928
(2, 2, 1)
3
(52, 20)
-> Request 10
1053
(3, 2, 2)
3
(74, 20)
-> Request 11
1180
(2, 1, 2)
1
(41, 79)
-> Request 12
1253
(1, 3, 2)
3
(20, 78)
-> Request 13
1398
(1, 2, 1)
1
(45, 28)
--> Day : 1
-> Request 0
358
(3, 1, 1)
3
(28, 1)
-> Request 1
729
(4, 2, 2)
3
(0, 26)
-> Request 2
744
(2, 3, 2)
2
(33, 56)
-> Request 3
843
(2, 2, 1)
2
(16, 15)
-> Request 4
867
(1, 1, 1)
1
(53, 19)
-> Request 5
869
(3, 1, 2)
2
(56, 8)
-> Request 6
907
(1, 2, 1)
3
(2, 32)
-> Request 7
1044
(1, 2, 2)
2
(68, 66)
-> Request 8
1176
(4, 1, 1)
1
(55, 33)
-> Request 9
1277
(3, 1, 1)
3
(21, 20)
--> Day : 2
-> Request 0
211
(2, 2, 2)
1
(72, 73)
-> Request 1
349
(1, 3, 2)
3
(9, 51)
-> Request 2
369
(1, 2, 2)
1
(23, 78)
-> Request 3
385
(3, 1, 1)
1
(48, 44)
-> Request 4
408
(2, 1, 2)
1
(44, 7)
-> Request 5
579
(1, 3, 1)
1
(29, 3)
-> Request 6
633
(2, 1, 1)
3
(7, 77)
-> Request 7
646
(2, 3, 1)
1
(74, 8)
-> Request 8
889
(3, 3, 2)
3
(12, 22)
-> Request 9
889
(1, 3, 1)
2
(28, 31)
-> Request 10
1195
(4, 2, 1)
2
(7, 4)
-> Request 11
1415
(2, 3, 2)
3
(61, 63)
--> Day : 3
-> Request 0
66
(3, 1, 1)
1
(31, 44)
-> Request 1
309
(1, 2, 1)
2
(66, 76)
-> Request 2
386
(1, 1, 2)
1
(13, 34)
-> Request 3
416
(2, 2, 2)
3
(25, 63)
-> Request 4
551
(3, 2, 1)
2
(71, 40)
-> Request 5
666
(1, 2, 2)
1
(36, 4)
-> Request 6
858
(4, 1, 2)
2
(2, 35)
-> Request 7
903
(4, 3, 2)
3
(50, 75)
-> Request 8
972
(4, 3, 2)
2
(67, 37)
-> Request 9
1012
(4, 2, 1)
2
(58, 73)
-> Request 10
1084
(2, 1, 1)
2
(52, 14)
-> Request 11
1200
(4, 3, 2)
3
(1, 71)
-> Request 12
1370
(3, 3, 1)
3
(63, 49)
--> Day : 4
-> Request 0
379
(1, 2, 2)
1
(26, 44)
-> Request 1
402
(4, 2, 2)
1
(38, 43)
-> Request 2
475
(3, 2, 2)
3
(60, 59)
-> Request 3
476
(1, 1, 1)
1
(25, 63)
-> Request 4
547
(3, 2, 1)
3
(64, 51)
-> Request 5
613
(4, 3, 1)
1
(78, 79)
-> Request 6
683
(4, 3, 1)
2
(20, 66)
-> Request 7
994
(3, 1, 2)
3
(16, 2)
-> Request 8
1356
(2, 1, 1)
3
(29, 9)
-> Request 9
1382
(4, 3, 1)
2
(38, 3)
-> Request 10
1431
(4, 2, 1)
1
(9, 42)
---> Week : 18
--> Day : 0
-> Request 0
97
(1, 1, 1)
3
(2, 22)
-> Request 1
380
(3, 3, 2)
2
(38, 28)
-> Request 2
748
(4, 1, 1)
2
(37, 47)
-> Request 3
879
(1, 2, 2)
2
(50, 67)
-> Request 4
1025
(3, 1, 1)
3
(76, 34)
-> Request 5
1119
(3, 1, 1)
3
(7, 31)
-> Request 6
1323
(4, 3, 2)
2
(17, 28)
-> Request 7
1389
(2, 3, 1)
3
(64, 13)
-> Request 8
1419
(1, 1, 1)
2
(79, 44)
--> Day : 1
-> Request 0
82
(1, 1, 2)
3
(73, 17)
-> Request 1
98
(4, 2, 2)
2
(60, 60)
-> Request 2
118
(2, 2, 1)
1
(0, 35)
-> Request 3
138
(2, 3, 1)
2
(64, 52)
-> Request 4
437
(3, 1, 2)
3
(40, 7)
-> Request 5
458
(3, 3, 2)
1
(14, 67)
-> Request 6
566
(2, 2, 2)
3
(1, 16)
-> Request 7
885
(2, 2, 2)
1
(38, 6)
-> Request 8
1190
(1, 2, 2)
3
(60, 39)
-> Request 9
1205
(2, 2, 2)
2
(22, 2)
-> Request 10
1352
(4, 3, 1)
1
(58, 55)
--> Day : 2
-> Request 0
78
(4, 3, 1)
2
(74, 35)
-> Request 1
348
(3, 3, 1)
3
(54, 21)
-> Request 2
488
(4, 1, 2)
1
(4, 77)
-> Request 3
538
(1, 1, 2)
1
(54, 19)
-> Request 4
540
(4, 3, 2)
1
(53, 36)
-> Request 5
1083
(2, 3, 1)
2
(61, 15)
-> Request 6
1175
(1, 1, 2)
1
(64, 53)
-> Request 7
1437
(3, 3, 2)
3
(11, 71)
--> Day : 3
-> Request 0
65
(4, 1, 2)
2
(71, 61)
-> Request 1
848
(2, 2, 1)
3
(51, 72)
-> Request 2
1030
(4, 1, 1)
2
(47, 72)
-> Request 3
1079
(2, 1, 1)
1
(32, 20)
-> Request 4
1220
(1, 2, 1)
1
(5, 60)
--> Day : 4
-> Request 0
201
(3, 3, 2)
2
(58, 68)
-> Request 1
249
(2, 3, 1)
2
(54, 59)
-> Request 2
253
(4, 2, 2)
1
(53, 73)
-> Request 3
270
(4, 2, 2)
1
(10, 4)
-> Request 4
371
(1, 1, 2)
1
(67, 70)
-> Request 5
468
(2, 2, 1)
1
(60, 27)
-> Request 6
514
(1, 2, 2)
1
(62, 8)
-> Request 7
580
(1, 1, 1)
3
(3, 71)
-> Request 8
582
(4, 1, 2)
3
(41, 31)
-> Request 9
715
(1, 1, 2)
2
(44, 49)
-> Request 10
722
(2, 1, 2)
3
(28, 79)
-> Request 11
724
(2, 2, 2)
1
(62, 45)
-> Request 12
743
(3, 2, 1)
2
(64, 14)
-> Request 13
743
(3, 2, 1)
2
(32, 43)
-> Request 14
1305
(2, 1, 2)
2
(25, 47)
---> Week : 19
--> Day : 0
-> Request 0
105
(2, 1, 2)
3
(1, 61)
-> Request 1
339
(2, 1, 1)
3
(12, 34)
-> Request 2
549
(4, 3, 2)
3
(57, 27)
-> Request 3
681
(1, 1, 1)
1
(79, 28)
--> Day : 1
-> Request 0
62
(1, 2, 2)
2
(12, 13)
-> Request 1
421
(3, 3, 1)
1
(65, 2)
-> Request 2
443
(3, 1, 1)
2
(49, 61)
-> Request 3
468
(1, 1, 2)
2
(54, 28)
-> Request 4
695
(3, 2, 1)
2
(52, 32)
-> Request 5
952
(1, 2, 1)
3
(25, 55)
--> Day : 2
-> Request 0
211
(3, 3, 1)
1
(36, 11)
-> Request 1
868
(1, 2, 2)
3
(15, 53)
-> Request 2
1063
(1, 3, 1)
2
(7, 32)
-> Request 3
1098
(1, 1, 2)
2
(49, 72)
-> Request 4
1213
(3, 1, 1)
1
(20, 62)
-> Request 5
1230
(2, 3, 2)
1
(42, 4)
-> Request 6
1255
(2, 2, 1)
1
(69, 3)
-> Request 7
1279
(2, 1, 2)
3
(30, 4)
--> Day : 3
-> Request 0
10
(3, 2, 2)
1
(18, 70)
-> Request 1
224
(4, 1, 2)
2
(20, 20)
-> Request 2
350
(4, 2, 2)
1
(72, 9)
-> Request 3
440
(3, 1, 1)
1
(72, 61)
-> Request 4
468
(3, 3, 2)
1
(21, 61)
-> Request 5
564
(2, 2, 2)
2
(3, 51)
-> Request 6
730
(3, 2, 2)
1
(57, 15)
-> Request 7
1060
(1, 3, 2)
1
(41, 71)
-> Request 8
1234
(1, 3, 1)
2
(60, 47)
--> Day : 4
-> Request 0
202
(1, 3, 2)
1
(32, 8)
-> Request 1
318
(3, 1, 1)
1
(78, 13)
-> Request 2
602
(3, 3, 1)
3
(37, 69)
-> Request 3
984
(4, 3, 1)
2
(4, 52)
-> Request 4
1068
(3, 1, 2)
2
(18, 48)
-> Request 5
1200
(4, 1, 2)
1
(39, 70)
-> Request 6
1286
(2, 2, 2)
3
(10, 59)
-> Request 7
1385
(4, 3, 2)
1
(45, 60)
