---> Week : 0
--> Day : 0
-> Request 0
7
(2, 1, 2)
3
(32, 7)
-> Request 1
235
(1, 1, 2)
2
(42, 73)
-> Request 2
325
(4, 3, 1)
1
(51, 62)
-> Request 3
620
(2, 3, 1)
1
(57, 62)
-> Request 4
805
(3, 1, 2)
3
(77, 59)
-> Request 5
811
(3, 3, 1)
3
(67, 1)
-> Request 6
868
(3, 3, 2)
1
(60, 54)
-> Request 7
873
(4, 1, 2)
1
(48, 16)
-> Request 8
965
(1, 1, 1)
1
(67, 0)
-> Request 9
995
(2, 2, 2)
1
(70, 12)
-> Request 10
1111
(3, 2, 1)
1
(20, 76)
--> Day : 1
-> Request 0
59
(2, 3, 2)
1
(45, 41)
-> Request 1
280
(1, 1, 2)
1
(49, 19)
-> Request 2
489
(1, 1, 2)
1
(78, 22)
-> Request 3
845
(1, 3, 2)
1
(43, 23)
-> Request 4
858
(2, 2, 1)
1
(5, 2)
-> Request 5
917
(4, 3, 1)
1
(79, 39)
-> Request 6
1196
(3, 2, 2)
3
(57, 1)
--> Day : 2
-> Request 0
141
(2, 3, 2)
1
(7, 77)
-> Request 1
548
(2, 2, 2)
3
(51, 2)
-> Request 2
728
(1, 3, 1)
2
(5, 48)
-> Request 3
1022
(2, 1, 2)
2
(47, 41)
-> Request 4
1116
(2, 2, 1)
2
(57, 17)
-> Request 5
1200
(1, 1, 2)
2
(49, 41)
-> Request 6
1267
(4, 1, 2)
3
(26, 6)
-> Request 7
1313
(4, 2, 1)
3
(72, 44)
--> Day : 3
-> Request 0
16
(1, 1, 2)
3
(68, 70)
-> Request 1
127
(4, 1, 2)
1
(15, 8)
-> Request 2
407
(2, 2, 2)
3
(31, 71)
-> Request 3
474
(4, 3, 1)
3
(7, 73)
-> Request 4
483
(2, 1, 2)
3
(42, 69)
-> Request 5
549
(2, 2, 2)
2
(17, 8)
-> Request 6
631
(4, 3, 1)
2
(77, 66)
-> Request 7
703
(2, 2, 2)
3
(26, 25)
-> Request 8
769
(1, 1, 1)
1
(22, 46)
-> Request 9
789
(2, 1, 2)
2
(53, 31)
-> Request 10
1059
(3, 1, 1)
1
(38, 40)
-> Request 11
1067
(4, 3, 2)
1
(48, 35)
-> Request 12
1300
(4, 3, 1)
1
(47, 73)
--> Day : 4
-> Request 0
170
(3, 1, 1)
1
(29, 6)
-> Request 1
446
(3, 2, 2)
2
(19, 4)
-> Request 2
550
(4, 2, 2)
1
(22, 42)
-> Request 3
565
(1, 1, 1)
2
(61, 71)
-> Request 4
675
(1, 1, 2)
3
(51, 60)
-> Request 5
898
(1, 1, 2)
1
(72, 59)
-> Request 6
948
(2, 3, 1)
3
(42, 37)
-> Request 7
1004
(2, 1, 2)
1
(6, 2)
-> Request 8
1014
(2, 2, 2)
3
(16, 42)
-> Request 9
1151
(2, 3, 2)
3
(4, 15)
-> Request 10
1262
(2, 1, 2)
2
(42, 46)
-> Request 11
1275
(2, 1, 2)
3
(60, 17)
-> Request 12
1319
(3, 2, 2)
3
(79, 9)
---> Week : 1
--> Day : 0
-> Request 0
341
(3, 3, 1)
3
(55, 41)
-> Request 1
391
(2, 2, 1)
3
(57, 67)
-> Request 2
442
(3, 3, 2)
2
(0, 78)
-> Request 3
780
(3, 3, 2)
3
(28, 62)
-> Request 4
1040
(2, 3, 2)
2
(33, 42)
-> Request 5
1132
(2, 1, 1)
1
(14, 56)
-> Request 6
1133
(2, 3, 2)
2
(79, 72)
-> Request 7
1205
(1, 2, 1)
3
(62, 34)
-> Request 8
1316
(1, 1, 2)
2
(77, 22)
--> Day : 1
-> Request 0
37
(3, 3, 2)
3
(52, 7)
-> Request 1
130
(3, 2, 1)
3
(27, 8)
-> Request 2
284
(1, 1, 1)
1
(30, 41)
-> Request 3
285
(4, 3, 2)
1
(49, 37)
-> Request 4
389
(1, 3, 1)
3
(2, 70)
-> Request 5
579
(2, 3, 2)
1
(56, 17)
-> Request 6
670
(1, 2, 1)
2
(57, 4)
-> Request 7
876
(4, 2, 2)
3
(23, 52)
-> Request 8
896
(3, 3, 2)
2
(57, 73)
-> Request 9
1185
(4, 2, 2)
3
(74, 15)
-> Request 10
1199
(3, 3, 2)
3
(53, 5)
-> Request 11
1254
(2, 3, 2)
2
(1, 56)
--> Day : 2
-> Request 0
29
(2, 1, 2)
1
(14, 40)
-> Request 1
48
(1, 3, 2)
2
(27, 19)
-> Request 2
202
(3, 3, 1)
2
(75, 60)
-> Request 3
275
(2, 3, 2)
2
(16, 68)
-> Request 4
397
(4, 2, 1)
2
(22, 56)
-> Request 5
571
(4, 2, 1)
2
(35, 38)
-> Request 6
661
(3, 3, 2)
3
(4, 51)
-> Request 7
795
(4, 1, 2)
1
(5, 57)
-> Request 8
956
(3, 1, 1)
2
(58, 48)
-> Request 9
1054
(3, 1, 2)
1
(31, 54)
-> Request 10
1084
(2, 3, 2)
2
(68, 1)
--> Day : 3
-> Request 0
153
(4, 2, 1)
2
(53, 20)
-> Request 1
192
(4, 3, 1)
1
(0, 41)
-> Request 2
199
(2, 1, 1)
1
(60, 36)
-> Request 3
287
(1, 1, 2)
2
(35, 35)
-> Request 4
302
(2, 3, 1)
3
(61, 39)
-> Request 5
459
(4, 2, 2)
1
(44, 36)
-> Request 6
652
(1, 3, 2)
1
(18, 8)
-> Request 7
871
(4, 3, 1)
1
(30, 27)
-> Request 8
942
(3, 3, 1)
1
(50, 51)
-> Request 9
1246
(1, 3, 2)
1
(27, 24)
-> Request 10
1307
(1, 3, 1)
3
(49, 16)
-> Request 11
1316
(2, 2, 1)
3
(76, 1)
-> Request 12
1350
(4, 1, 2)
1
(65, 31)
--> Day : 4
-> Request 0
117
(3, 2, 1)
1
(48, 49)
-> Request 1
279
(2, 1, 1)
2
(61, 11)
-> Request 2
1203
(2, 2, 1)
1
(30, 16)
-> Request 3
1218
(2, 2, 2)
2
(17, 69)
-> Request 4
1308
(2, 1, 2)
3
(20, 30)
-> Request 5
1326
(1, 1, 2)
2
(55, 30)
---> Week : 2
--> Day : 0
-> Request 0
114
(1, 2, 1)
3
(75, 2)
-> Request 1
120
(3, 3, 1)
2
(10, 54)
-> Request 2
604
(4, 3, 1)
3
(75, 66)
-> Request 3
651
(2, 1, 2)
1
(70, 49)
-> Request 4
1017
(3, 1, 2)
3
(77, 49)
-> Request 5
1129
(4, 3, 1)
1
(56, 10)
-> Request 6
1194
(3, 1, 2)
1
(65, 28)
-> Request 7
1422
(2, 3, 2)
1
(22, 26)
--> Day : 1
-> Request 0
36
(3, 2, 1)
1
(65, 28)
-> Request 1
106
(3, 1, 2)
3
(33, 9)
-> Request 2
212
(1, 3, 2)
2
(36, 8)
-> Request 3
287
(2, 3, 2)
1
(1, 79)
-> Request 4
289
(4, 1, 1)
3
(58, 24)
-> Request 5
299
(4, 1, 1)
1
(63, 78)
-> Request 6
463
(2, 2, 2)
1
(38, 9)
-> Request 7
463
(3, 1, 1)
3
(39, 6)
-> Request 8
483
(2, 3, 2)
1
(8, 64)
-> Request 9
639
(1, 3, 2)
3
(37, 3)
-> Request 10
975
(1, 2, 2)
3
(24, 64)
-> Request 11
1114
(1, 1, 1)
3
(67, 30)
-> Request 12
1310
(4, 2, 2)
1
(17, 29)
--> Day : 2
-> Request 0
149
(4, 3, 2)
3
(58, 71)
-> Request 1
300
(3, 2, 1)
3
(26, 75)
-> Request 2
537
(4, 1, 1)
1
(22, 0)
-> Request 3
712
(3, 2, 1)
3
(9, 44)
-> Request 4
858
(4, 2, 1)
2
(74, 39)
-> Request 5
1207
(4, 2, 2)
3
(29, 68)
-> Request 6
1217
(3, 1, 2)
3
(65, 23)
--> Day : 3
-> Request 0
102
(3, 3, 2)
3
(24, 57)
-> Request 1
226
(2, 1, 2)
1
(54, 41)
-> Request 2
347
(4, 1, 2)
1
(60, 23)
-> Request 3
406
(3, 3, 2)
3
(38, 56)
-> Request 4
456
(4, 1, 1)
1
(1, 77)
-> Request 5
466
(4, 1, 1)
2
(1, 51)
-> Request 6
658
(1, 2, 2)
3
(4, 62)
-> Request 7
731
(4, 1, 1)
2
(52, 73)
-> Request 8
954
(2, 1, 1)
3
(30, 21)
-> Request 9
1070
(3, 1, 2)
2
(2, 0)
-> Request 10
1351
(4, 1, 1)
1
(46, 59)
--> Day : 4
-> Request 0
62
(1, 3, 1)
2
(62, 79)
-> Request 1
365
(1, 3, 2)
3
(75, 44)
-> Request 2
452
(1, 2, 2)
2
(40, 41)
-> Request 3
485
(1, 1, 2)
1
(58, 59)
-> Request 4
580
(1, 3, 1)
1
(1, 76)
-> Request 5
618
(3, 2, 1)
3
(18, 57)
-> Request 6
1238
(4, 2, 2)
1
(36, 1)
-> Request 7
1303
(1, 1, 2)
1
(70, 6)
-> Request 8
1393
(1, 3, 2)
1
(22, 17)
---> Week : 3
--> Day : 0
-> Request 0
337
(3, 3, 1)
1
(60, 41)
-> Request 1
538
(4, 1, 1)
3
(48, 36)
-> Request 2
616
(2, 2, 1)
2
(38, 54)
-> Request 3
637
(1, 2, 2)
2
(39, 56)
-> Request 4
641
(2, 2, 2)
3
(29, 48)
-> Request 5
789
(4, 3, 2)
1
(62, 51)
-> Request 6
1174
(3, 3, 1)
2
(42, 0)
-> Request 7
1207
(3, 3, 2)
2
(53, 69)
--> Day : 1
-> Request 0
70
(2, 1, 1)
1
(49, 3)
-> Request 1
138
(3, 1, 1)
3
(18, 58)
-> Request 2
538
(2, 3, 2)
3
(68, 34)
-> Request 3
654
(2, 1, 2)
3
(14, 31)
-> Request 4
910
(1, 2, 2)
1
(50, 4)
-> Request 5
990
(3, 1, 2)
2
(61, 31)
-> Request 6
997
(1, 2, 1)
2
(79, 33)
-> Request 7
1017
(4, 1, 1)
2
(7, 5)
-> Request 8
1032
(1, 2, 1)
1
(58, 79)
-> Request 9
1180
(1, 2, 2)
2
(68, 78)
-> Request 10
1191
(4, 3, 2)
1
(55, 58)
-> Request 11
1295
(1, 2, 1)
3
(71, 46)
-> Request 12
1337
(4, 1, 1)
1
(44, 15)
--> Day : 2
-> Request 0
18
(4, 1, 1)
1
(64, 33)
-> Request 1
108
(1, 1, 2)
1
(14, 61)
-> Request 2
263
(2, 2, 2)
1
(46, 55)
-> Request 3
375
(2, 3, 1)
1
(35, 47)
-> Request 4
775
(4, 1, 1)
2
(52, 72)
-> Request 5
925
(3, 2, 2)
2
(27, 1)
-> Request 6
990
(3, 1, 2)
3
(46, 21)
-> Request 7
1043
(4, 2, 1)
3
(24, 22)
--> Day : 3
-> Request 0
34
(2, 2, 2)
1
(6, 27)
-> Request 1
100
(2, 3, 1)
2
(62, 65)
-> Request 2
211
(2, 1, 1)
3
(71, 52)
-> Request 3
389
(4, 3, 1)
2
(64, 57)
-> Request 4
433
(2, 3, 2)
3
(42, 37)
-> Request 5
465
(1, 3, 2)
2
(12, 27)
-> Request 6
968
(4, 2, 1)
1
(55, 15)
-> Request 7
976
(1, 2, 2)
3
(49, 73)
-> Request 8
1024
(1, 1, 2)
1
(68, 71)
-> Request 9
1123
(4, 1, 1)
2
(11, 36)
-> Request 10
1290
(3, 2, 2)
2
(0, 8)
-> Request 11
1381
(4, 1, 2)
1
(23, 18)
-> Request 12
1410
(4, 1, 2)
2
(14, 15)
--> Day : 4
-> Request 0
268
(3, 1, 2)
1
(21, 29)
-> Request 1
281
(4, 2, 2)
2
(54, 76)
-> Request 2
315
(2, 3, 2)
1
(18, 56)
-> Request 3
581
(3, 3, 2)
1
(59, 29)
-> Request 4
587
(2, 3, 2)
2
(53, 79)
-> Request 5
602
(1, 2, 1)
3
(30, 36)
-> Request 6
691
(2, 2, 2)
2
(69, 59)
-> Request 7
762
(4, 1, 1)
2
(42, 72)
-> Request 8
809
(4, 2, 1)
1
(57, 57)
-> Request 9
1138
(2, 3, 2)
1
(6, 67)
-> Request 10
1181
(1, 2, 2)
2
(29, 55)
-> Request 11
1268
(1, 2, 1)
1
(75, 2)
-> Request 12
1337
(3, 3, 2)
1
(78, 40)
---> Week : 4
--> Day : 0
-> Request 0
101
(1, 2, 1)
2
(33, 11)
-> Request 1
104
(3, 3, 1)
3
(50, 60)
-> Request 2
139
(4, 3, 2)
2
(46, 36)
-> Request 3
141
(1, 3, 2)
3
(67, 67)
-> Request 4
144
(4, 2, 2)
3
(34, 64)
-> Request 5
192
(3, 2, 1)
1
(34, 4)
-> Request 6
348
(1, 3, 2)
3
(5, 52)
-> Request 7
361
(3, 2, 1)
3
(71, 24)
-> Request 8
372
(4, 2, 2)
2
(42, 54)
-> Request 9
395
(4, 3, 2)
1
(4, 33)
-> Request 10
406
(3, 3, 2)
3
(48, 26)
-> Request 11
444
(1, 1, 1)
3
(2, 49)
-> Request 12
483
(4, 1, 1)
3
(17, 69)
-> Request 13
688
(1, 2, 1)
3
(34, 1)
-> Request 14
914
(4, 2, 2)
1
(74, 74)
-> Request 15
921
(2, 1, 1)
3
(47, 78)
-> Request 16
1105
(1, 3, 1)
1
(14, 59)
-> Request 17
1283
(1, 2, 1)
3
(57, 54)
-> Request 18
1392
(3, 1, 1)
3
(56, 13)
--> Day : 1
-> Request 0
1
(1, 2, 2)
1
(23, 34)
-> Request 1
493
(2, 3, 2)
3
(7, 47)
-> Request 2
494
(3, 1, 1)
1
(58, 30)
-> Request 3
524
(3, 3, 2)
3
(64, 50)
-> Request 4
584
(2, 2, 2)
1
(6, 27)
-> Request 5
655
(3, 3, 1)
2
(77, 28)
-> Request 6
896
(3, 1, 2)
2
(35, 78)
--> Day : 2
-> Request 0
86
(3, 3, 2)
2
(34, 23)
-> Request 1
128
(4, 2, 2)
2
(57, 8)
-> Request 2
445
(1, 3, 2)
1
(30, 48)
-> Request 3
459
(4, 2, 2)
2
(45, 10)
-> Request 4
974
(4, 2, 1)
2
(49, 47)
-> Request 5
1093
(2, 2, 2)
2
(67, 73)
-> Request 6
1098
(1, 2, 1)
1
(0, 48)
-> Request 7
1143
(3, 3, 1)
2
(63, 21)
-> Request 8
1260
(1, 3, 1)
1
(3, 23)
-> Request 9
1291
(3, 2, 2)
2
(3, 47)
--> Day : 3
-> Request 0
83
(2, 2, 2)
1
(74, 27)
-> Request 1
876
(3, 3, 1)
1
(57, 27)
-> Request 2
941
(4, 3, 1)
1
(76, 59)
-> Request 3
955
(1, 2, 1)
3
(56, 9)
-> Request 4
1018
(3, 3, 1)
1
(41, 54)
-> Request 5
1120
(3, 1, 2)
1
(72, 25)
-> Request 6
1122
(1, 3, 1)
2
(2, 28)
-> Request 7
1413
(1, 3, 2)
3
(40, 3)
-> Request 8
1419
(2, 2, 2)
3
(37, 32)
-> Request 9
1430
(1, 2, 2)
3
(2, 41)
--> Day : 4
-> Request 0
340
(2, 3, 2)
1
(47, 61)
-> Request 1
485
(3, 2, 1)
1
(42, 2)
-> Request 2
571
(4, 3, 1)
1
(46, 25)
-> Request 3
638
(3, 3, 2)
2
(23, 13)
-> Request 4
651
(3, 2, 2)
3
(12, 19)
-> Request 5
745
(4, 2, 1)
2
(75, 59)
-> Request 6
884
(4, 1, 1)
1
(44, 14)
-> Request 7
1048
(1, 3, 2)
3
(76, 22)
-> Request 8
1089
(3, 3, 1)
2
(24, 35)
-> Request 9
1211
(1, 2, 2)
1
(58, 27)
-> Request 10
1427
(4, 3, 2)
2
(19, 14)
---> Week : 5
--> Day : 0
-> Request 0
124
(2, 3, 2)
3
(38, 39)
-> Request 1
687
(3, 3, 1)
2
(61, 36)
-> Request 2
743
(1, 3, 2)
1
(52, 14)
-> Request 3
948
(3, 2, 1)
2
(41, 2)
-> Request 4
1110
(1, 3, 1)
2
(19, 31)
--> Day : 1
-> Request 0
81
(1, 1, 2)
1
(14, 48)
-> Request 1
191
(3, 3, 2)
1
(62, 68)
-> Request 2
257
(4, 1, 2)
3
(9, 71)
-> Request 3
274
(2, 2, 1)
3
(27, 49)
-> Request 4
489
(1, 2, 2)
1
(19, 3)
-> Request 5
710
(3, 1, 1)
2
(61, 42)
-> Request 6
910
(1, 1, 2)
3
(32, 13)
-> Request 7
978
(2, 3, 1)
3
(70, 71)
-> Request 8
1107
(4, 1, 2)
1
(38, 37)
-> Request 9
1142
(4, 3, 1)
3
(50, 15)
-> Request 10
1330
(3, 3, 1)
2
(73, 31)
--> Day : 2
-> Request 0
84
(4, 2, 2)
2
(2, 17)
-> Request 1
95
(3, 2, 1)
1
(63, 14)
-> Request 2
129
(4, 2, 2)
3
(5, 66)
-> Request 3
820
(2, 1, 2)
1
(79, 17)
-> Request 4
965
(1, 1, 1)
2
(64, 79)
-> Request 5
972
(3, 3, 1)
1
(40, 32)
-> Request 6
1281
(3, 3, 2)
1
(53, 23)
-> Request 7
1377
(3, 2, 2)
2
(73, 18)
--> Day : 3
-> Request 0
151
(3, 3, 2)
2
(38, 55)
-> Request 1
232
(2, 3, 2)
3
(33, 16)
-> Request 2
393
(3, 1, 2)
1
(20, 0)
-> Request 3
666
(1, 1, 2)
2
(17, 41)
-> Request 4
708
(4, 3, 2)
1
(56, 50)
-> Request 5
898
(2, 2, 2)
1
(29, 53)
-> Request 6
977
(1, 2, 2)
3
(76, 63)
-> Request 7
1184
(1, 1, 2)
3
(71, 24)
-> Request 8
1262
(1, 3, 1)
3
(63, 70)
--> Day : 4
-> Request 0
397
(2, 2, 2)
1
(68, 8)
-> Request 1
581
(4, 1, 2)
3
(76, 29)
-> Request 2
654
(2, 2, 2)
1
(7, 55)
-> Request 3
866
(3, 2, 2)
2
(79, 5)
-> Request 4
1016
(4, 2, 2)
1
(36, 69)
---> Week : 6
--> Day : 0
-> Request 0
343
(2, 2, 1)
1
(76, 7)
-> Request 1
491
(3, 2, 2)
1
(9, 41)
-> Request 2
497
(3, 2, 2)
3
(11, 36)
-> Request 3
727
(2, 2, 2)
2
(22, 71)
-> Request 4
986
(2, 2, 2)
2
(26, 23)
--> Day : 1
-> Request 0
123
(3, 3, 1)
3
(25, 39)
-> Request 1
336
(4, 1, 2)
2
(22, 14)
-> Request 2
379
(3, 2, 2)
3
(43, 24)
-> Request 3
663
(2, 1, 1)
3
(19, 21)
-> Request 4
704
(4, 1, 2)
2
(24, 71)
-> Request 5
902
(2, 3, 2)
3
(43, 60)
-> Request 6
1067
(1, 1, 2)
2
(75, 8)
-> Request 7
1383
(4, 2, 2)
1
(48, 76)
-> Request 8
1429
(3, 1, 2)
2
(54, 28)
--> Day : 2
-> Request 0
12
(1, 2, 2)
2
(75, 74)
-> Request 1
517
(1, 3, 1)
2
(33, 57)
-> Request 2
528
(4, 1, 2)
3
(48, 40)
-> Request 3
535
(1, 2, 1)
3
(32, 23)
-> Request 4
570
(4, 3, 1)
1
(26, 56)
-> Request 5
653
(4, 1, 1)
1
(25, 23)
-> Request 6
942
(4, 3, 1)
3
(39, 52)
-> Request 7
1074
(4, 3, 2)
1
(27, 78)
-> Request 8
1364
(4, 3, 2)
2
(52, 48)
--> Day : 3
-> Request 0
110
(4, 1, 1)
3
(22, 51)
-> Request 1
391
(3, 1, 1)
1
(25, 28)
-> Request 2
403
(3, 3, 1)
1
(41, 10)
-> Request 3
424
(4, 3, 1)
2
(15, 5)
-> Request 4
503
(1, 3, 1)
1
(14, 75)
-> Request 5
505
(1, 1, 2)
2
(45, 49)
-> Request 6
694
(4, 1, 1)
1
(29, 42)
-> Request 7
730
(2, 2, 1)
2
(53, 1)
-> Request 8
1098
(4, 2, 1)
3
(17, 11)
-> Request 9
1178
(4, 3, 1)
2
(28, 65)
--> Day : 4
-> Request 0
46
(3, 3, 2)
2
(79, 54)
-> Request 1
68
(2, 3, 1)
2
(29, 49)
-> Request 2
80
(1, 1, 1)
2
(72, 47)
-> Request 3
138
(2, 1, 2)
1
(56, 50)
-> Request 4
212
(3, 1, 2)
2
(5, 43)
-> Request 5
345
(1, 1, 1)
3
(56, 16)
-> Request 6
461
(1, 1, 2)
1
(44, 53)
-> Request 7
519
(3, 3, 1)
3
(68, 10)
-> Request 8
529
(2, 2, 1)
2
(33, 32)
-> Request 9
594
(4, 1, 1)
3
(63, 8)
-> Request 10
667
(4, 2, 2)
1
(39, 4)
-> Request 11
798
(4, 1, 2)
2
(57, 44)
-> Request 12
1088
(4, 2, 2)
2
(72, 65)
-> Request 13
1172
(1, 1, 1)
3
(13, 24)
-> Request 14
1214
(4, 1, 1)
3
(60, 16)
---> Week : 7
--> Day : 0
-> Request 0
259
(4, 2, 1)
1
(45, 1)
-> Request 1
345
(3, 2, 2)
2
(1, 75)
-> Request 2
830
(1, 2, 2)
3
(14, 66)
-> Request 3
1140
(1, 1, 1)
2
(18, 64)
-> Request 4
1207
(2, 2, 2)
2
(58, 65)
-> Request 5
1256
(4, 2, 2)
2
(2, 74)
--> Day : 1
-> Request 0
92
(2, 2, 1)
3
(69, 59)
-> Request 1
117
(1, 1, 1)
1
(39, 18)
-> Request 2
138
(3, 3, 2)
1
(76, 0)
-> Request 3
299
(4, 3, 2)
3
(59, 64)
-> Request 4
386
(3, 2, 2)
3
(32, 53)
-> Request 5
453
(3, 2, 1)
2
(51, 3)
-> Request 6
635
(1, 2, 2)
2
(43, 71)
-> Request 7
687
(3, 2, 2)
2
(77, 42)
-> Request 8
810
(4, 2, 2)
3
(27, 11)
-> Request 9
859
(1, 2, 1)
3
(66, 48)
-> Request 10
871
(1, 1, 1)
3
(41, 55)
-> Request 11
961
(1, 2, 1)
2
(32, 7)
-> Request 12
981
(4, 1, 1)
2
(32, 6)
-> Request 13
1301
(1, 2, 1)
1
(44, 27)
-> Request 14
1347
(2, 3, 2)
1
(40, 8)
--> Day : 2
-> Request 0
18
(3, 2, 1)
3
(59, 25)
-> Request 1
23
(3, 3, 1)
3
(76, 48)
-> Request 2
43
(1, 2, 1)
1
(41, 12)
-> Request 3
68
(2, 1, 1)
2
(38, 50)
-> Request 4
97
(2, 1, 1)
3
(32, 63)
-> Request 5
178
(1, 2, 1)
3
(21, 10)
-> Request 6
206
(4, 2, 1)
3
(4, 0)
-> Request 7
413
(1, 2, 2)
3
(22, 11)
-> Request 8
501
(4, 2, 2)
3
(75, 53)
-> Request 9
599
(3, 3, 1)
1
(4, 13)
-> Request 10
642
(1, 3, 1)
1
(8, 51)
-> Request 11
877
(2, 2, 2)
1
(24, 44)
-> Request 12
899
(4, 1, 1)
2
(79, 72)
--> Day : 3
-> Request 0
101
(4, 1, 2)
3
(73, 61)
-> Request 1
267
(2, 2, 2)
1
(68, 11)
-> Request 2
384
(4, 3, 1)
1
(23, 8)
-> Request 3
392
(3, 2, 2)
1
(51, 53)
-> Request 4
414
(1, 2, 2)
1
(32, 62)
-> Request 5
456
(4, 1, 2)
1
(53, 54)
-> Request 6
606
(4, 3, 1)
2
(47, 20)
-> Request 7
638
(4, 1, 1)
3
(42, 9)
-> Request 8
746
(3, 2, 2)
2
(6, 13)
-> Request 9
748
(4, 2, 2)
3
(52, 68)
-> Request 10
1004
(3, 2, 2)
1
(61, 70)
-> Request 11
1056
(3, 2, 2)
1
(59, 2)
-> Request 12
1095
(1, 1, 1)
1
(76, 58)
-> Request 13
1192
(2, 2, 2)
2
(7, 46)
-> Request 14
1308
(1, 3, 1)
1
(10, 54)
--> Day : 4
-> Request 0
56
(3, 1, 1)
1
(28, 67)
-> Request 1
193
(2, 2, 2)
2
(71, 9)
-> Request 2
497
(3, 2, 1)
3
(23, 71)
-> Request 3
546
(2, 1, 1)
2
(47, 8)
-> Request 4
569
(2, 1, 2)
2
(19, 74)
-> Request 5
700
(1, 2, 2)
2
(79, 25)
-> Request 6
873
(2, 2, 2)
3
(72, 71)
-> Request 7
1080
(4, 1, 2)
1
(13, 22)
-> Request 8
1155
(4, 2, 2)
1
(2, 72)
-> Request 9
1345
(3, 2, 1)
1
(32, 21)
---> Week : 8
--> Day : 0
-> Request 0
430
(3, 1, 2)
1
(58, 70)
-> Request 1
891
(1, 3, 1)
2
(72, 75)
-> Request 2
982
(4, 3, 2)
1
(70, 10)
-> Request 3
1003
(1, 2, 1)
2
(6, 72)
-> Request 4
1379
(2, 1, 2)
3
(78, 51)
-> Request 5
1409
(2, 1, 1)
1
(43, 50)
-> Request 6
1419
(3, 1, 1)
3
(58, 17)
--> Day : 1
-> Request 0
36
(1, 2, 1)
3
(43, 60)
-> Request 1
206
(4, 3, 1)
1
(50, 13)
-> Request 2
236
(1, 1, 1)
3
(33, 40)
-> Request 3
259
(3, 3, 1)
1
(63, 0)
-> Request 4
295
(2, 2, 2)
2
(50, 3)
-> Request 5
359
(1, 1, 2)
2
(69, 45)
-> Request 6
630
(3, 3, 2)
1
(45, 60)
-> Request 7
673
(4, 3, 2)
1
(6, 67)
-> Request 8
728
(3, 2, 2)
3
(59, 10)
-> Request 9
765
(2, 2, 2)
3
(14, 20)
-> Request 10
870
(3, 3, 1)
3
(16, 47)
-> Request 11
1027
(2, 2, 2)
3
(50, 18)
-> Request 12
1081
(3, 1, 2)
1
(15, 62)
-> Request 13
1290
(2, 2, 1)
3
(2, 9)
-> Request 14
1341
(1, 1, 1)
2
(36, 12)
-> Request 15
1366
(1, 1, 1)
3
(31, 70)
-> Request 16
1372
(1, 3, 2)
1
(17, 69)
-> Request 17
1397
(3, 3, 1)
2
(56, 33)
--> Day : 2
-> Request 0
191
(2, 3, 2)
2
(79, 15)
-> Request 1
216
(4, 1, 2)
2
(32, 27)
-> Request 2
282
(4, 3, 1)
3
(54, 34)
-> Request 3
511
(1, 3, 1)
3
(9, 11)
-> Request 4
756
(4, 1, 1)
2
(37, 26)
-> Request 5
784
(2, 2, 2)
3
(60, 5)
-> Request 6
985
(1, 2, 2)
1
(65, 12)
-> Request 7
986
(2, 1, 2)
3
(65, 71)
-> Request 8
1105
(3, 2, 2)
3
(65, 62)
-> Request 9
1282
(2, 3, 2)
3
(0, 52)
-> Request 10
1372
(3, 1, 2)
2
(21, 29)
-> Request 11
1420
(4, 3, 1)
3
(5, 15)
--> Day : 3
-> Request 0
31
(2, 2, 2)
3
(31, 51)
-> Request 1
215
(1, 3, 1)
1
(45, 62)
-> Request 2
285
(4, 2, 2)
3
(65, 72)
-> Request 3
358
(2, 2, 1)
2
(8, 29)
-> Request 4
444
(1, 2, 2)
1
(13, 41)
-> Request 5
506
(2, 3, 1)
2
(37, 64)
-> Request 6
781
(4, 3, 1)
1
(36, 58)
-> Request 7
864
(1, 3, 1)
2
(74, 44)
-> Request 8
1253
(3, 1, 2)
3
(35, 73)
-> Request 9
1279
(1, 2, 1)
3
(1, 60)
-> Request 10
1376
(1, 3, 2)
1
(5, 18)
--> Day : 4
-> Request 0
368
(3, 2, 2)
2
(13, 52)
-> Request 1
700
(1, 3, 2)
2
(41, 41)
-> Request 2
906
(4, 1, 1)
1
(24, 30)
-> Request 3
1147
(3, 1, 2)
3
(56, 59)
-> Request 4
1274
(4, 2, 1)
2
(6, 65)
-> Request 5
1397
(3, 1, 2)
1
(59, 29)
-> Request 6
1419
(3, 3, 1)
1
(52, 45)
-> Request 7
1430
(4, 2, 2)
2
(19, 43)
---> Week : 9
--> Day : 0
-> Request 0
25
(1, 2, 2)
2
(3, 30)
-> Request 1
78
(1, 3, 1)
3
(67, 54)
-> Request 2
237
(3, 2, 1)
1
(31, 38)
-> Request 3
337
(2, 2, 2)
2
(64, 7)
-> Request 4
888
(1, 3, 1)
3
(76, 40)
-> Request 5
1062
(4, 1, 2)
3
(24, 43)
-> Request 6
1065
(4, 1, 2)
2
(55, 46)
--> Day : 1
-> Request 0
35
(4, 2, 1)
3
(58, 56)
-> Request 1
98
(1, 2, 2)
3
(12, 5)
-> Request 2
203
(4, 1, 1)
1
(26, 10)
-> Request 3
472
(1, 1, 1)
2
(61, 35)
-> Request 4
509
(2, 3, 1)
2
(55, 44)
-> Request 5
547
(3, 1, 1)
1
(34, 16)
-> Request 6
571
(1, 3, 1)
2
(68, 14)
-> Request 7
1057
(4, 1, 1)
2
(68, 17)
-> Request 8
1303
(4, 3, 1)
1
(52, 28)
--> Day : 2
-> Request 0
126
(4, 2, 1)
3
(22, 66)
-> Request 1
265
(4, 1, 1)
3
(72, 57)
-> Request 2
266
(4, 1, 1)
2
(45, 34)
-> Request 3
341
(4, 1, 1)
3
(8, 61)
-> Request 4
424
(4, 2, 1)
3
(24, 65)
-> Request 5
429
(1, 3, 2)
2
(65, 71)
-> Request 6
536
(3, 3, 1)
2
(13, 8)
-> Request 7
577
(4, 2, 1)
3
(56, 59)
-> Request 8
768
(2, 3, 1)
3
(75, 65)
-> Request 9
793
(2, 1, 1)
3
(56, 54)
-> Request 10
881
(3, 3, 1)
3
(68, 53)
-> Request 11
918
(2, 2, 2)
3
(57, 36)
-> Request 12
1429
(3, 1, 1)
3
(45, 57)
--> Day : 3
-> Request 0
80
(2, 2, 2)
1
(25, 24)
-> Request 1
122
(4, 3, 1)
2
(52, 13)
-> Request 2
158
(1, 3, 2)
3
(50, 58)
-> Request 3
287
(4, 2, 1)
3
(31, 52)
-> Request 4
544
(2, 1, 2)
2
(77, 30)
-> Request 5
1148
(2, 2, 1)
2
(3, 45)
--> Day : 4
-> Request 0
8
(4, 2, 2)
3
(74, 72)
-> Request 1
113
(1, 3, 2)
3
(72, 10)
-> Request 2
129
(4, 3, 2)
3
(9, 2)
-> Request 3
726
(4, 3, 1)
1
(31, 75)
-> Request 4
1179
(1, 1, 2)
3
(4, 29)
---> Week : 10
--> Day : 0
-> Request 0
133
(2, 3, 1)
1
(45, 5)
-> Request 1
140
(4, 2, 1)
1
(25, 15)
-> Request 2
388
(2, 2, 1)
3
(71, 66)
-> Request 3
466
(1, 1, 1)
3
(51, 27)
-> Request 4
518
(4, 1, 2)
1
(60, 10)
-> Request 5
586
(4, 1, 1)
1
(37, 39)
-> Request 6
667
(4, 2, 1)
3
(20, 31)
-> Request 7
939
(3, 1, 1)
1
(19, 41)
-> Request 8
987
(1, 1, 1)
2
(44, 22)
-> Request 9
1141
(1, 1, 1)
2
(75, 55)
-> Request 10
1157
(3, 2, 1)
3
(21, 37)
-> Request 11
1193
(3, 1, 1)
2
(26, 22)
-> Request 12
1300
(3, 2, 1)
3
(60, 56)
--> Day : 1
-> Request 0
117
(3, 2, 1)
2
(48, 54)
-> Request 1
247
(3, 1, 1)
1
(75, 36)
-> Request 2
390
(3, 2, 1)
3
(26, 16)
-> Request 3
490
(3, 3, 1)
3
(28, 10)
-> Request 4
541
(2, 2, 1)
3
(30, 46)
--> Day : 2
-> Request 0
328
(4, 2, 1)
3
(17, 68)
-> Request 1
498
(3, 1, 2)
3
(43, 42)
-> Request 2
555
(4, 2, 1)
2
(29, 27)
-> Request 3
756
(1, 3, 2)
3
(26, 2)
-> Request 4
771
(4, 3, 1)
2
(9, 52)
-> Request 5
830
(3, 1, 2)
2
(31, 61)
-> Request 6
1013
(1, 2, 1)
1
(74, 61)
-> Request 7
1142
(2, 1, 1)
1
(67, 7)
-> Request 8
1262
(4, 1, 1)
1
(70, 66)
-> Request 9
1426
(1, 2, 2)
3
(15, 64)
--> Day : 3
-> Request 0
329
(3, 2, 1)
2
(39, 35)
-> Request 1
557
(3, 2, 2)
2
(34, 61)
-> Request 2
727
(3, 1, 1)
1
(0, 14)
-> Request 3
1034
(3, 3, 1)
2
(77, 52)
-> Request 4
1123
(1, 2, 1)
2
(3, 28)
-> Request 5
1216
(2, 3, 1)
3
(56, 40)
-> Request 6
1354
(2, 2, 2)
1
(24, 62)
--> Day : 4
-> Request 0
29
(1, 2, 2)
1
(18, 25)
-> Request 1
49
(1, 2, 2)
1
(66, 39)
-> Request 2
503
(4, 1, 1)
2
(9, 30)
-> Request 3
576
(3, 1, 1)
1
(62, 1)
-> Request 4
610
(2, 3, 1)
3
(2, 74)
-> Request 5
628
(4, 1, 2)
1
(53, 9)
-> Request 6
667
(2, 2, 2)
2
(27, 6)
-> Request 7
823
(1, 3, 1)
3
(20, 79)
-> Request 8
893
(1, 2, 2)
1
(65, 3)
-> Request 9
985
(1, 3, 2)
2
(54, 37)
-> Request 10
1027
(2, 2, 1)
3
(79, 38)
-> Request 11
1188
(2, 3, 1)
1
(49, 36)
---> Week : 11
--> Day : 0
-> Request 0
35
(2, 2, 1)
2
(4, 78)
-> Request 1
480
(2, 2, 1)
3
(25, 60)
-> Request 2
491
(1, 3, 2)
1
(70, 28)
-> Request 3
668
(2, 2, 1)
3
(35, 76)
-> Request 4
709
(3, 1, 1)
2
(17, 74)
-> Request 5
746
(2, 3, 1)
3
(0, 65)
-> Request 6
785
(3, 1, 1)
3
(4, 2)
-> Request 7
943
(3, 1, 2)
2
(23, 31)
-> Request 8
1370
(4, 1, 2)
1
(67, 10)
--> Day : 1
-> Request 0
62
(4, 3, 2)
1
(2, 76)
-> Request 1
362
(2, 3, 2)
1
(5, 69)
-> Request 2
375
(4, 2, 2)
3
(8, 48)
-> Request 3
402
(4, 2, 2)
3
(4, 67)
-> Request 4
499
(2, 1, 1)
3
(0, 20)
-> Request 5
506
(4, 1, 1)
2
(9, 61)
-> Request 6
842
(2, 2, 2)
1
(11, 50)
-> Request 7
1096
(1, 3, 2)
2
(26, 67)
-> Request 8
1130
(1, 3, 1)
3
(17, 37)
--> Day : 2
-> Request 0
47
(4, 2, 1)
3
(36, 79)
-> Request 1
130
(1, 2, 1)
3
(26, 42)
-> Request 2
311
(1, 2, 2)
2
(50, 13)
-> Request 3
410
(2, 2, 2)
2
(6, 55)
-> Request 4
410
(4, 3, 1)
1
(78, 42)
-> Request 5
427
(1, 2, 1)
2
(35, 67)
-> Request 6
433
(2, 1, 1)
3
(42, 17)
-> Request 7
625
(4, 3, 2)
2
(75, 43)
-> Request 8
634
(1, 3, 1)
3
(61, 57)
-> Request 9
836
(2, 3, 2)
1
(72, 52)
-> Request 10
882
(2, 3, 1)
3
(25, 59)
-> Request 11
973
(4, 1, 1)
1
(77, 58)
--> Day : 3
-> Request 0
28
(1, 3, 1)
3
(27, 2)
-> Request 1
29
(2, 2, 2)
3
(4, 78)
-> Request 2
144
(3, 3, 2)
1
(25, 52)
-> Request 3
381
(3, 1, 2)
2
(37, 9)
-> Request 4
468
(2, 3, 2)
1
(60, 10)
-> Request 5
527
(1, 3, 2)
1
(44, 3)
-> Request 6
597
(3, 3, 1)
3
(51, 29)
-> Request 7
685
(1, 1, 1)
1
(47, 15)
-> Request 8
1014
(1, 2, 2)
3
(17, 40)
--> Day : 4
-> Request 0
253
(3, 1, 2)
2
(30, 52)
-> Request 1
342
(1, 1, 1)
1
(63, 39)
-> Request 2
351
(1, 3, 2)
2
(68, 31)
-> Request 3
418
(1, 2, 2)
3
(6, 6)
-> Request 4
464
(3, 2, 2)
2
(20, 7)
-> Request 5
512
(3, 1, 1)
1
(38, 63)
-> Request 6
543
(4, 3, 1)
2
(79, 29)
-> Request 7
613
(3, 2, 1)
2
(45, 61)
-> Request 8
678
(4, 1, 2)
2
(0, 63)
-> Request 9
709
(1, 3, 2)
2
(9, 5)
-> Request 10
770
(3, 3, 1)
3
(44, 39)
-> Request 11
934
(4, 3, 2)
2
(69, 35)
-> Request 12
999
(1, 1, 1)
2
(25, 49)
-> Request 13
1323
(4, 1, 2)
3
(23, 74)
---> Week : 12
--> Day : 0
-> Request 0
160
(3, 3, 2)
2
(37, 19)
-> Request 1
202
(1, 3, 1)
3
(44, 3)
-> Request 2
229
(1, 2, 2)
2
(21, 58)
-> Request 3
511
(3, 1, 1)
3
(37, 41)
-> Request 4
847
(2, 3, 2)
3
(21, 64)
-> Request 5
858
(2, 1, 1)
2
(15, 38)
-> Request 6
1279
(3, 3, 1)
2
(67, 76)
--> Day : 1
-> Request 0
169
(2, 2, 2)
1
(78, 63)
-> Request 1
272
(3, 2, 2)
2
(59, 48)
-> Request 2
316
(4, 2, 2)
3
(28, 64)
-> Request 3
438
(3, 2, 2)
1
(49, 75)
-> Request 4
478
(3, 2, 2)
1
(11, 3)
-> Request 5
483
(1, 1, 2)
3
(0, 61)
-> Request 6
685
(1, 1, 2)
2
(48, 31)
-> Request 7
730
(4, 2, 2)
3
(16, 44)
-> Request 8
811
(1, 1, 1)
1
(75, 53)
-> Request 9
1060
(4, 2, 1)
2
(61, 51)
--> Day : 2
-> Request 0
94
(3, 1, 2)
2
(73, 50)
-> Request 1
236
(4, 3, 1)
1
(7, 13)
-> Request 2
732
(4, 1, 1)
3
(49, 65)
-> Request 3
834
(4, 2, 1)
2
(42, 17)
-> Request 4
873
(1, 3, 1)
1
(45, 43)
-> Request 5
930
(4, 2, 1)
3
(46, 54)
-> Request 6
1046
(1, 2, 2)
2
(16, 51)
-> Request 7
1063
(2, 2, 2)
1
(67, 66)
-> Request 8
1077
(1, 2, 2)
1
(25, 22)
-> Request 9
1093
(4, 3, 2)
1
(25, 59)
-> Request 10
1095
(1, 3, 2)
2
(26, 63)
-> Request 11
1204
(4, 3, 2)
2
(72, 39)
--> Day : 3
-> Request 0
186
(3, 2, 1)
3
(42, 0)
-> Request 1
500
(3, 1, 1)
3
(15, 77)
-> Request 2
612
(1, 3, 2)
1
(18, 49)
-> Request 3
613
(4, 2, 2)
3
(79, 45)
-> Request 4
799
(1, 2, 1)
2
(11, 1)
-> Request 5
827
(2, 3, 2)
2
(59, 50)
-> Request 6
991
(1, 1, 2)
3
(60, 56)
-> Request 7
1090
(1, 1, 2)
3
(22, 25)
-> Request 8
1135
(1, 1, 1)
1
(2, 68)
-> Request 9
1382
(2, 2, 2)
1
(25, 53)
--> Day : 4
-> Request 0
33
(1, 2, 1)
1
(44, 24)
-> Request 1
220
(3, 2, 2)
2
(41, 10)
-> Request 2
271
(1, 2, 1)
3
(73, 78)
-> Request 3
338
(2, 2, 2)
3
(42, 22)
-> Request 4
466
(1, 2, 1)
1
(13, 64)
-> Request 5
862
(4, 2, 1)
3
(59, 22)
-> Request 6
886
(2, 1, 2)
2
(12, 24)
-> Request 7
1003
(2, 3, 1)
3
(29, 14)
-> Request 8
1079
(2, 2, 2)
3
(28, 20)
-> Request 9
1107
(2, 2, 1)
2
(42, 67)
-> Request 10
1108
(2, 1, 1)
2
(23, 40)
-> Request 11
1226
(1, 2, 2)
3
(30, 65)
-> Request 12
1360
(2, 2, 1)
2
(0, 5)
---> Week : 13
--> Day : 0
-> Request 0
0
(4, 1, 1)
2
(77, 33)
-> Request 1
7
(3, 2, 2)
2
(42, 58)
-> Request 2
31
(2, 1, 1)
1
(74, 48)
-> Request 3
548
(4, 3, 2)
2
(69, 14)
-> Request 4
637
(3, 3, 1)
1
(21, 38)
-> Request 5
698
(1, 1, 1)
1
(32, 67)
-> Request 6
780
(1, 2, 1)
2
(78, 14)
-> Request 7
868
(1, 1, 2)
2
(1, 14)
-> Request 8
1038
(2, 1, 2)
2
(50, 49)
-> Request 9
1099
(4, 3, 1)
2
(67, 38)
-> Request 10
1419
(1, 2, 1)
2
(10, 59)
--> Day : 1
-> Request 0
193
(1, 1, 1)
3
(47, 39)
-> Request 1
207
(3, 3, 1)
2
(64, 16)
-> Request 2
259
(1, 3, 2)
2
(77, 53)
-> Request 3
267
(3, 3, 1)
2
(71, 43)
-> Request 4
268
(2, 1, 2)
1
(21, 1)
-> Request 5
283
(2, 1, 1)
2
(74, 48)
-> Request 6
384
(1, 2, 2)
3
(38, 42)
-> Request 7
434
(4, 3, 2)
1
(3, 23)
-> Request 8
470
(3, 2, 1)
3
(47, 40)
-> Request 9
519
(3, 2, 1)
3
(0, 57)
-> Request 10
588
(4, 2, 1)
1
(11, 1)
-> Request 11
838
(1, 3, 1)
2
(4, 5)
-> Request 12
1056
(2, 2, 1)
3
(67, 70)
--> Day : 2
-> Request 0
514
(1, 3, 1)
2
(10, 62)
-> Request 1
606
(2, 2, 1)
2
(15, 38)
-> Request 2
792
(1, 1, 2)
2
(48, 61)
-> Request 3
848
(4, 3, 2)
3
(15, 64)
-> Request 4
873
(1, 1, 1)
2
(63, 10)
-> Request 5
934
(1, 2, 2)
2
(43, 18)
-> Request 6
977
(2, 1, 2)
1
(3, 41)
-> Request 7
977
(4, 2, 2)
3
(5, 44)
-> Request 8
1177
(2, 3, 1)
2
(59, 23)
-> Request 9
1241
(4, 3, 2)
3
(24, 47)
-> Request 10
1313
(2, 3, 1)
3
(41, 30)
--> Day : 3
-> Request 0
201
(2, 1, 2)
1
(9, 70)
-> Request 1
234
(1, 1, 2)
2
(26, 32)
-> Request 2
425
(3, 3, 1)
2
(38, 62)
-> Request 3
618
(2, 3, 1)
3
(6, 25)
-> Request 4
769
(2, 2, 1)
3
(76, 73)
-> Request 5
1068
(3, 1, 2)
1
(33, 47)
-> Request 6
1275
(1, 3, 1)
3
(78, 71)
--> Day : 4
-> Request 0
264
(2, 2, 2)
1
(13, 53)
-> Request 1
529
(1, 2, 1)
1
(45, 1)
-> Request 2
649
(2, 2, 2)
1
(49, 55)
-> Request 3
911
(1, 3, 2)
3
(27, 6)
-> Request 4
938
(1, 2, 2)
3
(33, 0)
-> Request 5
1315
(3, 1, 2)
1
(43, 38)
-> Request 6
1361
(1, 1, 2)
3
(45, 23)
-> Request 7
1400
(3, 1, 1)
1
(34, 38)
---> Week : 14
--> Day : 0
-> Request 0
108
(3, 2, 1)
2
(3, 63)
-> Request 1
113
(3, 2, 1)
1
(39, 39)
-> Request 2
290
(1, 1, 1)
1
(23, 52)
-> Request 3
459
(3, 3, 2)
1
(39, 37)
-> Request 4
1194
(3, 2, 1)
2
(3, 34)
-> Request 5
1199
(2, 3, 2)
2
(70, 46)
--> Day : 1
-> Request 0
33
(2, 3, 2)
2
(5, 12)
-> Request 1
58
(3, 2, 2)
2
(41, 10)
-> Request 2
109
(1, 1, 2)
1
(33, 75)
-> Request 3
284
(3, 2, 1)
3
(34, 69)
-> Request 4
319
(1, 2, 2)
2
(29, 47)
-> Request 5
361
(1, 2, 1)
2
(13, 31)
-> Request 6
388
(4, 1, 1)
2
(53, 32)
-> Request 7
474
(1, 2, 2)
3
(41, 0)
-> Request 8
522
(3, 2, 1)
2
(78, 68)
-> Request 9
1145
(4, 3, 1)
3
(28, 1)
-> Request 10
1210
(3, 1, 1)
3
(4, 72)
-> Request 11
1234
(2, 2, 1)
3
(48, 31)
--> Day : 2
-> Request 0
117
(4, 2, 2)
2
(54, 6)
-> Request 1
320
(4, 1, 2)
1
(57, 3)
-> Request 2
354
(1, 1, 1)
1
(5, 79)
-> Request 3
431
(1, 2, 2)
1
(48, 61)
-> Request 4
589
(3, 3, 1)
2
(4, 50)
-> Request 5
819
(4, 1, 1)
1
(10, 43)
-> Request 6
897
(2, 3, 2)
1
(22, 6)
-> Request 7
963
(2, 2, 1)
3
(75, 5)
--> Day : 3
-> Request 0
115
(4, 1, 2)
3
(65, 23)
-> Request 1
131
(3, 3, 1)
2
(18, 25)
-> Request 2
371
(4, 3, 1)
2
(10, 29)
-> Request 3
429
(2, 2, 1)
3
(51, 78)
-> Request 4
578
(4, 1, 1)
1
(5, 4)
-> Request 5
746
(1, 3, 1)
3
(77, 65)
-> Request 6
914
(3, 1, 2)
1
(72, 39)
-> Request 7
973
(1, 2, 1)
1
(42, 16)
-> Request 8
1131
(1, 3, 1)
1
(79, 73)
-> Request 9
1241
(4, 2, 2)
1
(71, 36)
-> Request 10
1293
(4, 2, 1)
3
(39, 55)
-> Request 11
1298
(4, 1, 2)
3
(63, 24)
--> Day : 4
-> Request 0
95
(3, 3, 1)
1
(78, 21)
-> Request 1
215
(1, 2, 2)
3
(75, 7)
-> Request 2
792
(4, 1, 2)
3
(58, 45)
-> Request 3
1052
(4, 1, 2)
1
(66, 56)
-> Request 4
1406
(2, 3, 2)
1
(2, 79)
-> Request 5
1409
(4, 1, 1)
3
(6, 27)
---> Week : 15
--> Day : 0
-> Request 0
56
(1, 2, 1)
3
(15, 46)
-> Request 1
248
(2, 1, 2)
2
(0, 66)
-> Request 2
327
(2, 2, 1)
1
(32, 59)
-> Request 3
370
(2, 3, 1)
2
(15, 48)
-> Request 4
574
(3, 3, 2)
2
(12, 9)
-> Request 5
755
(2, 1, 2)
3
(29, 73)
-> Request 6
928
(1, 3, 1)
1
(75, 41)
-> Request 7
967
(4, 1, 1)
1
(1, 59)
-> Request 8
1043
(4, 2, 1)
3
(39, 17)
-> Request 9
1073
(2, 3, 2)
2
(20, 6)
-> Request 10
1199
(4, 2, 2)
3
(49, 74)
-> Request 11
1403
(1, 1, 2)
3
(10, 6)
--> Day : 1
-> Request 0
167
(4, 3, 2)
3
(30, 35)
-> Request 1
216
(4, 2, 1)
2
(18, 1)
-> Request 2
331
(4, 1, 2)
2
(69, 23)
-> Request 3
419
(1, 1, 2)
2
(45, 5)
-> Request 4
584
(1, 3, 2)
1
(16, 53)
-> Request 5
867
(4, 1, 2)
1
(79, 42)
-> Request 6
1151
(2, 2, 2)
3
(66, 4)
-> Request 7
1345
(1, 3, 1)
1
(77, 5)
--> Day : 2
-> Request 0
193
(3, 1, 1)
1
(41, 21)
-> Request 1
236
(1, 1, 2)
3
(28, 31)
-> Request 2
323
(4, 3, 2)
2
(1, 58)
-> Request 3
511
(1, 2, 1)
2
(68, 62)
-> Request 4
811
(4, 2, 2)
3
(44, 62)
-> Request 5
825
(3, 2, 2)
2
(75, 38)
-> Request 6
1084
(3, 1, 2)
2
(62, 8)
-> Request 7
1439
(3, 3, 2)
3
(4, 26)
--> Day : 3
-> Request 0
410
(2, 3, 1)
2
(32, 68)
-> Request 1
450
(4, 1, 2)
2
(9, 2)
-> Request 2
601
(3, 1, 2)
3
(77, 56)
-> Request 3
640
(4, 3, 1)
1
(56, 39)
-> Request 4
716
(2, 1, 2)
1
(62, 45)
-> Request 5
846
(3, 1, 1)
2
(54, 24)
-> Request 6
1023
(1, 1, 2)
2
(20, 33)
-> Request 7
1081
(3, 3, 1)
1
(31, 62)
-> Request 8
1155
(3, 2, 1)
1
(64, 0)
-> Request 9
1184
(4, 2, 2)
2
(58, 42)
-> Request 10
1419
(1, 1, 2)
3
(48, 42)
--> Day : 4
-> Request 0
350
(3, 3, 1)
2
(15, 53)
-> Request 1
1153
(2, 2, 1)
1
(7, 9)
-> Request 2
1317
(2, 3, 1)
3
(38, 49)
-> Request 3
1424
(1, 2, 1)
3
(36, 35)
---> Week : 16
--> Day : 0
-> Request 0
151
(1, 2, 1)
1
(30, 53)
-> Request 1
161
(3, 3, 1)
2
(35, 58)
-> Request 2
390
(2, 3, 1)
1
(28, 6)
-> Request 3
654
(2, 2, 1)
1
(65, 57)
-> Request 4
1315
(2, 1, 2)
3
(19, 19)
-> Request 5
1318
(2, 2, 1)
2
(32, 12)
--> Day : 1
-> Request 0
169
(1, 2, 2)
2
(16, 0)
-> Request 1
170
(3, 3, 2)
2
(57, 22)
-> Request 2
259
(4, 3, 1)
1
(38, 75)
-> Request 3
349
(3, 2, 1)
3
(65, 16)
-> Request 4
516
(3, 3, 2)
2
(38, 12)
-> Request 5
852
(1, 3, 2)
1
(26, 53)
-> Request 6
952
(2, 1, 2)
3
(2, 21)
-> Request 7
1264
(3, 2, 2)
2
(77, 29)
--> Day : 2
-> Request 0
86
(1, 2, 2)
1
(35, 45)
-> Request 1
357
(3, 1, 1)
3
(55, 40)
-> Request 2
377
(2, 1, 1)
2
(33, 12)
-> Request 3
438
(1, 1, 1)
2
(30, 16)
-> Request 4
588
(1, 2, 2)
1
(47, 43)
-> Request 5
695
(3, 2, 2)
2
(34, 26)
-> Request 6
767
(4, 3, 2)
3
(24, 8)
-> Request 7
915
(1, 1, 2)
1
(71, 77)
-> Request 8
980
(3, 1, 1)
2
(38, 22)
-> Request 9
1229
(4, 1, 2)
3
(71, 3)
-> Request 10
1348
(1, 3, 1)
1
(16, 16)
-> Request 11
1371
(3, 1, 1)
2
(15, 29)
--> Day : 3
-> Request 0
74
(3, 2, 1)
1
(56, 30)
-> Request 1
542
(2, 1, 1)
3
(77, 35)
-> Request 2
545
(2, 3, 1)
3
(35, 35)
-> Request 3
731
(1, 2, 2)
3
(57, 50)
-> Request 4
1019
(3, 3, 2)
3
(21, 40)
-> Request 5
1019
(3, 3, 2)
2
(60, 52)
-> Request 6
1068
(3, 1, 1)
1
(19, 10)
-> Request 7
1110
(4, 1, 2)
3
(71, 58)
-> Request 8
1115
(4, 3, 1)
1
(44, 15)
-> Request 9
1248
(1, 2, 2)
1
(42, 68)
-> Request 10
1324
(4, 3, 2)
1
(65, 41)
-> Request 11
1331
(1, 2, 1)
3
(24, 1)
-> Request 12
1387
(2, 3, 2)
1
(37, 38)
--> Day : 4
-> Request 0
26
(2, 3, 1)
2
(46, 40)
-> Request 1
290
(3, 3, 2)
1
(79, 25)
-> Request 2
353
(3, 3, 1)
1
(49, 17)
-> Request 3
448
(4, 2, 2)
2
(55, 76)
-> Request 4
559
(3, 2, 1)
2
(18, 63)
-> Request 5
664
(3, 2, 2)
2
(46, 42)
-> Request 6
677
(3, 3, 1)
2
(10, 58)
-> Request 7
1024
(4, 3, 1)
1
(5, 3)
-> Request 8
1396
(2, 3, 1)
2
(29, 7)
---> Week : 17
--> Day : 0
-> Request 0
88
(1, 3, 2)
3
(4, 59)
-> Request 1
132
(2, 3, 1)
3
(54, 14)
-> Request 2
531
(3, 3, 2)
3
(36, 25)
-> Request 3
611
(3, 1, 1)
1
(5, 39)
-> Request 4
880
(1, 2, 2)
2
(64, 21)
-> Request 5
943
(3, 2, 1)
3
(40, 26)
-> Request 6
1163
(1, 3, 1)
3
(25, 0)
-> Request 7
1213
(2, 1, 2)
1
(2, 39)
-> Request 8
1248
(2, 3, 1)
3
(42, 38)
--> Day : 1
-> Request 0
265
(1, 1, 1)
3
(29, 25)
-> Request 1
501
(3, 1, 2)
1
(43, 25)
-> Request 2
605
(1, 3, 2)
3
(28, 8)
-> Request 3
916
(2, 2, 1)
2
(8, 24)
-> Request 4
918
(4, 3, 1)
3
(42, 2)
-> Request 5
1187
(1, 1, 1)
3
(28, 44)
-> Request 6
1216
(1, 1, 1)
1
(66, 71)
-> Request 7
1218
(2, 3, 1)
3
(69, 11)
-> Request 8
1220
(4, 2, 2)
1
(63, 5)
--> Day : 2
-> Request 0
111
(2, 1, 2)
3
(62, 46)
-> Request 1
134
(1, 1, 2)
1
(22, 5)
-> Request 2
191
(2, 3, 1)
1
(53, 23)
-> Request 3
382
(3, 3, 1)
2
(52, 33)
-> Request 4
589
(1, 3, 1)
2
(18, 50)
-> Request 5
790
(2, 1, 1)
1
(60, 23)
-> Request 6
820
(4, 1, 1)
1
(37, 71)
-> Request 7
991
(2, 2, 1)
3
(34, 34)
--> Day : 3
-> Request 0
193
(2, 1, 1)
3
(60, 14)
-> Request 1
525
(2, 1, 2)
2
(79, 79)
-> Request 2
573
(2, 3, 1)
2
(60, 42)
-> Request 3
916
(4, 2, 1)
3
(57, 14)
-> Request 4
984
(3, 3, 2)
2
(74, 1)
-> Request 5
985
(1, 3, 1)
1
(41, 74)
--> Day : 4
-> Request 0
107
(3, 3, 1)
2
(55, 47)
-> Request 1
336
(2, 2, 2)
1
(55, 72)
-> Request 2
374
(2, 1, 1)
2
(79, 8)
-> Request 3
389
(3, 3, 2)
2
(17, 8)
-> Request 4
581
(1, 1, 2)
1
(57, 8)
-> Request 5
685
(4, 2, 1)
3
(66, 37)
-> Request 6
700
(3, 2, 1)
1
(69, 66)
-> Request 7
829
(4, 1, 1)
3
(78, 6)
-> Request 8
853
(4, 3, 1)
2
(51, 70)
-> Request 9
916
(1, 3, 1)
3
(62, 43)
-> Request 10
1077
(4, 1, 2)
3
(56, 58)
-> Request 11
1264
(3, 2, 1)
3
(2, 58)
-> Request 12
1366
(4, 1, 2)
1
(48, 26)
---> Week : 18
--> Day : 0
-> Request 0
263
(1, 2, 1)
3
(51, 79)
-> Request 1
306
(4, 3, 1)
3
(23, 12)
-> Request 2
440
(3, 3, 2)
3
(9, 67)
-> Request 3
454
(3, 3, 1)
3
(55, 38)
-> Request 4
523
(1, 1, 2)
3
(61, 67)
-> Request 5
772
(4, 1, 2)
2
(17, 36)
-> Request 6
967
(2, 2, 2)
1
(79, 65)
-> Request 7
1038
(1, 3, 2)
1
(66, 26)
-> Request 8
1264
(3, 3, 1)
3
(49, 52)
-> Request 9
1439
(4, 2, 2)
1
(71, 8)
--> Day : 1
-> Request 0
100
(4, 3, 2)
1
(13, 60)
-> Request 1
229
(4, 1, 2)
1
(36, 18)
-> Request 2
299
(2, 2, 2)
3
(51, 75)
-> Request 3
476
(3, 2, 1)
1
(57, 34)
-> Request 4
479
(4, 2, 2)
2
(17, 63)
-> Request 5
510
(3, 1, 2)
1
(44, 3)
-> Request 6
548
(3, 2, 2)
3
(27, 45)
-> Request 7
586
(3, 2, 1)
3
(44, 78)
-> Request 8
741
(2, 3, 2)
2
(76, 15)
-> Request 9
824
(4, 1, 1)
2
(8, 33)
-> Request 10
973
(1, 2, 2)
1
(16, 35)
-> Request 11
1234
(4, 1, 1)
3
(67, 22)
-> Request 12
1279
(3, 1, 1)
2
(52, 74)
--> Day : 2
-> Request 0
678
(3, 2, 1)
3
(55, 39)
-> Request 1
995
(3, 2, 1)
1
(42, 14)
-> Request 2
996
(3, 3, 2)
2
(70, 27)
-> Request 3
1010
(3, 3, 2)
3
(40, 25)
-> Request 4
1068
(4, 2, 1)
1
(41, 68)
-> Request 5
1287
(1, 1, 2)
2
(65, 8)
--> Day : 3
-> Request 0
88
(2, 2, 1)
3
(57, 45)
-> Request 1
107
(3, 3, 1)
2
(8, 14)
-> Request 2
348
(4, 1, 1)
1
(67, 63)
-> Request 3
486
(2, 1, 1)
3
(65, 50)
-> Request 4
509
(4, 1, 2)
1
(54, 4)
-> Request 5
518
(4, 2, 1)
2
(61, 14)
-> Request 6
1010
(4, 1, 2)
3
(47, 71)
-> Request 7
1020
(4, 2, 1)
3
(76, 71)
-> Request 8
1101
(1, 3, 2)
2
(66, 8)
-> Request 9
1261
(2, 2, 1)
3
(11, 54)
-> Request 10
1353
(2, 1, 1)
3
(22, 0)
-> Request 11
1358
(3, 1, 2)
1
(1, 67)
--> Day : 4
-> Request 0
88
(4, 1, 2)
2
(50, 50)
-> Request 1
104
(2, 1, 1)
1
(26, 23)
-> Request 2
140
(3, 2, 1)
1
(30, 31)
-> Request 3
183
(1, 1, 2)
1
(20, 60)
-> Request 4
327
(2, 3, 2)
1
(14, 17)
-> Request 5
407
(4, 2, 1)
2
(6, 3)
-> Request 6
501
(1, 1, 2)
3
(3, 62)
-> Request 7
795
(4, 2, 2)
1
(56, 67)
-> Request 8
870
(4, 3, 2)
1
(48, 19)
-> Request 9
1228
(2, 2, 2)
2
(34, 49)
---> Week : 19
--> Day : 0
-> Request 0
23
(4, 2, 2)
2
(14, 74)
-> Request 1
103
(1, 3, 2)
3
(46, 69)
-> Request 2
121
(3, 2, 2)
3
(12, 26)
-> Request 3
457
(3, 2, 1)
3
(12, 3)
-> Request 4
662
(1, 3, 2)
2
(73, 26)
-> Request 5
1272
(3, 1, 2)
3
(47, 43)
--> Day : 1
-> Request 0
29
(3, 3, 1)
3
(43, 57)
-> Request 1
272
(4, 3, 1)
3
(47, 43)
-> Request 2
387
(4, 3, 1)
1
(9, 11)
-> Request 3
533
(4, 2, 1)
2
(50, 73)
-> Request 4
539
(1, 2, 2)
1
(70, 31)
-> Request 5
683
(3, 1, 1)
3
(13, 73)
-> Request 6
700
(2, 2, 2)
2
(7, 65)
-> Request 7
743
(3, 3, 2)
3
(41, 48)
-> Request 8
773
(1, 3, 2)
1
(71, 23)
-> Request 9
791
(4, 3, 2)
3
(56, 38)
-> Request 10
877
(4, 3, 1)
1
(37, 13)
-> Request 11
910
(3, 2, 1)
2
(54, 18)
-> Request 12
962
(1, 1, 2)
2
(27, 7)
-> Request 13
1172
(1, 3, 1)
3
(65, 17)
-> Request 14
1283
(3, 2, 1)
3
(57, 39)
--> Day : 2
-> Request 0
179
(1, 1, 2)
1
(14, 62)
-> Request 1
250
(3, 2, 1)
3
(78, 31)
-> Request 2
302
(4, 2, 2)
3
(71, 65)
-> Request 3
309
(2, 1, 2)
3
(62, 30)
-> Request 4
359
(4, 3, 1)
1
(7, 78)
-> Request 5
595
(4, 3, 2)
3
(47, 55)
-> Request 6
716
(3, 3, 1)
1
(35, 17)
-> Request 7
840
(1, 3, 1)
2
(31, 21)
-> Request 8
911
(3, 2, 1)
1
(68, 4)
-> Request 9
1151
(4, 1, 2)
1
(25, 0)
-> Request 10
1191
(3, 2, 1)
3
(21, 19)
-> Request 11
1279
(4, 1, 1)
1
(35, 70)
-> Request 12
1287
(2, 1, 2)
3
(71, 77)
-> Request 13
1294
(3, 1, 1)
3
(3, 26)
--> Day : 3
-> Request 0
29
(1, 2, 1)
2
(57, 40)
-> Request 1
69
(1, 1, 2)
3
(20, 0)
-> Request 2
524
(1, 1, 1)
3
(59, 24)
-> Request 3
535
(1, 1, 1)
3
(29, 76)
-> Request 4
661
(4, 3, 1)
3
(47, 13)
-> Request 5
723
(1, 3, 1)
3
(56, 76)
-> Request 6
762
(3, 1, 1)
1
(38, 16)
-> Request 7
766
(1, 3, 1)
1
(23, 73)
-> Request 8
768
(4, 3, 2)
3
(75, 44)
-> Request 9
1088
(2, 2, 2)
2
(71, 53)
-> Request 10
1222
(2, 1, 2)
2
(22, 19)
-> Request 11
1282
(2, 2, 1)
3
(46, 26)
-> Request 12
1325
(3, 1, 2)
3
(9, 10)
-> Request 13
1333
(3, 2, 1)
1
(48, 12)
-> Request 14
1333
(1, 2, 2)
3
(25, 38)
--> Day : 4
-> Request 0
36
(2, 1, 2)
2
(46, 28)
-> Request 1
223
(2, 3, 2)
1
(59, 72)
-> Request 2
277
(1, 1, 1)
2
(2, 17)
-> Request 3
277
(1, 2, 1)
2
(10, 16)
-> Request 4
346
(4, 3, 2)
2
(38, 11)
-> Request 5
398
(2, 2, 2)
3
(2, 39)
-> Request 6
749
(4, 2, 2)
2
(56, 31)
-> Request 7
806
(3, 2, 1)
1
(5, 27)
-> Request 8
1154
(1, 2, 1)
2
(70, 43)
-> Request 9
1429
(4, 1, 1)
3
(22, 22)
-> Request 10
1435
(4, 1, 2)
3
(23, 27)
