---> Week : 0
--> Day : 0
-> Request 0
109
(1, 2, 2)
3
(23, 60)
-> Request 1
125
(3, 1, 1)
3
(32, 39)
-> Request 2
273
(1, 3, 2)
2
(3, 57)
-> Request 3
552
(3, 3, 2)
1
(60, 21)
-> Request 4
689
(4, 3, 1)
1
(38, 58)
-> Request 5
718
(4, 1, 2)
3
(16, 76)
-> Request 6
842
(4, 3, 1)
3
(18, 48)
-> Request 7
862
(2, 1, 1)
1
(33, 62)
-> Request 8
917
(3, 3, 2)
3
(62, 23)
-> Request 9
1019
(3, 3, 1)
3
(20, 65)
-> Request 10
1231
(1, 3, 2)
3
(0, 68)
--> Day : 1
-> Request 0
252
(3, 3, 1)
1
(9, 51)
-> Request 1
494
(3, 2, 1)
3
(63, 53)
-> Request 2
540
(4, 2, 1)
1
(1, 48)
-> Request 3
585
(4, 1, 2)
1
(13, 8)
-> Request 4
606
(1, 3, 2)
1
(65, 44)
-> Request 5
610
(1, 2, 2)
3
(56, 72)
-> Request 6
714
(4, 2, 1)
3
(5, 77)
-> Request 7
1265
(1, 1, 2)
3
(69, 78)
-> Request 8
1291
(2, 1, 2)
2
(41, 8)
-> Request 9
1318
(4, 2, 1)
2
(6, 70)
--> Day : 2
-> Request 0
60
(4, 3, 1)
3
(70, 71)
-> Request 1
80
(1, 1, 1)
1
(15, 62)
-> Request 2
159
(2, 2, 2)
3
(10, 8)
-> Request 3
162
(1, 2, 2)
2
(44, 39)
-> Request 4
297
(2, 3, 2)
3
(65, 73)
-> Request 5
347
(2, 2, 1)
2
(49, 4)
-> Request 6
404
(3, 2, 2)
2
(14, 23)
-> Request 7
485
(4, 1, 2)
1
(55, 8)
-> Request 8
901
(3, 2, 1)
2
(12, 22)
-> Request 9
974
(2, 1, 1)
1
(15, 26)
-> Request 10
993
(4, 3, 1)
3
(44, 41)
-> Request 11
1127
(1, 3, 2)
1
(17, 14)
--> Day : 3
-> Request 0
243
(1, 3, 2)
1
(16, 41)
-> Request 1
296
(4, 3, 2)
2
(44, 61)
-> Request 2
365
(4, 1, 1)
1
(8, 53)
-> Request 3
400
(4, 3, 1)
1
(41, 15)
-> Request 4
666
(2, 1, 1)
2
(24, 37)
-> Request 5
717
(4, 1, 2)
3
(55, 65)
-> Request 6
801
(2, 1, 2)
3
(75, 77)
-> Request 7
1313
(4, 2, 1)
2
(43, 66)
--> Day : 4
-> Request 0
47
(3, 2, 1)
3
(44, 62)
-> Request 1
154
(2, 2, 1)
3
(18, 54)
-> Request 2
579
(3, 2, 1)
1
(20, 36)
-> Request 3
956
(4, 2, 2)
1
(14, 18)
-> Request 4
1202
(2, 3, 2)
1
(16, 58)
-> Request 5
1212
(1, 3, 1)
1
(23, 69)
-> Request 6
1317
(2, 3, 1)
2
(8, 37)
-> Request 7
1418
(3, 2, 1)
3
(25, 38)
---> Week : 1
--> Day : 0
-> Request 0
176
(3, 3, 2)
2
(17, 50)
-> Request 1
422
(2, 3, 1)
3
(38, 2)
-> Request 2
484
(2, 1, 2)
3
(6, 48)
-> Request 3
783
(4, 3, 2)
1
(74, 19)
-> Request 4
1374
(3, 2, 2)
3
(21, 78)
-> Request 5
1417
(3, 3, 2)
1
(73, 77)
--> Day : 1
-> Request 0
719
(2, 2, 2)
1
(46, 15)
-> Request 1
1169
(4, 3, 1)
3
(2, 65)
--> Day : 2
-> Request 0
631
(1, 3, 1)
2
(70, 71)
-> Request 1
860
(1, 1, 1)
1
(34, 47)
-> Request 2
1011
(1, 2, 2)
1
(77, 79)
-> Request 3
1017
(3, 1, 1)
3
(1, 25)
-> Request 4
1072
(4, 1, 2)
3
(21, 31)
-> Request 5
1351
(1, 2, 1)
3
(3, 32)
--> Day : 3
-> Request 0
327
(1, 2, 1)
3
(64, 5)
-> Request 1
486
(3, 3, 1)
2
(48, 42)
-> Request 2
616
(4, 3, 1)
3
(13, 59)
-> Request 3
656
(2, 2, 1)
2
(79, 12)
-> Request 4
832
(3, 2, 2)
3
(79, 55)
-> Request 5
856
(1, 2, 2)
3
(40, 79)
-> Request 6
911
(1, 3, 1)
2
(2, 24)
-> Request 7
1235
(3, 1, 1)
2
(0, 19)
--> Day : 4
-> Request 0
50
(4, 2, 2)
2
(60, 42)
-> Request 1
60
(3, 1, 2)
2
(40, 61)
-> Request 2
114
(4, 1, 1)
3
(65, 78)
-> Request 3
229
(1, 2, 1)
3
(79, 3)
-> Request 4
275
(4, 2, 1)
2
(20, 63)
-> Request 5
290
(2, 2, 1)
3
(9, 35)
-> Request 6
337
(2, 2, 1)
3
(13, 10)
-> Request 7
347
(3, 3, 2)
1
(30, 39)
-> Request 8
533
(2, 3, 2)
2
(42, 73)
---> Week : 2
--> Day : 0
-> Request 0
109
(2, 3, 2)
3
(38, 39)
-> Request 1
171
(3, 3, 1)
2
(2, 11)
-> Request 2
194
(3, 1, 2)
2
(2, 40)
-> Request 3
221
(3, 2, 2)
1
(16, 26)
-> Request 4
472
(1, 2, 2)
3
(21, 29)
-> Request 5
478
(4, 1, 1)
3
(67, 69)
-> Request 6
558
(1, 1, 2)
3
(49, 37)
-> Request 7
607
(2, 3, 1)
2
(25, 77)
-> Request 8
647
(4, 3, 1)
1
(74, 34)
-> Request 9
946
(2, 2, 2)
1
(50, 47)
--> Day : 1
-> Request 0
313
(1, 2, 2)
2
(54, 72)
-> Request 1
399
(4, 2, 2)
2
(29, 8)
-> Request 2
633
(3, 2, 1)
1
(69, 62)
-> Request 3
682
(1, 2, 1)
1
(13, 12)
-> Request 4
802
(2, 3, 2)
3
(51, 15)
-> Request 5
820
(1, 3, 2)
2
(17, 9)
-> Request 6
1226
(3, 1, 2)
2
(35, 3)
--> Day : 2
-> Request 0
32
(1, 1, 2)
2
(24, 71)
-> Request 1
39
(3, 2, 2)
1
(77, 9)
-> Request 2
206
(2, 1, 2)
3
(29, 23)
-> Request 3
562
(3, 1, 2)
1
(44, 20)
-> Request 4
570
(2, 3, 2)
1
(69, 32)
-> Request 5
679
(3, 2, 2)
1
(2, 32)
-> Request 6
690
(4, 3, 2)
2
(49, 52)
-> Request 7
693
(4, 2, 2)
3
(2, 27)
-> Request 8
1107
(2, 3, 2)
2
(13, 25)
-> Request 9
1168
(2, 3, 2)
1
(35, 63)
-> Request 10
1177
(2, 2, 2)
3
(13, 9)
--> Day : 3
-> Request 0
163
(2, 3, 2)
3
(28, 4)
-> Request 1
801
(1, 1, 1)
2
(35, 40)
-> Request 2
847
(3, 3, 2)
3
(62, 11)
-> Request 3
873
(1, 1, 2)
2
(69, 73)
-> Request 4
1126
(3, 1, 2)
2
(74, 71)
-> Request 5
1234
(4, 3, 1)
2
(27, 61)
-> Request 6
1273
(4, 3, 1)
2
(14, 13)
-> Request 7
1392
(1, 2, 2)
1
(30, 78)
--> Day : 4
-> Request 0
29
(4, 1, 1)
3
(56, 57)
-> Request 1
168
(2, 3, 2)
3
(8, 62)
-> Request 2
184
(3, 1, 1)
2
(28, 56)
-> Request 3
207
(3, 1, 1)
1
(64, 37)
-> Request 4
589
(2, 3, 1)
1
(70, 32)
-> Request 5
611
(3, 3, 1)
2
(13, 8)
-> Request 6
666
(2, 3, 2)
2
(50, 58)
-> Request 7
685
(2, 2, 1)
1
(46, 63)
-> Request 8
1009
(1, 1, 2)
1
(36, 2)
-> Request 9
1196
(1, 3, 1)
3
(20, 35)
-> Request 10
1286
(2, 3, 2)
3
(41, 49)
---> Week : 3
--> Day : 0
-> Request 0
81
(4, 1, 1)
3
(3, 26)
-> Request 1
760
(1, 3, 2)
2
(36, 44)
-> Request 2
775
(4, 1, 2)
2
(51, 29)
-> Request 3
789
(1, 1, 2)
1
(6, 46)
-> Request 4
822
(4, 3, 1)
3
(57, 13)
-> Request 5
861
(1, 3, 2)
2
(51, 75)
-> Request 6
980
(1, 3, 1)
3
(38, 64)
-> Request 7
1019
(3, 2, 1)
3
(59, 56)
-> Request 8
1053
(3, 3, 2)
1
(70, 7)
--> Day : 1
-> Request 0
37
(2, 1, 2)
1
(12, 41)
-> Request 1
65
(3, 1, 2)
2
(49, 7)
-> Request 2
376
(1, 3, 2)
1
(30, 73)
-> Request 3
461
(3, 3, 1)
3
(3, 46)
-> Request 4
513
(3, 2, 1)
1
(25, 4)
-> Request 5
1241
(2, 3, 1)
2
(76, 0)
-> Request 6
1399
(2, 3, 2)
1
(75, 9)
--> Day : 2
-> Request 0
220
(4, 3, 2)
1
(55, 35)
-> Request 1
381
(1, 1, 2)
1
(74, 68)
-> Request 2
573
(2, 2, 2)
3
(37, 21)
-> Request 3
747
(2, 3, 1)
2
(20, 1)
-> Request 4
803
(4, 1, 2)
3
(37, 76)
-> Request 5
875
(4, 1, 2)
3
(46, 28)
-> Request 6
1077
(4, 2, 2)
2
(24, 62)
-> Request 7
1164
(4, 1, 2)
3
(76, 0)
-> Request 8
1173
(1, 3, 1)
1
(5, 35)
-> Request 9
1394
(3, 3, 1)
2
(54, 57)
--> Day : 3
-> Request 0
155
(2, 2, 1)
1
(1, 6)
-> Request 1
266
(2, 3, 2)
3
(56, 11)
-> Request 2
282
(3, 3, 1)
2
(30, 69)
-> Request 3
453
(3, 1, 1)
3
(47, 79)
-> Request 4
623
(4, 3, 2)
2
(32, 69)
-> Request 5
694
(4, 3, 2)
2
(62, 71)
-> Request 6
1075
(2, 3, 2)
1
(28, 55)
--> Day : 4
-> Request 0
96
(3, 1, 1)
2
(33, 65)
-> Request 1
107
(2, 1, 1)
3
(21, 71)
-> Request 2
182
(3, 2, 2)
1
(66, 70)
-> Request 3
295
(2, 3, 1)
1
(63, 36)
-> Request 4
315
(3, 1, 2)
3
(72, 35)
-> Request 5
835
(4, 1, 2)
3
(63, 19)
-> Request 6
905
(4, 3, 2)
2
(6, 32)
-> Request 7
1262
(4, 3, 1)
3
(36, 77)
-> Request 8
1296
(4, 2, 2)
3
(53, 1)
---> Week : 4
--> Day : 0
-> Request 0
217
(2, 1, 1)
1
(33, 35)
-> Request 1
244
(3, 1, 1)
3
(76, 4)
-> Request 2
326
(2, 3, 2)
2
(54, 53)
-> Request 3
488
(4, 2, 1)
1
(73, 70)
-> Request 4
673
(4, 2, 1)
1
(12, 33)
-> Request 5
755
(4, 2, 1)
2
(58, 18)
-> Request 6
1110
(3, 3, 1)
3
(61, 48)
-> Request 7
1186
(2, 3, 2)
3
(48, 26)
-> Request 8
1252
(1, 1, 1)
3
(50, 10)
-> Request 9
1346
(4, 2, 2)
3
(21, 63)
-> Request 10
1353
(4, 1, 2)
2
(79, 72)
--> Day : 1
-> Request 0
106
(4, 2, 1)
2
(4, 13)
-> Request 1
270
(1, 2, 1)
2
(8, 36)
-> Request 2
660
(1, 1, 1)
2
(11, 67)
-> Request 3
800
(3, 3, 2)
2
(16, 19)
-> Request 4
1171
(3, 2, 1)
3
(28, 37)
-> Request 5
1229
(3, 1, 2)
2
(45, 65)
-> Request 6
1411
(4, 1, 2)
1
(61, 36)
-> Request 7
1432
(1, 1, 2)
3
(32, 41)
--> Day : 2
-> Request 0
224
(3, 2, 1)
2
(53, 21)
-> Request 1
276
(2, 3, 2)
1
(12, 78)
-> Request 2
431
(3, 2, 1)
2
(67, 16)
-> Request 3
474
(2, 1, 2)
1
(10, 54)
-> Request 4
511
(2, 3, 2)
2
(51, 69)
-> Request 5
820
(3, 3, 2)
2
(2, 17)
-> Request 6
884
(4, 1, 1)
3
(45, 42)
-> Request 7
1060
(3, 2, 1)
2
(19, 31)
-> Request 8
1065
(2, 1, 1)
2
(29, 41)
-> Request 9
1406
(3, 2, 2)
1
(0, 40)
--> Day : 3
-> Request 0
142
(3, 3, 1)
2
(76, 73)
-> Request 1
392
(1, 3, 1)
1
(21, 2)
-> Request 2
508
(1, 3, 2)
2
(59, 31)
-> Request 3
520
(3, 1, 1)
2
(60, 27)
-> Request 4
542
(3, 1, 2)
3
(3, 11)
-> Request 5
896
(1, 1, 1)
3
(8, 77)
-> Request 6
947
(3, 3, 2)
1
(29, 67)
-> Request 7
994
(4, 2, 2)
1
(21, 42)
-> Request 8
1180
(4, 3, 2)
3
(50, 17)
-> Request 9
1204
(3, 1, 2)
3
(27, 74)
-> Request 10
1332
(4, 1, 2)
1
(0, 16)
--> Day : 4
-> Request 0
99
(3, 2, 1)
3
(59, 2)
-> Request 1
154
(4, 3, 2)
1
(63, 32)
-> Request 2
612
(4, 3, 1)
2
(72, 55)
-> Request 3
950
(3, 2, 1)
1
(61, 22)
-> Request 4
1050
(4, 3, 1)
3
(35, 20)
-> Request 5
1153
(2, 1, 1)
1
(44, 36)
-> Request 6
1280
(4, 1, 2)
1
(62, 9)
-> Request 7
1426
(2, 3, 2)
3
(12, 4)
---> Week : 5
--> Day : 0
-> Request 0
11
(1, 2, 1)
2
(26, 12)
-> Request 1
53
(1, 3, 2)
1
(33, 39)
-> Request 2
154
(4, 3, 1)
1
(37, 13)
-> Request 3
209
(2, 3, 2)
1
(50, 26)
-> Request 4
664
(2, 3, 2)
3
(3, 70)
-> Request 5
780
(1, 3, 1)
1
(59, 47)
-> Request 6
874
(3, 1, 2)
2
(17, 66)
-> Request 7
931
(2, 3, 2)
2
(10, 43)
-> Request 8
1249
(4, 2, 2)
1
(24, 38)
-> Request 9
1256
(2, 2, 2)
1
(77, 33)
-> Request 10
1431
(2, 2, 2)
2
(38, 27)
-> Request 11
1433
(2, 1, 2)
2
(45, 50)
--> Day : 1
-> Request 0
685
(4, 1, 1)
1
(60, 70)
-> Request 1
697
(1, 3, 1)
1
(18, 12)
-> Request 2
1187
(1, 3, 1)
3
(26, 47)
-> Request 3
1237
(3, 1, 2)
2
(56, 31)
-> Request 4
1421
(2, 3, 1)
1
(2, 62)
--> Day : 2
-> Request 0
87
(4, 3, 2)
3
(77, 41)
-> Request 1
188
(2, 3, 1)
1
(10, 47)
-> Request 2
310
(1, 1, 1)
2
(65, 21)
-> Request 3
335
(1, 2, 2)
3
(34, 15)
-> Request 4
550
(2, 3, 1)
2
(10, 79)
-> Request 5
609
(2, 3, 2)
1
(4, 20)
-> Request 6
619
(2, 2, 2)
3
(69, 4)
-> Request 7
620
(2, 2, 1)
2
(73, 67)
-> Request 8
920
(3, 3, 2)
1
(0, 12)
-> Request 9
962
(2, 3, 2)
3
(71, 1)
-> Request 10
975
(2, 3, 2)
3
(76, 45)
-> Request 11
1115
(1, 1, 2)
3
(20, 17)
-> Request 12
1294
(2, 3, 1)
2
(54, 17)
-> Request 13
1361
(2, 3, 1)
1
(11, 13)
--> Day : 3
-> Request 0
12
(3, 3, 1)
1
(47, 71)
-> Request 1
23
(4, 1, 2)
1
(70, 60)
-> Request 2
389
(3, 2, 2)
1
(26, 77)
-> Request 3
751
(1, 2, 2)
1
(54, 22)
-> Request 4
768
(2, 1, 2)
1
(57, 32)
-> Request 5
828
(2, 2, 2)
2
(31, 44)
-> Request 6
974
(1, 3, 2)
1
(31, 57)
-> Request 7
1371
(2, 3, 1)
1
(68, 32)
--> Day : 4
-> Request 0
204
(2, 3, 2)
2
(2, 16)
-> Request 1
217
(3, 2, 1)
3
(46, 71)
-> Request 2
364
(2, 2, 1)
3
(24, 11)
-> Request 3
398
(4, 3, 2)
1
(75, 49)
-> Request 4
443
(2, 3, 2)
2
(15, 40)
-> Request 5
553
(1, 3, 1)
3
(20, 42)
-> Request 6
705
(4, 2, 2)
1
(39, 1)
---> Week : 6
--> Day : 0
-> Request 0
10
(2, 2, 1)
1
(19, 49)
-> Request 1
43
(1, 2, 2)
1
(37, 34)
-> Request 2
658
(2, 3, 2)
3
(12, 35)
-> Request 3
1043
(1, 2, 1)
2
(66, 73)
--> Day : 1
-> Request 0
296
(1, 1, 1)
1
(15, 38)
-> Request 1
454
(4, 2, 1)
2
(32, 65)
-> Request 2
497
(4, 3, 1)
3
(34, 27)
-> Request 3
558
(3, 3, 2)
1
(16, 16)
-> Request 4
565
(4, 3, 1)
1
(9, 37)
-> Request 5
672
(4, 2, 1)
3
(8, 1)
-> Request 6
748
(4, 2, 2)
3
(35, 8)
-> Request 7
789
(3, 2, 2)
1
(0, 46)
-> Request 8
944
(2, 2, 1)
3
(15, 19)
-> Request 9
1017
(1, 2, 1)
1
(51, 78)
-> Request 10
1348
(1, 2, 2)
3
(28, 50)
-> Request 11
1381
(2, 2, 2)
3
(7, 1)
--> Day : 2
-> Request 0
343
(4, 1, 2)
3
(62, 65)
-> Request 1
371
(4, 3, 2)
1
(53, 32)
-> Request 2
495
(1, 1, 2)
2
(17, 47)
-> Request 3
620
(1, 3, 2)
1
(36, 32)
-> Request 4
631
(4, 1, 2)
1
(40, 52)
-> Request 5
1259
(3, 3, 2)
3
(74, 70)
-> Request 6
1260
(4, 2, 2)
2
(36, 21)
-> Request 7
1313
(4, 1, 2)
1
(17, 12)
-> Request 8
1369
(3, 2, 2)
1
(46, 76)
--> Day : 3
-> Request 0
126
(1, 3, 1)
2
(5, 22)
-> Request 1
273
(2, 3, 2)
1
(50, 22)
-> Request 2
294
(2, 2, 1)
1
(36, 43)
-> Request 3
406
(4, 3, 2)
3
(34, 51)
-> Request 4
437
(4, 1, 1)
1
(75, 0)
-> Request 5
811
(3, 1, 2)
2
(1, 26)
-> Request 6
1004
(2, 2, 2)
2
(70, 16)
-> Request 7
1013
(2, 1, 2)
2
(57, 13)
--> Day : 4
-> Request 0
176
(4, 3, 2)
2
(51, 66)
-> Request 1
288
(4, 1, 1)
2
(67, 24)
-> Request 2
347
(3, 1, 2)
1
(52, 57)
-> Request 3
738
(3, 2, 1)
2
(6, 45)
-> Request 4
910
(4, 1, 2)
1
(73, 27)
-> Request 5
1013
(4, 2, 2)
1
(67, 56)
-> Request 6
1182
(1, 2, 2)
1
(29, 12)
---> Week : 7
--> Day : 0
-> Request 0
142
(4, 3, 2)
2
(43, 32)
-> Request 1
234
(1, 3, 2)
3
(36, 33)
-> Request 2
552
(4, 2, 2)
2
(70, 62)
-> Request 3
621
(3, 3, 2)
3
(70, 14)
-> Request 4
653
(4, 1, 1)
3
(29, 45)
-> Request 5
776
(4, 3, 1)
1
(74, 78)
-> Request 6
843
(2, 2, 2)
3
(64, 76)
-> Request 7
1408
(2, 2, 1)
3
(51, 79)
-> Request 8
1424
(1, 3, 2)
2
(65, 38)
--> Day : 1
-> Request 0
342
(4, 1, 1)
1
(16, 29)
-> Request 1
508
(4, 3, 1)
3
(63, 20)
-> Request 2
557
(2, 3, 1)
3
(9, 52)
-> Request 3
1061
(3, 3, 2)
3
(67, 33)
-> Request 4
1419
(1, 1, 2)
1
(65, 15)
--> Day : 2
-> Request 0
48
(4, 1, 2)
1
(71, 14)
-> Request 1
548
(1, 1, 1)
2
(58, 77)
-> Request 2
636
(1, 2, 1)
1
(71, 9)
-> Request 3
875
(3, 3, 2)
3
(78, 8)
-> Request 4
1004
(2, 1, 1)
1
(60, 3)
-> Request 5
1006
(4, 3, 2)
1
(31, 56)
-> Request 6
1055
(1, 3, 1)
2
(6, 62)
-> Request 7
1076
(4, 1, 1)
3
(36, 35)
-> Request 8
1102
(3, 1, 2)
3
(32, 40)
-> Request 9
1211
(3, 3, 1)
1
(41, 46)
-> Request 10
1246
(1, 3, 2)
3
(51, 1)
-> Request 11
1305
(3, 3, 1)
2
(5, 47)
--> Day : 3
-> Request 0
172
(4, 1, 2)
2
(70, 63)
-> Request 1
316
(1, 1, 1)
2
(63, 17)
-> Request 2
349
(4, 1, 2)
2
(21, 6)
-> Request 3
723
(2, 1, 2)
1
(49, 47)
-> Request 4
837
(2, 1, 1)
3
(3, 45)
-> Request 5
842
(2, 3, 1)
3
(18, 76)
-> Request 6
864
(1, 1, 1)
1
(53, 51)
-> Request 7
987
(3, 3, 1)
2
(23, 7)
--> Day : 4
-> Request 0
182
(2, 1, 2)
3
(41, 22)
-> Request 1
314
(3, 1, 1)
1
(71, 43)
-> Request 2
360
(4, 1, 1)
3
(31, 45)
-> Request 3
725
(1, 3, 2)
3
(78, 42)
-> Request 4
770
(1, 2, 1)
3
(32, 75)
-> Request 5
783
(3, 3, 2)
1
(61, 31)
-> Request 6
880
(4, 2, 1)
1
(64, 63)
-> Request 7
942
(1, 3, 1)
2
(7, 66)
-> Request 8
1007
(3, 1, 1)
3
(15, 22)
-> Request 9
1195
(4, 1, 1)
2
(44, 15)
---> Week : 8
--> Day : 0
-> Request 0
302
(3, 3, 2)
1
(68, 30)
-> Request 1
352
(3, 1, 2)
3
(23, 10)
-> Request 2
423
(2, 2, 2)
2
(6, 51)
-> Request 3
433
(4, 3, 2)
1
(31, 10)
-> Request 4
542
(1, 2, 2)
2
(34, 8)
-> Request 5
652
(2, 2, 2)
3
(17, 63)
-> Request 6
655
(2, 1, 2)
1
(41, 0)
-> Request 7
711
(2, 1, 2)
1
(31, 67)
-> Request 8
1124
(1, 3, 2)
3
(36, 47)
--> Day : 1
-> Request 0
42
(1, 3, 1)
1
(19, 18)
-> Request 1
67
(3, 3, 1)
2
(66, 32)
-> Request 2
107
(2, 2, 1)
1
(34, 30)
-> Request 3
150
(2, 2, 1)
2
(9, 37)
-> Request 4
244
(3, 1, 1)
1
(79, 11)
-> Request 5
339
(4, 3, 2)
2
(29, 11)
-> Request 6
605
(2, 3, 1)
2
(73, 33)
-> Request 7
623
(4, 3, 1)
1
(2, 67)
-> Request 8
665
(4, 1, 1)
2
(12, 43)
-> Request 9
761
(3, 1, 2)
1
(41, 64)
-> Request 10
818
(3, 2, 1)
1
(30, 40)
-> Request 11
1028
(4, 3, 2)
2
(72, 18)
-> Request 12
1053
(2, 2, 1)
1
(79, 50)
-> Request 13
1384
(3, 1, 1)
2
(55, 29)
--> Day : 2
-> Request 0
134
(3, 3, 2)
2
(3, 41)
-> Request 1
172
(4, 2, 1)
1
(50, 33)
-> Request 2
567
(2, 2, 2)
2
(7, 1)
-> Request 3
876
(4, 1, 1)
1
(9, 26)
-> Request 4
916
(1, 3, 2)
1
(70, 55)
-> Request 5
1234
(3, 1, 1)
3
(18, 42)
--> Day : 3
-> Request 0
210
(3, 3, 1)
3
(0, 70)
-> Request 1
405
(4, 3, 1)
3
(59, 0)
-> Request 2
428
(3, 3, 1)
3
(60, 19)
-> Request 3
479
(4, 3, 2)
1
(52, 33)
-> Request 4
510
(2, 1, 2)
3
(40, 49)
-> Request 5
721
(1, 3, 1)
2
(49, 68)
-> Request 6
767
(3, 3, 1)
1
(53, 54)
-> Request 7
790
(2, 3, 1)
3
(5, 1)
-> Request 8
1047
(2, 2, 2)
1
(75, 62)
-> Request 9
1329
(2, 3, 1)
2
(61, 61)
-> Request 10
1336
(4, 2, 2)
1
(34, 63)
-> Request 11
1415
(1, 1, 1)
2
(38, 9)
--> Day : 4
-> Request 0
336
(2, 3, 1)
2
(41, 63)
-> Request 1
355
(3, 2, 2)
1
(74, 5)
-> Request 2
777
(1, 2, 2)
1
(73, 29)
-> Request 3
919
(1, 1, 2)
3
(38, 73)
-> Request 4
975
(4, 3, 1)
3
(21, 14)
-> Request 5
1240
(2, 2, 2)
3
(64, 78)
-> Request 6
1390
(2, 1, 1)
1
(4, 33)
---> Week : 9
--> Day : 0
-> Request 0
67
(4, 3, 1)
1
(21, 23)
-> Request 1
252
(4, 1, 1)
2
(67, 69)
-> Request 2
328
(3, 1, 1)
2
(78, 32)
-> Request 3
416
(1, 3, 1)
1
(79, 2)
-> Request 4
737
(3, 1, 2)
1
(64, 40)
-> Request 5
806
(3, 2, 2)
2
(29, 47)
-> Request 6
1136
(2, 3, 2)
1
(57, 41)
-> Request 7
1237
(1, 3, 2)
3
(64, 11)
-> Request 8
1381
(3, 2, 2)
1
(57, 30)
--> Day : 1
-> Request 0
37
(4, 1, 2)
1
(9, 31)
-> Request 1
58
(4, 2, 1)
1
(0, 29)
-> Request 2
201
(4, 1, 1)
1
(67, 9)
-> Request 3
477
(3, 1, 2)
3
(2, 22)
-> Request 4
944
(3, 1, 1)
1
(73, 78)
-> Request 5
1306
(2, 3, 1)
2
(16, 8)
-> Request 6
1306
(1, 1, 1)
2
(19, 56)
-> Request 7
1337
(2, 1, 1)
1
(9, 8)
--> Day : 2
-> Request 0
31
(3, 3, 2)
3
(61, 71)
-> Request 1
49
(2, 2, 2)
3
(79, 2)
-> Request 2
92
(4, 1, 1)
2
(45, 43)
-> Request 3
320
(1, 2, 2)
2
(77, 27)
-> Request 4
384
(1, 2, 2)
3
(13, 69)
-> Request 5
947
(3, 2, 2)
1
(45, 43)
-> Request 6
994
(3, 1, 1)
2
(52, 43)
-> Request 7
1087
(3, 2, 1)
3
(21, 32)
-> Request 8
1172
(3, 1, 2)
3
(21, 61)
-> Request 9
1206
(4, 1, 1)
2
(46, 65)
--> Day : 3
-> Request 0
79
(2, 3, 2)
1
(33, 62)
-> Request 1
82
(3, 2, 2)
1
(21, 36)
-> Request 2
569
(1, 2, 2)
1
(7, 50)
-> Request 3
580
(1, 2, 1)
3
(78, 48)
-> Request 4
854
(2, 2, 2)
1
(30, 20)
--> Day : 4
-> Request 0
30
(1, 3, 1)
1
(68, 62)
-> Request 1
37
(4, 1, 2)
2
(1, 64)
-> Request 2
493
(2, 3, 2)
2
(52, 21)
-> Request 3
758
(2, 3, 1)
2
(63, 10)
-> Request 4
782
(1, 1, 1)
2
(77, 23)
-> Request 5
1144
(2, 1, 1)
3
(45, 54)
-> Request 6
1226
(2, 3, 2)
3
(28, 25)
-> Request 7
1323
(3, 1, 1)
3
(66, 72)
---> Week : 10
--> Day : 0
-> Request 0
91
(4, 3, 2)
2
(23, 33)
-> Request 1
210
(2, 1, 1)
1
(35, 40)
-> Request 2
222
(4, 3, 1)
2
(13, 17)
-> Request 3
328
(4, 1, 1)
1
(3, 73)
-> Request 4
361
(2, 2, 2)
3
(21, 6)
-> Request 5
385
(2, 2, 1)
3
(30, 44)
-> Request 6
584
(1, 1, 2)
3
(55, 61)
-> Request 7
688
(2, 2, 1)
2
(20, 50)
-> Request 8
922
(1, 1, 1)
2
(48, 73)
-> Request 9
1137
(4, 1, 2)
1
(26, 69)
-> Request 10
1229
(2, 1, 1)
1
(37, 13)
-> Request 11
1241
(3, 3, 1)
2
(60, 35)
-> Request 12
1317
(2, 3, 2)
3
(2, 15)
-> Request 13
1355
(2, 1, 1)
3
(77, 28)
--> Day : 1
-> Request 0
390
(3, 3, 1)
1
(44, 28)
-> Request 1
407
(4, 3, 1)
3
(68, 56)
-> Request 2
452
(3, 1, 2)
1
(63, 61)
-> Request 3
478
(1, 3, 1)
2
(47, 19)
-> Request 4
738
(1, 1, 2)
1
(63, 42)
-> Request 5
898
(3, 3, 2)
3
(27, 66)
-> Request 6
1153
(1, 2, 1)
2
(39, 9)
-> Request 7
1279
(3, 2, 2)
1
(74, 63)
--> Day : 2
-> Request 0
146
(4, 3, 1)
3
(62, 21)
-> Request 1
220
(1, 3, 1)
3
(11, 76)
-> Request 2
239
(1, 3, 1)
3
(3, 49)
-> Request 3
319
(1, 2, 2)
3
(71, 68)
-> Request 4
321
(2, 3, 1)
1
(30, 8)
-> Request 5
529
(1, 3, 1)
1
(67, 22)
-> Request 6
659
(4, 2, 2)
3
(75, 33)
-> Request 7
1271
(4, 3, 1)
3
(47, 15)
--> Day : 3
-> Request 0
252
(4, 3, 2)
1
(32, 4)
-> Request 1
410
(2, 1, 2)
2
(43, 47)
-> Request 2
414
(4, 2, 2)
2
(14, 29)
-> Request 3
469
(2, 2, 2)
2
(4, 61)
-> Request 4
627
(4, 1, 1)
2
(13, 33)
-> Request 5
683
(4, 2, 1)
2
(79, 54)
-> Request 6
1252
(1, 1, 1)
3
(9, 57)
-> Request 7
1339
(3, 3, 2)
1
(26, 27)
--> Day : 4
-> Request 0
41
(1, 1, 1)
1
(32, 39)
-> Request 1
502
(1, 1, 1)
1
(18, 2)
-> Request 2
768
(1, 2, 2)
3
(44, 66)
-> Request 3
1034
(1, 3, 2)
2
(25, 4)
-> Request 4
1164
(2, 1, 1)
2
(28, 74)
-> Request 5
1434
(4, 1, 1)
3
(69, 37)
---> Week : 11
--> Day : 0
-> Request 0
3
(2, 2, 1)
2
(58, 77)
-> Request 1
116
(2, 2, 1)
2
(67, 30)
-> Request 2
199
(4, 3, 2)
1
(43, 76)
-> Request 3
333
(3, 3, 1)
3
(59, 51)
-> Request 4
679
(4, 1, 2)
2
(43, 49)
-> Request 5
831
(4, 3, 1)
1
(66, 60)
-> Request 6
880
(4, 1, 1)
2
(37, 62)
-> Request 7
988
(3, 3, 1)
2
(7, 37)
-> Request 8
1119
(3, 3, 1)
2
(45, 21)
-> Request 9
1252
(3, 1, 1)
3
(69, 41)
-> Request 10
1336
(1, 1, 1)
3
(71, 51)
--> Day : 1
-> Request 0
157
(3, 2, 1)
2
(65, 22)
-> Request 1
880
(1, 2, 1)
3
(26, 48)
-> Request 2
952
(2, 1, 2)
3
(32, 73)
-> Request 3
997
(4, 2, 1)
1
(55, 9)
-> Request 4
1181
(2, 1, 2)
2
(36, 15)
-> Request 5
1337
(3, 2, 1)
1
(23, 9)
-> Request 6
1352
(4, 3, 1)
2
(21, 59)
-> Request 7
1438
(3, 2, 2)
2
(21, 19)
--> Day : 2
-> Request 0
44
(4, 3, 2)
2
(40, 17)
-> Request 1
99
(2, 3, 1)
1
(18, 60)
-> Request 2
168
(2, 2, 1)
1
(56, 5)
-> Request 3
458
(4, 3, 2)
3
(38, 23)
-> Request 4
736
(3, 3, 1)
3
(6, 39)
-> Request 5
904
(2, 3, 2)
2
(21, 60)
-> Request 6
1189
(2, 1, 2)
3
(11, 69)
--> Day : 3
-> Request 0
540
(2, 2, 1)
2
(67, 42)
-> Request 1
631
(2, 1, 2)
1
(34, 72)
-> Request 2
687
(1, 2, 2)
1
(61, 18)
-> Request 3
733
(1, 2, 2)
3
(16, 10)
-> Request 4
884
(1, 1, 2)
2
(15, 68)
-> Request 5
904
(2, 1, 2)
1
(57, 57)
-> Request 6
946
(3, 2, 2)
2
(55, 9)
-> Request 7
1258
(1, 1, 1)
2
(79, 59)
-> Request 8
1278
(4, 2, 1)
2
(42, 14)
-> Request 9
1336
(2, 1, 1)
1
(74, 61)
-> Request 10
1373
(1, 1, 1)
1
(69, 35)
--> Day : 4
-> Request 0
78
(1, 2, 2)
1
(38, 52)
-> Request 1
152
(2, 3, 2)
1
(25, 39)
-> Request 2
443
(2, 2, 2)
1
(36, 66)
-> Request 3
789
(4, 3, 2)
3
(79, 75)
-> Request 4
1053
(4, 3, 2)
3
(8, 2)
-> Request 5
1107
(3, 2, 1)
2
(32, 54)
-> Request 6
1209
(1, 2, 2)
3
(21, 77)
-> Request 7
1300
(2, 1, 1)
1
(27, 79)
-> Request 8
1334
(1, 1, 2)
1
(25, 55)
---> Week : 12
--> Day : 0
-> Request 0
518
(3, 2, 1)
2
(32, 42)
-> Request 1
525
(2, 2, 2)
2
(76, 25)
-> Request 2
788
(2, 3, 2)
1
(27, 8)
-> Request 3
791
(1, 1, 2)
2
(73, 9)
-> Request 4
793
(4, 2, 2)
3
(76, 43)
-> Request 5
990
(4, 1, 1)
2
(2, 25)
-> Request 6
1342
(2, 2, 1)
1
(69, 63)
-> Request 7
1393
(4, 2, 2)
3
(40, 5)
-> Request 8
1411
(2, 2, 1)
1
(14, 56)
--> Day : 1
-> Request 0
195
(2, 1, 2)
2
(36, 52)
-> Request 1
249
(3, 2, 2)
2
(24, 15)
-> Request 2
361
(1, 2, 2)
3
(19, 52)
-> Request 3
376
(2, 1, 1)
1
(68, 79)
-> Request 4
560
(2, 1, 2)
1
(43, 28)
-> Request 5
793
(3, 1, 1)
1
(34, 46)
-> Request 6
853
(1, 2, 2)
1
(69, 41)
-> Request 7
927
(3, 1, 1)
3
(10, 68)
-> Request 8
1141
(1, 1, 2)
1
(70, 73)
-> Request 9
1273
(4, 1, 1)
3
(70, 9)
-> Request 10
1433
(2, 3, 1)
1
(4, 50)
--> Day : 2
-> Request 0
90
(4, 1, 1)
3
(17, 37)
-> Request 1
121
(3, 3, 2)
3
(17, 17)
-> Request 2
458
(2, 3, 1)
1
(18, 68)
-> Request 3
647
(3, 2, 2)
2
(45, 20)
-> Request 4
754
(3, 2, 1)
1
(64, 15)
-> Request 5
1047
(3, 3, 1)
1
(72, 31)
-> Request 6
1121
(2, 1, 1)
2
(17, 71)
-> Request 7
1134
(2, 3, 1)
3
(58, 48)
-> Request 8
1212
(2, 1, 1)
1
(78, 47)
--> Day : 3
-> Request 0
245
(3, 3, 2)
2
(79, 53)
-> Request 1
348
(1, 1, 1)
2
(33, 73)
-> Request 2
455
(2, 3, 1)
2
(61, 32)
-> Request 3
456
(1, 3, 2)
3
(21, 68)
-> Request 4
564
(2, 2, 2)
1
(49, 3)
-> Request 5
676
(3, 2, 2)
3
(56, 27)
-> Request 6
822
(4, 2, 2)
2
(35, 62)
-> Request 7
845
(4, 1, 2)
2
(56, 60)
-> Request 8
974
(3, 3, 1)
1
(20, 6)
-> Request 9
1027
(4, 2, 2)
3
(14, 28)
--> Day : 4
-> Request 0
91
(1, 2, 2)
2
(77, 41)
-> Request 1
472
(3, 3, 1)
3
(33, 9)
-> Request 2
597
(4, 1, 1)
2
(79, 51)
-> Request 3
1239
(1, 1, 1)
1
(73, 21)
-> Request 4
1313
(1, 3, 1)
2
(5, 58)
---> Week : 13
--> Day : 0
-> Request 0
89
(4, 1, 1)
3
(9, 28)
-> Request 1
108
(3, 2, 1)
2
(67, 33)
-> Request 2
171
(3, 1, 2)
3
(15, 10)
-> Request 3
467
(2, 2, 1)
2
(16, 31)
-> Request 4
555
(4, 2, 1)
2
(26, 11)
-> Request 5
915
(2, 1, 1)
1
(27, 49)
-> Request 6
982
(2, 1, 1)
1
(31, 48)
-> Request 7
1316
(2, 1, 1)
1
(16, 8)
-> Request 8
1416
(1, 1, 1)
2
(53, 26)
--> Day : 1
-> Request 0
50
(3, 1, 2)
3
(32, 68)
-> Request 1
153
(3, 1, 1)
3
(11, 60)
-> Request 2
193
(3, 3, 1)
3
(15, 4)
-> Request 3
205
(3, 1, 1)
2
(44, 66)
-> Request 4
344
(2, 2, 1)
1
(69, 2)
-> Request 5
386
(4, 1, 2)
3
(23, 16)
-> Request 6
590
(3, 1, 2)
2
(72, 13)
-> Request 7
599
(1, 1, 1)
1
(45, 17)
-> Request 8
1012
(4, 3, 2)
3
(17, 75)
-> Request 9
1410
(1, 3, 2)
1
(7, 43)
--> Day : 2
-> Request 0
5
(4, 3, 2)
2
(41, 57)
-> Request 1
160
(1, 2, 2)
3
(40, 32)
-> Request 2
208
(4, 3, 1)
3
(32, 49)
-> Request 3
416
(4, 1, 2)
3
(37, 55)
-> Request 4
453
(3, 3, 1)
3
(67, 48)
-> Request 5
487
(2, 1, 1)
1
(47, 54)
-> Request 6
692
(4, 3, 2)
3
(76, 34)
-> Request 7
729
(2, 3, 2)
3
(2, 36)
-> Request 8
856
(2, 2, 1)
3
(13, 76)
-> Request 9
1062
(1, 1, 2)
2
(7, 30)
-> Request 10
1300
(1, 3, 1)
1
(54, 8)
-> Request 11
1437
(2, 3, 2)
2
(5, 57)
--> Day : 3
-> Request 0
139
(2, 3, 2)
1
(7, 29)
-> Request 1
281
(3, 2, 1)
3
(20, 79)
-> Request 2
414
(4, 1, 2)
1
(63, 63)
-> Request 3
566
(4, 3, 1)
1
(48, 38)
-> Request 4
751
(3, 2, 2)
3
(26, 46)
-> Request 5
757
(1, 2, 2)
1
(13, 75)
-> Request 6
923
(4, 3, 2)
3
(58, 17)
-> Request 7
994
(4, 3, 2)
3
(45, 28)
-> Request 8
1016
(4, 2, 2)
3
(58, 62)
-> Request 9
1246
(3, 1, 2)
3
(21, 53)
--> Day : 4
-> Request 0
80
(4, 2, 2)
2
(9, 70)
-> Request 1
582
(3, 3, 2)
3
(44, 64)
-> Request 2
622
(1, 1, 2)
2
(79, 34)
-> Request 3
898
(3, 2, 2)
2
(61, 51)
-> Request 4
1086
(2, 1, 2)
2
(19, 0)
-> Request 5
1375
(4, 1, 2)
3
(13, 54)
---> Week : 14
--> Day : 0
-> Request 0
83
(1, 3, 2)
3
(71, 24)
-> Request 1
106
(2, 2, 1)
3
(70, 26)
-> Request 2
119
(2, 1, 2)
3
(42, 16)
-> Request 3
309
(1, 3, 2)
2
(38, 29)
-> Request 4
348
(4, 1, 1)
3
(71, 35)
-> Request 5
373
(3, 2, 2)
2
(23, 27)
-> Request 6
398
(4, 1, 2)
2
(31, 56)
-> Request 7
440
(4, 3, 2)
1
(22, 12)
-> Request 8
541
(1, 2, 1)
2
(48, 64)
-> Request 9
587
(2, 2, 2)
1
(12, 38)
-> Request 10
941
(1, 2, 2)
3
(42, 61)
-> Request 11
958
(3, 1, 1)
1
(32, 13)
-> Request 12
1010
(3, 2, 1)
2
(26, 48)
-> Request 13
1121
(1, 2, 1)
3
(15, 46)
-> Request 14
1121
(4, 1, 1)
1
(40, 76)
-> Request 15
1141
(3, 2, 1)
1
(51, 59)
-> Request 16
1190
(4, 1, 2)
2
(40, 18)
--> Day : 1
-> Request 0
38
(3, 2, 2)
3
(9, 29)
-> Request 1
91
(4, 2, 1)
2
(28, 17)
-> Request 2
254
(2, 1, 2)
1
(16, 14)
-> Request 3
279
(2, 2, 2)
2
(67, 75)
-> Request 4
1086
(2, 1, 2)
2
(61, 77)
-> Request 5
1112
(4, 2, 2)
2
(54, 64)
-> Request 6
1265
(3, 2, 2)
1
(52, 60)
-> Request 7
1296
(2, 1, 1)
3
(66, 62)
-> Request 8
1403
(2, 3, 2)
1
(38, 12)
--> Day : 2
-> Request 0
54
(1, 1, 2)
1
(43, 73)
-> Request 1
54
(4, 3, 1)
3
(63, 0)
-> Request 2
87
(1, 2, 1)
1
(68, 79)
-> Request 3
623
(2, 3, 1)
2
(32, 3)
-> Request 4
667
(1, 1, 2)
1
(49, 74)
-> Request 5
853
(2, 3, 1)
1
(71, 73)
-> Request 6
1254
(4, 3, 2)
3
(22, 29)
-> Request 7
1277
(1, 3, 2)
1
(45, 65)
--> Day : 3
-> Request 0
138
(3, 2, 2)
2
(4, 51)
-> Request 1
157
(4, 3, 2)
3
(21, 16)
-> Request 2
603
(1, 1, 2)
1
(2, 62)
-> Request 3
1029
(1, 1, 1)
3
(6, 23)
-> Request 4
1122
(1, 1, 2)
3
(45, 10)
--> Day : 4
-> Request 0
335
(3, 1, 2)
3
(25, 50)
-> Request 1
339
(2, 1, 1)
2
(27, 14)
-> Request 2
419
(1, 1, 1)
3
(13, 52)
-> Request 3
691
(1, 1, 2)
1
(72, 52)
-> Request 4
805
(4, 1, 2)
3
(0, 61)
-> Request 5
1010
(2, 2, 1)
3
(72, 78)
-> Request 6
1300
(1, 2, 2)
3
(3, 40)
-> Request 7
1335
(4, 3, 2)
2
(46, 37)
---> Week : 15
--> Day : 0
-> Request 0
14
(1, 3, 2)
3
(63, 52)
-> Request 1
151
(3, 3, 1)
1
(51, 13)
-> Request 2
274
(4, 2, 1)
1
(52, 37)
-> Request 3
342
(2, 2, 1)
3
(49, 20)
-> Request 4
432
(3, 1, 2)
2
(11, 75)
-> Request 5
630
(2, 1, 1)
2
(29, 29)
-> Request 6
1017
(2, 2, 2)
1
(50, 32)
-> Request 7
1165
(4, 2, 1)
2
(5, 31)
-> Request 8
1200
(1, 3, 1)
2
(42, 77)
-> Request 9
1250
(1, 3, 2)
1
(14, 46)
-> Request 10
1271
(4, 2, 2)
1
(59, 19)
-> Request 11
1350
(2, 1, 2)
2
(54, 3)
-> Request 12
1360
(3, 2, 1)
2
(75, 43)
--> Day : 1
-> Request 0
72
(3, 1, 2)
3
(14, 72)
-> Request 1
90
(2, 1, 2)
1
(12, 7)
-> Request 2
420
(1, 3, 1)
2
(64, 17)
-> Request 3
432
(4, 2, 2)
2
(5, 22)
-> Request 4
536
(1, 2, 2)
1
(22, 79)
-> Request 5
592
(1, 3, 2)
3
(20, 65)
-> Request 6
937
(1, 1, 2)
1
(28, 62)
-> Request 7
967
(1, 1, 1)
3
(72, 41)
-> Request 8
995
(3, 1, 2)
3
(14, 10)
-> Request 9
1181
(2, 1, 2)
2
(41, 68)
-> Request 10
1183
(2, 1, 2)
3
(47, 76)
-> Request 11
1433
(2, 2, 2)
1
(30, 65)
--> Day : 2
-> Request 0
214
(4, 3, 1)
2
(52, 9)
-> Request 1
479
(1, 1, 2)
1
(38, 53)
-> Request 2
519
(2, 3, 2)
3
(0, 70)
-> Request 3
549
(3, 3, 2)
3
(42, 71)
-> Request 4
776
(4, 2, 1)
1
(27, 75)
-> Request 5
839
(2, 2, 2)
1
(57, 21)
-> Request 6
1055
(1, 3, 2)
3
(10, 43)
-> Request 7
1309
(3, 2, 2)
3
(4, 50)
--> Day : 3
-> Request 0
66
(1, 2, 2)
3
(18, 78)
-> Request 1
310
(4, 1, 1)
3
(36, 74)
-> Request 2
387
(3, 1, 1)
3
(11, 77)
-> Request 3
413
(2, 3, 1)
3
(61, 8)
-> Request 4
562
(2, 1, 1)
3
(3, 58)
-> Request 5
575
(3, 3, 2)
3
(38, 0)
-> Request 6
772
(3, 3, 1)
2
(5, 27)
-> Request 7
878
(1, 2, 2)
2
(15, 1)
-> Request 8
907
(2, 2, 2)
1
(49, 55)
-> Request 9
912
(3, 1, 1)
2
(18, 5)
-> Request 10
945
(2, 2, 1)
2
(78, 47)
-> Request 11
1313
(3, 2, 2)
2
(6, 56)
--> Day : 4
-> Request 0
117
(2, 3, 2)
2
(50, 49)
-> Request 1
165
(1, 3, 2)
3
(49, 43)
-> Request 2
662
(2, 3, 2)
3
(12, 65)
-> Request 3
684
(3, 1, 2)
3
(54, 29)
-> Request 4
791
(3, 2, 2)
2
(26, 47)
-> Request 5
831
(4, 1, 2)
1
(68, 70)
-> Request 6
881
(4, 2, 2)
3
(24, 30)
-> Request 7
1180
(1, 1, 1)
2
(64, 48)
-> Request 8
1251
(1, 3, 2)
2
(22, 59)
---> Week : 16
--> Day : 0
-> Request 0
72
(2, 1, 1)
3
(11, 2)
-> Request 1
380
(3, 1, 2)
3
(36, 48)
-> Request 2
557
(2, 3, 2)
3
(52, 11)
-> Request 3
749
(4, 3, 2)
2
(8, 3)
-> Request 4
1271
(3, 1, 1)
2
(54, 29)
-> Request 5
1306
(4, 3, 1)
3
(76, 78)
--> Day : 1
-> Request 0
182
(4, 1, 2)
2
(58, 35)
-> Request 1
248
(4, 1, 2)
1
(32, 47)
-> Request 2
528
(1, 1, 2)
3
(63, 37)
-> Request 3
724
(1, 3, 2)
1
(11, 53)
-> Request 4
809
(2, 2, 1)
2
(5, 2)
-> Request 5
1019
(1, 3, 2)
3
(60, 31)
-> Request 6
1175
(1, 3, 1)
3
(51, 29)
-> Request 7
1231
(3, 2, 1)
1
(10, 32)
-> Request 8
1333
(1, 3, 1)
3
(46, 60)
--> Day : 2
-> Request 0
77
(4, 2, 2)
1
(20, 54)
-> Request 1
365
(4, 3, 2)
1
(79, 67)
-> Request 2
390
(1, 1, 1)
3
(7, 3)
-> Request 3
509
(3, 3, 1)
2
(9, 6)
-> Request 4
728
(4, 2, 2)
3
(73, 37)
-> Request 5
1216
(1, 3, 1)
2
(59, 0)
-> Request 6
1276
(3, 1, 2)
1
(63, 29)
--> Day : 3
-> Request 0
362
(1, 3, 2)
1
(72, 51)
-> Request 1
370
(3, 2, 2)
3
(21, 32)
-> Request 2
468
(1, 1, 1)
1
(40, 77)
-> Request 3
567
(4, 3, 1)
1
(67, 18)
-> Request 4
670
(3, 2, 2)
1
(56, 1)
-> Request 5
750
(4, 2, 2)
3
(74, 35)
-> Request 6
1015
(2, 2, 2)
1
(77, 7)
-> Request 7
1336
(2, 3, 1)
3
(67, 21)
--> Day : 4
-> Request 0
20
(2, 3, 2)
3
(19, 68)
-> Request 1
55
(1, 1, 2)
2
(69, 34)
-> Request 2
100
(2, 2, 1)
3
(13, 75)
-> Request 3
305
(1, 3, 2)
2
(48, 5)
-> Request 4
383
(3, 2, 1)
2
(75, 63)
-> Request 5
475
(4, 2, 1)
3
(47, 32)
-> Request 6
1105
(1, 2, 1)
1
(5, 28)
-> Request 7
1260
(2, 2, 2)
2
(68, 53)
---> Week : 17
--> Day : 0
-> Request 0
159
(2, 2, 2)
2
(56, 74)
-> Request 1
162
(3, 2, 1)
3
(3, 22)
-> Request 2
197
(4, 2, 1)
1
(2, 22)
-> Request 3
238
(1, 3, 1)
1
(13, 19)
-> Request 4
321
(2, 3, 1)
2
(56, 72)
-> Request 5
583
(1, 3, 1)
2
(37, 23)
-> Request 6
914
(1, 1, 1)
3
(24, 9)
-> Request 7
943
(1, 2, 2)
1
(43, 0)
-> Request 8
990
(4, 3, 1)
3
(76, 55)
-> Request 9
1034
(2, 2, 2)
2
(54, 2)
-> Request 10
1055
(3, 1, 2)
3
(48, 37)
-> Request 11
1095
(3, 1, 1)
3
(21, 31)
-> Request 12
1210
(4, 2, 2)
3
(1, 71)
-> Request 13
1273
(2, 3, 2)
3
(45, 47)
-> Request 14
1338
(1, 3, 1)
1
(53, 49)
--> Day : 1
-> Request 0
513
(2, 1, 2)
1
(18, 43)
-> Request 1
516
(4, 1, 2)
3
(9, 34)
-> Request 2
653
(3, 2, 2)
1
(46, 47)
-> Request 3
815
(1, 1, 1)
1
(39, 64)
-> Request 4
1185
(2, 2, 2)
3
(48, 35)
-> Request 5
1193
(1, 3, 1)
2
(59, 71)
-> Request 6
1353
(3, 2, 2)
1
(25, 71)
--> Day : 2
-> Request 0
26
(1, 2, 2)
2
(61, 63)
-> Request 1
217
(2, 1, 2)
1
(79, 62)
-> Request 2
808
(1, 2, 2)
3
(30, 35)
-> Request 3
859
(4, 1, 1)
3
(57, 62)
-> Request 4
897
(3, 2, 2)
3
(28, 58)
-> Request 5
1163
(4, 3, 1)
3
(18, 69)
-> Request 6
1322
(4, 3, 2)
1
(36, 28)
--> Day : 3
-> Request 0
41
(1, 1, 2)
3
(14, 3)
-> Request 1
421
(2, 2, 1)
3
(43, 20)
-> Request 2
482
(3, 1, 2)
1
(68, 30)
-> Request 3
758
(3, 3, 1)
3
(74, 75)
-> Request 4
771
(4, 1, 2)
2
(73, 31)
-> Request 5
881
(3, 3, 1)
2
(67, 60)
-> Request 6
988
(4, 1, 2)
3
(10, 33)
-> Request 7
1072
(4, 1, 2)
3
(63, 46)
-> Request 8
1287
(3, 2, 2)
3
(46, 42)
--> Day : 4
-> Request 0
296
(4, 2, 2)
1
(21, 25)
-> Request 1
411
(4, 1, 2)
2
(0, 28)
-> Request 2
477
(4, 2, 1)
2
(26, 59)
-> Request 3
631
(1, 2, 2)
2
(62, 23)
-> Request 4
980
(1, 1, 2)
3
(66, 22)
-> Request 5
983
(4, 2, 1)
2
(17, 65)
---> Week : 18
--> Day : 0
-> Request 0
25
(2, 1, 1)
3
(5, 31)
-> Request 1
211
(2, 1, 1)
1
(76, 11)
-> Request 2
325
(1, 1, 2)
2
(64, 67)
-> Request 3
375
(4, 3, 1)
2
(66, 14)
-> Request 4
377
(4, 1, 2)
2
(4, 47)
-> Request 5
395
(4, 3, 1)
2
(10, 48)
-> Request 6
476
(2, 1, 1)
3
(44, 41)
-> Request 7
603
(3, 1, 1)
1
(15, 53)
-> Request 8
852
(1, 1, 1)
3
(61, 39)
-> Request 9
976
(1, 1, 2)
1
(58, 48)
-> Request 10
1110
(2, 1, 2)
2
(52, 69)
-> Request 11
1273
(3, 1, 1)
3
(1, 72)
-> Request 12
1294
(4, 1, 1)
3
(19, 17)
-> Request 13
1395
(2, 3, 1)
3
(55, 20)
-> Request 14
1413
(1, 2, 2)
3
(59, 11)
--> Day : 1
-> Request 0
297
(3, 2, 1)
3
(37, 40)
-> Request 1
336
(3, 1, 1)
2
(58, 65)
-> Request 2
591
(2, 2, 1)
3
(77, 38)
-> Request 3
629
(2, 1, 2)
2
(4, 20)
-> Request 4
631
(3, 3, 1)
1
(24, 8)
-> Request 5
647
(3, 1, 2)
3
(46, 34)
-> Request 6
806
(1, 3, 2)
2
(22, 62)
-> Request 7
825
(3, 1, 1)
1
(76, 41)
-> Request 8
939
(2, 3, 2)
3
(71, 37)
-> Request 9
1039
(4, 1, 2)
3
(75, 56)
-> Request 10
1046
(4, 2, 2)
2
(35, 37)
-> Request 11
1202
(1, 1, 2)
1
(16, 63)
-> Request 12
1331
(3, 3, 1)
1
(33, 61)
--> Day : 2
-> Request 0
89
(3, 3, 1)
2
(8, 53)
-> Request 1
384
(4, 1, 1)
2
(34, 46)
-> Request 2
652
(3, 1, 1)
2
(61, 59)
-> Request 3
668
(1, 3, 2)
1
(5, 21)
-> Request 4
764
(4, 1, 2)
3
(8, 11)
-> Request 5
773
(4, 1, 2)
3
(11, 40)
-> Request 6
838
(4, 2, 2)
1
(16, 29)
-> Request 7
1113
(3, 3, 2)
1
(41, 22)
-> Request 8
1168
(1, 2, 2)
2
(11, 63)
-> Request 9
1274
(1, 2, 1)
1
(14, 60)
-> Request 10
1380
(2, 1, 1)
3
(59, 8)
-> Request 11
1381
(4, 2, 2)
1
(71, 33)
--> Day : 3
-> Request 0
73
(3, 2, 2)
1
(57, 23)
-> Request 1
404
(3, 3, 1)
3
(48, 22)
-> Request 2
406
(2, 1, 1)
1
(75, 42)
-> Request 3
457
(1, 3, 2)
2
(21, 7)
-> Request 4
495
(4, 1, 2)
2
(33, 19)
-> Request 5
499
(1, 2, 2)
3
(56, 61)
-> Request 6
570
(2, 3, 1)
1
(21, 15)
-> Request 7
995
(2, 1, 2)
1
(74, 61)
-> Request 8
1133
(2, 1, 1)
1
(61, 65)
--> Day : 4
-> Request 0
114
(3, 1, 1)
1
(16, 50)
-> Request 1
208
(3, 3, 1)
3
(52, 64)
-> Request 2
274
(1, 1, 1)
1
(72, 68)
-> Request 3
309
(1, 2, 2)
1
(6, 13)
-> Request 4
580
(1, 1, 2)
2
(2, 49)
-> Request 5
874
(3, 3, 1)
2
(29, 29)
-> Request 6
1128
(4, 1, 2)
1
(77, 12)
-> Request 7
1208
(2, 3, 1)
3
(13, 55)
-> Request 8
1425
(3, 2, 1)
3
(27, 65)
---> Week : 19
--> Day : 0
-> Request 0
312
(1, 2, 1)
1
(3, 57)
-> Request 1
408
(3, 1, 2)
3
(36, 12)
-> Request 2
596
(3, 2, 2)
1
(0, 3)
-> Request 3
744
(4, 1, 1)
1
(37, 64)
-> Request 4
752
(4, 2, 2)
1
(5, 37)
-> Request 5
819
(3, 3, 1)
3
(20, 22)
-> Request 6
955
(2, 1, 2)
2
(38, 18)
-> Request 7
1252
(3, 3, 1)
2
(17, 19)
-> Request 8
1362
(4, 3, 1)
1
(7, 67)
--> Day : 1
-> Request 0
59
(2, 2, 1)
2
(13, 40)
-> Request 1
134
(2, 2, 2)
1
(45, 41)
-> Request 2
148
(3, 3, 2)
3
(19, 31)
-> Request 3
313
(4, 1, 1)
3
(14, 75)
-> Request 4
323
(4, 2, 1)
3
(23, 21)
-> Request 5
379
(2, 1, 1)
2
(7, 25)
-> Request 6
388
(1, 2, 1)
2
(4, 78)
-> Request 7
457
(3, 1, 2)
3
(76, 68)
-> Request 8
563
(1, 1, 2)
2
(12, 66)
-> Request 9
750
(4, 1, 1)
3
(5, 55)
-> Request 10
885
(2, 1, 1)
1
(38, 62)
-> Request 11
899
(4, 3, 1)
3
(77, 54)
-> Request 12
943
(2, 1, 2)
2
(57, 72)
-> Request 13
980
(2, 2, 2)
3
(4, 27)
-> Request 14
1178
(1, 1, 1)
2
(33, 9)
-> Request 15
1262
(1, 1, 1)
2
(61, 73)
-> Request 16
1341
(3, 3, 1)
1
(58, 8)
--> Day : 2
-> Request 0
73
(4, 3, 1)
1
(1, 8)
-> Request 1
158
(1, 2, 2)
3
(44, 29)
-> Request 2
194
(4, 2, 1)
1
(3, 74)
-> Request 3
363
(2, 2, 1)
1
(12, 47)
-> Request 4
622
(3, 2, 1)
2
(60, 66)
-> Request 5
748
(4, 1, 1)
1
(63, 52)
-> Request 6
754
(2, 2, 2)
2
(76, 61)
-> Request 7
775
(2, 3, 2)
2
(36, 30)
-> Request 8
1062
(1, 1, 2)
2
(28, 64)
-> Request 9
1181
(4, 2, 2)
2
(30, 60)
-> Request 10
1195
(1, 3, 2)
3
(75, 8)
-> Request 11
1236
(4, 2, 1)
1
(24, 57)
--> Day : 3
-> Request 0
88
(3, 1, 1)
1
(17, 38)
-> Request 1
311
(1, 1, 1)
1
(22, 66)
-> Request 2
333
(3, 2, 2)
1
(4, 19)
-> Request 3
483
(3, 2, 2)
1
(31, 24)
-> Request 4
719
(3, 3, 1)
3
(74, 28)
-> Request 5
876
(3, 1, 2)
3
(22, 7)
-> Request 6
1077
(1, 1, 2)
3
(19, 49)
-> Request 7
1123
(1, 3, 2)
2
(28, 14)
-> Request 8
1217
(1, 3, 1)
2
(35, 52)
-> Request 9
1421
(1, 3, 2)
1
(60, 49)
--> Day : 4
-> Request 0
135
(4, 1, 1)
1
(16, 55)
-> Request 1
210
(1, 1, 1)
1
(2, 53)
-> Request 2
287
(2, 1, 2)
1
(39, 53)
-> Request 3
637
(3, 2, 1)
2
(41, 54)
-> Request 4
1122
(3, 2, 2)
3
(10, 27)
-> Request 5
1144
(3, 3, 1)
1
(0, 42)
-> Request 6
1164
(3, 1, 1)
2
(2, 44)
-> Request 7
1268
(2, 3, 1)
3
(41, 42)
-> Request 8
1328
(1, 3, 1)
3
(25, 50)
