---> Week : 0
--> Day : 0
-> Request 0
6
(1, 1, 2)
3
(30, 67)
-> Request 1
159
(1, 3, 1)
2
(73, 52)
-> Request 2
298
(4, 2, 2)
2
(21, 70)
-> Request 3
438
(1, 3, 1)
3
(55, 70)
-> Request 4
842
(2, 2, 1)
2
(29, 3)
-> Request 5
1088
(3, 3, 1)
3
(15, 74)
-> Request 6
1130
(2, 1, 2)
3
(63, 65)
-> Request 7
1166
(3, 2, 2)
3
(39, 50)
-> Request 8
1369
(3, 2, 2)
2
(66, 35)
--> Day : 1
-> Request 0
19
(2, 2, 2)
2
(75, 78)
-> Request 1
251
(2, 1, 2)
2
(61, 0)
-> Request 2
264
(2, 3, 2)
2
(53, 40)
-> Request 3
592
(3, 2, 2)
1
(61, 24)
-> Request 4
599
(1, 1, 1)
3
(74, 52)
-> Request 5
673
(2, 2, 2)
2
(43, 69)
-> Request 6
919
(4, 3, 1)
3
(18, 76)
-> Request 7
1173
(3, 2, 2)
3
(54, 49)
-> Request 8
1328
(2, 3, 1)
3
(13, 32)
-> Request 9
1380
(4, 1, 2)
2
(69, 65)
--> Day : 2
-> Request 0
141
(1, 3, 1)
3
(54, 30)
-> Request 1
190
(3, 2, 1)
2
(29, 28)
-> Request 2
341
(2, 1, 2)
2
(45, 56)
-> Request 3
481
(3, 1, 1)
1
(26, 59)
-> Request 4
626
(4, 1, 2)
1
(63, 74)
-> Request 5
797
(2, 3, 2)
1
(23, 71)
-> Request 6
1021
(2, 1, 1)
3
(51, 79)
-> Request 7
1033
(4, 1, 1)
3
(25, 10)
-> Request 8
1037
(3, 2, 1)
2
(56, 60)
-> Request 9
1086
(3, 2, 2)
3
(57, 60)
-> Request 10
1366
(1, 2, 1)
3
(33, 44)
--> Day : 3
-> Request 0
404
(3, 3, 1)
1
(62, 12)
-> Request 1
549
(1, 1, 1)
2
(16, 35)
-> Request 2
797
(1, 3, 1)
3
(21, 27)
-> Request 3
824
(1, 1, 2)
1
(3, 56)
-> Request 4
874
(2, 1, 1)
3
(9, 49)
-> Request 5
975
(3, 3, 2)
2
(27, 64)
-> Request 6
1031
(4, 2, 1)
2
(0, 29)
-> Request 7
1106
(4, 2, 1)
2
(58, 73)
-> Request 8
1196
(1, 1, 2)
2
(65, 63)
-> Request 9
1345
(1, 1, 1)
1
(35, 30)
--> Day : 4
-> Request 0
310
(4, 2, 2)
3
(59, 48)
-> Request 1
379
(3, 1, 2)
1
(20, 35)
-> Request 2
544
(2, 3, 2)
3
(51, 43)
-> Request 3
808
(1, 3, 1)
2
(5, 32)
-> Request 4
863
(3, 3, 1)
2
(5, 1)
-> Request 5
979
(4, 3, 2)
1
(50, 39)
-> Request 6
1005
(4, 2, 2)
1
(28, 48)
-> Request 7
1071
(2, 3, 2)
3
(27, 39)
---> Week : 1
--> Day : 0
-> Request 0
69
(3, 3, 1)
2
(6, 71)
-> Request 1
175
(4, 2, 2)
3
(18, 18)
-> Request 2
378
(1, 1, 2)
3
(46, 31)
-> Request 3
515
(2, 2, 2)
2
(21, 63)
-> Request 4
755
(4, 1, 2)
1
(64, 74)
-> Request 5
1114
(2, 2, 2)
3
(70, 21)
-> Request 6
1169
(4, 1, 2)
2
(50, 35)
-> Request 7
1283
(1, 1, 1)
2
(12, 64)
-> Request 8
1306
(4, 2, 2)
2
(51, 52)
-> Request 9
1419
(1, 2, 2)
1
(50, 52)
--> Day : 1
-> Request 0
240
(3, 2, 2)
3
(47, 31)
-> Request 1
593
(1, 1, 1)
2
(37, 5)
-> Request 2
826
(2, 2, 1)
2
(78, 65)
-> Request 3
1090
(3, 1, 2)
2
(7, 4)
-> Request 4
1262
(4, 2, 1)
1
(58, 17)
--> Day : 2
-> Request 0
4
(4, 3, 1)
3
(43, 38)
-> Request 1
509
(4, 2, 2)
2
(23, 74)
-> Request 2
595
(2, 1, 2)
2
(73, 48)
-> Request 3
670
(3, 3, 2)
2
(62, 25)
-> Request 4
877
(1, 1, 1)
2
(63, 1)
-> Request 5
1087
(1, 1, 1)
3
(44, 71)
-> Request 6
1089
(2, 1, 2)
1
(20, 20)
-> Request 7
1099
(3, 2, 2)
3
(71, 76)
-> Request 8
1171
(3, 3, 1)
1
(2, 35)
-> Request 9
1195
(3, 2, 2)
2
(74, 59)
-> Request 10
1288
(2, 3, 1)
3
(53, 26)
-> Request 11
1311
(3, 2, 2)
3
(50, 47)
--> Day : 3
-> Request 0
293
(3, 2, 2)
1
(35, 37)
-> Request 1
357
(2, 2, 2)
3
(29, 35)
-> Request 2
501
(3, 1, 2)
3
(13, 6)
-> Request 3
586
(2, 2, 1)
1
(40, 22)
-> Request 4
942
(4, 1, 2)
1
(29, 34)
-> Request 5
962
(2, 2, 2)
2
(28, 20)
-> Request 6
986
(1, 1, 1)
1
(33, 45)
-> Request 7
1334
(3, 2, 2)
3
(63, 59)
-> Request 8
1376
(2, 3, 1)
3
(44, 66)
-> Request 9
1400
(2, 2, 2)
1
(41, 66)
-> Request 10
1402
(2, 1, 2)
1
(36, 78)
--> Day : 4
-> Request 0
139
(3, 1, 1)
3
(7, 65)
-> Request 1
172
(2, 2, 1)
2
(38, 31)
-> Request 2
249
(4, 3, 2)
3
(56, 38)
-> Request 3
328
(3, 1, 2)
1
(35, 27)
-> Request 4
339
(2, 2, 1)
3
(68, 63)
-> Request 5
428
(4, 2, 1)
2
(56, 40)
-> Request 6
444
(4, 2, 2)
1
(70, 16)
-> Request 7
480
(4, 1, 2)
2
(15, 17)
-> Request 8
571
(2, 2, 2)
1
(76, 27)
-> Request 9
618
(3, 2, 1)
1
(7, 72)
-> Request 10
645
(2, 2, 2)
2
(71, 12)
-> Request 11
712
(1, 1, 2)
1
(70, 35)
-> Request 12
1249
(4, 1, 2)
2
(46, 18)
-> Request 13
1264
(4, 3, 1)
1
(61, 2)
-> Request 14
1326
(4, 2, 2)
2
(47, 48)
-> Request 15
1337
(3, 1, 1)
2
(68, 39)
---> Week : 2
--> Day : 0
-> Request 0
214
(3, 3, 1)
2
(69, 62)
-> Request 1
448
(3, 2, 2)
3
(60, 5)
-> Request 2
450
(3, 2, 2)
3
(21, 57)
-> Request 3
466
(3, 3, 2)
3
(19, 52)
-> Request 4
555
(1, 2, 2)
1
(57, 58)
-> Request 5
592
(2, 1, 2)
2
(5, 2)
-> Request 6
642
(3, 1, 1)
1
(51, 64)
--> Day : 1
-> Request 0
216
(1, 1, 2)
2
(59, 23)
-> Request 1
339
(3, 3, 1)
3
(39, 43)
-> Request 2
1020
(1, 2, 1)
3
(60, 36)
-> Request 3
1186
(1, 1, 2)
2
(30, 37)
-> Request 4
1211
(1, 1, 1)
3
(66, 24)
-> Request 5
1353
(3, 2, 1)
1
(68, 26)
--> Day : 2
-> Request 0
422
(2, 1, 1)
3
(29, 72)
-> Request 1
427
(4, 3, 1)
2
(56, 40)
-> Request 2
473
(2, 3, 1)
3
(32, 68)
-> Request 3
1226
(2, 3, 2)
3
(21, 79)
--> Day : 3
-> Request 0
27
(3, 3, 1)
2
(72, 44)
-> Request 1
181
(3, 1, 2)
3
(3, 35)
-> Request 2
194
(4, 2, 1)
3
(10, 34)
-> Request 3
495
(1, 2, 2)
3
(18, 60)
-> Request 4
572
(1, 3, 2)
3
(38, 29)
-> Request 5
608
(2, 1, 1)
3
(10, 8)
-> Request 6
949
(2, 2, 2)
1
(69, 64)
-> Request 7
1064
(1, 3, 2)
2
(20, 8)
-> Request 8
1115
(3, 2, 1)
1
(51, 33)
-> Request 9
1134
(3, 3, 2)
2
(3, 5)
-> Request 10
1436
(2, 3, 1)
2
(47, 18)
--> Day : 4
-> Request 0
210
(3, 3, 1)
2
(12, 12)
-> Request 1
242
(2, 1, 2)
2
(63, 42)
-> Request 2
313
(3, 2, 2)
3
(26, 47)
-> Request 3
388
(3, 2, 2)
1
(57, 9)
-> Request 4
452
(4, 3, 2)
2
(9, 57)
-> Request 5
518
(4, 1, 2)
3
(56, 19)
-> Request 6
542
(2, 2, 1)
2
(37, 48)
-> Request 7
589
(4, 1, 1)
3
(77, 64)
-> Request 8
600
(3, 3, 2)
1
(71, 11)
-> Request 9
602
(1, 2, 1)
3
(1, 49)
-> Request 10
815
(1, 3, 1)
3
(71, 13)
-> Request 11
840
(4, 3, 2)
3
(7, 33)
-> Request 12
969
(4, 3, 1)
3
(65, 12)
-> Request 13
1125
(3, 3, 2)
2
(7, 49)
-> Request 14
1386
(3, 1, 2)
1
(55, 17)
---> Week : 3
--> Day : 0
-> Request 0
127
(4, 2, 1)
1
(72, 35)
-> Request 1
163
(4, 3, 1)
3
(21, 10)
-> Request 2
435
(2, 1, 2)
3
(23, 63)
-> Request 3
540
(2, 2, 2)
1
(7, 37)
-> Request 4
603
(3, 1, 2)
1
(41, 36)
-> Request 5
1076
(4, 3, 1)
2
(21, 3)
-> Request 6
1133
(3, 1, 2)
1
(77, 50)
-> Request 7
1292
(2, 2, 2)
2
(28, 63)
--> Day : 1
-> Request 0
97
(3, 2, 2)
3
(52, 67)
-> Request 1
348
(3, 2, 1)
1
(31, 10)
-> Request 2
779
(4, 3, 2)
3
(25, 47)
-> Request 3
829
(1, 2, 1)
1
(38, 42)
-> Request 4
869
(2, 3, 1)
1
(28, 38)
-> Request 5
888
(2, 1, 2)
2
(47, 15)
-> Request 6
1031
(1, 2, 1)
1
(20, 61)
-> Request 7
1263
(4, 3, 2)
3
(55, 11)
--> Day : 2
-> Request 0
22
(4, 2, 1)
3
(74, 30)
-> Request 1
35
(2, 3, 1)
2
(8, 5)
-> Request 2
203
(1, 3, 1)
2
(25, 42)
-> Request 3
411
(4, 3, 1)
1
(53, 20)
-> Request 4
455
(2, 3, 2)
2
(2, 70)
-> Request 5
532
(2, 2, 1)
1
(46, 24)
-> Request 6
609
(4, 3, 1)
3
(20, 27)
-> Request 7
610
(1, 2, 1)
1
(12, 6)
-> Request 8
624
(1, 3, 1)
3
(15, 41)
-> Request 9
753
(2, 3, 1)
3
(23, 40)
-> Request 10
850
(4, 2, 1)
1
(40, 23)
-> Request 11
883
(1, 1, 1)
2
(71, 63)
-> Request 12
1298
(3, 2, 2)
1
(37, 5)
-> Request 13
1299
(3, 2, 2)
1
(5, 46)
--> Day : 3
-> Request 0
106
(4, 1, 1)
3
(44, 34)
-> Request 1
161
(1, 2, 1)
2
(48, 0)
-> Request 2
334
(2, 3, 1)
2
(35, 24)
-> Request 3
423
(1, 2, 1)
1
(52, 49)
-> Request 4
468
(2, 3, 2)
3
(20, 49)
-> Request 5
592
(3, 2, 1)
3
(72, 17)
-> Request 6
615
(4, 1, 1)
2
(7, 5)
-> Request 7
1213
(3, 1, 2)
3
(5, 14)
-> Request 8
1278
(4, 2, 2)
2
(27, 2)
-> Request 9
1358
(3, 1, 2)
2
(9, 74)
-> Request 10
1367
(4, 3, 1)
3
(4, 49)
--> Day : 4
-> Request 0
61
(3, 3, 2)
1
(42, 27)
-> Request 1
110
(1, 1, 1)
1
(47, 13)
-> Request 2
150
(2, 2, 2)
1
(56, 39)
-> Request 3
153
(3, 3, 1)
2
(36, 14)
-> Request 4
539
(2, 3, 2)
2
(72, 42)
-> Request 5
809
(1, 3, 1)
1
(58, 31)
-> Request 6
890
(1, 2, 1)
3
(17, 75)
-> Request 7
1045
(1, 2, 1)
2
(61, 43)
-> Request 8
1249
(1, 2, 1)
3
(78, 73)
-> Request 9
1308
(1, 3, 2)
1
(39, 2)
-> Request 10
1386
(2, 1, 2)
3
(30, 71)
-> Request 11
1438
(1, 1, 2)
2
(20, 30)
---> Week : 4
--> Day : 0
-> Request 0
15
(2, 1, 1)
3
(20, 65)
-> Request 1
55
(2, 1, 1)
2
(64, 2)
-> Request 2
131
(2, 1, 1)
2
(30, 20)
-> Request 3
234
(1, 3, 1)
1
(12, 14)
-> Request 4
240
(2, 3, 2)
3
(76, 38)
-> Request 5
323
(4, 3, 2)
1
(71, 0)
-> Request 6
696
(3, 2, 1)
1
(33, 46)
-> Request 7
1140
(3, 2, 1)
1
(46, 67)
-> Request 8
1383
(4, 3, 2)
1
(15, 18)
--> Day : 1
-> Request 0
13
(3, 1, 1)
1
(6, 27)
-> Request 1
68
(1, 1, 1)
2
(61, 10)
-> Request 2
259
(3, 2, 2)
2
(38, 54)
-> Request 3
515
(2, 2, 1)
3
(76, 48)
-> Request 4
787
(4, 2, 2)
3
(71, 79)
-> Request 5
788
(2, 3, 1)
3
(63, 5)
-> Request 6
920
(2, 3, 1)
2
(23, 15)
-> Request 7
1049
(2, 1, 2)
1
(29, 41)
-> Request 8
1103
(1, 2, 1)
3
(17, 14)
-> Request 9
1173
(2, 3, 1)
2
(28, 5)
-> Request 10
1182
(2, 1, 2)
1
(22, 7)
-> Request 11
1189
(1, 1, 1)
2
(45, 31)
-> Request 12
1210
(3, 3, 1)
1
(58, 30)
-> Request 13
1237
(4, 1, 1)
2
(20, 46)
-> Request 14
1270
(3, 3, 2)
2
(37, 13)
-> Request 15
1296
(1, 3, 2)
2
(58, 12)
--> Day : 2
-> Request 0
40
(2, 2, 2)
2
(11, 30)
-> Request 1
78
(1, 1, 2)
1
(52, 65)
-> Request 2
385
(3, 1, 1)
3
(7, 13)
-> Request 3
863
(2, 2, 2)
2
(78, 43)
-> Request 4
889
(2, 1, 2)
1
(5, 70)
-> Request 5
918
(3, 1, 1)
3
(73, 61)
-> Request 6
1145
(4, 1, 2)
2
(19, 24)
-> Request 7
1313
(4, 2, 2)
3
(70, 9)
--> Day : 3
-> Request 0
102
(3, 3, 1)
2
(70, 71)
-> Request 1
555
(2, 2, 1)
1
(46, 8)
-> Request 2
589
(2, 1, 2)
1
(76, 57)
-> Request 3
735
(1, 2, 1)
3
(6, 44)
-> Request 4
772
(1, 3, 2)
2
(67, 76)
-> Request 5
793
(2, 3, 1)
3
(71, 77)
-> Request 6
892
(3, 2, 1)
1
(55, 5)
-> Request 7
975
(4, 1, 1)
1
(24, 46)
-> Request 8
984
(1, 2, 2)
2
(55, 76)
-> Request 9
1152
(2, 2, 2)
1
(62, 74)
--> Day : 4
-> Request 0
16
(1, 1, 2)
3
(5, 45)
-> Request 1
394
(2, 2, 2)
1
(74, 61)
-> Request 2
473
(2, 1, 2)
1
(15, 29)
-> Request 3
695
(3, 2, 2)
3
(74, 5)
-> Request 4
1001
(4, 3, 1)
2
(29, 26)
-> Request 5
1278
(2, 2, 1)
3
(70, 17)
-> Request 6
1431
(2, 1, 1)
2
(63, 21)
---> Week : 5
--> Day : 0
-> Request 0
97
(3, 1, 1)
3
(5, 32)
-> Request 1
192
(4, 3, 2)
2
(55, 41)
-> Request 2
261
(3, 2, 1)
2
(41, 27)
-> Request 3
279
(1, 1, 2)
1
(64, 18)
-> Request 4
287
(2, 3, 1)
3
(14, 62)
-> Request 5
349
(2, 1, 2)
2
(31, 33)
-> Request 6
620
(4, 1, 2)
2
(10, 22)
-> Request 7
847
(2, 1, 2)
2
(37, 69)
-> Request 8
969
(2, 3, 1)
3
(74, 53)
-> Request 9
1108
(4, 3, 1)
1
(34, 57)
-> Request 10
1140
(4, 1, 1)
2
(30, 1)
-> Request 11
1236
(4, 2, 2)
3
(39, 70)
-> Request 12
1331
(4, 1, 1)
1
(19, 55)
-> Request 13
1408
(4, 3, 2)
1
(17, 6)
--> Day : 1
-> Request 0
4
(2, 2, 2)
2
(41, 36)
-> Request 1
210
(4, 3, 2)
2
(53, 48)
-> Request 2
261
(4, 3, 1)
3
(29, 51)
-> Request 3
1130
(3, 1, 1)
3
(51, 48)
-> Request 4
1236
(2, 2, 2)
2
(42, 31)
-> Request 5
1346
(4, 3, 2)
2
(62, 45)
-> Request 6
1424
(2, 2, 1)
3
(35, 37)
--> Day : 2
-> Request 0
514
(3, 1, 2)
2
(53, 21)
-> Request 1
560
(4, 2, 1)
3
(5, 26)
-> Request 2
1149
(2, 2, 2)
2
(61, 19)
-> Request 3
1187
(4, 2, 1)
2
(2, 3)
-> Request 4
1283
(1, 2, 2)
1
(78, 16)
-> Request 5
1286
(1, 1, 2)
1
(30, 21)
-> Request 6
1387
(4, 2, 2)
1
(38, 6)
--> Day : 3
-> Request 0
84
(4, 3, 1)
1
(17, 1)
-> Request 1
155
(1, 3, 1)
2
(6, 73)
-> Request 2
709
(4, 1, 2)
1
(15, 9)
-> Request 3
766
(2, 2, 1)
2
(49, 8)
-> Request 4
965
(2, 1, 1)
2
(34, 54)
-> Request 5
1113
(1, 3, 1)
1
(15, 26)
-> Request 6
1164
(4, 2, 2)
3
(12, 27)
--> Day : 4
-> Request 0
38
(3, 2, 2)
1
(67, 10)
-> Request 1
73
(3, 3, 1)
2
(17, 61)
-> Request 2
136
(1, 3, 1)
3
(35, 5)
-> Request 3
354
(3, 3, 1)
3
(8, 43)
-> Request 4
414
(3, 3, 1)
1
(33, 55)
-> Request 5
937
(3, 1, 2)
2
(41, 37)
-> Request 6
940
(1, 3, 2)
2
(76, 68)
-> Request 7
1155
(4, 1, 1)
1
(51, 75)
-> Request 8
1323
(1, 1, 1)
1
(22, 22)
---> Week : 6
--> Day : 0
-> Request 0
97
(2, 3, 2)
1
(38, 39)
-> Request 1
233
(2, 3, 2)
3
(64, 20)
-> Request 2
414
(4, 1, 1)
1
(16, 68)
-> Request 3
425
(1, 2, 1)
2
(19, 25)
-> Request 4
447
(1, 2, 2)
1
(44, 31)
-> Request 5
484
(3, 3, 1)
2
(14, 8)
-> Request 6
544
(3, 2, 2)
2
(43, 37)
-> Request 7
561
(2, 1, 1)
1
(27, 32)
-> Request 8
791
(2, 3, 1)
2
(5, 21)
-> Request 9
1068
(3, 2, 1)
1
(64, 75)
--> Day : 1
-> Request 0
13
(4, 1, 2)
1
(38, 44)
-> Request 1
74
(1, 3, 1)
2
(33, 62)
-> Request 2
102
(2, 1, 1)
3
(38, 17)
-> Request 3
113
(4, 3, 1)
3
(48, 30)
-> Request 4
378
(3, 1, 2)
3
(62, 77)
-> Request 5
731
(1, 1, 2)
2
(66, 60)
-> Request 6
749
(2, 1, 1)
1
(47, 21)
-> Request 7
1139
(3, 3, 2)
3
(73, 6)
-> Request 8
1181
(3, 1, 1)
1
(21, 37)
-> Request 9
1269
(2, 1, 2)
3
(27, 67)
--> Day : 2
-> Request 0
96
(3, 1, 2)
3
(50, 25)
-> Request 1
108
(4, 1, 2)
1
(11, 11)
-> Request 2
142
(3, 3, 1)
2
(1, 1)
-> Request 3
148
(4, 2, 1)
2
(56, 1)
-> Request 4
349
(3, 3, 2)
1
(18, 60)
-> Request 5
442
(1, 1, 1)
2
(50, 37)
-> Request 6
448
(3, 1, 2)
2
(67, 21)
-> Request 7
448
(2, 3, 2)
3
(19, 54)
-> Request 8
475
(2, 2, 1)
1
(6, 54)
-> Request 9
501
(2, 3, 1)
2
(18, 44)
-> Request 10
528
(4, 2, 2)
2
(10, 65)
-> Request 11
757
(3, 2, 2)
2
(28, 9)
-> Request 12
764
(1, 1, 1)
1
(69, 25)
-> Request 13
887
(2, 3, 2)
2
(43, 72)
-> Request 14
989
(4, 1, 1)
1
(3, 19)
-> Request 15
1052
(1, 3, 2)
2
(67, 54)
-> Request 16
1118
(3, 1, 2)
2
(46, 51)
-> Request 17
1172
(2, 3, 2)
1
(60, 61)
--> Day : 3
-> Request 0
181
(4, 2, 2)
3
(26, 33)
-> Request 1
415
(3, 2, 2)
1
(41, 24)
-> Request 2
674
(2, 3, 2)
1
(61, 49)
-> Request 3
877
(1, 1, 1)
1
(76, 2)
-> Request 4
929
(4, 2, 2)
3
(53, 31)
-> Request 5
988
(1, 1, 1)
3
(72, 53)
-> Request 6
1154
(1, 3, 1)
2
(72, 57)
-> Request 7
1208
(4, 2, 2)
3
(48, 12)
-> Request 8
1244
(1, 2, 2)
2
(46, 53)
-> Request 9
1285
(4, 2, 2)
2
(1, 9)
-> Request 10
1320
(4, 1, 2)
1
(77, 29)
-> Request 11
1415
(2, 2, 1)
2
(64, 54)
--> Day : 4
-> Request 0
296
(1, 3, 1)
1
(58, 3)
-> Request 1
369
(3, 2, 1)
2
(20, 17)
-> Request 2
446
(3, 2, 2)
3
(14, 40)
-> Request 3
470
(3, 2, 1)
1
(11, 57)
-> Request 4
552
(1, 1, 1)
3
(64, 72)
-> Request 5
569
(2, 3, 1)
1
(19, 79)
-> Request 6
606
(3, 3, 1)
1
(73, 10)
-> Request 7
610
(3, 1, 2)
1
(47, 78)
-> Request 8
968
(4, 2, 2)
2
(47, 2)
-> Request 9
1316
(1, 1, 2)
1
(33, 3)
---> Week : 7
--> Day : 0
-> Request 0
242
(2, 3, 2)
3
(49, 22)
-> Request 1
389
(4, 1, 1)
2
(14, 17)
-> Request 2
483
(1, 1, 2)
3
(51, 63)
-> Request 3
664
(2, 2, 2)
3
(2, 4)
-> Request 4
806
(3, 3, 1)
3
(59, 54)
-> Request 5
1178
(3, 1, 2)
2
(12, 31)
-> Request 6
1265
(1, 2, 2)
2
(77, 4)
-> Request 7
1363
(4, 3, 1)
1
(7, 65)
--> Day : 1
-> Request 0
37
(2, 1, 1)
3
(61, 46)
-> Request 1
196
(1, 2, 2)
2
(69, 44)
-> Request 2
270
(3, 1, 2)
1
(32, 39)
-> Request 3
349
(4, 3, 2)
3
(71, 27)
-> Request 4
609
(1, 2, 2)
1
(51, 58)
-> Request 5
665
(3, 2, 1)
2
(67, 25)
-> Request 6
689
(2, 1, 2)
1
(40, 70)
-> Request 7
730
(1, 1, 2)
3
(60, 54)
-> Request 8
937
(3, 3, 1)
2
(51, 72)
-> Request 9
1191
(1, 3, 1)
1
(50, 73)
-> Request 10
1219
(3, 2, 2)
2
(14, 21)
-> Request 11
1232
(2, 1, 1)
3
(68, 3)
-> Request 12
1250
(3, 2, 2)
1
(41, 2)
-> Request 13
1396
(4, 1, 1)
1
(19, 41)
--> Day : 2
-> Request 0
66
(2, 3, 1)
3
(14, 36)
-> Request 1
100
(1, 1, 2)
3
(12, 73)
-> Request 2
554
(1, 2, 2)
2
(36, 7)
-> Request 3
701
(1, 1, 2)
1
(23, 1)
-> Request 4
810
(3, 2, 2)
2
(47, 22)
-> Request 5
919
(2, 2, 1)
2
(52, 42)
-> Request 6
1224
(3, 1, 1)
2
(62, 71)
-> Request 7
1320
(2, 1, 1)
3
(53, 51)
--> Day : 3
-> Request 0
28
(4, 2, 1)
3
(33, 63)
-> Request 1
64
(2, 3, 1)
2
(52, 70)
-> Request 2
65
(3, 2, 2)
2
(40, 40)
-> Request 3
410
(2, 3, 2)
1
(15, 67)
-> Request 4
422
(4, 2, 1)
1
(38, 71)
-> Request 5
771
(2, 1, 2)
2
(77, 57)
-> Request 6
1113
(3, 2, 2)
2
(60, 24)
-> Request 7
1115
(3, 1, 1)
3
(24, 4)
-> Request 8
1141
(2, 1, 2)
1
(48, 3)
-> Request 9
1261
(4, 2, 1)
3
(15, 75)
-> Request 10
1283
(2, 2, 2)
2
(37, 73)
--> Day : 4
-> Request 0
81
(2, 1, 2)
2
(31, 32)
-> Request 1
212
(3, 1, 1)
1
(20, 73)
-> Request 2
878
(3, 3, 1)
1
(21, 57)
-> Request 3
998
(4, 3, 1)
2
(46, 6)
-> Request 4
1162
(4, 1, 1)
3
(52, 77)
-> Request 5
1205
(3, 1, 2)
2
(53, 23)
---> Week : 8
--> Day : 0
-> Request 0
62
(2, 2, 2)
1
(10, 77)
-> Request 1
71
(3, 3, 1)
2
(75, 22)
-> Request 2
527
(4, 2, 2)
1
(54, 41)
-> Request 3
554
(2, 1, 2)
2
(57, 6)
-> Request 4
731
(3, 1, 2)
2
(14, 5)
-> Request 5
816
(4, 3, 2)
3
(79, 14)
-> Request 6
854
(4, 3, 2)
2
(8, 37)
-> Request 7
901
(3, 1, 1)
2
(3, 18)
--> Day : 1
-> Request 0
38
(4, 3, 1)
2
(74, 68)
-> Request 1
343
(3, 3, 1)
1
(60, 70)
-> Request 2
354
(4, 3, 2)
2
(54, 27)
-> Request 3
848
(4, 2, 1)
3
(61, 33)
-> Request 4
859
(3, 3, 2)
3
(37, 45)
-> Request 5
882
(3, 3, 2)
1
(20, 17)
-> Request 6
1087
(4, 2, 1)
3
(31, 10)
-> Request 7
1261
(3, 1, 1)
2
(53, 76)
--> Day : 2
-> Request 0
76
(4, 3, 1)
2
(49, 42)
-> Request 1
281
(1, 1, 1)
3
(62, 60)
-> Request 2
756
(2, 2, 2)
2
(44, 54)
-> Request 3
1197
(1, 2, 1)
2
(0, 20)
-> Request 4
1261
(2, 2, 2)
1
(52, 10)
--> Day : 3
-> Request 0
293
(3, 3, 1)
3
(46, 7)
-> Request 1
332
(2, 2, 2)
1
(2, 31)
-> Request 2
337
(4, 1, 1)
2
(67, 77)
-> Request 3
502
(1, 3, 1)
2
(34, 75)
-> Request 4
596
(2, 1, 2)
3
(57, 48)
-> Request 5
1003
(3, 3, 2)
1
(32, 52)
-> Request 6
1173
(3, 3, 2)
1
(34, 18)
-> Request 7
1219
(4, 1, 1)
2
(49, 38)
-> Request 8
1316
(1, 2, 1)
2
(43, 55)
--> Day : 4
-> Request 0
118
(4, 1, 1)
1
(9, 77)
-> Request 1
131
(4, 1, 2)
3
(58, 8)
-> Request 2
139
(4, 1, 2)
2
(64, 43)
-> Request 3
517
(3, 2, 1)
3
(11, 58)
-> Request 4
547
(3, 2, 1)
1
(35, 16)
-> Request 5
788
(2, 1, 1)
2
(66, 52)
-> Request 6
850
(1, 1, 2)
1
(10, 27)
-> Request 7
903
(4, 3, 2)
2
(15, 54)
-> Request 8
921
(4, 2, 1)
3
(33, 30)
-> Request 9
1185
(2, 2, 1)
2
(27, 39)
-> Request 10
1244
(2, 2, 2)
2
(11, 77)
---> Week : 9
--> Day : 0
-> Request 0
595
(2, 2, 2)
1
(25, 29)
-> Request 1
726
(3, 1, 2)
3
(38, 50)
-> Request 2
732
(2, 3, 1)
1
(37, 51)
-> Request 3
1111
(4, 1, 1)
1
(40, 54)
-> Request 4
1376
(2, 3, 1)
1
(58, 54)
-> Request 5
1383
(2, 1, 1)
1
(79, 12)
--> Day : 1
-> Request 0
56
(1, 3, 2)
1
(12, 42)
-> Request 1
147
(1, 2, 1)
3
(65, 45)
-> Request 2
200
(4, 2, 2)
3
(47, 49)
-> Request 3
223
(4, 2, 2)
3
(30, 10)
-> Request 4
445
(2, 1, 1)
1
(28, 63)
-> Request 5
489
(4, 1, 1)
3
(23, 68)
-> Request 6
614
(4, 1, 1)
2
(7, 57)
-> Request 7
926
(4, 2, 1)
1
(2, 54)
-> Request 8
928
(3, 1, 1)
2
(3, 31)
-> Request 9
982
(2, 3, 1)
3
(58, 59)
-> Request 10
1407
(3, 1, 2)
1
(22, 11)
--> Day : 2
-> Request 0
224
(4, 2, 2)
1
(45, 47)
-> Request 1
293
(3, 3, 2)
1
(42, 24)
-> Request 2
595
(1, 3, 2)
1
(65, 28)
-> Request 3
635
(4, 2, 2)
2
(14, 71)
-> Request 4
898
(4, 3, 1)
2
(75, 70)
-> Request 5
906
(4, 3, 1)
1
(31, 27)
-> Request 6
1075
(4, 3, 1)
1
(58, 26)
-> Request 7
1180
(2, 3, 2)
1
(13, 46)
-> Request 8
1257
(2, 2, 2)
3
(10, 54)
-> Request 9
1366
(4, 1, 2)
2
(53, 25)
--> Day : 3
-> Request 0
644
(4, 3, 1)
1
(18, 1)
-> Request 1
647
(3, 3, 2)
1
(16, 58)
-> Request 2
778
(3, 2, 1)
3
(13, 2)
-> Request 3
1109
(1, 3, 2)
2
(50, 55)
-> Request 4
1223
(3, 1, 1)
1
(5, 43)
-> Request 5
1242
(3, 2, 1)
3
(56, 59)
-> Request 6
1247
(1, 3, 2)
1
(40, 15)
-> Request 7
1366
(2, 1, 1)
2
(55, 48)
--> Day : 4
-> Request 0
109
(3, 3, 2)
3
(10, 70)
-> Request 1
166
(1, 2, 1)
1
(51, 61)
-> Request 2
467
(1, 3, 1)
2
(55, 38)
-> Request 3
518
(1, 3, 1)
1
(18, 12)
-> Request 4
540
(1, 2, 1)
2
(71, 62)
-> Request 5
690
(4, 2, 1)
3
(59, 41)
-> Request 6
843
(1, 2, 2)
3
(6, 28)
-> Request 7
852
(2, 2, 2)
2
(64, 70)
-> Request 8
945
(1, 1, 2)
2
(41, 69)
-> Request 9
1152
(2, 2, 1)
1
(3, 69)
-> Request 10
1153
(3, 1, 1)
3
(35, 10)
-> Request 11
1411
(2, 2, 1)
3
(76, 50)
---> Week : 10
--> Day : 0
-> Request 0
40
(4, 2, 2)
3
(59, 9)
-> Request 1
56
(1, 1, 1)
2
(43, 22)
-> Request 2
92
(2, 1, 2)
3
(3, 36)
-> Request 3
253
(4, 1, 2)
2
(1, 25)
-> Request 4
255
(2, 3, 1)
1
(39, 56)
-> Request 5
277
(4, 2, 2)
2
(61, 30)
-> Request 6
310
(3, 2, 1)
3
(7, 53)
-> Request 7
451
(1, 2, 1)
2
(32, 43)
-> Request 8
911
(1, 2, 2)
2
(21, 79)
-> Request 9
911
(2, 2, 1)
2
(13, 24)
-> Request 10
915
(2, 2, 2)
2
(25, 48)
-> Request 11
1082
(4, 3, 1)
3
(37, 34)
-> Request 12
1085
(1, 2, 2)
3
(50, 14)
-> Request 13
1338
(1, 2, 1)
3
(19, 53)
--> Day : 1
-> Request 0
130
(4, 1, 1)
1
(13, 21)
-> Request 1
224
(4, 2, 2)
1
(23, 50)
-> Request 2
493
(1, 1, 2)
1
(77, 2)
-> Request 3
503
(3, 1, 2)
2
(31, 49)
-> Request 4
639
(4, 3, 1)
1
(27, 72)
-> Request 5
799
(4, 3, 1)
1
(61, 26)
-> Request 6
984
(3, 3, 2)
2
(40, 13)
-> Request 7
1232
(2, 3, 2)
1
(52, 78)
--> Day : 2
-> Request 0
12
(1, 2, 2)
3
(53, 45)
-> Request 1
215
(1, 1, 1)
3
(48, 43)
-> Request 2
230
(4, 1, 2)
1
(78, 1)
-> Request 3
287
(3, 1, 1)
2
(3, 44)
-> Request 4
305
(1, 3, 2)
1
(4, 55)
-> Request 5
494
(1, 2, 1)
3
(45, 26)
-> Request 6
859
(3, 1, 1)
2
(44, 44)
-> Request 7
970
(3, 1, 2)
2
(34, 58)
-> Request 8
1006
(3, 2, 1)
1
(34, 39)
-> Request 9
1112
(4, 2, 1)
2
(65, 76)
-> Request 10
1112
(1, 2, 2)
3
(50, 54)
-> Request 11
1137
(4, 2, 1)
3
(21, 47)
-> Request 12
1186
(2, 2, 1)
1
(43, 11)
-> Request 13
1333
(4, 3, 1)
1
(55, 35)
-> Request 14
1338
(2, 1, 1)
3
(69, 74)
-> Request 15
1361
(3, 3, 1)
3
(12, 65)
--> Day : 3
-> Request 0
198
(2, 3, 2)
1
(78, 69)
-> Request 1
275
(1, 1, 1)
3
(20, 65)
-> Request 2
387
(3, 3, 1)
1
(36, 79)
-> Request 3
397
(4, 2, 1)
2
(27, 20)
-> Request 4
651
(2, 3, 1)
3
(47, 45)
-> Request 5
861
(2, 1, 1)
3
(64, 51)
-> Request 6
893
(1, 2, 1)
3
(28, 0)
-> Request 7
1031
(2, 3, 1)
1
(46, 64)
-> Request 8
1228
(3, 1, 1)
3
(3, 45)
-> Request 9
1384
(1, 1, 1)
3
(32, 47)
--> Day : 4
-> Request 0
33
(4, 3, 2)
3
(64, 25)
-> Request 1
314
(1, 2, 2)
2
(27, 32)
-> Request 2
532
(2, 1, 1)
1
(39, 16)
-> Request 3
648
(3, 2, 1)
3
(31, 25)
-> Request 4
659
(1, 2, 2)
3
(25, 11)
-> Request 5
832
(4, 2, 1)
1
(27, 24)
-> Request 6
1091
(1, 2, 1)
1
(21, 50)
-> Request 7
1190
(3, 3, 1)
1
(29, 70)
-> Request 8
1352
(2, 1, 1)
3
(22, 28)
---> Week : 11
--> Day : 0
-> Request 0
51
(3, 1, 2)
3
(61, 19)
-> Request 1
308
(1, 1, 2)
3
(38, 37)
-> Request 2
442
(3, 3, 2)
3
(76, 67)
-> Request 3
494
(1, 1, 2)
3
(34, 19)
-> Request 4
564
(1, 1, 1)
2
(79, 38)
-> Request 5
619
(2, 1, 1)
3
(3, 47)
-> Request 6
905
(1, 2, 2)
3
(29, 34)
-> Request 7
924
(1, 1, 2)
1
(17, 50)
-> Request 8
926
(4, 3, 2)
2
(16, 38)
-> Request 9
945
(3, 3, 2)
1
(2, 38)
-> Request 10
1350
(1, 1, 1)
1
(12, 49)
-> Request 11
1376
(1, 3, 2)
2
(21, 75)
-> Request 12
1439
(2, 3, 2)
2
(76, 22)
--> Day : 1
-> Request 0
105
(3, 3, 1)
2
(6, 75)
-> Request 1
755
(3, 3, 1)
2
(77, 54)
-> Request 2
844
(2, 3, 1)
2
(77, 68)
-> Request 3
1025
(2, 1, 1)
3
(71, 64)
-> Request 4
1310
(2, 1, 2)
2
(20, 12)
-> Request 5
1334
(2, 2, 1)
2
(37, 43)
--> Day : 2
-> Request 0
170
(1, 1, 2)
2
(23, 57)
-> Request 1
242
(2, 3, 2)
1
(78, 21)
-> Request 2
270
(2, 1, 2)
3
(61, 25)
-> Request 3
270
(3, 2, 1)
2
(72, 32)
-> Request 4
371
(3, 1, 1)
2
(57, 23)
-> Request 5
598
(2, 3, 2)
3
(38, 5)
-> Request 6
604
(1, 2, 1)
1
(6, 29)
-> Request 7
759
(2, 1, 1)
3
(39, 20)
-> Request 8
870
(3, 1, 1)
2
(71, 13)
-> Request 9
1189
(2, 1, 1)
2
(8, 73)
--> Day : 3
-> Request 0
10
(4, 3, 2)
3
(42, 37)
-> Request 1
50
(4, 1, 1)
3
(50, 42)
-> Request 2
140
(1, 1, 1)
1
(41, 45)
-> Request 3
152
(3, 2, 1)
1
(16, 44)
-> Request 4
490
(1, 3, 2)
1
(50, 35)
-> Request 5
624
(3, 3, 1)
2
(4, 34)
-> Request 6
724
(2, 3, 2)
3
(76, 37)
-> Request 7
925
(2, 2, 1)
1
(39, 55)
-> Request 8
1182
(4, 1, 1)
3
(33, 44)
-> Request 9
1219
(2, 3, 2)
2
(23, 45)
-> Request 10
1240
(3, 3, 1)
1
(50, 40)
-> Request 11
1342
(2, 2, 2)
2
(66, 14)
--> Day : 4
-> Request 0
111
(4, 1, 2)
2
(56, 30)
-> Request 1
124
(2, 3, 1)
1
(34, 40)
-> Request 2
163
(3, 3, 1)
2
(74, 20)
-> Request 3
267
(1, 1, 2)
1
(68, 57)
-> Request 4
469
(1, 3, 1)
2
(49, 54)
-> Request 5
561
(1, 2, 2)
2
(73, 44)
-> Request 6
828
(3, 2, 2)
2
(0, 25)
-> Request 7
989
(4, 3, 1)
3
(78, 68)
-> Request 8
1204
(4, 1, 1)
3
(29, 64)
-> Request 9
1254
(2, 2, 1)
1
(60, 24)
---> Week : 12
--> Day : 0
-> Request 0
27
(2, 3, 1)
1
(68, 1)
-> Request 1
30
(1, 2, 2)
3
(60, 61)
-> Request 2
75
(3, 3, 2)
1
(35, 25)
-> Request 3
196
(2, 2, 2)
3
(14, 60)
-> Request 4
323
(4, 3, 2)
3
(26, 48)
-> Request 5
376
(1, 2, 2)
1
(7, 10)
-> Request 6
424
(4, 1, 1)
2
(9, 24)
-> Request 7
714
(1, 1, 1)
1
(77, 9)
-> Request 8
733
(4, 1, 1)
2
(75, 50)
-> Request 9
736
(4, 2, 2)
3
(60, 8)
-> Request 10
767
(4, 1, 1)
1
(35, 76)
-> Request 11
1007
(3, 3, 2)
2
(38, 41)
-> Request 12
1175
(2, 3, 1)
1
(31, 27)
-> Request 13
1303
(1, 2, 1)
1
(44, 29)
--> Day : 1
-> Request 0
61
(1, 3, 1)
2
(26, 26)
-> Request 1
357
(1, 1, 2)
1
(7, 17)
-> Request 2
698
(3, 2, 1)
1
(46, 28)
-> Request 3
716
(4, 3, 2)
3
(53, 23)
-> Request 4
740
(4, 3, 1)
2
(61, 68)
-> Request 5
925
(2, 3, 1)
2
(41, 67)
-> Request 6
1213
(3, 2, 2)
2
(52, 17)
-> Request 7
1302
(3, 3, 2)
1
(14, 52)
--> Day : 2
-> Request 0
243
(2, 1, 2)
2
(66, 43)
-> Request 1
244
(3, 2, 1)
2
(37, 64)
-> Request 2
454
(2, 1, 2)
3
(3, 64)
-> Request 3
538
(1, 2, 2)
2
(38, 22)
-> Request 4
538
(4, 2, 1)
3
(78, 69)
-> Request 5
857
(3, 1, 1)
2
(40, 64)
-> Request 6
864
(2, 1, 2)
3
(64, 73)
-> Request 7
1133
(4, 1, 2)
2
(46, 18)
--> Day : 3
-> Request 0
58
(1, 3, 2)
2
(35, 13)
-> Request 1
127
(3, 3, 1)
2
(64, 5)
-> Request 2
235
(1, 1, 2)
3
(34, 5)
-> Request 3
408
(1, 1, 1)
2
(29, 52)
-> Request 4
556
(1, 1, 2)
2
(51, 29)
-> Request 5
635
(3, 1, 2)
1
(54, 56)
-> Request 6
778
(3, 1, 2)
3
(49, 0)
-> Request 7
814
(1, 1, 1)
1
(19, 25)
-> Request 8
881
(1, 1, 1)
2
(72, 28)
-> Request 9
901
(4, 1, 2)
1
(7, 37)
-> Request 10
1136
(1, 1, 1)
2
(28, 75)
-> Request 11
1245
(3, 2, 2)
3
(23, 28)
--> Day : 4
-> Request 0
165
(3, 3, 2)
2
(79, 11)
-> Request 1
206
(1, 3, 1)
3
(71, 21)
-> Request 2
237
(4, 2, 2)
3
(12, 12)
-> Request 3
265
(4, 1, 2)
2
(7, 60)
-> Request 4
584
(1, 1, 1)
3
(77, 3)
-> Request 5
786
(1, 3, 2)
1
(58, 21)
-> Request 6
822
(2, 1, 1)
3
(52, 4)
-> Request 7
954
(3, 2, 2)
3
(16, 48)
-> Request 8
1030
(4, 3, 2)
1
(66, 17)
-> Request 9
1031
(3, 2, 1)
1
(49, 35)
-> Request 10
1189
(3, 2, 2)
3
(56, 58)
-> Request 11
1345
(4, 3, 2)
1
(16, 6)
---> Week : 13
--> Day : 0
-> Request 0
70
(2, 2, 1)
3
(40, 73)
-> Request 1
146
(1, 2, 1)
2
(77, 74)
-> Request 2
225
(2, 2, 1)
2
(15, 4)
-> Request 3
274
(1, 2, 2)
1
(48, 5)
-> Request 4
343
(3, 1, 2)
2
(52, 51)
-> Request 5
485
(2, 2, 1)
3
(12, 4)
-> Request 6
729
(3, 1, 1)
2
(21, 11)
-> Request 7
816
(2, 3, 1)
1
(70, 44)
-> Request 8
1019
(2, 3, 1)
1
(68, 52)
-> Request 9
1194
(2, 3, 2)
3
(28, 9)
-> Request 10
1378
(3, 3, 1)
3
(10, 36)
--> Day : 1
-> Request 0
165
(2, 1, 2)
2
(57, 7)
-> Request 1
404
(2, 2, 1)
2
(42, 50)
-> Request 2
518
(4, 2, 2)
1
(27, 57)
-> Request 3
1011
(2, 3, 1)
3
(35, 10)
-> Request 4
1059
(4, 2, 2)
3
(63, 55)
-> Request 5
1223
(3, 1, 1)
3
(77, 44)
--> Day : 2
-> Request 0
297
(1, 1, 1)
3
(25, 37)
-> Request 1
347
(1, 1, 1)
1
(1, 12)
-> Request 2
637
(1, 2, 1)
3
(16, 3)
-> Request 3
901
(3, 1, 2)
2
(28, 35)
-> Request 4
1321
(4, 3, 1)
1
(54, 60)
-> Request 5
1389
(3, 3, 2)
1
(42, 22)
--> Day : 3
-> Request 0
379
(1, 3, 1)
1
(42, 64)
-> Request 1
429
(3, 3, 2)
3
(53, 68)
-> Request 2
610
(4, 3, 1)
2
(43, 8)
-> Request 3
672
(1, 1, 2)
3
(75, 51)
-> Request 4
925
(3, 2, 2)
1
(18, 42)
-> Request 5
989
(3, 2, 1)
2
(74, 9)
-> Request 6
1033
(2, 3, 2)
2
(40, 10)
-> Request 7
1049
(1, 2, 2)
2
(24, 46)
-> Request 8
1109
(1, 3, 2)
3
(35, 8)
-> Request 9
1239
(2, 3, 2)
1
(54, 73)
-> Request 10
1267
(4, 1, 1)
1
(10, 24)
--> Day : 4
-> Request 0
72
(1, 2, 1)
1
(77, 60)
-> Request 1
403
(2, 3, 1)
1
(45, 78)
-> Request 2
585
(4, 2, 2)
3
(64, 20)
-> Request 3
611
(1, 3, 1)
3
(49, 57)
-> Request 4
993
(4, 3, 2)
1
(21, 30)
-> Request 5
1241
(1, 3, 1)
2
(58, 10)
-> Request 6
1310
(3, 3, 2)
1
(73, 36)
-> Request 7
1434
(4, 2, 2)
1
(37, 56)
---> Week : 14
--> Day : 0
-> Request 0
38
(1, 1, 2)
3
(76, 33)
-> Request 1
52
(1, 1, 1)
2
(48, 11)
-> Request 2
310
(3, 2, 1)
3
(61, 21)
-> Request 3
451
(3, 3, 2)
2
(78, 17)
-> Request 4
516
(2, 1, 2)
3
(64, 35)
-> Request 5
956
(4, 1, 2)
2
(14, 50)
-> Request 6
1062
(4, 1, 1)
1
(49, 40)
-> Request 7
1193
(4, 1, 2)
1
(46, 31)
-> Request 8
1303
(3, 1, 1)
3
(19, 36)
-> Request 9
1401
(1, 1, 1)
3
(61, 43)
--> Day : 1
-> Request 0
75
(3, 1, 1)
2
(27, 45)
-> Request 1
139
(1, 3, 1)
3
(34, 41)
-> Request 2
715
(1, 2, 1)
3
(52, 60)
-> Request 3
840
(4, 2, 2)
3
(48, 64)
-> Request 4
968
(3, 1, 1)
3
(12, 9)
-> Request 5
1205
(4, 3, 1)
3
(7, 18)
-> Request 6
1260
(4, 3, 2)
2
(27, 19)
--> Day : 2
-> Request 0
209
(3, 3, 1)
1
(57, 25)
-> Request 1
248
(1, 2, 1)
3
(38, 6)
-> Request 2
484
(3, 2, 1)
2
(3, 7)
-> Request 3
698
(4, 1, 2)
1
(17, 64)
-> Request 4
1037
(4, 3, 1)
3
(8, 50)
-> Request 5
1275
(2, 3, 1)
2
(51, 58)
-> Request 6
1334
(2, 1, 2)
3
(54, 79)
--> Day : 3
-> Request 0
236
(3, 3, 1)
3
(68, 71)
-> Request 1
275
(2, 2, 2)
3
(40, 60)
-> Request 2
341
(2, 1, 1)
1
(27, 59)
-> Request 3
422
(1, 3, 2)
1
(55, 24)
-> Request 4
470
(2, 2, 1)
1
(15, 46)
-> Request 5
754
(2, 2, 1)
1
(53, 25)
-> Request 6
787
(4, 3, 2)
2
(12, 3)
-> Request 7
788
(1, 2, 2)
3
(37, 47)
-> Request 8
847
(4, 1, 1)
3
(48, 4)
-> Request 9
879
(4, 2, 2)
1
(19, 25)
-> Request 10
916
(1, 1, 1)
2
(40, 16)
--> Day : 4
-> Request 0
83
(1, 3, 1)
1
(33, 9)
-> Request 1
202
(2, 3, 2)
3
(72, 60)
-> Request 2
816
(2, 2, 1)
3
(46, 64)
-> Request 3
830
(1, 3, 1)
2
(18, 46)
-> Request 4
893
(1, 3, 1)
2
(47, 27)
-> Request 5
1097
(4, 1, 2)
1
(17, 1)
-> Request 6
1165
(2, 2, 2)
2
(1, 69)
---> Week : 15
--> Day : 0
-> Request 0
402
(1, 3, 1)
1
(32, 16)
-> Request 1
406
(2, 2, 1)
1
(60, 22)
-> Request 2
657
(1, 1, 1)
3
(4, 14)
-> Request 3
1019
(4, 3, 2)
2
(13, 61)
-> Request 4
1102
(4, 1, 2)
3
(50, 2)
-> Request 5
1289
(3, 3, 1)
3
(41, 20)
-> Request 6
1417
(1, 3, 1)
1
(50, 31)
--> Day : 1
-> Request 0
0
(4, 2, 2)
3
(50, 48)
-> Request 1
14
(1, 2, 1)
3
(35, 1)
-> Request 2
23
(2, 2, 1)
2
(50, 44)
-> Request 3
36
(1, 2, 2)
3
(11, 29)
-> Request 4
201
(2, 2, 2)
1
(11, 12)
-> Request 5
325
(3, 1, 1)
1
(78, 50)
-> Request 6
490
(3, 2, 2)
2
(59, 16)
-> Request 7
544
(2, 2, 1)
3
(5, 62)
-> Request 8
900
(4, 2, 1)
3
(67, 36)
-> Request 9
1274
(1, 1, 2)
1
(1, 78)
--> Day : 2
-> Request 0
173
(4, 1, 2)
2
(18, 13)
-> Request 1
443
(1, 3, 2)
2
(77, 9)
-> Request 2
669
(3, 3, 2)
3
(24, 3)
-> Request 3
811
(3, 2, 1)
1
(5, 54)
-> Request 4
824
(2, 3, 2)
3
(66, 40)
-> Request 5
825
(2, 3, 1)
1
(8, 40)
-> Request 6
867
(3, 3, 1)
2
(10, 26)
-> Request 7
889
(2, 3, 2)
3
(18, 14)
-> Request 8
919
(1, 1, 1)
3
(35, 62)
-> Request 9
945
(3, 2, 1)
1
(39, 76)
-> Request 10
1029
(3, 1, 1)
2
(56, 25)
-> Request 11
1190
(2, 3, 1)
1
(30, 73)
-> Request 12
1269
(1, 2, 2)
3
(10, 39)
--> Day : 3
-> Request 0
55
(1, 1, 2)
1
(30, 12)
-> Request 1
233
(3, 3, 2)
3
(12, 25)
-> Request 2
255
(4, 3, 2)
2
(60, 12)
-> Request 3
370
(1, 1, 1)
1
(48, 53)
-> Request 4
407
(4, 3, 1)
1
(2, 3)
-> Request 5
1057
(3, 1, 1)
3
(3, 18)
-> Request 6
1318
(3, 3, 1)
2
(3, 35)
-> Request 7
1382
(4, 2, 1)
1
(58, 12)
--> Day : 4
-> Request 0
319
(4, 2, 2)
2
(22, 34)
-> Request 1
423
(3, 3, 2)
1
(8, 44)
-> Request 2
523
(1, 1, 1)
2
(76, 11)
-> Request 3
590
(1, 2, 1)
2
(10, 12)
-> Request 4
634
(3, 2, 2)
1
(57, 46)
-> Request 5
699
(4, 3, 1)
3
(74, 71)
-> Request 6
784
(2, 3, 2)
1
(22, 17)
-> Request 7
850
(2, 1, 2)
2
(17, 68)
-> Request 8
1081
(3, 1, 1)
3
(63, 11)
-> Request 9
1439
(1, 1, 1)
1
(77, 10)
---> Week : 16
--> Day : 0
-> Request 0
499
(4, 1, 2)
3
(66, 11)
-> Request 1
988
(3, 2, 2)
1
(32, 16)
-> Request 2
1373
(2, 1, 1)
1
(52, 21)
-> Request 3
1404
(2, 2, 2)
1
(25, 19)
--> Day : 1
-> Request 0
89
(3, 2, 1)
2
(43, 19)
-> Request 1
273
(3, 2, 1)
2
(33, 54)
-> Request 2
486
(1, 3, 2)
1
(61, 15)
-> Request 3
650
(3, 1, 2)
2
(23, 9)
-> Request 4
780
(1, 2, 1)
3
(36, 73)
-> Request 5
810
(2, 3, 2)
3
(47, 49)
-> Request 6
1140
(3, 3, 2)
1
(77, 39)
--> Day : 2
-> Request 0
305
(1, 3, 1)
1
(66, 60)
-> Request 1
385
(4, 2, 2)
1
(74, 37)
-> Request 2
656
(1, 1, 1)
2
(75, 59)
-> Request 3
1077
(3, 2, 1)
1
(41, 40)
-> Request 4
1265
(3, 1, 2)
2
(4, 71)
--> Day : 3
-> Request 0
221
(4, 2, 2)
3
(0, 27)
-> Request 1
290
(2, 3, 2)
3
(53, 50)
-> Request 2
357
(2, 2, 2)
3
(59, 18)
-> Request 3
361
(3, 3, 1)
2
(19, 74)
-> Request 4
570
(3, 2, 2)
2
(67, 43)
-> Request 5
691
(4, 2, 2)
1
(4, 9)
-> Request 6
694
(2, 1, 2)
1
(25, 20)
-> Request 7
729
(3, 1, 2)
2
(17, 30)
-> Request 8
1013
(4, 2, 1)
2
(66, 31)
-> Request 9
1273
(4, 2, 1)
1
(37, 51)
--> Day : 4
-> Request 0
381
(2, 3, 1)
1
(36, 24)
-> Request 1
392
(3, 1, 1)
1
(75, 3)
-> Request 2
843
(1, 2, 1)
3
(20, 10)
-> Request 3
905
(4, 3, 2)
2
(49, 78)
-> Request 4
1121
(4, 3, 1)
3
(20, 49)
-> Request 5
1180
(1, 1, 2)
1
(23, 9)
-> Request 6
1370
(4, 1, 1)
3
(30, 10)
-> Request 7
1392
(3, 2, 1)
3
(1, 31)
---> Week : 17
--> Day : 0
-> Request 0
740
(4, 3, 1)
3
(45, 23)
-> Request 1
884
(3, 2, 2)
3
(17, 20)
-> Request 2
891
(1, 2, 1)
3
(27, 18)
-> Request 3
923
(2, 1, 2)
1
(5, 74)
-> Request 4
944
(4, 1, 2)
3
(6, 22)
-> Request 5
1230
(3, 1, 1)
2
(14, 75)
-> Request 6
1261
(3, 1, 1)
3
(68, 56)
--> Day : 1
-> Request 0
254
(4, 3, 2)
2
(48, 40)
-> Request 1
510
(4, 1, 2)
3
(43, 33)
-> Request 2
783
(4, 3, 2)
3
(58, 7)
-> Request 3
892
(1, 3, 1)
2
(66, 27)
-> Request 4
1170
(1, 1, 1)
3
(63, 29)
-> Request 5
1308
(4, 2, 2)
2
(61, 41)
--> Day : 2
-> Request 0
26
(1, 3, 1)
2
(25, 21)
-> Request 1
48
(3, 3, 2)
2
(43, 73)
-> Request 2
71
(4, 3, 2)
2
(49, 57)
-> Request 3
474
(3, 1, 2)
3
(4, 59)
-> Request 4
611
(1, 2, 1)
3
(71, 70)
-> Request 5
1429
(2, 1, 1)
1
(75, 68)
-> Request 6
1432
(2, 2, 2)
2
(29, 40)
--> Day : 3
-> Request 0
98
(3, 2, 1)
1
(59, 30)
-> Request 1
257
(4, 2, 2)
2
(0, 62)
-> Request 2
539
(1, 1, 1)
3
(10, 75)
-> Request 3
709
(2, 3, 2)
1
(7, 20)
-> Request 4
868
(2, 1, 2)
2
(52, 66)
-> Request 5
978
(3, 1, 1)
1
(79, 51)
-> Request 6
992
(2, 3, 1)
2
(64, 16)
-> Request 7
998
(1, 2, 2)
2
(15, 31)
-> Request 8
1048
(1, 2, 2)
3
(36, 68)
-> Request 9
1093
(1, 1, 2)
3
(56, 54)
-> Request 10
1185
(4, 2, 1)
2
(42, 61)
--> Day : 4
-> Request 0
120
(3, 3, 1)
3
(10, 79)
-> Request 1
221
(2, 1, 1)
2
(53, 13)
-> Request 2
355
(4, 1, 2)
2
(62, 20)
-> Request 3
406
(2, 3, 1)
1
(48, 42)
-> Request 4
444
(3, 2, 2)
3
(35, 69)
-> Request 5
504
(4, 3, 1)
3
(5, 31)
-> Request 6
928
(1, 3, 1)
2
(62, 43)
-> Request 7
1036
(1, 1, 2)
1
(20, 8)
-> Request 8
1228
(4, 2, 1)
2
(73, 13)
-> Request 9
1323
(1, 3, 2)
1
(18, 74)
-> Request 10
1327
(2, 3, 1)
2
(35, 77)
-> Request 11
1422
(4, 1, 2)
3
(39, 35)
---> Week : 18
--> Day : 0
-> Request 0
30
(4, 2, 1)
2
(61, 79)
-> Request 1
60
(3, 1, 1)
3
(57, 77)
-> Request 2
218
(1, 3, 1)
1
(58, 68)
-> Request 3
598
(4, 2, 1)
2
(70, 29)
-> Request 4
613
(1, 3, 2)
2
(44, 20)
-> Request 5
664
(4, 3, 1)
3
(38, 62)
-> Request 6
793
(3, 3, 1)
1
(15, 43)
-> Request 7
970
(3, 1, 2)
1
(39, 1)
-> Request 8
985
(3, 2, 2)
1
(40, 19)
-> Request 9
1032
(4, 1, 1)
1
(55, 28)
-> Request 10
1193
(4, 2, 2)
3
(1, 77)
-> Request 11
1247
(1, 2, 2)
3
(9, 13)
-> Request 12
1429
(3, 1, 2)
3
(16, 29)
-> Request 13
1438
(3, 1, 2)
1
(23, 12)
--> Day : 1
-> Request 0
88
(2, 1, 2)
2
(33, 5)
-> Request 1
151
(1, 1, 1)
2
(56, 74)
-> Request 2
702
(3, 1, 1)
1
(72, 62)
-> Request 3
871
(3, 3, 2)
3
(9, 45)
-> Request 4
933
(1, 1, 2)
1
(58, 47)
-> Request 5
1360
(2, 2, 2)
1
(74, 29)
--> Day : 2
-> Request 0
30
(1, 2, 2)
1
(66, 57)
-> Request 1
233
(2, 3, 2)
2
(59, 3)
-> Request 2
423
(4, 1, 2)
3
(45, 19)
-> Request 3
448
(1, 3, 1)
3
(36, 46)
-> Request 4
712
(4, 1, 1)
3
(53, 48)
-> Request 5
786
(4, 1, 1)
1
(34, 55)
-> Request 6
800
(2, 1, 2)
1
(49, 0)
-> Request 7
862
(2, 1, 1)
1
(69, 63)
-> Request 8
977
(4, 1, 1)
1
(42, 9)
-> Request 9
1049
(2, 1, 1)
1
(65, 45)
-> Request 10
1322
(3, 1, 1)
3
(11, 40)
-> Request 11
1350
(2, 2, 1)
1
(39, 67)
--> Day : 3
-> Request 0
14
(2, 2, 1)
2
(68, 27)
-> Request 1
15
(2, 2, 1)
3
(37, 52)
-> Request 2
102
(4, 1, 2)
2
(15, 58)
-> Request 3
350
(2, 1, 2)
1
(23, 19)
-> Request 4
405
(4, 2, 1)
3
(23, 1)
-> Request 5
1014
(2, 1, 1)
2
(58, 16)
-> Request 6
1020
(4, 3, 2)
2
(5, 67)
-> Request 7
1074
(3, 2, 2)
3
(20, 13)
-> Request 8
1095
(1, 2, 1)
1
(67, 47)
-> Request 9
1174
(1, 2, 2)
1
(45, 20)
--> Day : 4
-> Request 0
27
(1, 1, 2)
3
(77, 77)
-> Request 1
41
(1, 1, 1)
1
(67, 16)
-> Request 2
56
(2, 3, 1)
2
(33, 33)
-> Request 3
212
(1, 3, 1)
2
(45, 38)
-> Request 4
328
(3, 1, 1)
3
(79, 28)
-> Request 5
498
(2, 2, 2)
3
(71, 26)
-> Request 6
720
(1, 1, 1)
2
(50, 9)
-> Request 7
1221
(1, 3, 2)
3
(46, 4)
-> Request 8
1247
(4, 1, 1)
3
(50, 77)
-> Request 9
1304
(1, 2, 1)
1
(71, 15)
---> Week : 19
--> Day : 0
-> Request 0
153
(3, 3, 2)
3
(31, 25)
-> Request 1
310
(1, 3, 1)
3
(33, 62)
-> Request 2
452
(4, 3, 1)
2
(46, 25)
-> Request 3
566
(1, 3, 1)
3
(49, 61)
-> Request 4
895
(2, 1, 2)
3
(47, 23)
-> Request 5
1176
(4, 3, 1)
3
(17, 20)
-> Request 6
1269
(4, 3, 1)
3
(29, 47)
-> Request 7
1299
(4, 1, 1)
2
(51, 38)
-> Request 8
1316
(3, 3, 2)
2
(0, 73)
--> Day : 1
-> Request 0
430
(1, 1, 2)
3
(4, 3)
-> Request 1
475
(1, 3, 1)
2
(70, 66)
-> Request 2
478
(1, 3, 2)
2
(70, 1)
-> Request 3
550
(3, 3, 2)
1
(18, 61)
-> Request 4
643
(4, 2, 2)
2
(5, 69)
-> Request 5
725
(4, 3, 1)
1
(40, 44)
-> Request 6
1148
(3, 2, 1)
3
(23, 57)
-> Request 7
1170
(3, 2, 1)
3
(7, 28)
-> Request 8
1238
(2, 1, 1)
3
(1, 47)
-> Request 9
1384
(2, 1, 2)
3
(23, 56)
--> Day : 2
-> Request 0
36
(3, 2, 2)
3
(53, 45)
-> Request 1
93
(4, 1, 1)
1
(4, 19)
-> Request 2
192
(3, 3, 1)
3
(0, 18)
-> Request 3
346
(4, 3, 2)
3
(34, 41)
-> Request 4
378
(4, 1, 2)
2
(44, 75)
-> Request 5
399
(1, 2, 1)
3
(3, 64)
-> Request 6
668
(3, 2, 1)
2
(1, 48)
-> Request 7
764
(4, 1, 1)
1
(65, 1)
-> Request 8
1269
(3, 2, 2)
2
(4, 8)
-> Request 9
1413
(4, 1, 1)
1
(60, 55)
--> Day : 3
-> Request 0
168
(1, 1, 2)
2
(16, 50)
-> Request 1
374
(4, 3, 2)
3
(39, 76)
-> Request 2
688
(4, 2, 1)
3
(31, 63)
-> Request 3
699
(2, 3, 2)
2
(45, 71)
-> Request 4
1072
(4, 2, 2)
1
(70, 50)
-> Request 5
1261
(2, 2, 2)
1
(41, 16)
--> Day : 4
-> Request 0
108
(2, 2, 1)
3
(77, 3)
-> Request 1
194
(2, 3, 2)
1
(46, 38)
-> Request 2
280
(1, 3, 1)
1
(5, 66)
-> Request 3
348
(3, 3, 1)
1
(15, 5)
-> Request 4
681
(4, 3, 2)
3
(60, 79)
-> Request 5
858
(3, 2, 2)
2
(47, 63)
-> Request 6
966
(1, 2, 2)
3
(28, 27)
-> Request 7
984
(3, 2, 1)
3
(28, 61)
-> Request 8
1117
(4, 3, 1)
2
(48, 16)
-> Request 9
1155
(1, 2, 2)
1
(10, 48)
-> Request 10
1191
(2, 1, 2)
3
(45, 29)
-> Request 11
1205
(3, 3, 2)
3
(20, 36)
