---> Week : 0
--> Day : 0
-> Request 0
141
(3, 3, 1)
1
(1, 68)
-> Request 1
225
(1, 3, 1)
2
(4, 3)
-> Request 2
275
(2, 1, 1)
1
(45, 0)
-> Request 3
339
(1, 3, 1)
2
(65, 68)
-> Request 4
364
(3, 3, 1)
3
(55, 17)
-> Request 5
478
(4, 2, 1)
3
(28, 29)
-> Request 6
958
(1, 2, 2)
3
(38, 47)
-> Request 7
973
(2, 1, 1)
1
(14, 35)
-> Request 8
1234
(3, 2, 1)
1
(31, 65)
-> Request 9
1293
(1, 2, 1)
3
(22, 15)
-> Request 10
1319
(4, 2, 2)
1
(23, 31)
-> Request 11
1338
(4, 2, 1)
2
(35, 73)
--> Day : 1
-> Request 0
140
(3, 1, 1)
1
(7, 30)
-> Request 1
723
(3, 2, 1)
1
(0, 15)
-> Request 2
829
(2, 2, 2)
1
(57, 55)
-> Request 3
870
(1, 2, 1)
3
(0, 65)
-> Request 4
980
(3, 3, 2)
1
(48, 57)
--> Day : 2
-> Request 0
437
(3, 1, 2)
2
(19, 4)
-> Request 1
586
(1, 2, 2)
1
(30, 40)
-> Request 2
592
(2, 3, 1)
3
(66, 47)
-> Request 3
660
(1, 1, 1)
2
(54, 0)
-> Request 4
1068
(3, 2, 2)
1
(3, 13)
-> Request 5
1132
(4, 1, 1)
1
(57, 16)
-> Request 6
1161
(4, 2, 1)
3
(20, 60)
-> Request 7
1349
(4, 2, 1)
3
(72, 56)
--> Day : 3
-> Request 0
572
(2, 3, 1)
2
(1, 52)
-> Request 1
809
(4, 1, 2)
2
(34, 13)
-> Request 2
1061
(4, 3, 2)
3
(73, 21)
-> Request 3
1346
(1, 2, 1)
2
(0, 55)
--> Day : 4
-> Request 0
1002
(3, 1, 2)
3
(24, 37)
-> Request 1
1016
(2, 3, 1)
2
(27, 21)
---> Week : 1
--> Day : 0
-> Request 0
111
(4, 2, 1)
3
(50, 66)
-> Request 1
355
(2, 3, 1)
3
(78, 13)
-> Request 2
693
(2, 3, 2)
2
(24, 17)
-> Request 3
757
(1, 3, 1)
3
(26, 42)
-> Request 4
815
(1, 1, 2)
1
(69, 6)
-> Request 5
836
(1, 2, 1)
3
(72, 38)
-> Request 6
894
(3, 2, 1)
3
(4, 40)
-> Request 7
963
(2, 3, 1)
2
(35, 63)
-> Request 8
1195
(3, 2, 1)
3
(63, 42)
-> Request 9
1328
(4, 1, 2)
3
(4, 50)
-> Request 10
1351
(3, 1, 2)
1
(22, 48)
--> Day : 1
-> Request 0
335
(1, 2, 2)
1
(39, 38)
-> Request 1
450
(3, 1, 1)
3
(49, 68)
-> Request 2
649
(1, 3, 1)
3
(66, 35)
-> Request 3
976
(2, 2, 1)
2
(69, 66)
-> Request 4
1020
(2, 3, 1)
1
(11, 66)
-> Request 5
1236
(1, 3, 2)
1
(67, 73)
-> Request 6
1414
(1, 2, 1)
1
(4, 49)
--> Day : 2
-> Request 0
70
(1, 2, 2)
3
(59, 50)
-> Request 1
114
(3, 2, 1)
3
(25, 75)
-> Request 2
260
(1, 3, 2)
1
(60, 72)
-> Request 3
351
(2, 1, 1)
2
(13, 30)
-> Request 4
587
(2, 2, 1)
3
(75, 74)
-> Request 5
604
(4, 2, 2)
1
(32, 36)
-> Request 6
668
(1, 1, 2)
3
(56, 40)
-> Request 7
814
(4, 1, 1)
1
(44, 71)
-> Request 8
1111
(4, 2, 1)
3
(68, 14)
-> Request 9
1302
(4, 2, 2)
2
(10, 65)
--> Day : 3
-> Request 0
140
(4, 3, 2)
2
(51, 9)
-> Request 1
217
(4, 2, 2)
1
(53, 49)
-> Request 2
280
(3, 1, 2)
2
(62, 70)
-> Request 3
453
(3, 1, 2)
1
(15, 23)
-> Request 4
568
(1, 3, 1)
3
(27, 38)
-> Request 5
623
(3, 2, 2)
1
(74, 41)
-> Request 6
735
(3, 3, 2)
1
(63, 41)
-> Request 7
785
(2, 2, 1)
3
(31, 3)
-> Request 8
785
(2, 3, 1)
2
(60, 70)
-> Request 9
1161
(2, 3, 1)
3
(46, 33)
-> Request 10
1299
(1, 2, 2)
1
(59, 53)
-> Request 11
1374
(2, 1, 1)
2
(64, 20)
--> Day : 4
-> Request 0
0
(2, 2, 2)
3
(17, 16)
-> Request 1
119
(3, 2, 2)
3
(76, 52)
-> Request 2
187
(1, 3, 2)
3
(42, 70)
-> Request 3
240
(2, 3, 1)
1
(23, 16)
-> Request 4
344
(2, 2, 2)
3
(47, 13)
-> Request 5
398
(2, 2, 1)
1
(51, 16)
-> Request 6
446
(2, 2, 2)
3
(38, 9)
-> Request 7
524
(1, 1, 2)
3
(70, 76)
-> Request 8
943
(2, 1, 1)
2
(68, 45)
-> Request 9
1199
(1, 1, 2)
3
(10, 24)
-> Request 10
1202
(4, 3, 1)
2
(23, 34)
-> Request 11
1248
(1, 1, 1)
1
(35, 8)
-> Request 12
1264
(2, 3, 1)
3
(38, 59)
-> Request 13
1310
(2, 1, 1)
1
(46, 70)
-> Request 14
1439
(1, 3, 1)
2
(68, 3)
---> Week : 2
--> Day : 0
-> Request 0
134
(1, 2, 2)
1
(7, 6)
-> Request 1
196
(3, 3, 1)
2
(59, 22)
-> Request 2
839
(2, 3, 1)
3
(46, 19)
-> Request 3
1353
(1, 2, 2)
3
(3, 79)
--> Day : 1
-> Request 0
40
(3, 2, 2)
2
(31, 7)
-> Request 1
701
(3, 3, 2)
3
(65, 70)
-> Request 2
763
(1, 1, 2)
1
(23, 0)
-> Request 3
968
(2, 2, 1)
3
(42, 76)
-> Request 4
1152
(2, 1, 2)
1
(12, 55)
--> Day : 2
-> Request 0
92
(2, 1, 1)
3
(78, 68)
-> Request 1
110
(3, 1, 2)
2
(47, 72)
-> Request 2
216
(1, 1, 2)
3
(44, 77)
-> Request 3
327
(2, 3, 1)
1
(67, 64)
-> Request 4
520
(1, 3, 1)
1
(30, 37)
-> Request 5
521
(1, 3, 1)
3
(40, 4)
-> Request 6
566
(3, 2, 1)
2
(69, 6)
-> Request 7
699
(1, 1, 2)
3
(28, 3)
-> Request 8
758
(1, 2, 1)
2
(77, 1)
-> Request 9
897
(2, 1, 2)
2
(65, 19)
-> Request 10
953
(1, 1, 1)
1
(47, 42)
-> Request 11
1052
(2, 1, 2)
3
(44, 67)
-> Request 12
1289
(2, 1, 2)
3
(1, 11)
--> Day : 3
-> Request 0
142
(3, 2, 2)
3
(22, 64)
-> Request 1
303
(1, 3, 1)
3
(51, 69)
-> Request 2
311
(3, 1, 1)
3
(41, 10)
-> Request 3
336
(3, 1, 1)
3
(66, 67)
-> Request 4
390
(1, 1, 1)
1
(20, 24)
-> Request 5
434
(4, 3, 1)
2
(6, 0)
-> Request 6
529
(1, 1, 1)
2
(65, 2)
-> Request 7
605
(4, 3, 2)
1
(79, 12)
-> Request 8
670
(3, 1, 2)
1
(68, 44)
-> Request 9
910
(2, 1, 2)
1
(37, 74)
-> Request 10
933
(1, 3, 2)
1
(13, 4)
--> Day : 4
-> Request 0
55
(2, 2, 1)
3
(3, 52)
-> Request 1
102
(4, 1, 2)
3
(35, 62)
-> Request 2
144
(3, 1, 2)
1
(38, 51)
-> Request 3
312
(2, 3, 2)
1
(6, 35)
-> Request 4
379
(1, 3, 1)
2
(3, 46)
-> Request 5
494
(4, 3, 2)
3
(42, 30)
-> Request 6
670
(3, 3, 2)
3
(79, 11)
-> Request 7
875
(3, 1, 1)
3
(32, 16)
-> Request 8
1273
(4, 2, 1)
2
(55, 47)
-> Request 9
1346
(4, 3, 2)
1
(34, 77)
---> Week : 3
--> Day : 0
-> Request 0
256
(2, 2, 1)
1
(1, 56)
-> Request 1
733
(2, 2, 1)
3
(65, 53)
-> Request 2
783
(4, 1, 1)
1
(28, 60)
-> Request 3
827
(2, 3, 1)
1
(46, 50)
-> Request 4
993
(2, 3, 1)
1
(78, 54)
-> Request 5
1053
(3, 3, 1)
3
(44, 21)
-> Request 6
1178
(2, 3, 2)
1
(64, 22)
-> Request 7
1245
(3, 3, 2)
1
(54, 73)
--> Day : 1
-> Request 0
270
(1, 2, 2)
2
(23, 57)
-> Request 1
473
(2, 3, 1)
2
(22, 58)
-> Request 2
788
(1, 2, 2)
1
(32, 44)
-> Request 3
1025
(1, 1, 2)
1
(1, 49)
-> Request 4
1075
(3, 2, 1)
3
(4, 40)
-> Request 5
1347
(2, 2, 1)
1
(13, 15)
--> Day : 2
-> Request 0
266
(3, 1, 2)
1
(14, 32)
-> Request 1
552
(4, 3, 2)
2
(13, 46)
-> Request 2
1252
(3, 1, 1)
3
(35, 32)
-> Request 3
1343
(4, 1, 2)
3
(72, 53)
-> Request 4
1353
(3, 2, 2)
3
(38, 61)
--> Day : 3
-> Request 0
12
(4, 1, 1)
2
(42, 67)
-> Request 1
471
(1, 1, 1)
1
(18, 21)
-> Request 2
524
(3, 2, 2)
1
(29, 34)
-> Request 3
1145
(3, 2, 2)
2
(69, 67)
-> Request 4
1204
(1, 1, 1)
1
(8, 58)
-> Request 5
1359
(4, 1, 1)
2
(52, 68)
--> Day : 4
-> Request 0
124
(3, 3, 2)
2
(17, 1)
-> Request 1
173
(4, 3, 1)
3
(20, 26)
-> Request 2
538
(2, 3, 1)
3
(60, 7)
-> Request 3
827
(3, 2, 2)
1
(50, 30)
-> Request 4
833
(4, 2, 1)
1
(35, 13)
-> Request 5
868
(2, 3, 1)
2
(12, 21)
-> Request 6
905
(3, 3, 2)
3
(22, 9)
-> Request 7
973
(1, 2, 2)
1
(62, 31)
-> Request 8
1179
(3, 2, 1)
1
(57, 56)
-> Request 9
1287
(4, 2, 1)
2
(39, 72)
-> Request 10
1312
(4, 3, 2)
2
(20, 63)
---> Week : 4
--> Day : 0
-> Request 0
586
(2, 1, 2)
2
(50, 45)
-> Request 1
611
(1, 3, 2)
2
(53, 30)
-> Request 2
860
(2, 3, 1)
1
(64, 59)
-> Request 3
926
(1, 2, 1)
3
(53, 24)
-> Request 4
944
(3, 1, 1)
1
(47, 60)
-> Request 5
995
(4, 3, 2)
2
(45, 37)
-> Request 6
1043
(4, 3, 2)
3
(49, 5)
-> Request 7
1047
(1, 1, 1)
2
(66, 20)
-> Request 8
1068
(2, 1, 1)
2
(42, 24)
-> Request 9
1082
(1, 3, 1)
1
(45, 43)
-> Request 10
1156
(3, 1, 2)
1
(32, 68)
-> Request 11
1367
(2, 3, 1)
2
(70, 21)
-> Request 12
1411
(2, 3, 1)
3
(73, 69)
--> Day : 1
-> Request 0
74
(4, 1, 2)
2
(46, 78)
-> Request 1
88
(1, 3, 2)
3
(9, 59)
-> Request 2
175
(3, 2, 1)
2
(19, 11)
-> Request 3
331
(2, 1, 1)
2
(47, 16)
-> Request 4
739
(3, 2, 1)
2
(41, 36)
-> Request 5
899
(1, 3, 1)
2
(2, 39)
-> Request 6
987
(4, 2, 1)
2
(20, 53)
-> Request 7
1055
(4, 1, 2)
3
(6, 3)
-> Request 8
1122
(1, 1, 2)
3
(45, 48)
-> Request 9
1244
(1, 2, 2)
1
(62, 10)
-> Request 10
1286
(3, 2, 2)
2
(3, 76)
-> Request 11
1314
(2, 1, 2)
2
(20, 59)
--> Day : 2
-> Request 0
35
(1, 3, 2)
2
(41, 12)
-> Request 1
57
(2, 2, 2)
1
(26, 15)
-> Request 2
210
(2, 1, 1)
3
(18, 54)
-> Request 3
805
(1, 2, 1)
2
(47, 74)
-> Request 4
1142
(2, 2, 2)
2
(22, 8)
-> Request 5
1328
(2, 3, 2)
3
(70, 37)
--> Day : 3
-> Request 0
106
(3, 2, 1)
2
(11, 70)
-> Request 1
320
(3, 2, 1)
2
(38, 37)
-> Request 2
328
(1, 3, 1)
1
(20, 25)
-> Request 3
522
(4, 2, 2)
3
(59, 56)
-> Request 4
541
(3, 3, 2)
3
(28, 0)
-> Request 5
599
(1, 1, 2)
2
(51, 14)
-> Request 6
806
(3, 1, 1)
3
(53, 10)
-> Request 7
1311
(4, 2, 1)
2
(50, 76)
--> Day : 4
-> Request 0
65
(4, 2, 1)
3
(55, 68)
-> Request 1
219
(1, 1, 2)
2
(56, 32)
-> Request 2
235
(1, 2, 1)
1
(70, 19)
-> Request 3
424
(2, 2, 2)
3
(34, 13)
-> Request 4
827
(2, 3, 2)
2
(39, 16)
-> Request 5
868
(4, 3, 2)
1
(24, 7)
-> Request 6
1044
(2, 3, 1)
3
(76, 26)
-> Request 7
1294
(2, 3, 2)
2
(44, 35)
---> Week : 5
--> Day : 0
-> Request 0
109
(2, 1, 2)
3
(14, 0)
-> Request 1
241
(1, 3, 1)
3
(38, 46)
-> Request 2
737
(2, 2, 1)
2
(16, 34)
-> Request 3
837
(3, 2, 1)
1
(20, 37)
-> Request 4
937
(4, 3, 1)
3
(35, 39)
-> Request 5
964
(3, 2, 1)
2
(75, 69)
-> Request 6
974
(1, 3, 2)
1
(31, 42)
-> Request 7
1295
(3, 1, 1)
3
(72, 24)
-> Request 8
1335
(3, 3, 1)
2
(35, 49)
--> Day : 1
-> Request 0
191
(4, 3, 1)
3
(63, 0)
-> Request 1
220
(3, 3, 1)
2
(18, 10)
-> Request 2
359
(3, 3, 1)
2
(52, 68)
-> Request 3
453
(2, 3, 2)
1
(39, 61)
-> Request 4
459
(4, 2, 1)
1
(42, 46)
-> Request 5
463
(4, 3, 2)
3
(57, 71)
-> Request 6
537
(1, 2, 1)
1
(11, 47)
-> Request 7
1041
(1, 2, 2)
1
(0, 42)
-> Request 8
1121
(3, 2, 1)
2
(76, 39)
-> Request 9
1146
(1, 3, 2)
3
(63, 44)
-> Request 10
1225
(4, 3, 1)
3
(41, 45)
--> Day : 2
-> Request 0
4
(4, 1, 1)
2
(65, 34)
-> Request 1
513
(1, 2, 2)
1
(31, 1)
-> Request 2
558
(2, 2, 2)
2
(42, 69)
-> Request 3
590
(1, 2, 2)
2
(49, 56)
-> Request 4
736
(1, 2, 1)
2
(43, 48)
-> Request 5
784
(4, 2, 2)
1
(72, 25)
-> Request 6
833
(4, 3, 1)
1
(56, 20)
-> Request 7
875
(2, 1, 2)
3
(29, 10)
-> Request 8
1035
(4, 2, 1)
3
(59, 39)
-> Request 9
1068
(2, 1, 2)
1
(16, 43)
-> Request 10
1216
(2, 1, 2)
1
(18, 23)
-> Request 11
1275
(3, 1, 2)
1
(55, 68)
-> Request 12
1365
(2, 1, 2)
2
(66, 44)
-> Request 13
1384
(2, 1, 1)
1
(48, 5)
-> Request 14
1416
(1, 1, 2)
1
(56, 23)
--> Day : 3
-> Request 0
376
(1, 2, 2)
2
(37, 76)
-> Request 1
498
(1, 3, 2)
3
(0, 51)
-> Request 2
526
(3, 2, 1)
2
(53, 34)
-> Request 3
621
(1, 2, 2)
2
(4, 11)
-> Request 4
758
(1, 2, 1)
2
(39, 62)
-> Request 5
900
(1, 3, 1)
2
(66, 7)
-> Request 6
1246
(2, 3, 1)
3
(13, 67)
--> Day : 4
-> Request 0
54
(2, 2, 1)
1
(62, 14)
-> Request 1
126
(2, 1, 1)
3
(8, 2)
-> Request 2
349
(2, 3, 1)
1
(57, 20)
-> Request 3
465
(3, 1, 2)
1
(39, 22)
-> Request 4
481
(4, 1, 1)
1
(17, 76)
-> Request 5
1317
(1, 1, 2)
2
(25, 37)
-> Request 6
1380
(4, 2, 2)
2
(38, 31)
-> Request 7
1421
(3, 3, 2)
3
(31, 7)
---> Week : 6
--> Day : 0
-> Request 0
9
(2, 2, 1)
2
(12, 40)
-> Request 1
435
(3, 1, 2)
2
(66, 39)
-> Request 2
537
(4, 3, 1)
1
(17, 20)
-> Request 3
594
(3, 3, 2)
2
(9, 58)
-> Request 4
775
(1, 2, 1)
1
(59, 37)
-> Request 5
808
(4, 2, 2)
3
(6, 66)
-> Request 6
883
(4, 2, 1)
1
(25, 19)
-> Request 7
1122
(1, 1, 1)
3
(29, 28)
--> Day : 1
-> Request 0
102
(4, 1, 1)
2
(36, 9)
-> Request 1
383
(3, 3, 1)
1
(31, 74)
-> Request 2
498
(1, 2, 1)
2
(63, 52)
-> Request 3
589
(4, 1, 1)
1
(43, 28)
-> Request 4
1123
(4, 1, 1)
3
(26, 25)
-> Request 5
1168
(3, 1, 2)
1
(31, 12)
-> Request 6
1256
(1, 1, 2)
2
(25, 47)
--> Day : 2
-> Request 0
490
(1, 2, 2)
3
(39, 29)
-> Request 1
604
(4, 2, 1)
2
(21, 75)
-> Request 2
766
(1, 1, 2)
3
(6, 8)
-> Request 3
910
(3, 3, 1)
1
(2, 65)
-> Request 4
958
(3, 2, 1)
1
(53, 22)
-> Request 5
1110
(2, 1, 2)
2
(61, 18)
-> Request 6
1253
(3, 2, 2)
3
(55, 65)
-> Request 7
1392
(2, 3, 2)
2
(19, 18)
--> Day : 3
-> Request 0
136
(3, 3, 2)
1
(1, 7)
-> Request 1
217
(4, 2, 1)
2
(39, 8)
-> Request 2
242
(3, 3, 1)
1
(10, 9)
-> Request 3
505
(4, 2, 1)
2
(67, 60)
-> Request 4
694
(1, 3, 1)
3
(12, 56)
-> Request 5
699
(1, 2, 1)
3
(26, 55)
-> Request 6
973
(3, 3, 2)
2
(57, 72)
-> Request 7
1332
(3, 2, 2)
3
(41, 16)
-> Request 8
1398
(1, 3, 2)
2
(31, 17)
-> Request 9
1438
(3, 3, 2)
1
(6, 22)
--> Day : 4
-> Request 0
304
(3, 3, 1)
2
(31, 1)
-> Request 1
432
(4, 2, 1)
2
(64, 65)
-> Request 2
487
(3, 3, 1)
2
(29, 63)
-> Request 3
541
(1, 2, 1)
1
(62, 22)
-> Request 4
563
(2, 1, 2)
3
(14, 5)
-> Request 5
879
(3, 2, 1)
3
(54, 73)
-> Request 6
1049
(3, 1, 2)
1
(32, 11)
-> Request 7
1232
(1, 1, 2)
1
(31, 55)
---> Week : 7
--> Day : 0
-> Request 0
644
(2, 1, 2)
1
(35, 38)
-> Request 1
780
(4, 1, 1)
2
(71, 70)
-> Request 2
788
(2, 2, 2)
3
(54, 53)
-> Request 3
1370
(1, 2, 2)
3
(15, 6)
--> Day : 1
-> Request 0
16
(3, 2, 2)
3
(55, 35)
-> Request 1
193
(3, 2, 1)
1
(11, 5)
-> Request 2
384
(1, 3, 1)
1
(57, 5)
-> Request 3
574
(3, 1, 1)
2
(30, 72)
-> Request 4
674
(2, 3, 2)
3
(11, 42)
-> Request 5
777
(2, 3, 1)
2
(30, 79)
-> Request 6
937
(4, 2, 2)
3
(16, 52)
-> Request 7
1007
(1, 2, 2)
3
(12, 24)
-> Request 8
1109
(2, 3, 1)
2
(40, 40)
-> Request 9
1185
(3, 3, 1)
1
(46, 30)
-> Request 10
1266
(3, 3, 2)
2
(39, 17)
-> Request 11
1406
(2, 3, 1)
2
(16, 24)
-> Request 12
1428
(1, 1, 1)
3
(2, 69)
--> Day : 2
-> Request 0
70
(4, 2, 2)
2
(72, 11)
-> Request 1
499
(3, 3, 2)
1
(21, 14)
-> Request 2
541
(1, 1, 2)
3
(7, 77)
-> Request 3
630
(2, 3, 1)
3
(63, 24)
-> Request 4
725
(1, 3, 2)
2
(65, 17)
-> Request 5
1000
(2, 3, 2)
1
(17, 59)
-> Request 6
1173
(4, 2, 1)
1
(1, 24)
-> Request 7
1231
(3, 2, 2)
2
(32, 78)
-> Request 8
1422
(3, 3, 1)
1
(65, 46)
--> Day : 3
-> Request 0
19
(2, 2, 1)
2
(50, 37)
-> Request 1
132
(2, 2, 1)
2
(62, 15)
-> Request 2
152
(1, 3, 1)
2
(21, 37)
-> Request 3
193
(1, 3, 2)
1
(65, 54)
-> Request 4
301
(4, 3, 1)
2
(45, 69)
-> Request 5
335
(3, 1, 2)
2
(38, 1)
-> Request 6
350
(4, 1, 1)
1
(11, 21)
-> Request 7
759
(4, 1, 2)
1
(58, 78)
--> Day : 4
-> Request 0
102
(3, 2, 2)
3
(12, 56)
-> Request 1
161
(1, 2, 1)
3
(12, 68)
-> Request 2
236
(1, 2, 1)
2
(46, 42)
-> Request 3
855
(2, 2, 2)
1
(22, 61)
-> Request 4
1070
(2, 3, 2)
3
(75, 78)
---> Week : 8
--> Day : 0
-> Request 0
72
(2, 2, 2)
2
(12, 12)
-> Request 1
286
(4, 3, 2)
2
(17, 72)
-> Request 2
303
(3, 3, 1)
2
(55, 11)
-> Request 3
425
(3, 2, 1)
2
(0, 74)
-> Request 4
456
(2, 1, 1)
1
(63, 71)
-> Request 5
528
(2, 1, 1)
1
(73, 67)
-> Request 6
625
(4, 2, 2)
1
(69, 50)
-> Request 7
674
(2, 2, 2)
1
(61, 43)
-> Request 8
691
(3, 1, 2)
1
(19, 55)
-> Request 9
715
(1, 1, 2)
1
(66, 77)
-> Request 10
1382
(1, 1, 1)
1
(8, 22)
--> Day : 1
-> Request 0
112
(1, 1, 1)
3
(17, 71)
-> Request 1
149
(2, 1, 2)
1
(64, 44)
-> Request 2
318
(3, 2, 2)
2
(67, 51)
-> Request 3
362
(2, 1, 2)
3
(50, 36)
-> Request 4
716
(4, 2, 1)
2
(27, 32)
-> Request 5
740
(1, 2, 2)
3
(47, 23)
-> Request 6
777
(3, 1, 2)
1
(61, 22)
-> Request 7
1105
(3, 3, 1)
1
(63, 2)
--> Day : 2
-> Request 0
21
(2, 2, 2)
1
(52, 27)
-> Request 1
209
(2, 1, 2)
1
(9, 24)
-> Request 2
293
(1, 2, 1)
3
(14, 16)
-> Request 3
676
(2, 2, 1)
1
(58, 60)
-> Request 4
1421
(4, 1, 1)
1
(8, 21)
--> Day : 3
-> Request 0
91
(2, 1, 1)
3
(78, 66)
-> Request 1
101
(1, 1, 2)
2
(35, 74)
-> Request 2
292
(4, 2, 2)
1
(69, 32)
-> Request 3
360
(4, 3, 2)
3
(61, 20)
-> Request 4
402
(1, 2, 1)
3
(23, 63)
-> Request 5
746
(3, 1, 1)
2
(47, 54)
-> Request 6
810
(1, 3, 1)
2
(35, 21)
-> Request 7
958
(2, 3, 1)
2
(78, 8)
-> Request 8
1041
(4, 1, 1)
1
(70, 65)
-> Request 9
1302
(4, 3, 1)
3
(67, 2)
-> Request 10
1347
(2, 3, 1)
1
(27, 79)
-> Request 11
1375
(1, 3, 2)
2
(19, 6)
-> Request 12
1410
(2, 1, 2)
1
(57, 32)
--> Day : 4
-> Request 0
16
(4, 3, 1)
2
(60, 45)
-> Request 1
341
(2, 2, 1)
2
(37, 64)
-> Request 2
393
(1, 2, 2)
1
(71, 16)
-> Request 3
413
(1, 3, 2)
3
(18, 32)
-> Request 4
424
(2, 1, 1)
3
(77, 32)
-> Request 5
762
(3, 1, 1)
2
(17, 20)
-> Request 6
769
(2, 3, 1)
2
(51, 14)
-> Request 7
814
(3, 3, 1)
2
(32, 20)
-> Request 8
864
(3, 1, 1)
2
(13, 6)
-> Request 9
1009
(3, 1, 2)
2
(47, 58)
-> Request 10
1031
(3, 2, 1)
3
(37, 50)
-> Request 11
1257
(1, 1, 2)
1
(43, 78)
-> Request 12
1358
(3, 1, 1)
3
(17, 39)
-> Request 13
1360
(2, 1, 1)
2
(13, 13)
-> Request 14
1438
(4, 2, 2)
3
(17, 37)
---> Week : 9
--> Day : 0
-> Request 0
86
(3, 2, 1)
2
(22, 58)
-> Request 1
160
(2, 2, 2)
2
(69, 23)
-> Request 2
228
(2, 2, 2)
2
(53, 43)
-> Request 3
493
(4, 2, 1)
1
(54, 79)
-> Request 4
602
(4, 3, 2)
3
(47, 11)
-> Request 5
605
(2, 3, 1)
2
(37, 39)
-> Request 6
823
(4, 1, 2)
1
(23, 22)
-> Request 7
1187
(1, 2, 1)
2
(27, 1)
-> Request 8
1197
(4, 3, 1)
2
(24, 7)
-> Request 9
1248
(3, 2, 1)
2
(75, 38)
--> Day : 1
-> Request 0
522
(2, 2, 1)
1
(24, 58)
-> Request 1
586
(2, 2, 1)
3
(39, 37)
-> Request 2
945
(4, 2, 1)
3
(31, 37)
-> Request 3
1248
(2, 2, 2)
2
(46, 74)
--> Day : 2
-> Request 0
62
(3, 1, 2)
2
(21, 49)
-> Request 1
386
(1, 2, 2)
2
(2, 2)
-> Request 2
498
(4, 2, 2)
2
(4, 73)
-> Request 3
796
(1, 1, 2)
3
(43, 2)
-> Request 4
891
(2, 3, 2)
3
(7, 14)
-> Request 5
987
(2, 1, 2)
2
(48, 21)
-> Request 6
1068
(4, 1, 2)
3
(62, 60)
-> Request 7
1156
(1, 3, 2)
3
(27, 65)
-> Request 8
1157
(1, 1, 1)
1
(9, 61)
-> Request 9
1212
(3, 2, 2)
1
(34, 34)
-> Request 10
1234
(4, 2, 2)
1
(56, 35)
-> Request 11
1244
(4, 3, 1)
1
(76, 61)
--> Day : 3
-> Request 0
47
(4, 2, 2)
1
(40, 40)
-> Request 1
72
(1, 3, 2)
2
(46, 21)
-> Request 2
181
(4, 3, 1)
1
(75, 36)
-> Request 3
342
(4, 1, 1)
3
(30, 53)
-> Request 4
504
(3, 2, 2)
2
(10, 29)
-> Request 5
596
(2, 1, 1)
3
(24, 67)
-> Request 6
633
(1, 1, 1)
3
(37, 36)
-> Request 7
647
(2, 1, 2)
2
(9, 47)
-> Request 8
852
(2, 1, 1)
3
(0, 74)
-> Request 9
1041
(2, 2, 1)
2
(41, 40)
-> Request 10
1368
(1, 1, 1)
2
(45, 36)
--> Day : 4
-> Request 0
18
(3, 2, 2)
1
(74, 48)
-> Request 1
105
(4, 1, 2)
2
(67, 24)
-> Request 2
157
(3, 2, 1)
3
(10, 44)
-> Request 3
184
(3, 1, 2)
3
(70, 44)
-> Request 4
457
(4, 2, 1)
3
(25, 15)
-> Request 5
735
(4, 2, 1)
3
(19, 44)
-> Request 6
938
(4, 3, 2)
1
(30, 70)
-> Request 7
957
(4, 1, 1)
1
(43, 22)
-> Request 8
1087
(4, 3, 2)
3
(28, 2)
-> Request 9
1265
(3, 3, 1)
2
(43, 78)
-> Request 10
1343
(4, 3, 1)
3
(70, 20)
-> Request 11
1351
(2, 3, 2)
1
(60, 12)
---> Week : 10
--> Day : 0
-> Request 0
76
(3, 1, 2)
2
(45, 42)
-> Request 1
134
(3, 2, 1)
1
(36, 41)
-> Request 2
435
(2, 3, 2)
2
(19, 54)
-> Request 3
484
(1, 3, 1)
2
(14, 40)
-> Request 4
718
(4, 2, 2)
3
(43, 51)
-> Request 5
724
(3, 2, 1)
2
(0, 3)
-> Request 6
724
(4, 3, 2)
1
(19, 60)
-> Request 7
730
(4, 2, 2)
1
(15, 20)
-> Request 8
788
(2, 2, 1)
3
(60, 75)
-> Request 9
1077
(2, 1, 2)
2
(35, 62)
-> Request 10
1196
(4, 1, 1)
1
(73, 72)
-> Request 11
1382
(4, 1, 1)
1
(63, 2)
--> Day : 1
-> Request 0
133
(2, 1, 2)
2
(73, 39)
-> Request 1
193
(1, 3, 1)
1
(52, 72)
-> Request 2
389
(4, 1, 1)
1
(22, 78)
-> Request 3
641
(1, 2, 1)
1
(31, 45)
-> Request 4
716
(3, 1, 2)
3
(71, 30)
-> Request 5
740
(2, 3, 2)
3
(65, 30)
-> Request 6
862
(3, 3, 1)
2
(74, 72)
-> Request 7
1153
(4, 2, 1)
1
(0, 22)
-> Request 8
1211
(2, 1, 1)
1
(76, 17)
-> Request 9
1374
(3, 1, 1)
3
(49, 61)
--> Day : 2
-> Request 0
139
(3, 3, 2)
1
(1, 9)
-> Request 1
211
(4, 3, 1)
1
(47, 60)
-> Request 2
231
(1, 2, 1)
3
(63, 33)
-> Request 3
329
(3, 1, 1)
1
(51, 32)
-> Request 4
428
(1, 2, 2)
2
(45, 0)
-> Request 5
490
(1, 3, 2)
1
(11, 58)
-> Request 6
996
(4, 1, 1)
1
(0, 48)
-> Request 7
1012
(3, 2, 1)
1
(78, 78)
-> Request 8
1163
(3, 2, 1)
3
(62, 65)
--> Day : 3
-> Request 0
204
(2, 2, 1)
1
(5, 19)
-> Request 1
301
(2, 3, 1)
1
(19, 6)
-> Request 2
334
(3, 1, 2)
3
(7, 66)
-> Request 3
451
(4, 1, 2)
1
(65, 37)
-> Request 4
558
(1, 1, 1)
2
(0, 2)
-> Request 5
570
(2, 2, 1)
3
(18, 53)
-> Request 6
680
(1, 2, 2)
1
(58, 35)
-> Request 7
737
(4, 1, 2)
3
(54, 19)
-> Request 8
844
(2, 2, 2)
1
(79, 13)
-> Request 9
1031
(2, 3, 1)
1
(73, 70)
-> Request 10
1397
(2, 1, 1)
3
(44, 13)
--> Day : 4
-> Request 0
280
(3, 2, 1)
1
(47, 34)
-> Request 1
397
(1, 2, 2)
1
(73, 70)
-> Request 2
561
(4, 3, 2)
1
(43, 47)
-> Request 3
607
(2, 1, 2)
2
(12, 51)
-> Request 4
621
(1, 3, 1)
1
(7, 57)
-> Request 5
629
(3, 2, 1)
1
(52, 46)
-> Request 6
676
(1, 3, 1)
2
(22, 73)
-> Request 7
700
(2, 3, 2)
2
(67, 30)
-> Request 8
773
(3, 1, 1)
1
(1, 46)
-> Request 9
791
(2, 2, 1)
3
(26, 17)
-> Request 10
805
(3, 2, 2)
3
(73, 30)
-> Request 11
1059
(1, 3, 2)
2
(27, 34)
-> Request 12
1149
(2, 1, 2)
3
(6, 63)
-> Request 13
1302
(1, 2, 2)
1
(42, 70)
-> Request 14
1346
(1, 3, 1)
2
(9, 35)
---> Week : 11
--> Day : 0
-> Request 0
199
(3, 3, 1)
3
(54, 34)
-> Request 1
231
(1, 3, 2)
1
(38, 13)
-> Request 2
305
(3, 2, 2)
2
(63, 24)
-> Request 3
339
(2, 3, 2)
1
(34, 76)
-> Request 4
524
(2, 3, 1)
3
(74, 33)
-> Request 5
667
(1, 2, 1)
2
(14, 25)
-> Request 6
845
(1, 1, 1)
1
(7, 14)
-> Request 7
938
(4, 1, 1)
1
(61, 36)
-> Request 8
956
(1, 1, 2)
2
(48, 14)
-> Request 9
1022
(1, 2, 1)
2
(23, 74)
-> Request 10
1053
(2, 2, 2)
3
(38, 24)
-> Request 11
1158
(3, 2, 2)
3
(21, 31)
-> Request 12
1172
(4, 1, 1)
1
(62, 28)
-> Request 13
1330
(2, 2, 1)
2
(60, 25)
-> Request 14
1411
(2, 3, 2)
1
(35, 65)
--> Day : 1
-> Request 0
356
(1, 2, 2)
1
(42, 65)
-> Request 1
403
(4, 1, 2)
1
(42, 2)
-> Request 2
459
(4, 1, 1)
1
(25, 29)
-> Request 3
633
(4, 3, 2)
2
(51, 24)
-> Request 4
688
(2, 3, 1)
3
(65, 52)
-> Request 5
743
(2, 3, 1)
3
(42, 70)
-> Request 6
757
(1, 3, 1)
1
(68, 32)
-> Request 7
1189
(1, 1, 1)
1
(45, 21)
-> Request 8
1218
(2, 1, 2)
2
(21, 64)
-> Request 9
1402
(1, 1, 1)
1
(19, 77)
-> Request 10
1412
(3, 1, 2)
2
(58, 4)
--> Day : 2
-> Request 0
156
(3, 1, 2)
1
(40, 28)
-> Request 1
216
(3, 2, 2)
2
(18, 51)
-> Request 2
274
(4, 3, 2)
3
(0, 17)
-> Request 3
451
(3, 2, 2)
3
(33, 55)
-> Request 4
614
(2, 1, 2)
2
(32, 52)
-> Request 5
1035
(3, 2, 2)
1
(6, 1)
-> Request 6
1366
(4, 2, 2)
3
(77, 63)
--> Day : 3
-> Request 0
194
(4, 2, 1)
1
(60, 18)
-> Request 1
238
(1, 3, 2)
3
(71, 72)
-> Request 2
395
(2, 2, 1)
2
(20, 7)
-> Request 3
431
(2, 1, 2)
1
(20, 24)
-> Request 4
480
(2, 3, 2)
1
(78, 20)
-> Request 5
714
(4, 2, 2)
2
(23, 71)
-> Request 6
842
(1, 3, 1)
2
(49, 70)
-> Request 7
1181
(1, 1, 1)
1
(44, 67)
-> Request 8
1188
(4, 1, 2)
2
(47, 19)
-> Request 9
1343
(3, 2, 1)
2
(27, 62)
-> Request 10
1384
(1, 1, 2)
2
(56, 74)
-> Request 11
1415
(3, 1, 1)
3
(22, 27)
--> Day : 4
-> Request 0
268
(1, 2, 2)
2
(75, 23)
-> Request 1
268
(1, 1, 1)
1
(5, 1)
-> Request 2
428
(1, 2, 1)
2
(28, 51)
-> Request 3
797
(4, 3, 1)
2
(3, 69)
-> Request 4
1123
(1, 2, 2)
3
(59, 33)
-> Request 5
1152
(4, 1, 2)
1
(51, 24)
-> Request 6
1272
(2, 1, 2)
3
(52, 3)
---> Week : 12
--> Day : 0
-> Request 0
20
(2, 2, 2)
1
(12, 33)
-> Request 1
38
(4, 3, 2)
2
(1, 59)
-> Request 2
269
(4, 2, 1)
3
(13, 74)
-> Request 3
284
(2, 2, 1)
3
(54, 54)
-> Request 4
403
(4, 3, 1)
2
(56, 3)
-> Request 5
404
(3, 2, 2)
1
(58, 3)
-> Request 6
497
(2, 2, 1)
3
(54, 13)
-> Request 7
573
(1, 1, 1)
3
(71, 51)
-> Request 8
618
(3, 2, 1)
3
(39, 30)
-> Request 9
681
(2, 2, 2)
2
(3, 58)
-> Request 10
744
(2, 1, 1)
3
(71, 42)
-> Request 11
1017
(4, 2, 1)
1
(49, 33)
-> Request 12
1167
(4, 2, 2)
2
(4, 75)
-> Request 13
1169
(3, 1, 2)
3
(31, 67)
-> Request 14
1181
(3, 3, 1)
3
(14, 48)
-> Request 15
1371
(3, 2, 1)
2
(24, 13)
--> Day : 1
-> Request 0
167
(4, 3, 2)
1
(66, 37)
-> Request 1
402
(2, 2, 2)
2
(43, 15)
-> Request 2
452
(2, 1, 1)
3
(73, 44)
-> Request 3
821
(1, 2, 1)
2
(16, 9)
-> Request 4
957
(2, 1, 1)
3
(0, 37)
-> Request 5
1289
(4, 3, 2)
2
(23, 21)
-> Request 6
1427
(2, 2, 2)
1
(33, 0)
--> Day : 2
-> Request 0
475
(2, 3, 2)
3
(17, 28)
-> Request 1
649
(2, 3, 2)
1
(4, 16)
-> Request 2
759
(1, 2, 2)
1
(49, 46)
-> Request 3
1053
(3, 3, 2)
3
(73, 37)
-> Request 4
1123
(4, 3, 1)
3
(25, 67)
-> Request 5
1239
(2, 1, 2)
1
(21, 70)
-> Request 6
1269
(4, 1, 2)
1
(43, 75)
--> Day : 3
-> Request 0
9
(4, 1, 1)
3
(35, 47)
-> Request 1
193
(4, 2, 2)
1
(76, 51)
-> Request 2
823
(4, 1, 1)
2
(3, 37)
-> Request 3
920
(4, 3, 1)
1
(41, 14)
-> Request 4
1055
(3, 1, 1)
2
(54, 3)
-> Request 5
1192
(2, 2, 1)
2
(77, 52)
-> Request 6
1209
(2, 2, 2)
3
(33, 64)
-> Request 7
1308
(2, 2, 1)
3
(74, 23)
-> Request 8
1371
(2, 3, 1)
3
(55, 69)
-> Request 9
1377
(1, 3, 1)
3
(39, 26)
--> Day : 4
-> Request 0
1
(1, 1, 2)
2
(30, 14)
-> Request 1
28
(4, 2, 2)
3
(36, 44)
-> Request 2
86
(3, 2, 2)
1
(3, 75)
-> Request 3
320
(4, 1, 2)
1
(14, 66)
-> Request 4
371
(2, 2, 1)
1
(22, 12)
-> Request 5
382
(3, 3, 1)
3
(35, 2)
-> Request 6
385
(3, 2, 1)
1
(8, 39)
-> Request 7
433
(3, 3, 1)
1
(75, 66)
-> Request 8
435
(1, 3, 1)
2
(23, 34)
-> Request 9
556
(4, 1, 1)
3
(55, 61)
-> Request 10
685
(2, 1, 1)
3
(25, 56)
-> Request 11
967
(3, 1, 2)
2
(25, 32)
-> Request 12
1238
(3, 3, 1)
1
(76, 50)
-> Request 13
1271
(4, 1, 1)
2
(70, 4)
-> Request 14
1304
(2, 3, 2)
2
(63, 45)
-> Request 15
1351
(4, 1, 2)
2
(14, 18)
-> Request 16
1399
(1, 1, 2)
1
(70, 5)
---> Week : 13
--> Day : 0
-> Request 0
40
(4, 3, 1)
3
(55, 49)
-> Request 1
72
(1, 3, 2)
3
(52, 42)
-> Request 2
278
(2, 1, 2)
3
(27, 55)
-> Request 3
408
(3, 1, 1)
3
(17, 69)
-> Request 4
618
(2, 2, 1)
3
(37, 20)
-> Request 5
669
(1, 3, 2)
2
(46, 64)
-> Request 6
674
(1, 2, 2)
1
(21, 2)
-> Request 7
798
(4, 3, 1)
3
(60, 1)
-> Request 8
921
(1, 3, 1)
1
(55, 46)
-> Request 9
1106
(2, 2, 1)
2
(31, 3)
-> Request 10
1109
(3, 3, 1)
2
(41, 51)
-> Request 11
1224
(2, 3, 2)
1
(60, 5)
-> Request 12
1395
(4, 3, 2)
2
(37, 52)
--> Day : 1
-> Request 0
472
(3, 2, 1)
3
(50, 41)
-> Request 1
972
(3, 2, 2)
2
(23, 19)
-> Request 2
1010
(1, 2, 1)
3
(28, 27)
-> Request 3
1069
(2, 2, 1)
1
(35, 73)
-> Request 4
1218
(4, 3, 2)
1
(62, 59)
-> Request 5
1303
(1, 3, 2)
1
(24, 64)
--> Day : 2
-> Request 0
232
(3, 3, 2)
1
(33, 24)
-> Request 1
459
(3, 2, 1)
1
(72, 9)
-> Request 2
517
(1, 1, 1)
3
(17, 23)
-> Request 3
706
(1, 2, 1)
3
(16, 71)
-> Request 4
1011
(4, 2, 1)
2
(32, 63)
-> Request 5
1072
(1, 2, 2)
3
(6, 50)
-> Request 6
1120
(2, 1, 2)
2
(17, 20)
-> Request 7
1398
(2, 1, 2)
3
(51, 71)
--> Day : 3
-> Request 0
82
(4, 2, 1)
3
(35, 2)
-> Request 1
86
(1, 1, 2)
2
(40, 23)
-> Request 2
134
(2, 1, 2)
3
(21, 30)
-> Request 3
542
(3, 3, 2)
1
(52, 73)
-> Request 4
621
(2, 2, 1)
2
(19, 54)
-> Request 5
706
(3, 2, 2)
2
(26, 77)
-> Request 6
751
(3, 1, 2)
1
(10, 23)
-> Request 7
755
(2, 2, 1)
2
(13, 57)
-> Request 8
821
(4, 1, 2)
1
(51, 73)
-> Request 9
1038
(2, 3, 1)
2
(67, 62)
-> Request 10
1301
(4, 2, 2)
3
(12, 17)
--> Day : 4
-> Request 0
123
(2, 1, 2)
3
(53, 22)
-> Request 1
251
(1, 1, 2)
2
(65, 7)
-> Request 2
365
(2, 1, 2)
1
(34, 73)
-> Request 3
397
(3, 2, 2)
3
(79, 69)
-> Request 4
443
(3, 1, 1)
2
(74, 10)
-> Request 5
468
(1, 2, 1)
3
(18, 66)
-> Request 6
639
(4, 1, 2)
3
(34, 65)
-> Request 7
888
(2, 3, 2)
2
(32, 20)
-> Request 8
909
(1, 1, 2)
2
(0, 27)
-> Request 9
1233
(2, 3, 2)
1
(21, 62)
-> Request 10
1413
(1, 1, 2)
3
(64, 25)
---> Week : 14
--> Day : 0
-> Request 0
300
(2, 1, 1)
1
(40, 50)
-> Request 1
386
(3, 2, 1)
2
(56, 6)
-> Request 2
499
(2, 2, 1)
1
(52, 27)
-> Request 3
615
(3, 1, 1)
2
(57, 49)
-> Request 4
654
(3, 2, 1)
2
(14, 61)
-> Request 5
711
(3, 1, 2)
2
(30, 56)
-> Request 6
792
(2, 2, 2)
3
(1, 54)
-> Request 7
795
(2, 3, 2)
2
(68, 34)
-> Request 8
876
(4, 2, 1)
3
(72, 45)
-> Request 9
1098
(3, 2, 2)
2
(58, 70)
-> Request 10
1100
(3, 1, 2)
3
(32, 75)
-> Request 11
1151
(3, 1, 1)
2
(75, 10)
-> Request 12
1439
(4, 3, 2)
1
(1, 8)
--> Day : 1
-> Request 0
3
(1, 2, 2)
2
(43, 51)
-> Request 1
369
(4, 2, 2)
1
(58, 16)
-> Request 2
427
(1, 3, 1)
3
(31, 17)
-> Request 3
572
(3, 2, 1)
3
(61, 2)
-> Request 4
871
(4, 1, 1)
3
(23, 13)
-> Request 5
986
(2, 3, 1)
2
(43, 20)
-> Request 6
1038
(2, 3, 1)
3
(55, 60)
-> Request 7
1081
(1, 3, 1)
1
(52, 50)
-> Request 8
1084
(4, 2, 2)
3
(49, 40)
-> Request 9
1320
(2, 3, 1)
2
(27, 76)
--> Day : 2
-> Request 0
279
(3, 1, 2)
2
(7, 43)
-> Request 1
429
(3, 2, 1)
1
(66, 10)
-> Request 2
1001
(2, 2, 1)
3
(39, 55)
-> Request 3
1034
(1, 2, 2)
3
(9, 55)
-> Request 4
1069
(1, 1, 2)
3
(38, 29)
-> Request 5
1084
(1, 3, 2)
2
(6, 24)
--> Day : 3
-> Request 0
90
(2, 2, 2)
2
(16, 68)
-> Request 1
321
(4, 1, 1)
1
(73, 75)
-> Request 2
578
(1, 1, 1)
3
(7, 31)
-> Request 3
600
(4, 1, 2)
1
(28, 11)
-> Request 4
679
(4, 3, 2)
1
(54, 76)
-> Request 5
1002
(3, 2, 1)
3
(5, 25)
-> Request 6
1034
(2, 1, 2)
2
(68, 58)
-> Request 7
1135
(2, 3, 1)
3
(48, 41)
--> Day : 4
-> Request 0
111
(1, 3, 1)
2
(2, 13)
-> Request 1
412
(3, 1, 1)
2
(78, 76)
-> Request 2
418
(3, 2, 1)
1
(11, 65)
-> Request 3
466
(1, 1, 1)
2
(30, 62)
-> Request 4
1160
(4, 3, 2)
1
(39, 43)
---> Week : 15
--> Day : 0
-> Request 0
8
(3, 3, 2)
3
(78, 15)
-> Request 1
93
(2, 2, 1)
3
(19, 8)
-> Request 2
168
(3, 2, 1)
1
(15, 38)
-> Request 3
186
(4, 1, 1)
1
(14, 44)
-> Request 4
281
(4, 1, 1)
2
(6, 16)
-> Request 5
356
(4, 2, 2)
3
(38, 22)
-> Request 6
449
(1, 3, 2)
3
(34, 48)
-> Request 7
836
(2, 1, 2)
1
(8, 62)
-> Request 8
949
(1, 2, 2)
1
(52, 19)
-> Request 9
1296
(1, 3, 1)
2
(78, 41)
-> Request 10
1342
(2, 2, 2)
1
(50, 61)
-> Request 11
1368
(3, 1, 2)
2
(27, 47)
--> Day : 1
-> Request 0
2
(1, 3, 1)
1
(19, 6)
-> Request 1
14
(4, 3, 2)
1
(33, 67)
-> Request 2
143
(2, 2, 2)
1
(50, 27)
-> Request 3
382
(4, 2, 1)
3
(30, 8)
-> Request 4
394
(3, 1, 1)
3
(44, 49)
-> Request 5
569
(3, 2, 2)
2
(3, 22)
-> Request 6
776
(4, 2, 2)
3
(9, 30)
-> Request 7
906
(1, 3, 2)
3
(58, 27)
-> Request 8
970
(2, 2, 2)
1
(26, 40)
-> Request 9
1076
(1, 2, 2)
3
(59, 13)
-> Request 10
1117
(3, 2, 1)
2
(2, 31)
-> Request 11
1375
(4, 2, 1)
3
(58, 56)
-> Request 12
1388
(4, 3, 1)
3
(25, 74)
--> Day : 2
-> Request 0
186
(4, 1, 1)
2
(72, 17)
-> Request 1
294
(4, 3, 1)
3
(58, 41)
-> Request 2
883
(2, 3, 1)
2
(60, 31)
-> Request 3
1006
(1, 2, 1)
3
(41, 69)
-> Request 4
1161
(4, 1, 1)
3
(73, 15)
-> Request 5
1307
(2, 2, 2)
1
(8, 26)
-> Request 6
1346
(2, 3, 1)
3
(51, 2)
-> Request 7
1410
(1, 2, 2)
2
(18, 15)
--> Day : 3
-> Request 0
297
(3, 2, 1)
1
(13, 73)
-> Request 1
299
(2, 3, 1)
1
(51, 32)
-> Request 2
534
(4, 3, 2)
1
(57, 1)
-> Request 3
739
(2, 3, 2)
1
(20, 25)
-> Request 4
830
(4, 3, 2)
1
(72, 22)
-> Request 5
1002
(4, 3, 1)
1
(74, 22)
-> Request 6
1338
(3, 2, 2)
3
(73, 27)
--> Day : 4
-> Request 0
136
(3, 2, 2)
1
(40, 46)
-> Request 1
339
(1, 1, 1)
1
(29, 31)
-> Request 2
366
(3, 3, 2)
3
(69, 77)
-> Request 3
1037
(4, 3, 1)
3
(67, 13)
-> Request 4
1074
(3, 2, 2)
3
(16, 79)
-> Request 5
1212
(3, 2, 2)
2
(23, 11)
-> Request 6
1293
(2, 2, 1)
2
(47, 35)
-> Request 7
1375
(2, 1, 2)
2
(12, 29)
---> Week : 16
--> Day : 0
-> Request 0
158
(4, 3, 2)
2
(79, 72)
-> Request 1
202
(4, 2, 1)
1
(1, 37)
-> Request 2
233
(1, 2, 2)
3
(20, 24)
-> Request 3
309
(4, 2, 1)
3
(46, 27)
-> Request 4
356
(2, 1, 1)
1
(13, 69)
-> Request 5
421
(1, 1, 1)
2
(4, 44)
-> Request 6
597
(2, 2, 2)
1
(71, 10)
-> Request 7
1037
(3, 1, 2)
2
(19, 73)
-> Request 8
1042
(3, 3, 2)
2
(36, 79)
-> Request 9
1163
(1, 3, 2)
3
(34, 7)
-> Request 10
1177
(3, 1, 2)
2
(64, 41)
-> Request 11
1194
(4, 3, 2)
3
(78, 40)
-> Request 12
1322
(2, 2, 1)
1
(15, 21)
-> Request 13
1370
(1, 2, 1)
1
(34, 41)
-> Request 14
1426
(2, 3, 1)
1
(48, 6)
--> Day : 1
-> Request 0
228
(1, 1, 1)
1
(6, 61)
-> Request 1
347
(1, 1, 2)
2
(74, 20)
-> Request 2
688
(2, 1, 2)
2
(76, 3)
-> Request 3
733
(3, 2, 1)
2
(51, 9)
-> Request 4
913
(4, 1, 2)
3
(41, 37)
-> Request 5
1055
(3, 2, 2)
1
(31, 4)
-> Request 6
1138
(2, 3, 1)
1
(13, 44)
-> Request 7
1313
(4, 3, 1)
1
(13, 13)
--> Day : 2
-> Request 0
153
(1, 1, 2)
3
(73, 14)
-> Request 1
228
(1, 2, 2)
3
(53, 53)
-> Request 2
350
(3, 1, 1)
1
(63, 21)
-> Request 3
382
(2, 1, 1)
3
(39, 71)
-> Request 4
505
(3, 2, 2)
3
(75, 60)
-> Request 5
513
(2, 1, 1)
3
(55, 33)
-> Request 6
575
(2, 3, 1)
3
(72, 31)
-> Request 7
726
(1, 1, 1)
1
(36, 60)
-> Request 8
745
(3, 2, 2)
3
(25, 66)
-> Request 9
803
(1, 1, 1)
3
(21, 61)
-> Request 10
807
(2, 1, 1)
3
(67, 75)
-> Request 11
882
(3, 3, 1)
3
(3, 48)
-> Request 12
1086
(4, 1, 2)
1
(50, 12)
-> Request 13
1321
(3, 3, 1)
1
(14, 65)
-> Request 14
1425
(4, 3, 1)
1
(60, 42)
--> Day : 3
-> Request 0
91
(2, 3, 2)
3
(46, 67)
-> Request 1
302
(3, 1, 1)
1
(71, 72)
-> Request 2
579
(4, 1, 1)
1
(63, 50)
-> Request 3
606
(2, 3, 1)
2
(66, 54)
-> Request 4
817
(2, 3, 2)
3
(23, 19)
-> Request 5
1061
(4, 3, 1)
2
(17, 58)
-> Request 6
1075
(2, 3, 1)
3
(74, 27)
-> Request 7
1144
(4, 1, 1)
3
(11, 43)
-> Request 8
1246
(2, 2, 1)
2
(45, 47)
-> Request 9
1286
(2, 1, 2)
1
(38, 32)
-> Request 10
1307
(3, 2, 2)
2
(56, 66)
-> Request 11
1420
(3, 1, 1)
1
(65, 20)
--> Day : 4
-> Request 0
147
(4, 1, 2)
1
(40, 27)
-> Request 1
449
(1, 3, 1)
1
(64, 44)
-> Request 2
517
(3, 2, 1)
3
(8, 33)
-> Request 3
789
(3, 2, 1)
1
(54, 8)
-> Request 4
860
(4, 1, 2)
1
(32, 59)
-> Request 5
868
(1, 3, 1)
2
(30, 52)
-> Request 6
1038
(2, 1, 2)
2
(48, 45)
-> Request 7
1107
(2, 1, 2)
1
(60, 32)
-> Request 8
1284
(1, 2, 2)
2
(63, 2)
-> Request 9
1297
(3, 2, 1)
3
(1, 12)
-> Request 10
1360
(2, 3, 1)
2
(1, 7)
---> Week : 17
--> Day : 0
-> Request 0
45
(4, 3, 2)
1
(29, 51)
-> Request 1
50
(4, 3, 2)
2
(28, 22)
-> Request 2
264
(2, 1, 2)
2
(8, 29)
-> Request 3
304
(1, 2, 2)
3
(51, 75)
-> Request 4
381
(2, 2, 1)
2
(52, 29)
-> Request 5
435
(4, 2, 2)
2
(6, 59)
-> Request 6
566
(1, 3, 2)
3
(14, 23)
-> Request 7
716
(2, 1, 1)
3
(65, 56)
-> Request 8
790
(1, 3, 1)
3
(39, 74)
-> Request 9
837
(3, 3, 2)
3
(61, 46)
-> Request 10
910
(1, 2, 2)
1
(36, 12)
-> Request 11
986
(2, 1, 2)
3
(62, 6)
-> Request 12
1260
(4, 3, 1)
1
(10, 25)
-> Request 13
1291
(3, 3, 2)
1
(1, 52)
-> Request 14
1341
(1, 3, 2)
1
(3, 2)
-> Request 15
1346
(4, 2, 1)
1
(32, 35)
--> Day : 1
-> Request 0
143
(1, 1, 2)
1
(66, 9)
-> Request 1
360
(3, 2, 1)
2
(29, 14)
-> Request 2
436
(3, 2, 1)
1
(59, 18)
-> Request 3
455
(4, 2, 1)
1
(20, 74)
-> Request 4
486
(2, 3, 2)
2
(40, 27)
-> Request 5
603
(4, 1, 1)
2
(34, 46)
-> Request 6
659
(4, 2, 2)
3
(63, 52)
-> Request 7
793
(1, 3, 1)
1
(19, 45)
-> Request 8
986
(2, 2, 2)
2
(6, 38)
-> Request 9
991
(4, 1, 2)
1
(8, 5)
--> Day : 2
-> Request 0
74
(4, 1, 1)
3
(47, 65)
-> Request 1
159
(1, 1, 2)
2
(49, 65)
-> Request 2
284
(4, 1, 1)
2
(38, 8)
-> Request 3
300
(3, 3, 1)
2
(73, 51)
-> Request 4
310
(3, 3, 1)
2
(5, 76)
-> Request 5
345
(2, 3, 2)
3
(54, 32)
-> Request 6
431
(4, 2, 1)
3
(10, 71)
-> Request 7
545
(4, 3, 1)
3
(56, 49)
-> Request 8
561
(4, 1, 1)
1
(8, 17)
-> Request 9
764
(1, 3, 1)
2
(12, 78)
-> Request 10
790
(3, 3, 1)
3
(36, 23)
-> Request 11
1014
(2, 2, 2)
2
(18, 4)
-> Request 12
1166
(1, 2, 2)
2
(22, 40)
-> Request 13
1389
(3, 3, 2)
2
(67, 9)
--> Day : 3
-> Request 0
77
(1, 1, 2)
3
(8, 42)
-> Request 1
179
(3, 2, 2)
3
(52, 1)
-> Request 2
184
(4, 2, 1)
1
(31, 77)
-> Request 3
215
(4, 3, 1)
1
(1, 55)
-> Request 4
296
(4, 3, 1)
2
(16, 43)
-> Request 5
333
(3, 3, 1)
2
(46, 0)
-> Request 6
692
(3, 1, 2)
3
(77, 29)
-> Request 7
770
(3, 3, 1)
2
(63, 67)
-> Request 8
840
(1, 3, 1)
3
(11, 77)
-> Request 9
1137
(4, 1, 1)
2
(49, 25)
-> Request 10
1167
(2, 3, 1)
2
(40, 10)
--> Day : 4
-> Request 0
455
(1, 3, 2)
2
(72, 39)
-> Request 1
461
(1, 1, 2)
2
(46, 8)
-> Request 2
480
(2, 1, 2)
3
(62, 44)
-> Request 3
497
(2, 3, 2)
2
(23, 57)
-> Request 4
547
(2, 1, 1)
1
(13, 62)
-> Request 5
767
(1, 2, 1)
1
(25, 4)
-> Request 6
796
(3, 3, 2)
3
(71, 24)
-> Request 7
1133
(4, 2, 1)
2
(49, 23)
-> Request 8
1270
(3, 1, 1)
1
(59, 46)
---> Week : 18
--> Day : 0
-> Request 0
260
(3, 1, 1)
3
(76, 65)
-> Request 1
640
(4, 3, 1)
2
(45, 62)
-> Request 2
684
(1, 2, 2)
3
(0, 63)
-> Request 3
981
(3, 2, 2)
3
(1, 35)
-> Request 4
1116
(3, 2, 1)
1
(63, 4)
-> Request 5
1325
(2, 2, 1)
1
(54, 45)
-> Request 6
1429
(4, 3, 2)
2
(4, 58)
--> Day : 1
-> Request 0
300
(2, 2, 1)
2
(1, 48)
-> Request 1
325
(2, 2, 1)
3
(17, 51)
-> Request 2
461
(1, 2, 2)
2
(4, 38)
-> Request 3
512
(4, 2, 2)
1
(77, 16)
-> Request 4
557
(1, 3, 1)
1
(62, 3)
-> Request 5
643
(3, 1, 1)
1
(28, 51)
-> Request 6
718
(1, 1, 2)
2
(41, 46)
-> Request 7
730
(3, 2, 2)
2
(68, 0)
-> Request 8
733
(4, 3, 2)
3
(70, 24)
-> Request 9
938
(3, 3, 2)
3
(72, 19)
-> Request 10
1055
(2, 3, 1)
2
(70, 34)
-> Request 11
1115
(1, 2, 2)
2
(24, 58)
-> Request 12
1117
(2, 2, 1)
3
(29, 10)
-> Request 13
1194
(4, 3, 2)
2
(51, 2)
--> Day : 2
-> Request 0
0
(4, 2, 1)
2
(57, 56)
-> Request 1
183
(4, 3, 1)
1
(39, 77)
-> Request 2
406
(3, 1, 1)
2
(55, 16)
-> Request 3
474
(1, 1, 1)
3
(67, 20)
-> Request 4
853
(3, 2, 1)
3
(67, 24)
-> Request 5
917
(4, 2, 1)
1
(33, 60)
-> Request 6
988
(1, 1, 1)
1
(2, 44)
--> Day : 3
-> Request 0
23
(3, 3, 1)
3
(26, 1)
-> Request 1
235
(3, 1, 1)
1
(8, 36)
-> Request 2
280
(2, 1, 2)
3
(71, 76)
-> Request 3
492
(1, 2, 1)
1
(50, 34)
-> Request 4
532
(4, 3, 2)
1
(23, 64)
-> Request 5
546
(1, 3, 2)
1
(11, 42)
-> Request 6
603
(2, 1, 1)
3
(16, 32)
-> Request 7
990
(4, 3, 2)
3
(64, 54)
-> Request 8
1321
(4, 2, 1)
3
(1, 59)
--> Day : 4
-> Request 0
327
(2, 1, 1)
2
(72, 15)
-> Request 1
400
(4, 3, 2)
3
(54, 56)
-> Request 2
547
(3, 1, 1)
2
(48, 61)
-> Request 3
584
(1, 2, 2)
3
(72, 29)
-> Request 4
608
(1, 3, 1)
2
(18, 55)
-> Request 5
633
(1, 3, 1)
2
(42, 74)
-> Request 6
638
(2, 2, 2)
2
(27, 67)
-> Request 7
750
(2, 2, 2)
1
(6, 48)
-> Request 8
760
(4, 1, 1)
2
(35, 5)
-> Request 9
947
(2, 2, 1)
2
(75, 2)
-> Request 10
1037
(2, 3, 1)
3
(5, 31)
-> Request 11
1093
(4, 3, 2)
2
(20, 31)
-> Request 12
1295
(2, 1, 2)
3
(67, 72)
-> Request 13
1390
(4, 1, 1)
2
(46, 7)
---> Week : 19
--> Day : 0
-> Request 0
153
(4, 1, 2)
1
(28, 69)
-> Request 1
195
(3, 3, 2)
1
(58, 20)
-> Request 2
337
(1, 2, 1)
2
(76, 26)
-> Request 3
511
(4, 2, 1)
1
(60, 61)
-> Request 4
570
(3, 3, 1)
2
(63, 40)
-> Request 5
746
(2, 1, 1)
3
(26, 55)
-> Request 6
814
(4, 1, 1)
2
(73, 51)
-> Request 7
1151
(3, 1, 1)
2
(2, 65)
-> Request 8
1168
(1, 1, 1)
2
(57, 39)
-> Request 9
1368
(2, 3, 1)
1
(65, 22)
--> Day : 1
-> Request 0
5
(3, 3, 2)
3
(0, 11)
-> Request 1
73
(2, 1, 1)
2
(74, 60)
-> Request 2
86
(1, 2, 2)
3
(58, 13)
-> Request 3
124
(2, 1, 2)
1
(54, 1)
-> Request 4
149
(4, 1, 2)
1
(5, 59)
-> Request 5
240
(1, 3, 1)
2
(22, 6)
-> Request 6
281
(1, 2, 1)
2
(44, 29)
-> Request 7
313
(3, 3, 1)
3
(2, 42)
-> Request 8
326
(3, 1, 1)
2
(1, 27)
-> Request 9
405
(4, 3, 1)
3
(27, 1)
-> Request 10
720
(3, 3, 2)
2
(47, 63)
-> Request 11
792
(1, 2, 1)
2
(37, 35)
-> Request 12
921
(4, 2, 1)
3
(35, 48)
-> Request 13
967
(1, 1, 1)
3
(12, 38)
-> Request 14
986
(4, 1, 2)
2
(3, 70)
-> Request 15
1154
(3, 3, 1)
3
(17, 7)
-> Request 16
1202
(2, 3, 1)
1
(25, 10)
--> Day : 2
-> Request 0
176
(3, 3, 1)
3
(1, 63)
-> Request 1
327
(2, 3, 1)
1
(44, 9)
-> Request 2
484
(3, 1, 1)
3
(23, 69)
-> Request 3
543
(2, 1, 2)
3
(74, 63)
-> Request 4
600
(2, 2, 1)
2
(47, 8)
-> Request 5
673
(4, 2, 2)
2
(36, 14)
-> Request 6
867
(4, 2, 2)
2
(1, 5)
-> Request 7
972
(1, 1, 2)
3
(79, 18)
-> Request 8
1159
(1, 3, 1)
3
(13, 60)
-> Request 9
1253
(2, 2, 2)
1
(7, 3)
-> Request 10
1351
(4, 3, 1)
1
(41, 79)
--> Day : 3
-> Request 0
47
(4, 3, 1)
1
(64, 43)
-> Request 1
105
(2, 2, 1)
3
(29, 13)
-> Request 2
725
(2, 2, 1)
3
(58, 18)
-> Request 3
785
(3, 1, 2)
2
(78, 45)
-> Request 4
1137
(2, 2, 2)
3
(35, 60)
-> Request 5
1174
(1, 2, 2)
3
(31, 55)
-> Request 6
1248
(1, 1, 2)
2
(79, 67)
-> Request 7
1424
(1, 3, 2)
1
(18, 31)
--> Day : 4
-> Request 0
655
(3, 3, 1)
2
(25, 24)
-> Request 1
888
(3, 2, 2)
3
(44, 73)
-> Request 2
890
(1, 2, 2)
1
(65, 9)
-> Request 3
1178
(4, 1, 1)
3
(67, 9)
-> Request 4
1344
(4, 2, 2)
2
(33, 78)
