---> Week : 0
--> Day : 0
-> Request 0
79
(3, 1, 1)
2
(48, 77)
-> Request 1
126
(1, 2, 2)
3
(16, 14)
-> Request 2
174
(1, 1, 1)
3
(73, 48)
-> Request 3
404
(1, 3, 2)
1
(19, 63)
-> Request 4
761
(1, 2, 2)
1
(65, 25)
-> Request 5
1187
(1, 2, 1)
1
(61, 56)
-> Request 6
1282
(2, 1, 2)
1
(33, 3)
--> Day : 1
-> Request 0
101
(1, 1, 2)
3
(45, 4)
-> Request 1
189
(3, 3, 1)
3
(71, 13)
-> Request 2
224
(4, 1, 2)
2
(51, 44)
-> Request 3
457
(1, 2, 2)
3
(7, 39)
-> Request 4
543
(3, 2, 2)
2
(5, 30)
-> Request 5
703
(1, 2, 2)
2
(78, 20)
-> Request 6
1183
(3, 1, 1)
2
(22, 34)
-> Request 7
1314
(3, 1, 2)
1
(33, 43)
-> Request 8
1371
(1, 2, 2)
3
(69, 79)
-> Request 9
1378
(2, 1, 2)
2
(54, 9)
--> Day : 2
-> Request 0
95
(1, 2, 2)
2
(7, 22)
-> Request 1
109
(2, 1, 1)
2
(19, 10)
-> Request 2
356
(2, 2, 2)
1
(5, 21)
-> Request 3
609
(4, 1, 1)
2
(37, 26)
-> Request 4
694
(3, 1, 1)
1
(5, 26)
-> Request 5
720
(1, 3, 2)
2
(53, 37)
-> Request 6
999
(2, 3, 2)
1
(52, 40)
-> Request 7
1261
(3, 1, 2)
2
(39, 66)
--> Day : 3
-> Request 0
190
(2, 1, 1)
3
(19, 65)
-> Request 1
456
(4, 3, 1)
2
(25, 75)
-> Request 2
478
(2, 3, 2)
1
(60, 51)
-> Request 3
607
(1, 2, 1)
3
(23, 26)
-> Request 4
762
(1, 2, 1)
1
(67, 15)
-> Request 5
1116
(1, 1, 1)
3
(6, 70)
-> Request 6
1176
(3, 1, 2)
1
(9, 67)
-> Request 7
1303
(2, 2, 1)
1
(16, 62)
-> Request 8
1364
(3, 3, 1)
2
(35, 49)
--> Day : 4
-> Request 0
72
(1, 1, 2)
1
(71, 27)
-> Request 1
532
(4, 3, 1)
2
(18, 47)
-> Request 2
540
(4, 3, 1)
1
(34, 32)
-> Request 3
640
(3, 2, 1)
1
(48, 12)
-> Request 4
699
(4, 3, 2)
1
(28, 60)
-> Request 5
817
(2, 3, 1)
2
(78, 13)
-> Request 6
1056
(4, 2, 2)
2
(76, 28)
-> Request 7
1143
(1, 1, 1)
3
(47, 36)
-> Request 8
1362
(2, 3, 1)
2
(55, 23)
---> Week : 1
--> Day : 0
-> Request 0
68
(3, 2, 1)
3
(43, 41)
-> Request 1
333
(4, 1, 2)
2
(61, 24)
-> Request 2
480
(2, 2, 2)
2
(23, 17)
-> Request 3
570
(4, 3, 1)
2
(33, 57)
-> Request 4
812
(3, 2, 2)
1
(56, 16)
-> Request 5
964
(2, 2, 1)
3
(59, 45)
-> Request 6
1037
(1, 1, 2)
3
(32, 75)
-> Request 7
1185
(1, 3, 1)
2
(21, 28)
--> Day : 1
-> Request 0
92
(4, 1, 1)
3
(29, 50)
-> Request 1
353
(2, 3, 2)
2
(65, 2)
-> Request 2
518
(1, 1, 1)
3
(68, 11)
-> Request 3
827
(2, 1, 2)
1
(20, 43)
-> Request 4
981
(4, 3, 1)
2
(25, 69)
-> Request 5
1052
(3, 2, 1)
1
(60, 1)
-> Request 6
1087
(1, 1, 2)
1
(4, 13)
-> Request 7
1140
(2, 1, 1)
2
(15, 5)
-> Request 8
1226
(2, 3, 2)
3
(47, 51)
-> Request 9
1334
(2, 3, 1)
1
(6, 50)
--> Day : 2
-> Request 0
10
(1, 1, 1)
1
(10, 44)
-> Request 1
49
(1, 1, 1)
3
(41, 74)
-> Request 2
83
(1, 1, 2)
1
(57, 37)
-> Request 3
140
(1, 3, 1)
1
(26, 6)
-> Request 4
387
(2, 3, 2)
2
(5, 65)
-> Request 5
1035
(1, 2, 2)
3
(64, 23)
-> Request 6
1172
(2, 1, 2)
2
(67, 63)
-> Request 7
1193
(1, 2, 2)
1
(7, 38)
--> Day : 3
-> Request 0
118
(1, 1, 2)
1
(78, 5)
-> Request 1
152
(1, 3, 1)
1
(13, 77)
-> Request 2
240
(1, 1, 1)
3
(69, 20)
-> Request 3
361
(4, 2, 2)
2
(57, 25)
-> Request 4
795
(4, 3, 2)
2
(4, 19)
-> Request 5
868
(4, 2, 1)
2
(69, 44)
-> Request 6
900
(1, 2, 1)
1
(14, 67)
-> Request 7
900
(3, 3, 1)
3
(14, 11)
-> Request 8
1231
(2, 1, 1)
3
(54, 25)
-> Request 9
1271
(1, 2, 1)
2
(46, 60)
-> Request 10
1439
(4, 2, 2)
2
(40, 46)
--> Day : 4
-> Request 0
397
(4, 2, 1)
3
(46, 32)
-> Request 1
409
(3, 1, 2)
1
(57, 18)
-> Request 2
416
(1, 1, 1)
1
(71, 48)
-> Request 3
448
(4, 3, 2)
1
(10, 31)
-> Request 4
619
(1, 3, 1)
2
(8, 56)
-> Request 5
708
(2, 3, 2)
2
(72, 77)
-> Request 6
730
(4, 1, 2)
3
(14, 75)
-> Request 7
758
(3, 2, 2)
3
(59, 71)
-> Request 8
1002
(2, 3, 2)
1
(37, 21)
-> Request 9
1247
(2, 1, 1)
3
(76, 48)
---> Week : 2
--> Day : 0
-> Request 0
164
(3, 3, 2)
2
(58, 16)
-> Request 1
184
(4, 2, 2)
2
(57, 47)
-> Request 2
191
(4, 2, 1)
1
(78, 57)
-> Request 3
246
(4, 3, 2)
2
(9, 5)
-> Request 4
397
(3, 2, 2)
1
(51, 17)
-> Request 5
479
(4, 1, 1)
2
(24, 45)
-> Request 6
583
(1, 1, 1)
1
(24, 17)
-> Request 7
707
(3, 3, 2)
3
(7, 73)
-> Request 8
738
(1, 2, 2)
2
(77, 35)
-> Request 9
909
(4, 2, 1)
3
(44, 29)
-> Request 10
996
(3, 3, 1)
3
(73, 51)
-> Request 11
1026
(4, 1, 2)
2
(71, 46)
-> Request 12
1199
(1, 2, 2)
1
(23, 18)
-> Request 13
1227
(4, 3, 1)
2
(55, 36)
-> Request 14
1350
(3, 3, 1)
2
(44, 49)
-> Request 15
1431
(4, 3, 2)
3
(25, 18)
--> Day : 1
-> Request 0
51
(4, 2, 1)
3
(66, 60)
-> Request 1
157
(2, 1, 2)
2
(62, 67)
-> Request 2
299
(4, 1, 2)
1
(78, 65)
-> Request 3
609
(4, 1, 1)
1
(0, 35)
-> Request 4
969
(4, 1, 2)
2
(55, 32)
-> Request 5
1020
(3, 3, 2)
3
(66, 20)
-> Request 6
1168
(4, 2, 1)
2
(28, 72)
-> Request 7
1299
(4, 2, 1)
3
(21, 31)
-> Request 8
1403
(1, 2, 2)
3
(49, 51)
--> Day : 2
-> Request 0
91
(4, 3, 2)
1
(48, 55)
-> Request 1
285
(3, 1, 2)
2
(19, 30)
-> Request 2
328
(1, 1, 2)
2
(74, 66)
-> Request 3
355
(1, 2, 2)
1
(27, 48)
-> Request 4
384
(1, 3, 2)
2
(60, 47)
-> Request 5
529
(3, 1, 1)
3
(16, 4)
-> Request 6
882
(3, 1, 2)
2
(79, 44)
-> Request 7
1409
(2, 1, 2)
2
(38, 5)
--> Day : 3
-> Request 0
1
(4, 1, 1)
3
(18, 35)
-> Request 1
1
(4, 2, 2)
1
(51, 4)
-> Request 2
167
(3, 3, 1)
2
(73, 36)
-> Request 3
204
(1, 2, 2)
2
(3, 41)
-> Request 4
344
(3, 3, 1)
2
(0, 78)
-> Request 5
363
(3, 3, 2)
2
(33, 53)
-> Request 6
674
(2, 1, 1)
2
(67, 49)
-> Request 7
1018
(3, 3, 2)
2
(30, 34)
-> Request 8
1019
(4, 1, 2)
2
(66, 79)
-> Request 9
1210
(3, 3, 2)
3
(72, 2)
-> Request 10
1301
(3, 3, 1)
1
(79, 57)
-> Request 11
1319
(2, 2, 1)
1
(51, 54)
-> Request 12
1339
(3, 2, 1)
2
(31, 76)
-> Request 13
1350
(3, 3, 2)
1
(13, 44)
-> Request 14
1426
(1, 3, 1)
2
(61, 33)
--> Day : 4
-> Request 0
525
(2, 2, 2)
2
(32, 38)
-> Request 1
526
(3, 1, 1)
1
(30, 73)
-> Request 2
753
(3, 3, 1)
2
(0, 18)
-> Request 3
971
(2, 3, 1)
1
(36, 41)
-> Request 4
1070
(4, 2, 1)
1
(11, 60)
-> Request 5
1182
(1, 3, 1)
1
(79, 28)
---> Week : 3
--> Day : 0
-> Request 0
2
(4, 3, 1)
1
(9, 26)
-> Request 1
45
(3, 1, 2)
3
(49, 19)
-> Request 2
399
(3, 2, 1)
3
(21, 69)
-> Request 3
575
(1, 3, 2)
1
(4, 48)
-> Request 4
588
(4, 2, 1)
3
(51, 26)
-> Request 5
1076
(4, 2, 1)
2
(15, 9)
-> Request 6
1174
(2, 1, 2)
3
(25, 53)
-> Request 7
1186
(3, 2, 2)
3
(51, 55)
-> Request 8
1300
(4, 3, 1)
1
(20, 23)
--> Day : 1
-> Request 0
111
(2, 2, 1)
1
(11, 76)
-> Request 1
216
(1, 2, 2)
3
(57, 30)
-> Request 2
294
(1, 2, 2)
3
(41, 37)
-> Request 3
328
(3, 2, 2)
2
(12, 36)
-> Request 4
481
(1, 3, 1)
2
(20, 47)
-> Request 5
693
(2, 2, 1)
1
(27, 58)
-> Request 6
782
(3, 3, 2)
3
(69, 62)
-> Request 7
981
(2, 1, 1)
3
(68, 31)
-> Request 8
1056
(3, 2, 1)
2
(59, 9)
-> Request 9
1126
(2, 2, 2)
1
(27, 71)
-> Request 10
1240
(1, 1, 1)
3
(39, 58)
--> Day : 2
-> Request 0
115
(1, 1, 1)
1
(20, 0)
-> Request 1
160
(2, 1, 1)
1
(55, 16)
-> Request 2
237
(1, 2, 2)
2
(64, 31)
-> Request 3
374
(1, 2, 1)
2
(12, 27)
-> Request 4
453
(2, 2, 2)
3
(66, 67)
-> Request 5
797
(1, 1, 2)
3
(13, 77)
-> Request 6
939
(1, 3, 2)
1
(14, 37)
-> Request 7
1051
(2, 1, 2)
3
(75, 16)
-> Request 8
1161
(4, 1, 1)
2
(20, 6)
-> Request 9
1256
(1, 1, 2)
2
(63, 6)
-> Request 10
1330
(1, 1, 1)
3
(49, 17)
--> Day : 3
-> Request 0
194
(1, 2, 1)
3
(67, 43)
-> Request 1
456
(4, 1, 2)
3
(62, 61)
-> Request 2
605
(3, 2, 1)
1
(74, 74)
-> Request 3
613
(1, 3, 1)
1
(25, 41)
-> Request 4
709
(2, 1, 1)
3
(55, 72)
-> Request 5
799
(1, 2, 1)
1
(2, 8)
-> Request 6
1037
(1, 1, 1)
3
(69, 53)
-> Request 7
1160
(3, 2, 2)
1
(44, 33)
--> Day : 4
-> Request 0
3
(1, 1, 2)
2
(15, 15)
-> Request 1
201
(2, 1, 2)
2
(7, 14)
-> Request 2
255
(2, 2, 2)
3
(38, 37)
-> Request 3
258
(4, 2, 2)
3
(32, 9)
-> Request 4
324
(2, 2, 2)
1
(78, 55)
-> Request 5
484
(4, 1, 2)
2
(13, 48)
-> Request 6
513
(3, 3, 1)
3
(20, 76)
-> Request 7
784
(2, 3, 2)
2
(44, 71)
-> Request 8
898
(1, 3, 2)
2
(21, 18)
-> Request 9
964
(4, 1, 1)
2
(17, 47)
-> Request 10
978
(3, 3, 2)
3
(13, 59)
-> Request 11
1003
(4, 1, 1)
2
(60, 70)
-> Request 12
1202
(1, 1, 1)
1
(22, 15)
-> Request 13
1318
(3, 1, 1)
3
(55, 27)
-> Request 14
1328
(2, 3, 2)
3
(0, 0)
-> Request 15
1399
(1, 3, 1)
2
(42, 43)
-> Request 16
1424
(2, 3, 2)
1
(47, 68)
---> Week : 4
--> Day : 0
-> Request 0
12
(3, 1, 2)
2
(27, 18)
-> Request 1
448
(4, 2, 2)
1
(24, 34)
-> Request 2
711
(4, 2, 1)
2
(43, 48)
-> Request 3
911
(3, 2, 2)
1
(72, 15)
-> Request 4
960
(3, 3, 1)
2
(66, 35)
-> Request 5
978
(1, 1, 1)
1
(52, 34)
-> Request 6
982
(4, 3, 2)
2
(28, 16)
-> Request 7
1169
(4, 3, 2)
2
(21, 32)
-> Request 8
1228
(1, 2, 1)
3
(75, 24)
-> Request 9
1261
(2, 3, 1)
3
(50, 53)
--> Day : 1
-> Request 0
489
(2, 2, 2)
1
(57, 46)
-> Request 1
959
(3, 1, 1)
2
(23, 59)
-> Request 2
1018
(4, 1, 2)
1
(42, 7)
-> Request 3
1121
(2, 2, 1)
2
(1, 28)
-> Request 4
1185
(2, 2, 1)
3
(55, 53)
--> Day : 2
-> Request 0
49
(4, 2, 2)
2
(44, 22)
-> Request 1
121
(3, 2, 1)
2
(31, 71)
-> Request 2
160
(4, 1, 1)
3
(68, 48)
-> Request 3
224
(3, 2, 2)
1
(17, 55)
-> Request 4
262
(1, 1, 2)
3
(11, 51)
-> Request 5
291
(1, 2, 1)
3
(21, 67)
-> Request 6
494
(4, 3, 1)
1
(45, 56)
-> Request 7
583
(1, 2, 2)
2
(39, 32)
-> Request 8
684
(4, 2, 2)
1
(37, 65)
-> Request 9
814
(1, 1, 2)
1
(72, 45)
-> Request 10
898
(4, 1, 2)
3
(59, 27)
-> Request 11
1119
(3, 3, 1)
1
(55, 7)
-> Request 12
1235
(3, 3, 2)
2
(6, 35)
-> Request 13
1436
(3, 3, 1)
1
(4, 76)
--> Day : 3
-> Request 0
23
(4, 2, 1)
3
(77, 12)
-> Request 1
78
(2, 2, 1)
2
(70, 0)
-> Request 2
470
(1, 3, 1)
2
(50, 16)
-> Request 3
637
(4, 1, 1)
1
(69, 39)
-> Request 4
682
(4, 1, 2)
1
(17, 2)
-> Request 5
1087
(2, 1, 1)
1
(52, 36)
-> Request 6
1206
(4, 2, 1)
1
(70, 72)
-> Request 7
1242
(1, 3, 2)
1
(67, 49)
--> Day : 4
-> Request 0
13
(1, 1, 1)
3
(47, 33)
-> Request 1
61
(2, 2, 1)
1
(12, 1)
-> Request 2
191
(2, 2, 2)
3
(5, 61)
-> Request 3
194
(3, 2, 2)
3
(65, 63)
-> Request 4
323
(2, 3, 2)
1
(18, 35)
-> Request 5
329
(2, 3, 2)
2
(0, 20)
-> Request 6
358
(3, 1, 1)
2
(56, 18)
-> Request 7
456
(2, 2, 1)
3
(77, 65)
-> Request 8
534
(1, 1, 1)
2
(5, 0)
-> Request 9
674
(2, 3, 1)
1
(17, 70)
-> Request 10
758
(2, 1, 1)
3
(9, 66)
-> Request 11
870
(3, 3, 1)
2
(14, 61)
-> Request 12
1048
(2, 2, 2)
2
(4, 33)
-> Request 13
1086
(2, 1, 1)
1
(30, 13)
-> Request 14
1182
(4, 1, 2)
3
(0, 55)
-> Request 15
1232
(2, 1, 2)
1
(56, 10)
-> Request 16
1338
(1, 3, 1)
1
(0, 3)
-> Request 17
1364
(3, 2, 2)
2
(2, 76)
---> Week : 5
--> Day : 0
-> Request 0
11
(3, 2, 2)
2
(1, 36)
-> Request 1
41
(1, 3, 1)
2
(61, 71)
-> Request 2
42
(4, 1, 2)
2
(37, 9)
-> Request 3
64
(3, 2, 2)
1
(10, 23)
-> Request 4
130
(2, 2, 1)
1
(31, 79)
-> Request 5
273
(3, 1, 2)
2
(57, 63)
-> Request 6
360
(4, 2, 1)
1
(37, 19)
-> Request 7
435
(4, 2, 2)
2
(45, 32)
-> Request 8
738
(2, 1, 2)
2
(6, 50)
-> Request 9
772
(1, 2, 1)
1
(74, 1)
-> Request 10
1119
(4, 2, 2)
2
(35, 56)
-> Request 11
1246
(2, 1, 1)
3
(71, 17)
-> Request 12
1392
(3, 1, 1)
1
(33, 55)
--> Day : 1
-> Request 0
112
(4, 3, 1)
1
(70, 64)
-> Request 1
220
(1, 2, 1)
1
(66, 78)
-> Request 2
223
(3, 1, 1)
1
(58, 9)
-> Request 3
419
(4, 2, 1)
3
(35, 21)
-> Request 4
444
(2, 3, 2)
3
(18, 67)
-> Request 5
566
(2, 1, 1)
1
(23, 75)
-> Request 6
751
(1, 1, 2)
1
(68, 50)
-> Request 7
1073
(4, 3, 2)
3
(20, 19)
-> Request 8
1120
(3, 2, 2)
2
(24, 55)
-> Request 9
1239
(4, 3, 1)
3
(3, 62)
-> Request 10
1388
(4, 1, 1)
3
(28, 79)
--> Day : 2
-> Request 0
147
(3, 1, 1)
3
(64, 60)
-> Request 1
151
(3, 3, 1)
3
(79, 24)
-> Request 2
326
(4, 2, 1)
1
(59, 68)
-> Request 3
430
(3, 3, 2)
2
(33, 51)
-> Request 4
572
(4, 1, 2)
3
(2, 64)
-> Request 5
718
(3, 1, 2)
3
(4, 71)
-> Request 6
878
(3, 2, 1)
2
(32, 50)
-> Request 7
1110
(2, 3, 2)
3
(2, 14)
-> Request 8
1129
(1, 3, 2)
2
(61, 59)
-> Request 9
1258
(1, 2, 2)
3
(45, 26)
-> Request 10
1269
(1, 2, 1)
2
(67, 20)
-> Request 11
1361
(4, 3, 2)
2
(38, 62)
--> Day : 3
-> Request 0
344
(1, 1, 2)
2
(76, 68)
-> Request 1
344
(4, 3, 1)
1
(53, 41)
-> Request 2
389
(1, 2, 1)
3
(56, 46)
-> Request 3
395
(2, 2, 1)
2
(17, 32)
-> Request 4
558
(4, 2, 1)
3
(26, 74)
-> Request 5
559
(3, 2, 2)
1
(30, 11)
-> Request 6
623
(4, 3, 2)
2
(72, 65)
-> Request 7
772
(2, 2, 1)
2
(38, 46)
-> Request 8
984
(3, 2, 2)
3
(56, 77)
-> Request 9
1427
(4, 3, 2)
1
(54, 42)
--> Day : 4
-> Request 0
305
(3, 1, 2)
1
(27, 10)
-> Request 1
411
(4, 1, 2)
3
(46, 15)
-> Request 2
449
(4, 3, 1)
3
(0, 35)
-> Request 3
467
(3, 3, 1)
1
(57, 24)
-> Request 4
533
(4, 3, 1)
2
(36, 17)
-> Request 5
616
(4, 3, 1)
1
(64, 42)
-> Request 6
780
(4, 3, 1)
2
(58, 35)
-> Request 7
954
(1, 3, 1)
1
(10, 44)
-> Request 8
1046
(3, 1, 1)
3
(43, 32)
-> Request 9
1132
(4, 3, 1)
3
(8, 62)
-> Request 10
1285
(4, 1, 1)
1
(55, 47)
-> Request 11
1357
(3, 2, 2)
1
(24, 60)
---> Week : 6
--> Day : 0
-> Request 0
33
(2, 1, 1)
2
(65, 24)
-> Request 1
83
(2, 3, 2)
2
(32, 52)
-> Request 2
84
(3, 2, 2)
2
(20, 30)
-> Request 3
112
(4, 2, 1)
3
(48, 4)
-> Request 4
259
(2, 1, 1)
1
(47, 60)
-> Request 5
630
(2, 3, 2)
1
(12, 53)
-> Request 6
747
(2, 3, 1)
1
(16, 27)
-> Request 7
901
(2, 3, 1)
3
(31, 49)
-> Request 8
950
(2, 3, 1)
1
(45, 51)
-> Request 9
1004
(2, 1, 1)
2
(24, 22)
-> Request 10
1142
(1, 1, 1)
3
(51, 77)
-> Request 11
1289
(4, 1, 2)
2
(47, 66)
-> Request 12
1331
(2, 3, 1)
3
(20, 50)
-> Request 13
1373
(4, 2, 1)
2
(66, 64)
--> Day : 1
-> Request 0
84
(4, 1, 2)
1
(73, 7)
-> Request 1
187
(1, 2, 2)
2
(26, 63)
-> Request 2
298
(3, 2, 1)
1
(63, 20)
-> Request 3
340
(4, 3, 1)
3
(63, 41)
-> Request 4
371
(2, 1, 2)
3
(9, 20)
-> Request 5
585
(1, 2, 2)
1
(49, 29)
-> Request 6
608
(2, 1, 1)
1
(73, 6)
-> Request 7
783
(1, 2, 1)
3
(29, 60)
-> Request 8
792
(3, 3, 2)
2
(43, 53)
-> Request 9
1299
(3, 2, 2)
3
(64, 32)
--> Day : 2
-> Request 0
34
(3, 2, 2)
2
(17, 76)
-> Request 1
452
(4, 3, 1)
2
(76, 66)
-> Request 2
614
(3, 1, 2)
2
(2, 36)
-> Request 3
665
(3, 1, 1)
2
(35, 57)
-> Request 4
690
(3, 1, 1)
1
(34, 45)
-> Request 5
747
(4, 1, 1)
2
(38, 2)
-> Request 6
988
(3, 3, 1)
1
(45, 24)
-> Request 7
1084
(4, 2, 2)
3
(63, 34)
--> Day : 3
-> Request 0
9
(3, 3, 1)
1
(6, 18)
-> Request 1
419
(3, 2, 1)
2
(60, 75)
-> Request 2
621
(2, 3, 1)
2
(32, 69)
-> Request 3
754
(4, 2, 2)
1
(22, 28)
-> Request 4
773
(3, 2, 2)
1
(4, 42)
-> Request 5
807
(1, 3, 1)
2
(20, 58)
-> Request 6
875
(2, 3, 2)
2
(73, 77)
-> Request 7
900
(2, 1, 1)
1
(21, 54)
-> Request 8
940
(2, 3, 1)
3
(18, 79)
-> Request 9
1074
(1, 3, 1)
2
(31, 34)
-> Request 10
1232
(4, 2, 2)
1
(62, 63)
-> Request 11
1268
(4, 3, 1)
1
(19, 54)
--> Day : 4
-> Request 0
111
(4, 3, 1)
1
(9, 11)
-> Request 1
171
(1, 3, 1)
2
(23, 43)
-> Request 2
189
(3, 1, 2)
1
(71, 63)
-> Request 3
485
(4, 3, 2)
3
(3, 41)
-> Request 4
536
(3, 2, 1)
2
(74, 3)
-> Request 5
631
(2, 3, 1)
3
(48, 31)
-> Request 6
648
(4, 1, 2)
1
(71, 48)
-> Request 7
917
(2, 2, 2)
3
(30, 66)
---> Week : 7
--> Day : 0
-> Request 0
69
(3, 2, 2)
3
(24, 50)
-> Request 1
163
(4, 3, 1)
1
(45, 6)
-> Request 2
236
(3, 3, 1)
3
(14, 35)
-> Request 3
249
(2, 3, 1)
3
(19, 66)
-> Request 4
571
(3, 1, 1)
2
(32, 2)
-> Request 5
634
(3, 1, 2)
3
(20, 60)
-> Request 6
715
(4, 3, 2)
2
(17, 2)
-> Request 7
718
(4, 3, 1)
1
(78, 0)
-> Request 8
1108
(3, 3, 1)
1
(51, 38)
-> Request 9
1138
(2, 2, 1)
3
(29, 63)
-> Request 10
1297
(4, 1, 2)
3
(55, 19)
--> Day : 1
-> Request 0
11
(1, 2, 2)
2
(61, 37)
-> Request 1
399
(4, 1, 2)
1
(0, 17)
-> Request 2
561
(1, 3, 1)
3
(4, 62)
-> Request 3
821
(4, 3, 2)
2
(50, 54)
-> Request 4
1194
(1, 3, 2)
3
(47, 22)
-> Request 5
1347
(1, 1, 2)
3
(6, 67)
-> Request 6
1431
(3, 2, 2)
1
(55, 4)
--> Day : 2
-> Request 0
325
(1, 2, 1)
2
(24, 77)
-> Request 1
408
(1, 1, 1)
3
(21, 13)
-> Request 2
502
(2, 2, 2)
3
(75, 10)
-> Request 3
614
(3, 3, 2)
3
(49, 24)
-> Request 4
702
(3, 2, 2)
3
(11, 54)
-> Request 5
704
(4, 1, 2)
1
(49, 77)
-> Request 6
760
(2, 3, 2)
1
(61, 21)
-> Request 7
830
(4, 3, 1)
3
(0, 72)
-> Request 8
1090
(4, 2, 2)
3
(59, 24)
-> Request 9
1310
(3, 3, 1)
3
(72, 51)
--> Day : 3
-> Request 0
177
(2, 1, 1)
2
(10, 63)
-> Request 1
335
(1, 3, 2)
3
(30, 11)
-> Request 2
336
(4, 1, 1)
1
(34, 1)
-> Request 3
384
(4, 1, 1)
3
(35, 78)
-> Request 4
658
(1, 1, 2)
1
(7, 22)
-> Request 5
937
(1, 3, 1)
2
(61, 44)
-> Request 6
949
(1, 2, 2)
1
(5, 33)
-> Request 7
965
(1, 3, 1)
3
(33, 42)
-> Request 8
1090
(4, 3, 2)
3
(46, 43)
--> Day : 4
-> Request 0
197
(2, 3, 2)
2
(44, 33)
-> Request 1
649
(1, 3, 1)
1
(73, 5)
-> Request 2
956
(3, 2, 1)
2
(49, 55)
-> Request 3
1076
(2, 3, 1)
2
(23, 66)
---> Week : 8
--> Day : 0
-> Request 0
214
(2, 1, 2)
2
(45, 28)
-> Request 1
301
(3, 2, 1)
1
(8, 14)
-> Request 2
347
(1, 3, 1)
1
(79, 73)
-> Request 3
405
(3, 1, 1)
1
(78, 32)
-> Request 4
875
(2, 3, 1)
2
(45, 46)
-> Request 5
885
(4, 1, 2)
2
(69, 26)
-> Request 6
1011
(4, 3, 1)
2
(43, 22)
-> Request 7
1080
(4, 1, 2)
1
(33, 76)
-> Request 8
1138
(2, 1, 1)
3
(53, 74)
-> Request 9
1151
(3, 1, 2)
1
(55, 31)
-> Request 10
1391
(2, 3, 2)
3
(74, 34)
--> Day : 1
-> Request 0
55
(1, 3, 1)
1
(27, 72)
-> Request 1
208
(4, 3, 1)
3
(73, 15)
-> Request 2
399
(1, 3, 1)
1
(15, 78)
-> Request 3
547
(4, 3, 2)
1
(42, 61)
-> Request 4
614
(1, 1, 2)
1
(57, 8)
-> Request 5
615
(1, 3, 2)
3
(30, 48)
-> Request 6
626
(4, 3, 2)
3
(75, 25)
-> Request 7
669
(2, 1, 1)
2
(67, 47)
-> Request 8
769
(2, 3, 2)
1
(24, 39)
-> Request 9
839
(1, 3, 2)
3
(10, 76)
-> Request 10
921
(2, 3, 1)
2
(16, 29)
-> Request 11
951
(4, 2, 2)
1
(53, 9)
-> Request 12
1121
(1, 1, 1)
2
(52, 67)
-> Request 13
1244
(1, 2, 1)
1
(66, 79)
-> Request 14
1260
(1, 3, 2)
1
(76, 74)
--> Day : 2
-> Request 0
122
(1, 1, 1)
2
(57, 5)
-> Request 1
194
(3, 1, 1)
2
(7, 42)
-> Request 2
386
(4, 1, 1)
2
(69, 2)
-> Request 3
412
(4, 1, 1)
2
(13, 42)
-> Request 4
546
(4, 3, 2)
3
(64, 35)
-> Request 5
869
(4, 2, 2)
2
(66, 35)
-> Request 6
1077
(4, 2, 1)
1
(22, 15)
-> Request 7
1079
(3, 3, 2)
1
(77, 58)
-> Request 8
1292
(1, 1, 2)
2
(37, 73)
-> Request 9
1292
(1, 3, 2)
2
(42, 65)
-> Request 10
1364
(1, 3, 2)
2
(5, 7)
--> Day : 3
-> Request 0
28
(4, 3, 2)
2
(40, 2)
-> Request 1
78
(3, 1, 2)
3
(20, 9)
-> Request 2
157
(2, 1, 1)
1
(34, 34)
-> Request 3
292
(1, 3, 2)
2
(4, 42)
-> Request 4
911
(2, 2, 1)
1
(38, 27)
-> Request 5
964
(3, 1, 2)
2
(16, 69)
-> Request 6
1009
(1, 2, 1)
2
(66, 57)
-> Request 7
1027
(3, 2, 2)
2
(62, 61)
-> Request 8
1238
(1, 2, 2)
1
(48, 18)
-> Request 9
1403
(3, 1, 2)
2
(72, 48)
-> Request 10
1416
(2, 3, 1)
1
(43, 25)
-> Request 11
1420
(4, 1, 1)
1
(2, 25)
--> Day : 4
-> Request 0
82
(4, 2, 1)
2
(48, 23)
-> Request 1
100
(2, 3, 1)
3
(58, 39)
-> Request 2
181
(1, 2, 1)
2
(5, 7)
-> Request 3
296
(3, 1, 1)
3
(77, 70)
-> Request 4
410
(2, 2, 1)
2
(59, 33)
-> Request 5
625
(1, 2, 1)
1
(1, 58)
-> Request 6
807
(1, 1, 1)
2
(6, 19)
-> Request 7
910
(1, 1, 1)
3
(12, 2)
-> Request 8
1011
(1, 3, 1)
2
(50, 33)
-> Request 9
1347
(4, 3, 2)
3
(12, 57)
---> Week : 9
--> Day : 0
-> Request 0
141
(4, 1, 1)
3
(51, 5)
-> Request 1
196
(3, 1, 1)
1
(10, 3)
-> Request 2
245
(1, 1, 1)
2
(73, 11)
-> Request 3
266
(2, 2, 1)
2
(63, 77)
-> Request 4
389
(3, 3, 1)
2
(43, 31)
-> Request 5
525
(1, 2, 1)
3
(44, 37)
-> Request 6
615
(4, 3, 1)
2
(11, 75)
-> Request 7
1165
(4, 2, 2)
2
(55, 65)
-> Request 8
1414
(4, 3, 1)
2
(33, 53)
--> Day : 1
-> Request 0
329
(1, 1, 1)
2
(78, 51)
-> Request 1
719
(4, 1, 2)
3
(66, 79)
-> Request 2
959
(4, 1, 2)
2
(3, 27)
-> Request 3
1289
(3, 1, 2)
3
(10, 47)
--> Day : 2
-> Request 0
22
(1, 2, 1)
1
(59, 10)
-> Request 1
41
(4, 3, 2)
2
(6, 17)
-> Request 2
49
(3, 2, 2)
2
(62, 25)
-> Request 3
140
(4, 3, 2)
2
(36, 38)
-> Request 4
181
(4, 1, 2)
1
(11, 44)
-> Request 5
219
(4, 2, 2)
1
(65, 16)
-> Request 6
410
(3, 1, 2)
2
(12, 48)
-> Request 7
560
(2, 2, 2)
3
(17, 4)
-> Request 8
637
(2, 3, 1)
3
(32, 36)
-> Request 9
853
(2, 1, 2)
3
(38, 70)
-> Request 10
893
(2, 3, 1)
3
(56, 73)
-> Request 11
900
(1, 3, 1)
3
(60, 43)
-> Request 12
1010
(3, 3, 1)
3
(44, 49)
-> Request 13
1013
(1, 1, 1)
3
(48, 77)
-> Request 14
1143
(4, 1, 2)
3
(61, 62)
-> Request 15
1227
(2, 2, 2)
2
(43, 27)
-> Request 16
1319
(1, 1, 1)
2
(50, 72)
-> Request 17
1418
(2, 2, 2)
3
(25, 64)
--> Day : 3
-> Request 0
54
(1, 1, 2)
1
(31, 16)
-> Request 1
297
(3, 2, 2)
2
(60, 17)
-> Request 2
472
(2, 2, 2)
2
(47, 12)
-> Request 3
662
(4, 3, 1)
2
(20, 54)
-> Request 4
971
(1, 1, 1)
2
(68, 35)
-> Request 5
1096
(4, 1, 2)
3
(39, 56)
-> Request 6
1353
(3, 2, 2)
1
(33, 51)
-> Request 7
1397
(1, 2, 1)
3
(26, 25)
--> Day : 4
-> Request 0
288
(4, 1, 1)
2
(68, 1)
-> Request 1
545
(1, 2, 2)
3
(20, 65)
-> Request 2
824
(3, 3, 2)
1
(34, 48)
-> Request 3
1022
(4, 3, 1)
3
(74, 38)
-> Request 4
1153
(4, 2, 2)
3
(0, 78)
-> Request 5
1222
(1, 3, 2)
1
(18, 4)
---> Week : 10
--> Day : 0
-> Request 0
69
(3, 2, 2)
3
(38, 63)
-> Request 1
169
(2, 2, 1)
2
(72, 12)
-> Request 2
182
(4, 3, 2)
1
(11, 16)
-> Request 3
191
(1, 3, 1)
2
(42, 55)
-> Request 4
359
(3, 1, 2)
3
(79, 66)
-> Request 5
371
(2, 3, 1)
3
(55, 75)
-> Request 6
1051
(3, 3, 2)
3
(22, 67)
-> Request 7
1267
(1, 2, 2)
1
(53, 7)
-> Request 8
1415
(1, 2, 1)
2
(42, 17)
--> Day : 1
-> Request 0
37
(3, 1, 1)
2
(64, 41)
-> Request 1
154
(2, 1, 2)
1
(46, 49)
-> Request 2
169
(1, 2, 1)
1
(69, 35)
-> Request 3
178
(4, 3, 1)
1
(45, 42)
-> Request 4
243
(1, 2, 1)
3
(4, 70)
-> Request 5
277
(2, 3, 2)
3
(60, 32)
-> Request 6
468
(1, 2, 2)
1
(26, 67)
-> Request 7
487
(1, 2, 1)
3
(5, 50)
-> Request 8
639
(2, 2, 2)
3
(6, 25)
-> Request 9
737
(2, 1, 2)
1
(19, 32)
-> Request 10
759
(3, 3, 2)
3
(50, 53)
-> Request 11
951
(2, 1, 2)
1
(37, 9)
-> Request 12
1083
(2, 1, 2)
2
(79, 54)
-> Request 13
1139
(3, 2, 2)
2
(13, 71)
-> Request 14
1150
(4, 3, 2)
2
(1, 20)
-> Request 15
1162
(1, 1, 2)
3
(6, 64)
-> Request 16
1381
(1, 3, 1)
2
(9, 57)
--> Day : 2
-> Request 0
367
(4, 3, 1)
3
(51, 61)
-> Request 1
454
(2, 1, 1)
2
(67, 71)
-> Request 2
512
(3, 3, 1)
3
(25, 36)
-> Request 3
592
(4, 1, 2)
3
(61, 18)
-> Request 4
603
(3, 2, 1)
1
(11, 13)
-> Request 5
629
(3, 1, 1)
1
(22, 24)
-> Request 6
770
(4, 2, 2)
2
(78, 77)
-> Request 7
825
(3, 3, 2)
1
(61, 16)
-> Request 8
979
(1, 1, 2)
1
(31, 16)
-> Request 9
1283
(2, 3, 1)
3
(13, 7)
-> Request 10
1346
(1, 1, 2)
3
(69, 62)
--> Day : 3
-> Request 0
196
(4, 1, 2)
3
(50, 59)
-> Request 1
204
(2, 3, 2)
1
(42, 24)
-> Request 2
352
(3, 1, 1)
2
(51, 76)
-> Request 3
415
(1, 3, 1)
1
(55, 47)
-> Request 4
423
(1, 2, 1)
3
(64, 33)
-> Request 5
540
(4, 1, 2)
1
(46, 63)
-> Request 6
587
(1, 2, 1)
2
(69, 2)
-> Request 7
678
(3, 1, 1)
3
(61, 18)
-> Request 8
751
(4, 1, 2)
1
(3, 78)
-> Request 9
975
(1, 1, 1)
1
(53, 52)
-> Request 10
1167
(1, 2, 1)
2
(49, 51)
-> Request 11
1358
(3, 2, 2)
3
(78, 63)
-> Request 12
1368
(4, 1, 1)
1
(75, 33)
-> Request 13
1417
(3, 2, 1)
2
(7, 19)
--> Day : 4
-> Request 0
3
(2, 3, 1)
1
(2, 62)
-> Request 1
437
(2, 3, 1)
2
(51, 64)
-> Request 2
474
(3, 3, 1)
1
(23, 27)
-> Request 3
545
(3, 3, 1)
2
(10, 44)
-> Request 4
693
(2, 1, 2)
1
(35, 14)
-> Request 5
788
(4, 3, 1)
3
(45, 73)
-> Request 6
942
(3, 1, 1)
1
(21, 26)
-> Request 7
1075
(3, 1, 1)
3
(69, 28)
---> Week : 11
--> Day : 0
-> Request 0
48
(2, 3, 1)
3
(48, 46)
-> Request 1
230
(1, 2, 2)
3
(2, 73)
-> Request 2
358
(1, 1, 2)
1
(79, 12)
-> Request 3
563
(4, 1, 1)
2
(74, 51)
-> Request 4
710
(3, 3, 2)
1
(39, 4)
-> Request 5
1151
(3, 1, 1)
3
(37, 50)
-> Request 6
1194
(2, 3, 1)
1
(68, 56)
-> Request 7
1349
(1, 3, 2)
3
(77, 62)
-> Request 8
1386
(1, 3, 1)
3
(14, 17)
--> Day : 1
-> Request 0
185
(3, 3, 1)
2
(10, 62)
-> Request 1
258
(1, 3, 1)
1
(54, 72)
-> Request 2
654
(3, 3, 2)
3
(6, 28)
-> Request 3
679
(1, 1, 1)
3
(68, 39)
-> Request 4
994
(1, 3, 1)
2
(47, 1)
-> Request 5
1300
(4, 1, 1)
2
(73, 47)
-> Request 6
1304
(4, 3, 2)
1
(61, 25)
-> Request 7
1403
(1, 3, 2)
2
(17, 29)
--> Day : 2
-> Request 0
102
(1, 1, 1)
3
(32, 8)
-> Request 1
420
(2, 3, 2)
1
(3, 36)
-> Request 2
473
(4, 3, 1)
1
(20, 51)
-> Request 3
623
(4, 2, 1)
1
(43, 59)
-> Request 4
625
(3, 3, 1)
3
(68, 63)
-> Request 5
661
(2, 3, 2)
3
(59, 50)
-> Request 6
756
(1, 3, 1)
2
(77, 45)
-> Request 7
788
(4, 2, 1)
3
(34, 52)
-> Request 8
806
(4, 1, 2)
3
(78, 36)
-> Request 9
1118
(2, 3, 2)
2
(75, 26)
-> Request 10
1185
(4, 2, 1)
2
(21, 39)
-> Request 11
1192
(1, 2, 1)
3
(4, 47)
-> Request 12
1266
(2, 1, 2)
2
(5, 67)
-> Request 13
1279
(3, 1, 1)
3
(13, 26)
-> Request 14
1306
(2, 2, 2)
3
(31, 33)
--> Day : 3
-> Request 0
170
(4, 3, 2)
2
(47, 5)
-> Request 1
174
(2, 2, 1)
3
(55, 64)
-> Request 2
232
(2, 1, 1)
3
(36, 56)
-> Request 3
399
(2, 2, 2)
2
(3, 69)
-> Request 4
448
(3, 1, 2)
1
(64, 31)
-> Request 5
465
(4, 1, 1)
2
(30, 38)
-> Request 6
629
(3, 2, 2)
1
(24, 18)
-> Request 7
685
(3, 3, 2)
3
(15, 31)
-> Request 8
816
(1, 1, 1)
3
(67, 29)
-> Request 9
966
(2, 1, 2)
3
(39, 40)
-> Request 10
1030
(2, 2, 1)
1
(3, 79)
-> Request 11
1205
(2, 2, 2)
3
(0, 10)
-> Request 12
1371
(2, 2, 2)
1
(60, 3)
-> Request 13
1375
(4, 1, 2)
2
(25, 43)
--> Day : 4
-> Request 0
21
(2, 1, 1)
1
(22, 4)
-> Request 1
254
(2, 1, 1)
1
(10, 26)
-> Request 2
945
(2, 3, 1)
3
(5, 58)
-> Request 3
1086
(4, 3, 1)
1
(64, 18)
-> Request 4
1125
(3, 3, 2)
3
(51, 77)
-> Request 5
1165
(3, 1, 2)
1
(29, 68)
-> Request 6
1221
(4, 3, 2)
3
(23, 40)
-> Request 7
1254
(4, 1, 2)
2
(48, 54)
-> Request 8
1343
(3, 2, 1)
1
(11, 54)
---> Week : 12
--> Day : 0
-> Request 0
119
(1, 3, 1)
2
(12, 46)
-> Request 1
191
(1, 1, 2)
3
(30, 32)
-> Request 2
317
(4, 2, 1)
2
(20, 60)
-> Request 3
498
(4, 3, 2)
1
(70, 47)
-> Request 4
551
(4, 2, 1)
2
(64, 61)
-> Request 5
564
(3, 2, 1)
2
(27, 13)
-> Request 6
633
(4, 2, 1)
1
(22, 33)
-> Request 7
724
(3, 3, 2)
1
(42, 16)
-> Request 8
727
(2, 3, 1)
2
(79, 48)
-> Request 9
945
(3, 1, 2)
3
(61, 39)
-> Request 10
1155
(3, 1, 1)
3
(8, 72)
-> Request 11
1290
(2, 3, 1)
2
(37, 29)
--> Day : 1
-> Request 0
95
(2, 3, 2)
3
(47, 56)
-> Request 1
317
(4, 2, 2)
1
(67, 3)
-> Request 2
566
(2, 1, 2)
2
(63, 33)
-> Request 3
591
(2, 2, 1)
1
(39, 3)
-> Request 4
846
(1, 2, 1)
1
(45, 76)
-> Request 5
889
(1, 1, 1)
1
(79, 78)
-> Request 6
890
(4, 1, 2)
1
(34, 44)
-> Request 7
967
(1, 1, 1)
3
(73, 78)
-> Request 8
971
(1, 3, 2)
3
(52, 72)
-> Request 9
1153
(3, 1, 2)
2
(75, 46)
-> Request 10
1288
(4, 1, 2)
3
(11, 22)
--> Day : 2
-> Request 0
293
(1, 3, 2)
2
(60, 5)
-> Request 1
495
(1, 2, 2)
1
(14, 61)
-> Request 2
549
(1, 3, 2)
2
(16, 19)
-> Request 3
758
(1, 3, 2)
2
(17, 73)
-> Request 4
813
(1, 1, 1)
2
(8, 9)
-> Request 5
1349
(2, 1, 1)
1
(39, 54)
--> Day : 3
-> Request 0
233
(3, 3, 1)
2
(59, 70)
-> Request 1
282
(3, 2, 2)
1
(69, 71)
-> Request 2
437
(4, 1, 1)
2
(74, 18)
-> Request 3
547
(2, 2, 2)
3
(4, 11)
-> Request 4
839
(3, 1, 1)
2
(13, 17)
-> Request 5
883
(4, 1, 1)
1
(43, 40)
-> Request 6
965
(4, 1, 2)
3
(74, 63)
-> Request 7
983
(1, 2, 1)
1
(63, 28)
-> Request 8
1203
(4, 3, 1)
3
(5, 68)
-> Request 9
1240
(1, 1, 1)
3
(29, 60)
-> Request 10
1264
(1, 2, 2)
1
(4, 33)
-> Request 11
1266
(1, 1, 2)
2
(20, 79)
-> Request 12
1332
(3, 3, 2)
1
(4, 32)
--> Day : 4
-> Request 0
241
(1, 1, 1)
3
(40, 11)
-> Request 1
463
(2, 1, 2)
2
(5, 57)
-> Request 2
480
(2, 3, 2)
2
(66, 7)
-> Request 3
510
(3, 3, 2)
1
(21, 34)
-> Request 4
608
(2, 1, 2)
1
(59, 59)
-> Request 5
1307
(3, 3, 2)
2
(44, 36)
-> Request 6
1416
(1, 2, 1)
3
(18, 29)
---> Week : 13
--> Day : 0
-> Request 0
108
(1, 2, 1)
2
(47, 35)
-> Request 1
252
(3, 3, 2)
2
(35, 54)
-> Request 2
505
(2, 2, 1)
1
(16, 77)
-> Request 3
984
(2, 2, 2)
1
(65, 0)
-> Request 4
1173
(2, 2, 2)
2
(45, 31)
-> Request 5
1284
(3, 1, 2)
3
(69, 77)
--> Day : 1
-> Request 0
55
(3, 2, 2)
1
(70, 23)
-> Request 1
155
(4, 1, 1)
1
(79, 36)
-> Request 2
270
(2, 1, 2)
3
(56, 63)
-> Request 3
277
(3, 2, 2)
2
(57, 28)
-> Request 4
556
(2, 3, 1)
2
(8, 71)
-> Request 5
561
(2, 1, 2)
1
(15, 22)
-> Request 6
699
(4, 3, 2)
1
(6, 75)
-> Request 7
766
(4, 1, 1)
2
(72, 16)
-> Request 8
816
(2, 1, 2)
1
(72, 18)
-> Request 9
846
(4, 3, 1)
1
(47, 12)
-> Request 10
926
(4, 3, 1)
2
(11, 6)
-> Request 11
1117
(3, 1, 2)
3
(25, 39)
-> Request 12
1218
(2, 1, 2)
2
(16, 6)
--> Day : 2
-> Request 0
89
(1, 2, 2)
1
(58, 3)
-> Request 1
213
(2, 3, 1)
2
(79, 47)
-> Request 2
441
(1, 2, 2)
2
(15, 32)
-> Request 3
752
(3, 3, 1)
2
(66, 31)
-> Request 4
757
(3, 3, 1)
1
(43, 32)
-> Request 5
1251
(2, 3, 2)
3
(18, 9)
-> Request 6
1311
(4, 2, 1)
1
(74, 40)
-> Request 7
1316
(3, 1, 1)
1
(6, 33)
-> Request 8
1346
(4, 3, 2)
2
(5, 25)
--> Day : 3
-> Request 0
140
(1, 3, 2)
2
(17, 23)
-> Request 1
144
(3, 1, 2)
1
(20, 54)
-> Request 2
228
(1, 1, 2)
2
(10, 42)
-> Request 3
389
(1, 3, 1)
3
(30, 78)
-> Request 4
474
(2, 3, 2)
2
(13, 61)
-> Request 5
505
(2, 3, 2)
3
(8, 69)
-> Request 6
544
(2, 3, 2)
2
(76, 9)
-> Request 7
568
(1, 2, 2)
1
(34, 25)
-> Request 8
622
(3, 3, 1)
1
(36, 29)
-> Request 9
640
(4, 1, 2)
3
(57, 12)
-> Request 10
729
(1, 3, 1)
3
(76, 22)
-> Request 11
763
(2, 3, 2)
3
(34, 20)
-> Request 12
1114
(3, 1, 2)
3
(79, 72)
-> Request 13
1271
(4, 3, 2)
2
(23, 22)
-> Request 14
1342
(3, 2, 1)
3
(66, 31)
-> Request 15
1370
(1, 3, 1)
1
(38, 19)
--> Day : 4
-> Request 0
178
(4, 2, 2)
2
(60, 52)
-> Request 1
256
(4, 1, 1)
2
(66, 45)
-> Request 2
301
(4, 3, 1)
3
(39, 60)
-> Request 3
397
(4, 2, 1)
2
(55, 52)
-> Request 4
419
(1, 1, 1)
3
(65, 48)
-> Request 5
440
(1, 1, 2)
2
(5, 3)
-> Request 6
632
(1, 3, 2)
2
(53, 47)
-> Request 7
673
(2, 2, 1)
1
(4, 11)
-> Request 8
1068
(4, 3, 2)
2
(45, 60)
-> Request 9
1081
(1, 2, 2)
1
(20, 5)
-> Request 10
1116
(3, 3, 2)
3
(73, 45)
---> Week : 14
--> Day : 0
-> Request 0
250
(3, 3, 2)
3
(0, 62)
-> Request 1
471
(1, 1, 1)
2
(72, 30)
-> Request 2
501
(1, 2, 2)
2
(73, 20)
-> Request 3
688
(1, 2, 1)
1
(12, 48)
-> Request 4
846
(3, 1, 2)
1
(0, 60)
-> Request 5
977
(1, 1, 2)
1
(23, 30)
-> Request 6
1021
(1, 3, 1)
2
(1, 25)
-> Request 7
1054
(4, 2, 2)
1
(19, 0)
-> Request 8
1115
(2, 3, 2)
1
(18, 46)
-> Request 9
1115
(2, 2, 1)
1
(51, 54)
-> Request 10
1337
(4, 3, 2)
2
(56, 11)
-> Request 11
1397
(3, 3, 2)
3
(1, 68)
--> Day : 1
-> Request 0
179
(1, 3, 1)
1
(31, 50)
-> Request 1
211
(2, 2, 2)
3
(10, 61)
-> Request 2
251
(3, 1, 2)
3
(43, 36)
-> Request 3
663
(2, 3, 1)
3
(40, 68)
-> Request 4
672
(3, 2, 2)
3
(19, 33)
-> Request 5
985
(2, 3, 2)
3
(72, 53)
-> Request 6
1433
(1, 1, 1)
3
(16, 12)
--> Day : 2
-> Request 0
410
(1, 2, 2)
3
(20, 31)
-> Request 1
463
(3, 2, 2)
2
(62, 3)
-> Request 2
509
(4, 3, 1)
1
(36, 77)
-> Request 3
621
(2, 2, 2)
3
(62, 23)
-> Request 4
716
(4, 2, 2)
2
(56, 22)
-> Request 5
1083
(1, 2, 2)
1
(57, 52)
-> Request 6
1367
(1, 1, 2)
2
(51, 18)
--> Day : 3
-> Request 0
33
(1, 2, 1)
3
(57, 30)
-> Request 1
55
(4, 2, 2)
1
(22, 6)
-> Request 2
198
(1, 1, 1)
1
(20, 75)
-> Request 3
216
(3, 3, 2)
2
(52, 11)
-> Request 4
415
(3, 1, 1)
1
(62, 26)
-> Request 5
557
(1, 1, 1)
2
(73, 56)
-> Request 6
644
(1, 1, 1)
3
(37, 14)
-> Request 7
1426
(4, 3, 1)
1
(72, 37)
--> Day : 4
-> Request 0
46
(2, 1, 2)
1
(5, 71)
-> Request 1
51
(1, 3, 1)
1
(5, 67)
-> Request 2
174
(2, 2, 2)
2
(79, 53)
-> Request 3
228
(2, 3, 1)
3
(67, 75)
-> Request 4
261
(2, 2, 2)
2
(41, 36)
-> Request 5
511
(3, 2, 1)
3
(45, 28)
-> Request 6
553
(3, 3, 1)
1
(44, 37)
-> Request 7
776
(1, 3, 1)
1
(60, 22)
-> Request 8
804
(2, 1, 1)
1
(39, 36)
-> Request 9
920
(3, 2, 1)
1
(58, 64)
-> Request 10
985
(4, 3, 1)
2
(48, 5)
-> Request 11
1139
(4, 2, 1)
3
(28, 27)
---> Week : 15
--> Day : 0
-> Request 0
127
(2, 2, 2)
3
(38, 47)
-> Request 1
129
(2, 3, 2)
1
(25, 78)
-> Request 2
176
(2, 3, 1)
2
(42, 16)
-> Request 3
186
(4, 3, 1)
2
(73, 38)
-> Request 4
590
(2, 3, 2)
1
(0, 9)
-> Request 5
726
(4, 1, 2)
3
(60, 4)
-> Request 6
870
(1, 1, 2)
3
(79, 12)
-> Request 7
899
(3, 1, 2)
3
(51, 52)
-> Request 8
1006
(2, 3, 1)
1
(4, 59)
-> Request 9
1020
(2, 2, 1)
2
(31, 20)
-> Request 10
1418
(2, 2, 1)
3
(21, 48)
--> Day : 1
-> Request 0
509
(3, 2, 2)
2
(11, 48)
-> Request 1
598
(4, 1, 1)
1
(57, 36)
-> Request 2
726
(2, 3, 2)
1
(65, 38)
-> Request 3
741
(4, 3, 1)
2
(22, 28)
-> Request 4
1027
(4, 2, 1)
3
(58, 15)
-> Request 5
1096
(2, 1, 1)
1
(0, 18)
-> Request 6
1136
(3, 2, 1)
2
(44, 33)
-> Request 7
1212
(4, 2, 2)
1
(24, 33)
-> Request 8
1348
(1, 2, 1)
2
(69, 12)
--> Day : 2
-> Request 0
223
(3, 2, 2)
3
(5, 1)
-> Request 1
353
(2, 2, 2)
1
(60, 15)
-> Request 2
407
(3, 3, 2)
2
(38, 42)
-> Request 3
642
(3, 2, 2)
3
(69, 34)
-> Request 4
761
(4, 1, 2)
2
(12, 21)
-> Request 5
871
(1, 1, 2)
1
(57, 39)
-> Request 6
939
(3, 1, 2)
2
(68, 46)
-> Request 7
1129
(3, 1, 1)
2
(71, 69)
--> Day : 3
-> Request 0
58
(1, 2, 2)
3
(47, 22)
-> Request 1
139
(2, 2, 2)
2
(59, 53)
-> Request 2
206
(1, 1, 2)
3
(18, 67)
-> Request 3
451
(4, 2, 2)
3
(40, 28)
-> Request 4
535
(4, 2, 1)
1
(54, 44)
-> Request 5
700
(3, 2, 2)
3
(19, 29)
-> Request 6
906
(1, 2, 2)
2
(26, 71)
-> Request 7
1036
(2, 3, 2)
3
(49, 40)
-> Request 8
1038
(4, 3, 2)
2
(7, 55)
-> Request 9
1120
(4, 1, 1)
2
(16, 60)
-> Request 10
1350
(4, 2, 2)
3
(78, 55)
-> Request 11
1369
(1, 3, 2)
3
(39, 56)
-> Request 12
1418
(2, 3, 2)
2
(32, 35)
--> Day : 4
-> Request 0
390
(3, 3, 1)
2
(0, 38)
-> Request 1
400
(4, 1, 2)
1
(77, 17)
-> Request 2
764
(2, 1, 2)
1
(79, 18)
-> Request 3
772
(2, 2, 2)
1
(62, 54)
-> Request 4
779
(2, 1, 1)
1
(30, 76)
-> Request 5
790
(1, 3, 2)
1
(9, 74)
-> Request 6
790
(4, 2, 2)
1
(30, 5)
-> Request 7
1001
(1, 2, 2)
2
(49, 40)
-> Request 8
1136
(1, 3, 2)
3
(48, 63)
-> Request 9
1152
(4, 3, 1)
1
(62, 33)
-> Request 10
1345
(3, 2, 1)
3
(19, 76)
---> Week : 16
--> Day : 0
-> Request 0
7
(4, 3, 2)
3
(78, 34)
-> Request 1
141
(2, 2, 2)
1
(77, 12)
-> Request 2
154
(3, 3, 2)
3
(73, 10)
-> Request 3
169
(2, 2, 1)
1
(26, 73)
-> Request 4
277
(2, 2, 2)
1
(29, 41)
-> Request 5
533
(2, 2, 2)
2
(59, 49)
-> Request 6
534
(4, 3, 1)
1
(66, 29)
-> Request 7
583
(4, 3, 2)
2
(57, 61)
-> Request 8
905
(3, 1, 2)
1
(48, 68)
-> Request 9
938
(1, 3, 1)
3
(67, 3)
-> Request 10
983
(1, 1, 2)
2
(19, 40)
-> Request 11
1002
(1, 3, 2)
1
(51, 79)
-> Request 12
1045
(4, 3, 2)
2
(58, 24)
-> Request 13
1135
(4, 1, 2)
3
(60, 60)
-> Request 14
1229
(4, 2, 1)
2
(20, 67)
-> Request 15
1394
(3, 2, 2)
3
(57, 46)
--> Day : 1
-> Request 0
284
(3, 2, 1)
3
(16, 10)
-> Request 1
382
(2, 3, 2)
3
(14, 74)
-> Request 2
492
(3, 1, 1)
1
(19, 25)
-> Request 3
855
(4, 1, 1)
2
(20, 49)
-> Request 4
900
(1, 1, 2)
1
(15, 53)
-> Request 5
990
(2, 1, 1)
2
(72, 58)
-> Request 6
1034
(3, 2, 2)
1
(79, 39)
-> Request 7
1086
(1, 3, 1)
2
(39, 64)
-> Request 8
1186
(4, 1, 2)
3
(46, 73)
-> Request 9
1403
(3, 3, 1)
3
(12, 49)
-> Request 10
1405
(2, 3, 2)
3
(47, 17)
--> Day : 2
-> Request 0
98
(4, 3, 2)
3
(23, 41)
-> Request 1
171
(2, 3, 1)
3
(1, 61)
-> Request 2
596
(4, 1, 2)
3
(9, 46)
-> Request 3
865
(2, 2, 2)
1
(71, 1)
-> Request 4
932
(1, 1, 1)
1
(14, 55)
-> Request 5
987
(4, 1, 2)
2
(14, 31)
-> Request 6
1054
(4, 2, 2)
3
(57, 64)
-> Request 7
1231
(4, 1, 2)
1
(60, 20)
--> Day : 3
-> Request 0
0
(4, 1, 2)
1
(57, 41)
-> Request 1
18
(2, 3, 2)
2
(44, 45)
-> Request 2
223
(4, 3, 2)
3
(17, 51)
-> Request 3
347
(4, 3, 2)
3
(33, 15)
-> Request 4
709
(1, 2, 2)
1
(11, 55)
-> Request 5
989
(3, 2, 1)
1
(77, 52)
-> Request 6
1307
(1, 3, 2)
2
(51, 70)
-> Request 7
1378
(2, 2, 2)
3
(6, 55)
--> Day : 4
-> Request 0
375
(3, 2, 1)
3
(55, 74)
-> Request 1
477
(2, 3, 1)
1
(32, 18)
-> Request 2
674
(2, 3, 2)
3
(5, 0)
-> Request 3
713
(2, 2, 1)
1
(67, 5)
-> Request 4
846
(4, 1, 2)
3
(58, 68)
-> Request 5
1106
(1, 1, 1)
1
(47, 9)
-> Request 6
1128
(1, 1, 1)
2
(28, 13)
-> Request 7
1292
(1, 2, 1)
1
(6, 71)
-> Request 8
1432
(1, 3, 2)
1
(79, 15)
---> Week : 17
--> Day : 0
-> Request 0
42
(1, 2, 2)
1
(15, 26)
-> Request 1
126
(3, 2, 1)
1
(69, 79)
-> Request 2
379
(2, 1, 2)
3
(37, 52)
-> Request 3
770
(1, 2, 1)
1
(3, 48)
-> Request 4
1042
(1, 2, 2)
2
(58, 15)
-> Request 5
1387
(2, 3, 2)
1
(76, 62)
-> Request 6
1396
(3, 2, 2)
1
(0, 73)
--> Day : 1
-> Request 0
194
(4, 2, 1)
3
(17, 7)
-> Request 1
747
(3, 3, 1)
2
(37, 63)
-> Request 2
1111
(2, 2, 1)
3
(66, 5)
--> Day : 2
-> Request 0
195
(2, 3, 2)
3
(58, 70)
-> Request 1
313
(1, 3, 1)
2
(13, 43)
-> Request 2
384
(3, 1, 1)
2
(13, 11)
-> Request 3
677
(4, 1, 1)
3
(10, 63)
-> Request 4
688
(2, 3, 2)
3
(26, 77)
-> Request 5
775
(1, 2, 1)
3
(45, 6)
-> Request 6
847
(1, 1, 2)
3
(8, 57)
-> Request 7
962
(4, 3, 2)
3
(59, 63)
-> Request 8
1028
(1, 2, 1)
2
(63, 8)
-> Request 9
1120
(1, 2, 1)
3
(74, 63)
--> Day : 3
-> Request 0
291
(4, 3, 2)
1
(36, 38)
-> Request 1
350
(1, 1, 1)
1
(14, 30)
-> Request 2
501
(4, 2, 2)
3
(62, 37)
-> Request 3
556
(3, 1, 2)
1
(18, 32)
-> Request 4
615
(4, 1, 1)
3
(12, 14)
-> Request 5
719
(2, 1, 2)
3
(19, 5)
-> Request 6
746
(2, 2, 1)
3
(10, 79)
-> Request 7
1026
(4, 3, 2)
1
(32, 63)
-> Request 8
1067
(1, 1, 1)
3
(64, 18)
-> Request 9
1155
(1, 2, 1)
3
(71, 75)
--> Day : 4
-> Request 0
161
(2, 3, 2)
2
(79, 69)
-> Request 1
249
(3, 2, 2)
2
(57, 37)
-> Request 2
334
(4, 3, 2)
3
(10, 0)
-> Request 3
439
(2, 1, 2)
2
(7, 37)
-> Request 4
493
(1, 3, 1)
1
(71, 3)
-> Request 5
661
(1, 2, 1)
1
(79, 50)
-> Request 6
764
(3, 1, 1)
3
(48, 2)
-> Request 7
886
(2, 3, 1)
1
(4, 74)
-> Request 8
928
(4, 3, 2)
1
(13, 51)
-> Request 9
973
(1, 1, 2)
1
(45, 20)
-> Request 10
990
(1, 3, 2)
1
(37, 24)
-> Request 11
1336
(4, 1, 1)
1
(24, 4)
---> Week : 18
--> Day : 0
-> Request 0
37
(3, 1, 1)
2
(13, 71)
-> Request 1
156
(4, 1, 1)
3
(61, 64)
-> Request 2
270
(3, 2, 2)
1
(21, 72)
-> Request 3
540
(3, 3, 1)
1
(10, 52)
-> Request 4
941
(4, 1, 2)
2
(50, 13)
-> Request 5
968
(2, 1, 2)
3
(9, 49)
-> Request 6
1003
(2, 2, 2)
2
(40, 20)
-> Request 7
1124
(3, 2, 2)
3
(31, 65)
-> Request 8
1386
(3, 3, 1)
2
(34, 20)
--> Day : 1
-> Request 0
491
(1, 3, 1)
3
(73, 18)
-> Request 1
710
(2, 3, 1)
2
(74, 77)
-> Request 2
769
(3, 2, 2)
2
(4, 38)
-> Request 3
859
(3, 1, 1)
3
(10, 49)
-> Request 4
1065
(4, 3, 2)
1
(47, 72)
-> Request 5
1108
(3, 1, 2)
3
(7, 51)
-> Request 6
1225
(2, 2, 2)
1
(40, 50)
-> Request 7
1267
(4, 3, 2)
3
(7, 55)
-> Request 8
1279
(3, 3, 2)
3
(72, 11)
-> Request 9
1412
(4, 2, 2)
1
(13, 50)
-> Request 10
1437
(4, 1, 2)
1
(35, 31)
--> Day : 2
-> Request 0
56
(3, 2, 2)
3
(34, 42)
-> Request 1
116
(4, 1, 2)
1
(56, 75)
-> Request 2
149
(4, 3, 1)
2
(49, 1)
-> Request 3
167
(2, 1, 1)
1
(48, 71)
-> Request 4
305
(1, 2, 2)
1
(9, 7)
-> Request 5
550
(3, 1, 1)
1
(3, 35)
-> Request 6
724
(4, 3, 2)
1
(28, 21)
-> Request 7
763
(2, 2, 2)
3
(46, 3)
-> Request 8
885
(4, 2, 1)
2
(22, 26)
-> Request 9
1073
(2, 3, 2)
1
(14, 28)
-> Request 10
1319
(1, 1, 2)
2
(57, 30)
-> Request 11
1421
(1, 2, 2)
1
(17, 14)
--> Day : 3
-> Request 0
303
(2, 2, 2)
3
(57, 51)
-> Request 1
476
(4, 1, 2)
2
(29, 27)
-> Request 2
482
(2, 1, 2)
3
(4, 37)
-> Request 3
672
(1, 1, 2)
1
(46, 14)
-> Request 4
878
(2, 2, 2)
3
(73, 23)
-> Request 5
946
(2, 3, 1)
2
(52, 37)
-> Request 6
1173
(3, 2, 2)
1
(35, 72)
--> Day : 4
-> Request 0
21
(3, 2, 2)
3
(6, 72)
-> Request 1
49
(1, 3, 1)
2
(24, 21)
-> Request 2
260
(2, 1, 2)
3
(78, 71)
-> Request 3
531
(3, 3, 2)
3
(37, 45)
-> Request 4
721
(3, 2, 1)
1
(27, 13)
-> Request 5
785
(2, 2, 1)
2
(31, 9)
-> Request 6
838
(4, 1, 2)
1
(58, 24)
-> Request 7
890
(3, 1, 1)
1
(11, 61)
-> Request 8
1035
(2, 2, 1)
3
(57, 26)
-> Request 9
1062
(3, 1, 2)
1
(5, 8)
-> Request 10
1182
(1, 3, 1)
1
(4, 0)
---> Week : 19
--> Day : 0
-> Request 0
77
(1, 1, 1)
3
(69, 72)
-> Request 1
615
(2, 3, 2)
1
(10, 22)
-> Request 2
934
(1, 2, 2)
2
(73, 4)
-> Request 3
1186
(1, 1, 1)
3
(69, 67)
-> Request 4
1438
(4, 2, 2)
3
(71, 29)
--> Day : 1
-> Request 0
262
(4, 1, 1)
3
(56, 64)
-> Request 1
455
(4, 3, 2)
3
(62, 46)
-> Request 2
455
(1, 2, 1)
2
(21, 27)
-> Request 3
534
(4, 2, 2)
1
(50, 11)
-> Request 4
536
(1, 2, 2)
2
(3, 18)
-> Request 5
579
(2, 3, 1)
1
(54, 35)
-> Request 6
818
(1, 1, 2)
1
(68, 37)
-> Request 7
1136
(3, 3, 2)
3
(38, 35)
-> Request 8
1139
(1, 3, 1)
3
(23, 46)
-> Request 9
1207
(3, 2, 2)
2
(78, 76)
-> Request 10
1377
(4, 1, 1)
3
(43, 39)
--> Day : 2
-> Request 0
116
(1, 1, 2)
2
(39, 19)
-> Request 1
311
(4, 3, 1)
2
(37, 68)
-> Request 2
671
(2, 3, 2)
2
(26, 61)
-> Request 3
1310
(4, 3, 1)
1
(8, 44)
--> Day : 3
-> Request 0
163
(2, 2, 2)
2
(50, 8)
-> Request 1
389
(2, 3, 1)
1
(64, 30)
-> Request 2
657
(1, 1, 1)
3
(11, 5)
-> Request 3
666
(3, 2, 1)
3
(55, 47)
-> Request 4
799
(2, 3, 1)
1
(36, 65)
-> Request 5
1373
(2, 3, 1)
1
(17, 13)
-> Request 6
1411
(2, 2, 1)
1
(35, 38)
--> Day : 4
-> Request 0
3
(2, 2, 2)
1
(17, 22)
-> Request 1
81
(2, 2, 2)
2
(4, 51)
-> Request 2
510
(4, 1, 2)
3
(23, 6)
-> Request 3
641
(3, 1, 1)
3
(34, 50)
-> Request 4
651
(4, 3, 1)
3
(59, 16)
-> Request 5
664
(2, 3, 1)
1
(32, 48)
-> Request 6
762
(3, 2, 2)
3
(5, 72)
-> Request 7
854
(3, 1, 2)
2
(63, 8)
-> Request 8
1040
(1, 3, 1)
3
(1, 24)
-> Request 9
1081
(2, 2, 1)
1
(44, 1)
-> Request 10
1314
(4, 3, 1)
2
(33, 52)
