---> Week : 0
--> Day : 0
-> Request 0
142
(3, 1, 2)
1
(23, 75)
-> Request 1
194
(1, 1, 1)
2
(79, 67)
-> Request 2
232
(2, 3, 2)
3
(1, 22)
-> Request 3
448
(2, 2, 1)
1
(24, 75)
-> Request 4
475
(1, 2, 1)
3
(41, 73)
-> Request 5
558
(1, 2, 2)
2
(14, 41)
-> Request 6
805
(2, 3, 1)
3
(47, 11)
-> Request 7
1016
(1, 2, 1)
1
(22, 78)
-> Request 8
1058
(2, 3, 2)
1
(29, 60)
-> Request 9
1087
(1, 1, 1)
2
(49, 54)
-> Request 10
1100
(2, 2, 2)
3
(61, 66)
-> Request 11
1180
(1, 2, 1)
3
(7, 60)
-> Request 12
1218
(4, 1, 2)
3
(72, 11)
-> Request 13
1341
(2, 3, 2)
3
(37, 23)
--> Day : 1
-> Request 0
416
(2, 3, 2)
3
(58, 3)
-> Request 1
467
(1, 3, 2)
1
(20, 53)
-> Request 2
509
(1, 1, 2)
2
(33, 11)
-> Request 3
561
(4, 3, 2)
3
(48, 22)
-> Request 4
563
(3, 3, 1)
1
(69, 45)
-> Request 5
637
(2, 1, 1)
1
(28, 3)
-> Request 6
1106
(2, 2, 1)
3
(17, 57)
-> Request 7
1300
(3, 2, 2)
3
(53, 56)
--> Day : 2
-> Request 0
8
(1, 2, 2)
3
(15, 52)
-> Request 1
132
(4, 2, 1)
1
(2, 4)
-> Request 2
202
(3, 2, 1)
3
(25, 44)
-> Request 3
237
(1, 2, 1)
1
(26, 22)
-> Request 4
248
(4, 2, 1)
3
(24, 69)
-> Request 5
282
(2, 2, 2)
2
(10, 36)
-> Request 6
514
(3, 1, 2)
2
(65, 47)
-> Request 7
546
(3, 2, 1)
2
(7, 23)
-> Request 8
576
(1, 3, 1)
2
(70, 6)
-> Request 9
593
(1, 3, 2)
1
(53, 38)
-> Request 10
614
(1, 1, 2)
1
(8, 67)
-> Request 11
753
(4, 3, 2)
3
(13, 12)
-> Request 12
761
(4, 2, 2)
1
(62, 27)
-> Request 13
789
(3, 1, 2)
2
(17, 6)
-> Request 14
966
(2, 1, 1)
1
(52, 39)
-> Request 15
1198
(3, 2, 2)
1
(49, 47)
--> Day : 3
-> Request 0
31
(3, 1, 1)
3
(0, 65)
-> Request 1
88
(4, 2, 2)
2
(2, 34)
-> Request 2
176
(2, 2, 2)
1
(10, 3)
-> Request 3
182
(2, 1, 2)
3
(20, 37)
-> Request 4
214
(3, 2, 2)
3
(51, 19)
-> Request 5
216
(2, 2, 1)
1
(54, 78)
-> Request 6
221
(1, 3, 2)
1
(67, 26)
-> Request 7
284
(3, 1, 2)
2
(69, 33)
-> Request 8
309
(4, 3, 1)
3
(37, 63)
-> Request 9
693
(2, 3, 2)
3
(18, 61)
-> Request 10
743
(1, 2, 1)
3
(1, 45)
-> Request 11
851
(4, 2, 2)
1
(29, 64)
-> Request 12
911
(4, 1, 1)
2
(26, 24)
-> Request 13
1093
(3, 1, 1)
3
(61, 12)
-> Request 14
1332
(4, 1, 2)
3
(32, 61)
-> Request 15
1419
(3, 2, 2)
1
(72, 50)
--> Day : 4
-> Request 0
116
(4, 1, 1)
2
(62, 61)
-> Request 1
217
(1, 2, 2)
3
(44, 75)
-> Request 2
744
(1, 3, 1)
2
(60, 49)
-> Request 3
744
(1, 3, 1)
1
(78, 16)
-> Request 4
890
(3, 3, 1)
1
(32, 6)
-> Request 5
954
(1, 1, 1)
3
(37, 64)
-> Request 6
1168
(3, 1, 1)
1
(28, 42)
-> Request 7
1360
(3, 2, 2)
1
(34, 61)
---> Week : 1
--> Day : 0
-> Request 0
128
(1, 1, 2)
1
(43, 55)
-> Request 1
470
(1, 3, 1)
3
(66, 74)
-> Request 2
554
(4, 3, 2)
2
(31, 60)
-> Request 3
678
(4, 2, 1)
2
(46, 6)
-> Request 4
951
(4, 2, 1)
3
(10, 29)
-> Request 5
1073
(3, 3, 1)
3
(56, 18)
-> Request 6
1146
(4, 1, 1)
3
(11, 74)
-> Request 7
1171
(2, 2, 1)
2
(39, 78)
--> Day : 1
-> Request 0
42
(3, 2, 2)
2
(37, 16)
-> Request 1
150
(4, 3, 1)
1
(36, 31)
-> Request 2
157
(3, 1, 2)
2
(46, 26)
-> Request 3
243
(1, 3, 2)
1
(29, 79)
-> Request 4
455
(3, 2, 2)
2
(30, 67)
-> Request 5
662
(3, 2, 2)
2
(32, 16)
-> Request 6
699
(2, 2, 1)
1
(77, 70)
-> Request 7
746
(4, 2, 2)
3
(33, 7)
-> Request 8
821
(4, 3, 1)
1
(29, 13)
-> Request 9
1033
(4, 1, 2)
2
(10, 56)
-> Request 10
1092
(2, 3, 1)
2
(61, 51)
--> Day : 2
-> Request 0
104
(1, 2, 2)
2
(74, 24)
-> Request 1
262
(2, 3, 1)
2
(64, 73)
-> Request 2
342
(4, 1, 2)
2
(44, 2)
-> Request 3
728
(2, 1, 2)
3
(42, 56)
-> Request 4
756
(4, 2, 2)
2
(36, 70)
-> Request 5
764
(4, 2, 2)
3
(24, 39)
--> Day : 3
-> Request 0
226
(2, 1, 2)
2
(20, 51)
-> Request 1
326
(2, 3, 2)
1
(12, 70)
-> Request 2
332
(2, 3, 2)
2
(20, 26)
-> Request 3
339
(3, 1, 1)
3
(7, 11)
-> Request 4
527
(4, 2, 1)
2
(46, 65)
-> Request 5
718
(2, 1, 1)
3
(20, 66)
-> Request 6
948
(2, 2, 1)
3
(2, 1)
-> Request 7
1204
(3, 2, 1)
2
(37, 56)
-> Request 8
1301
(3, 1, 2)
3
(37, 10)
-> Request 9
1373
(2, 2, 1)
2
(62, 45)
-> Request 10
1438
(3, 2, 1)
2
(69, 9)
--> Day : 4
-> Request 0
85
(4, 2, 2)
1
(16, 25)
-> Request 1
115
(3, 3, 2)
1
(74, 53)
-> Request 2
219
(4, 1, 2)
1
(41, 60)
-> Request 3
399
(1, 2, 2)
3
(60, 6)
-> Request 4
434
(3, 1, 2)
3
(34, 58)
-> Request 5
438
(4, 2, 1)
2
(30, 18)
-> Request 6
1033
(2, 2, 1)
1
(22, 0)
-> Request 7
1166
(2, 1, 1)
1
(74, 50)
---> Week : 2
--> Day : 0
-> Request 0
10
(4, 2, 1)
2
(68, 48)
-> Request 1
42
(4, 1, 2)
2
(21, 26)
-> Request 2
320
(3, 2, 1)
3
(19, 24)
-> Request 3
380
(3, 3, 2)
1
(63, 48)
-> Request 4
384
(3, 2, 1)
2
(36, 65)
-> Request 5
394
(4, 2, 2)
2
(30, 49)
-> Request 6
474
(3, 1, 2)
1
(62, 22)
-> Request 7
477
(1, 1, 2)
2
(40, 68)
-> Request 8
548
(2, 1, 2)
3
(78, 65)
-> Request 9
588
(4, 1, 2)
3
(11, 2)
-> Request 10
617
(2, 2, 2)
3
(41, 10)
-> Request 11
666
(3, 2, 1)
2
(64, 51)
-> Request 12
815
(4, 2, 1)
3
(0, 20)
-> Request 13
960
(2, 2, 1)
2
(26, 35)
-> Request 14
1261
(4, 1, 1)
1
(6, 39)
-> Request 15
1376
(2, 3, 2)
3
(13, 75)
--> Day : 1
-> Request 0
397
(2, 3, 2)
1
(1, 45)
-> Request 1
442
(2, 3, 2)
2
(44, 25)
-> Request 2
720
(1, 1, 1)
2
(59, 6)
-> Request 3
895
(1, 3, 2)
1
(47, 27)
-> Request 4
910
(2, 3, 1)
1
(63, 22)
-> Request 5
914
(4, 3, 1)
3
(8, 73)
-> Request 6
925
(1, 1, 2)
1
(48, 73)
-> Request 7
989
(4, 1, 2)
3
(50, 47)
-> Request 8
1135
(4, 2, 2)
1
(3, 64)
-> Request 9
1195
(2, 3, 2)
3
(55, 36)
-> Request 10
1232
(4, 2, 2)
2
(48, 1)
--> Day : 2
-> Request 0
557
(4, 3, 2)
1
(9, 73)
-> Request 1
578
(2, 2, 2)
3
(36, 8)
-> Request 2
579
(1, 3, 1)
1
(11, 44)
-> Request 3
599
(4, 2, 2)
3
(65, 75)
-> Request 4
612
(4, 2, 1)
3
(70, 10)
-> Request 5
765
(4, 1, 2)
3
(38, 18)
-> Request 6
985
(2, 1, 2)
3
(55, 45)
-> Request 7
998
(4, 3, 2)
1
(2, 56)
--> Day : 3
-> Request 0
97
(3, 1, 2)
1
(72, 69)
-> Request 1
126
(2, 3, 1)
1
(75, 19)
-> Request 2
140
(2, 2, 2)
2
(9, 21)
-> Request 3
1050
(4, 1, 2)
1
(37, 47)
-> Request 4
1148
(1, 2, 1)
2
(1, 64)
-> Request 5
1409
(2, 1, 1)
3
(12, 21)
--> Day : 4
-> Request 0
79
(3, 2, 1)
3
(79, 64)
-> Request 1
347
(4, 3, 2)
2
(63, 20)
-> Request 2
725
(2, 2, 1)
2
(18, 72)
-> Request 3
794
(4, 1, 1)
1
(46, 23)
-> Request 4
918
(3, 3, 2)
2
(3, 32)
-> Request 5
938
(1, 3, 1)
1
(49, 77)
-> Request 6
942
(4, 3, 2)
3
(29, 15)
-> Request 7
1024
(2, 1, 2)
1
(14, 73)
-> Request 8
1162
(2, 3, 2)
3
(24, 69)
-> Request 9
1235
(1, 3, 1)
2
(62, 73)
-> Request 10
1286
(1, 3, 2)
1
(7, 39)
-> Request 11
1374
(1, 2, 2)
3
(8, 8)
---> Week : 3
--> Day : 0
-> Request 0
117
(4, 1, 1)
2
(16, 59)
-> Request 1
226
(3, 2, 1)
2
(12, 47)
-> Request 2
303
(2, 2, 2)
1
(15, 21)
-> Request 3
305
(1, 1, 1)
3
(71, 55)
-> Request 4
306
(3, 2, 2)
1
(49, 61)
-> Request 5
530
(2, 3, 1)
1
(40, 22)
-> Request 6
608
(3, 1, 1)
1
(61, 68)
-> Request 7
854
(2, 2, 1)
3
(2, 55)
-> Request 8
1000
(2, 1, 1)
1
(35, 27)
-> Request 9
1195
(3, 3, 1)
2
(58, 50)
-> Request 10
1261
(1, 1, 1)
2
(37, 6)
--> Day : 1
-> Request 0
293
(4, 1, 2)
2
(11, 17)
-> Request 1
339
(2, 3, 2)
3
(25, 71)
-> Request 2
451
(1, 1, 1)
3
(10, 42)
-> Request 3
478
(2, 1, 1)
2
(25, 43)
-> Request 4
576
(2, 3, 2)
1
(26, 69)
-> Request 5
670
(4, 3, 2)
1
(55, 10)
-> Request 6
884
(4, 2, 2)
2
(3, 41)
-> Request 7
1132
(1, 2, 2)
2
(51, 63)
-> Request 8
1151
(2, 2, 2)
1
(1, 41)
-> Request 9
1378
(4, 2, 2)
1
(56, 59)
--> Day : 2
-> Request 0
110
(2, 2, 1)
3
(9, 43)
-> Request 1
389
(1, 2, 1)
2
(49, 63)
-> Request 2
490
(2, 3, 1)
1
(65, 1)
-> Request 3
568
(3, 1, 1)
3
(51, 44)
-> Request 4
628
(1, 3, 1)
2
(54, 47)
-> Request 5
1002
(3, 2, 2)
1
(32, 37)
-> Request 6
1095
(1, 2, 2)
3
(41, 21)
-> Request 7
1255
(3, 1, 1)
1
(79, 52)
-> Request 8
1399
(2, 1, 1)
2
(29, 68)
-> Request 9
1414
(1, 2, 2)
3
(35, 49)
--> Day : 3
-> Request 0
33
(1, 1, 1)
3
(3, 4)
-> Request 1
304
(3, 2, 2)
1
(48, 30)
-> Request 2
501
(3, 1, 1)
1
(17, 63)
-> Request 3
711
(2, 3, 1)
1
(51, 65)
-> Request 4
934
(3, 3, 2)
1
(43, 18)
-> Request 5
975
(2, 2, 1)
1
(0, 20)
-> Request 6
1072
(2, 3, 2)
1
(33, 79)
-> Request 7
1126
(1, 2, 2)
2
(21, 2)
-> Request 8
1126
(2, 3, 1)
1
(20, 31)
-> Request 9
1342
(3, 2, 1)
2
(38, 66)
--> Day : 4
-> Request 0
191
(2, 2, 2)
2
(24, 61)
-> Request 1
306
(2, 1, 2)
2
(26, 65)
-> Request 2
457
(3, 2, 2)
2
(52, 46)
-> Request 3
555
(1, 2, 1)
1
(0, 29)
-> Request 4
594
(1, 3, 2)
1
(51, 42)
-> Request 5
645
(1, 3, 1)
2
(74, 42)
-> Request 6
947
(2, 3, 2)
2
(23, 3)
-> Request 7
1434
(1, 2, 2)
2
(5, 34)
---> Week : 4
--> Day : 0
-> Request 0
217
(3, 2, 2)
3
(13, 7)
-> Request 1
278
(2, 1, 1)
1
(52, 73)
-> Request 2
369
(1, 1, 1)
2
(3, 24)
-> Request 3
441
(4, 1, 1)
2
(60, 72)
-> Request 4
504
(1, 2, 2)
1
(73, 74)
-> Request 5
565
(3, 2, 1)
1
(28, 44)
-> Request 6
612
(3, 2, 2)
3
(38, 14)
-> Request 7
688
(4, 1, 2)
2
(27, 15)
-> Request 8
709
(1, 1, 2)
1
(55, 34)
-> Request 9
783
(2, 2, 2)
1
(14, 44)
-> Request 10
1139
(2, 2, 1)
1
(71, 42)
-> Request 11
1148
(4, 1, 1)
2
(39, 64)
-> Request 12
1236
(2, 2, 1)
3
(13, 29)
--> Day : 1
-> Request 0
193
(3, 2, 1)
2
(29, 58)
-> Request 1
207
(4, 1, 2)
2
(28, 26)
-> Request 2
369
(4, 2, 1)
1
(76, 16)
-> Request 3
392
(2, 1, 2)
3
(57, 28)
-> Request 4
661
(2, 2, 2)
3
(42, 0)
-> Request 5
1184
(2, 1, 2)
3
(48, 36)
-> Request 6
1299
(3, 2, 2)
2
(76, 50)
--> Day : 2
-> Request 0
263
(2, 1, 1)
2
(30, 73)
-> Request 1
300
(1, 3, 2)
1
(9, 71)
-> Request 2
572
(4, 3, 1)
1
(31, 33)
-> Request 3
945
(4, 1, 1)
2
(69, 53)
-> Request 4
982
(1, 3, 2)
1
(73, 26)
-> Request 5
1355
(2, 3, 1)
3
(64, 27)
-> Request 6
1396
(1, 2, 2)
1
(10, 35)
--> Day : 3
-> Request 0
128
(3, 3, 1)
1
(56, 21)
-> Request 1
133
(2, 1, 2)
2
(38, 70)
-> Request 2
340
(2, 2, 2)
1
(66, 15)
-> Request 3
384
(3, 3, 1)
3
(65, 20)
-> Request 4
966
(3, 2, 1)
1
(71, 59)
-> Request 5
1366
(1, 2, 1)
2
(26, 78)
--> Day : 4
-> Request 0
91
(1, 1, 1)
2
(73, 76)
-> Request 1
145
(3, 1, 2)
2
(6, 0)
-> Request 2
603
(3, 3, 2)
3
(8, 10)
-> Request 3
800
(2, 1, 1)
2
(68, 71)
-> Request 4
919
(1, 2, 2)
1
(52, 35)
-> Request 5
1055
(2, 3, 2)
3
(23, 37)
-> Request 6
1207
(3, 1, 1)
3
(77, 60)
-> Request 7
1228
(2, 2, 1)
2
(1, 63)
-> Request 8
1291
(3, 3, 2)
1
(64, 63)
-> Request 9
1324
(4, 1, 1)
1
(32, 10)
---> Week : 5
--> Day : 0
-> Request 0
517
(3, 3, 1)
1
(67, 0)
-> Request 1
524
(2, 3, 1)
1
(79, 26)
-> Request 2
661
(1, 3, 1)
2
(79, 3)
-> Request 3
692
(2, 2, 2)
1
(6, 73)
-> Request 4
866
(1, 2, 2)
2
(41, 32)
-> Request 5
993
(1, 2, 1)
1
(9, 66)
-> Request 6
1165
(4, 3, 2)
1
(0, 79)
--> Day : 1
-> Request 0
58
(3, 1, 1)
3
(3, 24)
-> Request 1
170
(1, 1, 2)
2
(15, 66)
-> Request 2
371
(3, 3, 1)
1
(20, 73)
-> Request 3
403
(3, 3, 1)
2
(10, 8)
-> Request 4
403
(4, 3, 1)
1
(1, 22)
-> Request 5
417
(1, 3, 1)
2
(3, 75)
-> Request 6
442
(3, 1, 1)
2
(4, 23)
-> Request 7
461
(4, 2, 2)
1
(64, 48)
-> Request 8
482
(1, 1, 1)
1
(22, 63)
-> Request 9
567
(2, 3, 1)
1
(25, 60)
-> Request 10
580
(4, 1, 1)
1
(50, 64)
-> Request 11
858
(4, 1, 1)
1
(25, 6)
-> Request 12
993
(1, 2, 1)
3
(29, 26)
--> Day : 2
-> Request 0
260
(1, 3, 1)
3
(54, 9)
-> Request 1
368
(2, 1, 1)
1
(73, 65)
-> Request 2
490
(1, 1, 1)
3
(0, 13)
-> Request 3
642
(3, 2, 1)
3
(67, 25)
-> Request 4
750
(4, 2, 1)
1
(21, 4)
-> Request 5
880
(1, 3, 2)
3
(18, 41)
-> Request 6
945
(4, 1, 1)
2
(59, 43)
-> Request 7
1405
(2, 1, 1)
2
(74, 23)
--> Day : 3
-> Request 0
248
(3, 1, 2)
2
(8, 41)
-> Request 1
527
(4, 1, 2)
2
(64, 35)
-> Request 2
898
(1, 1, 2)
2
(79, 1)
-> Request 3
944
(4, 1, 2)
2
(39, 52)
-> Request 4
1170
(1, 3, 1)
2
(3, 65)
-> Request 5
1356
(2, 3, 1)
1
(26, 23)
--> Day : 4
-> Request 0
159
(4, 2, 1)
1
(22, 37)
-> Request 1
202
(4, 1, 1)
2
(4, 60)
-> Request 2
213
(1, 1, 2)
2
(40, 60)
-> Request 3
478
(4, 2, 2)
1
(30, 70)
-> Request 4
562
(3, 2, 2)
3
(67, 65)
-> Request 5
638
(1, 1, 1)
2
(48, 51)
-> Request 6
820
(1, 1, 2)
1
(55, 76)
-> Request 7
957
(2, 1, 1)
2
(43, 35)
-> Request 8
1124
(1, 3, 1)
1
(16, 63)
-> Request 9
1136
(1, 1, 1)
3
(39, 52)
-> Request 10
1159
(1, 1, 2)
1
(40, 41)
-> Request 11
1221
(2, 2, 1)
1
(41, 41)
-> Request 12
1307
(4, 1, 2)
1
(54, 71)
---> Week : 6
--> Day : 0
-> Request 0
16
(3, 3, 1)
3
(29, 66)
-> Request 1
206
(4, 2, 1)
3
(56, 4)
-> Request 2
237
(4, 2, 1)
1
(3, 72)
-> Request 3
379
(4, 1, 1)
2
(67, 7)
-> Request 4
486
(1, 2, 1)
3
(9, 13)
-> Request 5
611
(3, 3, 1)
3
(20, 38)
-> Request 6
1011
(1, 2, 1)
1
(12, 75)
-> Request 7
1088
(3, 1, 1)
2
(10, 47)
-> Request 8
1234
(2, 2, 1)
2
(46, 63)
-> Request 9
1344
(2, 1, 1)
3
(49, 53)
--> Day : 1
-> Request 0
243
(3, 3, 1)
2
(71, 49)
-> Request 1
359
(2, 1, 1)
1
(49, 56)
-> Request 2
481
(4, 2, 2)
2
(0, 44)
-> Request 3
559
(1, 2, 1)
3
(67, 11)
-> Request 4
746
(2, 3, 1)
1
(6, 59)
-> Request 5
1081
(2, 1, 1)
3
(40, 66)
-> Request 6
1159
(4, 2, 2)
2
(72, 29)
-> Request 7
1188
(1, 1, 1)
3
(47, 50)
-> Request 8
1251
(1, 3, 1)
3
(20, 67)
-> Request 9
1312
(2, 1, 2)
3
(32, 48)
-> Request 10
1341
(2, 3, 1)
3
(76, 69)
--> Day : 2
-> Request 0
105
(2, 3, 2)
2
(21, 33)
-> Request 1
228
(4, 2, 1)
2
(35, 4)
-> Request 2
259
(3, 3, 2)
2
(68, 73)
-> Request 3
422
(2, 2, 2)
2
(49, 64)
-> Request 4
685
(3, 2, 1)
2
(25, 13)
-> Request 5
788
(2, 2, 1)
1
(64, 7)
-> Request 6
1039
(3, 2, 1)
3
(75, 67)
-> Request 7
1189
(3, 2, 2)
2
(54, 39)
-> Request 8
1397
(4, 3, 1)
3
(78, 26)
--> Day : 3
-> Request 0
0
(2, 2, 2)
3
(52, 13)
-> Request 1
138
(4, 2, 2)
2
(6, 28)
-> Request 2
349
(2, 1, 2)
3
(18, 76)
-> Request 3
542
(3, 3, 1)
1
(73, 56)
-> Request 4
611
(1, 3, 1)
1
(71, 19)
-> Request 5
729
(1, 1, 1)
1
(62, 34)
-> Request 6
999
(4, 3, 2)
1
(65, 35)
-> Request 7
1385
(3, 2, 2)
2
(69, 42)
--> Day : 4
-> Request 0
87
(2, 1, 2)
3
(18, 2)
-> Request 1
420
(3, 1, 2)
2
(10, 59)
-> Request 2
862
(1, 3, 2)
3
(77, 13)
-> Request 3
1011
(4, 2, 2)
2
(37, 3)
-> Request 4
1159
(4, 2, 1)
1
(79, 45)
-> Request 5
1358
(1, 1, 1)
1
(23, 59)
---> Week : 7
--> Day : 0
-> Request 0
33
(4, 1, 1)
3
(29, 0)
-> Request 1
63
(3, 2, 1)
2
(5, 46)
-> Request 2
163
(3, 3, 2)
1
(39, 52)
-> Request 3
212
(4, 1, 1)
1
(8, 5)
-> Request 4
236
(4, 3, 2)
2
(7, 78)
-> Request 5
258
(3, 1, 2)
3
(16, 15)
-> Request 6
702
(2, 3, 2)
1
(73, 29)
-> Request 7
1095
(1, 2, 1)
2
(79, 31)
-> Request 8
1437
(4, 2, 2)
1
(56, 21)
--> Day : 1
-> Request 0
194
(2, 1, 2)
3
(14, 68)
-> Request 1
277
(3, 3, 1)
2
(52, 72)
-> Request 2
439
(4, 3, 2)
1
(40, 79)
-> Request 3
718
(4, 1, 1)
1
(16, 31)
--> Day : 2
-> Request 0
11
(4, 1, 1)
2
(20, 13)
-> Request 1
307
(3, 2, 2)
1
(24, 36)
-> Request 2
405
(2, 3, 2)
1
(41, 49)
-> Request 3
488
(2, 2, 2)
2
(69, 51)
-> Request 4
618
(3, 1, 1)
3
(31, 69)
-> Request 5
842
(3, 3, 2)
1
(44, 57)
-> Request 6
990
(3, 3, 1)
1
(11, 30)
-> Request 7
994
(4, 1, 2)
3
(13, 21)
-> Request 8
1011
(1, 1, 2)
3
(79, 60)
-> Request 9
1149
(3, 3, 1)
1
(21, 32)
-> Request 10
1301
(4, 1, 2)
2
(26, 9)
-> Request 11
1419
(3, 3, 1)
1
(16, 7)
-> Request 12
1425
(4, 2, 1)
3
(55, 15)
-> Request 13
1432
(2, 1, 2)
1
(7, 63)
--> Day : 3
-> Request 0
128
(3, 1, 2)
1
(36, 19)
-> Request 1
373
(3, 3, 2)
3
(44, 45)
-> Request 2
543
(3, 1, 2)
2
(75, 52)
-> Request 3
994
(4, 1, 1)
2
(75, 45)
--> Day : 4
-> Request 0
433
(4, 2, 1)
1
(24, 72)
-> Request 1
569
(3, 1, 1)
1
(7, 56)
-> Request 2
850
(2, 2, 1)
2
(38, 19)
-> Request 3
1197
(1, 2, 2)
2
(20, 77)
-> Request 4
1307
(1, 1, 1)
3
(16, 62)
---> Week : 8
--> Day : 0
-> Request 0
17
(1, 3, 1)
2
(78, 63)
-> Request 1
286
(1, 1, 2)
1
(59, 53)
-> Request 2
322
(3, 3, 1)
2
(2, 71)
-> Request 3
490
(2, 3, 2)
2
(47, 20)
-> Request 4
654
(1, 1, 2)
3
(43, 66)
-> Request 5
659
(1, 2, 1)
2
(78, 64)
-> Request 6
664
(4, 3, 2)
1
(6, 70)
-> Request 7
878
(1, 2, 1)
2
(71, 30)
-> Request 8
1165
(2, 1, 1)
3
(3, 74)
-> Request 9
1362
(3, 1, 1)
2
(57, 42)
--> Day : 1
-> Request 0
877
(3, 3, 2)
1
(19, 50)
-> Request 1
919
(4, 3, 1)
1
(72, 59)
-> Request 2
920
(4, 1, 1)
3
(7, 79)
-> Request 3
1006
(4, 1, 2)
2
(1, 19)
-> Request 4
1145
(3, 2, 2)
1
(65, 51)
-> Request 5
1242
(2, 1, 1)
3
(25, 77)
-> Request 6
1264
(3, 2, 2)
3
(71, 25)
-> Request 7
1351
(1, 2, 2)
3
(56, 31)
-> Request 8
1382
(2, 2, 1)
2
(63, 9)
--> Day : 2
-> Request 0
273
(4, 3, 1)
3
(39, 73)
-> Request 1
364
(4, 1, 1)
2
(51, 62)
-> Request 2
402
(2, 3, 2)
2
(58, 54)
-> Request 3
467
(3, 1, 2)
2
(60, 0)
-> Request 4
793
(2, 2, 2)
1
(16, 12)
-> Request 5
1246
(2, 3, 2)
3
(7, 17)
--> Day : 3
-> Request 0
78
(2, 3, 1)
3
(53, 71)
-> Request 1
243
(3, 3, 1)
1
(66, 8)
-> Request 2
537
(1, 2, 2)
2
(61, 15)
-> Request 3
1193
(1, 1, 2)
2
(78, 52)
-> Request 4
1360
(3, 2, 2)
2
(69, 61)
--> Day : 4
-> Request 0
95
(2, 3, 2)
3
(75, 23)
-> Request 1
108
(4, 3, 2)
2
(31, 57)
-> Request 2
236
(1, 3, 2)
1
(35, 46)
-> Request 3
427
(1, 3, 2)
1
(64, 2)
-> Request 4
491
(2, 1, 1)
1
(48, 36)
-> Request 5
678
(2, 3, 1)
2
(17, 76)
-> Request 6
709
(1, 2, 2)
2
(44, 62)
-> Request 7
763
(4, 3, 1)
3
(64, 62)
-> Request 8
961
(1, 1, 1)
2
(35, 5)
-> Request 9
1056
(1, 1, 1)
1
(70, 68)
-> Request 10
1062
(3, 2, 2)
1
(46, 22)
-> Request 11
1130
(4, 2, 1)
1
(57, 3)
-> Request 12
1167
(2, 3, 2)
1
(61, 9)
---> Week : 9
--> Day : 0
-> Request 0
128
(2, 3, 2)
1
(15, 60)
-> Request 1
317
(2, 2, 1)
2
(45, 31)
-> Request 2
448
(2, 1, 2)
3
(26, 41)
-> Request 3
507
(4, 2, 1)
3
(51, 72)
-> Request 4
702
(3, 1, 1)
2
(19, 30)
-> Request 5
792
(2, 2, 1)
3
(77, 5)
-> Request 6
847
(4, 1, 2)
2
(30, 10)
-> Request 7
888
(4, 3, 2)
2
(54, 19)
-> Request 8
990
(1, 2, 1)
3
(13, 21)
--> Day : 1
-> Request 0
190
(1, 2, 2)
1
(18, 29)
-> Request 1
267
(4, 1, 1)
2
(42, 74)
-> Request 2
326
(3, 1, 2)
1
(8, 43)
-> Request 3
672
(4, 1, 1)
3
(28, 53)
-> Request 4
894
(2, 3, 2)
2
(10, 30)
-> Request 5
1136
(3, 3, 1)
3
(48, 45)
-> Request 6
1318
(3, 1, 2)
2
(61, 38)
--> Day : 2
-> Request 0
250
(2, 1, 1)
1
(59, 39)
-> Request 1
398
(3, 3, 1)
2
(78, 75)
-> Request 2
709
(2, 1, 2)
2
(37, 69)
-> Request 3
756
(1, 3, 1)
1
(22, 49)
-> Request 4
908
(1, 3, 1)
2
(21, 39)
-> Request 5
1030
(4, 1, 2)
1
(40, 3)
-> Request 6
1169
(4, 1, 2)
2
(21, 60)
--> Day : 3
-> Request 0
1
(4, 2, 2)
3
(26, 45)
-> Request 1
5
(1, 1, 1)
3
(26, 78)
-> Request 2
351
(1, 1, 1)
3
(61, 36)
-> Request 3
365
(1, 2, 1)
3
(66, 5)
-> Request 4
746
(4, 1, 2)
3
(23, 43)
-> Request 5
797
(4, 2, 1)
2
(63, 39)
-> Request 6
799
(2, 2, 2)
3
(4, 16)
-> Request 7
1012
(1, 1, 1)
1
(58, 21)
-> Request 8
1046
(4, 1, 1)
1
(35, 21)
-> Request 9
1127
(1, 3, 1)
1
(16, 9)
-> Request 10
1168
(4, 3, 2)
3
(55, 3)
-> Request 11
1270
(4, 1, 2)
2
(45, 48)
--> Day : 4
-> Request 0
11
(1, 3, 2)
1
(14, 8)
-> Request 1
30
(2, 2, 1)
1
(66, 53)
-> Request 2
163
(3, 2, 2)
1
(52, 41)
-> Request 3
267
(1, 3, 2)
1
(69, 7)
-> Request 4
765
(4, 3, 2)
2
(4, 61)
-> Request 5
861
(4, 1, 1)
2
(8, 11)
-> Request 6
1011
(4, 2, 2)
3
(59, 76)
-> Request 7
1147
(1, 1, 2)
1
(44, 57)
-> Request 8
1225
(3, 3, 2)
2
(52, 63)
-> Request 9
1406
(1, 2, 1)
1
(43, 48)
---> Week : 10
--> Day : 0
-> Request 0
324
(4, 1, 2)
3
(12, 8)
-> Request 1
336
(2, 3, 1)
1
(25, 31)
-> Request 2
522
(1, 2, 1)
2
(64, 39)
-> Request 3
553
(4, 1, 2)
2
(32, 16)
-> Request 4
998
(4, 3, 2)
2
(38, 50)
-> Request 5
1129
(3, 1, 1)
3
(51, 6)
--> Day : 1
-> Request 0
83
(3, 1, 2)
3
(60, 60)
-> Request 1
304
(2, 1, 2)
1
(50, 11)
-> Request 2
598
(3, 2, 1)
3
(62, 15)
-> Request 3
730
(1, 3, 1)
2
(76, 12)
-> Request 4
754
(1, 1, 2)
2
(33, 5)
-> Request 5
758
(2, 2, 2)
3
(18, 39)
-> Request 6
779
(3, 1, 1)
2
(65, 13)
-> Request 7
793
(1, 3, 2)
1
(66, 63)
-> Request 8
1375
(2, 3, 2)
1
(71, 21)
-> Request 9
1403
(3, 2, 1)
2
(47, 13)
--> Day : 2
-> Request 0
91
(3, 3, 2)
3
(32, 67)
-> Request 1
332
(3, 2, 2)
2
(48, 49)
-> Request 2
432
(2, 1, 2)
3
(66, 77)
-> Request 3
450
(3, 1, 2)
2
(4, 48)
-> Request 4
587
(4, 2, 1)
3
(0, 38)
-> Request 5
591
(3, 3, 1)
3
(33, 3)
-> Request 6
856
(4, 3, 1)
2
(17, 75)
-> Request 7
928
(1, 3, 1)
2
(27, 32)
-> Request 8
1200
(2, 3, 2)
1
(22, 34)
-> Request 9
1332
(1, 2, 1)
1
(10, 62)
-> Request 10
1417
(4, 1, 2)
2
(79, 17)
--> Day : 3
-> Request 0
109
(1, 2, 1)
2
(57, 33)
-> Request 1
166
(3, 3, 2)
2
(46, 58)
-> Request 2
214
(4, 1, 2)
1
(52, 24)
-> Request 3
305
(2, 1, 1)
2
(72, 62)
-> Request 4
417
(4, 3, 1)
2
(56, 52)
-> Request 5
585
(3, 1, 2)
1
(76, 24)
-> Request 6
892
(1, 3, 2)
2
(26, 44)
-> Request 7
943
(2, 3, 1)
3
(32, 55)
-> Request 8
1124
(1, 3, 1)
2
(1, 55)
--> Day : 4
-> Request 0
207
(2, 2, 2)
1
(18, 4)
-> Request 1
241
(1, 1, 2)
3
(76, 27)
-> Request 2
277
(1, 2, 1)
3
(45, 2)
-> Request 3
344
(1, 2, 1)
3
(61, 21)
-> Request 4
357
(3, 3, 1)
3
(49, 9)
-> Request 5
362
(3, 3, 2)
2
(28, 35)
-> Request 6
596
(3, 3, 2)
1
(4, 33)
-> Request 7
688
(2, 2, 1)
3
(56, 0)
-> Request 8
799
(1, 1, 2)
2
(50, 53)
-> Request 9
1094
(4, 2, 2)
2
(3, 35)
-> Request 10
1229
(4, 3, 1)
1
(42, 79)
-> Request 11
1344
(3, 3, 1)
2
(20, 5)
---> Week : 11
--> Day : 0
-> Request 0
56
(2, 3, 1)
2
(54, 68)
-> Request 1
145
(3, 1, 2)
2
(44, 7)
-> Request 2
190
(3, 1, 2)
3
(49, 28)
-> Request 3
696
(3, 1, 2)
1
(45, 68)
-> Request 4
841
(3, 1, 2)
3
(15, 55)
-> Request 5
893
(3, 3, 1)
1
(71, 68)
-> Request 6
1010
(2, 3, 1)
3
(40, 72)
-> Request 7
1061
(1, 1, 1)
3
(75, 57)
-> Request 8
1071
(3, 2, 2)
2
(30, 16)
-> Request 9
1206
(3, 1, 1)
3
(43, 64)
-> Request 10
1367
(1, 3, 2)
1
(26, 78)
-> Request 11
1429
(1, 3, 2)
1
(25, 7)
--> Day : 1
-> Request 0
20
(4, 2, 2)
1
(29, 17)
-> Request 1
432
(1, 1, 1)
2
(68, 41)
-> Request 2
731
(4, 3, 2)
1
(6, 38)
-> Request 3
819
(4, 3, 2)
1
(72, 76)
-> Request 4
852
(4, 3, 1)
2
(51, 57)
-> Request 5
1038
(1, 2, 1)
1
(18, 37)
-> Request 6
1108
(3, 1, 1)
2
(69, 26)
-> Request 7
1196
(4, 2, 1)
2
(66, 44)
-> Request 8
1211
(4, 1, 1)
3
(61, 43)
-> Request 9
1305
(1, 1, 1)
1
(40, 58)
--> Day : 2
-> Request 0
9
(1, 3, 1)
2
(62, 79)
-> Request 1
211
(2, 1, 1)
3
(5, 6)
-> Request 2
238
(2, 1, 2)
1
(58, 45)
-> Request 3
421
(4, 1, 1)
2
(48, 38)
-> Request 4
793
(4, 2, 2)
3
(9, 78)
-> Request 5
898
(4, 1, 1)
3
(52, 74)
-> Request 6
1062
(2, 2, 2)
2
(55, 79)
-> Request 7
1314
(4, 1, 2)
1
(47, 49)
--> Day : 3
-> Request 0
165
(3, 3, 2)
1
(33, 10)
-> Request 1
338
(1, 1, 1)
2
(41, 65)
-> Request 2
615
(2, 3, 2)
2
(57, 70)
-> Request 3
1165
(4, 2, 1)
1
(72, 55)
-> Request 4
1180
(4, 3, 1)
2
(0, 62)
-> Request 5
1223
(2, 2, 2)
3
(8, 30)
--> Day : 4
-> Request 0
10
(3, 3, 2)
2
(66, 78)
-> Request 1
38
(4, 2, 1)
2
(77, 16)
-> Request 2
100
(3, 2, 2)
1
(45, 19)
-> Request 3
192
(4, 2, 2)
2
(55, 5)
-> Request 4
533
(1, 1, 1)
1
(57, 43)
-> Request 5
544
(1, 3, 2)
1
(8, 0)
-> Request 6
670
(3, 2, 1)
3
(23, 58)
-> Request 7
975
(3, 3, 2)
3
(41, 48)
-> Request 8
1053
(3, 3, 1)
2
(4, 14)
-> Request 9
1240
(2, 2, 1)
3
(60, 2)
-> Request 10
1252
(4, 2, 2)
1
(59, 48)
-> Request 11
1422
(2, 2, 2)
3
(32, 36)
---> Week : 12
--> Day : 0
-> Request 0
205
(1, 1, 2)
2
(64, 48)
-> Request 1
224
(2, 1, 2)
1
(46, 45)
-> Request 2
510
(3, 1, 1)
2
(32, 37)
-> Request 3
951
(4, 2, 1)
3
(24, 7)
-> Request 4
1237
(1, 1, 2)
2
(51, 14)
-> Request 5
1296
(3, 1, 2)
3
(7, 33)
-> Request 6
1318
(3, 3, 1)
2
(78, 74)
--> Day : 1
-> Request 0
135
(4, 1, 1)
3
(49, 58)
-> Request 1
157
(1, 2, 1)
3
(60, 20)
-> Request 2
184
(2, 1, 1)
2
(29, 48)
-> Request 3
271
(2, 3, 1)
1
(24, 5)
-> Request 4
277
(4, 3, 1)
1
(14, 48)
-> Request 5
502
(1, 2, 2)
1
(22, 55)
-> Request 6
552
(4, 2, 2)
2
(1, 7)
-> Request 7
845
(4, 3, 2)
3
(8, 58)
-> Request 8
930
(2, 3, 1)
1
(11, 13)
-> Request 9
950
(1, 3, 2)
2
(77, 38)
-> Request 10
974
(4, 2, 1)
1
(10, 17)
-> Request 11
992
(2, 1, 2)
2
(71, 61)
-> Request 12
1062
(4, 2, 2)
3
(47, 38)
-> Request 13
1092
(4, 2, 1)
3
(79, 48)
-> Request 14
1183
(4, 1, 2)
1
(5, 45)
-> Request 15
1230
(1, 1, 1)
1
(31, 47)
-> Request 16
1277
(1, 1, 1)
2
(58, 73)
-> Request 17
1307
(3, 1, 1)
2
(20, 39)
-> Request 18
1325
(3, 3, 2)
2
(46, 51)
-> Request 19
1397
(2, 1, 2)
2
(63, 24)
--> Day : 2
-> Request 0
359
(3, 2, 1)
3
(55, 1)
-> Request 1
494
(4, 2, 1)
2
(40, 70)
-> Request 2
513
(1, 1, 2)
3
(45, 10)
-> Request 3
925
(1, 1, 2)
2
(14, 32)
-> Request 4
1191
(4, 2, 1)
3
(22, 16)
--> Day : 3
-> Request 0
162
(3, 2, 1)
1
(56, 74)
-> Request 1
373
(3, 2, 1)
1
(6, 50)
-> Request 2
471
(3, 2, 1)
3
(14, 4)
-> Request 3
717
(2, 3, 1)
1
(43, 30)
-> Request 4
761
(2, 1, 1)
3
(69, 47)
-> Request 5
829
(1, 2, 2)
3
(39, 24)
-> Request 6
849
(2, 3, 1)
3
(29, 60)
-> Request 7
886
(2, 2, 2)
1
(37, 55)
-> Request 8
1394
(3, 3, 2)
2
(25, 7)
--> Day : 4
-> Request 0
70
(3, 1, 2)
3
(73, 70)
-> Request 1
78
(4, 1, 1)
1
(49, 70)
-> Request 2
357
(3, 3, 2)
1
(49, 39)
-> Request 3
560
(3, 2, 1)
2
(14, 58)
-> Request 4
575
(4, 2, 1)
1
(51, 18)
-> Request 5
798
(1, 2, 2)
3
(7, 50)
---> Week : 13
--> Day : 0
-> Request 0
106
(2, 3, 2)
1
(31, 11)
-> Request 1
377
(4, 2, 2)
2
(19, 0)
-> Request 2
441
(3, 1, 2)
1
(37, 12)
-> Request 3
551
(2, 3, 1)
1
(53, 37)
-> Request 4
794
(2, 3, 1)
2
(51, 3)
-> Request 5
870
(3, 3, 2)
2
(16, 70)
-> Request 6
879
(3, 1, 1)
3
(21, 13)
--> Day : 1
-> Request 0
708
(2, 2, 2)
3
(56, 61)
-> Request 1
846
(1, 2, 2)
3
(71, 0)
-> Request 2
956
(2, 1, 1)
3
(26, 4)
-> Request 3
1282
(3, 2, 1)
3
(75, 79)
-> Request 4
1322
(1, 1, 2)
2
(24, 62)
--> Day : 2
-> Request 0
277
(2, 3, 2)
2
(10, 49)
-> Request 1
320
(3, 2, 1)
1
(45, 32)
-> Request 2
386
(2, 2, 2)
1
(2, 13)
-> Request 3
410
(2, 1, 1)
1
(4, 47)
-> Request 4
434
(4, 2, 1)
2
(53, 33)
-> Request 5
573
(4, 1, 1)
1
(12, 44)
-> Request 6
587
(4, 2, 2)
3
(18, 25)
-> Request 7
714
(2, 1, 1)
2
(66, 39)
-> Request 8
1103
(2, 3, 2)
1
(64, 51)
-> Request 9
1118
(2, 1, 2)
1
(19, 15)
-> Request 10
1323
(4, 2, 1)
2
(15, 56)
-> Request 11
1432
(3, 2, 1)
2
(49, 39)
-> Request 12
1439
(1, 3, 2)
2
(64, 59)
--> Day : 3
-> Request 0
169
(2, 1, 2)
2
(21, 75)
-> Request 1
233
(4, 2, 2)
2
(55, 15)
-> Request 2
518
(3, 1, 1)
2
(65, 8)
-> Request 3
901
(2, 1, 1)
1
(27, 66)
-> Request 4
1008
(3, 2, 2)
3
(78, 40)
-> Request 5
1018
(3, 1, 2)
2
(0, 49)
-> Request 6
1027
(4, 1, 2)
2
(38, 78)
-> Request 7
1277
(2, 3, 2)
3
(26, 68)
-> Request 8
1309
(3, 3, 1)
2
(49, 43)
-> Request 9
1362
(1, 2, 1)
3
(42, 29)
--> Day : 4
-> Request 0
48
(2, 2, 1)
2
(24, 17)
-> Request 1
169
(2, 2, 1)
3
(44, 69)
-> Request 2
234
(4, 1, 1)
3
(70, 63)
-> Request 3
319
(2, 2, 2)
1
(18, 14)
-> Request 4
587
(1, 1, 2)
1
(62, 39)
---> Week : 14
--> Day : 0
-> Request 0
62
(3, 3, 2)
1
(20, 21)
-> Request 1
302
(1, 2, 1)
1
(30, 3)
-> Request 2
424
(3, 3, 1)
1
(56, 22)
-> Request 3
475
(3, 1, 2)
1
(67, 30)
-> Request 4
648
(2, 3, 2)
1
(6, 9)
-> Request 5
655
(2, 3, 2)
3
(22, 42)
-> Request 6
814
(2, 3, 2)
2
(45, 61)
-> Request 7
895
(4, 3, 1)
2
(6, 62)
-> Request 8
1031
(2, 1, 2)
2
(31, 7)
-> Request 9
1116
(2, 2, 2)
3
(64, 13)
-> Request 10
1300
(4, 1, 2)
1
(6, 54)
-> Request 11
1355
(3, 3, 1)
2
(9, 32)
-> Request 12
1375
(4, 3, 1)
2
(34, 60)
--> Day : 1
-> Request 0
19
(3, 1, 1)
2
(67, 4)
-> Request 1
82
(3, 2, 2)
3
(34, 53)
-> Request 2
315
(3, 2, 1)
3
(11, 55)
-> Request 3
480
(3, 1, 2)
2
(43, 50)
-> Request 4
535
(4, 3, 2)
2
(79, 69)
-> Request 5
643
(2, 2, 2)
3
(69, 17)
-> Request 6
652
(2, 3, 1)
1
(48, 53)
-> Request 7
925
(2, 2, 2)
2
(11, 62)
-> Request 8
1059
(4, 1, 1)
2
(25, 14)
-> Request 9
1284
(3, 2, 1)
1
(70, 59)
-> Request 10
1318
(2, 2, 1)
2
(72, 34)
-> Request 11
1437
(4, 1, 2)
2
(32, 77)
--> Day : 2
-> Request 0
25
(4, 3, 2)
2
(31, 62)
-> Request 1
31
(1, 3, 2)
2
(56, 15)
-> Request 2
186
(3, 1, 2)
3
(19, 62)
-> Request 3
269
(3, 2, 2)
1
(66, 65)
-> Request 4
357
(2, 3, 1)
1
(35, 39)
-> Request 5
485
(4, 2, 1)
2
(10, 73)
-> Request 6
505
(1, 2, 1)
1
(59, 27)
-> Request 7
763
(2, 1, 2)
1
(44, 20)
-> Request 8
902
(3, 3, 1)
2
(77, 42)
-> Request 9
1112
(1, 1, 2)
1
(29, 8)
-> Request 10
1114
(2, 1, 2)
2
(10, 60)
-> Request 11
1169
(2, 2, 2)
1
(51, 65)
-> Request 12
1180
(2, 3, 2)
1
(43, 64)
-> Request 13
1183
(2, 3, 2)
3
(15, 16)
-> Request 14
1332
(4, 1, 2)
1
(7, 8)
--> Day : 3
-> Request 0
42
(1, 1, 2)
1
(23, 55)
-> Request 1
174
(2, 1, 2)
1
(71, 30)
-> Request 2
379
(3, 2, 2)
3
(54, 43)
-> Request 3
401
(1, 2, 2)
2
(77, 32)
-> Request 4
481
(2, 1, 2)
3
(24, 60)
-> Request 5
489
(2, 2, 1)
2
(18, 62)
-> Request 6
507
(2, 2, 2)
3
(1, 58)
-> Request 7
542
(1, 2, 2)
1
(36, 58)
-> Request 8
604
(4, 3, 2)
1
(1, 79)
-> Request 9
668
(2, 2, 1)
3
(55, 1)
-> Request 10
692
(2, 3, 1)
2
(14, 73)
-> Request 11
863
(3, 2, 1)
3
(46, 48)
-> Request 12
912
(4, 2, 2)
3
(61, 40)
-> Request 13
962
(3, 3, 2)
1
(18, 73)
-> Request 14
980
(3, 2, 1)
3
(0, 7)
-> Request 15
1147
(2, 2, 2)
2
(23, 12)
-> Request 16
1281
(3, 2, 1)
1
(9, 18)
--> Day : 4
-> Request 0
326
(3, 1, 1)
1
(66, 40)
-> Request 1
388
(3, 3, 2)
3
(33, 12)
-> Request 2
538
(3, 3, 2)
3
(61, 26)
-> Request 3
604
(2, 3, 2)
3
(32, 36)
-> Request 4
861
(2, 2, 1)
3
(5, 8)
-> Request 5
1091
(1, 1, 2)
1
(33, 73)
-> Request 6
1108
(2, 2, 2)
2
(65, 39)
---> Week : 15
--> Day : 0
-> Request 0
104
(4, 1, 1)
1
(29, 58)
-> Request 1
552
(2, 1, 1)
3
(48, 1)
-> Request 2
1155
(3, 2, 2)
1
(76, 5)
-> Request 3
1177
(1, 3, 1)
1
(78, 8)
-> Request 4
1432
(3, 2, 1)
3
(8, 37)
--> Day : 1
-> Request 0
88
(1, 2, 2)
3
(34, 41)
-> Request 1
109
(3, 3, 2)
2
(38, 57)
-> Request 2
113
(4, 3, 1)
3
(54, 20)
-> Request 3
354
(4, 3, 2)
2
(11, 21)
-> Request 4
529
(2, 1, 2)
3
(52, 35)
-> Request 5
568
(1, 3, 1)
1
(30, 43)
-> Request 6
687
(3, 3, 1)
2
(3, 28)
-> Request 7
904
(3, 1, 2)
3
(11, 15)
-> Request 8
917
(1, 1, 2)
2
(64, 36)
-> Request 9
1192
(3, 1, 2)
3
(64, 72)
-> Request 10
1232
(4, 1, 2)
3
(69, 41)
-> Request 11
1273
(4, 3, 1)
2
(4, 18)
-> Request 12
1425
(1, 1, 1)
3
(69, 40)
--> Day : 2
-> Request 0
43
(1, 3, 1)
2
(40, 46)
-> Request 1
160
(1, 2, 1)
1
(2, 0)
-> Request 2
160
(4, 2, 1)
3
(24, 20)
-> Request 3
543
(3, 1, 1)
2
(47, 54)
-> Request 4
587
(4, 3, 2)
2
(13, 60)
-> Request 5
928
(2, 2, 1)
2
(1, 23)
-> Request 6
960
(4, 1, 2)
2
(20, 78)
-> Request 7
1107
(1, 1, 1)
1
(42, 3)
-> Request 8
1175
(1, 1, 2)
3
(10, 14)
-> Request 9
1257
(2, 1, 2)
2
(4, 37)
--> Day : 3
-> Request 0
40
(3, 1, 1)
1
(75, 35)
-> Request 1
693
(3, 2, 1)
1
(63, 25)
-> Request 2
888
(3, 2, 2)
2
(55, 69)
-> Request 3
888
(2, 2, 1)
3
(11, 50)
-> Request 4
1131
(1, 1, 1)
2
(39, 17)
--> Day : 4
-> Request 0
43
(3, 1, 2)
2
(50, 76)
-> Request 1
53
(3, 2, 1)
2
(41, 56)
-> Request 2
368
(3, 1, 1)
2
(51, 25)
-> Request 3
641
(4, 2, 1)
2
(58, 0)
-> Request 4
715
(2, 1, 1)
3
(17, 29)
-> Request 5
813
(3, 1, 2)
2
(39, 12)
-> Request 6
990
(2, 2, 2)
2
(58, 12)
-> Request 7
1280
(2, 3, 2)
1
(73, 56)
-> Request 8
1313
(1, 3, 2)
1
(60, 77)
-> Request 9
1357
(1, 2, 2)
3
(31, 52)
-> Request 10
1407
(2, 3, 2)
3
(22, 51)
---> Week : 16
--> Day : 0
-> Request 0
59
(1, 1, 2)
2
(7, 61)
-> Request 1
131
(1, 1, 1)
1
(0, 43)
-> Request 2
193
(1, 2, 1)
2
(24, 62)
-> Request 3
344
(3, 2, 1)
3
(76, 32)
-> Request 4
433
(3, 3, 1)
1
(41, 4)
-> Request 5
500
(4, 2, 1)
1
(69, 75)
-> Request 6
699
(1, 3, 2)
3
(41, 70)
-> Request 7
862
(1, 2, 2)
1
(27, 19)
-> Request 8
869
(4, 1, 2)
2
(63, 12)
-> Request 9
922
(4, 3, 1)
3
(52, 24)
-> Request 10
938
(1, 1, 1)
3
(62, 53)
-> Request 11
966
(4, 3, 1)
1
(20, 33)
-> Request 12
1213
(4, 1, 1)
1
(23, 70)
-> Request 13
1254
(2, 3, 2)
1
(27, 37)
--> Day : 1
-> Request 0
155
(2, 1, 2)
2
(76, 2)
-> Request 1
426
(1, 2, 2)
1
(19, 58)
-> Request 2
570
(2, 1, 2)
2
(49, 27)
-> Request 3
580
(4, 2, 1)
2
(75, 29)
-> Request 4
739
(2, 1, 1)
1
(57, 35)
-> Request 5
740
(3, 3, 1)
2
(58, 51)
-> Request 6
881
(3, 1, 2)
1
(78, 47)
-> Request 7
900
(4, 2, 2)
2
(56, 8)
-> Request 8
1088
(3, 1, 1)
1
(41, 47)
-> Request 9
1283
(2, 3, 2)
1
(7, 48)
-> Request 10
1379
(1, 1, 2)
1
(52, 64)
-> Request 11
1414
(1, 2, 2)
3
(39, 53)
--> Day : 2
-> Request 0
7
(2, 3, 2)
1
(44, 18)
-> Request 1
127
(4, 2, 1)
3
(75, 73)
-> Request 2
226
(4, 1, 2)
1
(20, 44)
-> Request 3
244
(3, 2, 1)
2
(66, 64)
-> Request 4
295
(3, 3, 2)
3
(68, 47)
-> Request 5
458
(2, 2, 1)
3
(55, 49)
-> Request 6
487
(1, 3, 1)
2
(17, 1)
-> Request 7
616
(3, 2, 1)
1
(64, 61)
-> Request 8
653
(1, 2, 2)
1
(10, 54)
-> Request 9
842
(2, 1, 1)
1
(57, 32)
-> Request 10
889
(4, 2, 2)
1
(61, 3)
-> Request 11
1032
(4, 1, 1)
1
(1, 62)
-> Request 12
1130
(1, 3, 1)
2
(76, 72)
-> Request 13
1240
(1, 1, 2)
2
(28, 5)
-> Request 14
1296
(4, 2, 2)
3
(47, 4)
-> Request 15
1395
(1, 3, 2)
2
(5, 8)
--> Day : 3
-> Request 0
135
(1, 3, 1)
3
(34, 59)
-> Request 1
436
(2, 2, 1)
2
(73, 30)
-> Request 2
972
(4, 1, 2)
1
(1, 60)
-> Request 3
988
(1, 3, 2)
3
(56, 73)
-> Request 4
1048
(4, 3, 2)
1
(14, 58)
--> Day : 4
-> Request 0
421
(1, 3, 1)
2
(53, 58)
-> Request 1
982
(4, 2, 1)
3
(38, 31)
-> Request 2
1282
(4, 3, 1)
1
(44, 8)
-> Request 3
1420
(3, 1, 1)
2
(4, 0)
---> Week : 17
--> Day : 0
-> Request 0
2
(1, 1, 1)
2
(64, 63)
-> Request 1
80
(4, 3, 1)
3
(37, 30)
-> Request 2
497
(4, 2, 1)
2
(55, 57)
-> Request 3
563
(3, 1, 1)
3
(33, 27)
-> Request 4
604
(2, 2, 2)
1
(68, 34)
-> Request 5
622
(2, 3, 1)
1
(18, 74)
-> Request 6
721
(1, 2, 2)
1
(42, 14)
-> Request 7
1135
(4, 1, 1)
3
(72, 32)
-> Request 8
1406
(3, 2, 1)
3
(3, 75)
--> Day : 1
-> Request 0
70
(2, 3, 2)
3
(11, 53)
-> Request 1
153
(3, 3, 2)
1
(25, 71)
-> Request 2
159
(2, 2, 2)
2
(54, 4)
-> Request 3
235
(4, 3, 1)
2
(9, 17)
-> Request 4
393
(4, 3, 1)
1
(70, 56)
-> Request 5
503
(4, 2, 1)
2
(52, 78)
-> Request 6
515
(3, 2, 1)
2
(21, 65)
-> Request 7
883
(2, 1, 1)
2
(17, 64)
--> Day : 2
-> Request 0
74
(1, 2, 1)
3
(23, 11)
-> Request 1
528
(2, 2, 2)
3
(25, 65)
-> Request 2
723
(1, 2, 2)
2
(47, 18)
-> Request 3
749
(2, 3, 1)
1
(76, 10)
-> Request 4
775
(4, 2, 1)
2
(46, 52)
-> Request 5
874
(1, 3, 2)
2
(17, 17)
-> Request 6
1162
(1, 1, 2)
3
(23, 37)
-> Request 7
1228
(1, 1, 1)
3
(64, 23)
-> Request 8
1432
(2, 2, 2)
1
(35, 69)
--> Day : 3
-> Request 0
442
(4, 3, 1)
2
(22, 39)
-> Request 1
915
(1, 1, 2)
3
(1, 56)
-> Request 2
920
(1, 3, 2)
2
(44, 19)
-> Request 3
996
(3, 1, 1)
3
(54, 40)
-> Request 4
1061
(2, 1, 1)
1
(18, 63)
-> Request 5
1063
(2, 1, 1)
1
(70, 53)
-> Request 6
1091
(4, 2, 1)
1
(42, 42)
-> Request 7
1097
(1, 3, 2)
1
(33, 49)
--> Day : 4
-> Request 0
151
(2, 2, 1)
1
(18, 69)
-> Request 1
208
(2, 1, 2)
3
(63, 19)
-> Request 2
331
(3, 2, 1)
1
(0, 18)
-> Request 3
370
(1, 2, 2)
2
(10, 3)
-> Request 4
606
(3, 1, 2)
3
(44, 43)
-> Request 5
651
(4, 1, 2)
1
(58, 36)
-> Request 6
766
(4, 2, 1)
1
(1, 62)
-> Request 7
843
(1, 2, 2)
1
(77, 50)
-> Request 8
956
(4, 1, 1)
2
(4, 30)
-> Request 9
1181
(2, 2, 1)
1
(48, 75)
-> Request 10
1262
(3, 3, 1)
2
(14, 54)
---> Week : 18
--> Day : 0
-> Request 0
343
(3, 2, 1)
2
(31, 43)
-> Request 1
442
(2, 2, 2)
3
(50, 37)
-> Request 2
672
(2, 1, 2)
2
(66, 66)
-> Request 3
997
(1, 2, 1)
1
(10, 36)
-> Request 4
1415
(4, 2, 1)
2
(73, 22)
--> Day : 1
-> Request 0
201
(2, 2, 2)
1
(42, 29)
-> Request 1
210
(4, 3, 2)
3
(42, 67)
-> Request 2
339
(4, 2, 2)
1
(49, 20)
-> Request 3
420
(3, 2, 2)
3
(3, 62)
-> Request 4
456
(2, 1, 1)
1
(31, 25)
-> Request 5
507
(1, 2, 1)
3
(18, 74)
-> Request 6
676
(3, 3, 1)
3
(15, 69)
-> Request 7
1014
(4, 3, 2)
2
(77, 48)
-> Request 8
1051
(3, 1, 1)
3
(28, 2)
-> Request 9
1084
(2, 3, 2)
1
(1, 38)
-> Request 10
1377
(3, 2, 1)
2
(67, 77)
--> Day : 2
-> Request 0
83
(4, 2, 2)
2
(59, 43)
-> Request 1
427
(1, 1, 2)
3
(79, 79)
-> Request 2
575
(3, 2, 1)
1
(55, 24)
-> Request 3
600
(1, 2, 2)
3
(68, 22)
-> Request 4
672
(1, 2, 2)
3
(20, 28)
-> Request 5
714
(1, 2, 2)
1
(8, 43)
-> Request 6
805
(4, 1, 1)
2
(55, 36)
-> Request 7
939
(4, 1, 2)
3
(69, 36)
-> Request 8
1012
(1, 3, 1)
3
(11, 23)
-> Request 9
1109
(3, 1, 1)
2
(14, 39)
-> Request 10
1229
(4, 1, 1)
1
(79, 12)
--> Day : 3
-> Request 0
16
(2, 1, 2)
2
(54, 52)
-> Request 1
803
(2, 2, 1)
2
(9, 34)
-> Request 2
1100
(1, 1, 1)
3
(33, 66)
-> Request 3
1214
(4, 3, 1)
3
(7, 50)
-> Request 4
1219
(2, 3, 1)
1
(78, 79)
-> Request 5
1358
(2, 2, 1)
1
(71, 35)
-> Request 6
1360
(3, 3, 2)
2
(40, 63)
-> Request 7
1402
(1, 2, 2)
3
(55, 34)
--> Day : 4
-> Request 0
192
(3, 1, 1)
3
(6, 16)
-> Request 1
251
(2, 2, 2)
2
(58, 78)
-> Request 2
546
(3, 2, 1)
3
(9, 23)
-> Request 3
555
(4, 3, 2)
3
(79, 22)
-> Request 4
919
(2, 2, 2)
3
(65, 21)
-> Request 5
1011
(4, 1, 2)
2
(38, 77)
-> Request 6
1158
(2, 2, 2)
3
(7, 1)
-> Request 7
1171
(4, 1, 2)
2
(35, 68)
---> Week : 19
--> Day : 0
-> Request 0
237
(1, 1, 1)
3
(0, 55)
-> Request 1
997
(1, 2, 1)
3
(55, 59)
-> Request 2
1061
(3, 2, 2)
3
(60, 45)
-> Request 3
1194
(3, 3, 1)
3
(42, 9)
-> Request 4
1239
(1, 3, 2)
1
(78, 24)
--> Day : 1
-> Request 0
49
(4, 1, 1)
1
(5, 71)
-> Request 1
357
(3, 3, 1)
1
(52, 51)
-> Request 2
491
(2, 1, 2)
1
(47, 2)
-> Request 3
1084
(4, 3, 2)
3
(36, 56)
-> Request 4
1152
(2, 2, 1)
1
(50, 64)
-> Request 5
1237
(1, 1, 2)
3
(53, 4)
--> Day : 2
-> Request 0
61
(2, 1, 2)
2
(50, 75)
-> Request 1
75
(2, 3, 2)
2
(9, 63)
-> Request 2
150
(4, 2, 1)
3
(11, 33)
-> Request 3
340
(2, 3, 1)
3
(52, 69)
-> Request 4
389
(2, 1, 2)
2
(75, 70)
-> Request 5
401
(3, 2, 2)
2
(3, 73)
-> Request 6
443
(3, 2, 1)
2
(13, 60)
-> Request 7
553
(2, 1, 1)
3
(16, 54)
-> Request 8
787
(1, 3, 1)
1
(52, 33)
-> Request 9
821
(4, 3, 1)
3
(19, 78)
-> Request 10
888
(1, 1, 2)
2
(11, 65)
-> Request 11
911
(4, 1, 2)
3
(35, 61)
-> Request 12
940
(1, 2, 1)
3
(76, 3)
-> Request 13
994
(2, 2, 1)
2
(59, 78)
-> Request 14
1086
(1, 2, 2)
1
(55, 44)
-> Request 15
1205
(3, 2, 1)
2
(15, 16)
-> Request 16
1293
(2, 3, 1)
1
(51, 5)
--> Day : 3
-> Request 0
1
(1, 2, 2)
2
(46, 31)
-> Request 1
56
(3, 3, 1)
2
(65, 28)
-> Request 2
63
(1, 2, 1)
1
(78, 41)
-> Request 3
69
(4, 3, 2)
1
(63, 67)
-> Request 4
287
(2, 2, 2)
3
(0, 49)
-> Request 5
608
(2, 3, 1)
1
(22, 20)
-> Request 6
703
(2, 1, 2)
2
(51, 57)
-> Request 7
972
(4, 2, 2)
1
(48, 70)
-> Request 8
1122
(1, 1, 1)
2
(78, 30)
-> Request 9
1290
(1, 2, 2)
3
(0, 53)
--> Day : 4
-> Request 0
227
(1, 2, 2)
3
(70, 4)
-> Request 1
321
(3, 2, 1)
2
(72, 32)
-> Request 2
450
(3, 3, 1)
2
(46, 42)
-> Request 3
511
(3, 3, 2)
1
(18, 47)
-> Request 4
523
(4, 2, 2)
1
(75, 15)
-> Request 5
529
(1, 3, 2)
2
(26, 42)
-> Request 6
918
(2, 1, 1)
2
(14, 8)
-> Request 7
1383
(3, 1, 2)
3
(44, 31)
