---> Week : 0
--> Day : 0
-> Request 0
640
(1, 3, 1)
2
(50, 45)
--> Day : 1
-> Request 0
177
(2, 3, 2)
2
(58, 32)
-> Request 1
365
(3, 3, 2)
2
(44, 28)
-> Request 2
575
(4, 3, 2)
3
(61, 76)
-> Request 3
682
(2, 2, 1)
1
(36, 64)
-> Request 4
767
(1, 2, 1)
3
(43, 47)
--> Day : 2
-> Request 0
374
(2, 1, 2)
2
(52, 41)
-> Request 1
866
(3, 1, 2)
3
(52, 58)
-> Request 2
1178
(1, 3, 1)
3
(8, 26)
-> Request 3
1197
(1, 1, 2)
3
(65, 65)
--> Day : 3
-> Request 0
637
(1, 2, 2)
2
(45, 72)
-> Request 1
659
(1, 1, 1)
1
(61, 43)
-> Request 2
1018
(1, 1, 2)
2
(12, 29)
-> Request 3
1124
(3, 3, 2)
1
(31, 39)
-> Request 4
1265
(1, 1, 1)
3
(60, 42)
-> Request 5
1433
(2, 1, 1)
1
(76, 13)
-> Request 6
1433
(4, 2, 1)
1
(59, 68)
--> Day : 4
-> Request 0
31
(4, 2, 2)
2
(16, 29)
-> Request 1
94
(1, 2, 2)
3
(57, 76)
-> Request 2
96
(3, 1, 1)
2
(31, 2)
-> Request 3
288
(3, 3, 2)
1
(43, 35)
-> Request 4
950
(3, 2, 1)
1
(60, 38)
-> Request 5
999
(1, 1, 1)
2
(15, 77)
---> Week : 1
--> Day : 0
-> Request 0
569
(3, 3, 2)
3
(10, 29)
-> Request 1
1064
(4, 1, 1)
2
(55, 28)
-> Request 2
1106
(2, 2, 1)
1
(55, 70)
--> Day : 1
-> Request 0
410
(1, 1, 1)
3
(71, 14)
-> Request 1
457
(3, 1, 2)
1
(61, 73)
-> Request 2
948
(2, 1, 1)
3
(6, 54)
-> Request 3
1228
(3, 2, 2)
3
(45, 33)
--> Day : 2
-> Request 0
174
(2, 3, 2)
2
(44, 70)
-> Request 1
527
(4, 2, 2)
1
(76, 55)
-> Request 2
673
(2, 2, 1)
2
(36, 74)
-> Request 3
1336
(2, 3, 2)
3
(52, 65)
-> Request 4
1397
(4, 1, 2)
1
(3, 3)
--> Day : 3
-> Request 0
126
(1, 3, 1)
2
(43, 43)
-> Request 1
906
(4, 3, 1)
1
(17, 37)
-> Request 2
1202
(1, 1, 1)
1
(21, 14)
-> Request 3
1265
(1, 1, 1)
2
(14, 28)
--> Day : 4
-> Request 0
140
(2, 3, 2)
1
(61, 69)
-> Request 1
546
(2, 3, 1)
1
(48, 32)
---> Week : 2
--> Day : 0
-> Request 0
116
(1, 3, 1)
1
(46, 38)
-> Request 1
209
(2, 2, 2)
2
(8, 64)
-> Request 2
632
(1, 2, 2)
1
(49, 31)
-> Request 3
758
(3, 3, 1)
1
(55, 43)
-> Request 4
1289
(2, 3, 1)
2
(56, 33)
--> Day : 1
-> Request 0
7
(2, 3, 1)
1
(54, 29)
-> Request 1
91
(4, 3, 1)
3
(63, 34)
-> Request 2
105
(1, 1, 2)
2
(66, 66)
-> Request 3
1025
(1, 2, 2)
1
(50, 41)
--> Day : 2
-> Request 0
121
(3, 2, 2)
1
(54, 39)
-> Request 1
506
(1, 3, 2)
3
(25, 20)
-> Request 2
640
(1, 3, 2)
2
(27, 39)
-> Request 3
1139
(4, 1, 1)
3
(40, 58)
-> Request 4
1234
(3, 3, 1)
3
(36, 35)
-> Request 5
1375
(4, 3, 2)
3
(78, 7)
--> Day : 3
-> Request 0
157
(2, 1, 1)
1
(20, 7)
-> Request 1
227
(2, 1, 2)
3
(17, 26)
-> Request 2
308
(2, 2, 1)
1
(33, 78)
-> Request 3
767
(2, 1, 1)
1
(49, 27)
-> Request 4
989
(2, 2, 1)
2
(45, 44)
-> Request 5
1087
(1, 3, 1)
1
(73, 21)
--> Day : 4
-> Request 0
372
(4, 2, 1)
3
(68, 0)
-> Request 1
484
(4, 2, 2)
1
(26, 46)
-> Request 2
528
(2, 2, 2)
3
(49, 41)
-> Request 3
718
(4, 1, 2)
2
(37, 68)
-> Request 4
881
(3, 1, 2)
1
(41, 73)
-> Request 5
988
(2, 3, 2)
3
(59, 71)
---> Week : 3
--> Day : 0
-> Request 0
60
(2, 3, 2)
1
(57, 52)
-> Request 1
951
(2, 2, 2)
1
(43, 78)
-> Request 2
1113
(2, 1, 1)
3
(19, 61)
-> Request 3
1262
(1, 2, 1)
2
(48, 45)
--> Day : 1
-> Request 0
150
(4, 3, 2)
3
(39, 33)
-> Request 1
156
(2, 1, 2)
1
(61, 33)
-> Request 2
228
(3, 2, 2)
3
(73, 49)
-> Request 3
427
(3, 1, 2)
3
(4, 10)
-> Request 4
939
(4, 1, 1)
2
(44, 29)
-> Request 5
943
(2, 2, 2)
1
(59, 46)
-> Request 6
1155
(4, 1, 2)
2
(50, 45)
--> Day : 2
-> Request 0
24
(3, 3, 2)
1
(23, 6)
-> Request 1
394
(3, 3, 1)
2
(14, 65)
-> Request 2
412
(1, 3, 2)
1
(26, 10)
-> Request 3
593
(2, 2, 1)
2
(65, 67)
-> Request 4
892
(4, 2, 2)
2
(55, 66)
-> Request 5
921
(1, 1, 2)
3
(59, 78)
-> Request 6
1064
(4, 3, 1)
2
(45, 30)
-> Request 7
1111
(4, 2, 2)
1
(66, 67)
-> Request 8
1243
(1, 3, 1)
2
(62, 29)
-> Request 9
1434
(3, 3, 1)
1
(39, 19)
--> Day : 3
-> Request 0
148
(1, 2, 2)
1
(71, 37)
-> Request 1
435
(1, 2, 2)
1
(57, 36)
-> Request 2
572
(1, 2, 1)
3
(60, 66)
-> Request 3
630
(3, 1, 1)
2
(57, 61)
-> Request 4
686
(4, 1, 1)
2
(66, 46)
-> Request 5
796
(1, 1, 1)
3
(21, 32)
-> Request 6
893
(2, 1, 1)
2
(11, 21)
-> Request 7
1314
(2, 2, 1)
3
(47, 27)
--> Day : 4
-> Request 0
55
(1, 2, 1)
3
(60, 71)
-> Request 1
138
(3, 1, 1)
1
(54, 30)
-> Request 2
173
(2, 2, 1)
1
(64, 75)
-> Request 3
209
(3, 1, 1)
2
(56, 27)
-> Request 4
655
(3, 2, 1)
2
(8, 27)
-> Request 5
943
(4, 2, 1)
1
(70, 19)
-> Request 6
1015
(2, 1, 2)
1
(56, 65)
-> Request 7
1143
(2, 2, 1)
3
(63, 79)
---> Week : 4
--> Day : 0
-> Request 0
56
(2, 3, 2)
1
(68, 30)
-> Request 1
245
(1, 2, 2)
1
(36, 65)
-> Request 2
312
(1, 3, 2)
1
(51, 39)
-> Request 3
398
(2, 3, 2)
3
(12, 21)
-> Request 4
1118
(4, 1, 2)
1
(70, 16)
-> Request 5
1128
(1, 3, 1)
2
(53, 77)
-> Request 6
1233
(3, 3, 1)
1
(44, 35)
-> Request 7
1281
(1, 2, 1)
3
(55, 49)
-> Request 8
1299
(4, 1, 1)
3
(55, 28)
-> Request 9
1367
(1, 1, 1)
2
(51, 35)
-> Request 10
1395
(2, 2, 2)
3
(16, 78)
-> Request 11
1413
(1, 3, 2)
2
(53, 69)
--> Day : 1
-> Request 0
15
(4, 1, 2)
1
(36, 14)
-> Request 1
214
(1, 3, 1)
1
(55, 72)
-> Request 2
516
(2, 1, 2)
2
(36, 38)
-> Request 3
707
(3, 1, 1)
2
(40, 2)
-> Request 4
819
(1, 2, 2)
3
(10, 22)
-> Request 5
1043
(1, 1, 1)
3
(28, 18)
-> Request 6
1114
(3, 1, 1)
1
(50, 37)
-> Request 7
1360
(4, 1, 2)
2
(2, 2)
--> Day : 2
-> Request 0
577
(4, 1, 1)
2
(61, 71)
-> Request 1
625
(2, 1, 2)
2
(42, 34)
-> Request 2
654
(2, 1, 2)
1
(54, 72)
-> Request 3
1104
(4, 1, 1)
2
(19, 13)
--> Day : 3
-> Request 0
266
(4, 1, 1)
3
(45, 37)
-> Request 1
314
(1, 1, 2)
3
(65, 8)
-> Request 2
1089
(3, 1, 1)
1
(57, 43)
-> Request 3
1384
(4, 1, 2)
2
(47, 40)
--> Day : 4
-> Request 0
24
(3, 1, 2)
3
(60, 71)
-> Request 1
413
(1, 1, 2)
3
(51, 31)
-> Request 2
652
(4, 1, 2)
3
(51, 45)
-> Request 3
928
(3, 2, 2)
3
(13, 28)
---> Week : 5
--> Day : 0
-> Request 0
1118
(4, 3, 1)
2
(59, 66)
-> Request 1
1291
(4, 1, 1)
3
(55, 77)
--> Day : 1
-> Request 0
140
(2, 2, 1)
3
(44, 28)
-> Request 1
300
(3, 1, 1)
3
(79, 64)
-> Request 2
1157
(2, 2, 1)
3
(10, 20)
--> Day : 2
-> Request 0
121
(1, 1, 2)
3
(58, 64)
-> Request 1
822
(2, 3, 1)
3
(52, 36)
-> Request 2
969
(1, 2, 1)
2
(33, 74)
-> Request 3
1341
(2, 2, 2)
1
(58, 43)
--> Day : 3
-> Request 0
244
(4, 1, 1)
1
(45, 20)
-> Request 1
1017
(3, 3, 1)
1
(28, 17)
-> Request 2
1154
(2, 1, 1)
2
(44, 45)
-> Request 3
1369
(2, 1, 1)
2
(10, 32)
--> Day : 4
-> Request 0
299
(4, 1, 2)
3
(52, 45)
---> Week : 6
--> Day : 0
-> Request 0
120
(2, 3, 1)
2
(76, 11)
-> Request 1
1145
(3, 1, 2)
1
(66, 78)
--> Day : 1
-> Request 0
30
(3, 3, 2)
3
(37, 4)
-> Request 1
60
(3, 3, 2)
2
(42, 9)
-> Request 2
496
(1, 3, 2)
2
(65, 75)
-> Request 3
940
(2, 2, 1)
1
(14, 27)
-> Request 4
1090
(4, 3, 2)
2
(52, 31)
-> Request 5
1232
(2, 2, 2)
1
(48, 34)
-> Request 6
1369
(3, 1, 1)
1
(53, 44)
--> Day : 2
-> Request 0
58
(1, 3, 1)
2
(59, 66)
-> Request 1
467
(1, 1, 2)
1
(17, 21)
-> Request 2
507
(2, 3, 2)
3
(11, 21)
-> Request 3
849
(3, 3, 1)
2
(60, 66)
-> Request 4
1014
(3, 3, 2)
3
(72, 60)
-> Request 5
1035
(3, 1, 1)
1
(3, 70)
--> Day : 3
-> Request 0
323
(3, 3, 1)
3
(63, 33)
-> Request 1
482
(2, 2, 1)
2
(57, 29)
-> Request 2
497
(3, 2, 2)
1
(14, 30)
-> Request 3
592
(1, 3, 1)
3
(60, 42)
-> Request 4
770
(3, 3, 1)
3
(12, 26)
-> Request 5
1301
(4, 3, 1)
1
(33, 13)
--> Day : 4
-> Request 0
296
(1, 3, 1)
3
(26, 8)
-> Request 1
1097
(3, 3, 2)
1
(9, 14)
-> Request 2
1246
(3, 1, 2)
3
(4, 44)
---> Week : 7
--> Day : 0
-> Request 0
193
(1, 1, 1)
3
(12, 23)
-> Request 1
336
(2, 2, 2)
1
(60, 78)
-> Request 2
388
(3, 3, 2)
1
(63, 66)
-> Request 3
590
(2, 1, 1)
2
(65, 78)
-> Request 4
638
(3, 3, 1)
3
(53, 21)
-> Request 5
1146
(3, 2, 1)
1
(45, 38)
-> Request 6
1220
(4, 1, 1)
2
(58, 36)
-> Request 7
1306
(3, 2, 1)
2
(76, 23)
--> Day : 1
-> Request 0
380
(1, 3, 1)
1
(11, 23)
-> Request 1
684
(1, 1, 2)
1
(53, 12)
-> Request 2
715
(1, 2, 2)
1
(55, 34)
-> Request 3
1124
(2, 1, 2)
1
(60, 77)
-> Request 4
1212
(1, 3, 1)
1
(35, 27)
-> Request 5
1395
(3, 3, 2)
2
(11, 22)
--> Day : 2
-> Request 0
1104
(2, 3, 1)
2
(44, 40)
-> Request 1
1156
(1, 3, 2)
2
(64, 71)
-> Request 2
1309
(2, 3, 1)
3
(54, 54)
-> Request 3
1403
(1, 2, 1)
2
(76, 78)
--> Day : 3
-> Request 0
156
(4, 2, 1)
2
(61, 32)
-> Request 1
328
(2, 2, 1)
1
(70, 20)
-> Request 2
413
(4, 3, 1)
3
(51, 55)
-> Request 3
497
(2, 2, 1)
1
(59, 35)
-> Request 4
940
(3, 1, 1)
2
(54, 72)
-> Request 5
1275
(3, 3, 1)
1
(17, 27)
--> Day : 4
-> Request 0
668
(2, 2, 1)
3
(54, 38)
-> Request 1
925
(4, 2, 1)
2
(54, 29)
-> Request 2
1402
(4, 1, 1)
3
(32, 24)
---> Week : 8
--> Day : 0
-> Request 0
267
(1, 2, 2)
1
(31, 2)
-> Request 1
477
(1, 1, 2)
2
(6, 8)
-> Request 2
1070
(1, 1, 1)
1
(5, 15)
-> Request 3
1182
(2, 2, 2)
2
(47, 29)
-> Request 4
1192
(2, 2, 2)
1
(30, 36)
-> Request 5
1352
(4, 1, 2)
3
(37, 44)
-> Request 6
1383
(3, 2, 2)
1
(47, 43)
--> Day : 1
-> Request 0
617
(1, 3, 1)
3
(45, 10)
-> Request 1
648
(4, 1, 1)
2
(62, 64)
-> Request 2
788
(2, 1, 2)
2
(19, 10)
-> Request 3
838
(4, 2, 2)
1
(56, 36)
-> Request 4
1233
(4, 1, 2)
3
(46, 43)
-> Request 5
1413
(1, 1, 1)
1
(13, 24)
--> Day : 2
-> Request 0
45
(1, 1, 1)
2
(2, 37)
-> Request 1
339
(1, 1, 2)
2
(62, 50)
-> Request 2
766
(4, 2, 1)
3
(57, 67)
-> Request 3
998
(1, 2, 2)
1
(40, 49)
-> Request 4
1170
(4, 1, 1)
3
(56, 68)
-> Request 5
1323
(3, 2, 2)
1
(58, 75)
-> Request 6
1338
(2, 1, 2)
3
(46, 35)
--> Day : 3
-> Request 0
350
(2, 2, 2)
1
(79, 14)
-> Request 1
400
(2, 2, 1)
1
(51, 44)
-> Request 2
551
(1, 2, 1)
2
(14, 28)
-> Request 3
708
(4, 1, 2)
3
(65, 69)
-> Request 4
1004
(4, 3, 1)
3
(68, 45)
--> Day : 4
-> Request 0
967
(2, 2, 1)
2
(44, 41)
-> Request 1
1096
(4, 3, 2)
2
(52, 42)
-> Request 2
1108
(3, 3, 1)
1
(61, 72)
-> Request 3
1143
(4, 1, 2)
2
(41, 10)
---> Week : 9
--> Day : 0
-> Request 0
336
(4, 2, 1)
1
(12, 52)
-> Request 1
744
(2, 3, 1)
1
(64, 76)
-> Request 2
1033
(2, 3, 2)
1
(16, 55)
-> Request 3
1282
(2, 1, 1)
3
(55, 38)
-> Request 4
1290
(1, 1, 2)
2
(10, 22)
-> Request 5
1300
(3, 3, 1)
2
(48, 27)
--> Day : 1
-> Request 0
395
(4, 1, 1)
1
(65, 69)
-> Request 1
495
(4, 3, 2)
1
(12, 24)
-> Request 2
553
(4, 1, 1)
1
(61, 70)
-> Request 3
717
(3, 1, 1)
3
(56, 3)
-> Request 4
737
(4, 3, 1)
2
(53, 70)
-> Request 5
872
(2, 1, 2)
3
(9, 4)
-> Request 6
1169
(3, 2, 1)
1
(53, 37)
--> Day : 2
-> Request 0
607
(3, 1, 1)
3
(53, 73)
-> Request 1
843
(2, 1, 2)
2
(59, 38)
-> Request 2
920
(3, 2, 2)
1
(66, 78)
-> Request 3
1225
(2, 3, 2)
3
(60, 6)
-> Request 4
1394
(4, 1, 1)
3
(30, 64)
--> Day : 3
-> Request 0
716
(2, 3, 2)
3
(49, 63)
-> Request 1
795
(1, 3, 2)
3
(58, 73)
-> Request 2
933
(4, 3, 1)
2
(66, 67)
-> Request 3
973
(2, 2, 2)
3
(7, 4)
-> Request 4
1068
(1, 3, 2)
1
(62, 37)
-> Request 5
1122
(1, 1, 1)
1
(65, 71)
--> Day : 4
-> Request 0
82
(2, 2, 1)
2
(79, 63)
-> Request 1
253
(4, 1, 2)
1
(22, 18)
-> Request 2
617
(4, 2, 1)
3
(23, 60)
-> Request 3
741
(3, 2, 2)
2
(58, 44)
-> Request 4
935
(1, 3, 1)
1
(39, 11)
-> Request 5
955
(1, 1, 2)
1
(59, 40)
---> Week : 10
--> Day : 0
-> Request 0
29
(1, 3, 2)
2
(11, 21)
-> Request 1
165
(4, 2, 1)
2
(57, 40)
-> Request 2
316
(2, 3, 1)
1
(45, 40)
-> Request 3
412
(1, 2, 1)
1
(54, 67)
-> Request 4
497
(3, 1, 2)
2
(18, 3)
-> Request 5
948
(4, 3, 1)
3
(50, 32)
-> Request 6
1232
(2, 1, 2)
2
(44, 34)
--> Day : 1
-> Request 0
10
(1, 1, 2)
2
(56, 28)
-> Request 1
24
(2, 1, 1)
2
(54, 68)
-> Request 2
363
(3, 3, 1)
3
(39, 22)
-> Request 3
795
(2, 3, 2)
3
(6, 45)
-> Request 4
1248
(2, 2, 2)
2
(29, 72)
-> Request 5
1269
(3, 1, 2)
2
(74, 55)
--> Day : 2
-> Request 0
155
(3, 1, 2)
2
(53, 43)
-> Request 1
236
(3, 3, 1)
1
(71, 74)
-> Request 2
398
(2, 2, 1)
3
(14, 26)
-> Request 3
573
(3, 3, 2)
2
(68, 3)
-> Request 4
650
(1, 1, 2)
1
(9, 50)
-> Request 5
671
(3, 1, 2)
1
(3, 4)
-> Request 6
806
(3, 2, 2)
2
(76, 27)
-> Request 7
831
(1, 1, 1)
3
(53, 38)
-> Request 8
916
(2, 2, 2)
3
(65, 78)
-> Request 9
1265
(1, 3, 2)
1
(75, 2)
--> Day : 3
-> Request 0
75
(2, 1, 1)
2
(51, 31)
-> Request 1
820
(1, 2, 1)
2
(60, 74)
-> Request 2
824
(1, 1, 1)
2
(12, 44)
--> Day : 4
-> Request 0
522
(2, 1, 2)
3
(8, 23)
-> Request 1
683
(4, 3, 2)
2
(68, 32)
-> Request 2
817
(3, 2, 2)
2
(44, 57)
-> Request 3
847
(3, 3, 1)
3
(9, 24)
-> Request 4
879
(3, 1, 2)
1
(49, 36)
-> Request 5
985
(4, 1, 2)
2
(13, 45)
---> Week : 11
--> Day : 0
-> Request 0
27
(1, 1, 1)
2
(52, 3)
-> Request 1
73
(3, 3, 1)
3
(57, 32)
-> Request 2
793
(3, 1, 2)
1
(65, 66)
-> Request 3
1012
(3, 2, 1)
2
(19, 44)
-> Request 4
1016
(4, 1, 2)
1
(12, 29)
-> Request 5
1243
(2, 1, 2)
2
(61, 78)
-> Request 6
1362
(3, 3, 1)
3
(78, 22)
--> Day : 1
-> Request 0
35
(3, 1, 2)
1
(61, 30)
-> Request 1
539
(4, 2, 2)
3
(51, 35)
-> Request 2
592
(1, 2, 2)
2
(56, 37)
-> Request 3
639
(4, 1, 2)
1
(74, 61)
-> Request 4
1028
(4, 1, 2)
1
(79, 35)
-> Request 5
1140
(3, 2, 2)
2
(66, 66)
--> Day : 2
-> Request 0
20
(2, 1, 1)
2
(56, 76)
-> Request 1
23
(4, 1, 1)
1
(58, 35)
-> Request 2
463
(4, 1, 1)
2
(55, 59)
-> Request 3
847
(3, 2, 1)
1
(57, 36)
-> Request 4
1011
(3, 1, 1)
2
(51, 39)
-> Request 5
1365
(4, 2, 2)
2
(3, 55)
--> Day : 3
-> Request 0
5
(2, 3, 1)
2
(55, 38)
-> Request 1
488
(1, 1, 2)
2
(61, 29)
-> Request 2
547
(1, 2, 1)
2
(57, 72)
-> Request 3
1246
(4, 1, 2)
2
(43, 38)
-> Request 4
1328
(3, 3, 2)
2
(37, 32)
--> Day : 4
-> Request 0
58
(4, 2, 2)
1
(54, 32)
-> Request 1
108
(3, 2, 1)
2
(64, 78)
-> Request 2
1013
(4, 2, 2)
1
(47, 44)
-> Request 3
1071
(4, 2, 1)
3
(57, 41)
-> Request 4
1340
(3, 2, 1)
3
(55, 40)
-> Request 5
1426
(4, 2, 2)
1
(33, 0)
---> Week : 12
--> Day : 0
-> Request 0
39
(2, 1, 1)
2
(59, 39)
-> Request 1
97
(3, 3, 2)
2
(57, 44)
-> Request 2
286
(4, 3, 1)
1
(65, 64)
-> Request 3
662
(3, 3, 2)
3
(60, 74)
-> Request 4
1004
(3, 3, 1)
1
(55, 45)
-> Request 5
1118
(1, 3, 1)
2
(52, 52)
--> Day : 1
-> Request 0
4
(1, 3, 2)
2
(45, 51)
-> Request 1
374
(1, 3, 2)
1
(57, 27)
-> Request 2
502
(3, 1, 2)
1
(66, 74)
-> Request 3
1413
(1, 1, 2)
3
(36, 5)
--> Day : 2
-> Request 0
651
(3, 3, 2)
1
(16, 23)
-> Request 1
848
(2, 1, 2)
2
(59, 13)
-> Request 2
1067
(1, 2, 1)
1
(53, 74)
-> Request 3
1346
(3, 3, 1)
1
(61, 74)
--> Day : 3
-> Request 0
481
(2, 2, 2)
3
(19, 45)
-> Request 1
966
(4, 3, 1)
1
(54, 38)
-> Request 2
1111
(2, 3, 2)
2
(62, 42)
--> Day : 4
-> Request 0
60
(3, 1, 1)
2
(11, 20)
-> Request 1
65
(4, 3, 2)
2
(43, 44)
-> Request 2
80
(4, 2, 2)
3
(52, 69)
-> Request 3
351
(3, 1, 2)
2
(1, 48)
-> Request 4
779
(2, 1, 1)
2
(62, 72)
-> Request 5
867
(2, 1, 2)
3
(44, 39)
-> Request 6
886
(2, 1, 1)
2
(78, 1)
-> Request 7
979
(1, 3, 1)
1
(57, 45)
---> Week : 13
--> Day : 0
-> Request 0
26
(1, 1, 1)
1
(69, 0)
-> Request 1
767
(1, 1, 2)
2
(69, 60)
-> Request 2
788
(3, 1, 2)
3
(54, 36)
-> Request 3
1147
(1, 2, 2)
1
(52, 42)
-> Request 4
1199
(4, 1, 2)
2
(46, 40)
--> Day : 1
-> Request 0
332
(4, 1, 1)
1
(66, 67)
-> Request 1
833
(1, 1, 1)
1
(26, 44)
-> Request 2
940
(2, 1, 2)
3
(1, 10)
-> Request 3
1075
(4, 3, 1)
3
(65, 77)
-> Request 4
1115
(1, 1, 2)
1
(52, 77)
--> Day : 2
-> Request 0
205
(2, 2, 1)
1
(79, 27)
-> Request 1
210
(3, 1, 2)
1
(73, 45)
-> Request 2
286
(1, 3, 2)
2
(61, 34)
-> Request 3
298
(2, 1, 1)
2
(62, 33)
-> Request 4
580
(4, 2, 1)
2
(60, 70)
-> Request 5
605
(4, 2, 2)
3
(66, 58)
-> Request 6
661
(1, 1, 2)
3
(60, 71)
-> Request 7
683
(1, 3, 1)
3
(59, 47)
-> Request 8
948
(3, 2, 1)
3
(50, 27)
-> Request 9
1009
(3, 2, 2)
1
(37, 3)
-> Request 10
1323
(1, 2, 1)
1
(47, 37)
-> Request 11
1333
(3, 1, 1)
1
(22, 1)
-> Request 12
1398
(1, 2, 2)
1
(53, 39)
--> Day : 3
-> Request 0
2
(2, 2, 1)
1
(5, 49)
-> Request 1
58
(2, 2, 1)
1
(54, 75)
-> Request 2
653
(3, 1, 2)
3
(61, 42)
-> Request 3
745
(2, 1, 1)
1
(54, 60)
-> Request 4
855
(1, 1, 2)
2
(59, 33)
-> Request 5
972
(2, 1, 1)
1
(54, 58)
--> Day : 4
-> Request 0
103
(1, 3, 2)
3
(64, 65)
-> Request 1
421
(3, 3, 1)
3
(55, 22)
-> Request 2
427
(2, 1, 1)
1
(50, 45)
-> Request 3
714
(2, 3, 1)
1
(64, 56)
-> Request 4
1415
(3, 3, 2)
1
(18, 52)
-> Request 5
1424
(3, 1, 1)
1
(41, 77)
---> Week : 14
--> Day : 0
-> Request 0
763
(1, 3, 1)
2
(41, 62)
-> Request 1
782
(4, 1, 2)
3
(48, 45)
-> Request 2
982
(4, 3, 2)
3
(6, 6)
-> Request 3
1017
(1, 2, 1)
1
(51, 34)
--> Day : 1
-> Request 0
78
(2, 1, 1)
1
(62, 40)
-> Request 1
154
(4, 2, 2)
2
(78, 59)
-> Request 2
1336
(2, 3, 1)
2
(46, 27)
--> Day : 2
-> Request 0
19
(1, 1, 1)
3
(63, 67)
-> Request 1
152
(4, 1, 1)
2
(18, 21)
-> Request 2
154
(1, 2, 2)
3
(63, 78)
-> Request 3
361
(1, 2, 2)
2
(59, 73)
-> Request 4
540
(1, 3, 2)
1
(67, 57)
-> Request 5
573
(1, 1, 2)
1
(58, 29)
-> Request 6
1410
(3, 3, 1)
2
(55, 28)
--> Day : 3
-> Request 0
22
(4, 2, 1)
2
(68, 32)
-> Request 1
323
(1, 3, 1)
3
(62, 34)
-> Request 2
594
(1, 3, 1)
2
(58, 66)
-> Request 3
702
(2, 1, 2)
1
(55, 68)
-> Request 4
1030
(3, 3, 1)
3
(64, 78)
-> Request 5
1184
(4, 3, 2)
2
(55, 76)
--> Day : 4
-> Request 0
113
(2, 3, 2)
1
(45, 17)
-> Request 1
194
(4, 2, 1)
3
(44, 24)
-> Request 2
206
(1, 2, 2)
1
(60, 20)
-> Request 3
646
(4, 1, 2)
2
(51, 64)
-> Request 4
871
(1, 1, 1)
3
(56, 65)
-> Request 5
980
(2, 2, 2)
1
(72, 53)
-> Request 6
1075
(2, 2, 1)
3
(8, 26)
-> Request 7
1132
(2, 2, 1)
2
(53, 40)
---> Week : 15
--> Day : 0
-> Request 0
386
(3, 3, 2)
1
(45, 66)
-> Request 1
483
(4, 3, 2)
2
(76, 9)
-> Request 2
584
(2, 3, 2)
2
(61, 71)
-> Request 3
704
(1, 3, 1)
2
(41, 5)
-> Request 4
903
(1, 3, 2)
1
(9, 31)
-> Request 5
1022
(3, 3, 1)
2
(54, 32)
--> Day : 1
-> Request 0
95
(4, 2, 2)
3
(46, 36)
-> Request 1
398
(4, 1, 1)
2
(62, 38)
-> Request 2
664
(4, 2, 1)
1
(48, 37)
-> Request 3
829
(3, 1, 2)
1
(49, 46)
-> Request 4
939
(1, 2, 1)
3
(66, 51)
-> Request 5
1266
(2, 1, 1)
2
(47, 32)
-> Request 6
1386
(3, 1, 2)
1
(63, 57)
--> Day : 2
-> Request 0
373
(1, 2, 2)
2
(53, 71)
-> Request 1
616
(1, 2, 2)
2
(46, 37)
-> Request 2
1092
(4, 3, 2)
2
(47, 39)
--> Day : 3
-> Request 0
88
(2, 1, 1)
3
(46, 42)
-> Request 1
373
(4, 2, 1)
3
(12, 23)
-> Request 2
556
(3, 3, 2)
1
(24, 39)
-> Request 3
697
(1, 3, 1)
3
(60, 64)
-> Request 4
901
(4, 2, 2)
3
(62, 73)
-> Request 5
1134
(4, 2, 1)
3
(60, 29)
-> Request 6
1163
(4, 3, 2)
2
(66, 28)
--> Day : 4
-> Request 0
107
(1, 1, 2)
2
(0, 36)
-> Request 1
141
(3, 2, 2)
1
(70, 61)
-> Request 2
231
(4, 3, 1)
2
(66, 68)
-> Request 3
709
(2, 1, 1)
3
(40, 33)
-> Request 4
751
(3, 3, 1)
1
(58, 35)
-> Request 5
825
(3, 1, 2)
1
(47, 64)
-> Request 6
1056
(3, 1, 1)
3
(16, 27)
-> Request 7
1144
(1, 1, 1)
1
(59, 37)
-> Request 8
1212
(4, 3, 2)
3
(57, 45)
-> Request 9
1223
(1, 1, 2)
2
(57, 16)
-> Request 10
1299
(2, 2, 2)
3
(50, 40)
---> Week : 16
--> Day : 0
-> Request 0
298
(2, 1, 2)
3
(48, 43)
-> Request 1
400
(4, 2, 2)
1
(71, 36)
-> Request 2
430
(1, 1, 1)
3
(60, 44)
-> Request 3
1147
(3, 3, 2)
2
(63, 13)
-> Request 4
1276
(4, 1, 2)
1
(66, 76)
-> Request 5
1328
(3, 1, 2)
1
(49, 35)
--> Day : 1
-> Request 0
189
(3, 3, 2)
2
(36, 73)
-> Request 1
436
(2, 1, 1)
3
(45, 29)
-> Request 2
490
(2, 2, 1)
3
(62, 49)
-> Request 3
1037
(2, 2, 1)
2
(55, 64)
-> Request 4
1042
(4, 1, 1)
2
(46, 31)
-> Request 5
1048
(2, 1, 2)
2
(1, 63)
--> Day : 2
-> Request 0
91
(3, 3, 2)
2
(2, 34)
-> Request 1
718
(4, 1, 2)
1
(52, 66)
-> Request 2
742
(4, 3, 2)
3
(66, 64)
-> Request 3
1064
(2, 3, 2)
2
(60, 27)
-> Request 4
1146
(3, 1, 1)
1
(6, 36)
-> Request 5
1258
(2, 3, 2)
1
(59, 74)
--> Day : 3
-> Request 0
112
(4, 3, 1)
1
(67, 73)
-> Request 1
310
(4, 1, 2)
1
(36, 46)
-> Request 2
482
(2, 1, 2)
1
(59, 33)
-> Request 3
560
(4, 1, 1)
3
(59, 74)
-> Request 4
687
(2, 2, 2)
2
(50, 45)
-> Request 5
916
(4, 3, 1)
1
(70, 36)
-> Request 6
1360
(1, 2, 1)
2
(67, 41)
--> Day : 4
-> Request 0
364
(2, 1, 2)
1
(18, 70)
-> Request 1
477
(1, 3, 1)
3
(59, 72)
-> Request 2
779
(4, 2, 2)
3
(73, 79)
-> Request 3
792
(2, 2, 1)
2
(50, 38)
-> Request 4
990
(4, 3, 2)
1
(18, 46)
-> Request 5
1117
(2, 2, 2)
1
(45, 28)
-> Request 6
1280
(2, 3, 2)
1
(38, 40)
---> Week : 17
--> Day : 0
-> Request 0
444
(4, 3, 2)
3
(55, 32)
-> Request 1
518
(3, 1, 1)
3
(66, 76)
-> Request 2
922
(2, 1, 1)
1
(54, 28)
-> Request 3
977
(2, 1, 1)
1
(18, 32)
-> Request 4
1372
(2, 1, 1)
1
(76, 54)
--> Day : 1
-> Request 0
537
(3, 2, 2)
3
(57, 59)
-> Request 1
576
(3, 1, 2)
1
(25, 23)
-> Request 2
690
(3, 1, 1)
3
(16, 25)
-> Request 3
1315
(2, 3, 2)
1
(62, 70)
-> Request 4
1408
(2, 1, 1)
3
(50, 43)
--> Day : 2
-> Request 0
783
(1, 2, 1)
3
(48, 41)
-> Request 1
1192
(1, 3, 1)
2
(60, 43)
--> Day : 3
-> Request 0
270
(4, 3, 1)
3
(8, 47)
-> Request 1
435
(2, 2, 1)
1
(53, 73)
-> Request 2
555
(2, 2, 1)
2
(16, 29)
-> Request 3
1184
(4, 1, 1)
2
(52, 65)
-> Request 4
1192
(3, 2, 2)
3
(59, 66)
--> Day : 4
-> Request 0
130
(3, 3, 2)
1
(47, 59)
-> Request 1
200
(1, 2, 1)
1
(54, 65)
-> Request 2
394
(3, 3, 2)
3
(79, 17)
-> Request 3
571
(1, 2, 1)
3
(59, 75)
-> Request 4
627
(4, 2, 1)
3
(49, 44)
-> Request 5
658
(3, 3, 2)
1
(52, 27)
-> Request 6
713
(1, 2, 1)
1
(4, 36)
-> Request 7
867
(3, 1, 2)
3
(29, 22)
-> Request 8
1145
(2, 1, 1)
2
(59, 31)
-> Request 9
1307
(1, 3, 2)
3
(47, 43)
-> Request 10
1307
(3, 1, 1)
1
(69, 21)
---> Week : 18
--> Day : 0
-> Request 0
20
(4, 2, 2)
2
(16, 37)
-> Request 1
112
(3, 1, 2)
1
(45, 33)
-> Request 2
208
(2, 3, 1)
3
(3, 30)
-> Request 3
739
(3, 1, 2)
1
(49, 39)
-> Request 4
883
(1, 2, 2)
1
(63, 78)
-> Request 5
1120
(4, 2, 2)
3
(12, 73)
-> Request 6
1208
(1, 2, 2)
3
(52, 34)
--> Day : 1
-> Request 0
12
(4, 3, 1)
1
(10, 23)
-> Request 1
37
(2, 1, 1)
1
(43, 32)
-> Request 2
60
(4, 1, 2)
1
(46, 35)
-> Request 3
325
(1, 1, 2)
1
(47, 31)
-> Request 4
349
(3, 2, 1)
1
(52, 17)
-> Request 5
712
(3, 3, 1)
3
(4, 31)
-> Request 6
839
(2, 2, 2)
2
(27, 7)
-> Request 7
889
(3, 2, 2)
3
(55, 30)
-> Request 8
1202
(1, 1, 2)
1
(61, 42)
-> Request 9
1237
(3, 2, 2)
2
(49, 28)
--> Day : 2
-> Request 0
118
(2, 3, 1)
1
(62, 66)
-> Request 1
204
(1, 1, 2)
2
(79, 20)
-> Request 2
209
(1, 2, 2)
1
(38, 51)
-> Request 3
350
(2, 2, 2)
3
(36, 25)
-> Request 4
568
(3, 1, 1)
1
(54, 27)
-> Request 5
653
(4, 2, 2)
1
(60, 68)
-> Request 6
700
(4, 1, 2)
3
(34, 25)
-> Request 7
816
(2, 1, 1)
1
(64, 65)
-> Request 8
987
(3, 2, 1)
3
(66, 73)
-> Request 9
1001
(2, 1, 2)
3
(47, 41)
-> Request 10
1232
(1, 1, 1)
1
(6, 47)
-> Request 11
1325
(4, 3, 1)
3
(24, 13)
-> Request 12
1382
(2, 1, 1)
1
(46, 46)
-> Request 13
1384
(1, 2, 1)
3
(70, 60)
-> Request 14
1386
(3, 3, 2)
3
(57, 45)
-> Request 15
1428
(1, 2, 2)
1
(34, 49)
--> Day : 3
-> Request 0
5
(4, 1, 2)
1
(51, 32)
-> Request 1
44
(3, 3, 1)
2
(53, 33)
-> Request 2
431
(3, 1, 1)
3
(58, 64)
-> Request 3
485
(2, 3, 1)
1
(41, 5)
-> Request 4
631
(2, 2, 1)
3
(64, 28)
-> Request 5
1015
(2, 3, 1)
2
(54, 41)
--> Day : 4
-> Request 0
5
(2, 3, 2)
2
(17, 25)
-> Request 1
96
(2, 2, 2)
1
(62, 29)
-> Request 2
278
(3, 1, 2)
2
(13, 5)
-> Request 3
339
(3, 3, 2)
3
(49, 30)
-> Request 4
427
(2, 1, 1)
3
(53, 77)
-> Request 5
528
(1, 3, 2)
1
(43, 27)
-> Request 6
587
(4, 2, 1)
1
(50, 35)
-> Request 7
812
(3, 3, 1)
1
(76, 1)
---> Week : 19
--> Day : 0
-> Request 0
482
(4, 3, 1)
2
(56, 39)
-> Request 1
525
(1, 1, 2)
3
(56, 64)
-> Request 2
831
(1, 2, 2)
2
(38, 57)
--> Day : 1
-> Request 0
95
(2, 1, 1)
3
(54, 62)
-> Request 1
191
(1, 2, 2)
3
(66, 65)
-> Request 2
282
(2, 3, 1)
1
(61, 39)
-> Request 3
312
(2, 3, 2)
3
(63, 68)
-> Request 4
345
(2, 2, 2)
3
(57, 75)
-> Request 5
402
(3, 3, 2)
3
(50, 31)
-> Request 6
510
(4, 3, 1)
2
(25, 52)
-> Request 7
813
(3, 2, 2)
1
(64, 64)
--> Day : 2
-> Request 0
236
(1, 1, 1)
2
(75, 28)
-> Request 1
483
(3, 1, 2)
2
(25, 6)
-> Request 2
1184
(1, 1, 1)
2
(67, 3)
-> Request 3
1248
(4, 1, 1)
1
(63, 76)
--> Day : 3
-> Request 0
361
(1, 3, 2)
1
(50, 35)
-> Request 1
481
(4, 3, 1)
1
(68, 77)
-> Request 2
906
(1, 3, 2)
3
(52, 32)
-> Request 3
1056
(3, 3, 1)
1
(61, 27)
-> Request 4
1328
(1, 1, 2)
3
(53, 67)
--> Day : 4
-> Request 0
109
(3, 1, 2)
2
(57, 37)
-> Request 1
174
(4, 3, 2)
3
(53, 38)
-> Request 2
369
(2, 2, 2)
3
(30, 43)
-> Request 3
745
(1, 2, 1)
3
(9, 23)
-> Request 4
1144
(2, 2, 1)
3
(19, 71)
-> Request 5
1430
(1, 3, 1)
2
(44, 32)
-> Request 6
1438
(4, 3, 2)
2
(62, 35)
