---> Week : 0
--> Day : 0
-> Request 0
561
(3, 1, 2)
1
(8, 15)
-> Request 1
795
(4, 2, 1)
3
(0, 39)
-> Request 2
874
(3, 3, 2)
3
(60, 28)
-> Request 3
883
(2, 3, 1)
2
(62, 43)
-> Request 4
907
(3, 2, 2)
1
(60, 46)
-> Request 5
972
(3, 2, 2)
3
(55, 69)
-> Request 6
973
(1, 2, 1)
3
(50, 35)
-> Request 7
1109
(3, 3, 1)
3
(40, 9)
-> Request 8
1386
(1, 2, 2)
2
(52, 43)
--> Day : 1
-> Request 0
202
(1, 1, 1)
3
(53, 41)
-> Request 1
227
(2, 1, 2)
2
(44, 34)
-> Request 2
257
(3, 1, 2)
2
(47, 28)
-> Request 3
887
(4, 2, 2)
2
(51, 71)
-> Request 4
934
(2, 3, 1)
3
(56, 40)
-> Request 5
1181
(4, 2, 2)
1
(15, 22)
-> Request 6
1215
(1, 3, 1)
3
(46, 36)
-> Request 7
1346
(1, 1, 1)
1
(15, 20)
--> Day : 2
-> Request 0
198
(3, 2, 2)
2
(52, 38)
-> Request 1
269
(1, 2, 2)
3
(62, 70)
-> Request 2
549
(2, 2, 2)
1
(53, 43)
-> Request 3
596
(4, 2, 1)
2
(11, 25)
-> Request 4
600
(2, 2, 2)
2
(77, 20)
-> Request 5
754
(2, 2, 2)
2
(10, 30)
-> Request 6
886
(3, 1, 2)
1
(20, 13)
-> Request 7
918
(1, 3, 1)
2
(53, 46)
-> Request 8
1045
(4, 1, 1)
2
(21, 53)
-> Request 9
1108
(2, 2, 1)
3
(17, 38)
-> Request 10
1414
(1, 3, 2)
1
(58, 29)
--> Day : 3
-> Request 0
105
(2, 2, 2)
3
(47, 45)
-> Request 1
609
(2, 1, 2)
3
(54, 73)
-> Request 2
1074
(3, 2, 2)
2
(50, 45)
-> Request 3
1098
(3, 3, 2)
2
(60, 43)
-> Request 4
1424
(1, 3, 1)
1
(52, 27)
--> Day : 4
-> Request 0
369
(2, 3, 2)
2
(15, 4)
-> Request 1
955
(4, 3, 1)
2
(57, 38)
-> Request 2
960
(2, 1, 2)
1
(62, 46)
-> Request 3
1020
(4, 2, 1)
2
(45, 43)
-> Request 4
1020
(4, 3, 2)
1
(39, 10)
---> Week : 1
--> Day : 0
-> Request 0
21
(3, 1, 2)
2
(57, 46)
-> Request 1
86
(1, 1, 2)
2
(27, 23)
-> Request 2
466
(2, 3, 2)
1
(46, 28)
-> Request 3
552
(2, 3, 2)
2
(57, 45)
-> Request 4
1090
(4, 2, 1)
2
(71, 48)
--> Day : 1
-> Request 0
29
(2, 3, 2)
3
(63, 68)
-> Request 1
175
(3, 2, 1)
1
(10, 61)
-> Request 2
981
(3, 1, 1)
3
(48, 43)
-> Request 3
1003
(1, 2, 2)
2
(39, 58)
-> Request 4
1076
(2, 2, 1)
2
(12, 7)
-> Request 5
1195
(2, 2, 2)
1
(62, 56)
-> Request 6
1305
(3, 3, 1)
3
(56, 38)
-> Request 7
1342
(4, 1, 2)
2
(65, 71)
--> Day : 2
-> Request 0
86
(4, 3, 2)
3
(11, 29)
-> Request 1
577
(2, 1, 1)
2
(62, 28)
-> Request 2
938
(3, 2, 2)
2
(52, 22)
--> Day : 3
-> Request 0
226
(3, 3, 2)
1
(55, 69)
-> Request 1
889
(2, 2, 2)
1
(59, 75)
-> Request 2
1033
(4, 2, 2)
2
(61, 71)
-> Request 3
1038
(3, 3, 1)
3
(50, 32)
-> Request 4
1436
(3, 3, 1)
2
(66, 67)
--> Day : 4
-> Request 0
13
(2, 1, 2)
2
(17, 20)
-> Request 1
409
(3, 3, 2)
1
(14, 20)
-> Request 2
461
(4, 1, 1)
1
(57, 38)
-> Request 3
514
(2, 2, 2)
1
(45, 61)
-> Request 4
683
(1, 2, 1)
3
(60, 24)
-> Request 5
821
(4, 1, 1)
1
(65, 66)
-> Request 6
908
(1, 3, 2)
3
(10, 20)
-> Request 7
921
(2, 2, 1)
3
(18, 35)
-> Request 8
975
(3, 2, 2)
3
(46, 29)
-> Request 9
1042
(3, 3, 1)
2
(43, 41)
-> Request 10
1061
(3, 2, 2)
1
(57, 44)
-> Request 11
1432
(3, 2, 1)
2
(53, 38)
---> Week : 2
--> Day : 0
-> Request 0
994
(4, 2, 1)
1
(67, 35)
-> Request 1
1133
(3, 1, 1)
3
(59, 35)
-> Request 2
1165
(4, 1, 1)
1
(49, 38)
--> Day : 1
-> Request 0
56
(2, 2, 2)
2
(59, 29)
-> Request 1
165
(3, 2, 1)
3
(48, 26)
-> Request 2
765
(3, 3, 1)
2
(7, 11)
-> Request 3
846
(1, 3, 1)
2
(55, 76)
-> Request 4
1311
(2, 1, 1)
1
(46, 37)
-> Request 5
1341
(3, 2, 1)
1
(61, 36)
-> Request 6
1362
(4, 2, 2)
2
(37, 56)
--> Day : 2
-> Request 0
171
(1, 1, 2)
3
(45, 36)
-> Request 1
723
(4, 1, 2)
1
(31, 3)
-> Request 2
754
(3, 2, 1)
1
(61, 46)
-> Request 3
760
(3, 1, 2)
3
(32, 2)
-> Request 4
786
(1, 3, 2)
2
(14, 24)
-> Request 5
1285
(3, 1, 1)
3
(30, 55)
-> Request 6
1432
(1, 3, 1)
2
(19, 72)
--> Day : 3
-> Request 0
605
(4, 2, 2)
1
(33, 26)
-> Request 1
923
(3, 2, 2)
2
(52, 38)
-> Request 2
1095
(2, 1, 1)
1
(79, 43)
-> Request 3
1212
(1, 1, 2)
2
(55, 30)
--> Day : 4
-> Request 0
201
(3, 2, 2)
2
(55, 41)
-> Request 1
220
(1, 2, 2)
2
(59, 29)
-> Request 2
373
(1, 1, 1)
1
(64, 6)
-> Request 3
498
(4, 2, 2)
1
(55, 70)
-> Request 4
683
(2, 1, 1)
3
(56, 21)
-> Request 5
861
(2, 1, 1)
2
(63, 78)
-> Request 6
1058
(4, 2, 2)
3
(61, 14)
-> Request 7
1404
(4, 1, 2)
2
(10, 28)
---> Week : 3
--> Day : 0
-> Request 0
180
(2, 3, 1)
1
(24, 26)
-> Request 1
748
(2, 1, 2)
3
(3, 55)
-> Request 2
841
(4, 2, 2)
1
(65, 64)
-> Request 3
895
(4, 1, 1)
1
(53, 65)
-> Request 4
974
(1, 2, 2)
1
(65, 20)
-> Request 5
1040
(1, 1, 2)
2
(62, 68)
-> Request 6
1191
(2, 2, 1)
1
(53, 72)
--> Day : 1
-> Request 0
462
(4, 3, 1)
1
(43, 42)
-> Request 1
639
(4, 2, 2)
1
(49, 8)
-> Request 2
749
(2, 2, 1)
2
(40, 40)
-> Request 3
912
(2, 3, 2)
3
(72, 44)
-> Request 4
1143
(1, 2, 1)
2
(52, 35)
--> Day : 2
-> Request 0
273
(2, 3, 2)
2
(64, 67)
-> Request 1
399
(2, 3, 2)
1
(48, 27)
-> Request 2
425
(1, 3, 2)
3
(28, 54)
-> Request 3
898
(4, 2, 2)
3
(46, 39)
-> Request 4
1057
(1, 1, 2)
1
(22, 13)
-> Request 5
1098
(4, 3, 1)
3
(61, 16)
-> Request 6
1139
(3, 3, 2)
2
(49, 17)
--> Day : 3
-> Request 0
593
(2, 3, 2)
1
(58, 72)
-> Request 1
805
(2, 1, 1)
2
(60, 75)
-> Request 2
892
(4, 1, 1)
2
(59, 65)
-> Request 3
1102
(2, 2, 1)
2
(54, 52)
-> Request 4
1161
(2, 2, 1)
1
(55, 29)
-> Request 5
1337
(1, 2, 2)
2
(56, 73)
-> Request 6
1397
(3, 3, 2)
2
(49, 66)
--> Day : 4
-> Request 0
7
(4, 3, 1)
1
(55, 38)
-> Request 1
93
(3, 2, 2)
1
(59, 75)
-> Request 2
521
(2, 3, 2)
3
(8, 1)
-> Request 3
841
(3, 1, 1)
1
(7, 66)
-> Request 4
931
(2, 3, 2)
3
(50, 37)
-> Request 5
954
(2, 3, 1)
1
(47, 28)
-> Request 6
1009
(1, 3, 1)
1
(12, 25)
-> Request 7
1256
(3, 3, 2)
3
(45, 57)
-> Request 8
1339
(4, 1, 1)
3
(57, 36)
-> Request 9
1438
(3, 1, 2)
2
(55, 74)
---> Week : 4
--> Day : 0
-> Request 0
111
(3, 1, 2)
3
(39, 17)
-> Request 1
629
(3, 2, 1)
1
(48, 6)
-> Request 2
634
(1, 2, 1)
1
(50, 43)
-> Request 3
747
(1, 3, 1)
2
(51, 30)
-> Request 4
814
(1, 2, 2)
1
(10, 78)
-> Request 5
1059
(4, 1, 2)
2
(56, 30)
-> Request 6
1090
(3, 3, 2)
1
(58, 67)
-> Request 7
1236
(2, 2, 2)
1
(66, 67)
--> Day : 1
-> Request 0
392
(2, 3, 2)
2
(46, 29)
-> Request 1
738
(4, 2, 2)
3
(12, 28)
-> Request 2
741
(4, 3, 2)
3
(62, 32)
-> Request 3
932
(2, 3, 1)
2
(52, 67)
-> Request 4
940
(3, 3, 1)
1
(22, 48)
-> Request 5
1193
(2, 2, 2)
3
(23, 11)
-> Request 6
1313
(1, 2, 1)
1
(65, 34)
--> Day : 2
-> Request 0
159
(3, 3, 1)
1
(29, 61)
-> Request 1
628
(1, 1, 2)
1
(59, 76)
-> Request 2
1013
(1, 3, 1)
3
(55, 32)
--> Day : 3
-> Request 0
162
(4, 2, 2)
2
(43, 38)
-> Request 1
457
(2, 1, 1)
3
(56, 23)
-> Request 2
484
(3, 1, 1)
2
(25, 55)
-> Request 3
1054
(2, 2, 2)
2
(6, 70)
-> Request 4
1084
(2, 3, 2)
2
(61, 41)
-> Request 5
1094
(2, 3, 2)
2
(16, 33)
-> Request 6
1211
(1, 2, 1)
1
(44, 44)
--> Day : 4
-> Request 0
49
(4, 1, 2)
1
(10, 41)
-> Request 1
82
(1, 1, 1)
2
(49, 1)
-> Request 2
333
(3, 2, 1)
1
(48, 44)
-> Request 3
461
(3, 3, 2)
3
(78, 30)
-> Request 4
1211
(2, 1, 2)
2
(41, 36)
-> Request 5
1299
(4, 1, 2)
3
(45, 38)
---> Week : 5
--> Day : 0
-> Request 0
134
(2, 2, 1)
1
(61, 29)
-> Request 1
231
(4, 2, 1)
1
(35, 71)
-> Request 2
353
(1, 2, 1)
1
(48, 46)
-> Request 3
360
(3, 3, 1)
2
(75, 55)
-> Request 4
448
(2, 2, 2)
2
(58, 32)
-> Request 5
499
(4, 3, 2)
1
(56, 70)
-> Request 6
796
(1, 3, 1)
3
(1, 72)
-> Request 7
830
(4, 2, 1)
1
(60, 67)
-> Request 8
1377
(3, 1, 1)
1
(60, 43)
--> Day : 1
-> Request 0
769
(1, 3, 1)
3
(44, 35)
-> Request 1
918
(4, 1, 1)
1
(17, 26)
-> Request 2
1046
(1, 3, 2)
2
(65, 4)
-> Request 3
1061
(1, 3, 1)
2
(76, 32)
-> Request 4
1406
(4, 2, 1)
1
(60, 66)
-> Request 5
1428
(3, 3, 1)
2
(16, 21)
--> Day : 2
-> Request 0
297
(1, 2, 2)
3
(32, 44)
-> Request 1
437
(1, 1, 2)
1
(9, 29)
-> Request 2
475
(2, 3, 2)
2
(61, 33)
-> Request 3
737
(2, 2, 1)
2
(1, 55)
-> Request 4
738
(4, 3, 2)
1
(12, 50)
-> Request 5
1010
(3, 3, 1)
1
(63, 38)
-> Request 6
1189
(4, 1, 1)
2
(8, 72)
-> Request 7
1341
(1, 1, 1)
1
(43, 36)
-> Request 8
1354
(1, 3, 1)
2
(46, 33)
--> Day : 3
-> Request 0
16
(4, 1, 1)
1
(56, 73)
-> Request 1
623
(3, 2, 1)
1
(58, 6)
-> Request 2
914
(4, 2, 1)
1
(58, 39)
-> Request 3
1332
(2, 3, 2)
3
(62, 71)
--> Day : 4
-> Request 0
347
(2, 1, 2)
1
(72, 76)
-> Request 1
355
(3, 2, 1)
3
(6, 28)
-> Request 2
597
(2, 1, 2)
3
(6, 32)
-> Request 3
1283
(3, 1, 2)
3
(54, 42)
---> Week : 6
--> Day : 0
-> Request 0
14
(4, 1, 1)
1
(53, 74)
-> Request 1
228
(1, 3, 1)
3
(60, 36)
-> Request 2
933
(4, 3, 1)
1
(55, 28)
-> Request 3
941
(2, 3, 1)
2
(49, 32)
-> Request 4
1344
(4, 1, 2)
3
(79, 8)
-> Request 5
1407
(2, 1, 2)
2
(60, 29)
--> Day : 1
-> Request 0
160
(2, 2, 2)
1
(16, 26)
-> Request 1
220
(3, 1, 1)
1
(53, 32)
-> Request 2
659
(4, 3, 1)
1
(64, 71)
-> Request 3
785
(2, 3, 2)
3
(1, 57)
-> Request 4
1067
(1, 2, 1)
2
(61, 45)
-> Request 5
1413
(3, 1, 1)
2
(2, 17)
--> Day : 2
-> Request 0
24
(1, 1, 2)
1
(68, 42)
-> Request 1
335
(1, 1, 1)
2
(54, 12)
-> Request 2
404
(3, 1, 1)
3
(39, 32)
-> Request 3
578
(4, 2, 1)
2
(19, 17)
-> Request 4
951
(4, 1, 1)
3
(73, 42)
-> Request 5
1100
(3, 1, 1)
1
(76, 57)
--> Day : 3
-> Request 0
243
(4, 3, 1)
2
(69, 22)
-> Request 1
311
(4, 2, 1)
1
(10, 53)
-> Request 2
337
(1, 2, 1)
3
(49, 27)
-> Request 3
523
(3, 2, 2)
1
(47, 72)
-> Request 4
624
(2, 3, 1)
3
(72, 51)
-> Request 5
692
(4, 2, 1)
3
(56, 39)
-> Request 6
699
(2, 1, 2)
2
(59, 54)
-> Request 7
721
(1, 1, 2)
3
(56, 31)
-> Request 8
836
(3, 2, 1)
3
(54, 65)
-> Request 9
1419
(3, 1, 2)
1
(22, 53)
--> Day : 4
-> Request 0
224
(4, 1, 2)
3
(42, 46)
-> Request 1
330
(4, 3, 1)
2
(45, 36)
-> Request 2
507
(4, 2, 1)
1
(60, 77)
-> Request 3
914
(1, 1, 2)
2
(57, 39)
---> Week : 7
--> Day : 0
-> Request 0
411
(3, 2, 1)
1
(43, 39)
-> Request 1
560
(1, 3, 1)
3
(57, 65)
-> Request 2
657
(2, 1, 1)
1
(25, 58)
-> Request 3
1146
(2, 2, 1)
2
(50, 41)
--> Day : 1
-> Request 0
297
(2, 3, 1)
2
(69, 1)
-> Request 1
426
(2, 3, 1)
3
(64, 65)
-> Request 2
927
(3, 3, 1)
3
(14, 28)
-> Request 3
1293
(4, 3, 2)
2
(51, 30)
--> Day : 2
-> Request 0
63
(4, 1, 1)
2
(47, 64)
-> Request 1
152
(2, 3, 1)
2
(10, 20)
-> Request 2
257
(2, 3, 2)
3
(56, 67)
-> Request 3
375
(1, 1, 1)
2
(47, 18)
-> Request 4
403
(1, 2, 1)
3
(71, 68)
-> Request 5
454
(3, 3, 1)
1
(63, 67)
-> Request 6
1021
(4, 2, 2)
1
(66, 78)
-> Request 7
1024
(3, 1, 2)
3
(59, 75)
-> Request 8
1341
(4, 2, 1)
2
(0, 48)
-> Request 9
1373
(1, 2, 2)
1
(42, 40)
--> Day : 3
-> Request 0
54
(1, 1, 2)
1
(51, 39)
-> Request 1
140
(4, 2, 1)
3
(72, 37)
-> Request 2
290
(2, 2, 1)
1
(6, 38)
-> Request 3
695
(1, 3, 2)
1
(47, 45)
-> Request 4
1120
(2, 1, 1)
1
(66, 1)
--> Day : 4
-> Request 0
231
(4, 2, 2)
2
(57, 45)
-> Request 1
645
(1, 1, 1)
1
(11, 20)
-> Request 2
713
(2, 2, 2)
2
(45, 38)
-> Request 3
798
(4, 3, 2)
1
(46, 41)
-> Request 4
1399
(1, 1, 2)
2
(47, 42)
---> Week : 8
--> Day : 0
-> Request 0
97
(4, 2, 2)
1
(45, 45)
-> Request 1
527
(4, 2, 2)
2
(50, 38)
-> Request 2
1147
(3, 2, 2)
3
(55, 68)
-> Request 3
1186
(2, 2, 2)
3
(44, 38)
-> Request 4
1326
(3, 2, 2)
2
(51, 28)
-> Request 5
1341
(1, 3, 2)
1
(71, 53)
--> Day : 1
-> Request 0
77
(4, 2, 1)
3
(46, 28)
-> Request 1
94
(3, 1, 1)
3
(53, 73)
-> Request 2
378
(4, 1, 1)
3
(64, 71)
-> Request 3
963
(3, 1, 1)
3
(60, 46)
--> Day : 2
-> Request 0
616
(3, 2, 1)
1
(56, 67)
-> Request 1
811
(1, 1, 2)
3
(20, 51)
-> Request 2
902
(4, 1, 2)
3
(56, 73)
-> Request 3
1051
(4, 2, 2)
1
(15, 26)
-> Request 4
1233
(4, 1, 1)
2
(15, 35)
-> Request 5
1422
(4, 2, 1)
1
(27, 1)
--> Day : 3
-> Request 0
28
(3, 2, 1)
2
(79, 41)
-> Request 1
133
(2, 3, 1)
3
(32, 48)
-> Request 2
203
(2, 1, 1)
3
(63, 70)
-> Request 3
261
(4, 2, 1)
2
(38, 51)
-> Request 4
431
(3, 2, 1)
1
(56, 77)
-> Request 5
564
(4, 3, 1)
1
(44, 34)
-> Request 6
849
(4, 1, 2)
1
(22, 75)
-> Request 7
1038
(1, 2, 2)
1
(76, 19)
-> Request 8
1229
(3, 3, 2)
1
(36, 63)
-> Request 9
1275
(2, 2, 1)
3
(75, 21)
-> Request 10
1380
(2, 3, 1)
1
(77, 33)
-> Request 11
1428
(2, 1, 1)
1
(58, 65)
--> Day : 4
-> Request 0
438
(1, 2, 1)
3
(43, 28)
-> Request 1
548
(3, 1, 2)
3
(45, 34)
-> Request 2
591
(2, 2, 1)
2
(58, 40)
-> Request 3
902
(3, 2, 2)
2
(55, 36)
-> Request 4
1103
(1, 3, 2)
2
(66, 70)
-> Request 5
1259
(1, 3, 2)
2
(63, 38)
-> Request 6
1352
(4, 3, 1)
2
(50, 37)
---> Week : 9
--> Day : 0
-> Request 0
483
(4, 3, 1)
1
(66, 0)
-> Request 1
594
(3, 1, 2)
3
(56, 28)
-> Request 2
871
(1, 2, 2)
1
(78, 32)
-> Request 3
1283
(1, 2, 2)
1
(27, 71)
-> Request 4
1380
(1, 2, 2)
2
(11, 24)
--> Day : 1
-> Request 0
146
(4, 2, 2)
1
(48, 32)
-> Request 1
364
(3, 2, 1)
2
(53, 67)
-> Request 2
398
(1, 1, 2)
2
(58, 77)
-> Request 3
449
(3, 1, 2)
3
(53, 51)
-> Request 4
839
(2, 1, 2)
3
(41, 23)
--> Day : 2
-> Request 0
290
(4, 1, 2)
3
(13, 22)
-> Request 1
315
(3, 2, 1)
2
(47, 26)
-> Request 2
417
(3, 1, 2)
2
(54, 35)
-> Request 3
834
(2, 2, 2)
3
(53, 31)
-> Request 4
1029
(3, 3, 1)
2
(0, 39)
--> Day : 3
-> Request 0
19
(1, 2, 2)
2
(21, 10)
-> Request 1
131
(2, 1, 2)
1
(70, 65)
-> Request 2
335
(4, 3, 1)
1
(60, 34)
-> Request 3
405
(3, 3, 2)
1
(50, 31)
-> Request 4
707
(4, 3, 1)
1
(20, 56)
-> Request 5
1156
(4, 1, 2)
2
(11, 50)
--> Day : 4
-> Request 0
13
(3, 2, 2)
3
(52, 75)
-> Request 1
98
(3, 3, 2)
3
(13, 29)
-> Request 2
851
(1, 3, 2)
1
(61, 67)
-> Request 3
903
(4, 1, 1)
2
(47, 27)
-> Request 4
957
(2, 1, 1)
2
(44, 33)
-> Request 5
1190
(3, 3, 2)
2
(23, 6)
-> Request 6
1328
(2, 1, 1)
1
(46, 57)
---> Week : 10
--> Day : 0
-> Request 0
388
(2, 3, 1)
3
(29, 51)
-> Request 1
475
(1, 1, 2)
3
(47, 31)
-> Request 2
621
(1, 2, 1)
3
(70, 74)
-> Request 3
810
(2, 1, 1)
1
(50, 30)
-> Request 4
913
(2, 1, 1)
1
(60, 27)
-> Request 5
920
(1, 2, 2)
1
(13, 24)
-> Request 6
961
(1, 1, 2)
3
(65, 64)
-> Request 7
1032
(4, 2, 1)
1
(58, 75)
-> Request 8
1227
(2, 3, 1)
2
(59, 27)
-> Request 9
1413
(3, 1, 1)
2
(13, 26)
--> Day : 1
-> Request 0
174
(3, 2, 2)
2
(48, 57)
-> Request 1
334
(1, 2, 2)
1
(27, 55)
-> Request 2
356
(4, 2, 1)
3
(36, 58)
-> Request 3
418
(2, 1, 1)
3
(57, 42)
-> Request 4
544
(3, 2, 2)
2
(49, 78)
-> Request 5
562
(1, 2, 2)
1
(60, 30)
-> Request 6
825
(4, 1, 2)
3
(54, 76)
-> Request 7
888
(3, 3, 1)
2
(44, 39)
--> Day : 2
-> Request 0
32
(1, 1, 1)
1
(45, 34)
-> Request 1
461
(2, 1, 1)
1
(46, 35)
-> Request 2
548
(1, 1, 1)
3
(48, 32)
-> Request 3
901
(4, 3, 2)
1
(50, 27)
-> Request 4
1053
(2, 3, 2)
3
(59, 43)
--> Day : 3
-> Request 0
106
(2, 3, 1)
1
(11, 68)
-> Request 1
322
(2, 2, 1)
3
(45, 36)
-> Request 2
428
(3, 1, 1)
2
(0, 36)
-> Request 3
685
(3, 1, 1)
2
(28, 41)
-> Request 4
844
(4, 3, 1)
1
(32, 68)
-> Request 5
903
(3, 1, 1)
1
(37, 35)
-> Request 6
941
(1, 3, 1)
2
(60, 30)
-> Request 7
972
(4, 3, 1)
1
(77, 14)
-> Request 8
1090
(1, 3, 1)
1
(8, 41)
-> Request 9
1097
(1, 1, 2)
1
(47, 43)
-> Request 10
1345
(1, 1, 1)
3
(62, 70)
-> Request 11
1359
(3, 2, 1)
3
(50, 41)
-> Request 12
1432
(4, 1, 2)
1
(66, 70)
--> Day : 4
-> Request 0
260
(2, 1, 1)
3
(62, 40)
-> Request 1
791
(2, 3, 1)
1
(11, 22)
-> Request 2
912
(4, 3, 1)
2
(73, 6)
-> Request 3
1140
(1, 2, 2)
2
(14, 5)
---> Week : 11
--> Day : 0
-> Request 0
600
(1, 3, 2)
1
(66, 68)
-> Request 1
800
(1, 2, 2)
2
(48, 32)
-> Request 2
934
(1, 2, 1)
2
(53, 30)
-> Request 3
1084
(3, 3, 2)
2
(58, 36)
-> Request 4
1242
(1, 3, 2)
1
(51, 16)
-> Request 5
1380
(4, 2, 1)
1
(59, 35)
--> Day : 1
-> Request 0
67
(1, 3, 1)
2
(66, 73)
-> Request 1
100
(1, 1, 1)
2
(42, 38)
-> Request 2
111
(4, 3, 2)
3
(60, 59)
-> Request 3
387
(2, 1, 2)
3
(53, 41)
-> Request 4
641
(1, 2, 2)
2
(22, 12)
-> Request 5
698
(3, 2, 2)
2
(53, 41)
-> Request 6
940
(2, 2, 1)
3
(52, 29)
-> Request 7
940
(1, 2, 1)
2
(28, 64)
--> Day : 2
-> Request 0
40
(2, 3, 1)
1
(64, 72)
-> Request 1
149
(1, 2, 1)
2
(52, 34)
-> Request 2
515
(2, 1, 2)
1
(47, 14)
-> Request 3
941
(1, 3, 2)
1
(14, 37)
-> Request 4
986
(1, 3, 2)
3
(38, 79)
-> Request 5
1135
(3, 3, 1)
3
(62, 39)
-> Request 6
1138
(3, 1, 1)
3
(59, 69)
-> Request 7
1222
(4, 1, 2)
1
(62, 35)
--> Day : 3
-> Request 0
80
(1, 2, 2)
1
(62, 77)
-> Request 1
810
(3, 3, 1)
3
(55, 62)
-> Request 2
814
(1, 2, 2)
2
(50, 27)
-> Request 3
1030
(2, 3, 2)
3
(62, 37)
-> Request 4
1357
(3, 1, 2)
2
(9, 3)
--> Day : 4
-> Request 0
50
(2, 3, 2)
3
(54, 43)
-> Request 1
238
(2, 3, 1)
1
(2, 51)
-> Request 2
242
(3, 1, 2)
1
(61, 36)
-> Request 3
256
(2, 1, 2)
3
(0, 67)
-> Request 4
622
(1, 3, 1)
3
(1, 68)
-> Request 5
752
(1, 2, 1)
3
(62, 30)
-> Request 6
811
(4, 2, 1)
1
(51, 7)
-> Request 7
967
(2, 2, 2)
3
(15, 21)
-> Request 8
1316
(2, 2, 2)
3
(62, 38)
-> Request 9
1377
(4, 3, 2)
1
(10, 34)
---> Week : 12
--> Day : 0
-> Request 0
61
(4, 2, 1)
2
(50, 31)
-> Request 1
196
(2, 3, 1)
2
(60, 53)
-> Request 2
313
(3, 3, 2)
1
(59, 76)
-> Request 3
395
(4, 3, 2)
3
(52, 38)
-> Request 4
658
(2, 3, 2)
2
(29, 25)
-> Request 5
743
(2, 3, 2)
1
(56, 34)
-> Request 6
1062
(3, 3, 2)
3
(58, 71)
-> Request 7
1251
(3, 3, 2)
3
(64, 65)
-> Request 8
1269
(4, 3, 2)
3
(38, 53)
-> Request 9
1280
(1, 3, 1)
3
(39, 10)
--> Day : 1
-> Request 0
92
(2, 3, 1)
3
(52, 29)
-> Request 1
285
(3, 2, 1)
2
(69, 66)
-> Request 2
595
(3, 2, 1)
2
(54, 69)
-> Request 3
636
(1, 3, 2)
1
(37, 16)
-> Request 4
724
(1, 3, 2)
1
(8, 2)
-> Request 5
966
(2, 1, 2)
2
(66, 67)
-> Request 6
1271
(3, 1, 2)
2
(30, 75)
--> Day : 2
-> Request 0
50
(3, 3, 2)
2
(27, 73)
-> Request 1
272
(3, 1, 2)
3
(27, 21)
-> Request 2
315
(1, 1, 1)
2
(45, 16)
-> Request 3
370
(3, 3, 2)
3
(65, 71)
-> Request 4
379
(4, 3, 1)
2
(13, 27)
-> Request 5
528
(1, 1, 1)
3
(59, 69)
-> Request 6
1114
(4, 3, 1)
2
(54, 68)
--> Day : 3
-> Request 0
379
(2, 2, 2)
1
(79, 4)
-> Request 1
457
(3, 1, 1)
3
(48, 42)
-> Request 2
1040
(3, 1, 2)
2
(53, 78)
-> Request 3
1127
(2, 3, 2)
3
(61, 75)
-> Request 4
1257
(1, 2, 2)
1
(45, 46)
-> Request 5
1262
(3, 1, 2)
3
(12, 27)
-> Request 6
1425
(4, 2, 1)
2
(68, 71)
--> Day : 4
-> Request 0
331
(2, 3, 2)
3
(21, 30)
-> Request 1
611
(4, 2, 1)
1
(12, 27)
-> Request 2
833
(1, 1, 1)
2
(63, 31)
-> Request 3
1138
(3, 3, 1)
1
(14, 26)
-> Request 4
1140
(3, 2, 2)
1
(50, 77)
-> Request 5
1281
(3, 1, 1)
2
(62, 13)
---> Week : 13
--> Day : 0
-> Request 0
417
(2, 3, 2)
3
(44, 15)
-> Request 1
558
(1, 1, 1)
1
(57, 74)
-> Request 2
627
(4, 1, 1)
1
(53, 74)
-> Request 3
663
(1, 2, 1)
2
(20, 51)
-> Request 4
841
(2, 3, 2)
2
(4, 34)
-> Request 5
1175
(4, 3, 1)
3
(52, 56)
-> Request 6
1269
(4, 1, 1)
3
(67, 49)
-> Request 7
1384
(2, 1, 1)
1
(52, 75)
--> Day : 1
-> Request 0
262
(2, 2, 2)
3
(75, 69)
-> Request 1
265
(2, 2, 1)
1
(72, 32)
-> Request 2
369
(4, 3, 2)
1
(55, 28)
-> Request 3
742
(2, 2, 2)
2
(54, 10)
-> Request 4
945
(4, 2, 1)
1
(11, 43)
-> Request 5
1082
(1, 2, 1)
1
(45, 31)
--> Day : 2
-> Request 0
526
(2, 3, 1)
3
(62, 37)
-> Request 1
910
(4, 2, 2)
3
(59, 33)
--> Day : 3
-> Request 0
179
(1, 3, 2)
1
(55, 33)
-> Request 1
198
(1, 2, 2)
3
(56, 37)
-> Request 2
215
(4, 2, 2)
2
(52, 40)
-> Request 3
258
(4, 2, 1)
2
(48, 29)
-> Request 4
510
(1, 2, 1)
3
(49, 29)
-> Request 5
609
(3, 2, 2)
3
(15, 27)
-> Request 6
676
(1, 2, 2)
2
(59, 5)
-> Request 7
1195
(4, 1, 2)
3
(65, 78)
--> Day : 4
-> Request 0
85
(4, 2, 1)
1
(55, 75)
-> Request 1
255
(1, 2, 2)
1
(39, 16)
-> Request 2
323
(4, 1, 2)
3
(77, 16)
-> Request 3
390
(3, 3, 2)
1
(50, 30)
-> Request 4
1067
(3, 3, 1)
1
(37, 17)
-> Request 5
1369
(3, 2, 1)
3
(11, 43)
-> Request 6
1417
(1, 1, 1)
3
(9, 57)
---> Week : 14
--> Day : 0
-> Request 0
21
(2, 3, 2)
2
(10, 20)
-> Request 1
488
(4, 1, 2)
1
(11, 20)
-> Request 2
717
(3, 3, 1)
1
(54, 48)
-> Request 3
795
(2, 1, 2)
2
(57, 67)
-> Request 4
1179
(4, 2, 1)
2
(28, 13)
--> Day : 1
-> Request 0
91
(1, 3, 2)
1
(63, 68)
-> Request 1
160
(3, 1, 2)
3
(33, 72)
-> Request 2
278
(4, 2, 1)
2
(46, 29)
-> Request 3
493
(1, 3, 1)
2
(60, 30)
-> Request 4
841
(4, 2, 2)
3
(34, 54)
-> Request 5
931
(4, 2, 1)
1
(15, 13)
-> Request 6
1163
(1, 3, 1)
1
(55, 44)
-> Request 7
1190
(4, 1, 1)
1
(1, 78)
--> Day : 2
-> Request 0
478
(4, 2, 1)
2
(50, 36)
-> Request 1
688
(1, 3, 2)
1
(45, 49)
-> Request 2
979
(1, 2, 1)
2
(16, 25)
-> Request 3
1005
(2, 3, 2)
2
(9, 28)
-> Request 4
1157
(1, 3, 1)
2
(16, 29)
--> Day : 3
-> Request 0
380
(4, 2, 1)
2
(77, 14)
-> Request 1
576
(4, 3, 2)
2
(65, 43)
-> Request 2
728
(2, 2, 1)
3
(76, 59)
-> Request 3
743
(4, 3, 2)
3
(6, 68)
--> Day : 4
-> Request 0
53
(1, 3, 1)
2
(34, 54)
-> Request 1
269
(2, 3, 2)
2
(59, 66)
-> Request 2
279
(2, 3, 2)
2
(40, 23)
-> Request 3
348
(2, 3, 2)
2
(79, 70)
-> Request 4
393
(1, 3, 1)
1
(40, 19)
-> Request 5
632
(1, 3, 2)
2
(59, 76)
-> Request 6
1311
(2, 1, 1)
2
(25, 20)
-> Request 7
1409
(1, 3, 2)
1
(62, 10)
---> Week : 15
--> Day : 0
-> Request 0
406
(4, 2, 1)
3
(31, 4)
-> Request 1
463
(4, 3, 1)
3
(52, 31)
-> Request 2
701
(3, 2, 2)
2
(30, 47)
--> Day : 1
-> Request 0
0
(2, 3, 1)
1
(22, 13)
-> Request 1
54
(3, 2, 1)
3
(17, 77)
-> Request 2
180
(4, 1, 2)
1
(47, 42)
-> Request 3
207
(3, 2, 1)
3
(26, 35)
-> Request 4
344
(1, 3, 2)
1
(54, 74)
-> Request 5
493
(1, 3, 1)
1
(53, 39)
-> Request 6
1070
(1, 1, 1)
1
(47, 36)
-> Request 7
1079
(1, 1, 1)
3
(31, 66)
-> Request 8
1087
(2, 1, 2)
1
(62, 42)
--> Day : 2
-> Request 0
38
(1, 2, 1)
3
(64, 68)
-> Request 1
131
(2, 1, 1)
3
(10, 21)
-> Request 2
467
(3, 3, 2)
1
(58, 65)
-> Request 3
613
(2, 2, 2)
3
(57, 71)
-> Request 4
804
(1, 3, 1)
2
(59, 54)
-> Request 5
1240
(3, 2, 1)
2
(67, 20)
-> Request 6
1410
(4, 2, 1)
1
(33, 36)
--> Day : 3
-> Request 0
241
(3, 3, 1)
1
(66, 6)
-> Request 1
515
(2, 3, 1)
1
(51, 41)
-> Request 2
751
(4, 3, 2)
1
(61, 46)
-> Request 3
993
(1, 2, 2)
2
(34, 17)
-> Request 4
1188
(4, 1, 1)
1
(56, 72)
--> Day : 4
-> Request 0
461
(1, 3, 1)
2
(56, 77)
-> Request 1
624
(3, 3, 1)
3
(12, 21)
-> Request 2
787
(4, 1, 2)
2
(69, 9)
-> Request 3
1028
(2, 1, 1)
1
(55, 46)
-> Request 4
1179
(4, 2, 1)
1
(8, 61)
---> Week : 16
--> Day : 0
-> Request 0
106
(4, 1, 1)
1
(5, 0)
-> Request 1
120
(3, 1, 1)
3
(43, 35)
-> Request 2
460
(4, 3, 1)
1
(52, 32)
-> Request 3
551
(4, 3, 1)
3
(53, 52)
-> Request 4
648
(1, 3, 1)
2
(45, 62)
-> Request 5
735
(1, 1, 1)
1
(61, 27)
--> Day : 1
-> Request 0
53
(1, 3, 1)
1
(63, 62)
-> Request 1
530
(4, 2, 2)
2
(60, 76)
-> Request 2
1280
(2, 2, 2)
1
(17, 67)
-> Request 3
1284
(4, 1, 1)
3
(11, 20)
-> Request 4
1414
(3, 1, 1)
2
(1, 29)
--> Day : 2
-> Request 0
681
(1, 3, 2)
1
(55, 43)
-> Request 1
1334
(4, 3, 1)
3
(15, 24)
--> Day : 3
-> Request 0
236
(1, 3, 1)
2
(8, 6)
-> Request 1
382
(1, 2, 2)
3
(62, 28)
-> Request 2
494
(3, 2, 1)
2
(22, 45)
-> Request 3
648
(1, 2, 1)
1
(58, 51)
-> Request 4
883
(1, 3, 1)
2
(47, 40)
-> Request 5
1076
(4, 2, 2)
3
(49, 41)
--> Day : 4
-> Request 0
587
(1, 1, 1)
2
(47, 46)
-> Request 1
738
(3, 2, 2)
1
(43, 73)
-> Request 2
817
(2, 1, 2)
2
(60, 77)
-> Request 3
1217
(1, 1, 2)
3
(25, 47)
-> Request 4
1221
(1, 1, 2)
3
(13, 60)
-> Request 5
1303
(4, 3, 2)
3
(43, 46)
-> Request 6
1327
(2, 1, 1)
3
(55, 23)
---> Week : 17
--> Day : 0
-> Request 0
197
(1, 3, 2)
3
(43, 41)
-> Request 1
306
(4, 2, 2)
2
(58, 71)
-> Request 2
526
(4, 3, 1)
3
(13, 9)
-> Request 3
786
(2, 3, 2)
3
(77, 67)
-> Request 4
881
(2, 2, 1)
3
(62, 31)
-> Request 5
882
(4, 1, 1)
1
(12, 61)
--> Day : 1
-> Request 0
190
(4, 3, 1)
2
(52, 72)
-> Request 1
418
(1, 3, 2)
3
(16, 10)
-> Request 2
437
(1, 1, 1)
1
(48, 40)
-> Request 3
622
(2, 1, 2)
3
(57, 33)
-> Request 4
817
(3, 1, 2)
2
(6, 40)
-> Request 5
1155
(1, 1, 2)
1
(2, 28)
-> Request 6
1290
(4, 2, 2)
3
(12, 74)
--> Day : 2
-> Request 0
161
(3, 1, 2)
3
(67, 74)
-> Request 1
304
(1, 2, 1)
3
(66, 67)
-> Request 2
878
(4, 1, 2)
1
(63, 38)
-> Request 3
1070
(1, 3, 1)
1
(13, 27)
-> Request 4
1228
(4, 2, 1)
1
(48, 30)
-> Request 5
1421
(2, 2, 1)
3
(54, 1)
--> Day : 3
-> Request 0
93
(1, 1, 2)
2
(7, 17)
-> Request 1
704
(4, 2, 2)
3
(30, 58)
-> Request 2
815
(2, 1, 2)
3
(37, 17)
-> Request 3
923
(2, 3, 1)
3
(12, 71)
-> Request 4
977
(3, 3, 1)
3
(49, 28)
-> Request 5
1029
(2, 1, 2)
1
(75, 36)
-> Request 6
1286
(2, 1, 2)
2
(55, 64)
-> Request 7
1425
(3, 3, 2)
1
(53, 23)
-> Request 8
1427
(3, 1, 2)
1
(15, 22)
--> Day : 4
-> Request 0
0
(2, 1, 2)
3
(52, 42)
-> Request 1
67
(3, 1, 1)
1
(51, 22)
-> Request 2
720
(2, 2, 2)
1
(51, 41)
-> Request 3
738
(3, 2, 2)
2
(77, 57)
-> Request 4
794
(4, 2, 2)
2
(59, 76)
-> Request 5
1073
(3, 3, 1)
1
(6, 4)
-> Request 6
1272
(3, 1, 2)
2
(64, 72)
-> Request 7
1425
(4, 1, 1)
1
(3, 0)
---> Week : 18
--> Day : 0
-> Request 0
56
(1, 2, 1)
2
(10, 74)
-> Request 1
232
(1, 1, 1)
3
(32, 74)
-> Request 2
275
(3, 2, 2)
2
(64, 77)
-> Request 3
324
(1, 2, 2)
3
(34, 69)
-> Request 4
457
(3, 1, 1)
2
(63, 65)
-> Request 5
585
(4, 2, 1)
1
(9, 28)
-> Request 6
640
(4, 3, 1)
1
(77, 77)
-> Request 7
963
(4, 2, 2)
1
(61, 35)
-> Request 8
965
(2, 3, 2)
1
(44, 39)
-> Request 9
1361
(2, 1, 2)
2
(18, 64)
-> Request 10
1428
(1, 3, 2)
3
(56, 35)
--> Day : 1
-> Request 0
61
(1, 3, 1)
3
(47, 15)
-> Request 1
153
(2, 2, 1)
2
(36, 65)
-> Request 2
606
(2, 3, 1)
2
(10, 76)
-> Request 3
612
(3, 3, 2)
2
(56, 59)
-> Request 4
614
(4, 2, 2)
2
(3, 46)
-> Request 5
730
(2, 2, 2)
1
(61, 69)
-> Request 6
850
(4, 3, 2)
2
(63, 67)
-> Request 7
1071
(2, 2, 1)
3
(14, 29)
-> Request 8
1094
(3, 3, 2)
3
(61, 34)
-> Request 9
1118
(1, 1, 2)
2
(23, 8)
-> Request 10
1241
(3, 2, 1)
3
(54, 71)
--> Day : 2
-> Request 0
98
(4, 1, 2)
2
(45, 44)
-> Request 1
519
(2, 2, 2)
1
(55, 77)
-> Request 2
720
(4, 3, 2)
1
(22, 70)
--> Day : 3
-> Request 0
231
(1, 2, 2)
2
(43, 40)
-> Request 1
303
(1, 2, 1)
3
(78, 46)
-> Request 2
915
(1, 1, 2)
2
(54, 44)
--> Day : 4
-> Request 0
436
(4, 2, 2)
3
(56, 71)
-> Request 1
666
(4, 3, 1)
2
(56, 28)
-> Request 2
747
(2, 2, 1)
1
(65, 52)
-> Request 3
860
(3, 1, 1)
2
(67, 75)
-> Request 4
1141
(2, 1, 1)
1
(44, 43)
-> Request 5
1203
(4, 2, 2)
1
(57, 71)
-> Request 6
1321
(4, 2, 2)
3
(32, 3)
---> Week : 19
--> Day : 0
-> Request 0
214
(1, 1, 1)
3
(10, 25)
-> Request 1
739
(3, 1, 1)
1
(59, 73)
-> Request 2
1053
(2, 3, 2)
1
(46, 2)
-> Request 3
1157
(4, 1, 1)
3
(22, 59)
--> Day : 1
-> Request 0
157
(1, 3, 2)
2
(12, 22)
-> Request 1
482
(1, 2, 1)
3
(50, 38)
-> Request 2
669
(4, 1, 1)
2
(47, 43)
-> Request 3
998
(2, 1, 2)
3
(48, 28)
-> Request 4
1220
(2, 1, 1)
1
(28, 15)
-> Request 5
1234
(1, 3, 1)
3
(53, 42)
-> Request 6
1437
(1, 2, 2)
3
(46, 35)
--> Day : 2
-> Request 0
6
(3, 3, 1)
2
(50, 39)
-> Request 1
368
(2, 1, 2)
3
(45, 45)
-> Request 2
379
(4, 1, 1)
2
(74, 29)
-> Request 3
733
(4, 2, 1)
3
(72, 27)
-> Request 4
772
(3, 3, 2)
3
(58, 64)
-> Request 5
1105
(1, 2, 2)
3
(45, 45)
-> Request 6
1341
(2, 3, 1)
1
(17, 73)
--> Day : 3
-> Request 0
640
(3, 3, 1)
3
(60, 68)
-> Request 1
693
(4, 2, 1)
3
(14, 23)
-> Request 2
828
(4, 1, 1)
1
(58, 73)
-> Request 3
896
(2, 1, 2)
3
(19, 4)
-> Request 4
906
(3, 1, 1)
2
(43, 46)
-> Request 5
1052
(3, 2, 1)
3
(53, 38)
--> Day : 4
-> Request 0
65
(2, 2, 1)
3
(60, 50)
-> Request 1
669
(4, 2, 1)
3
(7, 53)
-> Request 2
890
(4, 3, 1)
2
(55, 42)
-> Request 3
925
(1, 3, 1)
2
(26, 18)
