---> Week : 0
--> Day : 0
-> Request 0
256
(4, 3, 1)
1
(30, 49)
-> Request 1
545
(2, 2, 1)
3
(11, 54)
-> Request 2
1210
(4, 3, 1)
3
(65, 30)
--> Day : 1
-> Request 0
43
(4, 1, 2)
3
(66, 64)
-> Request 1
373
(2, 1, 2)
1
(46, 24)
-> Request 2
560
(3, 2, 2)
2
(62, 38)
-> Request 3
868
(2, 2, 1)
2
(43, 30)
-> Request 4
1430
(2, 1, 1)
3
(74, 31)
--> Day : 2
-> Request 0
182
(1, 1, 2)
1
(57, 29)
-> Request 1
341
(2, 1, 1)
3
(11, 24)
-> Request 2
370
(2, 1, 2)
2
(57, 56)
-> Request 3
394
(1, 2, 2)
2
(46, 38)
-> Request 4
433
(4, 2, 2)
1
(6, 71)
-> Request 5
497
(4, 3, 1)
3
(56, 68)
-> Request 6
523
(1, 2, 2)
2
(52, 77)
-> Request 7
590
(2, 2, 2)
2
(8, 47)
-> Request 8
641
(2, 3, 2)
2
(36, 42)
-> Request 9
658
(1, 1, 1)
2
(7, 1)
-> Request 10
871
(1, 1, 1)
3
(12, 23)
-> Request 11
871
(3, 2, 1)
3
(38, 68)
-> Request 12
1018
(4, 2, 1)
1
(77, 56)
-> Request 13
1135
(4, 3, 1)
3
(58, 34)
-> Request 14
1205
(1, 3, 2)
2
(57, 11)
-> Request 15
1240
(3, 2, 1)
2
(3, 22)
--> Day : 3
-> Request 0
181
(4, 1, 1)
2
(44, 37)
-> Request 1
257
(4, 3, 2)
2
(22, 78)
-> Request 2
512
(4, 1, 1)
3
(52, 36)
-> Request 3
576
(3, 1, 1)
1
(67, 45)
-> Request 4
839
(2, 1, 2)
2
(48, 40)
--> Day : 4
-> Request 0
184
(2, 3, 1)
1
(13, 21)
-> Request 1
205
(3, 2, 1)
2
(46, 42)
-> Request 2
976
(1, 3, 2)
1
(59, 37)
-> Request 3
1267
(1, 3, 1)
3
(47, 6)
---> Week : 1
--> Day : 0
-> Request 0
625
(3, 1, 2)
2
(38, 66)
-> Request 1
1012
(2, 2, 1)
2
(59, 65)
-> Request 2
1096
(4, 3, 2)
1
(52, 75)
-> Request 3
1271
(3, 3, 1)
1
(14, 6)
-> Request 4
1362
(2, 2, 2)
2
(62, 75)
--> Day : 1
-> Request 0
392
(3, 2, 1)
3
(43, 79)
-> Request 1
620
(4, 1, 2)
3
(38, 38)
-> Request 2
862
(2, 3, 2)
1
(56, 31)
-> Request 3
886
(2, 1, 1)
2
(33, 58)
-> Request 4
927
(1, 3, 2)
3
(50, 33)
-> Request 5
1179
(4, 3, 2)
2
(62, 65)
--> Day : 2
-> Request 0
50
(2, 1, 1)
2
(21, 40)
-> Request 1
88
(2, 2, 1)
1
(47, 38)
-> Request 2
386
(1, 1, 2)
1
(55, 73)
-> Request 3
599
(2, 1, 2)
1
(61, 35)
-> Request 4
624
(4, 1, 1)
2
(57, 65)
-> Request 5
895
(2, 1, 2)
3
(51, 36)
-> Request 6
1118
(4, 2, 1)
3
(70, 43)
--> Day : 3
-> Request 0
1404
(3, 1, 1)
1
(58, 28)
--> Day : 4
-> Request 0
133
(3, 2, 1)
3
(60, 43)
-> Request 1
462
(2, 3, 2)
3
(57, 27)
-> Request 2
778
(3, 3, 2)
3
(58, 30)
-> Request 3
1149
(3, 1, 2)
3
(47, 34)
-> Request 4
1170
(1, 3, 1)
3
(34, 26)
-> Request 5
1348
(4, 3, 1)
3
(10, 21)
-> Request 6
1371
(3, 1, 2)
1
(13, 29)
-> Request 7
1403
(1, 3, 1)
2
(79, 31)
-> Request 8
1411
(3, 2, 2)
2
(1, 48)
---> Week : 2
--> Day : 0
-> Request 0
165
(3, 1, 1)
3
(70, 62)
-> Request 1
342
(4, 1, 1)
1
(60, 78)
-> Request 2
1123
(3, 2, 2)
3
(46, 41)
-> Request 3
1325
(4, 1, 1)
2
(8, 12)
--> Day : 1
-> Request 0
66
(3, 3, 2)
2
(52, 36)
-> Request 1
67
(1, 1, 1)
3
(52, 32)
-> Request 2
150
(1, 1, 1)
3
(3, 50)
-> Request 3
612
(1, 2, 2)
3
(55, 68)
-> Request 4
618
(4, 3, 1)
2
(62, 76)
-> Request 5
909
(2, 1, 2)
3
(61, 44)
-> Request 6
1341
(4, 2, 2)
1
(62, 65)
-> Request 7
1368
(1, 2, 1)
1
(56, 36)
--> Day : 2
-> Request 0
461
(3, 1, 1)
2
(49, 33)
-> Request 1
593
(3, 3, 1)
2
(14, 74)
-> Request 2
874
(2, 1, 2)
3
(63, 74)
--> Day : 3
-> Request 0
159
(3, 2, 2)
2
(46, 56)
-> Request 1
720
(4, 2, 1)
2
(17, 7)
-> Request 2
758
(4, 1, 1)
1
(16, 26)
--> Day : 4
-> Request 0
644
(4, 1, 2)
3
(31, 3)
---> Week : 3
--> Day : 0
-> Request 0
275
(4, 1, 1)
2
(62, 64)
-> Request 1
307
(3, 1, 1)
3
(14, 23)
-> Request 2
1095
(2, 3, 1)
1
(52, 44)
--> Day : 1
-> Request 0
130
(4, 3, 1)
1
(47, 4)
-> Request 1
420
(4, 3, 2)
3
(64, 33)
-> Request 2
1036
(1, 1, 1)
3
(54, 32)
-> Request 3
1205
(3, 1, 1)
2
(45, 27)
-> Request 4
1365
(1, 2, 1)
1
(73, 41)
--> Day : 2
-> Request 0
20
(4, 3, 2)
3
(78, 75)
-> Request 1
153
(4, 1, 1)
2
(19, 0)
-> Request 2
257
(2, 2, 2)
1
(59, 74)
-> Request 3
291
(1, 1, 1)
3
(57, 45)
-> Request 4
348
(3, 2, 1)
1
(24, 36)
-> Request 5
371
(3, 1, 2)
2
(43, 19)
-> Request 6
380
(1, 2, 2)
2
(60, 15)
-> Request 7
1071
(3, 3, 2)
1
(45, 38)
--> Day : 3
-> Request 0
105
(2, 3, 1)
2
(61, 45)
-> Request 1
208
(1, 3, 2)
3
(64, 41)
-> Request 2
285
(3, 3, 1)
1
(9, 21)
-> Request 3
621
(4, 3, 2)
1
(56, 77)
-> Request 4
657
(4, 2, 1)
1
(55, 31)
-> Request 5
714
(2, 2, 2)
1
(27, 63)
-> Request 6
1312
(4, 2, 1)
1
(59, 77)
--> Day : 4
-> Request 0
291
(4, 1, 2)
3
(45, 34)
-> Request 1
804
(4, 1, 1)
2
(70, 55)
-> Request 2
860
(2, 1, 2)
2
(7, 57)
---> Week : 4
--> Day : 0
-> Request 0
257
(4, 3, 1)
1
(56, 67)
-> Request 1
263
(3, 1, 2)
2
(34, 22)
-> Request 2
443
(3, 3, 2)
2
(70, 31)
-> Request 3
760
(3, 1, 1)
1
(44, 32)
-> Request 4
876
(3, 2, 2)
1
(62, 39)
-> Request 5
1004
(4, 3, 1)
1
(23, 23)
-> Request 6
1213
(1, 2, 1)
2
(44, 32)
-> Request 7
1437
(3, 1, 2)
3
(26, 11)
--> Day : 1
-> Request 0
21
(2, 3, 2)
2
(44, 43)
-> Request 1
449
(4, 2, 2)
3
(46, 35)
-> Request 2
869
(4, 2, 1)
3
(51, 18)
-> Request 3
1013
(4, 2, 1)
3
(17, 25)
-> Request 4
1201
(2, 2, 1)
1
(59, 66)
-> Request 5
1299
(1, 3, 2)
1
(50, 30)
--> Day : 2
-> Request 0
586
(4, 1, 1)
3
(51, 28)
-> Request 1
825
(4, 3, 1)
3
(49, 28)
-> Request 2
876
(1, 3, 1)
3
(60, 39)
-> Request 3
945
(1, 3, 2)
1
(0, 15)
-> Request 4
999
(2, 2, 1)
2
(66, 9)
-> Request 5
1067
(2, 1, 1)
2
(74, 28)
-> Request 6
1197
(2, 2, 2)
1
(58, 36)
-> Request 7
1334
(3, 2, 2)
1
(9, 22)
--> Day : 3
-> Request 0
683
(4, 3, 2)
3
(70, 62)
-> Request 1
684
(1, 1, 1)
1
(52, 30)
-> Request 2
1190
(3, 1, 2)
1
(42, 18)
-> Request 3
1250
(2, 1, 2)
2
(50, 31)
-> Request 4
1417
(2, 1, 2)
1
(12, 40)
--> Day : 4
-> Request 0
527
(3, 3, 1)
1
(10, 2)
-> Request 1
1000
(3, 3, 2)
3
(33, 12)
-> Request 2
1121
(4, 1, 2)
2
(29, 8)
---> Week : 5
--> Day : 0
-> Request 0
108
(2, 3, 2)
1
(50, 34)
-> Request 1
185
(3, 1, 1)
2
(22, 50)
-> Request 2
1112
(1, 3, 1)
1
(45, 28)
--> Day : 1
-> Request 0
62
(2, 1, 1)
2
(42, 79)
-> Request 1
399
(3, 1, 2)
2
(56, 65)
-> Request 2
425
(3, 3, 2)
1
(34, 3)
-> Request 3
466
(1, 1, 2)
3
(54, 13)
-> Request 4
989
(4, 3, 1)
1
(47, 46)
-> Request 5
1133
(3, 1, 2)
2
(48, 30)
-> Request 6
1175
(1, 1, 1)
2
(58, 64)
-> Request 7
1330
(1, 3, 2)
2
(44, 74)
--> Day : 2
-> Request 0
497
(1, 1, 1)
1
(52, 43)
-> Request 1
761
(3, 2, 2)
3
(50, 28)
-> Request 2
786
(1, 3, 1)
3
(58, 59)
-> Request 3
915
(1, 1, 2)
2
(44, 60)
-> Request 4
1012
(1, 1, 1)
1
(15, 29)
-> Request 5
1053
(1, 3, 2)
2
(53, 65)
-> Request 6
1063
(1, 2, 1)
1
(65, 66)
-> Request 7
1075
(4, 2, 1)
3
(3, 0)
-> Request 8
1182
(4, 3, 2)
2
(53, 46)
-> Request 9
1204
(2, 3, 2)
1
(61, 35)
--> Day : 3
-> Request 0
421
(1, 3, 1)
1
(3, 32)
-> Request 1
471
(3, 1, 2)
3
(55, 64)
-> Request 2
533
(2, 1, 1)
2
(54, 41)
-> Request 3
770
(4, 2, 2)
2
(16, 69)
-> Request 4
1167
(1, 1, 2)
3
(53, 67)
--> Day : 4
-> Request 0
423
(1, 1, 2)
2
(43, 43)
-> Request 1
920
(3, 3, 1)
3
(38, 29)
-> Request 2
1149
(4, 3, 1)
2
(11, 26)
-> Request 3
1367
(1, 3, 1)
3
(27, 60)
-> Request 4
1409
(1, 2, 1)
3
(66, 76)
---> Week : 6
--> Day : 0
-> Request 0
24
(2, 3, 1)
3
(58, 40)
-> Request 1
172
(4, 2, 1)
2
(56, 4)
-> Request 2
643
(2, 2, 1)
3
(58, 30)
-> Request 3
1274
(1, 2, 2)
3
(13, 28)
--> Day : 1
-> Request 0
287
(3, 1, 1)
1
(56, 32)
-> Request 1
602
(1, 1, 2)
1
(61, 69)
-> Request 2
814
(4, 3, 2)
1
(54, 31)
-> Request 3
1039
(2, 3, 1)
2
(59, 71)
-> Request 4
1115
(1, 2, 1)
3
(45, 34)
-> Request 5
1401
(1, 1, 2)
3
(43, 29)
--> Day : 2
-> Request 0
680
(3, 1, 1)
3
(39, 79)
-> Request 1
954
(2, 1, 1)
2
(62, 76)
-> Request 2
988
(2, 3, 2)
1
(8, 3)
-> Request 3
1207
(4, 2, 2)
2
(43, 45)
--> Day : 3
-> Request 0
41
(3, 3, 2)
1
(20, 40)
-> Request 1
646
(1, 1, 1)
2
(33, 41)
-> Request 2
1341
(1, 3, 2)
2
(10, 20)
-> Request 3
1363
(1, 1, 2)
1
(6, 63)
-> Request 4
1403
(1, 2, 1)
3
(60, 44)
--> Day : 4
-> Request 0
59
(4, 2, 2)
1
(35, 14)
-> Request 1
346
(3, 2, 1)
3
(55, 40)
-> Request 2
627
(2, 3, 1)
2
(68, 49)
-> Request 3
750
(1, 2, 1)
1
(59, 41)
-> Request 4
1161
(1, 2, 2)
2
(52, 46)
-> Request 5
1188
(4, 2, 2)
3
(11, 39)
-> Request 6
1382
(4, 2, 1)
1
(12, 21)
---> Week : 7
--> Day : 0
-> Request 0
19
(1, 1, 2)
2
(17, 26)
-> Request 1
112
(1, 2, 2)
2
(54, 72)
-> Request 2
213
(1, 1, 1)
3
(59, 38)
-> Request 3
510
(4, 3, 1)
1
(2, 35)
--> Day : 1
-> Request 0
6
(4, 3, 1)
2
(41, 61)
-> Request 1
413
(4, 3, 2)
2
(46, 31)
-> Request 2
1313
(1, 1, 1)
2
(51, 28)
--> Day : 2
-> Request 0
157
(4, 2, 1)
2
(18, 38)
-> Request 1
242
(4, 1, 1)
3
(55, 70)
-> Request 2
515
(2, 2, 2)
2
(43, 42)
-> Request 3
1027
(3, 1, 2)
2
(58, 42)
-> Request 4
1091
(2, 3, 2)
1
(59, 33)
--> Day : 3
-> Request 0
299
(2, 1, 2)
1
(37, 21)
-> Request 1
382
(3, 1, 2)
1
(45, 45)
-> Request 2
624
(4, 3, 1)
3
(44, 28)
-> Request 3
667
(3, 1, 1)
1
(43, 38)
-> Request 4
788
(1, 2, 1)
3
(50, 15)
-> Request 5
839
(4, 2, 1)
1
(31, 20)
-> Request 6
942
(4, 3, 1)
1
(59, 76)
-> Request 7
1020
(3, 2, 1)
2
(21, 64)
-> Request 8
1233
(3, 3, 1)
1
(4, 73)
-> Request 9
1346
(1, 3, 2)
2
(53, 39)
--> Day : 4
-> Request 0
12
(3, 3, 1)
1
(66, 70)
-> Request 1
554
(3, 3, 1)
2
(57, 42)
-> Request 2
1073
(1, 2, 1)
1
(60, 40)
-> Request 3
1096
(2, 3, 1)
1
(35, 24)
-> Request 4
1373
(4, 2, 2)
2
(50, 44)
---> Week : 8
--> Day : 0
-> Request 0
56
(1, 1, 2)
2
(14, 34)
-> Request 1
466
(4, 3, 1)
1
(61, 65)
-> Request 2
596
(4, 1, 1)
1
(58, 75)
-> Request 3
760
(3, 3, 2)
2
(53, 15)
-> Request 4
769
(3, 1, 2)
3
(63, 46)
-> Request 5
880
(1, 1, 2)
2
(16, 38)
-> Request 6
1091
(1, 2, 2)
3
(23, 61)
--> Day : 1
-> Request 0
399
(1, 1, 2)
1
(13, 28)
-> Request 1
795
(3, 2, 2)
2
(61, 45)
-> Request 2
1121
(1, 2, 2)
3
(75, 67)
-> Request 3
1177
(1, 1, 1)
3
(59, 31)
--> Day : 2
-> Request 0
204
(3, 2, 2)
1
(47, 43)
-> Request 1
450
(1, 3, 2)
1
(58, 27)
-> Request 2
1330
(2, 3, 1)
1
(60, 35)
-> Request 3
1332
(1, 3, 1)
1
(39, 41)
--> Day : 3
-> Request 0
104
(4, 2, 1)
3
(2, 1)
-> Request 1
232
(2, 2, 1)
3
(48, 30)
-> Request 2
501
(4, 2, 1)
3
(67, 51)
-> Request 3
611
(4, 3, 2)
1
(7, 43)
-> Request 4
830
(3, 3, 2)
3
(63, 77)
-> Request 5
1339
(3, 2, 2)
1
(56, 22)
-> Request 6
1346
(3, 1, 1)
1
(44, 29)
-> Request 7
1357
(4, 3, 1)
1
(20, 62)
--> Day : 4
-> Request 0
65
(3, 1, 2)
2
(30, 11)
-> Request 1
134
(1, 1, 2)
3
(14, 76)
-> Request 2
377
(2, 1, 2)
1
(54, 68)
-> Request 3
661
(1, 2, 1)
3
(26, 63)
-> Request 4
724
(2, 1, 2)
2
(56, 29)
-> Request 5
870
(3, 3, 2)
2
(49, 45)
---> Week : 9
--> Day : 0
-> Request 0
651
(4, 2, 1)
1
(55, 42)
-> Request 1
1052
(4, 1, 2)
1
(17, 30)
-> Request 2
1312
(3, 1, 1)
2
(47, 32)
--> Day : 1
-> Request 0
254
(2, 1, 1)
1
(62, 69)
-> Request 1
602
(4, 3, 2)
1
(59, 78)
-> Request 2
1025
(2, 2, 2)
3
(54, 37)
-> Request 3
1043
(3, 2, 1)
3
(53, 64)
-> Request 4
1216
(3, 3, 2)
2
(12, 34)
-> Request 5
1329
(1, 2, 2)
3
(69, 64)
-> Request 6
1409
(3, 3, 1)
3
(51, 29)
--> Day : 2
-> Request 0
134
(1, 3, 1)
2
(54, 69)
-> Request 1
268
(1, 1, 1)
3
(66, 75)
-> Request 2
605
(1, 2, 2)
3
(14, 25)
-> Request 3
1146
(1, 3, 1)
1
(62, 16)
-> Request 4
1204
(4, 3, 1)
1
(14, 24)
-> Request 5
1313
(2, 3, 1)
3
(39, 26)
-> Request 6
1355
(1, 1, 1)
3
(60, 65)
-> Request 7
1384
(4, 3, 2)
3
(61, 18)
--> Day : 3
-> Request 0
476
(2, 2, 1)
2
(35, 77)
-> Request 1
707
(1, 3, 1)
1
(14, 64)
-> Request 2
766
(2, 1, 1)
3
(53, 33)
-> Request 3
905
(1, 2, 2)
2
(46, 25)
-> Request 4
981
(2, 3, 2)
2
(58, 23)
--> Day : 4
-> Request 0
525
(1, 3, 2)
3
(63, 62)
-> Request 1
734
(3, 1, 2)
1
(57, 46)
-> Request 2
766
(3, 1, 2)
3
(55, 77)
---> Week : 10
--> Day : 0
-> Request 0
7
(3, 3, 2)
2
(58, 72)
-> Request 1
538
(2, 2, 2)
3
(23, 21)
-> Request 2
725
(2, 1, 2)
2
(63, 64)
-> Request 3
1152
(4, 2, 2)
1
(20, 59)
-> Request 4
1332
(4, 1, 2)
2
(6, 0)
--> Day : 1
-> Request 0
58
(2, 1, 1)
3
(50, 37)
-> Request 1
349
(2, 1, 2)
1
(53, 75)
-> Request 2
628
(1, 2, 2)
1
(63, 10)
--> Day : 2
-> Request 0
99
(4, 1, 1)
3
(56, 36)
-> Request 1
249
(1, 1, 1)
3
(42, 27)
-> Request 2
482
(1, 2, 2)
2
(64, 75)
-> Request 3
565
(3, 2, 2)
1
(0, 73)
-> Request 4
1061
(4, 1, 2)
3
(56, 45)
-> Request 5
1220
(2, 2, 1)
2
(48, 18)
--> Day : 3
-> Request 0
170
(2, 3, 1)
3
(53, 33)
-> Request 1
216
(1, 3, 2)
3
(50, 73)
-> Request 2
581
(2, 1, 2)
3
(14, 48)
-> Request 3
666
(1, 2, 1)
2
(42, 44)
-> Request 4
801
(4, 3, 1)
1
(10, 28)
-> Request 5
810
(2, 3, 1)
1
(53, 39)
-> Request 6
904
(2, 3, 2)
3
(16, 79)
-> Request 7
1312
(4, 3, 2)
2
(68, 62)
--> Day : 4
-> Request 0
812
(4, 2, 1)
1
(52, 76)
-> Request 1
821
(4, 3, 2)
2
(54, 31)
-> Request 2
875
(4, 3, 2)
2
(14, 24)
---> Week : 11
--> Day : 0
-> Request 0
59
(4, 3, 1)
2
(66, 18)
-> Request 1
256
(2, 2, 2)
2
(17, 23)
-> Request 2
348
(1, 3, 2)
2
(0, 2)
-> Request 3
659
(1, 1, 2)
2
(22, 42)
-> Request 4
728
(1, 2, 1)
1
(65, 66)
-> Request 5
761
(2, 2, 1)
3
(60, 28)
-> Request 6
778
(3, 3, 2)
3
(51, 27)
-> Request 7
792
(4, 3, 2)
3
(60, 41)
-> Request 8
917
(3, 3, 2)
1
(62, 76)
-> Request 9
1340
(4, 1, 1)
3
(74, 56)
-> Request 10
1419
(3, 1, 2)
2
(35, 70)
--> Day : 1
-> Request 0
682
(3, 3, 2)
1
(61, 76)
-> Request 1
811
(2, 1, 2)
3
(36, 55)
-> Request 2
1080
(2, 2, 1)
2
(28, 70)
-> Request 3
1176
(4, 3, 1)
3
(11, 27)
-> Request 4
1242
(1, 1, 2)
3
(62, 70)
-> Request 5
1328
(1, 1, 1)
2
(60, 40)
--> Day : 2
-> Request 0
196
(3, 3, 2)
3
(63, 35)
-> Request 1
1301
(1, 1, 1)
1
(50, 42)
-> Request 2
1364
(4, 3, 1)
2
(43, 29)
--> Day : 3
-> Request 0
778
(1, 1, 2)
2
(63, 75)
-> Request 1
1351
(1, 2, 1)
3
(62, 68)
-> Request 2
1391
(3, 1, 1)
2
(16, 34)
-> Request 3
1394
(4, 3, 2)
1
(10, 63)
--> Day : 4
-> Request 0
273
(2, 3, 1)
1
(47, 37)
-> Request 1
423
(4, 1, 2)
3
(61, 27)
-> Request 2
473
(4, 2, 1)
3
(72, 22)
-> Request 3
513
(4, 3, 1)
1
(39, 14)
-> Request 4
619
(3, 2, 2)
2
(56, 2)
-> Request 5
1143
(2, 1, 2)
3
(53, 45)
-> Request 6
1224
(4, 2, 2)
1
(58, 30)
---> Week : 12
--> Day : 0
-> Request 0
74
(3, 3, 1)
2
(20, 66)
-> Request 1
671
(3, 3, 2)
3
(58, 65)
-> Request 2
982
(3, 1, 1)
2
(57, 74)
-> Request 3
1438
(4, 2, 1)
1
(37, 26)
--> Day : 1
-> Request 0
105
(4, 1, 1)
2
(56, 72)
-> Request 1
116
(1, 2, 2)
3
(53, 40)
-> Request 2
249
(1, 2, 2)
1
(53, 35)
-> Request 3
306
(1, 2, 1)
1
(58, 69)
-> Request 4
783
(2, 3, 2)
1
(66, 61)
-> Request 5
1032
(4, 3, 2)
2
(58, 73)
-> Request 6
1244
(3, 1, 1)
1
(49, 37)
--> Day : 2
-> Request 0
1247
(1, 1, 2)
2
(44, 40)
--> Day : 3
-> Request 0
65
(4, 2, 2)
2
(52, 77)
-> Request 1
279
(1, 3, 2)
3
(12, 28)
-> Request 2
541
(4, 3, 2)
2
(12, 23)
-> Request 3
788
(3, 1, 2)
1
(46, 41)
-> Request 4
972
(3, 2, 2)
2
(54, 37)
--> Day : 4
-> Request 0
81
(2, 1, 1)
1
(13, 28)
-> Request 1
248
(3, 2, 1)
1
(42, 61)
-> Request 2
345
(3, 1, 2)
2
(6, 64)
-> Request 3
680
(1, 3, 1)
3
(42, 35)
-> Request 4
778
(2, 3, 2)
3
(15, 23)
-> Request 5
813
(4, 1, 1)
3
(40, 1)
-> Request 6
1188
(2, 1, 2)
2
(16, 11)
-> Request 7
1369
(3, 2, 2)
1
(46, 27)
---> Week : 13
--> Day : 0
-> Request 0
119
(1, 1, 1)
1
(58, 41)
-> Request 1
529
(2, 2, 1)
3
(43, 20)
-> Request 2
545
(3, 3, 1)
1
(78, 65)
-> Request 3
572
(3, 3, 2)
3
(48, 35)
-> Request 4
676
(3, 1, 1)
1
(53, 76)
--> Day : 1
-> Request 0
449
(4, 3, 1)
2
(33, 73)
-> Request 1
1047
(1, 2, 2)
2
(66, 71)
--> Day : 2
-> Request 0
119
(2, 3, 2)
1
(44, 37)
-> Request 1
345
(4, 2, 2)
1
(29, 44)
-> Request 2
723
(4, 3, 2)
2
(6, 24)
-> Request 3
982
(2, 2, 2)
3
(0, 68)
-> Request 4
1010
(4, 3, 1)
1
(58, 32)
--> Day : 3
-> Request 0
335
(2, 3, 1)
1
(2, 76)
-> Request 1
437
(1, 2, 1)
3
(8, 48)
-> Request 2
520
(2, 2, 2)
1
(43, 28)
-> Request 3
618
(3, 3, 1)
2
(56, 70)
-> Request 4
1076
(2, 1, 2)
2
(52, 68)
-> Request 5
1153
(4, 1, 1)
3
(55, 36)
-> Request 6
1158
(3, 3, 1)
2
(9, 28)
-> Request 7
1392
(2, 1, 1)
2
(54, 42)
--> Day : 4
-> Request 0
205
(4, 1, 2)
3
(52, 75)
-> Request 1
206
(4, 2, 1)
1
(36, 73)
-> Request 2
326
(3, 2, 1)
2
(3, 30)
-> Request 3
533
(3, 1, 2)
3
(8, 1)
-> Request 4
629
(4, 1, 1)
2
(63, 12)
-> Request 5
813
(4, 1, 1)
2
(57, 29)
-> Request 6
890
(2, 3, 2)
2
(27, 48)
-> Request 7
1419
(4, 3, 2)
3
(62, 35)
---> Week : 14
--> Day : 0
-> Request 0
84
(1, 2, 2)
1
(44, 63)
-> Request 1
187
(1, 3, 2)
3
(30, 59)
-> Request 2
251
(2, 3, 1)
2
(57, 64)
-> Request 3
692
(3, 3, 1)
3
(52, 70)
-> Request 4
739
(3, 2, 2)
2
(34, 27)
-> Request 5
870
(3, 1, 2)
1
(60, 65)
-> Request 6
996
(1, 2, 1)
2
(11, 20)
--> Day : 1
-> Request 0
271
(3, 2, 1)
1
(44, 32)
-> Request 1
1073
(4, 1, 1)
2
(53, 66)
-> Request 2
1142
(1, 1, 1)
2
(55, 76)
-> Request 3
1205
(1, 2, 2)
2
(71, 29)
-> Request 4
1270
(2, 3, 2)
3
(59, 34)
-> Request 5
1439
(3, 3, 1)
1
(59, 42)
--> Day : 2
-> Request 0
177
(3, 1, 2)
3
(54, 56)
-> Request 1
570
(2, 2, 1)
2
(2, 77)
-> Request 2
575
(4, 3, 1)
2
(67, 7)
-> Request 3
730
(4, 1, 2)
2
(12, 21)
--> Day : 3
-> Request 0
361
(2, 2, 1)
2
(8, 20)
-> Request 1
1013
(4, 3, 2)
1
(77, 77)
-> Request 2
1148
(1, 1, 2)
1
(22, 22)
-> Request 3
1197
(1, 1, 1)
2
(58, 44)
-> Request 4
1383
(3, 3, 1)
3
(21, 59)
--> Day : 4
-> Request 0
2
(4, 3, 2)
2
(54, 70)
-> Request 1
7
(3, 2, 1)
2
(58, 32)
-> Request 2
104
(2, 2, 2)
3
(48, 40)
-> Request 3
168
(4, 2, 1)
2
(10, 28)
-> Request 4
278
(1, 2, 2)
1
(63, 67)
-> Request 5
319
(2, 2, 2)
1
(57, 27)
-> Request 6
541
(1, 1, 1)
3
(32, 46)
-> Request 7
632
(2, 3, 2)
1
(59, 43)
-> Request 8
1069
(2, 1, 2)
3
(49, 43)
---> Week : 15
--> Day : 0
-> Request 0
333
(3, 1, 1)
2
(1, 37)
-> Request 1
475
(4, 3, 1)
1
(63, 77)
-> Request 2
628
(2, 1, 1)
2
(56, 70)
-> Request 3
763
(2, 2, 1)
3
(35, 8)
--> Day : 1
-> Request 0
269
(2, 2, 1)
3
(54, 74)
-> Request 1
512
(3, 2, 2)
1
(51, 32)
-> Request 2
568
(4, 1, 1)
2
(7, 76)
-> Request 3
583
(4, 1, 2)
2
(73, 38)
-> Request 4
737
(2, 2, 2)
2
(46, 44)
-> Request 5
1288
(3, 1, 2)
3
(55, 28)
-> Request 6
1385
(1, 1, 1)
1
(50, 58)
--> Day : 2
-> Request 0
44
(1, 3, 2)
2
(14, 7)
-> Request 1
68
(3, 1, 2)
3
(44, 17)
-> Request 2
422
(4, 1, 2)
2
(60, 31)
-> Request 3
583
(2, 2, 2)
1
(49, 16)
-> Request 4
1191
(3, 1, 2)
3
(61, 70)
--> Day : 3
-> Request 0
376
(2, 2, 2)
3
(55, 29)
-> Request 1
713
(3, 2, 1)
3
(35, 46)
--> Day : 4
-> Request 0
41
(4, 2, 2)
2
(46, 33)
-> Request 1
190
(4, 2, 2)
3
(48, 37)
-> Request 2
692
(3, 2, 2)
1
(33, 52)
-> Request 3
806
(3, 2, 1)
2
(3, 38)
-> Request 4
890
(3, 1, 2)
1
(53, 46)
---> Week : 16
--> Day : 0
-> Request 0
65
(4, 3, 2)
1
(46, 33)
-> Request 1
180
(3, 2, 2)
2
(44, 6)
-> Request 2
197
(4, 1, 2)
1
(78, 11)
-> Request 3
353
(1, 1, 2)
3
(48, 27)
-> Request 4
956
(4, 3, 2)
1
(57, 65)
--> Day : 1
-> Request 0
347
(3, 1, 1)
2
(17, 6)
-> Request 1
614
(1, 2, 1)
1
(58, 35)
-> Request 2
735
(2, 2, 2)
2
(43, 46)
-> Request 3
859
(4, 1, 2)
3
(79, 76)
-> Request 4
860
(4, 3, 2)
1
(18, 47)
-> Request 5
935
(4, 3, 1)
2
(49, 45)
-> Request 6
1343
(1, 2, 1)
2
(33, 63)
--> Day : 2
-> Request 0
259
(1, 3, 2)
3
(23, 78)
-> Request 1
362
(4, 3, 2)
2
(11, 0)
-> Request 2
417
(3, 1, 2)
1
(31, 61)
-> Request 3
610
(3, 3, 1)
1
(63, 66)
--> Day : 3
-> Request 0
15
(1, 1, 1)
1
(70, 6)
-> Request 1
156
(2, 3, 1)
1
(3, 13)
-> Request 2
426
(3, 1, 2)
1
(55, 29)
-> Request 3
899
(1, 1, 2)
1
(78, 47)
-> Request 4
1221
(4, 1, 2)
1
(8, 24)
--> Day : 4
-> Request 0
76
(4, 1, 2)
2
(66, 0)
-> Request 1
99
(3, 3, 2)
1
(62, 41)
-> Request 2
254
(3, 2, 2)
2
(60, 33)
-> Request 3
300
(4, 3, 1)
2
(19, 76)
-> Request 4
383
(4, 2, 2)
2
(5, 47)
-> Request 5
501
(1, 2, 2)
1
(16, 25)
-> Request 6
1121
(1, 2, 2)
3
(43, 42)
---> Week : 17
--> Day : 0
-> Request 0
89
(1, 1, 1)
2
(64, 32)
-> Request 1
249
(3, 2, 1)
1
(46, 40)
-> Request 2
626
(2, 3, 1)
3
(57, 64)
-> Request 3
653
(2, 1, 2)
3
(61, 40)
-> Request 4
1051
(3, 1, 2)
3
(57, 71)
-> Request 5
1066
(3, 3, 1)
1
(52, 64)
--> Day : 1
-> Request 0
181
(3, 2, 2)
2
(61, 38)
-> Request 1
385
(1, 1, 1)
2
(79, 70)
-> Request 2
508
(4, 1, 1)
2
(58, 63)
-> Request 3
702
(4, 3, 2)
3
(66, 65)
-> Request 4
793
(1, 1, 2)
1
(15, 21)
-> Request 5
1123
(1, 1, 2)
1
(44, 55)
-> Request 6
1290
(2, 3, 2)
1
(60, 69)
--> Day : 2
-> Request 0
168
(4, 2, 1)
2
(57, 46)
-> Request 1
386
(3, 2, 1)
2
(41, 72)
-> Request 2
418
(1, 1, 2)
2
(49, 23)
-> Request 3
504
(2, 1, 2)
2
(61, 29)
-> Request 4
644
(2, 2, 2)
2
(15, 75)
-> Request 5
650
(3, 3, 1)
1
(53, 68)
-> Request 6
1209
(4, 2, 2)
3
(53, 23)
-> Request 7
1250
(1, 3, 1)
2
(3, 21)
-> Request 8
1280
(2, 2, 1)
1
(51, 31)
--> Day : 3
-> Request 0
83
(1, 3, 2)
3
(8, 55)
-> Request 1
180
(1, 2, 1)
3
(60, 70)
-> Request 2
502
(2, 2, 1)
2
(23, 77)
-> Request 3
1337
(3, 3, 2)
2
(51, 25)
-> Request 4
1390
(2, 3, 1)
3
(71, 27)
--> Day : 4
-> Request 0
8
(1, 2, 2)
3
(43, 39)
-> Request 1
668
(3, 3, 2)
3
(10, 24)
-> Request 2
749
(4, 3, 1)
3
(43, 31)
-> Request 3
1136
(4, 2, 2)
3
(11, 27)
---> Week : 18
--> Day : 0
-> Request 0
13
(4, 1, 2)
3
(11, 29)
-> Request 1
105
(2, 1, 2)
1
(51, 33)
-> Request 2
1207
(1, 2, 2)
3
(77, 13)
--> Day : 1
-> Request 0
181
(3, 3, 2)
1
(59, 11)
-> Request 1
214
(4, 1, 2)
3
(48, 35)
-> Request 2
680
(4, 2, 2)
1
(63, 69)
-> Request 3
991
(3, 2, 2)
2
(51, 44)
-> Request 4
1401
(1, 3, 2)
3
(60, 42)
--> Day : 2
-> Request 0
570
(4, 2, 1)
2
(15, 48)
-> Request 1
701
(4, 2, 2)
3
(57, 74)
-> Request 2
711
(4, 3, 2)
3
(52, 42)
-> Request 3
1071
(1, 2, 1)
3
(8, 38)
-> Request 4
1404
(4, 2, 2)
2
(76, 4)
-> Request 5
1408
(4, 2, 1)
3
(63, 70)
-> Request 6
1438
(4, 1, 1)
1
(39, 37)
--> Day : 3
-> Request 0
107
(1, 3, 1)
3
(65, 69)
-> Request 1
264
(1, 1, 2)
3
(57, 30)
-> Request 2
527
(3, 3, 2)
2
(9, 9)
-> Request 3
545
(3, 2, 1)
3
(77, 53)
-> Request 4
633
(2, 2, 1)
1
(12, 21)
-> Request 5
750
(4, 1, 1)
3
(52, 78)
-> Request 6
906
(4, 1, 2)
3
(63, 74)
-> Request 7
1123
(2, 3, 2)
2
(37, 63)
-> Request 8
1173
(2, 2, 2)
2
(33, 28)
-> Request 9
1287
(2, 2, 2)
3
(58, 72)
-> Request 10
1299
(3, 3, 2)
1
(36, 12)
--> Day : 4
-> Request 0
544
(3, 3, 1)
3
(68, 22)
-> Request 1
555
(4, 2, 2)
3
(40, 67)
-> Request 2
559
(3, 3, 2)
2
(16, 21)
-> Request 3
882
(4, 1, 1)
3
(72, 58)
-> Request 4
886
(4, 2, 1)
1
(45, 19)
-> Request 5
1393
(3, 2, 1)
1
(0, 33)
---> Week : 19
--> Day : 0
-> Request 0
202
(4, 1, 1)
3
(53, 46)
-> Request 1
279
(1, 3, 2)
3
(38, 28)
-> Request 2
324
(1, 1, 1)
3
(58, 42)
-> Request 3
401
(1, 1, 2)
1
(58, 45)
-> Request 4
608
(4, 1, 2)
1
(11, 66)
-> Request 5
702
(3, 1, 2)
2
(62, 27)
-> Request 6
844
(1, 1, 2)
2
(44, 38)
-> Request 7
1294
(1, 2, 1)
3
(56, 29)
-> Request 8
1323
(2, 1, 1)
1
(63, 71)
--> Day : 1
-> Request 0
298
(1, 3, 2)
2
(56, 28)
-> Request 1
603
(2, 3, 2)
1
(52, 67)
-> Request 2
1017
(4, 1, 2)
3
(47, 27)
-> Request 3
1216
(2, 1, 2)
3
(64, 34)
-> Request 4
1270
(1, 2, 1)
3
(59, 39)
--> Day : 2
-> Request 0
396
(1, 1, 1)
2
(65, 67)
-> Request 1
1000
(4, 3, 1)
2
(60, 67)
-> Request 2
1324
(1, 2, 1)
1
(44, 39)
--> Day : 3
-> Request 0
30
(2, 1, 1)
1
(42, 20)
-> Request 1
31
(4, 2, 1)
2
(60, 40)
-> Request 2
68
(3, 1, 2)
2
(4, 28)
-> Request 3
71
(1, 2, 2)
2
(52, 35)
-> Request 4
137
(1, 3, 2)
3
(55, 46)
-> Request 5
138
(1, 2, 1)
1
(8, 53)
-> Request 6
260
(2, 2, 1)
3
(10, 21)
-> Request 7
543
(3, 1, 2)
2
(57, 28)
-> Request 8
625
(2, 3, 1)
2
(43, 36)
-> Request 9
786
(2, 3, 1)
1
(66, 75)
-> Request 10
1079
(1, 1, 1)
2
(57, 71)
-> Request 11
1087
(1, 3, 1)
2
(76, 39)
-> Request 12
1274
(3, 3, 2)
2
(8, 26)
-> Request 13
1333
(2, 2, 2)
2
(34, 17)
--> Day : 4
-> Request 0
321
(1, 1, 1)
3
(55, 40)
-> Request 1
689
(1, 3, 1)
2
(35, 75)
-> Request 2
845
(4, 2, 2)
1
(46, 46)
-> Request 3
976
(2, 2, 1)
2
(47, 42)
-> Request 4
1184
(1, 2, 1)
2
(48, 0)
-> Request 5
1228
(1, 1, 1)
2
(42, 14)
