---> Week : 0
--> Day : 0
-> Request 0
400
(4, 2, 1)
3
(68, 28)
-> Request 1
421
(4, 1, 2)
2
(64, 67)
-> Request 2
422
(4, 3, 2)
1
(5, 73)
-> Request 3
684
(2, 1, 1)
2
(61, 46)
-> Request 4
791
(1, 1, 2)
2
(45, 28)
-> Request 5
805
(3, 2, 1)
1
(2, 3)
-> Request 6
992
(2, 3, 1)
2
(53, 67)
-> Request 7
996
(3, 3, 2)
3
(35, 79)
-> Request 8
1217
(3, 2, 1)
2
(72, 21)
--> Day : 1
-> Request 0
15
(4, 3, 2)
1
(16, 64)
-> Request 1
39
(4, 2, 1)
1
(46, 29)
-> Request 2
191
(2, 2, 2)
1
(36, 30)
-> Request 3
322
(4, 3, 1)
3
(63, 75)
-> Request 4
370
(4, 2, 1)
2
(46, 17)
-> Request 5
437
(4, 2, 2)
2
(3, 53)
-> Request 6
645
(1, 2, 1)
3
(8, 74)
-> Request 7
975
(1, 3, 2)
3
(73, 69)
-> Request 8
1031
(3, 2, 2)
3
(44, 18)
-> Request 9
1109
(2, 3, 1)
3
(43, 63)
-> Request 10
1369
(1, 3, 1)
1
(62, 70)
-> Request 11
1381
(4, 3, 1)
3
(52, 12)
-> Request 12
1402
(2, 2, 1)
1
(61, 65)
--> Day : 2
-> Request 0
367
(2, 1, 1)
1
(32, 47)
-> Request 1
653
(3, 2, 1)
2
(53, 29)
-> Request 2
653
(2, 1, 1)
3
(37, 66)
-> Request 3
1388
(2, 2, 1)
2
(61, 40)
--> Day : 3
-> Request 0
103
(3, 3, 1)
1
(45, 41)
-> Request 1
548
(4, 1, 2)
2
(4, 18)
-> Request 2
609
(1, 2, 2)
2
(64, 78)
-> Request 3
644
(1, 2, 2)
2
(10, 22)
-> Request 4
728
(2, 2, 2)
2
(8, 22)
--> Day : 4
-> Request 0
347
(2, 1, 2)
3
(27, 27)
-> Request 1
408
(4, 3, 2)
2
(35, 76)
-> Request 2
1104
(1, 2, 1)
3
(43, 31)
-> Request 3
1191
(2, 2, 2)
1
(16, 38)
-> Request 4
1220
(4, 1, 2)
2
(9, 6)
---> Week : 1
--> Day : 0
-> Request 0
96
(4, 1, 1)
1
(51, 40)
-> Request 1
666
(1, 1, 1)
2
(46, 71)
-> Request 2
893
(3, 2, 2)
2
(43, 33)
-> Request 3
989
(2, 2, 1)
2
(60, 38)
-> Request 4
1062
(2, 2, 2)
2
(37, 28)
-> Request 5
1106
(2, 3, 1)
2
(16, 29)
-> Request 6
1233
(2, 1, 1)
3
(4, 22)
--> Day : 1
-> Request 0
401
(1, 2, 1)
2
(14, 33)
-> Request 1
459
(3, 3, 2)
2
(30, 12)
-> Request 2
554
(3, 1, 1)
3
(24, 52)
-> Request 3
585
(3, 3, 2)
3
(44, 65)
-> Request 4
599
(2, 2, 2)
1
(46, 41)
-> Request 5
605
(4, 2, 2)
1
(33, 79)
-> Request 6
997
(4, 2, 2)
2
(2, 34)
-> Request 7
1016
(4, 3, 2)
3
(53, 43)
-> Request 8
1354
(1, 2, 2)
2
(62, 72)
--> Day : 2
-> Request 0
406
(1, 3, 2)
1
(42, 8)
-> Request 1
741
(1, 1, 1)
2
(57, 64)
-> Request 2
1030
(4, 2, 2)
3
(5, 44)
-> Request 3
1135
(1, 1, 1)
2
(19, 68)
-> Request 4
1214
(2, 2, 2)
3
(60, 3)
--> Day : 3
-> Request 0
569
(3, 3, 1)
3
(0, 33)
-> Request 1
587
(3, 3, 2)
3
(56, 35)
-> Request 2
778
(3, 2, 2)
3
(53, 67)
-> Request 3
806
(2, 3, 1)
1
(24, 27)
-> Request 4
823
(2, 3, 2)
2
(52, 74)
-> Request 5
1335
(2, 2, 2)
1
(62, 47)
--> Day : 4
-> Request 0
938
(2, 2, 1)
3
(43, 45)
-> Request 1
1001
(3, 2, 2)
2
(53, 32)
-> Request 2
1269
(2, 3, 2)
1
(51, 36)
---> Week : 2
--> Day : 0
-> Request 0
47
(2, 1, 1)
1
(55, 32)
-> Request 1
143
(2, 3, 1)
3
(66, 68)
-> Request 2
1313
(2, 3, 2)
3
(47, 35)
--> Day : 1
-> Request 0
22
(3, 3, 1)
1
(57, 6)
-> Request 1
78
(2, 1, 2)
1
(54, 64)
-> Request 2
259
(1, 2, 2)
3
(61, 71)
-> Request 3
289
(1, 1, 2)
2
(47, 46)
-> Request 4
336
(1, 3, 2)
2
(72, 15)
-> Request 5
682
(2, 1, 1)
2
(47, 31)
-> Request 6
1096
(4, 1, 1)
2
(62, 46)
-> Request 7
1134
(2, 1, 1)
2
(56, 73)
--> Day : 2
-> Request 0
717
(3, 1, 2)
2
(67, 28)
-> Request 1
784
(4, 2, 1)
1
(43, 37)
-> Request 2
1060
(2, 2, 2)
2
(54, 70)
--> Day : 3
-> Request 0
37
(3, 3, 2)
3
(14, 25)
-> Request 1
130
(3, 3, 2)
2
(45, 29)
-> Request 2
188
(1, 3, 2)
1
(61, 44)
-> Request 3
732
(2, 1, 1)
1
(63, 76)
-> Request 4
839
(2, 2, 2)
1
(16, 1)
-> Request 5
1031
(4, 3, 1)
1
(66, 64)
-> Request 6
1349
(3, 1, 2)
3
(23, 45)
--> Day : 4
-> Request 0
131
(4, 1, 2)
1
(11, 23)
-> Request 1
225
(3, 2, 2)
3
(47, 38)
-> Request 2
375
(3, 1, 2)
2
(61, 44)
-> Request 3
527
(3, 3, 2)
3
(59, 17)
-> Request 4
607
(4, 3, 1)
2
(36, 29)
-> Request 5
1268
(4, 1, 2)
1
(8, 20)
---> Week : 3
--> Day : 0
-> Request 0
153
(2, 2, 2)
1
(56, 72)
-> Request 1
475
(1, 3, 1)
1
(54, 72)
-> Request 2
1364
(2, 1, 1)
3
(58, 33)
--> Day : 1
-> Request 0
9
(3, 1, 2)
1
(5, 74)
-> Request 1
76
(2, 1, 2)
1
(56, 37)
-> Request 2
710
(4, 3, 1)
3
(53, 70)
-> Request 3
803
(1, 3, 1)
2
(68, 12)
-> Request 4
931
(4, 2, 2)
2
(58, 65)
-> Request 5
1314
(1, 3, 2)
1
(77, 11)
--> Day : 2
-> Request 0
42
(4, 3, 2)
2
(44, 40)
-> Request 1
313
(2, 2, 1)
3
(65, 53)
-> Request 2
441
(1, 2, 2)
1
(16, 15)
-> Request 3
626
(1, 2, 2)
2
(35, 6)
-> Request 4
905
(1, 2, 1)
2
(53, 43)
-> Request 5
1003
(3, 1, 1)
2
(51, 30)
-> Request 6
1047
(3, 3, 2)
2
(51, 2)
--> Day : 3
-> Request 0
324
(2, 3, 2)
3
(16, 41)
--> Day : 4
-> Request 0
287
(3, 3, 1)
1
(56, 46)
-> Request 1
409
(4, 1, 1)
2
(34, 68)
-> Request 2
575
(2, 3, 2)
3
(65, 64)
-> Request 3
635
(2, 2, 2)
2
(65, 78)
-> Request 4
1095
(4, 3, 1)
2
(51, 39)
-> Request 5
1280
(3, 1, 1)
1
(11, 20)
---> Week : 4
--> Day : 0
-> Request 0
409
(3, 2, 2)
1
(59, 30)
-> Request 1
570
(4, 3, 2)
3
(78, 64)
-> Request 2
574
(2, 1, 2)
2
(8, 48)
-> Request 3
1078
(4, 2, 1)
3
(54, 45)
-> Request 4
1176
(3, 3, 2)
1
(58, 28)
-> Request 5
1301
(2, 2, 2)
1
(54, 28)
-> Request 6
1359
(2, 2, 1)
3
(9, 22)
--> Day : 1
-> Request 0
17
(4, 1, 1)
1
(13, 21)
-> Request 1
60
(2, 3, 2)
2
(62, 75)
-> Request 2
166
(4, 1, 2)
3
(56, 77)
-> Request 3
670
(4, 1, 2)
3
(61, 12)
-> Request 4
827
(1, 1, 1)
2
(58, 30)
-> Request 5
979
(1, 3, 1)
1
(62, 65)
-> Request 6
1030
(2, 3, 2)
3
(63, 75)
-> Request 7
1388
(3, 2, 2)
2
(64, 25)
--> Day : 2
-> Request 0
335
(3, 2, 2)
2
(53, 64)
-> Request 1
887
(4, 1, 1)
3
(33, 25)
-> Request 2
936
(2, 3, 2)
2
(54, 56)
-> Request 3
1245
(4, 2, 1)
2
(27, 78)
--> Day : 3
-> Request 0
209
(4, 1, 2)
1
(55, 30)
-> Request 1
288
(1, 2, 1)
2
(49, 61)
-> Request 2
319
(4, 1, 1)
2
(52, 37)
-> Request 3
499
(4, 1, 2)
3
(60, 41)
-> Request 4
792
(3, 1, 1)
3
(9, 0)
-> Request 5
1169
(4, 2, 2)
2
(58, 31)
-> Request 6
1231
(1, 3, 2)
2
(43, 46)
--> Day : 4
-> Request 0
216
(1, 3, 1)
1
(47, 38)
-> Request 1
297
(4, 3, 2)
3
(13, 7)
-> Request 2
758
(3, 3, 1)
3
(46, 25)
-> Request 3
815
(3, 1, 2)
1
(15, 23)
-> Request 4
833
(2, 2, 1)
2
(9, 31)
---> Week : 5
--> Day : 0
-> Request 0
159
(1, 3, 1)
3
(33, 20)
-> Request 1
512
(3, 3, 2)
2
(9, 27)
-> Request 2
1047
(4, 1, 1)
2
(52, 43)
-> Request 3
1422
(2, 3, 1)
3
(62, 58)
--> Day : 1
-> Request 0
61
(4, 1, 2)
2
(40, 67)
-> Request 1
158
(2, 2, 2)
3
(63, 38)
-> Request 2
455
(2, 2, 1)
2
(57, 71)
-> Request 3
710
(3, 1, 2)
1
(33, 40)
-> Request 4
988
(1, 2, 2)
3
(55, 11)
-> Request 5
1086
(2, 2, 1)
1
(42, 12)
-> Request 6
1168
(1, 1, 2)
2
(16, 39)
-> Request 7
1298
(1, 3, 2)
2
(53, 35)
--> Day : 2
-> Request 0
285
(4, 2, 2)
3
(50, 30)
-> Request 1
981
(3, 2, 2)
2
(51, 12)
-> Request 2
1046
(2, 1, 1)
2
(57, 67)
-> Request 3
1134
(4, 2, 1)
3
(36, 63)
-> Request 4
1362
(2, 2, 1)
3
(15, 26)
--> Day : 3
-> Request 0
73
(3, 3, 2)
2
(34, 3)
-> Request 1
502
(1, 3, 1)
1
(55, 45)
-> Request 2
1123
(1, 2, 1)
2
(74, 50)
--> Day : 4
-> Request 0
89
(3, 1, 2)
1
(59, 30)
-> Request 1
105
(3, 3, 1)
1
(3, 41)
-> Request 2
728
(2, 1, 1)
3
(65, 55)
-> Request 3
1058
(2, 2, 2)
1
(45, 42)
-> Request 4
1232
(1, 1, 2)
2
(46, 34)
-> Request 5
1258
(1, 2, 2)
1
(52, 71)
---> Week : 6
--> Day : 0
-> Request 0
219
(2, 1, 1)
2
(55, 36)
-> Request 1
278
(2, 1, 1)
3
(45, 9)
-> Request 2
464
(2, 3, 2)
1
(52, 31)
-> Request 3
661
(1, 3, 1)
3
(58, 32)
-> Request 4
893
(4, 3, 2)
2
(65, 59)
-> Request 5
1054
(4, 2, 1)
2
(51, 7)
--> Day : 1
-> Request 0
125
(1, 1, 2)
1
(49, 37)
-> Request 1
426
(3, 1, 1)
3
(1, 5)
-> Request 2
588
(2, 3, 1)
3
(73, 34)
-> Request 3
624
(3, 2, 1)
2
(26, 14)
-> Request 4
691
(2, 3, 1)
3
(39, 71)
-> Request 5
913
(2, 2, 2)
3
(45, 8)
-> Request 6
1001
(2, 3, 2)
3
(17, 27)
-> Request 7
1088
(4, 1, 1)
2
(50, 35)
-> Request 8
1199
(1, 1, 1)
3
(53, 36)
-> Request 9
1222
(4, 2, 1)
3
(79, 12)
--> Day : 2
-> Request 0
192
(3, 1, 2)
1
(66, 68)
-> Request 1
504
(4, 1, 1)
3
(27, 15)
-> Request 2
867
(1, 3, 1)
1
(57, 40)
-> Request 3
966
(4, 3, 1)
2
(56, 13)
-> Request 4
1105
(3, 2, 1)
2
(53, 27)
--> Day : 3
-> Request 0
552
(4, 3, 1)
1
(24, 43)
-> Request 1
647
(3, 3, 2)
1
(54, 28)
-> Request 2
882
(1, 2, 1)
1
(32, 58)
--> Day : 4
-> Request 0
55
(2, 1, 1)
3
(35, 33)
-> Request 1
185
(3, 2, 2)
3
(65, 66)
-> Request 2
324
(3, 1, 1)
2
(36, 79)
-> Request 3
591
(2, 1, 1)
2
(39, 67)
-> Request 4
706
(2, 1, 2)
1
(47, 44)
-> Request 5
728
(2, 3, 1)
2
(53, 35)
-> Request 6
1384
(3, 3, 1)
2
(59, 72)
-> Request 7
1411
(3, 1, 2)
1
(55, 35)
---> Week : 7
--> Day : 0
-> Request 0
370
(2, 3, 2)
1
(76, 24)
-> Request 1
603
(2, 3, 1)
1
(62, 30)
-> Request 2
648
(1, 2, 1)
3
(12, 24)
--> Day : 1
-> Request 0
7
(2, 2, 1)
1
(2, 38)
-> Request 1
30
(1, 1, 1)
3
(64, 66)
-> Request 2
170
(4, 1, 1)
2
(43, 37)
-> Request 3
327
(1, 2, 2)
1
(2, 16)
-> Request 4
352
(2, 3, 2)
1
(29, 41)
-> Request 5
555
(4, 1, 2)
1
(62, 28)
-> Request 6
1116
(1, 1, 1)
2
(17, 25)
-> Request 7
1309
(2, 3, 2)
1
(12, 72)
-> Request 8
1355
(2, 1, 1)
2
(61, 67)
--> Day : 2
-> Request 0
288
(3, 3, 2)
1
(56, 15)
-> Request 1
356
(3, 1, 2)
3
(67, 45)
-> Request 2
721
(2, 2, 1)
1
(47, 70)
--> Day : 3
-> Request 0
132
(1, 1, 1)
2
(11, 26)
-> Request 1
273
(2, 3, 1)
2
(41, 63)
-> Request 2
603
(4, 2, 1)
1
(30, 52)
-> Request 3
662
(3, 3, 2)
1
(59, 1)
-> Request 4
824
(1, 3, 1)
2
(26, 77)
-> Request 5
836
(1, 1, 2)
3
(47, 38)
-> Request 6
915
(4, 2, 1)
1
(62, 45)
--> Day : 4
-> Request 0
54
(4, 2, 2)
2
(31, 36)
-> Request 1
310
(2, 2, 1)
2
(77, 76)
-> Request 2
562
(3, 2, 2)
2
(16, 25)
-> Request 3
650
(3, 3, 2)
1
(1, 49)
-> Request 4
823
(4, 3, 1)
3
(57, 68)
-> Request 5
919
(1, 1, 2)
1
(43, 41)
-> Request 6
1000
(2, 2, 2)
3
(23, 21)
-> Request 7
1173
(2, 2, 2)
1
(43, 40)
-> Request 8
1273
(2, 2, 1)
1
(64, 64)
---> Week : 8
--> Day : 0
-> Request 0
12
(1, 3, 1)
2
(53, 32)
-> Request 1
59
(3, 2, 1)
1
(16, 77)
-> Request 2
517
(3, 1, 1)
1
(44, 12)
-> Request 3
594
(3, 2, 1)
1
(60, 73)
-> Request 4
813
(1, 2, 1)
3
(62, 28)
-> Request 5
909
(4, 2, 1)
2
(14, 28)
-> Request 6
958
(4, 2, 1)
3
(27, 77)
--> Day : 1
-> Request 0
4
(1, 2, 1)
1
(50, 43)
-> Request 1
172
(2, 2, 2)
2
(78, 74)
-> Request 2
543
(3, 2, 2)
3
(56, 41)
-> Request 3
717
(2, 1, 1)
3
(61, 41)
-> Request 4
718
(3, 1, 2)
3
(71, 0)
-> Request 5
810
(1, 2, 1)
2
(53, 44)
-> Request 6
964
(3, 3, 1)
3
(75, 43)
-> Request 7
1142
(4, 1, 1)
1
(56, 72)
-> Request 8
1146
(3, 1, 1)
3
(56, 43)
-> Request 9
1220
(2, 3, 1)
1
(79, 28)
--> Day : 2
-> Request 0
155
(1, 1, 1)
1
(6, 48)
-> Request 1
357
(1, 2, 1)
1
(16, 21)
-> Request 2
445
(3, 1, 2)
2
(15, 27)
-> Request 3
757
(3, 3, 2)
3
(58, 48)
-> Request 4
1433
(4, 1, 1)
1
(45, 32)
--> Day : 3
-> Request 0
349
(4, 2, 2)
1
(24, 6)
-> Request 1
748
(3, 2, 1)
2
(56, 18)
-> Request 2
1035
(4, 3, 2)
3
(35, 59)
-> Request 3
1361
(4, 3, 2)
3
(79, 70)
-> Request 4
1361
(3, 2, 1)
3
(2, 28)
-> Request 5
1392
(4, 3, 2)
1
(18, 26)
--> Day : 4
-> Request 0
3
(2, 3, 1)
2
(55, 72)
-> Request 1
112
(3, 3, 1)
3
(66, 13)
-> Request 2
149
(3, 2, 2)
2
(58, 28)
-> Request 3
400
(3, 1, 1)
2
(49, 44)
-> Request 4
445
(3, 3, 1)
1
(59, 67)
-> Request 5
527
(3, 2, 1)
2
(64, 73)
-> Request 6
739
(4, 1, 2)
2
(1, 17)
-> Request 7
1280
(4, 2, 2)
3
(57, 41)
---> Week : 9
--> Day : 0
-> Request 0
108
(2, 3, 2)
2
(51, 32)
--> Day : 1
-> Request 0
362
(1, 2, 2)
1
(61, 39)
-> Request 1
618
(2, 2, 2)
1
(49, 29)
-> Request 2
636
(4, 1, 2)
1
(72, 38)
-> Request 3
1071
(1, 2, 2)
2
(3, 29)
-> Request 4
1362
(4, 2, 1)
2
(73, 73)
--> Day : 2
-> Request 0
132
(1, 1, 1)
3
(26, 22)
-> Request 1
358
(2, 1, 1)
3
(67, 62)
-> Request 2
422
(1, 3, 1)
2
(49, 4)
-> Request 3
851
(2, 2, 1)
3
(13, 24)
-> Request 4
1128
(1, 1, 2)
3
(41, 52)
-> Request 5
1354
(1, 1, 1)
3
(12, 37)
--> Day : 3
-> Request 0
910
(4, 1, 2)
3
(55, 76)
-> Request 1
916
(4, 1, 1)
2
(13, 25)
-> Request 2
919
(3, 3, 2)
1
(36, 12)
--> Day : 4
-> Request 0
149
(2, 2, 2)
1
(52, 35)
-> Request 1
200
(4, 3, 1)
3
(61, 64)
-> Request 2
293
(3, 2, 1)
3
(50, 45)
-> Request 3
298
(1, 3, 1)
3
(52, 71)
-> Request 4
909
(1, 3, 2)
3
(6, 22)
-> Request 5
916
(2, 3, 2)
3
(61, 71)
-> Request 6
954
(1, 1, 1)
1
(58, 31)
-> Request 7
1034
(1, 2, 1)
3
(39, 60)
-> Request 8
1061
(3, 1, 2)
1
(29, 44)
-> Request 9
1062
(4, 3, 1)
3
(32, 63)
---> Week : 10
--> Day : 0
-> Request 0
229
(3, 2, 1)
3
(62, 48)
-> Request 1
405
(3, 2, 1)
1
(46, 35)
-> Request 2
706
(2, 1, 1)
2
(3, 58)
-> Request 3
1073
(3, 1, 1)
1
(56, 36)
--> Day : 1
-> Request 0
161
(3, 1, 1)
3
(44, 38)
-> Request 1
399
(1, 3, 1)
2
(8, 1)
-> Request 2
414
(3, 2, 1)
1
(66, 65)
-> Request 3
931
(2, 3, 1)
3
(59, 44)
-> Request 4
955
(3, 1, 1)
3
(57, 36)
-> Request 5
1217
(1, 1, 2)
1
(58, 10)
-> Request 6
1370
(4, 1, 1)
1
(24, 15)
--> Day : 2
-> Request 0
134
(3, 1, 2)
1
(33, 61)
-> Request 1
972
(2, 1, 1)
2
(33, 3)
-> Request 2
1089
(1, 1, 1)
2
(30, 45)
-> Request 3
1226
(1, 3, 1)
2
(61, 29)
--> Day : 3
-> Request 0
143
(1, 1, 1)
1
(41, 29)
-> Request 1
369
(2, 2, 1)
3
(9, 23)
-> Request 2
529
(2, 1, 2)
2
(43, 37)
-> Request 3
785
(2, 1, 2)
2
(3, 74)
-> Request 4
956
(1, 2, 1)
2
(62, 38)
-> Request 5
966
(3, 3, 2)
3
(26, 14)
--> Day : 4
-> Request 0
208
(3, 3, 2)
3
(14, 25)
-> Request 1
329
(2, 3, 2)
3
(60, 27)
-> Request 2
632
(4, 2, 1)
3
(32, 61)
-> Request 3
1361
(2, 1, 1)
1
(43, 40)
---> Week : 11
--> Day : 0
-> Request 0
89
(1, 1, 2)
3
(59, 65)
-> Request 1
92
(2, 3, 1)
1
(58, 36)
-> Request 2
535
(4, 3, 2)
2
(41, 39)
-> Request 3
560
(2, 1, 1)
1
(43, 45)
-> Request 4
742
(2, 3, 1)
2
(61, 17)
-> Request 5
883
(4, 1, 2)
1
(62, 36)
-> Request 6
1088
(1, 1, 2)
2
(22, 52)
--> Day : 1
-> Request 0
534
(2, 3, 1)
1
(43, 27)
-> Request 1
605
(1, 1, 2)
2
(28, 25)
-> Request 2
839
(4, 3, 2)
1
(44, 70)
-> Request 3
882
(1, 3, 1)
3
(28, 78)
-> Request 4
956
(2, 2, 1)
2
(51, 45)
-> Request 5
1349
(1, 2, 1)
1
(73, 27)
--> Day : 2
-> Request 0
280
(4, 3, 1)
2
(62, 76)
-> Request 1
469
(1, 1, 2)
1
(54, 40)
-> Request 2
476
(3, 1, 2)
1
(42, 15)
-> Request 3
759
(2, 3, 2)
1
(23, 75)
-> Request 4
915
(4, 3, 1)
1
(50, 33)
--> Day : 3
-> Request 0
180
(2, 1, 2)
1
(59, 26)
-> Request 1
203
(1, 3, 1)
1
(23, 46)
-> Request 2
207
(2, 2, 1)
2
(49, 66)
-> Request 3
221
(3, 2, 2)
3
(21, 33)
-> Request 4
280
(2, 1, 2)
2
(55, 30)
-> Request 5
885
(1, 1, 2)
1
(46, 69)
-> Request 6
954
(4, 2, 1)
1
(21, 27)
-> Request 7
1340
(1, 1, 1)
2
(56, 65)
--> Day : 4
-> Request 0
453
(2, 3, 2)
3
(66, 64)
-> Request 1
617
(2, 2, 1)
2
(10, 29)
-> Request 2
765
(1, 1, 1)
3
(29, 50)
-> Request 3
892
(2, 3, 1)
2
(21, 8)
-> Request 4
1365
(2, 1, 1)
3
(52, 70)
---> Week : 12
--> Day : 0
-> Request 0
618
(1, 2, 1)
3
(66, 74)
-> Request 1
711
(3, 2, 2)
1
(75, 54)
-> Request 2
991
(1, 2, 2)
2
(8, 21)
-> Request 3
1087
(1, 2, 1)
2
(64, 70)
--> Day : 1
-> Request 0
142
(1, 2, 2)
1
(13, 22)
-> Request 1
443
(4, 2, 2)
2
(54, 30)
--> Day : 2
-> Request 0
3
(1, 1, 1)
2
(44, 43)
-> Request 1
12
(4, 1, 1)
3
(20, 25)
-> Request 2
77
(4, 3, 1)
3
(56, 45)
-> Request 3
441
(1, 2, 2)
2
(25, 47)
-> Request 4
1258
(1, 2, 2)
3
(51, 28)
-> Request 5
1349
(2, 2, 2)
1
(51, 40)
--> Day : 3
-> Request 0
92
(1, 3, 1)
2
(59, 28)
-> Request 1
167
(1, 1, 1)
2
(61, 43)
-> Request 2
185
(2, 1, 2)
3
(73, 36)
-> Request 3
191
(1, 3, 2)
2
(58, 74)
-> Request 4
350
(1, 2, 2)
3
(68, 70)
-> Request 5
469
(1, 3, 2)
1
(74, 63)
-> Request 6
814
(1, 2, 1)
1
(60, 66)
--> Day : 4
-> Request 0
227
(1, 3, 2)
2
(16, 10)
-> Request 1
269
(1, 2, 2)
2
(75, 74)
-> Request 2
290
(3, 3, 2)
2
(15, 36)
-> Request 3
355
(3, 1, 2)
2
(64, 60)
---> Week : 13
--> Day : 0
-> Request 0
202
(3, 1, 2)
1
(55, 33)
-> Request 1
550
(3, 3, 1)
2
(75, 24)
-> Request 2
785
(3, 3, 1)
3
(57, 65)
-> Request 3
1150
(4, 1, 1)
1
(43, 46)
-> Request 4
1283
(3, 3, 2)
1
(28, 3)
-> Request 5
1385
(2, 2, 2)
1
(60, 40)
--> Day : 1
-> Request 0
289
(1, 3, 2)
1
(57, 15)
-> Request 1
439
(3, 1, 1)
1
(58, 28)
-> Request 2
587
(4, 2, 2)
1
(28, 66)
-> Request 3
743
(2, 2, 1)
1
(52, 38)
-> Request 4
1169
(1, 3, 1)
2
(58, 46)
-> Request 5
1184
(4, 1, 1)
1
(44, 17)
-> Request 6
1326
(2, 3, 2)
2
(59, 78)
--> Day : 2
-> Request 0
390
(4, 2, 1)
1
(5, 49)
-> Request 1
573
(2, 3, 2)
3
(17, 20)
-> Request 2
636
(3, 3, 1)
2
(29, 21)
-> Request 3
816
(2, 3, 2)
1
(71, 76)
-> Request 4
1167
(1, 2, 2)
1
(18, 28)
-> Request 5
1279
(1, 1, 1)
2
(60, 70)
--> Day : 3
-> Request 0
625
(2, 2, 2)
2
(71, 32)
-> Request 1
815
(3, 3, 2)
2
(54, 72)
-> Request 2
1065
(4, 1, 2)
3
(45, 31)
-> Request 3
1111
(2, 3, 2)
1
(12, 22)
-> Request 4
1148
(2, 2, 2)
1
(56, 64)
-> Request 5
1203
(3, 2, 2)
1
(3, 74)
-> Request 6
1245
(3, 3, 2)
3
(59, 34)
-> Request 7
1410
(1, 3, 1)
2
(51, 44)
--> Day : 4
-> Request 0
42
(2, 3, 1)
2
(8, 63)
-> Request 1
210
(2, 2, 2)
1
(76, 47)
-> Request 2
780
(4, 1, 2)
3
(57, 64)
-> Request 3
784
(1, 2, 2)
3
(28, 35)
-> Request 4
824
(4, 1, 2)
1
(16, 22)
-> Request 5
835
(4, 3, 1)
1
(61, 44)
-> Request 6
1012
(2, 3, 2)
3
(48, 23)
---> Week : 14
--> Day : 0
-> Request 0
242
(1, 2, 2)
2
(16, 67)
-> Request 1
452
(1, 2, 1)
1
(52, 28)
-> Request 2
1107
(3, 2, 2)
1
(33, 52)
-> Request 3
1150
(4, 1, 2)
1
(54, 68)
-> Request 4
1166
(1, 3, 1)
1
(52, 78)
-> Request 5
1268
(3, 1, 1)
3
(31, 74)
--> Day : 1
-> Request 0
1276
(4, 1, 1)
1
(39, 26)
-> Request 1
1361
(3, 1, 1)
3
(60, 68)
--> Day : 2
-> Request 0
345
(3, 3, 1)
2
(63, 11)
-> Request 1
717
(4, 3, 2)
1
(56, 76)
-> Request 2
846
(1, 3, 1)
3
(6, 21)
-> Request 3
1158
(2, 1, 1)
1
(52, 67)
-> Request 4
1191
(1, 1, 1)
3
(1, 40)
--> Day : 3
-> Request 0
24
(2, 3, 2)
1
(33, 0)
-> Request 1
200
(4, 3, 2)
2
(59, 31)
-> Request 2
575
(2, 2, 1)
3
(24, 61)
-> Request 3
766
(2, 2, 2)
2
(59, 66)
-> Request 4
827
(3, 2, 2)
2
(1, 43)
-> Request 5
1118
(3, 1, 1)
2
(15, 32)
--> Day : 4
-> Request 0
5
(4, 1, 1)
2
(10, 79)
-> Request 1
39
(4, 3, 1)
2
(65, 76)
-> Request 2
300
(3, 3, 2)
2
(5, 17)
-> Request 3
434
(3, 2, 2)
2
(57, 34)
-> Request 4
534
(2, 2, 2)
3
(45, 45)
-> Request 5
851
(4, 2, 1)
3
(52, 46)
-> Request 6
874
(4, 1, 2)
3
(58, 37)
-> Request 7
1337
(1, 2, 1)
3
(55, 75)
---> Week : 15
--> Day : 0
-> Request 0
451
(2, 3, 1)
1
(29, 75)
-> Request 1
681
(2, 1, 2)
3
(18, 36)
-> Request 2
1041
(4, 1, 2)
2
(39, 17)
--> Day : 1
-> Request 0
595
(4, 2, 1)
1
(7, 62)
-> Request 1
1398
(1, 2, 1)
1
(35, 29)
--> Day : 2
-> Request 0
201
(2, 1, 1)
3
(58, 27)
-> Request 1
354
(1, 3, 2)
3
(64, 67)
-> Request 2
377
(4, 3, 2)
1
(66, 58)
-> Request 3
639
(4, 1, 1)
3
(56, 72)
-> Request 4
687
(2, 2, 1)
1
(62, 36)
-> Request 5
1058
(3, 1, 2)
1
(52, 28)
-> Request 6
1075
(4, 3, 2)
1
(57, 40)
-> Request 7
1102
(4, 1, 2)
1
(15, 21)
--> Day : 3
-> Request 0
89
(1, 3, 2)
3
(45, 30)
-> Request 1
210
(4, 2, 2)
3
(44, 38)
-> Request 2
469
(4, 1, 1)
3
(25, 15)
-> Request 3
728
(3, 3, 2)
3
(60, 70)
-> Request 4
810
(3, 1, 2)
1
(53, 73)
-> Request 5
983
(2, 2, 1)
1
(58, 64)
--> Day : 4
-> Request 0
369
(4, 2, 2)
3
(62, 40)
-> Request 1
471
(4, 3, 1)
1
(55, 38)
-> Request 2
588
(4, 2, 2)
3
(49, 45)
-> Request 3
867
(3, 1, 2)
3
(26, 55)
-> Request 4
1142
(1, 1, 1)
2
(51, 31)
---> Week : 16
--> Day : 0
-> Request 0
138
(1, 3, 1)
3
(60, 65)
-> Request 1
165
(3, 1, 1)
2
(49, 23)
-> Request 2
193
(2, 1, 1)
2
(58, 69)
-> Request 3
381
(1, 2, 2)
3
(62, 78)
-> Request 4
1011
(4, 3, 1)
1
(62, 74)
-> Request 5
1250
(2, 2, 2)
3
(35, 50)
-> Request 6
1293
(3, 1, 1)
1
(52, 70)
-> Request 7
1433
(1, 2, 1)
2
(58, 28)
--> Day : 1
-> Request 0
627
(2, 2, 2)
1
(62, 41)
-> Request 1
649
(3, 1, 1)
2
(52, 65)
-> Request 2
682
(3, 2, 2)
2
(55, 45)
-> Request 3
824
(3, 2, 1)
1
(11, 22)
-> Request 4
874
(1, 1, 1)
2
(10, 27)
-> Request 5
969
(1, 3, 1)
2
(73, 26)
--> Day : 2
-> Request 0
357
(1, 3, 1)
1
(64, 5)
-> Request 1
415
(3, 3, 1)
1
(5, 51)
-> Request 2
676
(3, 3, 2)
3
(68, 61)
-> Request 3
817
(2, 1, 2)
3
(51, 40)
-> Request 4
1112
(3, 2, 1)
3
(58, 38)
-> Request 5
1253
(2, 1, 2)
1
(48, 31)
--> Day : 3
-> Request 0
218
(4, 3, 1)
1
(52, 49)
-> Request 1
446
(4, 3, 1)
2
(43, 30)
-> Request 2
545
(2, 2, 1)
3
(49, 27)
-> Request 3
736
(3, 1, 2)
2
(15, 28)
-> Request 4
1263
(4, 2, 2)
2
(34, 8)
--> Day : 4
-> Request 0
155
(3, 3, 2)
1
(50, 38)
-> Request 1
219
(3, 3, 1)
3
(7, 7)
-> Request 2
298
(4, 3, 2)
3
(4, 69)
-> Request 3
649
(2, 1, 2)
3
(19, 11)
-> Request 4
1345
(3, 2, 2)
2
(62, 29)
-> Request 5
1364
(1, 3, 1)
2
(60, 42)
---> Week : 17
--> Day : 0
-> Request 0
542
(1, 3, 2)
3
(8, 30)
--> Day : 1
-> Request 0
113
(4, 2, 1)
1
(67, 39)
-> Request 1
363
(4, 2, 1)
3
(28, 66)
-> Request 2
492
(3, 3, 1)
2
(66, 67)
-> Request 3
575
(2, 1, 1)
1
(10, 7)
-> Request 4
643
(3, 3, 1)
3
(15, 50)
-> Request 5
693
(4, 3, 1)
3
(79, 44)
--> Day : 2
-> Request 0
37
(4, 2, 2)
2
(38, 14)
-> Request 1
591
(1, 2, 1)
1
(11, 22)
-> Request 2
1047
(3, 3, 2)
1
(41, 20)
-> Request 3
1368
(2, 3, 2)
3
(17, 38)
--> Day : 3
-> Request 0
11
(4, 3, 2)
1
(12, 69)
-> Request 1
238
(2, 1, 2)
3
(74, 58)
-> Request 2
241
(2, 1, 1)
1
(22, 60)
-> Request 3
394
(4, 2, 1)
3
(28, 25)
-> Request 4
834
(4, 2, 1)
3
(14, 34)
-> Request 5
933
(2, 3, 1)
1
(50, 39)
-> Request 6
1414
(3, 3, 2)
3
(66, 0)
--> Day : 4
-> Request 0
68
(3, 2, 1)
3
(54, 77)
-> Request 1
79
(1, 1, 1)
3
(64, 14)
-> Request 2
227
(2, 1, 1)
2
(9, 22)
-> Request 3
324
(1, 1, 2)
1
(43, 22)
-> Request 4
560
(4, 1, 1)
3
(14, 26)
-> Request 5
581
(1, 2, 2)
2
(9, 52)
-> Request 6
702
(3, 1, 1)
3
(37, 73)
-> Request 7
737
(3, 1, 2)
2
(70, 72)
-> Request 8
1333
(4, 1, 2)
2
(48, 29)
-> Request 9
1416
(3, 1, 1)
3
(57, 68)
---> Week : 18
--> Day : 0
-> Request 0
55
(4, 3, 1)
2
(45, 45)
-> Request 1
251
(3, 2, 2)
2
(40, 32)
-> Request 2
649
(4, 3, 2)
1
(25, 7)
-> Request 3
824
(3, 3, 2)
1
(11, 37)
-> Request 4
1015
(1, 3, 1)
3
(11, 24)
-> Request 5
1020
(4, 2, 1)
2
(57, 72)
-> Request 6
1299
(2, 1, 1)
2
(75, 72)
--> Day : 1
-> Request 0
251
(1, 1, 1)
3
(75, 18)
-> Request 1
1111
(2, 1, 2)
1
(57, 38)
--> Day : 2
-> Request 0
463
(3, 2, 2)
1
(60, 13)
-> Request 1
768
(2, 2, 1)
2
(61, 77)
-> Request 2
889
(3, 1, 1)
3
(53, 74)
-> Request 3
950
(2, 2, 2)
3
(53, 76)
-> Request 4
1239
(4, 3, 2)
2
(9, 21)
--> Day : 3
-> Request 0
917
(3, 1, 1)
2
(53, 40)
-> Request 1
960
(1, 3, 2)
3
(66, 74)
--> Day : 4
-> Request 0
331
(4, 3, 2)
3
(44, 35)
-> Request 1
521
(1, 2, 2)
1
(31, 45)
-> Request 2
559
(1, 1, 2)
2
(59, 32)
-> Request 3
1006
(3, 1, 2)
2
(51, 27)
-> Request 4
1247
(3, 3, 1)
3
(54, 65)
---> Week : 19
--> Day : 0
-> Request 0
10
(3, 1, 2)
3
(8, 20)
-> Request 1
84
(4, 2, 1)
2
(47, 28)
-> Request 2
114
(3, 2, 2)
3
(75, 79)
-> Request 3
487
(4, 1, 1)
3
(75, 5)
-> Request 4
566
(2, 1, 2)
1
(58, 36)
-> Request 5
797
(4, 2, 1)
1
(48, 27)
-> Request 6
1402
(1, 1, 1)
2
(60, 37)
--> Day : 1
-> Request 0
9
(4, 1, 2)
1
(19, 40)
-> Request 1
124
(2, 1, 2)
1
(73, 24)
-> Request 2
181
(3, 3, 1)
2
(63, 72)
-> Request 3
227
(2, 1, 2)
3
(44, 33)
-> Request 4
564
(3, 3, 1)
3
(64, 5)
-> Request 5
588
(1, 3, 2)
2
(59, 76)
-> Request 6
668
(3, 1, 2)
1
(45, 42)
-> Request 7
1128
(4, 3, 2)
2
(52, 75)
--> Day : 2
-> Request 0
314
(1, 2, 1)
2
(54, 33)
-> Request 1
1135
(4, 1, 1)
1
(74, 62)
-> Request 2
1151
(2, 1, 2)
2
(2, 77)
-> Request 3
1152
(1, 1, 2)
3
(11, 20)
-> Request 4
1216
(1, 1, 2)
3
(25, 77)
--> Day : 3
-> Request 0
46
(4, 2, 2)
2
(76, 32)
-> Request 1
341
(4, 2, 1)
2
(59, 42)
-> Request 2
410
(1, 3, 1)
1
(66, 65)
-> Request 3
430
(4, 2, 1)
2
(10, 28)
-> Request 4
644
(1, 3, 1)
1
(23, 53)
--> Day : 4
-> Request 0
437
(2, 2, 2)
2
(44, 46)
-> Request 1
508
(4, 2, 2)
2
(46, 32)
-> Request 2
799
(1, 2, 2)
1
(46, 38)
-> Request 3
850
(3, 1, 2)
2
(31, 20)
-> Request 4
971
(2, 3, 1)
2
(57, 34)
-> Request 5
1260
(1, 3, 1)
2
(4, 39)
-> Request 6
1364
(1, 2, 2)
1
(18, 64)
