---> Week : 0
--> Day : 0
-> Request 0
392
(3, 1, 1)
3
(57, 61)
-> Request 1
550
(1, 1, 1)
1
(51, 43)
-> Request 2
583
(4, 3, 2)
3
(62, 22)
-> Request 3
607
(4, 3, 1)
2
(64, 70)
-> Request 4
1023
(3, 1, 2)
2
(54, 29)
-> Request 5
1392
(2, 2, 1)
3
(8, 21)
-> Request 6
1428
(3, 1, 1)
2
(58, 34)
--> Day : 1
-> Request 0
211
(3, 2, 2)
1
(62, 42)
-> Request 1
328
(1, 1, 1)
1
(72, 4)
-> Request 2
494
(1, 1, 2)
1
(46, 65)
-> Request 3
690
(2, 3, 2)
2
(46, 29)
-> Request 4
1340
(2, 1, 2)
2
(70, 44)
--> Day : 2
-> Request 0
215
(1, 3, 1)
1
(11, 16)
-> Request 1
568
(2, 1, 1)
3
(43, 45)
-> Request 2
964
(4, 3, 1)
2
(8, 27)
-> Request 3
1070
(4, 2, 1)
2
(49, 19)
-> Request 4
1183
(2, 2, 1)
2
(61, 45)
--> Day : 3
-> Request 0
255
(2, 1, 2)
1
(77, 12)
-> Request 1
279
(3, 3, 1)
2
(36, 45)
-> Request 2
1282
(1, 3, 2)
2
(55, 74)
-> Request 3
1325
(2, 2, 1)
1
(61, 76)
-> Request 4
1412
(2, 3, 2)
1
(66, 67)
--> Day : 4
-> Request 0
31
(4, 2, 1)
1
(54, 42)
-> Request 1
31
(3, 2, 2)
1
(56, 41)
-> Request 2
82
(2, 3, 2)
2
(52, 36)
-> Request 3
187
(3, 1, 1)
3
(59, 41)
-> Request 4
420
(4, 2, 2)
2
(30, 25)
-> Request 5
615
(3, 3, 2)
2
(67, 49)
-> Request 6
896
(2, 2, 2)
1
(66, 72)
-> Request 7
1146
(2, 2, 1)
3
(12, 27)
---> Week : 1
--> Day : 0
-> Request 0
13
(1, 2, 1)
2
(37, 8)
-> Request 1
20
(4, 1, 1)
2
(25, 75)
-> Request 2
64
(2, 2, 2)
3
(62, 42)
-> Request 3
68
(4, 1, 1)
3
(1, 37)
-> Request 4
325
(2, 2, 1)
1
(38, 47)
-> Request 5
435
(2, 3, 1)
1
(75, 70)
-> Request 6
483
(4, 2, 2)
3
(48, 43)
-> Request 7
757
(3, 3, 2)
1
(54, 78)
-> Request 8
957
(3, 3, 2)
2
(51, 24)
-> Request 9
1043
(3, 1, 1)
1
(63, 74)
-> Request 10
1413
(2, 2, 1)
3
(76, 17)
--> Day : 1
-> Request 0
106
(1, 3, 1)
2
(60, 70)
-> Request 1
381
(1, 3, 2)
3
(65, 70)
-> Request 2
644
(4, 3, 2)
3
(57, 44)
-> Request 3
1342
(1, 1, 2)
2
(20, 74)
-> Request 4
1353
(4, 2, 1)
1
(54, 38)
--> Day : 2
-> Request 0
90
(1, 3, 1)
3
(46, 39)
-> Request 1
731
(3, 1, 2)
3
(65, 24)
-> Request 2
1188
(4, 1, 2)
1
(40, 70)
-> Request 3
1237
(1, 2, 2)
2
(11, 0)
--> Day : 3
-> Request 0
16
(3, 1, 1)
1
(57, 38)
-> Request 1
311
(1, 2, 2)
3
(58, 33)
-> Request 2
697
(2, 3, 2)
2
(34, 73)
-> Request 3
824
(1, 3, 1)
1
(50, 34)
-> Request 4
1128
(1, 3, 2)
1
(15, 38)
-> Request 5
1327
(4, 3, 2)
1
(54, 73)
-> Request 6
1437
(3, 3, 1)
1
(50, 34)
--> Day : 4
-> Request 0
101
(4, 1, 2)
1
(53, 68)
-> Request 1
272
(4, 1, 1)
1
(17, 21)
-> Request 2
312
(2, 3, 1)
2
(61, 70)
-> Request 3
567
(1, 3, 1)
2
(33, 57)
-> Request 4
969
(1, 1, 2)
1
(46, 46)
-> Request 5
987
(2, 1, 2)
3
(49, 3)
---> Week : 2
--> Day : 0
-> Request 0
85
(1, 3, 2)
3
(66, 72)
-> Request 1
281
(3, 3, 2)
2
(58, 45)
-> Request 2
364
(1, 2, 2)
2
(38, 60)
-> Request 3
663
(1, 2, 2)
1
(53, 5)
-> Request 4
663
(1, 2, 1)
3
(52, 31)
-> Request 5
693
(1, 1, 1)
2
(10, 20)
-> Request 6
754
(4, 1, 1)
2
(22, 61)
-> Request 7
853
(4, 3, 1)
1
(54, 42)
-> Request 8
1298
(1, 1, 1)
2
(59, 32)
--> Day : 1
-> Request 0
32
(3, 3, 2)
3
(73, 45)
-> Request 1
194
(2, 1, 1)
3
(14, 24)
-> Request 2
688
(4, 3, 1)
2
(45, 39)
-> Request 3
770
(2, 2, 2)
3
(41, 45)
-> Request 4
1126
(4, 3, 2)
3
(44, 34)
--> Day : 2
-> Request 0
463
(4, 2, 2)
1
(66, 10)
-> Request 1
856
(1, 2, 2)
1
(66, 75)
-> Request 2
1139
(3, 1, 1)
1
(51, 44)
--> Day : 3
-> Request 0
392
(1, 1, 1)
2
(60, 74)
-> Request 1
781
(1, 2, 1)
1
(23, 6)
-> Request 2
868
(3, 1, 2)
3
(44, 45)
-> Request 3
1010
(3, 2, 1)
1
(34, 0)
-> Request 4
1059
(4, 1, 2)
1
(59, 75)
-> Request 5
1144
(3, 1, 2)
3
(73, 18)
-> Request 6
1236
(4, 2, 1)
1
(9, 60)
--> Day : 4
-> Request 0
447
(3, 3, 1)
2
(12, 18)
-> Request 1
1007
(4, 1, 1)
2
(72, 5)
-> Request 2
1087
(1, 2, 1)
3
(43, 27)
---> Week : 3
--> Day : 0
-> Request 0
91
(4, 3, 2)
2
(54, 74)
-> Request 1
408
(3, 2, 2)
1
(51, 42)
-> Request 2
444
(2, 2, 1)
3
(28, 53)
-> Request 3
509
(2, 1, 2)
2
(48, 39)
-> Request 4
522
(1, 2, 1)
3
(51, 20)
-> Request 5
625
(1, 2, 2)
3
(3, 70)
-> Request 6
664
(2, 2, 2)
1
(9, 27)
-> Request 7
758
(4, 1, 2)
3
(18, 58)
-> Request 8
1368
(4, 1, 1)
2
(14, 59)
--> Day : 1
-> Request 0
106
(3, 3, 2)
3
(62, 75)
-> Request 1
169
(2, 2, 1)
1
(54, 59)
-> Request 2
223
(1, 1, 1)
1
(64, 64)
-> Request 3
371
(1, 3, 1)
3
(55, 67)
-> Request 4
399
(2, 2, 2)
2
(9, 20)
-> Request 5
862
(4, 3, 2)
3
(32, 68)
-> Request 6
920
(3, 1, 1)
3
(51, 46)
-> Request 7
945
(1, 2, 2)
3
(40, 70)
-> Request 8
996
(4, 2, 2)
3
(60, 70)
-> Request 9
1298
(2, 1, 2)
3
(71, 45)
--> Day : 2
-> Request 0
5
(3, 1, 2)
2
(16, 22)
-> Request 1
146
(3, 1, 2)
1
(37, 38)
-> Request 2
184
(1, 3, 2)
1
(75, 70)
-> Request 3
229
(4, 2, 2)
3
(24, 18)
-> Request 4
1049
(3, 3, 1)
3
(62, 42)
-> Request 5
1097
(2, 3, 2)
1
(27, 76)
-> Request 6
1271
(1, 1, 2)
3
(32, 13)
-> Request 7
1288
(1, 3, 1)
2
(76, 54)
--> Day : 3
-> Request 0
287
(1, 1, 1)
3
(43, 28)
-> Request 1
317
(2, 1, 2)
3
(48, 31)
-> Request 2
420
(3, 1, 1)
3
(44, 73)
-> Request 3
450
(3, 1, 2)
3
(65, 70)
-> Request 4
604
(4, 1, 1)
1
(47, 43)
-> Request 5
834
(4, 3, 1)
3
(38, 57)
-> Request 6
959
(2, 2, 2)
2
(61, 68)
-> Request 7
1128
(3, 3, 1)
3
(50, 33)
-> Request 8
1289
(2, 2, 1)
3
(8, 52)
-> Request 9
1389
(4, 2, 1)
1
(32, 34)
--> Day : 4
-> Request 0
309
(3, 1, 1)
3
(13, 24)
-> Request 1
473
(2, 3, 2)
2
(51, 34)
-> Request 2
584
(4, 3, 2)
1
(33, 61)
-> Request 3
639
(1, 2, 1)
3
(53, 37)
-> Request 4
688
(3, 1, 1)
3
(64, 61)
-> Request 5
1163
(3, 2, 1)
1
(44, 37)
-> Request 6
1207
(1, 1, 2)
2
(62, 29)
-> Request 7
1332
(4, 2, 2)
2
(14, 30)
---> Week : 4
--> Day : 0
-> Request 0
117
(2, 2, 2)
3
(66, 78)
-> Request 1
170
(3, 1, 2)
1
(61, 72)
-> Request 2
522
(2, 3, 1)
1
(48, 13)
-> Request 3
606
(1, 3, 1)
2
(38, 3)
-> Request 4
670
(2, 2, 1)
3
(37, 78)
--> Day : 1
-> Request 0
416
(2, 1, 2)
2
(12, 12)
-> Request 1
667
(2, 3, 2)
3
(56, 78)
-> Request 2
749
(2, 1, 1)
3
(39, 58)
-> Request 3
895
(2, 3, 2)
3
(64, 68)
-> Request 4
895
(3, 1, 1)
3
(48, 42)
-> Request 5
1165
(3, 3, 2)
2
(4, 76)
--> Day : 2
-> Request 0
78
(4, 2, 1)
2
(60, 45)
-> Request 1
468
(4, 3, 1)
3
(59, 33)
-> Request 2
689
(1, 3, 1)
1
(30, 76)
-> Request 3
1121
(3, 1, 1)
3
(58, 31)
--> Day : 3
-> Request 0
450
(3, 1, 2)
3
(16, 28)
-> Request 1
452
(2, 2, 2)
1
(66, 72)
-> Request 2
556
(3, 2, 1)
3
(11, 28)
-> Request 3
1140
(4, 2, 2)
1
(32, 5)
-> Request 4
1163
(3, 1, 1)
3
(12, 39)
-> Request 5
1382
(2, 1, 1)
2
(63, 76)
--> Day : 4
-> Request 0
337
(2, 2, 2)
2
(52, 2)
-> Request 1
531
(4, 3, 2)
3
(14, 28)
-> Request 2
923
(2, 3, 2)
3
(9, 22)
-> Request 3
1191
(2, 2, 2)
3
(48, 73)
-> Request 4
1257
(1, 2, 1)
1
(59, 46)
---> Week : 5
--> Day : 0
-> Request 0
51
(1, 3, 1)
1
(34, 12)
-> Request 1
114
(4, 1, 1)
2
(44, 36)
-> Request 2
643
(4, 2, 1)
2
(44, 7)
-> Request 3
675
(4, 2, 2)
1
(44, 45)
-> Request 4
707
(3, 1, 1)
3
(11, 64)
-> Request 5
919
(4, 2, 1)
2
(48, 27)
-> Request 6
1052
(1, 1, 1)
1
(49, 35)
-> Request 7
1187
(2, 3, 1)
1
(54, 77)
-> Request 8
1311
(3, 2, 1)
1
(46, 45)
-> Request 9
1316
(1, 1, 2)
2
(37, 79)
-> Request 10
1337
(3, 2, 1)
1
(49, 38)
-> Request 11
1359
(4, 2, 1)
1
(60, 34)
--> Day : 1
-> Request 0
65
(2, 2, 1)
2
(55, 69)
-> Request 1
609
(3, 3, 1)
2
(57, 11)
-> Request 2
1109
(2, 3, 2)
3
(79, 59)
--> Day : 2
-> Request 0
248
(4, 3, 1)
3
(52, 70)
-> Request 1
394
(1, 1, 1)
3
(50, 39)
-> Request 2
434
(2, 3, 1)
3
(50, 53)
-> Request 3
443
(2, 2, 2)
3
(11, 38)
-> Request 4
834
(4, 3, 2)
2
(56, 40)
-> Request 5
1027
(3, 1, 2)
1
(77, 47)
-> Request 6
1119
(4, 3, 2)
3
(6, 32)
--> Day : 3
-> Request 0
235
(3, 3, 1)
1
(74, 28)
-> Request 1
497
(4, 2, 2)
1
(63, 14)
-> Request 2
806
(3, 2, 2)
1
(45, 46)
-> Request 3
846
(4, 3, 2)
2
(55, 28)
-> Request 4
1157
(3, 2, 2)
3
(23, 25)
--> Day : 4
-> Request 0
253
(1, 3, 2)
3
(54, 67)
-> Request 1
510
(3, 3, 1)
3
(63, 21)
-> Request 2
1296
(4, 3, 1)
1
(1, 13)
-> Request 3
1313
(2, 3, 1)
2
(58, 78)
---> Week : 6
--> Day : 0
-> Request 0
84
(2, 1, 1)
2
(52, 43)
-> Request 1
358
(3, 1, 2)
2
(12, 20)
-> Request 2
1425
(2, 1, 1)
3
(43, 35)
--> Day : 1
-> Request 0
666
(1, 3, 1)
1
(11, 25)
--> Day : 2
-> Request 0
254
(3, 3, 2)
2
(55, 43)
-> Request 1
806
(2, 3, 2)
2
(46, 38)
-> Request 2
1108
(2, 1, 1)
1
(5, 24)
-> Request 3
1290
(1, 2, 1)
2
(63, 78)
--> Day : 3
-> Request 0
119
(1, 3, 1)
1
(54, 43)
-> Request 1
204
(4, 3, 2)
1
(56, 64)
-> Request 2
273
(2, 3, 2)
2
(66, 76)
-> Request 3
529
(1, 2, 2)
3
(6, 27)
-> Request 4
711
(1, 2, 1)
3
(63, 66)
-> Request 5
1339
(4, 3, 2)
2
(0, 18)
-> Request 6
1349
(4, 1, 2)
2
(1, 65)
--> Day : 4
-> Request 0
134
(2, 1, 2)
2
(22, 31)
-> Request 1
228
(2, 1, 1)
1
(14, 27)
-> Request 2
373
(3, 3, 2)
2
(64, 78)
-> Request 3
439
(4, 1, 1)
2
(62, 33)
-> Request 4
606
(1, 1, 1)
1
(61, 70)
-> Request 5
777
(2, 1, 1)
3
(34, 63)
-> Request 6
905
(1, 3, 1)
2
(36, 75)
-> Request 7
1076
(1, 1, 1)
3
(6, 50)
-> Request 8
1160
(1, 1, 1)
2
(52, 78)
---> Week : 7
--> Day : 0
-> Request 0
15
(2, 2, 2)
3
(78, 58)
--> Day : 1
-> Request 0
6
(2, 3, 1)
2
(7, 70)
-> Request 1
223
(1, 1, 1)
1
(14, 28)
-> Request 2
281
(1, 2, 1)
2
(51, 40)
-> Request 3
750
(4, 2, 2)
2
(41, 4)
-> Request 4
841
(1, 2, 2)
2
(54, 70)
-> Request 5
860
(3, 1, 2)
2
(56, 40)
-> Request 6
963
(2, 3, 1)
3
(69, 18)
-> Request 7
1089
(2, 3, 1)
2
(69, 52)
--> Day : 2
-> Request 0
197
(2, 2, 1)
3
(64, 73)
-> Request 1
975
(3, 2, 1)
1
(65, 58)
-> Request 2
993
(3, 3, 2)
3
(30, 58)
--> Day : 3
-> Request 0
104
(4, 3, 1)
3
(77, 24)
-> Request 1
285
(2, 1, 1)
1
(4, 56)
-> Request 2
377
(4, 1, 2)
3
(26, 68)
-> Request 3
611
(4, 3, 2)
1
(27, 30)
-> Request 4
700
(3, 3, 2)
2
(9, 58)
-> Request 5
1137
(4, 2, 2)
1
(63, 74)
-> Request 6
1367
(4, 1, 2)
1
(47, 62)
-> Request 7
1372
(4, 3, 2)
3
(36, 22)
-> Request 8
1428
(1, 3, 2)
3
(53, 74)
--> Day : 4
-> Request 0
38
(2, 1, 2)
2
(13, 39)
-> Request 1
374
(2, 3, 2)
3
(54, 28)
-> Request 2
395
(4, 2, 1)
3
(52, 74)
-> Request 3
631
(2, 1, 2)
1
(51, 19)
-> Request 4
1021
(4, 3, 2)
2
(12, 71)
-> Request 5
1249
(2, 3, 2)
1
(61, 48)
-> Request 6
1277
(1, 2, 2)
3
(6, 9)
---> Week : 8
--> Day : 0
-> Request 0
320
(1, 3, 2)
1
(51, 43)
-> Request 1
334
(2, 3, 1)
3
(44, 72)
-> Request 2
677
(2, 1, 2)
3
(25, 63)
-> Request 3
1024
(3, 1, 2)
3
(42, 38)
-> Request 4
1085
(2, 3, 1)
3
(19, 54)
-> Request 5
1139
(3, 2, 1)
2
(46, 55)
-> Request 6
1202
(1, 3, 2)
3
(75, 7)
--> Day : 1
-> Request 0
44
(4, 2, 2)
2
(60, 64)
-> Request 1
193
(4, 3, 2)
2
(58, 75)
-> Request 2
255
(4, 3, 2)
1
(60, 34)
-> Request 3
515
(2, 1, 1)
1
(28, 8)
-> Request 4
653
(2, 3, 2)
1
(38, 25)
-> Request 5
843
(2, 1, 2)
3
(60, 37)
-> Request 6
893
(3, 1, 2)
1
(5, 6)
-> Request 7
1093
(1, 2, 2)
3
(49, 40)
-> Request 8
1278
(2, 3, 1)
1
(58, 71)
--> Day : 2
-> Request 0
436
(3, 3, 2)
2
(72, 38)
-> Request 1
529
(3, 1, 2)
2
(42, 40)
-> Request 2
1041
(1, 2, 2)
1
(41, 11)
--> Day : 3
-> Request 0
286
(3, 1, 1)
2
(40, 74)
-> Request 1
443
(4, 3, 1)
1
(56, 44)
-> Request 2
587
(1, 3, 2)
1
(57, 27)
-> Request 3
671
(1, 1, 1)
3
(17, 25)
-> Request 4
688
(1, 1, 1)
1
(45, 33)
--> Day : 4
-> Request 0
373
(2, 3, 1)
1
(65, 37)
-> Request 1
548
(1, 1, 2)
2
(60, 45)
---> Week : 9
--> Day : 0
-> Request 0
114
(2, 2, 2)
3
(59, 77)
-> Request 1
426
(1, 2, 1)
3
(73, 32)
-> Request 2
801
(3, 3, 2)
1
(65, 65)
-> Request 3
826
(2, 1, 2)
1
(68, 54)
-> Request 4
1342
(2, 3, 2)
2
(11, 26)
-> Request 5
1401
(1, 2, 2)
2
(51, 33)
--> Day : 1
-> Request 0
375
(4, 3, 2)
2
(74, 25)
-> Request 1
698
(1, 3, 1)
2
(31, 9)
-> Request 2
714
(4, 1, 2)
2
(29, 45)
-> Request 3
1039
(2, 1, 1)
1
(9, 72)
-> Request 4
1043
(3, 1, 2)
1
(42, 57)
--> Day : 2
-> Request 0
237
(3, 1, 2)
2
(44, 31)
-> Request 1
466
(1, 1, 2)
1
(24, 26)
-> Request 2
993
(3, 3, 2)
2
(49, 65)
-> Request 3
1287
(1, 1, 1)
2
(77, 55)
--> Day : 3
-> Request 0
30
(1, 3, 1)
3
(6, 73)
-> Request 1
283
(1, 3, 1)
1
(12, 20)
-> Request 2
310
(4, 2, 1)
2
(70, 77)
-> Request 3
1047
(3, 1, 2)
1
(54, 38)
-> Request 4
1225
(1, 2, 2)
3
(14, 23)
--> Day : 4
-> Request 0
1
(1, 3, 1)
2
(52, 41)
-> Request 1
399
(2, 2, 2)
2
(56, 35)
-> Request 2
466
(2, 3, 2)
2
(58, 43)
-> Request 3
679
(3, 3, 1)
3
(17, 48)
-> Request 4
1228
(2, 3, 1)
2
(65, 64)
---> Week : 10
--> Day : 0
-> Request 0
414
(4, 2, 1)
1
(15, 23)
-> Request 1
421
(2, 1, 1)
2
(54, 36)
-> Request 2
458
(3, 1, 1)
3
(56, 30)
-> Request 3
834
(3, 1, 1)
1
(21, 56)
-> Request 4
843
(1, 1, 1)
2
(48, 38)
-> Request 5
1153
(3, 1, 2)
2
(24, 47)
-> Request 6
1159
(4, 1, 1)
1
(53, 65)
-> Request 7
1301
(2, 2, 1)
3
(60, 35)
-> Request 8
1343
(3, 1, 1)
1
(44, 37)
-> Request 9
1416
(4, 3, 2)
1
(63, 7)
--> Day : 1
-> Request 0
72
(2, 1, 1)
3
(59, 70)
-> Request 1
556
(4, 2, 2)
2
(12, 47)
--> Day : 2
-> Request 0
498
(4, 2, 2)
2
(25, 15)
-> Request 1
547
(1, 3, 2)
3
(53, 65)
-> Request 2
644
(2, 2, 2)
2
(42, 41)
-> Request 3
806
(3, 3, 2)
1
(63, 71)
-> Request 4
1044
(1, 2, 1)
1
(36, 29)
-> Request 5
1162
(1, 2, 2)
2
(1, 11)
-> Request 6
1231
(4, 3, 2)
1
(43, 54)
--> Day : 3
-> Request 0
24
(1, 3, 2)
2
(55, 42)
-> Request 1
316
(1, 1, 1)
2
(47, 42)
-> Request 2
412
(4, 1, 1)
3
(32, 29)
-> Request 3
888
(2, 3, 1)
2
(67, 21)
-> Request 4
982
(2, 1, 2)
2
(16, 45)
-> Request 5
1131
(3, 3, 1)
2
(56, 30)
-> Request 6
1235
(3, 1, 2)
3
(56, 33)
--> Day : 4
-> Request 0
188
(2, 2, 1)
1
(54, 32)
-> Request 1
650
(4, 1, 2)
3
(39, 4)
-> Request 2
938
(2, 2, 1)
2
(35, 48)
---> Week : 11
--> Day : 0
-> Request 0
24
(2, 2, 1)
1
(47, 18)
-> Request 1
285
(1, 1, 2)
2
(42, 10)
-> Request 2
580
(3, 2, 1)
2
(11, 3)
-> Request 3
599
(4, 3, 1)
3
(9, 20)
-> Request 4
633
(1, 3, 2)
1
(40, 5)
-> Request 5
891
(3, 1, 2)
1
(23, 42)
-> Request 6
1067
(3, 1, 1)
2
(58, 78)
-> Request 7
1339
(2, 2, 1)
1
(75, 47)
-> Request 8
1343
(3, 1, 2)
2
(9, 59)
--> Day : 1
-> Request 0
166
(1, 3, 1)
1
(11, 16)
-> Request 1
916
(3, 2, 2)
3
(43, 71)
-> Request 2
1041
(3, 1, 1)
2
(49, 28)
-> Request 3
1086
(1, 1, 1)
1
(73, 0)
-> Request 4
1164
(3, 3, 2)
3
(12, 29)
--> Day : 2
-> Request 0
12
(1, 3, 1)
1
(78, 30)
-> Request 1
155
(4, 3, 1)
1
(9, 21)
-> Request 2
477
(2, 2, 2)
1
(10, 64)
-> Request 3
1114
(1, 3, 1)
2
(43, 39)
-> Request 4
1404
(3, 1, 1)
3
(56, 73)
--> Day : 3
-> Request 0
16
(1, 3, 2)
1
(58, 45)
-> Request 1
37
(3, 2, 2)
3
(16, 27)
-> Request 2
180
(2, 1, 2)
1
(65, 36)
-> Request 3
308
(2, 1, 2)
3
(58, 28)
-> Request 4
689
(4, 3, 1)
1
(2, 23)
-> Request 5
1290
(3, 2, 2)
2
(48, 33)
--> Day : 4
-> Request 0
89
(3, 2, 1)
3
(16, 25)
-> Request 1
111
(4, 2, 2)
1
(32, 51)
-> Request 2
497
(2, 2, 2)
2
(16, 23)
-> Request 3
909
(1, 3, 1)
2
(60, 28)
---> Week : 12
--> Day : 0
-> Request 0
106
(4, 2, 1)
3
(32, 66)
-> Request 1
175
(1, 2, 1)
3
(59, 72)
-> Request 2
1371
(4, 3, 2)
3
(27, 64)
-> Request 3
1402
(2, 3, 1)
1
(54, 22)
--> Day : 1
-> Request 0
362
(1, 1, 2)
3
(9, 2)
--> Day : 2
-> Request 0
226
(4, 3, 1)
1
(47, 43)
-> Request 1
574
(4, 3, 1)
1
(32, 45)
-> Request 2
773
(2, 2, 2)
3
(1, 31)
-> Request 3
923
(1, 3, 2)
3
(62, 78)
-> Request 4
1312
(4, 3, 2)
3
(36, 75)
--> Day : 3
-> Request 0
265
(2, 2, 2)
3
(57, 46)
-> Request 1
460
(3, 2, 1)
2
(43, 40)
-> Request 2
654
(4, 3, 1)
3
(44, 76)
-> Request 3
656
(4, 2, 1)
1
(12, 6)
-> Request 4
675
(1, 2, 1)
1
(20, 51)
-> Request 5
1225
(2, 2, 2)
2
(56, 66)
-> Request 6
1311
(2, 1, 1)
1
(55, 2)
--> Day : 4
-> Request 0
6
(3, 2, 1)
1
(62, 73)
-> Request 1
143
(2, 3, 1)
3
(27, 17)
-> Request 2
305
(4, 3, 2)
2
(55, 76)
-> Request 3
505
(4, 1, 2)
3
(60, 71)
-> Request 4
608
(3, 1, 1)
2
(48, 41)
---> Week : 13
--> Day : 0
-> Request 0
112
(1, 3, 1)
3
(43, 27)
-> Request 1
156
(1, 1, 1)
1
(62, 55)
-> Request 2
862
(2, 2, 1)
3
(55, 74)
-> Request 3
910
(4, 3, 1)
2
(52, 68)
-> Request 4
938
(2, 1, 1)
1
(29, 31)
-> Request 5
1046
(3, 2, 2)
3
(26, 55)
-> Request 6
1125
(3, 3, 1)
3
(41, 51)
-> Request 7
1309
(3, 1, 2)
3
(47, 37)
-> Request 8
1428
(3, 2, 1)
1
(12, 24)
--> Day : 1
-> Request 0
197
(1, 3, 1)
3
(51, 39)
-> Request 1
236
(1, 1, 1)
1
(57, 70)
-> Request 2
259
(4, 2, 2)
2
(49, 27)
-> Request 3
307
(4, 2, 2)
3
(26, 38)
-> Request 4
776
(4, 3, 1)
2
(64, 66)
-> Request 5
800
(1, 2, 2)
3
(57, 71)
-> Request 6
809
(4, 1, 1)
3
(58, 42)
-> Request 7
850
(2, 2, 2)
3
(15, 26)
-> Request 8
953
(2, 2, 1)
1
(16, 27)
-> Request 9
982
(1, 3, 2)
3
(64, 44)
-> Request 10
1050
(2, 2, 1)
3
(0, 29)
--> Day : 2
-> Request 0
601
(4, 2, 2)
3
(13, 29)
-> Request 1
852
(4, 1, 2)
1
(25, 52)
-> Request 2
960
(1, 1, 1)
1
(67, 77)
--> Day : 3
-> Request 0
413
(4, 2, 2)
3
(62, 75)
-> Request 1
468
(3, 2, 1)
1
(55, 39)
-> Request 2
613
(3, 2, 2)
3
(49, 40)
-> Request 3
1026
(4, 3, 2)
1
(44, 32)
-> Request 4
1096
(3, 2, 1)
3
(7, 27)
-> Request 5
1357
(4, 3, 2)
3
(61, 69)
--> Day : 4
-> Request 0
65
(3, 3, 1)
1
(54, 69)
-> Request 1
85
(1, 2, 1)
1
(22, 26)
-> Request 2
506
(1, 1, 1)
3
(48, 40)
-> Request 3
1329
(3, 2, 2)
1
(62, 34)
---> Week : 14
--> Day : 0
-> Request 0
134
(2, 3, 1)
1
(37, 68)
-> Request 1
599
(4, 3, 2)
2
(51, 42)
-> Request 2
599
(2, 2, 1)
3
(41, 72)
--> Day : 1
-> Request 0
27
(3, 1, 1)
2
(75, 62)
-> Request 1
591
(3, 3, 2)
1
(21, 23)
-> Request 2
849
(4, 1, 2)
1
(46, 31)
-> Request 3
1355
(4, 2, 2)
2
(57, 78)
-> Request 4
1363
(4, 1, 1)
3
(61, 36)
--> Day : 2
-> Request 0
191
(1, 2, 1)
2
(52, 66)
-> Request 1
226
(3, 3, 1)
3
(29, 13)
-> Request 2
254
(2, 1, 2)
3
(10, 20)
-> Request 3
462
(4, 2, 1)
2
(66, 70)
-> Request 4
1016
(2, 3, 2)
1
(32, 1)
--> Day : 3
-> Request 0
201
(1, 3, 2)
1
(56, 46)
-> Request 1
762
(4, 2, 2)
1
(27, 28)
-> Request 2
812
(1, 1, 2)
2
(53, 40)
-> Request 3
879
(1, 1, 1)
3
(19, 71)
-> Request 4
1082
(3, 1, 2)
2
(55, 46)
--> Day : 4
-> Request 0
362
(1, 1, 1)
3
(28, 77)
-> Request 1
383
(1, 2, 1)
3
(78, 24)
-> Request 2
438
(1, 2, 1)
3
(26, 21)
-> Request 3
580
(2, 1, 2)
3
(30, 17)
-> Request 4
806
(4, 3, 2)
2
(57, 20)
-> Request 5
961
(2, 2, 2)
1
(50, 27)
-> Request 6
1024
(3, 1, 2)
1
(47, 33)
---> Week : 15
--> Day : 0
-> Request 0
141
(3, 3, 2)
2
(61, 65)
-> Request 1
233
(1, 3, 2)
1
(61, 28)
-> Request 2
328
(1, 3, 1)
2
(58, 30)
-> Request 3
414
(1, 3, 2)
3
(10, 25)
-> Request 4
667
(2, 1, 2)
1
(5, 63)
--> Day : 1
-> Request 0
1
(4, 3, 2)
2
(63, 73)
-> Request 1
398
(3, 3, 2)
3
(63, 69)
-> Request 2
404
(4, 2, 1)
1
(35, 72)
-> Request 3
407
(4, 1, 1)
3
(61, 68)
-> Request 4
628
(4, 1, 2)
2
(61, 39)
-> Request 5
762
(1, 2, 2)
1
(44, 44)
-> Request 6
790
(2, 3, 1)
2
(43, 29)
-> Request 7
1238
(3, 2, 2)
3
(31, 33)
--> Day : 2
-> Request 0
211
(3, 2, 1)
1
(65, 49)
-> Request 1
222
(2, 2, 1)
1
(53, 13)
-> Request 2
263
(2, 1, 1)
2
(8, 25)
-> Request 3
606
(1, 1, 1)
3
(34, 49)
-> Request 4
724
(1, 3, 1)
3
(62, 48)
-> Request 5
1021
(3, 1, 1)
3
(61, 30)
-> Request 6
1098
(2, 1, 2)
3
(3, 1)
-> Request 7
1145
(2, 2, 1)
3
(59, 73)
-> Request 8
1191
(3, 3, 2)
1
(59, 68)
-> Request 9
1247
(1, 3, 1)
1
(71, 25)
--> Day : 3
-> Request 0
18
(2, 3, 1)
1
(17, 76)
-> Request 1
474
(4, 3, 2)
3
(61, 66)
-> Request 2
746
(3, 3, 1)
2
(45, 31)
-> Request 3
1305
(2, 2, 1)
2
(66, 65)
--> Day : 4
-> Request 0
226
(2, 1, 2)
2
(76, 15)
-> Request 1
757
(2, 2, 2)
3
(67, 48)
-> Request 2
937
(1, 3, 1)
2
(48, 40)
-> Request 3
972
(4, 2, 1)
2
(49, 28)
-> Request 4
1098
(2, 2, 2)
3
(33, 62)
-> Request 5
1201
(1, 1, 1)
1
(10, 26)
-> Request 6
1292
(4, 1, 1)
2
(67, 36)
-> Request 7
1421
(1, 1, 1)
1
(12, 40)
---> Week : 16
--> Day : 0
-> Request 0
673
(3, 2, 1)
1
(51, 29)
-> Request 1
745
(2, 1, 2)
2
(59, 78)
-> Request 2
1119
(3, 3, 2)
3
(47, 39)
-> Request 3
1383
(1, 3, 2)
2
(55, 30)
--> Day : 1
-> Request 0
107
(2, 2, 1)
1
(79, 76)
-> Request 1
180
(2, 1, 1)
1
(55, 68)
-> Request 2
449
(1, 2, 2)
1
(64, 51)
-> Request 3
646
(4, 3, 1)
2
(60, 34)
-> Request 4
949
(3, 3, 1)
3
(52, 76)
-> Request 5
995
(4, 3, 1)
2
(61, 45)
--> Day : 2
-> Request 0
891
(3, 2, 2)
1
(69, 56)
-> Request 1
1043
(3, 2, 1)
2
(10, 26)
-> Request 2
1322
(1, 3, 1)
3
(39, 71)
-> Request 3
1392
(2, 3, 1)
3
(49, 41)
-> Request 4
1392
(4, 2, 1)
2
(61, 37)
--> Day : 3
-> Request 0
214
(1, 2, 2)
2
(54, 72)
-> Request 1
631
(3, 1, 1)
2
(49, 55)
-> Request 2
1209
(3, 2, 1)
1
(54, 70)
-> Request 3
1330
(1, 2, 1)
1
(2, 77)
--> Day : 4
-> Request 0
298
(3, 3, 1)
3
(78, 12)
-> Request 1
765
(2, 2, 1)
3
(16, 28)
-> Request 2
827
(1, 3, 1)
3
(3, 57)
-> Request 3
895
(1, 1, 1)
2
(24, 37)
---> Week : 17
--> Day : 0
-> Request 0
255
(3, 2, 1)
1
(14, 20)
--> Day : 1
-> Request 0
0
(1, 2, 2)
2
(62, 43)
-> Request 1
84
(4, 2, 2)
3
(54, 76)
-> Request 2
104
(4, 1, 2)
2
(48, 27)
-> Request 3
753
(3, 3, 2)
1
(64, 76)
-> Request 4
1110
(4, 2, 1)
3
(66, 37)
-> Request 5
1355
(4, 2, 1)
2
(65, 75)
--> Day : 2
-> Request 0
171
(3, 3, 2)
2
(61, 33)
-> Request 1
242
(1, 1, 1)
1
(35, 29)
-> Request 2
328
(1, 1, 1)
3
(57, 41)
-> Request 3
805
(4, 3, 2)
3
(54, 38)
-> Request 4
900
(1, 1, 1)
1
(65, 28)
--> Day : 3
-> Request 0
231
(4, 1, 1)
2
(52, 43)
-> Request 1
258
(4, 2, 2)
2
(6, 1)
-> Request 2
611
(3, 1, 1)
1
(51, 34)
-> Request 3
943
(1, 1, 1)
3
(55, 67)
-> Request 4
1303
(3, 2, 2)
1
(57, 45)
--> Day : 4
-> Request 0
210
(1, 1, 1)
1
(14, 27)
-> Request 1
833
(1, 1, 2)
3
(49, 33)
-> Request 2
997
(1, 3, 2)
2
(13, 27)
-> Request 3
1089
(2, 3, 1)
2
(62, 38)
-> Request 4
1133
(4, 3, 2)
2
(70, 71)
-> Request 5
1215
(3, 2, 1)
1
(23, 56)
-> Request 6
1418
(4, 1, 1)
1
(12, 16)
---> Week : 18
--> Day : 0
-> Request 0
228
(1, 1, 2)
2
(71, 45)
-> Request 1
234
(3, 3, 2)
3
(52, 65)
-> Request 2
424
(4, 2, 2)
3
(43, 36)
-> Request 3
523
(4, 2, 1)
2
(43, 39)
-> Request 4
1168
(1, 1, 1)
3
(64, 72)
-> Request 5
1246
(2, 2, 1)
3
(53, 42)
--> Day : 1
-> Request 0
477
(1, 3, 1)
3
(60, 7)
-> Request 1
675
(3, 2, 2)
2
(12, 58)
-> Request 2
727
(4, 2, 1)
1
(53, 70)
-> Request 3
1034
(2, 3, 1)
1
(58, 71)
-> Request 4
1194
(2, 2, 1)
1
(26, 42)
-> Request 5
1391
(2, 3, 1)
2
(78, 50)
--> Day : 2
-> Request 0
742
(1, 2, 2)
3
(65, 67)
-> Request 1
795
(3, 3, 2)
2
(65, 76)
-> Request 2
989
(2, 2, 2)
3
(57, 27)
-> Request 3
1107
(2, 3, 1)
2
(66, 73)
-> Request 4
1112
(4, 3, 2)
1
(64, 73)
--> Day : 3
-> Request 0
155
(1, 1, 1)
2
(44, 74)
-> Request 1
209
(3, 3, 2)
3
(49, 27)
-> Request 2
738
(4, 1, 1)
2
(9, 10)
-> Request 3
1180
(2, 2, 1)
3
(64, 64)
-> Request 4
1267
(1, 1, 1)
2
(72, 56)
-> Request 5
1271
(2, 2, 1)
1
(9, 27)
--> Day : 4
-> Request 0
21
(3, 2, 2)
1
(41, 14)
-> Request 1
74
(1, 3, 1)
2
(50, 43)
-> Request 2
374
(4, 2, 2)
1
(50, 42)
-> Request 3
417
(1, 1, 2)
1
(74, 32)
-> Request 4
433
(3, 2, 2)
1
(34, 9)
-> Request 5
490
(1, 2, 2)
2
(52, 35)
-> Request 6
553
(3, 1, 1)
3
(51, 35)
-> Request 7
748
(4, 2, 2)
3
(13, 25)
-> Request 8
963
(4, 3, 2)
2
(54, 72)
-> Request 9
1095
(3, 3, 1)
2
(45, 33)
-> Request 10
1160
(4, 3, 2)
1
(51, 46)
-> Request 11
1175
(3, 1, 1)
1
(48, 27)
-> Request 12
1356
(1, 3, 2)
1
(41, 24)
---> Week : 19
--> Day : 0
-> Request 0
83
(1, 3, 2)
2
(48, 40)
-> Request 1
85
(1, 1, 1)
1
(11, 61)
-> Request 2
201
(4, 2, 1)
2
(61, 40)
-> Request 3
410
(1, 2, 2)
1
(52, 29)
-> Request 4
771
(4, 3, 1)
3
(58, 42)
-> Request 5
1071
(4, 2, 1)
2
(66, 4)
-> Request 6
1150
(2, 3, 2)
1
(62, 29)
-> Request 7
1267
(1, 1, 2)
1
(39, 43)
-> Request 8
1434
(2, 3, 2)
2
(34, 53)
--> Day : 1
-> Request 0
82
(1, 3, 2)
1
(65, 57)
-> Request 1
258
(4, 2, 2)
1
(17, 24)
-> Request 2
376
(1, 1, 2)
3
(52, 71)
-> Request 3
411
(3, 3, 1)
1
(14, 23)
-> Request 4
498
(1, 1, 2)
1
(50, 40)
-> Request 5
642
(2, 3, 2)
2
(5, 79)
-> Request 6
771
(4, 3, 2)
2
(10, 24)
-> Request 7
859
(4, 1, 2)
3
(40, 65)
-> Request 8
1177
(1, 3, 1)
1
(35, 20)
-> Request 9
1354
(1, 3, 2)
1
(58, 73)
--> Day : 2
-> Request 0
209
(3, 3, 1)
2
(59, 45)
-> Request 1
611
(4, 3, 2)
1
(14, 24)
-> Request 2
711
(3, 3, 1)
3
(22, 15)
-> Request 3
941
(2, 3, 2)
2
(61, 51)
-> Request 4
958
(4, 1, 2)
3
(24, 14)
-> Request 5
1073
(1, 1, 1)
2
(55, 39)
-> Request 6
1388
(4, 2, 2)
2
(56, 74)
--> Day : 3
-> Request 0
286
(3, 1, 2)
2
(3, 48)
-> Request 1
1011
(4, 2, 2)
2
(58, 65)
-> Request 2
1242
(4, 3, 2)
2
(52, 46)
--> Day : 4
-> Request 0
152
(4, 2, 2)
1
(10, 24)
-> Request 1
289
(3, 2, 1)
1
(52, 34)
-> Request 2
746
(2, 1, 2)
3
(15, 22)
-> Request 3
925
(3, 2, 2)
1
(47, 61)
-> Request 4
973
(3, 1, 1)
3
(54, 32)
-> Request 5
1415
(4, 3, 1)
1
(17, 29)
