---> Week : 0
--> Day : 0
-> Request 0
92
(3, 2, 2)
1
(5, 34)
-> Request 1
103
(2, 3, 1)
3
(50, 45)
-> Request 2
317
(2, 3, 2)
1
(26, 37)
-> Request 3
447
(4, 2, 2)
3
(45, 36)
-> Request 4
547
(1, 3, 2)
3
(52, 31)
-> Request 5
599
(3, 2, 1)
1
(14, 35)
-> Request 6
693
(3, 3, 2)
3
(59, 37)
-> Request 7
1029
(3, 2, 1)
2
(55, 33)
-> Request 8
1211
(4, 3, 1)
3
(53, 46)
--> Day : 1
-> Request 0
20
(2, 3, 1)
1
(44, 35)
-> Request 1
171
(3, 3, 1)
1
(54, 78)
-> Request 2
204
(4, 2, 1)
3
(0, 18)
-> Request 3
240
(4, 3, 2)
3
(47, 37)
-> Request 4
260
(3, 3, 1)
1
(11, 25)
-> Request 5
306
(3, 1, 1)
1
(10, 15)
-> Request 6
898
(3, 2, 1)
3
(46, 27)
--> Day : 2
-> Request 0
60
(2, 1, 2)
2
(49, 29)
-> Request 1
254
(2, 3, 1)
2
(30, 33)
-> Request 2
257
(2, 2, 1)
1
(46, 38)
-> Request 3
493
(3, 3, 1)
3
(52, 68)
-> Request 4
780
(2, 3, 1)
1
(64, 56)
--> Day : 3
-> Request 0
36
(1, 1, 2)
3
(58, 27)
-> Request 1
710
(3, 3, 1)
1
(57, 70)
-> Request 2
849
(4, 3, 1)
1
(60, 45)
-> Request 3
1097
(1, 1, 2)
1
(43, 28)
--> Day : 4
-> Request 0
97
(3, 2, 2)
1
(60, 75)
-> Request 1
149
(4, 3, 1)
2
(55, 35)
-> Request 2
225
(3, 3, 2)
1
(61, 29)
-> Request 3
533
(2, 3, 1)
3
(26, 29)
-> Request 4
770
(1, 2, 2)
2
(60, 28)
-> Request 5
918
(1, 1, 2)
2
(41, 38)
-> Request 6
1223
(3, 1, 1)
1
(61, 66)
---> Week : 1
--> Day : 0
-> Request 0
301
(1, 2, 1)
2
(45, 31)
-> Request 1
430
(4, 3, 1)
3
(3, 5)
--> Day : 1
-> Request 0
226
(4, 3, 2)
3
(11, 21)
-> Request 1
1041
(4, 3, 1)
1
(69, 65)
-> Request 2
1211
(3, 2, 1)
2
(16, 69)
-> Request 3
1288
(1, 1, 2)
2
(49, 37)
--> Day : 2
-> Request 0
23
(2, 3, 2)
1
(61, 76)
-> Request 1
57
(4, 1, 1)
2
(28, 69)
-> Request 2
353
(1, 3, 1)
1
(31, 67)
-> Request 3
492
(1, 2, 2)
3
(34, 44)
-> Request 4
593
(2, 2, 2)
1
(56, 11)
-> Request 5
914
(3, 1, 1)
3
(2, 17)
-> Request 6
1220
(1, 3, 2)
3
(33, 63)
-> Request 7
1235
(1, 3, 1)
1
(19, 46)
-> Request 8
1371
(4, 3, 1)
2
(54, 66)
--> Day : 3
-> Request 0
49
(1, 1, 2)
2
(15, 20)
-> Request 1
306
(4, 3, 1)
2
(42, 34)
-> Request 2
338
(4, 1, 1)
2
(61, 27)
-> Request 3
953
(3, 1, 2)
3
(62, 41)
-> Request 4
1087
(3, 1, 2)
1
(1, 16)
-> Request 5
1229
(2, 3, 2)
2
(35, 42)
--> Day : 4
-> Request 0
203
(4, 3, 1)
3
(12, 24)
-> Request 1
363
(4, 3, 1)
3
(52, 64)
-> Request 2
496
(2, 2, 2)
3
(24, 78)
-> Request 3
628
(1, 3, 2)
1
(29, 53)
-> Request 4
943
(3, 2, 1)
1
(25, 14)
-> Request 5
1174
(3, 2, 2)
3
(65, 71)
-> Request 6
1187
(4, 2, 1)
2
(40, 17)
-> Request 7
1194
(4, 2, 2)
2
(46, 77)
-> Request 8
1292
(4, 1, 2)
3
(54, 75)
---> Week : 2
--> Day : 0
-> Request 0
254
(1, 1, 1)
1
(57, 41)
-> Request 1
431
(1, 3, 2)
3
(58, 32)
-> Request 2
505
(2, 1, 2)
2
(56, 34)
-> Request 3
718
(3, 3, 2)
2
(38, 47)
-> Request 4
876
(3, 2, 1)
1
(35, 2)
-> Request 5
955
(3, 2, 1)
2
(66, 76)
-> Request 6
1273
(3, 2, 1)
3
(11, 22)
--> Day : 1
-> Request 0
75
(4, 2, 1)
3
(44, 37)
-> Request 1
187
(1, 2, 1)
2
(62, 66)
-> Request 2
246
(3, 3, 2)
2
(61, 27)
-> Request 3
324
(4, 2, 1)
3
(37, 34)
-> Request 4
438
(3, 1, 2)
3
(24, 59)
-> Request 5
756
(3, 1, 1)
1
(74, 63)
-> Request 6
894
(1, 2, 1)
3
(29, 34)
-> Request 7
1167
(4, 2, 1)
2
(55, 54)
-> Request 8
1245
(2, 3, 2)
1
(52, 32)
--> Day : 2
-> Request 0
39
(3, 2, 2)
3
(59, 68)
-> Request 1
706
(4, 3, 2)
2
(6, 33)
--> Day : 3
-> Request 0
24
(2, 3, 1)
3
(51, 31)
-> Request 1
44
(4, 3, 2)
3
(40, 2)
-> Request 2
356
(3, 1, 2)
1
(46, 40)
-> Request 3
573
(4, 3, 2)
3
(69, 21)
-> Request 4
631
(3, 2, 1)
3
(14, 43)
-> Request 5
671
(1, 2, 2)
3
(54, 43)
-> Request 6
840
(4, 1, 1)
1
(54, 67)
-> Request 7
1044
(4, 2, 1)
3
(55, 31)
-> Request 8
1157
(1, 3, 2)
2
(29, 70)
--> Day : 4
-> Request 0
19
(4, 1, 1)
2
(34, 36)
-> Request 1
408
(1, 1, 1)
2
(51, 41)
-> Request 2
517
(3, 2, 2)
1
(22, 20)
-> Request 3
795
(1, 2, 2)
3
(17, 60)
-> Request 4
839
(2, 1, 1)
3
(47, 28)
-> Request 5
950
(1, 1, 1)
3
(54, 35)
-> Request 6
1186
(3, 2, 2)
2
(63, 0)
-> Request 7
1193
(3, 3, 1)
3
(49, 45)
-> Request 8
1225
(4, 3, 1)
1
(66, 77)
-> Request 9
1281
(2, 1, 1)
2
(9, 44)
---> Week : 3
--> Day : 0
-> Request 0
148
(3, 3, 2)
3
(44, 47)
-> Request 1
639
(2, 3, 2)
1
(71, 32)
-> Request 2
751
(2, 1, 2)
3
(46, 34)
-> Request 3
1219
(3, 2, 1)
2
(44, 74)
-> Request 4
1259
(1, 3, 2)
3
(56, 65)
-> Request 5
1367
(2, 2, 1)
1
(71, 32)
-> Request 6
1378
(1, 1, 1)
2
(39, 47)
--> Day : 1
-> Request 0
352
(2, 2, 1)
3
(67, 76)
-> Request 1
808
(3, 3, 2)
3
(10, 19)
-> Request 2
1351
(3, 3, 2)
3
(12, 24)
-> Request 3
1369
(4, 1, 1)
3
(45, 30)
--> Day : 2
-> Request 0
127
(2, 1, 2)
2
(53, 29)
-> Request 1
428
(2, 2, 1)
2
(59, 73)
-> Request 2
673
(3, 1, 1)
3
(59, 33)
-> Request 3
890
(2, 1, 2)
3
(59, 46)
-> Request 4
1285
(2, 3, 1)
3
(10, 23)
--> Day : 3
-> Request 0
297
(3, 1, 2)
3
(56, 65)
-> Request 1
319
(2, 1, 2)
2
(15, 15)
-> Request 2
354
(4, 1, 1)
3
(76, 4)
-> Request 3
908
(1, 3, 1)
2
(0, 78)
-> Request 4
1267
(2, 1, 2)
2
(0, 60)
-> Request 5
1291
(3, 1, 1)
2
(20, 25)
--> Day : 4
-> Request 0
253
(1, 3, 1)
2
(15, 24)
-> Request 1
596
(3, 1, 1)
3
(49, 31)
-> Request 2
670
(3, 2, 1)
1
(76, 70)
-> Request 3
732
(3, 1, 2)
3
(66, 77)
-> Request 4
841
(2, 1, 2)
2
(46, 36)
-> Request 5
990
(4, 2, 2)
1
(54, 71)
-> Request 6
1088
(3, 1, 1)
1
(33, 50)
-> Request 7
1208
(4, 1, 1)
1
(55, 30)
-> Request 8
1372
(1, 1, 1)
2
(54, 35)
---> Week : 4
--> Day : 0
-> Request 0
83
(4, 1, 2)
1
(52, 45)
-> Request 1
451
(4, 1, 2)
1
(60, 30)
-> Request 2
963
(2, 1, 2)
3
(42, 67)
-> Request 3
1132
(3, 1, 2)
2
(10, 20)
-> Request 4
1136
(2, 2, 1)
3
(8, 58)
-> Request 5
1284
(1, 1, 1)
1
(13, 20)
-> Request 6
1305
(3, 2, 2)
1
(54, 40)
--> Day : 1
-> Request 0
351
(2, 1, 1)
2
(26, 19)
-> Request 1
486
(1, 2, 2)
3
(68, 52)
-> Request 2
564
(1, 2, 1)
2
(67, 24)
-> Request 3
655
(4, 1, 2)
2
(26, 7)
-> Request 4
1129
(2, 2, 1)
3
(4, 16)
-> Request 5
1161
(4, 3, 2)
1
(10, 64)
--> Day : 2
-> Request 0
84
(2, 2, 2)
2
(60, 69)
-> Request 1
361
(3, 2, 2)
3
(51, 39)
-> Request 2
410
(3, 2, 1)
2
(19, 24)
-> Request 3
476
(4, 1, 1)
3
(57, 41)
-> Request 4
792
(1, 1, 1)
1
(77, 34)
--> Day : 3
-> Request 0
1191
(2, 1, 1)
3
(63, 70)
-> Request 1
1195
(4, 3, 1)
2
(66, 65)
-> Request 2
1301
(1, 3, 1)
2
(72, 7)
-> Request 3
1400
(4, 1, 2)
1
(39, 20)
--> Day : 4
-> Request 0
130
(3, 3, 2)
2
(10, 7)
-> Request 1
553
(1, 1, 1)
2
(14, 24)
-> Request 2
977
(2, 3, 2)
3
(61, 40)
-> Request 3
1311
(4, 2, 2)
2
(57, 73)
-> Request 4
1341
(2, 3, 2)
1
(52, 36)
---> Week : 5
--> Day : 0
-> Request 0
6
(2, 2, 2)
2
(6, 8)
-> Request 1
1146
(2, 1, 2)
1
(57, 35)
--> Day : 1
-> Request 0
95
(4, 3, 2)
1
(57, 67)
-> Request 1
482
(4, 2, 2)
1
(9, 24)
-> Request 2
620
(1, 1, 2)
1
(59, 39)
-> Request 3
658
(2, 2, 1)
3
(47, 38)
-> Request 4
1267
(2, 1, 1)
1
(32, 45)
-> Request 5
1369
(1, 2, 2)
1
(59, 27)
--> Day : 2
-> Request 0
41
(2, 1, 2)
3
(28, 77)
-> Request 1
42
(3, 3, 1)
3
(61, 74)
-> Request 2
130
(2, 3, 2)
2
(25, 36)
-> Request 3
307
(4, 1, 2)
3
(62, 30)
-> Request 4
847
(2, 3, 2)
1
(66, 75)
--> Day : 3
-> Request 0
263
(3, 1, 1)
3
(43, 27)
-> Request 1
695
(1, 1, 1)
1
(67, 35)
-> Request 2
966
(1, 1, 2)
1
(53, 70)
-> Request 3
1207
(2, 1, 1)
3
(54, 50)
-> Request 4
1410
(3, 2, 1)
2
(12, 22)
-> Request 5
1417
(3, 2, 1)
3
(58, 33)
--> Day : 4
-> Request 0
949
(4, 2, 2)
3
(66, 62)
-> Request 1
1171
(3, 3, 2)
1
(65, 69)
---> Week : 6
--> Day : 0
-> Request 0
18
(2, 1, 2)
1
(9, 25)
-> Request 1
97
(2, 1, 2)
1
(61, 30)
-> Request 2
160
(2, 2, 1)
2
(7, 0)
-> Request 3
337
(2, 2, 1)
2
(55, 73)
-> Request 4
382
(3, 2, 2)
2
(62, 38)
-> Request 5
461
(2, 3, 1)
1
(54, 45)
-> Request 6
538
(4, 2, 1)
3
(35, 7)
-> Request 7
664
(3, 2, 2)
3
(68, 11)
--> Day : 1
-> Request 0
569
(2, 2, 2)
2
(57, 75)
-> Request 1
641
(1, 2, 2)
1
(34, 7)
-> Request 2
855
(2, 3, 1)
2
(12, 29)
-> Request 3
950
(3, 3, 2)
3
(47, 32)
-> Request 4
1070
(2, 2, 2)
1
(12, 13)
--> Day : 2
-> Request 0
1048
(3, 3, 1)
2
(11, 62)
-> Request 1
1210
(2, 2, 2)
3
(50, 36)
-> Request 2
1228
(3, 2, 2)
1
(62, 38)
--> Day : 3
-> Request 0
20
(4, 2, 2)
2
(58, 74)
-> Request 1
417
(4, 3, 1)
2
(58, 35)
-> Request 2
615
(4, 1, 2)
2
(56, 43)
-> Request 3
1152
(3, 3, 2)
3
(27, 42)
--> Day : 4
-> Request 0
164
(3, 2, 2)
2
(60, 40)
-> Request 1
204
(1, 2, 1)
1
(56, 34)
-> Request 2
548
(3, 2, 2)
1
(16, 29)
-> Request 3
1053
(4, 2, 2)
1
(53, 74)
-> Request 4
1259
(2, 3, 1)
3
(62, 37)
---> Week : 7
--> Day : 0
-> Request 0
318
(1, 1, 2)
1
(57, 42)
-> Request 1
430
(3, 2, 1)
2
(53, 38)
-> Request 2
711
(1, 1, 2)
3
(23, 25)
-> Request 3
852
(2, 1, 2)
2
(13, 27)
-> Request 4
1301
(2, 3, 2)
3
(46, 33)
-> Request 5
1313
(4, 2, 1)
2
(29, 54)
-> Request 6
1427
(2, 3, 1)
1
(69, 17)
--> Day : 1
-> Request 0
141
(4, 2, 1)
1
(63, 61)
-> Request 1
270
(4, 1, 2)
1
(23, 38)
-> Request 2
642
(3, 1, 2)
3
(47, 35)
-> Request 3
784
(3, 1, 2)
2
(25, 67)
-> Request 4
809
(4, 1, 1)
3
(13, 21)
-> Request 5
1171
(1, 1, 2)
3
(62, 32)
-> Request 6
1228
(3, 1, 1)
1
(47, 35)
-> Request 7
1319
(2, 1, 1)
3
(24, 50)
--> Day : 2
-> Request 0
28
(4, 2, 2)
1
(62, 64)
-> Request 1
79
(1, 1, 2)
1
(52, 46)
-> Request 2
166
(3, 2, 1)
2
(57, 29)
-> Request 3
170
(4, 2, 1)
1
(54, 33)
-> Request 4
329
(4, 1, 2)
3
(52, 32)
-> Request 5
418
(2, 3, 2)
1
(62, 78)
-> Request 6
734
(4, 1, 2)
1
(72, 43)
-> Request 7
838
(2, 2, 2)
1
(11, 22)
-> Request 8
1377
(3, 2, 1)
2
(70, 42)
--> Day : 3
-> Request 0
57
(3, 2, 2)
2
(16, 26)
-> Request 1
111
(2, 3, 2)
2
(16, 22)
-> Request 2
203
(3, 1, 1)
3
(46, 31)
-> Request 3
226
(4, 3, 2)
1
(77, 65)
-> Request 4
651
(1, 1, 2)
1
(47, 44)
-> Request 5
823
(1, 3, 1)
2
(40, 37)
-> Request 6
1018
(4, 2, 2)
1
(1, 62)
-> Request 7
1275
(1, 2, 1)
2
(13, 20)
-> Request 8
1379
(4, 2, 2)
2
(6, 69)
--> Day : 4
-> Request 0
620
(2, 1, 1)
3
(27, 54)
-> Request 1
934
(2, 3, 1)
2
(6, 45)
-> Request 2
934
(1, 1, 1)
3
(66, 69)
-> Request 3
1378
(4, 1, 1)
2
(45, 35)
---> Week : 8
--> Day : 0
-> Request 0
102
(4, 1, 2)
1
(50, 29)
-> Request 1
547
(1, 1, 1)
1
(50, 57)
-> Request 2
791
(4, 2, 1)
2
(72, 30)
-> Request 3
886
(4, 3, 1)
1
(38, 48)
-> Request 4
1168
(3, 1, 2)
3
(10, 29)
-> Request 5
1216
(1, 2, 2)
3
(45, 41)
-> Request 6
1245
(3, 2, 2)
3
(67, 59)
-> Request 7
1284
(4, 1, 1)
3
(49, 44)
--> Day : 1
-> Request 0
81
(1, 1, 1)
1
(65, 78)
-> Request 1
94
(4, 3, 2)
1
(57, 45)
-> Request 2
263
(2, 2, 1)
1
(3, 74)
-> Request 3
359
(3, 2, 2)
1
(56, 55)
-> Request 4
662
(4, 2, 1)
1
(25, 70)
-> Request 5
754
(1, 2, 1)
2
(26, 13)
-> Request 6
802
(4, 2, 1)
2
(3, 26)
-> Request 7
1008
(3, 2, 1)
1
(44, 28)
-> Request 8
1092
(4, 1, 2)
1
(73, 0)
-> Request 9
1164
(1, 2, 1)
3
(52, 42)
-> Request 10
1412
(2, 3, 1)
2
(28, 73)
--> Day : 2
-> Request 0
186
(3, 2, 2)
1
(51, 60)
-> Request 1
410
(2, 3, 2)
2
(33, 16)
-> Request 2
519
(2, 1, 1)
2
(17, 27)
-> Request 3
545
(2, 2, 2)
2
(61, 77)
-> Request 4
785
(2, 2, 2)
2
(54, 70)
-> Request 5
897
(1, 2, 2)
1
(62, 42)
-> Request 6
897
(4, 3, 2)
1
(13, 63)
-> Request 7
1272
(3, 1, 2)
2
(34, 16)
-> Request 8
1329
(4, 3, 2)
1
(2, 72)
--> Day : 3
-> Request 0
257
(2, 2, 1)
1
(26, 72)
-> Request 1
352
(2, 3, 2)
2
(49, 32)
-> Request 2
558
(1, 2, 1)
1
(38, 35)
-> Request 3
670
(4, 1, 2)
3
(60, 69)
-> Request 4
848
(3, 2, 2)
2
(11, 78)
-> Request 5
915
(3, 3, 2)
1
(60, 44)
-> Request 6
979
(1, 3, 1)
3
(46, 34)
-> Request 7
1061
(3, 2, 2)
1
(20, 70)
-> Request 8
1129
(2, 1, 2)
3
(55, 73)
-> Request 9
1307
(1, 1, 1)
3
(36, 46)
-> Request 10
1343
(4, 1, 1)
1
(46, 42)
--> Day : 4
-> Request 0
450
(1, 2, 2)
2
(67, 46)
-> Request 1
911
(4, 2, 1)
2
(56, 45)
-> Request 2
1268
(1, 1, 1)
1
(51, 4)
---> Week : 9
--> Day : 0
-> Request 0
14
(2, 2, 1)
2
(56, 27)
-> Request 1
33
(1, 3, 2)
2
(51, 39)
-> Request 2
283
(2, 1, 2)
2
(11, 22)
-> Request 3
302
(3, 1, 2)
1
(73, 32)
-> Request 4
716
(2, 2, 2)
3
(72, 50)
-> Request 5
1058
(3, 1, 1)
1
(75, 12)
--> Day : 1
-> Request 0
234
(4, 2, 2)
1
(54, 77)
-> Request 1
391
(2, 3, 1)
2
(44, 31)
-> Request 2
428
(4, 3, 2)
2
(4, 68)
-> Request 3
855
(4, 1, 1)
2
(51, 30)
-> Request 4
1408
(4, 2, 1)
1
(2, 2)
--> Day : 2
-> Request 0
318
(1, 2, 2)
2
(25, 35)
-> Request 1
320
(3, 2, 2)
3
(44, 31)
-> Request 2
366
(2, 2, 1)
1
(26, 72)
-> Request 3
430
(3, 3, 1)
1
(53, 66)
-> Request 4
572
(1, 2, 2)
3
(50, 40)
-> Request 5
782
(2, 1, 1)
2
(59, 78)
--> Day : 3
-> Request 0
133
(2, 3, 1)
1
(63, 5)
-> Request 1
148
(3, 2, 1)
3
(58, 76)
-> Request 2
946
(2, 1, 1)
3
(56, 31)
-> Request 3
1040
(3, 2, 2)
2
(61, 78)
-> Request 4
1109
(2, 3, 2)
2
(54, 67)
-> Request 5
1424
(2, 1, 1)
2
(58, 73)
--> Day : 4
-> Request 0
342
(2, 1, 1)
1
(39, 59)
-> Request 1
737
(3, 1, 2)
3
(59, 78)
-> Request 2
1141
(2, 1, 2)
3
(66, 70)
-> Request 3
1381
(3, 2, 1)
2
(52, 33)
-> Request 4
1402
(1, 1, 2)
1
(61, 15)
---> Week : 10
--> Day : 0
-> Request 0
34
(2, 3, 2)
1
(53, 48)
-> Request 1
375
(1, 3, 1)
3
(75, 48)
-> Request 2
594
(1, 1, 1)
3
(40, 73)
-> Request 3
778
(1, 1, 2)
3
(45, 28)
-> Request 4
791
(4, 3, 2)
1
(43, 38)
-> Request 5
905
(2, 2, 2)
2
(69, 61)
-> Request 6
988
(3, 2, 1)
3
(49, 30)
-> Request 7
1363
(2, 2, 1)
2
(51, 40)
--> Day : 1
-> Request 0
578
(3, 2, 2)
2
(19, 79)
-> Request 1
616
(4, 3, 1)
1
(0, 43)
-> Request 2
955
(2, 2, 2)
2
(0, 51)
-> Request 3
1073
(2, 1, 2)
1
(65, 71)
--> Day : 2
-> Request 0
280
(1, 2, 2)
2
(5, 5)
-> Request 1
987
(3, 1, 1)
3
(65, 78)
-> Request 2
1176
(2, 2, 2)
3
(60, 34)
--> Day : 3
-> Request 0
70
(2, 1, 2)
1
(33, 73)
-> Request 1
247
(4, 3, 2)
2
(54, 32)
-> Request 2
393
(4, 3, 1)
3
(69, 35)
-> Request 3
828
(2, 2, 2)
3
(60, 4)
-> Request 4
1089
(2, 3, 1)
3
(37, 42)
-> Request 5
1178
(4, 3, 2)
1
(73, 48)
-> Request 6
1351
(4, 2, 1)
1
(44, 38)
--> Day : 4
-> Request 0
33
(1, 3, 2)
1
(63, 76)
-> Request 1
72
(2, 1, 2)
1
(53, 64)
-> Request 2
193
(1, 2, 2)
3
(58, 28)
-> Request 3
932
(1, 1, 2)
2
(66, 25)
-> Request 4
1216
(2, 1, 2)
3
(17, 24)
---> Week : 11
--> Day : 0
-> Request 0
42
(1, 2, 1)
3
(41, 42)
-> Request 1
204
(2, 1, 2)
1
(39, 62)
-> Request 2
432
(2, 1, 1)
2
(15, 41)
-> Request 3
562
(3, 1, 1)
2
(51, 37)
-> Request 4
765
(3, 3, 1)
1
(43, 37)
-> Request 5
1007
(1, 2, 1)
2
(62, 73)
-> Request 6
1313
(1, 3, 2)
1
(30, 68)
--> Day : 1
-> Request 0
141
(1, 1, 1)
2
(13, 13)
-> Request 1
184
(4, 3, 2)
3
(53, 39)
-> Request 2
379
(1, 1, 1)
3
(66, 66)
-> Request 3
459
(1, 3, 2)
1
(52, 31)
-> Request 4
573
(3, 1, 1)
3
(27, 64)
-> Request 5
597
(1, 3, 2)
3
(35, 57)
-> Request 6
761
(2, 3, 1)
1
(5, 56)
-> Request 7
1055
(4, 2, 1)
1
(64, 75)
--> Day : 2
-> Request 0
654
(1, 1, 1)
1
(54, 55)
-> Request 1
852
(3, 3, 2)
1
(27, 45)
-> Request 2
952
(3, 2, 2)
1
(43, 38)
--> Day : 3
-> Request 0
66
(1, 2, 1)
2
(71, 51)
-> Request 1
242
(2, 1, 2)
1
(37, 53)
-> Request 2
502
(2, 2, 2)
3
(19, 70)
-> Request 3
647
(2, 3, 1)
3
(11, 19)
-> Request 4
756
(4, 2, 1)
3
(46, 30)
-> Request 5
950
(4, 2, 2)
2
(13, 20)
-> Request 6
1264
(2, 1, 1)
1
(59, 44)
-> Request 7
1346
(2, 2, 2)
3
(47, 15)
--> Day : 4
-> Request 0
187
(2, 2, 1)
3
(45, 37)
-> Request 1
848
(4, 1, 1)
1
(57, 38)
-> Request 2
857
(2, 1, 2)
3
(43, 28)
-> Request 3
1205
(1, 2, 1)
3
(59, 78)
---> Week : 12
--> Day : 0
-> Request 0
414
(3, 3, 2)
2
(8, 21)
-> Request 1
679
(2, 3, 1)
2
(0, 9)
-> Request 2
717
(1, 2, 2)
1
(10, 31)
-> Request 3
857
(4, 3, 1)
2
(54, 31)
-> Request 4
927
(4, 3, 2)
1
(63, 66)
-> Request 5
1005
(3, 2, 1)
2
(10, 3)
-> Request 6
1280
(4, 1, 2)
1
(53, 73)
-> Request 7
1398
(4, 3, 2)
1
(35, 12)
--> Day : 1
-> Request 0
923
(4, 2, 2)
2
(31, 33)
-> Request 1
958
(3, 3, 2)
1
(16, 7)
-> Request 2
1136
(2, 2, 2)
3
(45, 34)
--> Day : 2
-> Request 0
196
(4, 3, 2)
3
(62, 45)
-> Request 1
1047
(3, 1, 1)
2
(54, 33)
-> Request 2
1057
(1, 3, 1)
3
(54, 67)
-> Request 3
1073
(2, 2, 1)
3
(52, 64)
-> Request 4
1365
(1, 2, 2)
2
(15, 67)
-> Request 5
1377
(1, 1, 1)
2
(65, 75)
--> Day : 3
-> Request 0
380
(2, 1, 2)
1
(48, 43)
-> Request 1
732
(3, 3, 1)
3
(26, 58)
-> Request 2
894
(3, 1, 1)
2
(76, 77)
-> Request 3
1260
(2, 3, 2)
1
(50, 44)
--> Day : 4
-> Request 0
597
(4, 3, 2)
1
(49, 39)
-> Request 1
1240
(3, 3, 2)
1
(53, 78)
---> Week : 13
--> Day : 0
-> Request 0
335
(3, 2, 1)
3
(9, 29)
-> Request 1
430
(1, 2, 1)
1
(46, 45)
-> Request 2
459
(3, 2, 2)
1
(58, 66)
-> Request 3
510
(1, 2, 1)
3
(68, 1)
-> Request 4
699
(2, 2, 1)
1
(22, 4)
-> Request 5
977
(3, 3, 2)
1
(9, 25)
-> Request 6
1206
(3, 1, 1)
3
(45, 27)
-> Request 7
1234
(3, 3, 1)
3
(25, 0)
-> Request 8
1339
(3, 2, 2)
3
(47, 43)
--> Day : 1
-> Request 0
279
(2, 2, 1)
1
(72, 7)
-> Request 1
622
(4, 2, 1)
3
(65, 69)
-> Request 2
855
(4, 2, 2)
1
(61, 73)
-> Request 3
1040
(3, 3, 2)
1
(9, 28)
-> Request 4
1329
(3, 1, 1)
2
(10, 23)
--> Day : 2
-> Request 0
108
(3, 3, 2)
2
(52, 41)
-> Request 1
541
(4, 1, 1)
2
(50, 43)
-> Request 2
1389
(4, 2, 1)
2
(53, 72)
--> Day : 3
-> Request 0
520
(1, 1, 2)
1
(52, 40)
-> Request 1
623
(4, 2, 2)
3
(9, 22)
-> Request 2
885
(1, 2, 2)
1
(61, 70)
-> Request 3
1077
(2, 3, 2)
2
(58, 35)
-> Request 4
1160
(2, 2, 2)
3
(76, 7)
--> Day : 4
-> Request 0
222
(2, 2, 2)
3
(47, 62)
-> Request 1
361
(3, 1, 1)
2
(43, 32)
-> Request 2
369
(2, 2, 1)
2
(34, 42)
-> Request 3
543
(1, 3, 1)
1
(56, 38)
-> Request 4
1183
(2, 2, 1)
1
(73, 15)
-> Request 5
1359
(4, 3, 2)
3
(56, 43)
---> Week : 14
--> Day : 0
-> Request 0
172
(2, 2, 1)
1
(34, 21)
-> Request 1
639
(4, 1, 1)
1
(11, 2)
-> Request 2
817
(2, 1, 2)
3
(72, 76)
-> Request 3
846
(3, 3, 1)
1
(45, 43)
-> Request 4
1111
(1, 3, 2)
2
(49, 45)
-> Request 5
1146
(2, 3, 1)
2
(75, 47)
--> Day : 1
-> Request 0
1196
(2, 3, 1)
3
(69, 37)
-> Request 1
1253
(2, 1, 1)
3
(47, 28)
--> Day : 2
-> Request 0
125
(1, 1, 1)
3
(59, 64)
-> Request 1
178
(3, 3, 2)
1
(61, 16)
-> Request 2
436
(4, 1, 2)
1
(31, 54)
-> Request 3
809
(1, 2, 1)
3
(59, 74)
-> Request 4
896
(4, 3, 1)
1
(15, 24)
-> Request 5
1186
(1, 2, 1)
3
(52, 68)
-> Request 6
1195
(4, 2, 1)
2
(10, 22)
--> Day : 3
-> Request 0
100
(3, 2, 2)
2
(62, 74)
-> Request 1
298
(3, 3, 2)
1
(43, 29)
-> Request 2
402
(4, 3, 1)
3
(60, 44)
-> Request 3
511
(3, 3, 1)
1
(51, 7)
-> Request 4
522
(3, 1, 1)
2
(13, 24)
-> Request 5
1192
(1, 2, 2)
3
(14, 57)
-> Request 6
1336
(4, 3, 1)
2
(43, 36)
--> Day : 4
-> Request 0
185
(2, 1, 2)
1
(60, 77)
-> Request 1
340
(2, 2, 1)
2
(54, 39)
-> Request 2
862
(3, 2, 1)
1
(39, 36)
-> Request 3
958
(2, 2, 2)
1
(3, 23)
-> Request 4
1082
(2, 3, 1)
2
(6, 47)
---> Week : 15
--> Day : 0
-> Request 0
364
(3, 2, 1)
3
(61, 64)
-> Request 1
444
(4, 2, 1)
3
(55, 74)
-> Request 2
691
(3, 3, 1)
3
(19, 37)
-> Request 3
758
(2, 2, 2)
2
(12, 25)
-> Request 4
892
(1, 2, 1)
3
(61, 65)
-> Request 5
1061
(4, 2, 1)
3
(58, 27)
-> Request 6
1183
(2, 2, 2)
2
(6, 50)
-> Request 7
1215
(1, 3, 2)
1
(49, 29)
--> Day : 1
-> Request 0
105
(4, 1, 2)
2
(50, 34)
-> Request 1
364
(3, 2, 2)
2
(49, 73)
-> Request 2
535
(4, 3, 1)
1
(58, 38)
-> Request 3
720
(3, 3, 2)
1
(62, 66)
-> Request 4
791
(3, 1, 1)
1
(13, 23)
-> Request 5
1067
(2, 3, 1)
3
(22, 66)
--> Day : 2
-> Request 0
223
(3, 3, 2)
3
(66, 71)
-> Request 1
337
(4, 2, 2)
1
(49, 33)
-> Request 2
568
(1, 3, 1)
3
(22, 5)
-> Request 3
921
(3, 2, 1)
3
(8, 27)
-> Request 4
1400
(3, 1, 1)
1
(55, 5)
--> Day : 3
-> Request 0
189
(2, 1, 1)
3
(60, 31)
-> Request 1
675
(4, 2, 2)
3
(30, 78)
-> Request 2
876
(4, 1, 1)
1
(44, 70)
-> Request 3
880
(1, 3, 1)
1
(69, 35)
-> Request 4
1382
(3, 2, 1)
2
(54, 77)
--> Day : 4
-> Request 0
223
(3, 1, 1)
3
(66, 69)
-> Request 1
431
(4, 3, 1)
3
(58, 75)
-> Request 2
588
(3, 2, 2)
1
(12, 23)
-> Request 3
627
(4, 3, 1)
2
(12, 22)
-> Request 4
1064
(3, 2, 1)
2
(78, 65)
-> Request 5
1329
(3, 1, 1)
3
(63, 75)
-> Request 6
1434
(3, 1, 2)
1
(67, 22)
---> Week : 16
--> Day : 0
-> Request 0
331
(4, 3, 1)
3
(40, 76)
-> Request 1
794
(1, 1, 2)
3
(59, 4)
-> Request 2
883
(4, 1, 1)
1
(44, 34)
-> Request 3
923
(1, 3, 2)
2
(69, 53)
-> Request 4
930
(4, 2, 2)
1
(64, 75)
-> Request 5
939
(1, 3, 1)
3
(63, 77)
-> Request 6
993
(4, 2, 1)
3
(12, 26)
-> Request 7
1434
(2, 1, 2)
3
(49, 23)
--> Day : 1
-> Request 0
11
(3, 1, 2)
2
(57, 65)
-> Request 1
580
(1, 3, 2)
2
(17, 24)
-> Request 2
1008
(4, 2, 2)
1
(60, 7)
--> Day : 2
-> Request 0
386
(2, 3, 1)
1
(77, 58)
-> Request 1
827
(1, 3, 2)
2
(66, 44)
-> Request 2
964
(2, 2, 1)
3
(15, 25)
-> Request 3
1000
(3, 1, 1)
1
(70, 8)
-> Request 4
1132
(1, 2, 2)
3
(68, 28)
--> Day : 3
-> Request 0
315
(4, 1, 1)
2
(54, 46)
-> Request 1
379
(4, 3, 2)
3
(61, 78)
-> Request 2
576
(4, 1, 2)
1
(59, 31)
-> Request 3
1324
(3, 1, 2)
3
(10, 36)
--> Day : 4
-> Request 0
358
(1, 2, 1)
2
(11, 0)
-> Request 1
363
(1, 3, 1)
1
(75, 72)
-> Request 2
390
(1, 3, 1)
1
(9, 29)
-> Request 3
571
(4, 1, 2)
3
(37, 69)
-> Request 4
844
(1, 2, 1)
2
(23, 17)
-> Request 5
1093
(3, 3, 1)
3
(16, 24)
-> Request 6
1244
(3, 3, 1)
3
(33, 15)
---> Week : 17
--> Day : 0
-> Request 0
161
(2, 1, 2)
2
(54, 65)
-> Request 1
478
(4, 3, 2)
1
(17, 30)
-> Request 2
1094
(3, 2, 1)
2
(11, 25)
--> Day : 1
-> Request 0
82
(2, 1, 1)
2
(21, 75)
-> Request 1
279
(4, 3, 2)
2
(58, 76)
-> Request 2
529
(4, 2, 1)
3
(50, 33)
-> Request 3
596
(2, 3, 1)
3
(56, 76)
-> Request 4
633
(1, 3, 2)
1
(78, 31)
-> Request 5
637
(2, 2, 1)
1
(71, 69)
-> Request 6
798
(1, 2, 2)
2
(61, 28)
-> Request 7
878
(2, 1, 2)
2
(61, 39)
-> Request 8
1146
(1, 3, 2)
3
(27, 9)
-> Request 9
1326
(4, 2, 2)
1
(74, 38)
--> Day : 2
-> Request 0
534
(4, 2, 2)
2
(58, 17)
--> Day : 3
-> Request 0
229
(1, 3, 2)
3
(8, 21)
-> Request 1
301
(1, 3, 2)
1
(9, 29)
-> Request 2
390
(3, 1, 1)
3
(26, 39)
-> Request 3
775
(3, 2, 1)
1
(52, 31)
-> Request 4
824
(1, 1, 2)
3
(9, 25)
-> Request 5
1278
(2, 2, 2)
2
(15, 21)
--> Day : 4
-> Request 0
14
(3, 3, 2)
2
(22, 70)
-> Request 1
365
(1, 2, 1)
1
(53, 76)
-> Request 2
449
(4, 1, 1)
3
(28, 74)
-> Request 3
452
(2, 2, 2)
2
(12, 70)
---> Week : 18
--> Day : 0
-> Request 0
1029
(1, 3, 2)
2
(8, 9)
-> Request 1
1155
(4, 2, 2)
1
(8, 20)
--> Day : 1
-> Request 0
74
(4, 1, 1)
3
(36, 36)
-> Request 1
336
(2, 1, 1)
3
(16, 38)
-> Request 2
816
(1, 1, 2)
3
(58, 50)
-> Request 3
891
(4, 1, 1)
1
(21, 25)
-> Request 4
904
(3, 1, 1)
1
(1, 16)
-> Request 5
1285
(1, 3, 1)
1
(29, 2)
--> Day : 2
-> Request 0
32
(1, 1, 2)
2
(61, 78)
-> Request 1
88
(3, 2, 2)
3
(50, 36)
-> Request 2
202
(1, 3, 1)
1
(65, 65)
-> Request 3
226
(3, 1, 2)
1
(23, 79)
-> Request 4
448
(4, 1, 2)
3
(49, 43)
-> Request 5
491
(3, 1, 1)
1
(55, 42)
-> Request 6
630
(2, 2, 2)
3
(58, 69)
-> Request 7
683
(2, 3, 2)
2
(50, 31)
-> Request 8
718
(4, 1, 2)
3
(76, 62)
-> Request 9
789
(3, 3, 1)
3
(61, 28)
-> Request 10
997
(1, 3, 1)
2
(50, 33)
-> Request 11
1059
(3, 3, 2)
2
(54, 45)
-> Request 12
1214
(2, 3, 1)
2
(53, 7)
-> Request 13
1221
(1, 2, 2)
2
(26, 76)
-> Request 14
1434
(3, 1, 1)
2
(11, 53)
-> Request 15
1438
(3, 2, 2)
3
(27, 4)
--> Day : 3
-> Request 0
204
(2, 1, 1)
3
(54, 37)
-> Request 1
485
(4, 3, 2)
2
(59, 32)
-> Request 2
491
(2, 3, 2)
1
(51, 38)
-> Request 3
1276
(2, 2, 1)
3
(52, 68)
--> Day : 4
-> Request 0
250
(2, 3, 1)
2
(17, 76)
-> Request 1
625
(2, 1, 2)
2
(65, 69)
-> Request 2
911
(3, 1, 2)
3
(27, 27)
-> Request 3
1038
(2, 2, 2)
1
(62, 45)
---> Week : 19
--> Day : 0
-> Request 0
11
(2, 1, 2)
1
(67, 42)
-> Request 1
221
(2, 3, 2)
2
(59, 38)
-> Request 2
436
(2, 1, 1)
1
(75, 24)
-> Request 3
591
(1, 3, 1)
2
(12, 22)
-> Request 4
885
(4, 2, 1)
3
(59, 29)
-> Request 5
929
(2, 2, 1)
1
(66, 64)
-> Request 6
1045
(1, 2, 2)
2
(26, 69)
-> Request 7
1100
(3, 2, 1)
3
(40, 54)
-> Request 8
1103
(4, 1, 1)
3
(57, 6)
-> Request 9
1232
(2, 2, 1)
1
(76, 68)
-> Request 10
1277
(4, 3, 2)
3
(27, 34)
--> Day : 1
-> Request 0
94
(2, 3, 1)
1
(37, 34)
-> Request 1
477
(4, 3, 2)
2
(10, 17)
-> Request 2
1174
(2, 2, 1)
3
(53, 68)
--> Day : 2
-> Request 0
208
(4, 3, 1)
3
(20, 71)
-> Request 1
269
(1, 2, 1)
3
(47, 29)
-> Request 2
317
(1, 2, 2)
3
(44, 76)
-> Request 3
1014
(1, 1, 1)
3
(18, 24)
-> Request 4
1082
(2, 2, 1)
3
(49, 46)
-> Request 5
1248
(3, 1, 2)
3
(62, 22)
-> Request 6
1290
(3, 3, 2)
3
(47, 40)
-> Request 7
1332
(2, 1, 1)
2
(55, 56)
-> Request 8
1370
(2, 2, 1)
2
(52, 30)
-> Request 9
1427
(4, 1, 2)
1
(5, 30)
-> Request 10
1433
(3, 2, 2)
3
(24, 45)
--> Day : 3
-> Request 0
97
(2, 2, 2)
3
(73, 14)
-> Request 1
532
(1, 1, 1)
1
(47, 39)
-> Request 2
650
(4, 1, 2)
3
(57, 30)
-> Request 3
875
(1, 2, 2)
1
(50, 34)
-> Request 4
1306
(2, 3, 2)
3
(55, 27)
--> Day : 4
-> Request 0
237
(1, 1, 1)
2
(50, 44)
-> Request 1
320
(1, 3, 2)
3
(19, 7)
-> Request 2
508
(2, 2, 2)
3
(56, 67)
-> Request 3
550
(3, 1, 2)
2
(23, 25)
-> Request 4
985
(3, 3, 1)
1
(52, 26)
-> Request 5
1269
(2, 1, 1)
2
(74, 8)
