---> Week : 0
--> Day : 0
-> Request 0
222
(4, 1, 2)
2
(61, 44)
-> Request 1
762
(4, 3, 1)
1
(50, 53)
-> Request 2
872
(3, 1, 1)
2
(55, 38)
-> Request 3
906
(4, 2, 1)
1
(21, 5)
-> Request 4
952
(2, 2, 2)
2
(46, 64)
-> Request 5
1159
(2, 2, 1)
3
(58, 28)
-> Request 6
1312
(3, 3, 2)
1
(56, 75)
-> Request 7
1349
(1, 2, 2)
2
(59, 31)
--> Day : 1
-> Request 0
692
(2, 2, 2)
3
(49, 2)
-> Request 1
692
(4, 1, 1)
3
(53, 42)
--> Day : 2
-> Request 0
349
(3, 2, 1)
3
(66, 71)
-> Request 1
1050
(3, 2, 1)
3
(57, 69)
-> Request 2
1234
(1, 1, 2)
3
(17, 24)
-> Request 3
1242
(2, 1, 2)
2
(43, 34)
-> Request 4
1247
(1, 3, 1)
1
(13, 24)
-> Request 5
1322
(1, 1, 1)
2
(41, 22)
-> Request 6
1422
(4, 2, 2)
1
(43, 35)
--> Day : 3
-> Request 0
123
(3, 3, 1)
2
(15, 32)
-> Request 1
518
(4, 1, 1)
1
(13, 24)
-> Request 2
729
(2, 2, 1)
2
(53, 66)
-> Request 3
796
(3, 2, 1)
3
(54, 69)
-> Request 4
862
(4, 2, 2)
1
(47, 27)
-> Request 5
1170
(1, 1, 2)
1
(30, 20)
-> Request 6
1257
(3, 1, 1)
1
(58, 66)
--> Day : 4
-> Request 0
98
(4, 1, 1)
1
(33, 34)
-> Request 1
237
(3, 1, 1)
1
(59, 69)
-> Request 2
283
(1, 3, 1)
2
(61, 74)
-> Request 3
295
(3, 1, 1)
1
(52, 25)
-> Request 4
573
(3, 3, 1)
1
(49, 35)
-> Request 5
722
(4, 1, 1)
3
(27, 46)
-> Request 6
798
(1, 1, 2)
2
(1, 20)
-> Request 7
1253
(2, 2, 1)
2
(43, 29)
-> Request 8
1290
(1, 1, 1)
2
(13, 15)
-> Request 9
1337
(3, 2, 1)
1
(46, 32)
-> Request 10
1371
(3, 1, 2)
1
(32, 39)
---> Week : 1
--> Day : 0
-> Request 0
466
(1, 2, 1)
1
(54, 30)
-> Request 1
598
(1, 1, 1)
1
(61, 70)
-> Request 2
811
(4, 1, 2)
2
(14, 15)
-> Request 3
866
(1, 2, 1)
3
(40, 60)
-> Request 4
997
(1, 2, 1)
3
(50, 40)
-> Request 5
1000
(2, 3, 1)
3
(13, 27)
-> Request 6
1235
(2, 3, 1)
2
(69, 42)
--> Day : 1
-> Request 0
65
(4, 1, 2)
1
(49, 76)
-> Request 1
88
(3, 3, 1)
3
(65, 77)
-> Request 2
152
(3, 2, 2)
1
(9, 22)
-> Request 3
631
(2, 1, 2)
1
(54, 29)
-> Request 4
705
(2, 3, 2)
3
(8, 55)
-> Request 5
862
(1, 3, 2)
3
(35, 34)
-> Request 6
956
(4, 1, 1)
3
(44, 32)
-> Request 7
997
(3, 2, 2)
2
(75, 7)
-> Request 8
1082
(1, 3, 2)
1
(13, 37)
-> Request 9
1265
(4, 2, 1)
3
(66, 32)
-> Request 10
1391
(1, 1, 2)
2
(79, 22)
--> Day : 2
-> Request 0
516
(2, 1, 2)
1
(46, 27)
-> Request 1
585
(2, 3, 2)
3
(54, 73)
-> Request 2
935
(1, 2, 1)
1
(14, 24)
-> Request 3
1231
(4, 2, 1)
2
(48, 41)
-> Request 4
1277
(4, 1, 1)
2
(44, 31)
-> Request 5
1311
(4, 2, 1)
1
(54, 56)
-> Request 6
1332
(2, 1, 2)
3
(61, 67)
--> Day : 3
-> Request 0
247
(3, 3, 2)
1
(55, 35)
-> Request 1
562
(3, 3, 2)
2
(61, 30)
-> Request 2
734
(2, 1, 1)
3
(12, 66)
-> Request 3
848
(2, 2, 1)
2
(55, 36)
--> Day : 4
-> Request 0
51
(1, 1, 2)
2
(23, 19)
-> Request 1
114
(1, 3, 2)
2
(61, 78)
-> Request 2
273
(4, 2, 1)
2
(40, 44)
-> Request 3
728
(3, 1, 1)
2
(46, 36)
-> Request 4
740
(1, 2, 1)
3
(55, 29)
-> Request 5
1322
(2, 2, 1)
3
(46, 44)
-> Request 6
1325
(2, 2, 1)
2
(19, 60)
---> Week : 2
--> Day : 0
-> Request 0
735
(2, 2, 1)
3
(76, 58)
-> Request 1
1164
(4, 2, 2)
3
(46, 38)
--> Day : 1
-> Request 0
37
(4, 1, 2)
1
(58, 28)
-> Request 1
46
(1, 3, 1)
2
(34, 45)
-> Request 2
134
(2, 3, 2)
2
(12, 51)
-> Request 3
426
(2, 2, 1)
1
(73, 35)
-> Request 4
660
(2, 1, 1)
3
(3, 59)
-> Request 5
1186
(4, 2, 2)
3
(54, 24)
-> Request 6
1361
(1, 1, 2)
2
(7, 39)
-> Request 7
1421
(2, 2, 2)
3
(1, 10)
--> Day : 2
-> Request 0
60
(1, 3, 2)
3
(51, 39)
-> Request 1
86
(3, 1, 2)
1
(20, 34)
-> Request 2
341
(3, 1, 2)
3
(61, 36)
-> Request 3
583
(4, 1, 1)
2
(53, 37)
--> Day : 3
-> Request 0
322
(4, 1, 2)
2
(45, 71)
-> Request 1
322
(2, 2, 2)
1
(57, 39)
-> Request 2
416
(4, 1, 1)
2
(48, 42)
-> Request 3
505
(4, 1, 2)
2
(15, 45)
-> Request 4
525
(2, 2, 1)
1
(50, 7)
-> Request 5
801
(2, 2, 1)
1
(66, 64)
-> Request 6
827
(1, 1, 2)
2
(46, 20)
-> Request 7
1117
(4, 2, 1)
3
(47, 23)
--> Day : 4
-> Request 0
307
(1, 2, 1)
1
(57, 76)
-> Request 1
919
(3, 1, 2)
1
(18, 31)
-> Request 2
1134
(3, 3, 1)
2
(63, 27)
-> Request 3
1363
(1, 2, 1)
2
(61, 30)
-> Request 4
1373
(4, 3, 2)
3
(51, 39)
---> Week : 3
--> Day : 0
-> Request 0
593
(2, 3, 2)
2
(16, 21)
-> Request 1
659
(1, 3, 2)
2
(14, 75)
--> Day : 1
-> Request 0
63
(2, 1, 1)
3
(64, 76)
-> Request 1
87
(4, 1, 2)
3
(16, 57)
-> Request 2
113
(2, 1, 1)
2
(6, 24)
-> Request 3
347
(4, 3, 1)
2
(39, 60)
-> Request 4
436
(4, 2, 2)
1
(24, 58)
-> Request 5
836
(3, 3, 1)
1
(10, 13)
-> Request 6
903
(4, 2, 2)
2
(28, 47)
-> Request 7
1131
(4, 3, 2)
1
(59, 27)
--> Day : 2
-> Request 0
743
(4, 3, 2)
2
(65, 69)
-> Request 1
1392
(2, 2, 1)
1
(37, 8)
--> Day : 3
-> Request 0
243
(3, 1, 2)
3
(69, 49)
-> Request 1
393
(1, 2, 2)
1
(53, 65)
-> Request 2
630
(4, 3, 1)
2
(49, 40)
-> Request 3
698
(4, 3, 1)
3
(36, 70)
-> Request 4
880
(4, 1, 2)
2
(40, 40)
-> Request 5
1302
(1, 3, 1)
2
(12, 24)
-> Request 6
1408
(2, 1, 1)
2
(61, 33)
--> Day : 4
-> Request 0
34
(4, 1, 1)
3
(63, 76)
-> Request 1
58
(4, 3, 2)
2
(59, 58)
-> Request 2
306
(1, 3, 2)
3
(51, 40)
-> Request 3
403
(4, 3, 2)
1
(61, 32)
-> Request 4
422
(1, 3, 2)
1
(58, 44)
-> Request 5
688
(1, 2, 1)
3
(52, 74)
-> Request 6
884
(1, 3, 1)
2
(55, 71)
-> Request 7
1151
(1, 2, 2)
1
(33, 57)
-> Request 8
1406
(2, 3, 2)
1
(52, 70)
---> Week : 4
--> Day : 0
-> Request 0
164
(4, 2, 2)
2
(46, 31)
-> Request 1
514
(2, 3, 2)
1
(53, 46)
-> Request 2
656
(1, 2, 2)
3
(44, 13)
-> Request 3
861
(3, 2, 1)
3
(57, 65)
-> Request 4
1103
(4, 2, 2)
3
(44, 31)
-> Request 5
1197
(4, 3, 2)
2
(26, 23)
-> Request 6
1407
(3, 1, 1)
1
(9, 23)
--> Day : 1
-> Request 0
703
(3, 2, 1)
3
(14, 20)
-> Request 1
962
(4, 1, 2)
1
(16, 60)
-> Request 2
964
(3, 1, 2)
2
(50, 32)
-> Request 3
988
(3, 3, 1)
2
(21, 15)
--> Day : 2
-> Request 0
89
(2, 3, 1)
3
(44, 35)
-> Request 1
550
(1, 2, 1)
3
(44, 39)
-> Request 2
581
(3, 3, 2)
2
(37, 13)
-> Request 3
793
(1, 1, 1)
3
(56, 67)
-> Request 4
806
(3, 2, 1)
1
(44, 37)
-> Request 5
881
(3, 1, 1)
3
(28, 31)
--> Day : 3
-> Request 0
186
(1, 2, 1)
3
(49, 46)
-> Request 1
533
(1, 1, 2)
3
(30, 35)
-> Request 2
687
(4, 1, 2)
1
(58, 41)
-> Request 3
821
(4, 3, 1)
2
(57, 29)
-> Request 4
874
(3, 3, 1)
1
(47, 42)
-> Request 5
988
(3, 3, 1)
2
(50, 42)
-> Request 6
1396
(3, 2, 1)
1
(57, 39)
-> Request 7
1436
(1, 3, 1)
1
(40, 49)
--> Day : 4
-> Request 0
27
(3, 2, 2)
3
(64, 78)
-> Request 1
733
(2, 1, 1)
3
(58, 73)
-> Request 2
989
(2, 1, 2)
3
(43, 29)
-> Request 3
1021
(1, 1, 1)
2
(50, 53)
-> Request 4
1410
(4, 3, 1)
2
(9, 51)
---> Week : 5
--> Day : 0
-> Request 0
882
(3, 1, 2)
2
(47, 31)
-> Request 1
951
(2, 2, 2)
1
(13, 72)
-> Request 2
1242
(3, 3, 2)
2
(72, 54)
-> Request 3
1253
(4, 3, 2)
2
(2, 9)
-> Request 4
1366
(2, 1, 2)
1
(59, 70)
--> Day : 1
-> Request 0
313
(1, 3, 2)
1
(55, 73)
-> Request 1
363
(2, 3, 1)
2
(46, 28)
-> Request 2
529
(4, 3, 1)
2
(19, 64)
-> Request 3
765
(2, 3, 1)
3
(56, 70)
-> Request 4
1206
(1, 1, 2)
1
(12, 22)
-> Request 5
1230
(2, 1, 2)
3
(43, 38)
-> Request 6
1253
(1, 2, 2)
2
(50, 37)
-> Request 7
1301
(4, 3, 1)
3
(54, 34)
--> Day : 2
-> Request 0
134
(4, 1, 2)
2
(76, 7)
-> Request 1
398
(1, 1, 1)
3
(65, 46)
-> Request 2
402
(4, 2, 1)
1
(45, 43)
-> Request 3
533
(3, 1, 2)
1
(57, 37)
-> Request 4
876
(3, 2, 1)
1
(34, 20)
-> Request 5
923
(2, 2, 2)
2
(61, 42)
--> Day : 3
-> Request 0
418
(2, 2, 2)
3
(60, 72)
-> Request 1
585
(2, 3, 2)
2
(61, 71)
-> Request 2
631
(4, 1, 2)
2
(64, 2)
-> Request 3
716
(2, 2, 1)
2
(8, 26)
-> Request 4
757
(1, 2, 2)
3
(10, 26)
-> Request 5
916
(4, 2, 1)
1
(40, 76)
-> Request 6
949
(1, 1, 2)
1
(65, 74)
-> Request 7
1344
(2, 3, 2)
3
(54, 39)
--> Day : 4
-> Request 0
75
(4, 2, 2)
3
(59, 38)
-> Request 1
162
(1, 1, 1)
1
(79, 69)
-> Request 2
472
(2, 3, 1)
3
(62, 66)
-> Request 3
545
(2, 3, 1)
3
(37, 45)
-> Request 4
694
(1, 2, 2)
2
(33, 69)
-> Request 5
960
(2, 3, 2)
3
(10, 23)
-> Request 6
968
(4, 1, 2)
1
(9, 55)
-> Request 7
1248
(3, 3, 2)
3
(19, 62)
-> Request 8
1311
(3, 3, 1)
3
(63, 75)
-> Request 9
1319
(3, 2, 1)
2
(75, 79)
-> Request 10
1374
(1, 2, 2)
1
(60, 67)
---> Week : 6
--> Day : 0
-> Request 0
28
(3, 1, 2)
3
(45, 60)
-> Request 1
90
(2, 1, 2)
3
(74, 29)
-> Request 2
510
(1, 3, 2)
3
(58, 76)
-> Request 3
565
(2, 1, 1)
2
(49, 44)
-> Request 4
804
(1, 1, 1)
2
(50, 32)
-> Request 5
1166
(2, 3, 2)
3
(70, 56)
-> Request 6
1374
(4, 2, 1)
1
(58, 3)
--> Day : 1
-> Request 0
357
(2, 3, 1)
3
(26, 42)
-> Request 1
440
(1, 3, 2)
1
(61, 28)
-> Request 2
573
(1, 2, 1)
3
(14, 64)
--> Day : 2
-> Request 0
333
(2, 1, 1)
3
(9, 60)
-> Request 1
595
(4, 2, 2)
1
(61, 68)
-> Request 2
1120
(3, 3, 2)
3
(53, 37)
-> Request 3
1158
(1, 1, 1)
1
(62, 45)
-> Request 4
1275
(2, 3, 1)
1
(44, 46)
--> Day : 3
-> Request 0
530
(2, 2, 2)
2
(39, 54)
-> Request 1
623
(1, 2, 2)
3
(15, 44)
-> Request 2
974
(4, 2, 2)
1
(12, 29)
-> Request 3
1124
(4, 1, 1)
1
(62, 34)
-> Request 4
1220
(4, 1, 1)
1
(16, 22)
--> Day : 4
-> Request 0
497
(4, 1, 2)
2
(78, 72)
-> Request 1
935
(4, 1, 1)
2
(4, 12)
-> Request 2
1133
(1, 1, 2)
1
(10, 24)
-> Request 3
1412
(4, 3, 2)
3
(53, 3)
---> Week : 7
--> Day : 0
-> Request 0
25
(2, 1, 2)
1
(9, 21)
-> Request 1
70
(2, 2, 1)
1
(66, 2)
-> Request 2
87
(2, 2, 2)
3
(45, 35)
-> Request 3
353
(1, 3, 1)
3
(26, 50)
-> Request 4
473
(3, 2, 2)
1
(57, 39)
-> Request 5
864
(4, 1, 2)
2
(47, 32)
-> Request 6
1055
(1, 3, 2)
2
(47, 30)
-> Request 7
1089
(2, 2, 2)
3
(49, 51)
-> Request 8
1165
(3, 1, 2)
2
(63, 72)
-> Request 9
1418
(2, 1, 2)
3
(34, 48)
--> Day : 1
-> Request 0
186
(1, 3, 1)
2
(60, 61)
-> Request 1
420
(2, 1, 1)
1
(60, 77)
-> Request 2
839
(3, 2, 1)
3
(49, 65)
-> Request 3
896
(3, 2, 1)
2
(65, 14)
-> Request 4
1000
(2, 2, 2)
2
(53, 35)
-> Request 5
1120
(3, 3, 2)
3
(61, 72)
-> Request 6
1137
(2, 3, 1)
2
(33, 37)
-> Request 7
1296
(2, 2, 1)
2
(60, 64)
--> Day : 2
-> Request 0
53
(1, 3, 1)
1
(73, 29)
-> Request 1
97
(3, 2, 1)
1
(12, 28)
-> Request 2
109
(3, 1, 2)
1
(46, 28)
-> Request 3
327
(2, 1, 1)
2
(45, 35)
-> Request 4
435
(2, 2, 2)
3
(42, 60)
-> Request 5
551
(1, 3, 2)
3
(3, 25)
-> Request 6
553
(2, 3, 1)
2
(29, 14)
-> Request 7
636
(4, 1, 2)
1
(40, 34)
-> Request 8
730
(1, 3, 1)
2
(49, 34)
-> Request 9
791
(3, 3, 2)
3
(55, 57)
-> Request 10
797
(2, 3, 2)
3
(46, 78)
-> Request 11
1132
(2, 3, 2)
2
(63, 69)
-> Request 12
1301
(2, 1, 2)
2
(50, 45)
--> Day : 3
-> Request 0
779
(4, 3, 2)
2
(10, 19)
--> Day : 4
-> Request 0
85
(4, 1, 2)
2
(32, 5)
-> Request 1
479
(1, 3, 1)
1
(48, 36)
-> Request 2
545
(3, 3, 1)
3
(54, 67)
-> Request 3
764
(4, 3, 2)
3
(60, 74)
-> Request 4
799
(2, 3, 2)
3
(78, 13)
-> Request 5
862
(1, 2, 1)
3
(43, 68)
-> Request 6
980
(2, 1, 2)
2
(24, 72)
-> Request 7
1178
(1, 2, 1)
2
(26, 9)
-> Request 8
1404
(2, 1, 1)
3
(61, 31)
---> Week : 8
--> Day : 0
-> Request 0
108
(2, 1, 2)
2
(47, 42)
-> Request 1
343
(4, 2, 1)
3
(52, 39)
-> Request 2
356
(1, 3, 2)
2
(12, 22)
-> Request 3
828
(3, 3, 2)
3
(44, 22)
-> Request 4
909
(2, 3, 1)
2
(72, 2)
-> Request 5
920
(1, 2, 2)
2
(68, 32)
-> Request 6
923
(4, 3, 1)
1
(54, 38)
-> Request 7
1245
(1, 3, 2)
3
(13, 16)
--> Day : 1
-> Request 0
160
(1, 1, 1)
3
(49, 33)
-> Request 1
214
(2, 3, 2)
1
(45, 79)
-> Request 2
329
(1, 2, 1)
3
(61, 76)
-> Request 3
509
(1, 1, 2)
2
(10, 25)
-> Request 4
559
(1, 2, 2)
3
(53, 75)
-> Request 5
624
(2, 3, 2)
1
(65, 44)
-> Request 6
738
(2, 3, 2)
2
(29, 75)
-> Request 7
1149
(1, 2, 2)
3
(48, 38)
-> Request 8
1164
(3, 2, 1)
3
(51, 27)
--> Day : 2
-> Request 0
148
(2, 2, 2)
2
(66, 59)
-> Request 1
494
(2, 2, 1)
2
(21, 17)
-> Request 2
529
(3, 3, 1)
3
(14, 60)
-> Request 3
871
(3, 2, 2)
1
(21, 56)
-> Request 4
1042
(4, 1, 1)
2
(13, 66)
-> Request 5
1313
(4, 1, 2)
3
(66, 23)
-> Request 6
1430
(3, 3, 2)
1
(57, 79)
-> Request 7
1435
(4, 3, 1)
3
(15, 54)
--> Day : 3
-> Request 0
206
(2, 1, 2)
1
(1, 52)
-> Request 1
286
(2, 2, 2)
1
(53, 29)
-> Request 2
296
(4, 1, 1)
3
(62, 47)
-> Request 3
1025
(1, 1, 1)
2
(55, 29)
-> Request 4
1042
(2, 1, 1)
1
(66, 71)
-> Request 5
1278
(4, 3, 2)
2
(61, 37)
--> Day : 4
-> Request 0
70
(1, 2, 2)
1
(52, 33)
-> Request 1
110
(2, 1, 2)
2
(25, 79)
-> Request 2
112
(1, 3, 1)
2
(15, 24)
-> Request 3
203
(3, 2, 1)
1
(57, 35)
-> Request 4
275
(3, 1, 2)
1
(58, 38)
-> Request 5
589
(3, 1, 1)
1
(54, 42)
-> Request 6
775
(2, 3, 1)
1
(62, 73)
-> Request 7
839
(4, 3, 1)
1
(25, 2)
-> Request 8
1343
(1, 1, 2)
2
(66, 71)
---> Week : 9
--> Day : 0
-> Request 0
456
(2, 2, 2)
2
(34, 53)
-> Request 1
481
(4, 3, 2)
3
(62, 28)
--> Day : 1
-> Request 0
241
(4, 2, 1)
1
(57, 75)
-> Request 1
637
(3, 1, 1)
1
(62, 40)
-> Request 2
970
(3, 1, 1)
3
(77, 55)
-> Request 3
1050
(4, 3, 1)
3
(61, 39)
-> Request 4
1168
(3, 1, 1)
3
(45, 44)
-> Request 5
1303
(3, 2, 1)
2
(14, 21)
--> Day : 2
-> Request 0
144
(2, 1, 1)
1
(58, 38)
-> Request 1
261
(3, 2, 2)
2
(57, 6)
-> Request 2
266
(2, 2, 2)
2
(19, 34)
-> Request 3
329
(2, 3, 1)
2
(57, 42)
-> Request 4
364
(3, 3, 1)
1
(52, 74)
-> Request 5
635
(4, 3, 2)
2
(49, 27)
-> Request 6
733
(1, 1, 2)
2
(2, 66)
-> Request 7
931
(4, 3, 2)
2
(72, 6)
--> Day : 3
-> Request 0
80
(2, 1, 1)
3
(35, 44)
-> Request 1
342
(4, 3, 2)
1
(52, 46)
-> Request 2
523
(2, 3, 2)
1
(9, 21)
-> Request 3
658
(4, 2, 2)
2
(20, 62)
-> Request 4
1203
(3, 2, 1)
3
(19, 26)
-> Request 5
1305
(3, 2, 2)
3
(43, 38)
-> Request 6
1338
(3, 1, 2)
3
(51, 30)
--> Day : 4
-> Request 0
189
(4, 3, 2)
2
(68, 24)
-> Request 1
321
(1, 1, 2)
3
(66, 69)
-> Request 2
890
(4, 3, 2)
1
(3, 55)
-> Request 3
1179
(2, 2, 1)
1
(62, 38)
---> Week : 10
--> Day : 0
-> Request 0
132
(2, 2, 1)
1
(69, 39)
-> Request 1
212
(2, 2, 1)
1
(59, 27)
-> Request 2
394
(3, 2, 1)
1
(62, 77)
-> Request 3
540
(2, 3, 1)
1
(59, 78)
-> Request 4
639
(1, 1, 1)
1
(45, 29)
-> Request 5
686
(4, 1, 1)
2
(52, 43)
-> Request 6
1218
(1, 3, 1)
3
(59, 18)
--> Day : 1
-> Request 0
61
(4, 3, 1)
1
(13, 24)
-> Request 1
416
(3, 1, 1)
2
(60, 39)
-> Request 2
676
(4, 1, 2)
1
(53, 30)
-> Request 3
1222
(4, 1, 2)
1
(70, 40)
--> Day : 2
-> Request 0
515
(4, 1, 1)
1
(37, 14)
-> Request 1
581
(1, 1, 2)
2
(56, 44)
-> Request 2
760
(4, 3, 2)
3
(49, 29)
--> Day : 3
-> Request 0
519
(1, 3, 2)
2
(34, 65)
-> Request 1
642
(2, 1, 1)
3
(57, 66)
-> Request 2
718
(4, 3, 1)
1
(55, 39)
-> Request 3
1076
(4, 2, 1)
1
(7, 3)
-> Request 4
1296
(2, 2, 1)
1
(66, 23)
--> Day : 4
-> Request 0
64
(1, 1, 1)
2
(58, 32)
-> Request 1
79
(2, 3, 2)
2
(12, 24)
-> Request 2
169
(4, 1, 1)
2
(61, 77)
-> Request 3
395
(2, 2, 2)
2
(14, 67)
-> Request 4
707
(4, 1, 2)
2
(17, 66)
-> Request 5
1131
(1, 3, 1)
3
(54, 41)
-> Request 6
1317
(3, 2, 1)
1
(51, 30)
---> Week : 11
--> Day : 0
-> Request 0
269
(1, 1, 1)
2
(60, 29)
-> Request 1
441
(3, 2, 1)
3
(53, 64)
-> Request 2
452
(2, 3, 2)
2
(52, 40)
-> Request 3
580
(1, 1, 1)
2
(8, 75)
-> Request 4
736
(3, 3, 2)
1
(8, 58)
--> Day : 1
-> Request 0
460
(3, 2, 1)
1
(36, 76)
-> Request 1
468
(2, 1, 2)
2
(62, 35)
-> Request 2
1198
(4, 1, 2)
3
(65, 68)
-> Request 3
1407
(3, 3, 2)
3
(46, 32)
--> Day : 2
-> Request 0
5
(4, 3, 2)
2
(0, 14)
-> Request 1
355
(4, 3, 2)
2
(58, 71)
-> Request 2
555
(4, 3, 1)
2
(66, 24)
-> Request 3
608
(1, 1, 2)
3
(78, 7)
-> Request 4
922
(3, 2, 2)
3
(28, 12)
-> Request 5
1005
(1, 1, 2)
2
(65, 68)
-> Request 6
1042
(4, 2, 1)
3
(62, 38)
-> Request 7
1138
(3, 3, 2)
3
(2, 67)
-> Request 8
1149
(3, 3, 1)
3
(33, 65)
-> Request 9
1225
(4, 1, 2)
1
(9, 1)
--> Day : 3
-> Request 0
329
(3, 1, 1)
3
(7, 9)
-> Request 1
442
(2, 3, 1)
1
(76, 1)
-> Request 2
684
(4, 3, 2)
1
(43, 29)
-> Request 3
700
(3, 2, 2)
2
(77, 5)
-> Request 4
701
(3, 3, 2)
1
(53, 10)
-> Request 5
953
(1, 3, 1)
1
(50, 45)
-> Request 6
1116
(3, 2, 2)
1
(57, 74)
--> Day : 4
-> Request 0
123
(4, 3, 2)
3
(29, 72)
-> Request 1
130
(1, 2, 1)
3
(55, 29)
-> Request 2
301
(4, 1, 1)
1
(66, 64)
-> Request 3
590
(2, 2, 2)
1
(58, 75)
-> Request 4
909
(3, 3, 2)
2
(47, 31)
-> Request 5
943
(1, 2, 1)
1
(59, 44)
-> Request 6
1117
(4, 1, 2)
3
(16, 12)
-> Request 7
1207
(3, 2, 1)
3
(58, 39)
-> Request 8
1356
(4, 1, 2)
2
(7, 15)
---> Week : 12
--> Day : 0
-> Request 0
62
(3, 1, 1)
1
(55, 46)
-> Request 1
222
(1, 3, 1)
2
(68, 70)
-> Request 2
366
(4, 2, 2)
1
(4, 68)
-> Request 3
583
(2, 3, 2)
1
(57, 63)
-> Request 4
591
(1, 1, 1)
2
(63, 67)
-> Request 5
672
(3, 2, 2)
3
(57, 77)
-> Request 6
876
(2, 1, 2)
3
(62, 27)
-> Request 7
1157
(2, 2, 1)
2
(47, 55)
--> Day : 1
-> Request 0
202
(3, 2, 1)
3
(44, 45)
-> Request 1
737
(3, 1, 2)
1
(71, 16)
-> Request 2
835
(4, 2, 2)
1
(12, 40)
-> Request 3
1020
(4, 1, 1)
1
(48, 30)
-> Request 4
1209
(4, 1, 2)
3
(14, 10)
-> Request 5
1385
(1, 1, 1)
3
(48, 61)
--> Day : 2
-> Request 0
5
(4, 3, 2)
3
(56, 31)
-> Request 1
921
(3, 3, 1)
1
(46, 38)
-> Request 2
1325
(1, 3, 2)
1
(73, 2)
--> Day : 3
-> Request 0
125
(2, 2, 2)
1
(45, 42)
-> Request 1
554
(4, 1, 1)
2
(75, 9)
-> Request 2
1250
(4, 1, 1)
2
(46, 38)
--> Day : 4
-> Request 0
143
(4, 1, 2)
2
(55, 69)
-> Request 1
403
(3, 2, 2)
1
(61, 36)
-> Request 2
544
(4, 1, 1)
2
(55, 70)
-> Request 3
790
(1, 3, 1)
2
(66, 73)
-> Request 4
830
(3, 3, 1)
3
(11, 55)
-> Request 5
867
(3, 2, 2)
3
(34, 14)
-> Request 6
1001
(2, 3, 1)
1
(14, 24)
-> Request 7
1102
(1, 3, 1)
2
(51, 43)
-> Request 8
1402
(3, 1, 2)
2
(68, 65)
---> Week : 13
--> Day : 0
-> Request 0
13
(4, 3, 1)
3
(71, 70)
-> Request 1
576
(3, 3, 2)
1
(58, 35)
-> Request 2
767
(3, 2, 1)
3
(54, 34)
-> Request 3
781
(2, 3, 1)
3
(6, 8)
-> Request 4
900
(4, 3, 2)
1
(65, 73)
-> Request 5
929
(4, 2, 1)
2
(47, 46)
-> Request 6
965
(4, 3, 2)
1
(59, 68)
-> Request 7
1040
(3, 3, 2)
1
(59, 49)
--> Day : 1
-> Request 0
104
(2, 3, 2)
3
(54, 71)
-> Request 1
140
(3, 2, 2)
3
(44, 27)
-> Request 2
294
(2, 3, 1)
2
(8, 24)
-> Request 3
462
(4, 1, 2)
3
(45, 33)
-> Request 4
506
(3, 2, 2)
2
(25, 37)
-> Request 5
973
(1, 3, 1)
1
(47, 29)
--> Day : 2
-> Request 0
589
(4, 2, 2)
3
(37, 29)
-> Request 1
687
(2, 1, 2)
1
(62, 70)
-> Request 2
873
(3, 1, 1)
1
(52, 69)
-> Request 3
894
(2, 1, 2)
1
(16, 46)
-> Request 4
1062
(1, 1, 1)
3
(57, 64)
--> Day : 3
-> Request 0
55
(2, 3, 2)
2
(66, 2)
-> Request 1
623
(4, 2, 2)
1
(36, 35)
-> Request 2
888
(4, 2, 2)
2
(59, 66)
-> Request 3
998
(2, 1, 2)
3
(58, 72)
-> Request 4
1177
(3, 1, 2)
1
(51, 43)
-> Request 5
1304
(4, 1, 2)
2
(50, 35)
--> Day : 4
-> Request 0
564
(1, 2, 2)
3
(32, 29)
-> Request 1
582
(4, 1, 2)
2
(49, 41)
-> Request 2
648
(4, 1, 2)
3
(65, 65)
-> Request 3
834
(3, 3, 1)
3
(57, 7)
-> Request 4
1313
(1, 3, 2)
1
(79, 2)
-> Request 5
1339
(3, 2, 1)
1
(47, 28)
---> Week : 14
--> Day : 0
-> Request 0
331
(3, 2, 2)
3
(35, 41)
-> Request 1
733
(3, 1, 1)
3
(50, 28)
-> Request 2
759
(4, 3, 1)
3
(50, 17)
-> Request 3
1233
(3, 1, 1)
1
(53, 68)
--> Day : 1
-> Request 0
431
(1, 2, 2)
1
(43, 30)
-> Request 1
886
(2, 2, 2)
2
(13, 20)
-> Request 2
945
(4, 2, 2)
2
(52, 66)
-> Request 3
1069
(1, 1, 1)
1
(36, 65)
-> Request 4
1265
(2, 1, 2)
1
(52, 32)
-> Request 5
1392
(3, 2, 2)
2
(8, 35)
--> Day : 2
-> Request 0
210
(3, 3, 2)
1
(56, 66)
-> Request 1
594
(4, 2, 2)
3
(48, 28)
-> Request 2
753
(1, 2, 2)
2
(14, 23)
-> Request 3
1048
(3, 1, 2)
3
(35, 43)
-> Request 4
1249
(4, 2, 1)
2
(34, 45)
-> Request 5
1307
(1, 3, 2)
1
(50, 35)
-> Request 6
1311
(1, 3, 1)
2
(41, 66)
-> Request 7
1343
(1, 2, 2)
3
(61, 74)
-> Request 8
1400
(4, 3, 2)
2
(47, 27)
--> Day : 3
-> Request 0
58
(2, 2, 2)
3
(61, 70)
-> Request 1
166
(3, 2, 2)
3
(43, 47)
-> Request 2
432
(1, 1, 2)
3
(55, 37)
-> Request 3
671
(3, 2, 1)
3
(63, 16)
-> Request 4
1093
(4, 3, 2)
2
(12, 68)
-> Request 5
1341
(2, 3, 2)
3
(17, 27)
--> Day : 4
-> Request 0
409
(2, 2, 2)
1
(51, 36)
-> Request 1
464
(2, 2, 1)
2
(24, 71)
-> Request 2
510
(1, 1, 2)
3
(9, 24)
-> Request 3
654
(4, 3, 1)
1
(9, 24)
-> Request 4
717
(2, 1, 2)
1
(7, 70)
-> Request 5
1042
(3, 1, 2)
2
(26, 72)
-> Request 6
1134
(1, 1, 2)
3
(33, 58)
-> Request 7
1260
(2, 3, 1)
3
(3, 20)
-> Request 8
1273
(1, 3, 2)
3
(58, 68)
---> Week : 15
--> Day : 0
-> Request 0
90
(3, 3, 1)
2
(15, 21)
-> Request 1
196
(1, 3, 2)
3
(34, 32)
-> Request 2
203
(4, 2, 2)
1
(66, 67)
-> Request 3
339
(2, 2, 2)
1
(36, 33)
-> Request 4
737
(2, 3, 1)
1
(49, 35)
-> Request 5
995
(3, 3, 2)
1
(47, 25)
-> Request 6
1001
(4, 1, 1)
1
(75, 13)
-> Request 7
1282
(1, 2, 2)
1
(58, 27)
--> Day : 1
-> Request 0
323
(3, 2, 1)
3
(60, 69)
-> Request 1
380
(2, 3, 1)
1
(58, 56)
-> Request 2
737
(3, 3, 1)
3
(42, 73)
-> Request 3
738
(3, 1, 1)
3
(5, 69)
-> Request 4
848
(4, 1, 1)
2
(36, 26)
-> Request 5
850
(3, 2, 2)
2
(17, 46)
-> Request 6
1086
(2, 3, 1)
2
(63, 48)
-> Request 7
1125
(4, 1, 1)
2
(1, 33)
-> Request 8
1353
(1, 1, 1)
3
(59, 43)
--> Day : 2
-> Request 0
19
(1, 1, 1)
3
(59, 28)
-> Request 1
1292
(3, 2, 2)
3
(56, 38)
-> Request 2
1382
(4, 3, 2)
3
(43, 39)
--> Day : 3
-> Request 0
209
(4, 1, 1)
3
(20, 10)
-> Request 1
500
(3, 2, 1)
3
(20, 37)
-> Request 2
520
(1, 1, 2)
2
(11, 28)
-> Request 3
1054
(3, 3, 1)
1
(51, 74)
-> Request 4
1077
(2, 1, 2)
3
(61, 40)
-> Request 5
1083
(3, 3, 2)
1
(59, 31)
-> Request 6
1343
(2, 2, 1)
2
(9, 24)
-> Request 7
1371
(4, 1, 1)
3
(69, 27)
--> Day : 4
-> Request 0
62
(1, 3, 1)
1
(56, 72)
-> Request 1
136
(1, 2, 1)
1
(10, 19)
-> Request 2
289
(4, 3, 2)
1
(62, 41)
-> Request 3
476
(2, 1, 1)
1
(10, 6)
-> Request 4
501
(2, 3, 1)
1
(79, 20)
-> Request 5
794
(3, 1, 1)
3
(68, 5)
-> Request 6
1323
(3, 2, 1)
2
(65, 65)
-> Request 7
1384
(2, 2, 1)
3
(17, 77)
---> Week : 16
--> Day : 0
-> Request 0
347
(3, 3, 1)
1
(53, 4)
-> Request 1
833
(4, 3, 2)
2
(61, 35)
-> Request 2
1074
(1, 3, 2)
2
(24, 11)
-> Request 3
1236
(3, 2, 1)
3
(32, 10)
-> Request 4
1277
(1, 1, 2)
2
(63, 67)
-> Request 5
1372
(2, 2, 1)
3
(62, 40)
-> Request 6
1412
(3, 1, 1)
3
(2, 38)
--> Day : 1
-> Request 0
233
(4, 1, 2)
1
(59, 71)
-> Request 1
414
(2, 3, 2)
3
(43, 69)
-> Request 2
798
(3, 2, 2)
2
(12, 49)
-> Request 3
993
(2, 1, 2)
1
(50, 33)
-> Request 4
1196
(4, 2, 2)
2
(52, 27)
-> Request 5
1309
(3, 2, 1)
2
(44, 35)
--> Day : 2
-> Request 0
325
(1, 3, 1)
3
(40, 10)
-> Request 1
592
(3, 2, 2)
3
(53, 68)
-> Request 2
867
(1, 2, 2)
2
(42, 30)
-> Request 3
1290
(1, 3, 2)
2
(57, 34)
--> Day : 3
-> Request 0
199
(2, 1, 2)
2
(56, 42)
-> Request 1
591
(3, 1, 2)
1
(52, 28)
-> Request 2
732
(4, 1, 1)
3
(10, 22)
-> Request 3
1056
(4, 3, 1)
1
(61, 45)
-> Request 4
1250
(3, 1, 1)
3
(5, 57)
-> Request 5
1368
(2, 1, 1)
3
(4, 6)
--> Day : 4
-> Request 0
16
(3, 1, 2)
1
(22, 32)
-> Request 1
51
(3, 3, 1)
1
(15, 28)
-> Request 2
420
(3, 3, 1)
2
(56, 10)
-> Request 3
838
(1, 2, 1)
2
(22, 26)
-> Request 4
843
(2, 2, 1)
1
(66, 79)
-> Request 5
1136
(4, 3, 1)
1
(42, 77)
-> Request 6
1147
(3, 1, 2)
3
(12, 55)
---> Week : 17
--> Day : 0
-> Request 0
37
(4, 2, 1)
2
(44, 35)
-> Request 1
509
(2, 1, 1)
2
(54, 36)
-> Request 2
621
(2, 2, 1)
1
(57, 78)
-> Request 3
726
(3, 3, 1)
1
(47, 34)
-> Request 4
864
(4, 1, 1)
2
(17, 23)
-> Request 5
1132
(1, 1, 1)
3
(8, 1)
-> Request 6
1307
(3, 1, 1)
2
(10, 27)
--> Day : 1
-> Request 0
72
(4, 1, 1)
1
(26, 74)
-> Request 1
221
(4, 3, 1)
2
(58, 43)
-> Request 2
272
(4, 2, 1)
3
(8, 26)
-> Request 3
466
(3, 1, 1)
3
(32, 70)
-> Request 4
747
(2, 1, 2)
2
(9, 28)
-> Request 5
790
(4, 2, 2)
2
(71, 4)
-> Request 6
793
(3, 3, 1)
2
(4, 43)
-> Request 7
939
(2, 1, 2)
3
(60, 59)
--> Day : 2
-> Request 0
157
(4, 1, 2)
3
(60, 66)
-> Request 1
590
(1, 1, 2)
2
(51, 43)
-> Request 2
663
(3, 3, 2)
1
(10, 52)
-> Request 3
724
(3, 2, 2)
3
(59, 41)
-> Request 4
724
(3, 3, 1)
3
(61, 35)
-> Request 5
1070
(1, 3, 2)
2
(66, 72)
-> Request 6
1118
(3, 3, 2)
1
(65, 39)
--> Day : 3
-> Request 0
76
(2, 1, 2)
2
(42, 20)
-> Request 1
208
(2, 3, 2)
3
(67, 51)
-> Request 2
235
(4, 2, 1)
1
(41, 60)
-> Request 3
591
(4, 3, 2)
1
(44, 33)
-> Request 4
659
(4, 2, 1)
1
(15, 75)
-> Request 5
734
(3, 3, 2)
3
(25, 17)
-> Request 6
774
(4, 1, 1)
2
(45, 29)
-> Request 7
1236
(3, 2, 1)
1
(57, 11)
--> Day : 4
-> Request 0
414
(1, 1, 2)
3
(47, 34)
-> Request 1
421
(2, 2, 1)
1
(62, 42)
-> Request 2
599
(4, 3, 1)
2
(16, 5)
-> Request 3
631
(4, 1, 2)
2
(28, 36)
-> Request 4
670
(2, 2, 2)
3
(20, 76)
-> Request 5
682
(1, 1, 2)
2
(13, 29)
-> Request 6
838
(2, 1, 2)
2
(60, 32)
---> Week : 18
--> Day : 0
-> Request 0
332
(1, 3, 2)
3
(65, 78)
-> Request 1
357
(4, 1, 2)
3
(59, 22)
--> Day : 1
-> Request 0
85
(2, 3, 2)
1
(76, 58)
-> Request 1
355
(4, 2, 2)
2
(12, 25)
-> Request 2
422
(1, 2, 2)
1
(16, 26)
-> Request 3
527
(3, 3, 2)
2
(43, 40)
-> Request 4
776
(3, 3, 2)
1
(67, 72)
-> Request 5
905
(2, 1, 1)
2
(64, 77)
-> Request 6
1202
(4, 2, 1)
2
(16, 33)
-> Request 7
1260
(3, 1, 1)
3
(41, 66)
--> Day : 2
-> Request 0
54
(4, 2, 2)
1
(11, 21)
-> Request 1
146
(4, 3, 1)
2
(52, 32)
-> Request 2
187
(2, 3, 1)
2
(13, 25)
-> Request 3
239
(4, 1, 1)
3
(61, 67)
-> Request 4
406
(2, 3, 2)
2
(17, 22)
-> Request 5
523
(1, 3, 1)
2
(79, 4)
-> Request 6
586
(2, 1, 1)
1
(62, 44)
-> Request 7
985
(3, 2, 1)
3
(10, 24)
-> Request 8
1042
(4, 2, 1)
2
(51, 35)
-> Request 9
1044
(3, 2, 2)
2
(60, 33)
-> Request 10
1211
(1, 1, 1)
3
(52, 70)
-> Request 11
1230
(4, 1, 1)
2
(58, 75)
-> Request 12
1404
(4, 2, 2)
3
(37, 19)
--> Day : 3
-> Request 0
48
(1, 3, 2)
2
(9, 29)
-> Request 1
578
(2, 2, 1)
3
(34, 34)
-> Request 2
645
(1, 2, 2)
3
(44, 33)
-> Request 3
680
(3, 3, 2)
3
(13, 27)
--> Day : 4
-> Request 0
165
(1, 3, 2)
2
(62, 67)
-> Request 1
210
(4, 1, 1)
2
(33, 50)
-> Request 2
522
(2, 3, 1)
2
(56, 46)
-> Request 3
718
(4, 2, 1)
3
(52, 31)
-> Request 4
1128
(2, 2, 1)
1
(15, 26)
-> Request 5
1333
(2, 3, 2)
2
(52, 9)
-> Request 6
1359
(3, 2, 1)
3
(65, 75)
-> Request 7
1373
(4, 2, 1)
1
(55, 35)
---> Week : 19
--> Day : 0
-> Request 0
828
(3, 1, 2)
2
(54, 34)
-> Request 1
1255
(4, 1, 2)
1
(44, 45)
-> Request 2
1312
(2, 1, 1)
2
(67, 23)
-> Request 3
1317
(3, 2, 2)
3
(10, 26)
--> Day : 1
-> Request 0
13
(4, 3, 1)
3
(52, 38)
-> Request 1
107
(4, 2, 1)
2
(49, 39)
-> Request 2
398
(4, 3, 1)
3
(47, 41)
-> Request 3
842
(3, 2, 2)
1
(4, 16)
-> Request 4
1063
(1, 3, 2)
3
(31, 12)
-> Request 5
1154
(1, 1, 1)
1
(53, 77)
-> Request 6
1217
(3, 1, 1)
1
(10, 27)
-> Request 7
1371
(1, 3, 1)
2
(63, 75)
--> Day : 2
-> Request 0
151
(3, 1, 2)
3
(38, 53)
-> Request 1
217
(1, 3, 2)
1
(14, 30)
-> Request 2
425
(1, 3, 2)
2
(58, 33)
-> Request 3
728
(1, 2, 1)
2
(35, 45)
-> Request 4
1180
(1, 3, 1)
3
(48, 73)
--> Day : 3
-> Request 0
18
(3, 3, 1)
2
(33, 16)
-> Request 1
1242
(4, 3, 2)
1
(59, 76)
--> Day : 4
-> Request 0
112
(2, 2, 1)
2
(24, 77)
-> Request 1
126
(2, 3, 2)
2
(59, 36)
-> Request 2
376
(3, 1, 1)
1
(12, 25)
-> Request 3
476
(2, 3, 1)
3
(68, 48)
-> Request 4
645
(4, 2, 2)
2
(70, 36)
