---> Week : 0
--> Day : 0
-> Request 0
272
(1, 3, 2)
1
(53, 28)
-> Request 1
507
(3, 1, 2)
3
(55, 66)
-> Request 2
537
(4, 1, 1)
2
(43, 49)
-> Request 3
666
(3, 1, 1)
1
(53, 58)
-> Request 4
818
(1, 1, 2)
2
(49, 43)
-> Request 5
1178
(3, 1, 1)
1
(30, 18)
-> Request 6
1189
(3, 3, 1)
2
(53, 31)
-> Request 7
1264
(2, 1, 2)
3
(43, 27)
-> Request 8
1305
(3, 2, 1)
1
(42, 29)
-> Request 9
1381
(4, 2, 1)
2
(53, 13)
--> Day : 1
-> Request 0
794
(3, 2, 1)
3
(64, 74)
-> Request 1
809
(4, 1, 2)
2
(54, 73)
-> Request 2
927
(1, 1, 2)
2
(49, 37)
-> Request 3
1359
(1, 2, 1)
1
(62, 45)
--> Day : 2
-> Request 0
53
(3, 3, 2)
3
(56, 70)
-> Request 1
131
(3, 1, 1)
1
(51, 28)
-> Request 2
375
(2, 2, 1)
3
(9, 45)
-> Request 3
463
(3, 3, 2)
3
(46, 41)
-> Request 4
520
(1, 3, 1)
3
(15, 21)
-> Request 5
817
(2, 2, 1)
1
(59, 71)
-> Request 6
1061
(2, 1, 1)
2
(29, 79)
-> Request 7
1076
(4, 3, 2)
1
(51, 31)
-> Request 8
1273
(1, 3, 1)
2
(53, 38)
-> Request 9
1347
(3, 2, 2)
1
(33, 9)
--> Day : 3
-> Request 0
34
(1, 3, 1)
1
(8, 72)
-> Request 1
75
(2, 3, 1)
3
(51, 36)
-> Request 2
135
(4, 1, 2)
2
(47, 39)
-> Request 3
763
(1, 1, 2)
3
(58, 70)
-> Request 4
1398
(2, 1, 2)
2
(50, 32)
--> Day : 4
-> Request 0
7
(3, 1, 1)
1
(32, 39)
-> Request 1
69
(3, 2, 1)
1
(57, 39)
-> Request 2
463
(3, 3, 1)
3
(62, 76)
-> Request 3
759
(3, 3, 2)
1
(8, 59)
-> Request 4
1130
(4, 2, 1)
2
(10, 20)
---> Week : 1
--> Day : 0
-> Request 0
78
(4, 1, 1)
2
(53, 65)
-> Request 1
187
(1, 1, 1)
2
(65, 78)
-> Request 2
1310
(2, 1, 2)
2
(56, 67)
--> Day : 1
-> Request 0
90
(1, 3, 2)
3
(66, 76)
-> Request 1
366
(3, 3, 2)
3
(33, 11)
-> Request 2
420
(4, 3, 2)
1
(57, 37)
-> Request 3
798
(2, 1, 1)
3
(36, 66)
-> Request 4
1016
(2, 1, 1)
2
(1, 48)
-> Request 5
1069
(1, 3, 2)
1
(50, 46)
-> Request 6
1153
(4, 3, 1)
3
(55, 34)
--> Day : 2
-> Request 0
144
(2, 1, 2)
1
(53, 40)
-> Request 1
264
(3, 3, 1)
1
(59, 0)
-> Request 2
519
(4, 2, 2)
2
(65, 71)
-> Request 3
685
(3, 3, 2)
1
(52, 70)
-> Request 4
930
(3, 2, 2)
1
(62, 42)
-> Request 5
954
(4, 2, 2)
1
(34, 51)
-> Request 6
1284
(2, 3, 1)
2
(52, 30)
--> Day : 3
-> Request 0
296
(2, 1, 2)
1
(58, 68)
-> Request 1
395
(4, 2, 1)
3
(36, 8)
-> Request 2
525
(4, 1, 1)
3
(61, 68)
-> Request 3
575
(3, 1, 2)
1
(46, 28)
-> Request 4
659
(3, 2, 1)
3
(17, 53)
-> Request 5
1227
(3, 2, 1)
3
(71, 52)
-> Request 6
1301
(3, 3, 2)
3
(63, 67)
--> Day : 4
-> Request 0
252
(3, 3, 1)
2
(7, 2)
-> Request 1
441
(2, 2, 2)
1
(8, 29)
-> Request 2
689
(2, 2, 1)
3
(69, 3)
-> Request 3
948
(2, 2, 2)
1
(57, 69)
-> Request 4
1239
(1, 1, 2)
3
(7, 2)
-> Request 5
1312
(4, 2, 2)
2
(36, 51)
---> Week : 2
--> Day : 0
-> Request 0
533
(3, 2, 2)
1
(58, 24)
-> Request 1
679
(3, 2, 1)
3
(1, 76)
-> Request 2
732
(1, 2, 2)
3
(56, 73)
-> Request 3
789
(3, 1, 2)
3
(63, 50)
-> Request 4
1382
(3, 3, 1)
3
(66, 66)
--> Day : 1
-> Request 0
337
(3, 2, 2)
3
(17, 28)
-> Request 1
398
(1, 2, 1)
2
(43, 32)
-> Request 2
452
(3, 1, 1)
1
(62, 44)
-> Request 3
564
(3, 3, 2)
2
(47, 44)
-> Request 4
1369
(3, 2, 2)
1
(56, 35)
--> Day : 2
-> Request 0
1
(3, 3, 2)
2
(61, 41)
-> Request 1
66
(2, 2, 1)
3
(4, 60)
-> Request 2
449
(1, 1, 2)
1
(55, 30)
-> Request 3
752
(1, 2, 1)
3
(9, 29)
-> Request 4
1102
(1, 3, 1)
3
(2, 19)
-> Request 5
1200
(1, 1, 1)
2
(69, 54)
--> Day : 3
-> Request 0
223
(3, 1, 1)
1
(62, 32)
-> Request 1
287
(4, 1, 2)
2
(28, 79)
-> Request 2
448
(3, 3, 1)
1
(14, 73)
-> Request 3
577
(1, 3, 1)
1
(57, 69)
-> Request 4
603
(2, 2, 1)
2
(20, 43)
-> Request 5
937
(3, 2, 2)
2
(58, 74)
-> Request 6
1254
(3, 2, 1)
2
(12, 29)
-> Request 7
1379
(1, 1, 2)
1
(47, 45)
--> Day : 4
-> Request 0
82
(1, 2, 1)
3
(56, 11)
-> Request 1
288
(3, 1, 1)
2
(57, 34)
-> Request 2
498
(3, 1, 2)
2
(17, 26)
-> Request 3
752
(3, 3, 2)
2
(50, 39)
-> Request 4
887
(3, 2, 2)
1
(74, 31)
---> Week : 3
--> Day : 0
-> Request 0
823
(4, 1, 2)
1
(69, 0)
-> Request 1
1097
(4, 2, 1)
2
(54, 19)
-> Request 2
1240
(3, 2, 1)
1
(57, 74)
-> Request 3
1336
(2, 3, 1)
2
(30, 37)
--> Day : 1
-> Request 0
126
(3, 1, 2)
2
(48, 30)
-> Request 1
130
(2, 3, 2)
2
(17, 28)
-> Request 2
259
(2, 2, 1)
2
(20, 51)
-> Request 3
461
(3, 3, 1)
2
(58, 72)
-> Request 4
510
(1, 1, 2)
2
(53, 41)
-> Request 5
669
(3, 2, 1)
3
(44, 56)
-> Request 6
844
(1, 3, 1)
2
(53, 33)
-> Request 7
1080
(4, 3, 2)
1
(23, 49)
-> Request 8
1323
(4, 1, 2)
3
(49, 44)
--> Day : 2
-> Request 0
262
(3, 3, 1)
2
(19, 10)
-> Request 1
1061
(4, 3, 2)
1
(79, 42)
-> Request 2
1114
(3, 3, 1)
2
(49, 30)
-> Request 3
1128
(2, 1, 2)
1
(59, 75)
--> Day : 3
-> Request 0
460
(1, 3, 2)
3
(75, 4)
-> Request 1
1187
(1, 3, 2)
1
(59, 35)
-> Request 2
1395
(2, 1, 1)
2
(56, 29)
--> Day : 4
-> Request 0
12
(4, 2, 1)
3
(59, 4)
-> Request 1
871
(3, 3, 2)
2
(11, 26)
-> Request 2
884
(3, 3, 2)
1
(11, 28)
-> Request 3
921
(2, 2, 1)
1
(65, 64)
-> Request 4
1055
(3, 1, 2)
3
(4, 19)
-> Request 5
1265
(1, 3, 2)
2
(13, 20)
-> Request 6
1377
(2, 3, 1)
2
(53, 65)
---> Week : 4
--> Day : 0
-> Request 0
182
(3, 1, 2)
3
(6, 73)
-> Request 1
232
(3, 2, 1)
1
(65, 75)
-> Request 2
237
(4, 3, 1)
2
(19, 47)
-> Request 3
247
(4, 2, 2)
1
(68, 45)
-> Request 4
673
(4, 3, 1)
2
(14, 25)
-> Request 5
953
(1, 2, 1)
2
(61, 2)
--> Day : 1
-> Request 0
116
(4, 3, 2)
3
(72, 40)
-> Request 1
327
(2, 3, 2)
3
(58, 64)
-> Request 2
617
(3, 3, 2)
1
(56, 70)
-> Request 3
655
(3, 3, 1)
1
(1, 23)
-> Request 4
840
(2, 3, 2)
2
(22, 25)
-> Request 5
903
(3, 2, 2)
1
(15, 23)
-> Request 6
949
(3, 1, 2)
2
(60, 71)
-> Request 7
1088
(1, 2, 2)
2
(53, 71)
-> Request 8
1120
(1, 1, 1)
1
(24, 13)
--> Day : 2
-> Request 0
174
(4, 2, 2)
3
(42, 42)
-> Request 1
704
(1, 3, 2)
3
(79, 29)
-> Request 2
729
(3, 2, 2)
3
(54, 21)
-> Request 3
900
(4, 3, 1)
2
(58, 72)
-> Request 4
922
(3, 2, 1)
1
(33, 66)
-> Request 5
1002
(3, 2, 2)
2
(58, 33)
-> Request 6
1239
(4, 3, 2)
2
(16, 22)
-> Request 7
1363
(4, 1, 1)
1
(30, 36)
--> Day : 3
-> Request 0
491
(2, 1, 2)
1
(5, 40)
-> Request 1
702
(3, 3, 1)
3
(55, 26)
-> Request 2
837
(2, 2, 1)
3
(67, 71)
-> Request 3
924
(4, 2, 2)
2
(59, 37)
-> Request 4
1118
(4, 3, 2)
3
(36, 52)
--> Day : 4
-> Request 0
77
(1, 2, 1)
2
(38, 52)
-> Request 1
399
(3, 3, 1)
3
(39, 6)
-> Request 2
700
(3, 3, 1)
3
(74, 21)
---> Week : 5
--> Day : 0
-> Request 0
15
(4, 1, 2)
2
(53, 44)
-> Request 1
42
(3, 2, 2)
2
(36, 48)
-> Request 2
151
(3, 3, 1)
1
(63, 78)
-> Request 3
940
(1, 3, 1)
1
(61, 69)
--> Day : 1
-> Request 0
222
(1, 2, 2)
3
(59, 73)
-> Request 1
354
(1, 2, 2)
3
(69, 8)
-> Request 2
433
(3, 3, 1)
1
(59, 64)
-> Request 3
662
(2, 3, 2)
3
(52, 44)
-> Request 4
1207
(3, 1, 1)
1
(24, 42)
-> Request 5
1260
(4, 3, 1)
1
(59, 66)
--> Day : 2
-> Request 0
95
(2, 2, 2)
2
(56, 43)
-> Request 1
96
(3, 2, 1)
3
(43, 39)
-> Request 2
197
(1, 2, 2)
3
(53, 73)
-> Request 3
366
(1, 2, 1)
3
(62, 37)
-> Request 4
780
(1, 2, 1)
1
(60, 67)
--> Day : 3
-> Request 0
180
(3, 2, 2)
2
(62, 74)
-> Request 1
319
(4, 3, 2)
3
(58, 68)
-> Request 2
505
(4, 3, 1)
1
(58, 33)
-> Request 3
535
(3, 1, 2)
2
(10, 41)
-> Request 4
545
(2, 1, 1)
2
(57, 40)
-> Request 5
753
(2, 1, 2)
3
(8, 76)
-> Request 6
1280
(2, 3, 2)
2
(53, 22)
--> Day : 4
-> Request 0
18
(2, 3, 1)
3
(16, 21)
-> Request 1
60
(3, 1, 2)
2
(45, 39)
-> Request 2
116
(3, 1, 1)
2
(16, 35)
-> Request 3
206
(3, 2, 2)
3
(56, 64)
---> Week : 6
--> Day : 0
-> Request 0
398
(3, 3, 2)
2
(57, 48)
-> Request 1
947
(2, 2, 2)
2
(48, 36)
-> Request 2
1139
(2, 3, 2)
1
(56, 77)
-> Request 3
1232
(2, 1, 2)
1
(47, 35)
-> Request 4
1329
(3, 2, 1)
2
(66, 77)
--> Day : 1
-> Request 0
1154
(2, 2, 2)
1
(56, 75)
-> Request 1
1260
(4, 3, 2)
2
(35, 35)
-> Request 2
1265
(3, 2, 2)
1
(53, 78)
-> Request 3
1295
(3, 1, 1)
2
(37, 53)
-> Request 4
1298
(1, 2, 2)
2
(23, 26)
--> Day : 2
-> Request 0
420
(4, 3, 1)
2
(50, 44)
-> Request 1
822
(1, 2, 1)
3
(52, 29)
--> Day : 3
-> Request 0
37
(1, 2, 2)
3
(46, 45)
-> Request 1
99
(2, 2, 1)
2
(39, 61)
-> Request 2
303
(3, 3, 2)
1
(13, 75)
-> Request 3
771
(4, 2, 1)
1
(74, 77)
-> Request 4
915
(1, 1, 2)
1
(53, 78)
-> Request 5
1242
(2, 3, 2)
3
(14, 0)
--> Day : 4
-> Request 0
314
(4, 3, 1)
3
(56, 65)
-> Request 1
374
(4, 1, 2)
1
(24, 22)
-> Request 2
898
(4, 2, 2)
2
(59, 65)
-> Request 3
902
(2, 1, 2)
1
(4, 28)
---> Week : 7
--> Day : 0
-> Request 0
134
(3, 2, 1)
1
(55, 78)
-> Request 1
439
(4, 2, 2)
1
(69, 66)
-> Request 2
484
(2, 3, 1)
2
(59, 31)
-> Request 3
557
(2, 1, 2)
1
(59, 44)
-> Request 4
652
(4, 1, 1)
2
(9, 22)
-> Request 5
878
(2, 3, 1)
1
(64, 76)
-> Request 6
1072
(2, 2, 1)
1
(24, 12)
-> Request 7
1433
(3, 1, 2)
3
(65, 48)
--> Day : 1
-> Request 0
564
(2, 1, 2)
2
(50, 34)
-> Request 1
880
(2, 1, 1)
1
(58, 25)
-> Request 2
1275
(4, 2, 1)
3
(44, 44)
--> Day : 2
-> Request 0
407
(2, 2, 2)
3
(47, 32)
-> Request 1
681
(1, 2, 1)
1
(61, 77)
-> Request 2
781
(1, 2, 2)
2
(49, 32)
-> Request 3
798
(4, 2, 2)
3
(2, 70)
-> Request 4
928
(1, 3, 2)
1
(58, 68)
-> Request 5
1176
(2, 3, 2)
1
(47, 41)
--> Day : 3
-> Request 0
951
(3, 3, 1)
3
(45, 42)
-> Request 1
972
(2, 3, 1)
3
(56, 37)
-> Request 2
1128
(4, 1, 1)
2
(51, 30)
-> Request 3
1228
(4, 2, 1)
2
(47, 33)
-> Request 4
1265
(2, 2, 1)
1
(34, 31)
--> Day : 4
-> Request 0
296
(3, 2, 2)
3
(53, 64)
-> Request 1
921
(1, 2, 2)
1
(64, 74)
-> Request 2
1023
(4, 2, 2)
3
(57, 76)
---> Week : 8
--> Day : 0
-> Request 0
19
(3, 3, 2)
2
(15, 23)
-> Request 1
80
(1, 2, 2)
3
(8, 21)
-> Request 2
457
(2, 2, 2)
2
(36, 53)
-> Request 3
1094
(1, 2, 1)
3
(10, 25)
-> Request 4
1264
(2, 1, 2)
1
(52, 29)
--> Day : 1
-> Request 0
182
(3, 1, 1)
1
(55, 52)
-> Request 1
312
(4, 3, 1)
1
(58, 40)
-> Request 2
676
(1, 1, 2)
2
(21, 40)
-> Request 3
731
(3, 1, 2)
3
(6, 69)
-> Request 4
741
(2, 3, 1)
2
(57, 78)
-> Request 5
1387
(2, 2, 1)
2
(55, 67)
--> Day : 2
-> Request 0
782
(3, 2, 1)
3
(23, 23)
-> Request 1
815
(1, 2, 1)
1
(60, 76)
-> Request 2
1184
(1, 1, 2)
2
(65, 66)
--> Day : 3
-> Request 0
154
(1, 2, 1)
3
(52, 36)
-> Request 1
177
(2, 2, 2)
1
(77, 55)
-> Request 2
843
(2, 2, 2)
2
(45, 33)
-> Request 3
982
(3, 2, 1)
1
(63, 58)
-> Request 4
1238
(2, 3, 1)
2
(53, 36)
-> Request 5
1279
(2, 3, 1)
2
(9, 28)
-> Request 6
1368
(3, 3, 2)
1
(21, 49)
-> Request 7
1392
(3, 3, 1)
3
(56, 78)
--> Day : 4
-> Request 0
94
(2, 2, 1)
1
(51, 33)
-> Request 1
336
(3, 3, 2)
3
(57, 34)
-> Request 2
501
(1, 3, 2)
1
(51, 31)
-> Request 3
534
(2, 1, 1)
3
(20, 7)
-> Request 4
642
(3, 1, 2)
3
(69, 12)
-> Request 5
828
(1, 3, 1)
1
(69, 58)
-> Request 6
842
(4, 3, 2)
3
(64, 78)
---> Week : 9
--> Day : 0
-> Request 0
22
(4, 2, 2)
2
(56, 73)
-> Request 1
160
(2, 3, 1)
2
(75, 77)
-> Request 2
209
(2, 2, 2)
2
(54, 64)
-> Request 3
398
(3, 1, 2)
2
(44, 69)
-> Request 4
416
(1, 2, 2)
3
(51, 40)
-> Request 5
626
(3, 1, 1)
3
(54, 46)
-> Request 6
863
(1, 1, 2)
2
(34, 46)
-> Request 7
978
(2, 3, 2)
1
(23, 45)
-> Request 8
1046
(2, 2, 2)
3
(58, 72)
-> Request 9
1100
(1, 2, 1)
3
(36, 35)
-> Request 10
1148
(3, 1, 1)
3
(56, 35)
--> Day : 1
-> Request 0
62
(4, 2, 1)
3
(33, 52)
-> Request 1
391
(1, 2, 2)
1
(59, 28)
-> Request 2
408
(3, 2, 2)
1
(47, 27)
-> Request 3
753
(1, 3, 2)
1
(11, 29)
-> Request 4
1306
(3, 1, 2)
3
(14, 76)
-> Request 5
1337
(3, 2, 2)
2
(53, 69)
--> Day : 2
-> Request 0
592
(1, 3, 2)
2
(17, 60)
-> Request 1
833
(3, 3, 1)
2
(67, 13)
-> Request 2
1125
(2, 3, 1)
3
(10, 24)
--> Day : 3
-> Request 0
382
(1, 3, 2)
2
(30, 50)
-> Request 1
427
(4, 3, 1)
2
(65, 67)
-> Request 2
511
(4, 2, 2)
2
(66, 59)
-> Request 3
843
(2, 1, 1)
1
(63, 75)
-> Request 4
1278
(4, 3, 2)
2
(52, 51)
--> Day : 4
-> Request 0
218
(3, 2, 2)
2
(49, 45)
-> Request 1
231
(3, 3, 1)
3
(9, 3)
-> Request 2
392
(2, 1, 1)
1
(58, 65)
-> Request 3
413
(3, 2, 1)
1
(73, 59)
-> Request 4
498
(3, 2, 2)
1
(78, 78)
-> Request 5
747
(1, 2, 2)
2
(36, 18)
-> Request 6
854
(4, 1, 2)
1
(20, 47)
-> Request 7
903
(1, 1, 2)
1
(57, 68)
-> Request 8
924
(1, 2, 2)
1
(57, 74)
-> Request 9
1397
(4, 2, 1)
2
(46, 27)
---> Week : 10
--> Day : 0
-> Request 0
64
(3, 3, 2)
2
(56, 25)
-> Request 1
196
(4, 2, 2)
3
(45, 34)
-> Request 2
714
(4, 1, 2)
2
(52, 44)
-> Request 3
946
(1, 3, 1)
3
(52, 48)
-> Request 4
1188
(4, 2, 1)
3
(59, 57)
--> Day : 1
-> Request 0
107
(2, 2, 1)
2
(50, 30)
-> Request 1
485
(3, 3, 1)
3
(60, 70)
-> Request 2
891
(4, 3, 2)
3
(50, 38)
-> Request 3
1013
(3, 1, 2)
2
(47, 29)
--> Day : 2
-> Request 0
638
(4, 1, 2)
1
(48, 29)
-> Request 1
830
(2, 1, 2)
1
(43, 35)
--> Day : 3
-> Request 0
136
(4, 2, 1)
3
(45, 22)
-> Request 1
270
(2, 2, 2)
2
(50, 39)
-> Request 2
658
(3, 1, 2)
3
(35, 2)
-> Request 3
739
(4, 2, 1)
3
(17, 5)
-> Request 4
781
(3, 2, 2)
2
(77, 58)
-> Request 5
1079
(4, 3, 1)
1
(34, 48)
-> Request 6
1197
(1, 3, 1)
2
(75, 10)
-> Request 7
1293
(2, 2, 2)
2
(61, 29)
--> Day : 4
-> Request 0
34
(1, 2, 1)
3
(53, 76)
-> Request 1
296
(3, 2, 2)
3
(32, 76)
-> Request 2
506
(4, 3, 2)
2
(56, 71)
-> Request 3
960
(1, 3, 2)
3
(58, 72)
-> Request 4
1225
(2, 2, 2)
2
(4, 20)
---> Week : 11
--> Day : 0
-> Request 0
477
(2, 1, 1)
3
(30, 12)
-> Request 1
631
(4, 1, 2)
2
(13, 20)
-> Request 2
1138
(2, 3, 2)
2
(58, 28)
--> Day : 1
-> Request 0
13
(4, 1, 2)
3
(16, 29)
-> Request 1
569
(3, 3, 2)
3
(62, 72)
-> Request 2
571
(3, 3, 2)
1
(59, 41)
-> Request 3
715
(4, 3, 1)
3
(64, 30)
-> Request 4
889
(3, 2, 2)
2
(38, 65)
-> Request 5
1200
(2, 1, 2)
2
(45, 44)
--> Day : 2
-> Request 0
117
(4, 1, 2)
3
(53, 68)
-> Request 1
158
(1, 2, 2)
1
(13, 26)
-> Request 2
211
(3, 1, 1)
2
(44, 28)
-> Request 3
363
(2, 2, 2)
3
(68, 42)
-> Request 4
363
(1, 2, 1)
3
(47, 15)
-> Request 5
465
(2, 1, 2)
2
(55, 29)
-> Request 6
678
(4, 1, 1)
3
(24, 8)
-> Request 7
852
(1, 1, 1)
1
(64, 66)
-> Request 8
1037
(2, 3, 2)
2
(54, 43)
-> Request 9
1096
(2, 1, 1)
1
(59, 45)
-> Request 10
1388
(1, 3, 1)
2
(74, 35)
--> Day : 3
-> Request 0
313
(2, 1, 2)
2
(54, 40)
-> Request 1
997
(1, 1, 1)
1
(29, 35)
-> Request 2
1110
(3, 2, 1)
2
(6, 15)
-> Request 3
1386
(4, 1, 2)
2
(61, 75)
--> Day : 4
-> Request 0
421
(3, 2, 2)
2
(51, 42)
-> Request 1
594
(2, 2, 2)
3
(76, 67)
-> Request 2
603
(2, 3, 2)
1
(0, 32)
-> Request 3
781
(2, 3, 2)
2
(46, 26)
-> Request 4
801
(3, 1, 1)
2
(52, 54)
-> Request 5
886
(3, 3, 1)
1
(46, 33)
-> Request 6
892
(4, 1, 2)
3
(50, 41)
-> Request 7
1002
(4, 2, 2)
3
(0, 5)
-> Request 8
1013
(1, 1, 2)
1
(35, 47)
-> Request 9
1321
(1, 1, 1)
1
(36, 26)
---> Week : 12
--> Day : 0
-> Request 0
77
(1, 1, 1)
2
(31, 55)
-> Request 1
416
(4, 1, 2)
2
(49, 42)
-> Request 2
570
(1, 1, 1)
1
(63, 77)
-> Request 3
1294
(2, 1, 2)
1
(41, 11)
--> Day : 1
-> Request 0
549
(2, 3, 2)
2
(32, 72)
-> Request 1
628
(1, 3, 2)
1
(12, 60)
-> Request 2
790
(3, 3, 1)
2
(11, 24)
-> Request 3
979
(4, 3, 1)
2
(57, 40)
-> Request 4
1054
(1, 3, 2)
3
(32, 75)
-> Request 5
1058
(1, 3, 1)
1
(3, 29)
--> Day : 2
-> Request 0
374
(3, 3, 1)
3
(23, 56)
-> Request 1
755
(2, 2, 1)
2
(6, 39)
-> Request 2
868
(3, 1, 1)
3
(55, 32)
-> Request 3
1355
(2, 3, 1)
1
(43, 29)
--> Day : 3
-> Request 0
496
(4, 1, 2)
1
(61, 65)
-> Request 1
953
(4, 3, 1)
1
(46, 51)
-> Request 2
953
(3, 2, 2)
2
(75, 13)
-> Request 3
1010
(2, 3, 1)
1
(64, 40)
-> Request 4
1281
(4, 2, 1)
3
(60, 76)
-> Request 5
1282
(2, 1, 1)
1
(65, 76)
-> Request 6
1404
(2, 3, 2)
3
(52, 48)
--> Day : 4
-> Request 0
316
(2, 1, 2)
1
(76, 43)
-> Request 1
613
(4, 2, 2)
2
(44, 40)
-> Request 2
661
(3, 1, 1)
3
(46, 56)
-> Request 3
821
(1, 3, 2)
1
(63, 29)
-> Request 4
900
(4, 2, 1)
1
(71, 1)
-> Request 5
989
(4, 2, 2)
2
(50, 35)
-> Request 6
1109
(1, 3, 1)
1
(63, 77)
-> Request 7
1188
(1, 2, 1)
2
(49, 32)
-> Request 8
1214
(1, 3, 1)
3
(6, 5)
-> Request 9
1214
(1, 1, 1)
2
(18, 21)
-> Request 10
1241
(1, 2, 1)
2
(78, 9)
-> Request 11
1370
(2, 2, 2)
1
(58, 35)
---> Week : 13
--> Day : 0
-> Request 0
282
(3, 2, 1)
3
(55, 40)
-> Request 1
365
(3, 2, 2)
2
(74, 9)
-> Request 2
441
(3, 3, 2)
2
(65, 61)
-> Request 3
1251
(2, 1, 2)
3
(57, 70)
-> Request 4
1368
(4, 2, 1)
3
(71, 40)
--> Day : 1
-> Request 0
231
(4, 2, 2)
2
(74, 2)
-> Request 1
436
(4, 1, 1)
3
(37, 69)
-> Request 2
638
(2, 1, 1)
2
(43, 31)
-> Request 3
794
(1, 3, 1)
3
(25, 77)
-> Request 4
1134
(3, 2, 1)
3
(6, 60)
-> Request 5
1189
(4, 2, 2)
3
(12, 76)
-> Request 6
1214
(4, 1, 2)
1
(61, 37)
-> Request 7
1318
(3, 2, 1)
1
(9, 29)
-> Request 8
1363
(1, 3, 1)
1
(45, 40)
--> Day : 2
-> Request 0
169
(3, 1, 1)
2
(60, 72)
-> Request 1
262
(2, 1, 1)
1
(16, 35)
-> Request 2
309
(2, 3, 2)
3
(56, 33)
-> Request 3
650
(2, 2, 1)
3
(79, 56)
-> Request 4
935
(2, 2, 1)
3
(45, 39)
-> Request 5
1273
(1, 1, 1)
3
(63, 27)
-> Request 6
1296
(3, 3, 1)
3
(13, 29)
--> Day : 3
-> Request 0
89
(2, 3, 1)
2
(46, 9)
-> Request 1
445
(1, 2, 2)
1
(4, 44)
-> Request 2
1019
(3, 2, 1)
2
(46, 13)
-> Request 3
1122
(1, 3, 1)
3
(23, 64)
-> Request 4
1178
(3, 1, 2)
3
(58, 41)
-> Request 5
1238
(4, 3, 2)
1
(55, 78)
-> Request 6
1329
(2, 2, 2)
3
(51, 28)
--> Day : 4
-> Request 0
315
(1, 3, 1)
3
(59, 65)
-> Request 1
837
(4, 1, 2)
2
(67, 16)
-> Request 2
1339
(2, 1, 1)
2
(32, 33)
---> Week : 14
--> Day : 0
-> Request 0
217
(4, 2, 1)
1
(53, 72)
-> Request 1
252
(4, 2, 1)
3
(56, 2)
-> Request 2
253
(1, 1, 1)
1
(43, 8)
-> Request 3
363
(2, 2, 2)
1
(49, 36)
-> Request 4
464
(1, 1, 2)
1
(68, 52)
-> Request 5
711
(3, 3, 2)
1
(60, 1)
-> Request 6
1314
(3, 1, 2)
3
(55, 66)
-> Request 7
1377
(1, 2, 1)
1
(16, 22)
--> Day : 1
-> Request 0
580
(2, 1, 2)
1
(42, 45)
-> Request 1
614
(2, 3, 2)
3
(62, 67)
-> Request 2
725
(2, 3, 2)
3
(66, 66)
-> Request 3
962
(3, 3, 2)
3
(54, 39)
--> Day : 2
-> Request 0
361
(3, 1, 1)
2
(55, 43)
-> Request 1
1135
(4, 2, 1)
3
(19, 31)
--> Day : 3
-> Request 0
455
(3, 2, 2)
1
(17, 22)
-> Request 1
496
(4, 3, 1)
2
(9, 57)
-> Request 2
592
(1, 3, 2)
3
(62, 62)
-> Request 3
1258
(3, 2, 2)
2
(60, 31)
--> Day : 4
-> Request 0
163
(2, 1, 1)
2
(48, 27)
-> Request 1
250
(3, 1, 2)
2
(9, 22)
-> Request 2
283
(2, 1, 1)
1
(45, 31)
-> Request 3
314
(1, 1, 1)
1
(58, 40)
-> Request 4
442
(2, 3, 1)
2
(10, 24)
-> Request 5
453
(2, 2, 2)
2
(33, 69)
-> Request 6
665
(4, 1, 2)
1
(62, 70)
-> Request 7
1017
(3, 2, 1)
3
(14, 21)
---> Week : 15
--> Day : 0
-> Request 0
400
(4, 2, 2)
1
(64, 70)
-> Request 1
599
(2, 1, 2)
1
(72, 69)
-> Request 2
751
(4, 2, 2)
1
(63, 29)
-> Request 3
1136
(2, 3, 2)
3
(35, 7)
-> Request 4
1232
(1, 3, 2)
3
(56, 67)
--> Day : 1
-> Request 0
213
(3, 3, 1)
2
(75, 56)
-> Request 1
315
(1, 1, 1)
3
(41, 22)
-> Request 2
372
(1, 1, 1)
3
(54, 34)
-> Request 3
624
(2, 3, 2)
3
(47, 46)
-> Request 4
774
(2, 3, 2)
1
(0, 51)
-> Request 5
1146
(2, 3, 2)
2
(65, 66)
--> Day : 2
-> Request 0
296
(1, 3, 2)
1
(15, 63)
-> Request 1
417
(3, 1, 1)
2
(49, 63)
-> Request 2
566
(2, 2, 2)
2
(13, 25)
-> Request 3
751
(2, 2, 1)
1
(70, 28)
-> Request 4
765
(4, 2, 2)
3
(59, 9)
-> Request 5
844
(2, 2, 1)
2
(13, 21)
-> Request 6
860
(4, 3, 2)
2
(26, 30)
-> Request 7
1082
(1, 2, 2)
2
(46, 29)
-> Request 8
1317
(3, 2, 2)
1
(59, 78)
-> Request 9
1389
(4, 1, 1)
3
(45, 39)
--> Day : 3
-> Request 0
431
(4, 2, 2)
1
(47, 40)
-> Request 1
586
(3, 2, 2)
1
(42, 9)
-> Request 2
830
(1, 2, 2)
1
(43, 30)
-> Request 3
1114
(4, 3, 2)
3
(64, 64)
-> Request 4
1165
(2, 3, 2)
3
(3, 5)
-> Request 5
1203
(1, 3, 2)
1
(62, 44)
--> Day : 4
-> Request 0
19
(1, 2, 2)
3
(63, 73)
-> Request 1
583
(2, 3, 2)
3
(59, 29)
-> Request 2
1095
(2, 3, 2)
3
(30, 60)
-> Request 3
1298
(1, 1, 2)
3
(54, 72)
---> Week : 16
--> Day : 0
-> Request 0
177
(3, 2, 1)
2
(76, 2)
-> Request 1
398
(1, 2, 1)
1
(62, 68)
-> Request 2
414
(4, 3, 2)
3
(0, 28)
-> Request 3
454
(2, 2, 2)
1
(15, 41)
-> Request 4
757
(1, 1, 2)
2
(10, 24)
-> Request 5
1325
(3, 1, 1)
1
(34, 33)
-> Request 6
1349
(3, 2, 2)
3
(46, 7)
--> Day : 1
-> Request 0
370
(2, 1, 2)
2
(66, 69)
-> Request 1
1407
(3, 3, 2)
3
(74, 45)
--> Day : 2
-> Request 0
142
(4, 3, 2)
3
(35, 8)
-> Request 1
275
(1, 2, 2)
2
(71, 59)
-> Request 2
465
(3, 3, 1)
3
(15, 27)
-> Request 3
618
(2, 1, 1)
2
(54, 42)
-> Request 4
766
(2, 2, 2)
1
(50, 10)
-> Request 5
1045
(3, 3, 2)
3
(1, 21)
-> Request 6
1113
(4, 3, 2)
3
(54, 38)
-> Request 7
1354
(1, 2, 2)
1
(16, 28)
--> Day : 3
-> Request 0
26
(3, 3, 1)
1
(57, 68)
-> Request 1
737
(2, 3, 1)
3
(45, 38)
-> Request 2
802
(4, 2, 2)
2
(3, 38)
-> Request 3
834
(4, 2, 1)
3
(54, 67)
-> Request 4
1077
(3, 2, 1)
1
(50, 37)
-> Request 5
1371
(4, 1, 1)
3
(22, 52)
--> Day : 4
-> Request 0
149
(4, 2, 2)
3
(48, 42)
-> Request 1
164
(1, 3, 1)
2
(57, 77)
-> Request 2
327
(3, 1, 2)
3
(11, 12)
-> Request 3
443
(3, 3, 1)
2
(56, 33)
-> Request 4
1013
(4, 1, 1)
2
(63, 74)
-> Request 5
1075
(3, 1, 1)
2
(60, 72)
-> Request 6
1196
(2, 2, 1)
2
(60, 33)
-> Request 7
1379
(2, 2, 2)
1
(43, 32)
---> Week : 17
--> Day : 0
-> Request 0
62
(3, 2, 2)
1
(65, 9)
-> Request 1
597
(2, 3, 2)
1
(76, 39)
-> Request 2
627
(1, 2, 2)
3
(61, 61)
-> Request 3
685
(3, 3, 1)
1
(60, 31)
-> Request 4
790
(2, 2, 2)
2
(62, 74)
-> Request 5
827
(4, 3, 1)
1
(52, 40)
-> Request 6
1163
(2, 3, 2)
2
(46, 35)
-> Request 7
1416
(4, 2, 1)
3
(51, 10)
--> Day : 1
-> Request 0
330
(2, 3, 1)
2
(25, 32)
-> Request 1
923
(3, 1, 1)
3
(10, 23)
-> Request 2
924
(2, 3, 1)
3
(59, 35)
--> Day : 2
-> Request 0
306
(3, 2, 1)
1
(11, 73)
-> Request 1
396
(2, 1, 2)
2
(51, 33)
-> Request 2
462
(1, 2, 2)
2
(62, 33)
-> Request 3
499
(3, 3, 1)
1
(57, 67)
-> Request 4
562
(2, 1, 2)
1
(61, 39)
-> Request 5
932
(1, 3, 1)
2
(63, 46)
--> Day : 3
-> Request 0
30
(3, 3, 2)
3
(16, 29)
-> Request 1
49
(1, 3, 2)
3
(64, 77)
-> Request 2
156
(2, 1, 2)
2
(55, 68)
-> Request 3
1326
(2, 2, 2)
2
(49, 42)
--> Day : 4
-> Request 0
278
(2, 3, 1)
2
(40, 45)
-> Request 1
692
(3, 2, 1)
2
(29, 57)
-> Request 2
1013
(3, 3, 2)
1
(24, 44)
-> Request 3
1025
(3, 2, 1)
3
(56, 78)
-> Request 4
1361
(3, 1, 2)
1
(52, 65)
---> Week : 18
--> Day : 0
-> Request 0
25
(2, 1, 2)
1
(6, 14)
-> Request 1
154
(3, 2, 1)
3
(43, 40)
-> Request 2
164
(3, 2, 2)
1
(17, 21)
-> Request 3
189
(2, 1, 1)
1
(57, 35)
-> Request 4
309
(1, 3, 2)
1
(57, 60)
-> Request 5
320
(4, 3, 1)
3
(62, 45)
-> Request 6
345
(2, 3, 1)
3
(56, 70)
-> Request 7
581
(3, 3, 2)
2
(10, 24)
-> Request 8
605
(1, 1, 2)
3
(56, 69)
-> Request 9
851
(2, 1, 1)
3
(46, 22)
-> Request 10
922
(4, 2, 1)
3
(9, 29)
-> Request 11
959
(3, 2, 1)
3
(75, 18)
-> Request 12
1217
(2, 3, 1)
1
(61, 75)
-> Request 13
1249
(3, 1, 2)
1
(19, 52)
--> Day : 1
-> Request 0
617
(1, 1, 1)
2
(1, 40)
-> Request 1
620
(1, 3, 2)
1
(25, 39)
-> Request 2
705
(1, 3, 2)
1
(12, 20)
-> Request 3
1091
(1, 2, 1)
1
(50, 35)
-> Request 4
1318
(1, 1, 1)
2
(58, 78)
--> Day : 2
-> Request 0
416
(1, 3, 2)
2
(61, 27)
-> Request 1
557
(2, 2, 2)
2
(56, 65)
-> Request 2
658
(2, 2, 2)
3
(64, 76)
-> Request 3
834
(2, 1, 2)
1
(13, 25)
-> Request 4
923
(2, 2, 1)
1
(47, 37)
-> Request 5
1028
(1, 1, 1)
3
(52, 71)
-> Request 6
1083
(1, 1, 2)
2
(58, 74)
-> Request 7
1122
(3, 3, 1)
2
(64, 74)
--> Day : 3
-> Request 0
222
(3, 1, 1)
3
(50, 40)
-> Request 1
300
(1, 3, 1)
2
(45, 34)
--> Day : 4
-> Request 0
161
(1, 1, 2)
3
(12, 47)
-> Request 1
711
(4, 1, 2)
1
(34, 13)
-> Request 2
737
(2, 2, 1)
1
(36, 26)
-> Request 3
980
(1, 1, 2)
1
(58, 65)
-> Request 4
1043
(4, 2, 2)
2
(11, 72)
-> Request 5
1261
(4, 2, 1)
2
(68, 7)
---> Week : 19
--> Day : 0
-> Request 0
124
(2, 1, 2)
2
(30, 72)
-> Request 1
651
(1, 2, 1)
2
(62, 44)
-> Request 2
820
(4, 1, 2)
1
(47, 28)
-> Request 3
1350
(3, 2, 1)
1
(31, 62)
-> Request 4
1382
(3, 1, 2)
3
(61, 78)
--> Day : 1
-> Request 0
6
(4, 3, 1)
2
(52, 41)
-> Request 1
176
(2, 3, 1)
1
(58, 67)
-> Request 2
324
(1, 2, 1)
1
(43, 44)
-> Request 3
465
(3, 2, 2)
3
(31, 6)
-> Request 4
524
(2, 1, 1)
2
(58, 34)
-> Request 5
1203
(3, 1, 2)
1
(7, 24)
-> Request 6
1363
(3, 2, 2)
3
(60, 78)
--> Day : 2
-> Request 0
63
(4, 1, 1)
3
(56, 71)
-> Request 1
820
(2, 1, 1)
1
(51, 19)
--> Day : 3
-> Request 0
218
(1, 2, 1)
2
(61, 39)
-> Request 1
243
(1, 1, 1)
1
(56, 27)
-> Request 2
391
(1, 2, 1)
1
(16, 21)
-> Request 3
473
(1, 1, 2)
1
(44, 42)
-> Request 4
611
(2, 2, 2)
2
(55, 31)
-> Request 5
862
(3, 2, 2)
3
(55, 77)
-> Request 6
984
(2, 3, 1)
2
(46, 3)
--> Day : 4
-> Request 0
175
(4, 3, 2)
3
(52, 39)
-> Request 1
308
(4, 2, 1)
1
(49, 67)
-> Request 2
642
(1, 2, 2)
1
(33, 26)
-> Request 3
698
(4, 1, 2)
2
(53, 75)
-> Request 4
709
(1, 2, 2)
3
(70, 44)
-> Request 5
741
(2, 2, 1)
2
(20, 39)
-> Request 6
806
(3, 1, 1)
3
(25, 50)
-> Request 7
1159
(2, 2, 1)
1
(61, 66)
-> Request 8
1247
(1, 3, 1)
3
(46, 10)
