---> Week : 0
--> Day : 0
-> Request 0
7
(4, 3, 1)
3
(62, 35)
-> Request 1
588
(1, 2, 1)
3
(15, 26)
-> Request 2
752
(3, 1, 1)
3
(64, 65)
-> Request 3
944
(2, 3, 1)
3
(48, 45)
-> Request 4
1076
(4, 1, 1)
2
(50, 38)
-> Request 5
1327
(2, 2, 2)
1
(54, 39)
--> Day : 1
-> Request 0
9
(2, 1, 1)
2
(57, 67)
-> Request 1
74
(1, 2, 2)
3
(59, 28)
-> Request 2
166
(3, 3, 1)
2
(55, 67)
-> Request 3
266
(4, 3, 2)
2
(56, 67)
-> Request 4
291
(2, 2, 1)
3
(36, 28)
-> Request 5
347
(4, 2, 1)
3
(54, 32)
-> Request 6
548
(4, 3, 2)
2
(38, 52)
-> Request 7
613
(3, 3, 2)
3
(49, 43)
-> Request 8
958
(2, 3, 1)
1
(20, 75)
-> Request 9
1221
(3, 1, 2)
3
(12, 26)
-> Request 10
1267
(2, 3, 2)
3
(53, 67)
--> Day : 2
-> Request 0
195
(2, 2, 1)
3
(55, 32)
-> Request 1
739
(4, 3, 1)
1
(16, 28)
-> Request 2
863
(3, 2, 2)
3
(45, 60)
-> Request 3
1378
(1, 1, 1)
2
(54, 72)
--> Day : 3
-> Request 0
153
(2, 1, 2)
3
(47, 14)
-> Request 1
235
(4, 2, 1)
3
(55, 28)
-> Request 2
804
(4, 1, 1)
3
(32, 20)
-> Request 3
1022
(3, 2, 2)
2
(45, 29)
-> Request 4
1359
(2, 2, 1)
3
(57, 31)
--> Day : 4
-> Request 0
921
(2, 2, 2)
1
(20, 51)
-> Request 1
1303
(2, 3, 1)
1
(53, 64)
-> Request 2
1392
(2, 1, 1)
1
(74, 23)
---> Week : 1
--> Day : 0
-> Request 0
936
(4, 2, 2)
1
(55, 33)
-> Request 1
1061
(3, 3, 2)
2
(56, 74)
-> Request 2
1196
(2, 3, 2)
2
(63, 34)
-> Request 3
1288
(3, 3, 1)
3
(6, 10)
-> Request 4
1337
(1, 3, 2)
1
(1, 57)
-> Request 5
1389
(4, 3, 1)
2
(13, 24)
-> Request 6
1406
(3, 3, 1)
1
(46, 34)
--> Day : 1
-> Request 0
164
(2, 3, 2)
2
(45, 36)
-> Request 1
243
(2, 1, 2)
3
(50, 40)
-> Request 2
864
(3, 2, 1)
2
(54, 28)
--> Day : 2
-> Request 0
354
(2, 3, 2)
1
(22, 28)
-> Request 1
633
(2, 3, 1)
3
(52, 43)
-> Request 2
760
(1, 3, 1)
3
(59, 35)
-> Request 3
1190
(2, 3, 2)
3
(46, 34)
-> Request 4
1305
(1, 2, 2)
1
(19, 49)
-> Request 5
1423
(1, 2, 1)
3
(9, 49)
--> Day : 3
-> Request 0
71
(4, 3, 1)
2
(12, 29)
-> Request 1
217
(2, 3, 2)
3
(18, 2)
-> Request 2
341
(3, 3, 2)
3
(37, 8)
-> Request 3
506
(4, 3, 2)
1
(74, 59)
-> Request 4
596
(3, 1, 2)
2
(9, 4)
-> Request 5
1080
(3, 2, 2)
2
(65, 57)
-> Request 6
1245
(2, 3, 1)
1
(78, 62)
-> Request 7
1297
(1, 2, 2)
2
(41, 75)
-> Request 8
1356
(1, 2, 1)
3
(69, 59)
--> Day : 4
-> Request 0
212
(3, 2, 1)
3
(13, 55)
-> Request 1
257
(3, 1, 2)
3
(50, 33)
-> Request 2
365
(2, 1, 2)
2
(72, 58)
-> Request 3
668
(4, 3, 2)
1
(12, 26)
-> Request 4
1063
(4, 2, 2)
1
(18, 61)
-> Request 5
1276
(3, 2, 1)
1
(51, 69)
-> Request 6
1368
(2, 2, 2)
2
(67, 3)
---> Week : 2
--> Day : 0
-> Request 0
55
(3, 2, 2)
2
(59, 38)
-> Request 1
70
(2, 2, 2)
1
(17, 24)
-> Request 2
145
(1, 2, 2)
1
(44, 16)
-> Request 3
276
(4, 2, 1)
2
(55, 66)
-> Request 4
301
(2, 2, 1)
2
(61, 32)
-> Request 5
341
(1, 3, 2)
3
(62, 19)
-> Request 6
579
(1, 2, 1)
3
(30, 31)
-> Request 7
622
(1, 1, 1)
3
(20, 20)
-> Request 8
712
(1, 2, 2)
1
(22, 71)
-> Request 9
756
(1, 2, 1)
3
(42, 51)
-> Request 10
818
(3, 3, 2)
2
(56, 15)
-> Request 11
1190
(2, 2, 1)
3
(53, 37)
--> Day : 1
-> Request 0
230
(2, 1, 1)
3
(53, 74)
-> Request 1
248
(3, 3, 2)
2
(66, 76)
-> Request 2
476
(3, 2, 2)
1
(16, 29)
-> Request 3
1165
(1, 2, 2)
1
(57, 46)
--> Day : 2
-> Request 0
85
(2, 2, 2)
2
(56, 41)
-> Request 1
195
(2, 1, 2)
2
(57, 27)
-> Request 2
360
(4, 1, 1)
3
(58, 17)
-> Request 3
427
(4, 1, 2)
2
(56, 69)
-> Request 4
647
(1, 3, 2)
1
(18, 66)
-> Request 5
734
(4, 1, 2)
2
(77, 3)
-> Request 6
1017
(1, 2, 1)
3
(55, 36)
-> Request 7
1036
(3, 3, 1)
3
(26, 47)
-> Request 8
1072
(2, 3, 1)
2
(62, 31)
--> Day : 3
-> Request 0
157
(2, 3, 1)
1
(47, 33)
-> Request 1
314
(1, 3, 1)
2
(9, 23)
-> Request 2
575
(4, 3, 2)
1
(56, 42)
-> Request 3
1024
(4, 1, 2)
3
(45, 40)
-> Request 4
1265
(1, 3, 1)
3
(56, 29)
--> Day : 4
-> Request 0
403
(2, 3, 2)
3
(35, 36)
-> Request 1
998
(1, 2, 2)
3
(75, 54)
-> Request 2
1277
(2, 2, 1)
1
(55, 43)
---> Week : 3
--> Day : 0
-> Request 0
754
(3, 1, 1)
1
(59, 73)
-> Request 1
959
(1, 2, 1)
2
(59, 45)
--> Day : 1
-> Request 0
390
(2, 3, 1)
2
(76, 64)
-> Request 1
426
(1, 1, 1)
2
(60, 40)
-> Request 2
710
(3, 1, 1)
2
(51, 39)
--> Day : 2
-> Request 0
991
(3, 3, 2)
2
(78, 20)
-> Request 1
1300
(4, 1, 1)
2
(47, 31)
-> Request 2
1390
(3, 1, 1)
3
(28, 52)
-> Request 3
1391
(1, 3, 2)
2
(73, 10)
-> Request 4
1413
(4, 2, 2)
3
(31, 74)
--> Day : 3
-> Request 0
269
(2, 2, 2)
2
(64, 66)
-> Request 1
489
(1, 1, 2)
1
(66, 78)
-> Request 2
535
(4, 1, 1)
1
(56, 74)
-> Request 3
832
(3, 1, 1)
2
(53, 14)
-> Request 4
978
(3, 1, 1)
1
(52, 78)
-> Request 5
1071
(2, 2, 1)
3
(54, 46)
--> Day : 4
-> Request 0
24
(1, 2, 1)
2
(57, 11)
-> Request 1
104
(2, 3, 2)
2
(58, 69)
-> Request 2
340
(1, 2, 1)
2
(57, 25)
-> Request 3
651
(1, 3, 2)
1
(48, 30)
---> Week : 4
--> Day : 0
-> Request 0
603
(3, 1, 1)
2
(39, 41)
-> Request 1
1010
(1, 3, 2)
3
(55, 29)
-> Request 2
1038
(4, 2, 2)
3
(76, 6)
-> Request 3
1168
(3, 3, 2)
1
(58, 78)
--> Day : 1
-> Request 0
88
(1, 3, 2)
1
(11, 25)
-> Request 1
108
(1, 3, 1)
3
(5, 10)
-> Request 2
269
(4, 1, 2)
2
(59, 69)
-> Request 3
355
(2, 2, 1)
3
(60, 38)
-> Request 4
422
(1, 1, 1)
1
(53, 50)
-> Request 5
454
(4, 3, 1)
3
(66, 71)
-> Request 6
576
(4, 1, 2)
3
(39, 43)
-> Request 7
607
(4, 1, 1)
3
(61, 77)
-> Request 8
809
(2, 3, 1)
2
(42, 49)
-> Request 9
1076
(4, 2, 1)
2
(26, 67)
--> Day : 2
-> Request 0
54
(3, 1, 1)
3
(14, 61)
-> Request 1
296
(3, 2, 2)
3
(63, 72)
-> Request 2
356
(2, 3, 1)
2
(51, 27)
-> Request 3
518
(2, 3, 2)
3
(56, 35)
-> Request 4
893
(4, 2, 1)
3
(60, 27)
-> Request 5
1245
(4, 1, 1)
2
(53, 39)
--> Day : 3
-> Request 0
176
(4, 2, 2)
2
(46, 35)
-> Request 1
227
(1, 1, 2)
3
(48, 40)
-> Request 2
254
(4, 3, 1)
1
(64, 34)
-> Request 3
349
(4, 3, 1)
2
(35, 6)
-> Request 4
692
(4, 1, 1)
3
(56, 38)
-> Request 5
795
(2, 1, 1)
1
(56, 75)
-> Request 6
1207
(4, 1, 2)
1
(9, 27)
--> Day : 4
-> Request 0
68
(2, 2, 2)
2
(6, 70)
-> Request 1
220
(1, 3, 2)
2
(8, 29)
-> Request 2
295
(3, 3, 1)
3
(37, 8)
-> Request 3
378
(1, 2, 1)
1
(29, 6)
-> Request 4
490
(3, 2, 1)
1
(32, 17)
-> Request 5
495
(2, 1, 1)
1
(44, 10)
-> Request 6
686
(1, 1, 2)
2
(74, 18)
-> Request 7
1054
(4, 1, 2)
2
(5, 44)
-> Request 8
1224
(1, 2, 1)
2
(41, 19)
-> Request 9
1256
(3, 2, 1)
3
(77, 73)
-> Request 10
1350
(1, 1, 1)
3
(62, 46)
---> Week : 5
--> Day : 0
-> Request 0
869
(3, 2, 1)
1
(13, 35)
-> Request 1
1018
(4, 1, 2)
3
(11, 5)
-> Request 2
1038
(4, 1, 1)
1
(34, 33)
-> Request 3
1114
(3, 1, 1)
2
(76, 40)
-> Request 4
1173
(1, 3, 2)
2
(18, 44)
--> Day : 1
-> Request 0
505
(1, 3, 1)
1
(53, 37)
-> Request 1
759
(4, 2, 2)
3
(76, 25)
-> Request 2
802
(4, 2, 1)
3
(44, 35)
-> Request 3
859
(2, 3, 2)
3
(54, 67)
-> Request 4
1040
(3, 3, 1)
2
(61, 78)
-> Request 5
1048
(3, 2, 1)
1
(30, 61)
-> Request 6
1427
(1, 2, 2)
1
(45, 41)
--> Day : 2
-> Request 0
389
(2, 1, 1)
2
(54, 69)
-> Request 1
426
(3, 3, 1)
2
(11, 14)
-> Request 2
686
(3, 3, 2)
2
(63, 77)
-> Request 3
936
(3, 2, 2)
3
(60, 33)
-> Request 4
996
(4, 1, 1)
3
(10, 76)
-> Request 5
1165
(4, 2, 1)
2
(32, 48)
-> Request 6
1167
(3, 1, 1)
1
(55, 37)
-> Request 7
1207
(1, 2, 2)
2
(39, 51)
-> Request 8
1230
(4, 3, 1)
1
(35, 44)
--> Day : 3
-> Request 0
67
(1, 3, 1)
1
(51, 32)
-> Request 1
716
(4, 1, 2)
1
(34, 25)
-> Request 2
941
(1, 2, 2)
3
(56, 44)
-> Request 3
1122
(4, 3, 1)
2
(79, 79)
-> Request 4
1231
(2, 1, 2)
1
(58, 73)
-> Request 5
1315
(1, 3, 2)
2
(59, 29)
-> Request 6
1350
(1, 2, 2)
1
(66, 54)
-> Request 7
1411
(2, 1, 1)
2
(49, 64)
--> Day : 4
-> Request 0
234
(3, 2, 2)
1
(9, 58)
-> Request 1
492
(2, 3, 1)
1
(57, 37)
-> Request 2
800
(4, 3, 1)
2
(4, 46)
-> Request 3
911
(2, 3, 1)
3
(27, 18)
-> Request 4
1337
(2, 1, 2)
2
(56, 73)
-> Request 5
1343
(3, 3, 1)
2
(43, 18)
-> Request 6
1383
(2, 3, 2)
1
(50, 42)
---> Week : 6
--> Day : 0
-> Request 0
129
(3, 3, 1)
2
(69, 44)
-> Request 1
169
(1, 1, 2)
1
(37, 8)
-> Request 2
308
(4, 1, 2)
3
(63, 68)
-> Request 3
878
(4, 1, 2)
2
(15, 5)
-> Request 4
906
(1, 1, 2)
3
(44, 38)
--> Day : 1
-> Request 0
63
(3, 2, 1)
1
(72, 32)
-> Request 1
216
(1, 3, 1)
2
(16, 5)
-> Request 2
475
(3, 1, 2)
2
(47, 43)
-> Request 3
817
(3, 2, 2)
3
(53, 38)
-> Request 4
1394
(3, 2, 2)
1
(7, 42)
--> Day : 2
-> Request 0
181
(3, 1, 2)
1
(75, 60)
-> Request 1
310
(3, 2, 2)
1
(53, 74)
-> Request 2
1123
(4, 3, 1)
2
(64, 73)
-> Request 3
1434
(3, 1, 1)
2
(61, 77)
--> Day : 3
-> Request 0
645
(3, 1, 1)
2
(25, 53)
-> Request 1
733
(2, 3, 2)
3
(23, 64)
-> Request 2
950
(3, 3, 2)
2
(64, 64)
-> Request 3
1389
(4, 2, 2)
1
(56, 77)
--> Day : 4
-> Request 0
28
(1, 1, 2)
1
(21, 40)
-> Request 1
300
(4, 3, 2)
1
(79, 25)
-> Request 2
304
(4, 2, 2)
2
(45, 34)
-> Request 3
360
(4, 1, 2)
2
(25, 54)
-> Request 4
565
(3, 3, 1)
1
(37, 32)
-> Request 5
999
(4, 1, 2)
3
(76, 57)
-> Request 6
1111
(4, 3, 2)
1
(11, 29)
---> Week : 7
--> Day : 0
-> Request 0
121
(3, 2, 2)
2
(56, 74)
-> Request 1
451
(3, 1, 2)
1
(55, 28)
-> Request 2
497
(3, 1, 2)
2
(45, 61)
-> Request 3
922
(2, 3, 1)
1
(48, 45)
-> Request 4
1065
(2, 3, 2)
1
(53, 45)
--> Day : 1
-> Request 0
14
(3, 1, 2)
2
(36, 31)
-> Request 1
387
(2, 2, 2)
2
(72, 12)
-> Request 2
441
(2, 1, 2)
3
(23, 27)
-> Request 3
726
(3, 1, 1)
3
(10, 21)
-> Request 4
778
(4, 2, 1)
1
(44, 27)
-> Request 5
967
(4, 3, 2)
1
(8, 14)
--> Day : 2
-> Request 0
284
(2, 3, 2)
1
(44, 32)
-> Request 1
304
(3, 3, 1)
2
(49, 66)
-> Request 2
1282
(1, 3, 2)
2
(8, 20)
-> Request 3
1394
(4, 3, 1)
1
(21, 33)
--> Day : 3
-> Request 0
266
(3, 1, 2)
2
(65, 19)
-> Request 1
274
(2, 1, 2)
3
(60, 43)
-> Request 2
382
(4, 2, 2)
2
(46, 45)
-> Request 3
621
(3, 3, 2)
3
(15, 27)
-> Request 4
756
(3, 1, 1)
3
(60, 28)
-> Request 5
862
(4, 3, 1)
1
(66, 69)
-> Request 6
905
(2, 1, 1)
3
(9, 34)
-> Request 7
941
(1, 1, 2)
3
(55, 29)
-> Request 8
979
(1, 3, 2)
2
(26, 19)
-> Request 9
987
(2, 2, 2)
2
(43, 30)
-> Request 10
1371
(4, 2, 2)
1
(60, 27)
--> Day : 4
-> Request 0
837
(2, 1, 2)
3
(57, 30)
-> Request 1
916
(2, 2, 1)
2
(70, 27)
-> Request 2
1139
(1, 2, 1)
1
(45, 29)
---> Week : 8
--> Day : 0
-> Request 0
31
(3, 3, 2)
1
(78, 39)
-> Request 1
158
(3, 1, 1)
2
(15, 24)
-> Request 2
446
(1, 3, 1)
2
(64, 74)
-> Request 3
483
(4, 1, 2)
3
(8, 54)
-> Request 4
606
(2, 1, 1)
3
(4, 13)
-> Request 5
715
(1, 3, 2)
1
(57, 54)
-> Request 6
726
(2, 1, 1)
1
(59, 28)
-> Request 7
898
(1, 3, 1)
3
(60, 32)
-> Request 8
1145
(2, 2, 1)
1
(56, 37)
-> Request 9
1185
(2, 1, 1)
3
(1, 27)
--> Day : 1
-> Request 0
126
(2, 2, 2)
2
(56, 19)
-> Request 1
159
(1, 1, 2)
1
(62, 77)
-> Request 2
627
(2, 3, 2)
2
(0, 27)
-> Request 3
801
(3, 1, 1)
2
(16, 57)
-> Request 4
804
(4, 3, 1)
1
(29, 33)
-> Request 5
987
(1, 3, 2)
3
(68, 55)
-> Request 6
997
(3, 2, 2)
1
(0, 24)
-> Request 7
1125
(4, 2, 2)
2
(64, 78)
--> Day : 2
-> Request 0
67
(2, 1, 1)
3
(58, 44)
-> Request 1
170
(1, 2, 2)
3
(2, 66)
-> Request 2
186
(4, 1, 2)
1
(53, 36)
-> Request 3
258
(3, 2, 1)
3
(59, 32)
-> Request 4
805
(2, 2, 2)
2
(24, 78)
-> Request 5
1390
(4, 3, 1)
3
(66, 72)
--> Day : 3
-> Request 0
343
(1, 2, 2)
3
(50, 23)
-> Request 1
404
(2, 3, 2)
3
(45, 41)
-> Request 2
734
(3, 2, 2)
3
(55, 42)
-> Request 3
952
(4, 3, 1)
3
(70, 38)
-> Request 4
1225
(3, 3, 2)
1
(54, 66)
-> Request 5
1385
(3, 3, 2)
2
(6, 72)
--> Day : 4
-> Request 0
236
(2, 1, 2)
2
(56, 28)
-> Request 1
829
(1, 3, 2)
3
(56, 43)
-> Request 2
1173
(4, 3, 1)
2
(12, 27)
---> Week : 9
--> Day : 0
-> Request 0
344
(1, 3, 2)
2
(14, 21)
-> Request 1
592
(4, 2, 1)
1
(34, 22)
-> Request 2
653
(4, 3, 2)
2
(61, 40)
-> Request 3
677
(3, 1, 2)
1
(31, 4)
-> Request 4
721
(2, 1, 1)
2
(61, 78)
-> Request 5
931
(3, 1, 2)
2
(50, 43)
-> Request 6
959
(3, 3, 1)
1
(12, 28)
--> Day : 1
-> Request 0
36
(4, 1, 2)
3
(61, 29)
-> Request 1
45
(1, 1, 1)
3
(37, 8)
-> Request 2
106
(3, 1, 2)
3
(12, 21)
-> Request 3
616
(3, 3, 1)
2
(55, 42)
-> Request 4
774
(1, 1, 1)
1
(51, 48)
-> Request 5
915
(3, 2, 1)
3
(79, 76)
-> Request 6
1144
(1, 3, 2)
1
(8, 29)
-> Request 7
1383
(3, 3, 1)
1
(57, 74)
--> Day : 2
-> Request 0
39
(1, 1, 1)
1
(59, 33)
-> Request 1
527
(2, 3, 2)
2
(5, 48)
-> Request 2
923
(3, 2, 2)
1
(69, 79)
-> Request 3
1316
(2, 1, 2)
2
(65, 26)
--> Day : 3
-> Request 0
229
(4, 3, 1)
3
(15, 77)
-> Request 1
549
(3, 1, 1)
3
(36, 72)
-> Request 2
1106
(3, 2, 2)
1
(54, 35)
-> Request 3
1204
(3, 3, 2)
2
(25, 19)
-> Request 4
1232
(2, 2, 2)
1
(62, 37)
-> Request 5
1284
(1, 1, 2)
1
(8, 72)
--> Day : 4
-> Request 0
684
(4, 3, 1)
3
(41, 52)
-> Request 1
817
(2, 3, 1)
2
(57, 34)
-> Request 2
1367
(3, 3, 2)
2
(76, 65)
---> Week : 10
--> Day : 0
-> Request 0
993
(3, 1, 2)
3
(53, 6)
-> Request 1
1383
(2, 1, 1)
2
(60, 67)
--> Day : 1
-> Request 0
876
(3, 1, 1)
2
(51, 30)
-> Request 1
1080
(1, 3, 1)
1
(73, 19)
-> Request 2
1157
(4, 3, 1)
3
(53, 43)
-> Request 3
1271
(1, 1, 2)
1
(54, 76)
--> Day : 2
-> Request 0
150
(3, 1, 1)
3
(22, 51)
-> Request 1
277
(4, 3, 2)
3
(49, 45)
-> Request 2
848
(3, 3, 2)
1
(73, 44)
--> Day : 3
-> Request 0
320
(1, 3, 1)
1
(52, 70)
-> Request 1
458
(4, 3, 2)
1
(33, 6)
-> Request 2
632
(1, 3, 1)
1
(58, 75)
-> Request 3
659
(2, 3, 2)
2
(70, 0)
-> Request 4
1193
(1, 1, 1)
2
(61, 31)
-> Request 5
1423
(4, 1, 2)
2
(66, 68)
--> Day : 4
-> Request 0
287
(2, 2, 2)
2
(5, 10)
-> Request 1
350
(2, 3, 2)
2
(74, 51)
-> Request 2
930
(2, 2, 2)
2
(58, 66)
-> Request 3
1029
(2, 1, 1)
2
(72, 37)
---> Week : 11
--> Day : 0
-> Request 0
217
(1, 3, 1)
1
(16, 68)
-> Request 1
629
(1, 1, 2)
1
(57, 44)
-> Request 2
661
(1, 3, 2)
2
(59, 74)
-> Request 3
792
(4, 2, 2)
3
(65, 78)
-> Request 4
865
(3, 2, 2)
3
(53, 37)
-> Request 5
1017
(1, 3, 1)
2
(64, 66)
-> Request 6
1353
(4, 3, 1)
2
(11, 28)
--> Day : 1
-> Request 0
416
(3, 3, 1)
1
(9, 8)
-> Request 1
466
(4, 1, 2)
2
(27, 76)
-> Request 2
470
(1, 2, 2)
3
(8, 22)
-> Request 3
718
(3, 2, 2)
3
(79, 25)
-> Request 4
722
(3, 1, 2)
2
(12, 55)
-> Request 5
1242
(3, 2, 1)
2
(44, 27)
--> Day : 2
-> Request 0
100
(2, 1, 1)
3
(57, 36)
-> Request 1
603
(1, 2, 1)
3
(36, 71)
-> Request 2
789
(2, 1, 2)
1
(64, 18)
-> Request 3
1349
(4, 2, 2)
3
(52, 60)
--> Day : 3
-> Request 0
300
(4, 1, 2)
1
(30, 41)
-> Request 1
315
(2, 1, 2)
2
(54, 32)
-> Request 2
339
(4, 1, 1)
2
(60, 46)
-> Request 3
433
(4, 2, 2)
2
(40, 1)
-> Request 4
479
(2, 3, 2)
3
(65, 70)
-> Request 5
682
(4, 2, 2)
1
(63, 24)
-> Request 6
976
(4, 2, 1)
3
(69, 19)
-> Request 7
1002
(4, 3, 1)
1
(57, 73)
-> Request 8
1118
(3, 2, 1)
2
(40, 77)
--> Day : 4
-> Request 0
86
(4, 3, 2)
2
(10, 5)
-> Request 1
615
(3, 3, 1)
2
(15, 28)
-> Request 2
753
(1, 3, 1)
2
(37, 58)
---> Week : 12
--> Day : 0
-> Request 0
20
(1, 2, 1)
2
(58, 29)
-> Request 1
64
(3, 1, 2)
2
(9, 24)
-> Request 2
169
(2, 3, 1)
2
(17, 7)
-> Request 3
186
(3, 3, 2)
1
(58, 64)
-> Request 4
189
(2, 1, 2)
2
(29, 63)
-> Request 5
271
(4, 2, 1)
2
(60, 35)
-> Request 6
601
(2, 1, 1)
3
(60, 45)
-> Request 7
661
(2, 1, 1)
2
(74, 71)
-> Request 8
756
(4, 2, 1)
2
(45, 31)
-> Request 9
881
(1, 3, 1)
1
(12, 18)
-> Request 10
943
(3, 2, 2)
2
(43, 40)
-> Request 11
1086
(2, 1, 1)
1
(61, 41)
--> Day : 1
-> Request 0
324
(1, 2, 2)
3
(58, 66)
-> Request 1
706
(1, 2, 2)
1
(60, 44)
-> Request 2
938
(4, 1, 1)
2
(64, 64)
-> Request 3
1396
(4, 1, 1)
1
(8, 73)
-> Request 4
1410
(1, 2, 1)
2
(10, 27)
--> Day : 2
-> Request 0
183
(4, 1, 2)
3
(14, 29)
-> Request 1
474
(3, 2, 2)
2
(25, 20)
-> Request 2
579
(2, 1, 2)
1
(60, 9)
-> Request 3
676
(2, 3, 1)
3
(69, 79)
-> Request 4
753
(3, 2, 2)
2
(54, 43)
-> Request 5
1234
(4, 3, 1)
1
(55, 31)
-> Request 6
1251
(2, 3, 2)
2
(54, 45)
-> Request 7
1344
(4, 3, 2)
2
(22, 39)
--> Day : 3
-> Request 0
202
(2, 2, 2)
2
(44, 31)
-> Request 1
499
(1, 1, 2)
1
(22, 50)
-> Request 2
527
(4, 3, 2)
2
(54, 66)
-> Request 3
642
(3, 2, 1)
1
(25, 57)
-> Request 4
752
(4, 2, 2)
1
(27, 8)
-> Request 5
849
(1, 1, 1)
1
(62, 68)
-> Request 6
947
(3, 2, 1)
2
(64, 1)
-> Request 7
1140
(4, 3, 2)
1
(16, 23)
-> Request 8
1226
(4, 3, 1)
1
(59, 33)
--> Day : 4
-> Request 0
691
(4, 3, 2)
1
(48, 42)
-> Request 1
785
(1, 1, 1)
2
(32, 77)
-> Request 2
936
(1, 1, 1)
1
(51, 44)
-> Request 3
958
(1, 1, 2)
3
(27, 27)
-> Request 4
1198
(1, 1, 2)
1
(6, 45)
-> Request 5
1237
(2, 3, 1)
2
(46, 36)
-> Request 6
1294
(2, 3, 1)
1
(69, 24)
---> Week : 13
--> Day : 0
-> Request 0
199
(2, 1, 1)
1
(56, 72)
-> Request 1
804
(3, 3, 1)
1
(52, 39)
-> Request 2
834
(3, 2, 2)
1
(44, 0)
-> Request 3
866
(3, 1, 1)
3
(47, 3)
-> Request 4
927
(1, 3, 1)
2
(44, 32)
--> Day : 1
-> Request 0
121
(4, 3, 2)
3
(56, 44)
-> Request 1
142
(1, 2, 2)
1
(19, 0)
-> Request 2
535
(3, 2, 2)
3
(43, 34)
-> Request 3
1116
(2, 1, 1)
2
(60, 64)
-> Request 4
1256
(1, 1, 1)
2
(30, 49)
--> Day : 2
-> Request 0
273
(2, 2, 1)
2
(55, 17)
-> Request 1
651
(1, 2, 2)
3
(48, 30)
-> Request 2
853
(1, 2, 1)
1
(16, 11)
-> Request 3
934
(3, 1, 1)
2
(49, 37)
-> Request 4
1221
(2, 3, 1)
1
(61, 71)
-> Request 5
1319
(4, 2, 2)
3
(55, 38)
--> Day : 3
-> Request 0
5
(3, 3, 2)
2
(0, 73)
-> Request 1
204
(2, 1, 2)
3
(47, 37)
-> Request 2
587
(1, 3, 1)
3
(44, 39)
-> Request 3
710
(4, 1, 2)
2
(46, 34)
-> Request 4
928
(1, 3, 2)
1
(75, 26)
-> Request 5
1359
(2, 2, 2)
2
(53, 34)
--> Day : 4
-> Request 0
299
(2, 1, 2)
3
(28, 5)
-> Request 1
483
(1, 2, 2)
1
(79, 26)
-> Request 2
542
(1, 1, 1)
2
(74, 70)
-> Request 3
596
(4, 2, 2)
1
(58, 46)
-> Request 4
620
(4, 3, 1)
1
(45, 36)
-> Request 5
753
(3, 1, 1)
2
(48, 73)
-> Request 6
826
(2, 3, 2)
2
(67, 36)
-> Request 7
1082
(4, 1, 2)
2
(55, 67)
-> Request 8
1102
(1, 1, 2)
1
(49, 69)
-> Request 9
1104
(2, 2, 1)
3
(10, 25)
---> Week : 14
--> Day : 0
-> Request 0
254
(1, 2, 1)
3
(43, 38)
-> Request 1
550
(4, 3, 1)
2
(16, 26)
-> Request 2
646
(4, 2, 2)
1
(52, 76)
-> Request 3
1014
(1, 2, 1)
1
(63, 76)
-> Request 4
1057
(2, 1, 1)
1
(61, 76)
--> Day : 1
--> Day : 2
-> Request 0
11
(4, 1, 1)
2
(16, 71)
-> Request 1
556
(3, 1, 2)
2
(8, 21)
--> Day : 3
-> Request 0
444
(2, 1, 1)
1
(31, 67)
-> Request 1
452
(4, 1, 2)
1
(46, 27)
-> Request 2
470
(3, 1, 2)
3
(23, 51)
-> Request 3
667
(4, 1, 1)
1
(64, 64)
-> Request 4
775
(2, 1, 2)
1
(56, 69)
-> Request 5
1256
(1, 3, 2)
1
(56, 39)
-> Request 6
1334
(2, 2, 2)
3
(52, 41)
--> Day : 4
-> Request 0
33
(2, 3, 1)
1
(47, 20)
-> Request 1
294
(4, 1, 1)
3
(8, 29)
-> Request 2
564
(2, 3, 1)
1
(46, 32)
-> Request 3
938
(4, 2, 1)
1
(63, 8)
-> Request 4
1326
(2, 1, 2)
1
(0, 4)
---> Week : 15
--> Day : 0
-> Request 0
275
(3, 3, 2)
2
(53, 64)
-> Request 1
287
(1, 3, 2)
2
(10, 2)
-> Request 2
481
(4, 1, 2)
1
(42, 63)
-> Request 3
680
(3, 3, 1)
3
(43, 34)
-> Request 4
972
(1, 3, 1)
1
(56, 46)
-> Request 5
1184
(3, 2, 2)
2
(3, 28)
-> Request 6
1374
(4, 3, 1)
1
(8, 24)
--> Day : 1
-> Request 0
418
(2, 2, 2)
3
(62, 68)
-> Request 1
979
(4, 3, 1)
3
(79, 9)
-> Request 2
1080
(3, 3, 2)
3
(12, 5)
-> Request 3
1157
(2, 2, 1)
1
(50, 38)
-> Request 4
1315
(4, 2, 2)
1
(20, 29)
-> Request 5
1384
(2, 2, 2)
1
(53, 67)
-> Request 6
1436
(2, 2, 1)
3
(15, 23)
--> Day : 2
-> Request 0
223
(1, 2, 1)
2
(56, 57)
-> Request 1
292
(2, 3, 2)
2
(49, 70)
-> Request 2
439
(1, 2, 2)
1
(52, 37)
-> Request 3
460
(4, 1, 2)
3
(22, 23)
-> Request 4
749
(1, 3, 1)
2
(28, 50)
-> Request 5
755
(2, 3, 1)
1
(9, 28)
-> Request 6
1046
(3, 1, 2)
1
(76, 38)
--> Day : 3
-> Request 0
557
(3, 2, 2)
2
(27, 10)
-> Request 1
782
(1, 3, 1)
1
(59, 75)
-> Request 2
990
(2, 1, 2)
3
(63, 69)
-> Request 3
1110
(4, 2, 1)
2
(20, 10)
-> Request 4
1434
(1, 2, 2)
1
(59, 16)
--> Day : 4
-> Request 0
315
(4, 2, 2)
3
(48, 6)
-> Request 1
762
(4, 3, 1)
3
(60, 71)
-> Request 2
1122
(3, 3, 1)
3
(65, 72)
-> Request 3
1213
(3, 2, 2)
3
(58, 70)
---> Week : 16
--> Day : 0
-> Request 0
152
(1, 3, 2)
1
(58, 75)
-> Request 1
881
(3, 1, 2)
1
(63, 16)
-> Request 2
1121
(1, 2, 2)
2
(48, 30)
-> Request 3
1265
(2, 1, 2)
3
(55, 72)
-> Request 4
1265
(2, 2, 2)
2
(29, 62)
--> Day : 1
-> Request 0
215
(3, 1, 1)
1
(59, 44)
-> Request 1
270
(3, 1, 1)
3
(60, 27)
-> Request 2
384
(2, 2, 1)
2
(48, 39)
-> Request 3
572
(4, 2, 2)
3
(58, 75)
-> Request 4
702
(3, 2, 2)
2
(59, 74)
-> Request 5
771
(3, 1, 1)
1
(58, 69)
-> Request 6
873
(3, 1, 1)
1
(53, 30)
-> Request 7
876
(3, 3, 1)
2
(10, 31)
-> Request 8
920
(2, 3, 2)
3
(13, 28)
--> Day : 2
-> Request 0
242
(2, 3, 2)
3
(41, 71)
-> Request 1
423
(3, 1, 2)
2
(17, 34)
-> Request 2
789
(2, 1, 1)
1
(65, 37)
-> Request 3
946
(3, 3, 2)
3
(75, 47)
-> Request 4
979
(2, 2, 1)
2
(14, 28)
-> Request 5
1034
(1, 1, 1)
2
(59, 38)
--> Day : 3
-> Request 0
28
(4, 2, 1)
2
(60, 37)
-> Request 1
313
(4, 1, 2)
2
(55, 48)
-> Request 2
1383
(2, 3, 1)
2
(3, 5)
-> Request 3
1391
(3, 1, 2)
2
(55, 40)
--> Day : 4
-> Request 0
132
(3, 3, 2)
2
(5, 8)
-> Request 1
406
(3, 2, 2)
1
(53, 64)
-> Request 2
1201
(4, 2, 2)
3
(57, 44)
---> Week : 17
--> Day : 0
-> Request 0
445
(3, 3, 1)
2
(32, 39)
-> Request 1
470
(3, 2, 1)
2
(52, 39)
--> Day : 1
-> Request 0
633
(2, 1, 1)
1
(16, 22)
-> Request 1
767
(1, 1, 1)
2
(41, 66)
-> Request 2
818
(3, 3, 1)
1
(45, 41)
-> Request 3
1192
(1, 3, 1)
2
(37, 7)
-> Request 4
1216
(3, 2, 2)
1
(15, 59)
-> Request 5
1313
(4, 2, 2)
1
(30, 63)
--> Day : 2
-> Request 0
383
(2, 1, 2)
3
(57, 65)
-> Request 1
532
(2, 1, 1)
2
(20, 21)
-> Request 2
721
(2, 1, 1)
1
(66, 75)
-> Request 3
979
(3, 3, 1)
3
(56, 45)
--> Day : 3
-> Request 0
115
(2, 3, 1)
2
(65, 75)
-> Request 1
201
(1, 1, 1)
1
(47, 28)
-> Request 2
500
(1, 3, 1)
1
(54, 45)
-> Request 3
633
(4, 3, 2)
1
(1, 66)
-> Request 4
922
(3, 1, 2)
2
(47, 39)
-> Request 5
1341
(4, 1, 2)
3
(54, 78)
-> Request 6
1361
(1, 3, 1)
2
(15, 21)
--> Day : 4
-> Request 0
103
(1, 1, 1)
3
(22, 4)
-> Request 1
261
(3, 1, 1)
2
(62, 38)
-> Request 2
365
(3, 2, 1)
2
(54, 67)
-> Request 3
803
(1, 2, 2)
2
(19, 59)
-> Request 4
1368
(4, 2, 2)
1
(68, 62)
---> Week : 18
--> Day : 0
-> Request 0
169
(3, 2, 2)
2
(75, 67)
-> Request 1
221
(4, 3, 2)
3
(77, 27)
-> Request 2
989
(1, 2, 2)
3
(60, 75)
--> Day : 1
-> Request 0
278
(4, 2, 1)
1
(49, 47)
-> Request 1
295
(1, 1, 1)
1
(52, 73)
-> Request 2
953
(1, 1, 2)
3
(56, 59)
-> Request 3
961
(4, 2, 2)
2
(54, 30)
-> Request 4
961
(1, 3, 2)
1
(49, 60)
-> Request 5
1072
(4, 3, 2)
3
(26, 79)
-> Request 6
1137
(1, 1, 2)
3
(58, 33)
-> Request 7
1422
(2, 1, 1)
2
(64, 26)
--> Day : 2
-> Request 0
127
(2, 1, 1)
3
(17, 79)
-> Request 1
537
(3, 2, 2)
3
(48, 53)
-> Request 2
617
(3, 3, 1)
3
(56, 32)
-> Request 3
720
(4, 2, 1)
1
(44, 36)
-> Request 4
846
(1, 3, 2)
2
(29, 34)
-> Request 5
978
(4, 3, 2)
3
(57, 39)
-> Request 6
1280
(1, 1, 2)
1
(52, 67)
-> Request 7
1285
(4, 3, 1)
1
(71, 47)
-> Request 8
1346
(3, 2, 1)
2
(50, 36)
--> Day : 3
-> Request 0
315
(1, 3, 1)
1
(64, 73)
-> Request 1
427
(2, 1, 1)
1
(32, 66)
--> Day : 4
-> Request 0
399
(3, 3, 2)
1
(33, 5)
-> Request 1
463
(2, 3, 2)
2
(76, 39)
-> Request 2
643
(2, 2, 1)
2
(9, 71)
-> Request 3
913
(3, 1, 2)
1
(12, 2)
-> Request 4
992
(4, 2, 2)
1
(47, 46)
-> Request 5
1023
(1, 1, 2)
3
(49, 43)
-> Request 6
1185
(3, 3, 1)
3
(52, 36)
-> Request 7
1359
(4, 3, 1)
1
(49, 25)
---> Week : 19
--> Day : 0
-> Request 0
92
(1, 3, 1)
1
(8, 20)
-> Request 1
314
(2, 2, 2)
3
(70, 3)
-> Request 2
520
(3, 2, 1)
3
(3, 55)
-> Request 3
651
(2, 1, 1)
3
(45, 69)
-> Request 4
974
(3, 1, 2)
1
(11, 32)
-> Request 5
987
(1, 3, 1)
3
(25, 3)
--> Day : 1
-> Request 0
484
(2, 2, 1)
3
(40, 67)
-> Request 1
540
(4, 2, 1)
2
(15, 17)
-> Request 2
646
(3, 1, 2)
1
(43, 32)
-> Request 3
782
(3, 3, 1)
1
(34, 51)
-> Request 4
1090
(3, 3, 2)
3
(51, 32)
-> Request 5
1198
(4, 3, 1)
2
(46, 27)
-> Request 6
1408
(4, 2, 2)
3
(15, 27)
--> Day : 2
-> Request 0
391
(3, 2, 1)
1
(59, 41)
-> Request 1
471
(1, 1, 2)
1
(12, 24)
-> Request 2
481
(2, 2, 2)
2
(45, 41)
-> Request 3
483
(3, 2, 1)
2
(45, 35)
-> Request 4
756
(3, 3, 2)
1
(37, 62)
-> Request 5
781
(3, 3, 2)
2
(56, 78)
-> Request 6
797
(1, 2, 2)
1
(51, 39)
-> Request 7
834
(3, 1, 1)
3
(57, 45)
-> Request 8
901
(4, 2, 2)
3
(65, 55)
-> Request 9
1157
(3, 3, 2)
1
(55, 58)
-> Request 10
1349
(2, 1, 1)
3
(9, 20)
--> Day : 3
-> Request 0
414
(3, 2, 1)
2
(8, 11)
-> Request 1
449
(4, 2, 2)
1
(36, 8)
-> Request 2
685
(2, 3, 1)
2
(60, 72)
-> Request 3
1159
(3, 3, 1)
3
(44, 33)
--> Day : 4
-> Request 0
88
(1, 3, 2)
2
(53, 28)
-> Request 1
191
(3, 1, 1)
1
(66, 75)
-> Request 2
1112
(2, 2, 1)
3
(53, 66)
-> Request 3
1216
(4, 1, 1)
1
(62, 71)
