---> Week : 0
--> Day : 0
-> Request 0
163
(2, 3, 2)
1
(56, 28)
-> Request 1
262
(3, 1, 1)
2
(66, 29)
-> Request 2
493
(1, 1, 1)
1
(31, 68)
-> Request 3
525
(4, 1, 2)
1
(62, 31)
-> Request 4
635
(1, 1, 2)
1
(6, 31)
-> Request 5
959
(1, 3, 2)
1
(44, 32)
-> Request 6
1168
(4, 2, 1)
2
(32, 24)
-> Request 7
1246
(1, 2, 2)
3
(58, 41)
-> Request 8
1346
(4, 2, 2)
2
(54, 39)
-> Request 9
1395
(2, 3, 2)
1
(13, 26)
-> Request 10
1406
(1, 3, 2)
2
(11, 25)
--> Day : 1
-> Request 0
183
(4, 3, 2)
3
(61, 39)
-> Request 1
471
(4, 1, 1)
1
(73, 31)
-> Request 2
584
(2, 1, 2)
1
(58, 23)
-> Request 3
794
(2, 3, 2)
1
(52, 75)
-> Request 4
856
(3, 1, 1)
1
(16, 29)
-> Request 5
891
(3, 3, 1)
1
(26, 18)
--> Day : 2
-> Request 0
112
(4, 2, 1)
2
(14, 29)
-> Request 1
193
(2, 3, 2)
1
(58, 69)
-> Request 2
271
(4, 1, 1)
1
(65, 10)
-> Request 3
432
(1, 1, 1)
2
(78, 10)
-> Request 4
460
(4, 2, 1)
3
(49, 33)
-> Request 5
1061
(3, 1, 2)
1
(14, 0)
-> Request 6
1382
(3, 3, 2)
1
(57, 39)
--> Day : 3
-> Request 0
535
(2, 3, 2)
1
(59, 37)
-> Request 1
944
(2, 1, 1)
3
(61, 44)
-> Request 2
1153
(1, 2, 2)
1
(64, 13)
--> Day : 4
-> Request 0
177
(1, 3, 1)
3
(63, 75)
-> Request 1
183
(4, 3, 1)
2
(39, 57)
-> Request 2
302
(2, 3, 1)
3
(45, 75)
-> Request 3
536
(1, 2, 1)
1
(60, 39)
-> Request 4
864
(2, 1, 2)
2
(56, 37)
-> Request 5
885
(2, 3, 2)
3
(61, 37)
-> Request 6
1416
(1, 3, 2)
1
(17, 26)
---> Week : 1
--> Day : 0
-> Request 0
50
(2, 3, 2)
3
(61, 45)
-> Request 1
447
(1, 1, 2)
1
(41, 78)
-> Request 2
639
(3, 3, 2)
1
(31, 18)
-> Request 3
774
(3, 1, 2)
2
(54, 28)
-> Request 4
1055
(3, 3, 1)
3
(61, 41)
-> Request 5
1231
(3, 3, 2)
1
(48, 36)
--> Day : 1
-> Request 0
161
(1, 1, 2)
2
(60, 46)
-> Request 1
201
(4, 2, 2)
2
(55, 39)
-> Request 2
307
(4, 3, 1)
3
(57, 71)
-> Request 3
361
(1, 1, 2)
3
(57, 31)
-> Request 4
668
(2, 2, 1)
2
(8, 21)
-> Request 5
708
(3, 3, 2)
3
(22, 36)
-> Request 6
822
(3, 1, 2)
2
(31, 49)
-> Request 7
895
(2, 3, 2)
1
(35, 4)
-> Request 8
1340
(4, 1, 1)
2
(57, 31)
--> Day : 2
-> Request 0
65
(2, 3, 2)
3
(74, 6)
-> Request 1
82
(3, 2, 2)
3
(9, 15)
-> Request 2
238
(4, 3, 1)
2
(29, 14)
-> Request 3
265
(2, 2, 1)
3
(12, 68)
-> Request 4
329
(1, 2, 2)
2
(51, 30)
-> Request 5
333
(2, 3, 1)
1
(53, 70)
-> Request 6
379
(4, 1, 2)
1
(15, 43)
-> Request 7
540
(1, 3, 1)
1
(6, 8)
-> Request 8
668
(1, 2, 1)
2
(55, 34)
-> Request 9
868
(3, 2, 2)
2
(44, 39)
-> Request 10
1033
(4, 1, 2)
3
(1, 44)
-> Request 11
1091
(3, 3, 2)
1
(53, 33)
-> Request 12
1320
(3, 2, 1)
1
(44, 45)
-> Request 13
1437
(4, 2, 2)
1
(49, 42)
--> Day : 3
-> Request 0
342
(3, 3, 2)
2
(61, 77)
-> Request 1
425
(3, 3, 1)
1
(68, 61)
-> Request 2
447
(2, 1, 2)
3
(47, 33)
-> Request 3
757
(1, 1, 2)
1
(0, 66)
--> Day : 4
-> Request 0
534
(1, 1, 1)
3
(23, 0)
-> Request 1
544
(1, 2, 2)
1
(47, 31)
-> Request 2
690
(3, 1, 2)
3
(34, 10)
-> Request 3
738
(1, 3, 1)
2
(9, 23)
-> Request 4
794
(3, 2, 2)
2
(54, 41)
-> Request 5
912
(4, 3, 1)
3
(64, 68)
-> Request 6
1335
(3, 3, 2)
1
(47, 43)
---> Week : 2
--> Day : 0
-> Request 0
43
(2, 3, 2)
1
(60, 72)
-> Request 1
84
(2, 3, 2)
1
(55, 37)
-> Request 2
148
(4, 2, 2)
2
(53, 31)
-> Request 3
556
(1, 2, 2)
3
(56, 31)
-> Request 4
754
(4, 2, 1)
2
(59, 75)
-> Request 5
838
(2, 2, 1)
3
(59, 43)
-> Request 6
838
(1, 2, 1)
2
(75, 60)
-> Request 7
1008
(1, 2, 2)
2
(52, 51)
--> Day : 1
-> Request 0
77
(4, 2, 2)
1
(43, 35)
-> Request 1
420
(4, 2, 2)
3
(67, 74)
-> Request 2
499
(3, 2, 2)
3
(52, 75)
-> Request 3
681
(2, 2, 2)
1
(47, 27)
-> Request 4
1040
(1, 2, 1)
2
(46, 9)
--> Day : 2
-> Request 0
216
(2, 1, 2)
2
(21, 16)
-> Request 1
257
(1, 1, 2)
3
(13, 65)
-> Request 2
258
(3, 3, 2)
1
(52, 57)
-> Request 3
347
(1, 1, 2)
1
(31, 70)
--> Day : 3
-> Request 0
45
(4, 1, 1)
3
(62, 37)
-> Request 1
95
(4, 3, 1)
1
(4, 12)
-> Request 2
288
(4, 3, 2)
1
(78, 55)
-> Request 3
311
(3, 3, 2)
3
(18, 2)
-> Request 4
325
(4, 2, 1)
3
(61, 46)
-> Request 5
393
(3, 2, 2)
3
(54, 7)
-> Request 6
529
(1, 1, 1)
1
(65, 74)
-> Request 7
646
(4, 1, 2)
3
(54, 76)
-> Request 8
922
(3, 3, 2)
2
(31, 41)
-> Request 9
1073
(4, 1, 2)
2
(14, 25)
--> Day : 4
-> Request 0
34
(2, 2, 1)
1
(61, 9)
-> Request 1
50
(1, 2, 1)
1
(23, 75)
-> Request 2
475
(3, 1, 2)
1
(40, 73)
-> Request 3
908
(1, 1, 2)
2
(58, 26)
-> Request 4
986
(2, 2, 2)
3
(5, 77)
-> Request 5
1128
(1, 2, 2)
2
(78, 10)
---> Week : 3
--> Day : 0
-> Request 0
459
(1, 1, 1)
3
(64, 75)
-> Request 1
774
(4, 2, 1)
3
(49, 29)
-> Request 2
937
(3, 2, 1)
1
(8, 27)
-> Request 3
1075
(1, 1, 2)
3
(73, 13)
-> Request 4
1208
(4, 2, 1)
1
(15, 24)
-> Request 5
1294
(3, 2, 1)
1
(54, 44)
--> Day : 1
-> Request 0
318
(1, 3, 1)
3
(20, 20)
-> Request 1
579
(1, 2, 2)
1
(52, 71)
-> Request 2
598
(2, 3, 1)
2
(50, 34)
-> Request 3
987
(1, 2, 2)
3
(49, 68)
-> Request 4
1172
(1, 3, 1)
2
(24, 46)
-> Request 5
1298
(2, 3, 1)
3
(53, 35)
--> Day : 2
-> Request 0
347
(2, 1, 1)
1
(58, 75)
-> Request 1
578
(4, 3, 1)
3
(54, 31)
-> Request 2
674
(1, 1, 2)
1
(58, 37)
-> Request 3
883
(2, 3, 2)
1
(70, 28)
-> Request 4
1102
(2, 3, 1)
1
(12, 24)
--> Day : 3
-> Request 0
71
(3, 2, 1)
2
(48, 38)
-> Request 1
343
(1, 1, 2)
2
(19, 69)
-> Request 2
386
(1, 2, 2)
3
(64, 1)
-> Request 3
784
(1, 2, 2)
1
(49, 52)
-> Request 4
951
(3, 2, 2)
3
(13, 29)
--> Day : 4
-> Request 0
572
(1, 3, 2)
2
(59, 42)
-> Request 1
668
(1, 1, 2)
1
(46, 42)
-> Request 2
1107
(2, 3, 2)
2
(75, 49)
-> Request 3
1232
(1, 2, 2)
3
(65, 66)
---> Week : 4
--> Day : 0
-> Request 0
368
(4, 2, 2)
3
(13, 21)
-> Request 1
427
(2, 1, 2)
1
(54, 54)
-> Request 2
435
(1, 2, 2)
2
(36, 76)
-> Request 3
777
(3, 3, 1)
3
(37, 19)
-> Request 4
1118
(2, 1, 1)
2
(3, 20)
--> Day : 1
-> Request 0
193
(4, 1, 1)
1
(64, 77)
-> Request 1
371
(4, 1, 2)
2
(60, 63)
-> Request 2
405
(3, 2, 2)
3
(63, 65)
-> Request 3
513
(1, 2, 2)
3
(47, 41)
-> Request 4
638
(1, 3, 2)
2
(54, 44)
-> Request 5
727
(4, 2, 1)
3
(61, 78)
-> Request 6
1277
(4, 2, 1)
1
(45, 67)
-> Request 7
1375
(4, 1, 2)
1
(60, 27)
--> Day : 2
-> Request 0
210
(4, 2, 2)
2
(41, 56)
-> Request 1
250
(4, 3, 2)
1
(61, 56)
-> Request 2
269
(4, 2, 1)
3
(23, 36)
-> Request 3
856
(2, 1, 1)
1
(63, 68)
-> Request 4
1310
(2, 1, 2)
1
(37, 43)
--> Day : 3
-> Request 0
1296
(1, 2, 1)
2
(71, 56)
--> Day : 4
-> Request 0
14
(4, 1, 2)
3
(9, 28)
-> Request 1
146
(1, 1, 1)
1
(60, 74)
-> Request 2
461
(1, 1, 2)
2
(73, 66)
-> Request 3
800
(2, 3, 2)
2
(46, 46)
-> Request 4
1363
(1, 1, 2)
2
(6, 30)
-> Request 5
1408
(3, 2, 2)
3
(11, 41)
---> Week : 5
--> Day : 0
-> Request 0
94
(1, 3, 2)
3
(53, 63)
-> Request 1
98
(3, 2, 2)
1
(38, 77)
-> Request 2
121
(3, 3, 1)
2
(47, 31)
-> Request 3
285
(4, 2, 2)
1
(56, 61)
-> Request 4
334
(4, 1, 2)
2
(51, 29)
-> Request 5
363
(3, 1, 2)
2
(61, 69)
-> Request 6
390
(4, 2, 1)
2
(61, 78)
-> Request 7
401
(2, 3, 2)
3
(46, 29)
-> Request 8
611
(4, 3, 2)
1
(60, 30)
-> Request 9
718
(3, 2, 1)
1
(59, 44)
--> Day : 1
-> Request 0
10
(4, 1, 2)
1
(37, 79)
-> Request 1
42
(3, 1, 1)
1
(57, 35)
-> Request 2
593
(2, 1, 2)
3
(48, 27)
-> Request 3
966
(3, 1, 1)
2
(72, 73)
-> Request 4
1200
(3, 1, 1)
3
(44, 40)
--> Day : 2
-> Request 0
8
(1, 1, 2)
2
(18, 62)
-> Request 1
149
(1, 2, 1)
3
(16, 25)
-> Request 2
174
(4, 3, 2)
1
(56, 42)
-> Request 3
397
(3, 3, 2)
1
(29, 35)
-> Request 4
740
(4, 1, 1)
1
(55, 67)
-> Request 5
913
(2, 1, 1)
1
(57, 70)
-> Request 6
941
(4, 1, 1)
1
(50, 9)
-> Request 7
1433
(3, 3, 2)
2
(76, 1)
--> Day : 3
-> Request 0
97
(2, 2, 1)
3
(44, 33)
-> Request 1
520
(2, 3, 1)
1
(56, 72)
-> Request 2
633
(3, 3, 1)
1
(43, 40)
-> Request 3
674
(2, 2, 2)
1
(35, 38)
-> Request 4
747
(1, 3, 1)
2
(3, 25)
-> Request 5
951
(2, 3, 2)
1
(53, 28)
-> Request 6
1102
(4, 1, 2)
3
(65, 68)
--> Day : 4
-> Request 0
0
(4, 2, 2)
3
(25, 44)
-> Request 1
42
(3, 2, 1)
3
(48, 40)
-> Request 2
369
(2, 1, 2)
3
(63, 69)
-> Request 3
377
(3, 1, 1)
2
(45, 37)
-> Request 4
1185
(4, 1, 1)
1
(54, 30)
---> Week : 6
--> Day : 0
-> Request 0
178
(3, 2, 2)
1
(73, 39)
-> Request 1
493
(1, 2, 1)
1
(52, 68)
-> Request 2
694
(2, 1, 2)
3
(59, 73)
-> Request 3
893
(4, 3, 2)
1
(53, 79)
-> Request 4
994
(1, 1, 2)
3
(2, 64)
--> Day : 1
-> Request 0
381
(3, 2, 1)
3
(63, 78)
-> Request 1
486
(1, 2, 1)
1
(8, 29)
-> Request 2
849
(4, 2, 1)
2
(43, 45)
-> Request 3
1326
(3, 1, 2)
1
(51, 33)
--> Day : 2
-> Request 0
116
(1, 2, 1)
2
(78, 67)
-> Request 1
143
(3, 2, 1)
3
(72, 58)
-> Request 2
185
(2, 1, 1)
1
(59, 70)
-> Request 3
1145
(3, 1, 2)
1
(5, 56)
--> Day : 3
-> Request 0
287
(3, 3, 2)
2
(63, 68)
-> Request 1
371
(1, 2, 1)
2
(44, 42)
-> Request 2
1072
(1, 2, 2)
2
(58, 46)
-> Request 3
1427
(3, 1, 1)
2
(56, 31)
--> Day : 4
-> Request 0
80
(4, 2, 1)
2
(76, 66)
-> Request 1
404
(3, 2, 1)
3
(49, 27)
-> Request 2
477
(3, 2, 2)
3
(4, 60)
-> Request 3
710
(2, 3, 1)
1
(34, 37)
---> Week : 7
--> Day : 0
-> Request 0
1
(1, 3, 2)
2
(10, 56)
-> Request 1
11
(2, 1, 1)
3
(61, 68)
-> Request 2
42
(3, 3, 2)
1
(62, 32)
-> Request 3
416
(2, 1, 1)
1
(60, 34)
-> Request 4
644
(2, 3, 1)
3
(50, 48)
-> Request 5
645
(1, 2, 2)
1
(24, 26)
-> Request 6
689
(4, 2, 2)
3
(58, 37)
-> Request 7
732
(3, 2, 2)
3
(62, 75)
-> Request 8
767
(2, 3, 2)
3
(55, 72)
-> Request 9
852
(2, 3, 1)
2
(46, 35)
-> Request 10
1157
(2, 1, 2)
3
(30, 37)
-> Request 11
1318
(4, 1, 1)
1
(63, 74)
-> Request 12
1327
(3, 1, 1)
3
(5, 62)
--> Day : 1
-> Request 0
700
(2, 2, 1)
3
(11, 67)
-> Request 1
773
(2, 2, 1)
1
(13, 29)
--> Day : 2
-> Request 0
234
(2, 2, 2)
2
(71, 72)
-> Request 1
393
(2, 2, 2)
2
(60, 69)
-> Request 2
751
(3, 2, 1)
2
(44, 35)
-> Request 3
1217
(4, 1, 1)
2
(10, 17)
-> Request 4
1354
(1, 2, 2)
2
(71, 21)
--> Day : 3
-> Request 0
689
(4, 1, 2)
3
(52, 45)
-> Request 1
937
(3, 3, 1)
2
(59, 76)
-> Request 2
980
(1, 3, 1)
1
(73, 43)
--> Day : 4
-> Request 0
19
(1, 1, 1)
2
(57, 45)
-> Request 1
223
(4, 3, 1)
2
(62, 32)
-> Request 2
275
(3, 3, 2)
3
(41, 61)
-> Request 3
311
(1, 3, 2)
3
(48, 36)
-> Request 4
331
(3, 1, 2)
1
(19, 67)
-> Request 5
840
(1, 2, 1)
1
(43, 60)
-> Request 6
1004
(2, 3, 1)
3
(46, 34)
-> Request 7
1021
(1, 2, 1)
3
(49, 35)
---> Week : 8
--> Day : 0
-> Request 0
63
(3, 2, 2)
3
(51, 41)
--> Day : 1
-> Request 0
474
(1, 2, 2)
2
(57, 68)
-> Request 1
576
(3, 2, 1)
2
(25, 42)
--> Day : 2
-> Request 0
36
(4, 2, 2)
2
(27, 38)
-> Request 1
116
(2, 1, 1)
2
(14, 13)
-> Request 2
267
(2, 3, 2)
3
(51, 38)
-> Request 3
278
(4, 2, 1)
2
(72, 33)
-> Request 4
650
(1, 2, 1)
1
(21, 79)
-> Request 5
719
(4, 3, 1)
3
(56, 78)
-> Request 6
994
(4, 2, 1)
2
(0, 11)
--> Day : 3
-> Request 0
140
(2, 2, 1)
1
(47, 44)
-> Request 1
298
(4, 2, 1)
2
(62, 64)
-> Request 2
645
(1, 1, 1)
1
(20, 38)
-> Request 3
834
(2, 3, 1)
3
(62, 67)
-> Request 4
962
(4, 2, 2)
1
(42, 27)
--> Day : 4
-> Request 0
39
(1, 2, 1)
3
(79, 72)
-> Request 1
129
(4, 3, 1)
2
(52, 38)
-> Request 2
143
(4, 1, 1)
2
(58, 78)
-> Request 3
157
(1, 2, 1)
1
(58, 75)
-> Request 4
319
(4, 3, 1)
2
(8, 57)
-> Request 5
540
(1, 3, 1)
2
(66, 53)
-> Request 6
597
(3, 1, 1)
1
(34, 16)
-> Request 7
858
(2, 3, 2)
3
(64, 45)
-> Request 8
896
(4, 2, 1)
3
(42, 34)
-> Request 9
937
(3, 2, 1)
2
(76, 67)
-> Request 10
1198
(4, 3, 1)
3
(46, 33)
---> Week : 9
--> Day : 0
-> Request 0
225
(3, 2, 2)
3
(61, 27)
-> Request 1
544
(3, 3, 2)
2
(38, 75)
-> Request 2
711
(4, 1, 2)
1
(66, 76)
-> Request 3
956
(4, 3, 2)
2
(41, 42)
-> Request 4
1215
(1, 2, 1)
1
(57, 27)
--> Day : 1
-> Request 0
57
(1, 2, 1)
2
(44, 30)
-> Request 1
210
(3, 3, 2)
3
(49, 34)
-> Request 2
300
(4, 2, 2)
2
(44, 38)
-> Request 3
458
(4, 1, 2)
2
(11, 29)
-> Request 4
898
(3, 2, 1)
2
(32, 6)
-> Request 5
1387
(1, 2, 2)
3
(14, 2)
-> Request 6
1426
(4, 3, 2)
2
(5, 67)
--> Day : 2
-> Request 0
152
(1, 3, 1)
3
(60, 34)
-> Request 1
285
(2, 3, 1)
1
(56, 67)
-> Request 2
406
(1, 3, 2)
2
(55, 31)
-> Request 3
486
(2, 3, 2)
3
(45, 46)
-> Request 4
543
(1, 3, 1)
2
(31, 19)
-> Request 5
792
(4, 2, 1)
2
(38, 1)
-> Request 6
1113
(4, 3, 1)
2
(48, 46)
-> Request 7
1118
(1, 1, 2)
1
(9, 23)
-> Request 8
1163
(3, 1, 2)
2
(48, 23)
-> Request 9
1212
(2, 1, 2)
2
(47, 27)
-> Request 10
1396
(4, 1, 2)
3
(58, 74)
--> Day : 3
-> Request 0
219
(4, 3, 2)
1
(56, 35)
-> Request 1
344
(3, 1, 1)
2
(51, 38)
-> Request 2
624
(1, 1, 1)
1
(48, 79)
-> Request 3
991
(4, 1, 1)
1
(45, 46)
-> Request 4
1278
(3, 3, 2)
3
(4, 76)
-> Request 5
1374
(3, 2, 2)
3
(51, 31)
--> Day : 4
-> Request 0
247
(1, 2, 2)
1
(2, 77)
-> Request 1
368
(2, 2, 1)
2
(52, 46)
-> Request 2
480
(1, 1, 2)
1
(60, 41)
-> Request 3
716
(1, 3, 2)
3
(27, 56)
-> Request 4
764
(1, 2, 1)
1
(79, 41)
-> Request 5
799
(3, 3, 2)
3
(52, 37)
-> Request 6
837
(4, 2, 2)
2
(32, 18)
-> Request 7
1011
(4, 1, 1)
2
(15, 13)
-> Request 8
1200
(3, 1, 2)
3
(49, 37)
-> Request 9
1248
(3, 1, 2)
2
(43, 43)
---> Week : 10
--> Day : 0
-> Request 0
26
(2, 3, 1)
1
(8, 39)
-> Request 1
159
(2, 1, 1)
1
(54, 73)
-> Request 2
282
(1, 2, 2)
2
(14, 67)
-> Request 3
449
(4, 1, 1)
2
(44, 32)
-> Request 4
844
(3, 2, 1)
1
(61, 6)
-> Request 5
1003
(2, 3, 2)
2
(47, 41)
-> Request 6
1353
(3, 2, 1)
3
(65, 56)
--> Day : 1
-> Request 0
55
(2, 1, 2)
3
(52, 69)
-> Request 1
245
(1, 1, 1)
1
(20, 73)
-> Request 2
299
(4, 3, 2)
3
(57, 67)
-> Request 3
371
(2, 3, 1)
1
(59, 35)
-> Request 4
490
(3, 1, 1)
3
(53, 27)
-> Request 5
895
(2, 1, 1)
1
(59, 9)
-> Request 6
902
(3, 2, 2)
3
(54, 6)
-> Request 7
1142
(1, 3, 2)
2
(46, 38)
--> Day : 2
-> Request 0
19
(3, 1, 1)
2
(9, 29)
-> Request 1
344
(4, 3, 2)
1
(44, 24)
-> Request 2
350
(1, 1, 1)
1
(10, 19)
-> Request 3
471
(4, 1, 1)
2
(71, 18)
-> Request 4
973
(2, 3, 1)
3
(18, 24)
--> Day : 3
-> Request 0
77
(1, 2, 2)
2
(19, 68)
-> Request 1
588
(3, 1, 1)
3
(27, 74)
-> Request 2
820
(3, 3, 2)
2
(66, 8)
-> Request 3
1246
(4, 3, 1)
3
(31, 19)
--> Day : 4
-> Request 0
42
(1, 1, 1)
2
(62, 64)
-> Request 1
63
(4, 2, 1)
2
(47, 44)
-> Request 2
167
(1, 1, 2)
2
(64, 30)
-> Request 3
459
(3, 2, 2)
2
(59, 76)
-> Request 4
697
(1, 2, 2)
1
(61, 52)
-> Request 5
753
(2, 1, 2)
2
(0, 22)
-> Request 6
802
(3, 2, 2)
2
(59, 71)
-> Request 7
1056
(4, 3, 1)
2
(79, 54)
-> Request 8
1142
(3, 3, 1)
3
(10, 24)
-> Request 9
1335
(2, 1, 2)
2
(22, 16)
-> Request 10
1358
(1, 3, 1)
1
(68, 47)
-> Request 11
1365
(1, 3, 2)
1
(58, 70)
---> Week : 11
--> Day : 0
-> Request 0
43
(1, 2, 1)
3
(50, 30)
--> Day : 1
-> Request 0
73
(1, 3, 2)
1
(31, 23)
-> Request 1
176
(3, 1, 2)
3
(37, 28)
-> Request 2
447
(4, 2, 2)
1
(51, 70)
-> Request 3
567
(1, 3, 2)
1
(38, 78)
-> Request 4
708
(4, 2, 2)
3
(11, 23)
-> Request 5
884
(4, 3, 2)
1
(17, 25)
--> Day : 2
-> Request 0
279
(4, 2, 2)
3
(76, 67)
-> Request 1
388
(2, 3, 1)
1
(55, 35)
-> Request 2
1236
(2, 1, 1)
1
(53, 46)
--> Day : 3
-> Request 0
618
(3, 1, 2)
2
(50, 67)
-> Request 1
1009
(3, 3, 2)
3
(2, 54)
-> Request 2
1188
(1, 3, 1)
2
(63, 41)
--> Day : 4
-> Request 0
196
(3, 1, 1)
1
(33, 40)
-> Request 1
468
(2, 1, 1)
3
(55, 49)
-> Request 2
608
(2, 1, 2)
2
(68, 17)
-> Request 3
936
(3, 1, 1)
1
(55, 36)
---> Week : 12
--> Day : 0
-> Request 0
291
(2, 3, 1)
3
(12, 8)
-> Request 1
811
(2, 2, 1)
1
(39, 5)
-> Request 2
1206
(1, 2, 2)
2
(56, 18)
--> Day : 1
-> Request 0
70
(1, 1, 2)
3
(8, 70)
-> Request 1
159
(4, 2, 1)
1
(53, 33)
-> Request 2
194
(2, 2, 1)
2
(62, 78)
-> Request 3
923
(1, 2, 2)
1
(37, 61)
-> Request 4
1156
(1, 1, 1)
3
(54, 77)
-> Request 5
1244
(1, 3, 1)
2
(15, 25)
--> Day : 2
-> Request 0
122
(3, 2, 1)
1
(49, 42)
-> Request 1
270
(1, 2, 2)
3
(60, 39)
-> Request 2
297
(1, 2, 1)
3
(62, 28)
--> Day : 3
-> Request 0
123
(4, 1, 2)
2
(1, 31)
-> Request 1
325
(3, 2, 2)
3
(60, 35)
-> Request 2
581
(1, 1, 1)
1
(16, 71)
-> Request 3
803
(4, 2, 2)
3
(53, 69)
-> Request 4
1135
(4, 1, 2)
1
(55, 39)
-> Request 5
1372
(3, 1, 1)
1
(60, 77)
--> Day : 4
-> Request 0
220
(2, 1, 1)
2
(38, 76)
-> Request 1
359
(4, 3, 2)
2
(15, 55)
-> Request 2
370
(3, 3, 2)
3
(65, 67)
-> Request 3
432
(2, 3, 2)
1
(36, 40)
-> Request 4
523
(1, 1, 2)
1
(64, 78)
-> Request 5
646
(1, 1, 2)
3
(0, 21)
-> Request 6
694
(1, 2, 2)
3
(40, 67)
-> Request 7
984
(1, 3, 1)
2
(59, 29)
-> Request 8
1004
(4, 3, 2)
2
(61, 29)
-> Request 9
1182
(4, 1, 1)
1
(76, 2)
-> Request 10
1207
(2, 3, 2)
2
(43, 37)
-> Request 11
1410
(4, 2, 1)
2
(14, 25)
---> Week : 13
--> Day : 0
-> Request 0
132
(4, 3, 2)
1
(45, 33)
-> Request 1
188
(1, 2, 2)
1
(59, 75)
-> Request 2
466
(4, 2, 2)
2
(54, 64)
-> Request 3
678
(1, 3, 2)
1
(68, 41)
-> Request 4
822
(2, 3, 2)
3
(62, 73)
-> Request 5
825
(4, 1, 1)
2
(62, 47)
-> Request 6
878
(1, 2, 2)
1
(69, 59)
-> Request 7
1324
(4, 3, 2)
1
(49, 35)
--> Day : 1
-> Request 0
268
(2, 3, 1)
3
(72, 6)
-> Request 1
301
(1, 2, 1)
2
(74, 71)
-> Request 2
495
(4, 2, 2)
1
(63, 39)
-> Request 3
607
(1, 2, 2)
3
(6, 43)
-> Request 4
735
(1, 2, 2)
1
(43, 53)
-> Request 5
860
(4, 3, 1)
2
(56, 40)
-> Request 6
922
(2, 1, 1)
3
(61, 29)
-> Request 7
1031
(1, 3, 1)
1
(79, 57)
-> Request 8
1177
(3, 2, 1)
1
(56, 39)
--> Day : 2
-> Request 0
271
(1, 2, 2)
3
(67, 66)
-> Request 1
372
(3, 1, 1)
1
(50, 65)
-> Request 2
578
(3, 2, 1)
3
(8, 75)
-> Request 3
659
(1, 1, 1)
2
(9, 46)
-> Request 4
668
(4, 3, 2)
1
(58, 13)
-> Request 5
730
(4, 1, 1)
2
(56, 37)
-> Request 6
760
(3, 2, 2)
3
(55, 44)
-> Request 7
770
(1, 1, 1)
1
(10, 25)
-> Request 8
842
(2, 1, 1)
3
(45, 72)
-> Request 9
993
(3, 2, 1)
3
(60, 38)
-> Request 10
1005
(1, 2, 1)
2
(58, 35)
-> Request 11
1231
(4, 2, 2)
1
(32, 16)
-> Request 12
1341
(2, 2, 1)
3
(48, 41)
--> Day : 3
-> Request 0
167
(2, 3, 1)
3
(52, 66)
-> Request 1
302
(3, 1, 2)
1
(28, 0)
-> Request 2
306
(4, 2, 2)
2
(31, 51)
-> Request 3
661
(4, 1, 1)
3
(11, 12)
-> Request 4
1126
(3, 3, 2)
2
(18, 34)
-> Request 5
1432
(1, 2, 2)
1
(58, 78)
--> Day : 4
-> Request 0
542
(2, 2, 2)
3
(6, 57)
-> Request 1
896
(4, 3, 1)
3
(10, 3)
-> Request 2
898
(1, 2, 2)
2
(59, 78)
-> Request 3
939
(3, 1, 2)
3
(57, 32)
-> Request 4
1263
(2, 3, 2)
3
(59, 38)
---> Week : 14
--> Day : 0
-> Request 0
248
(3, 3, 1)
3
(44, 2)
-> Request 1
438
(2, 3, 2)
3
(46, 27)
-> Request 2
573
(2, 1, 2)
3
(60, 78)
-> Request 3
690
(1, 1, 2)
3
(6, 75)
-> Request 4
758
(2, 2, 2)
3
(59, 67)
-> Request 5
818
(4, 2, 2)
2
(20, 72)
--> Day : 1
-> Request 0
59
(2, 1, 2)
3
(8, 71)
-> Request 1
171
(4, 1, 2)
2
(27, 41)
-> Request 2
340
(1, 3, 1)
1
(49, 28)
-> Request 3
483
(3, 2, 2)
2
(49, 45)
-> Request 4
516
(2, 2, 2)
1
(68, 51)
-> Request 5
570
(2, 2, 2)
3
(55, 34)
-> Request 6
1007
(2, 1, 1)
1
(33, 43)
-> Request 7
1231
(4, 1, 2)
1
(58, 52)
--> Day : 2
-> Request 0
432
(4, 1, 1)
3
(59, 78)
-> Request 1
445
(4, 1, 1)
1
(4, 57)
-> Request 2
451
(1, 2, 2)
2
(14, 23)
-> Request 3
741
(1, 3, 2)
1
(53, 67)
-> Request 4
826
(3, 3, 2)
3
(58, 60)
-> Request 5
1327
(2, 3, 2)
3
(46, 38)
--> Day : 3
-> Request 0
448
(1, 2, 1)
2
(69, 60)
-> Request 1
540
(3, 3, 1)
2
(27, 24)
-> Request 2
607
(4, 2, 2)
1
(46, 44)
-> Request 3
1022
(4, 3, 1)
1
(2, 10)
-> Request 4
1276
(1, 1, 2)
2
(69, 35)
--> Day : 4
-> Request 0
112
(4, 3, 2)
2
(9, 20)
-> Request 1
218
(4, 2, 2)
1
(52, 70)
-> Request 2
324
(4, 2, 1)
1
(12, 27)
-> Request 3
692
(3, 1, 2)
3
(57, 35)
-> Request 4
1161
(3, 3, 2)
3
(48, 40)
-> Request 5
1307
(3, 1, 1)
1
(56, 43)
-> Request 6
1364
(4, 1, 2)
2
(26, 37)
---> Week : 15
--> Day : 0
-> Request 0
531
(1, 1, 2)
3
(15, 25)
-> Request 1
565
(1, 2, 2)
3
(65, 72)
-> Request 2
1202
(4, 3, 2)
1
(15, 26)
--> Day : 1
-> Request 0
18
(3, 3, 1)
2
(56, 33)
-> Request 1
295
(3, 3, 2)
2
(16, 44)
-> Request 2
342
(2, 1, 1)
1
(72, 38)
-> Request 3
498
(4, 2, 2)
3
(66, 69)
-> Request 4
521
(1, 3, 1)
2
(62, 72)
-> Request 5
1118
(1, 3, 1)
2
(58, 39)
-> Request 6
1327
(4, 2, 2)
1
(62, 71)
--> Day : 2
-> Request 0
109
(2, 2, 1)
2
(14, 28)
-> Request 1
637
(4, 2, 1)
2
(11, 21)
-> Request 2
719
(3, 1, 1)
2
(76, 79)
-> Request 3
855
(1, 3, 1)
1
(56, 39)
-> Request 4
915
(4, 3, 2)
1
(19, 36)
-> Request 5
965
(3, 3, 2)
3
(66, 76)
-> Request 6
967
(1, 2, 2)
1
(65, 69)
-> Request 7
1425
(3, 2, 1)
1
(37, 44)
--> Day : 3
-> Request 0
180
(2, 1, 2)
2
(61, 41)
-> Request 1
394
(3, 3, 1)
3
(49, 15)
-> Request 2
456
(4, 1, 1)
1
(65, 75)
-> Request 3
1181
(4, 3, 2)
3
(22, 12)
--> Day : 4
-> Request 0
192
(2, 1, 2)
1
(64, 34)
-> Request 1
527
(2, 1, 2)
2
(61, 41)
-> Request 2
606
(2, 3, 2)
1
(58, 75)
-> Request 3
676
(3, 1, 1)
2
(13, 22)
-> Request 4
697
(2, 3, 2)
1
(36, 33)
-> Request 5
1087
(3, 2, 2)
3
(73, 72)
-> Request 6
1267
(2, 2, 1)
2
(64, 73)
-> Request 7
1276
(4, 2, 1)
3
(45, 63)
---> Week : 16
--> Day : 0
-> Request 0
654
(2, 2, 2)
3
(49, 43)
-> Request 1
775
(3, 3, 2)
1
(59, 35)
-> Request 2
863
(1, 2, 1)
1
(49, 37)
-> Request 3
894
(1, 1, 2)
2
(62, 31)
-> Request 4
1252
(4, 2, 2)
3
(10, 39)
--> Day : 1
-> Request 0
34
(1, 3, 1)
1
(62, 68)
-> Request 1
108
(2, 2, 1)
3
(54, 36)
-> Request 2
194
(1, 3, 1)
2
(55, 20)
-> Request 3
222
(4, 3, 1)
3
(55, 12)
-> Request 4
390
(4, 1, 1)
2
(57, 27)
-> Request 5
391
(2, 2, 2)
3
(19, 77)
-> Request 6
868
(2, 1, 1)
1
(78, 49)
-> Request 7
1045
(3, 3, 2)
1
(22, 23)
-> Request 8
1341
(2, 3, 2)
3
(28, 37)
--> Day : 2
-> Request 0
273
(3, 2, 2)
1
(54, 66)
-> Request 1
289
(2, 1, 2)
2
(13, 54)
-> Request 2
412
(3, 3, 2)
1
(58, 72)
-> Request 3
715
(4, 1, 2)
2
(12, 25)
-> Request 4
1034
(4, 1, 2)
2
(46, 42)
-> Request 5
1076
(4, 1, 2)
1
(9, 20)
-> Request 6
1176
(2, 1, 1)
3
(43, 51)
--> Day : 3
-> Request 0
624
(1, 2, 2)
3
(4, 4)
-> Request 1
898
(4, 1, 1)
2
(54, 45)
-> Request 2
917
(2, 2, 2)
2
(75, 38)
-> Request 3
1037
(3, 1, 1)
2
(62, 52)
-> Request 4
1132
(4, 1, 2)
3
(49, 32)
-> Request 5
1407
(2, 3, 1)
2
(59, 32)
--> Day : 4
-> Request 0
628
(2, 1, 2)
3
(60, 69)
-> Request 1
778
(4, 3, 2)
2
(14, 22)
-> Request 2
813
(1, 2, 2)
2
(61, 38)
-> Request 3
1009
(2, 3, 2)
1
(13, 21)
-> Request 4
1172
(4, 2, 1)
2
(49, 29)
---> Week : 17
--> Day : 0
-> Request 0
19
(2, 1, 1)
2
(15, 67)
-> Request 1
383
(3, 3, 1)
3
(40, 76)
-> Request 2
392
(2, 2, 2)
3
(61, 2)
-> Request 3
577
(3, 2, 2)
2
(58, 78)
-> Request 4
825
(1, 3, 2)
2
(46, 38)
-> Request 5
1022
(3, 3, 2)
3
(9, 21)
-> Request 6
1363
(1, 2, 1)
1
(56, 67)
--> Day : 1
-> Request 0
150
(4, 1, 2)
3
(73, 54)
-> Request 1
265
(4, 2, 2)
1
(24, 38)
-> Request 2
722
(3, 1, 2)
2
(60, 70)
-> Request 3
938
(4, 2, 2)
1
(12, 20)
-> Request 4
1077
(1, 3, 2)
2
(54, 29)
-> Request 5
1087
(1, 1, 2)
1
(45, 33)
--> Day : 2
-> Request 0
93
(3, 2, 1)
1
(47, 40)
-> Request 1
946
(1, 1, 1)
1
(62, 29)
-> Request 2
1075
(3, 2, 2)
1
(79, 7)
-> Request 3
1292
(4, 1, 1)
1
(56, 12)
-> Request 4
1328
(4, 2, 2)
1
(53, 35)
--> Day : 3
-> Request 0
150
(1, 3, 1)
2
(59, 68)
-> Request 1
176
(3, 1, 2)
1
(11, 28)
-> Request 2
221
(4, 3, 2)
3
(44, 39)
-> Request 3
482
(2, 2, 1)
2
(17, 23)
-> Request 4
1161
(3, 1, 1)
3
(40, 32)
--> Day : 4
-> Request 0
509
(1, 1, 1)
3
(2, 70)
-> Request 1
796
(3, 2, 1)
3
(7, 2)
-> Request 2
1253
(4, 2, 2)
2
(43, 14)
---> Week : 18
--> Day : 0
-> Request 0
111
(2, 1, 2)
3
(1, 32)
-> Request 1
486
(4, 1, 2)
3
(79, 2)
-> Request 2
973
(3, 3, 1)
2
(17, 27)
-> Request 3
1418
(3, 2, 2)
3
(29, 0)
-> Request 4
1424
(1, 2, 2)
1
(62, 77)
--> Day : 1
-> Request 0
206
(2, 1, 1)
3
(43, 40)
-> Request 1
245
(2, 2, 2)
1
(31, 5)
-> Request 2
337
(1, 3, 1)
1
(10, 31)
-> Request 3
642
(2, 1, 1)
3
(57, 77)
-> Request 4
701
(1, 2, 1)
1
(46, 34)
-> Request 5
1417
(1, 3, 2)
2
(16, 23)
--> Day : 2
-> Request 0
433
(3, 3, 2)
3
(55, 65)
-> Request 1
806
(4, 3, 1)
2
(51, 37)
-> Request 2
1014
(3, 3, 1)
1
(55, 77)
-> Request 3
1196
(3, 3, 2)
3
(51, 61)
-> Request 4
1225
(4, 3, 2)
3
(22, 61)
--> Day : 3
-> Request 0
126
(1, 2, 2)
1
(47, 54)
-> Request 1
348
(4, 3, 1)
3
(47, 46)
-> Request 2
515
(2, 2, 2)
2
(57, 43)
-> Request 3
792
(1, 1, 2)
1
(65, 69)
-> Request 4
1036
(2, 3, 1)
3
(71, 48)
-> Request 5
1211
(1, 1, 1)
3
(49, 15)
--> Day : 4
-> Request 0
672
(2, 1, 1)
1
(1, 0)
-> Request 1
967
(3, 2, 2)
3
(53, 64)
-> Request 2
1040
(3, 3, 1)
2
(66, 73)
-> Request 3
1165
(3, 3, 1)
1
(33, 24)
---> Week : 19
--> Day : 0
-> Request 0
104
(4, 1, 2)
3
(1, 29)
-> Request 1
275
(1, 1, 2)
2
(62, 70)
-> Request 2
582
(1, 2, 1)
1
(65, 75)
-> Request 3
595
(3, 1, 1)
3
(20, 32)
-> Request 4
791
(3, 1, 1)
1
(57, 46)
-> Request 5
879
(1, 1, 1)
2
(27, 2)
-> Request 6
913
(2, 3, 2)
2
(7, 24)
-> Request 7
922
(4, 3, 2)
2
(55, 73)
-> Request 8
1133
(3, 3, 2)
1
(8, 43)
-> Request 9
1188
(2, 3, 2)
2
(65, 67)
--> Day : 1
-> Request 0
288
(1, 2, 1)
3
(36, 49)
-> Request 1
401
(1, 1, 1)
2
(52, 33)
-> Request 2
472
(3, 2, 2)
2
(69, 51)
-> Request 3
571
(1, 1, 2)
3
(50, 29)
-> Request 4
777
(2, 3, 2)
1
(53, 39)
-> Request 5
826
(3, 3, 2)
2
(61, 78)
-> Request 6
850
(1, 1, 2)
3
(73, 23)
-> Request 7
933
(3, 3, 1)
2
(59, 26)
-> Request 8
1120
(3, 3, 2)
2
(45, 32)
--> Day : 2
-> Request 0
279
(2, 2, 1)
1
(45, 38)
-> Request 1
439
(3, 2, 1)
1
(4, 72)
-> Request 2
509
(4, 1, 2)
2
(30, 19)
-> Request 3
540
(4, 3, 1)
3
(58, 31)
-> Request 4
720
(3, 2, 2)
2
(47, 34)
-> Request 5
1038
(3, 2, 1)
2
(11, 37)
-> Request 6
1255
(1, 1, 2)
2
(56, 72)
-> Request 7
1268
(4, 1, 1)
3
(48, 35)
--> Day : 3
-> Request 0
13
(2, 2, 2)
3
(14, 42)
-> Request 1
141
(2, 2, 2)
3
(4, 6)
-> Request 2
518
(4, 2, 2)
2
(64, 15)
-> Request 3
615
(1, 1, 2)
1
(43, 37)
-> Request 4
894
(4, 3, 1)
2
(17, 23)
-> Request 5
1081
(1, 3, 2)
1
(62, 75)
--> Day : 4
-> Request 0
322
(2, 1, 1)
2
(48, 24)
-> Request 1
367
(1, 3, 2)
3
(50, 43)
-> Request 2
405
(3, 1, 2)
1
(50, 36)
-> Request 3
1002
(3, 1, 1)
1
(62, 34)
-> Request 4
1409
(2, 3, 2)
1
(57, 35)
