---> Week : 0
--> Day : 0
-> Request 0
2
(2, 1, 2)
1
(41, 68)
-> Request 1
21
(4, 3, 1)
3
(54, 69)
-> Request 2
268
(2, 2, 2)
2
(47, 40)
-> Request 3
336
(3, 2, 1)
2
(63, 67)
-> Request 4
966
(2, 3, 2)
2
(68, 11)
-> Request 5
1025
(4, 3, 2)
1
(28, 49)
-> Request 6
1081
(3, 2, 1)
1
(39, 25)
-> Request 7
1125
(1, 3, 2)
1
(12, 21)
-> Request 8
1144
(2, 2, 2)
3
(0, 7)
-> Request 9
1156
(1, 3, 1)
3
(15, 28)
-> Request 10
1360
(2, 1, 2)
1
(64, 72)
-> Request 11
1372
(4, 1, 1)
1
(60, 43)
-> Request 12
1402
(1, 2, 1)
3
(52, 48)
--> Day : 1
-> Request 0
56
(1, 1, 2)
1
(12, 23)
-> Request 1
64
(4, 2, 2)
2
(16, 21)
-> Request 2
80
(1, 1, 2)
1
(8, 9)
-> Request 3
116
(3, 2, 2)
1
(47, 30)
-> Request 4
183
(2, 2, 1)
2
(66, 36)
-> Request 5
583
(2, 1, 2)
2
(63, 71)
-> Request 6
632
(2, 3, 2)
1
(35, 57)
-> Request 7
737
(3, 2, 2)
3
(61, 37)
-> Request 8
744
(1, 2, 1)
2
(53, 71)
-> Request 9
793
(4, 3, 2)
1
(63, 72)
--> Day : 2
-> Request 0
52
(4, 1, 1)
1
(62, 45)
-> Request 1
139
(4, 3, 2)
3
(48, 43)
-> Request 2
682
(3, 1, 2)
3
(60, 36)
-> Request 3
818
(1, 2, 2)
1
(55, 32)
-> Request 4
824
(2, 3, 2)
2
(8, 41)
--> Day : 3
-> Request 0
378
(4, 1, 1)
1
(50, 36)
-> Request 1
876
(1, 2, 1)
3
(56, 74)
-> Request 2
1296
(2, 1, 1)
1
(50, 28)
-> Request 3
1318
(4, 1, 1)
3
(57, 44)
--> Day : 4
-> Request 0
32
(1, 3, 1)
1
(46, 30)
-> Request 1
239
(4, 2, 1)
2
(51, 39)
-> Request 2
267
(2, 2, 2)
3
(9, 20)
-> Request 3
565
(1, 2, 1)
2
(11, 20)
-> Request 4
611
(4, 2, 1)
1
(64, 70)
-> Request 5
788
(3, 1, 1)
1
(49, 29)
-> Request 6
1269
(4, 2, 2)
3
(45, 45)
-> Request 7
1436
(4, 2, 1)
3
(61, 68)
---> Week : 1
--> Day : 0
-> Request 0
322
(2, 3, 2)
2
(59, 36)
-> Request 1
624
(1, 1, 2)
2
(49, 29)
-> Request 2
1020
(4, 2, 1)
2
(23, 79)
-> Request 3
1137
(1, 2, 2)
1
(74, 56)
-> Request 4
1306
(1, 1, 1)
1
(40, 39)
--> Day : 1
-> Request 0
208
(4, 1, 1)
2
(8, 25)
-> Request 1
283
(2, 2, 2)
2
(59, 43)
-> Request 2
442
(1, 2, 2)
2
(64, 64)
-> Request 3
685
(1, 2, 2)
2
(61, 64)
-> Request 4
775
(3, 2, 1)
1
(59, 33)
-> Request 5
784
(1, 2, 2)
2
(30, 40)
-> Request 6
1198
(2, 1, 1)
2
(10, 1)
-> Request 7
1220
(4, 2, 1)
3
(49, 30)
--> Day : 2
-> Request 0
252
(4, 1, 1)
3
(54, 75)
-> Request 1
407
(4, 1, 2)
1
(60, 40)
-> Request 2
507
(2, 2, 2)
3
(57, 31)
-> Request 3
586
(3, 2, 1)
2
(70, 68)
-> Request 4
866
(1, 3, 1)
1
(51, 30)
-> Request 5
1360
(2, 2, 1)
3
(46, 45)
--> Day : 3
-> Request 0
280
(3, 2, 2)
1
(43, 26)
-> Request 1
484
(4, 2, 1)
1
(20, 35)
-> Request 2
542
(3, 3, 2)
3
(8, 23)
-> Request 3
845
(2, 2, 1)
1
(47, 34)
-> Request 4
1226
(2, 3, 2)
2
(21, 73)
-> Request 5
1437
(4, 2, 2)
2
(57, 38)
--> Day : 4
-> Request 0
238
(3, 2, 1)
1
(31, 62)
-> Request 1
540
(4, 2, 1)
2
(53, 32)
-> Request 2
680
(2, 3, 1)
2
(12, 25)
-> Request 3
836
(4, 1, 1)
3
(56, 68)
---> Week : 2
--> Day : 0
-> Request 0
74
(2, 1, 2)
1
(65, 48)
-> Request 1
86
(4, 1, 2)
1
(33, 57)
-> Request 2
355
(2, 1, 2)
1
(59, 68)
-> Request 3
368
(4, 2, 2)
3
(33, 29)
-> Request 4
907
(2, 1, 1)
3
(78, 56)
-> Request 5
1063
(2, 2, 2)
1
(62, 67)
-> Request 6
1434
(2, 1, 2)
1
(77, 59)
--> Day : 1
-> Request 0
466
(4, 1, 2)
1
(60, 69)
-> Request 1
548
(1, 3, 2)
3
(57, 34)
-> Request 2
852
(4, 1, 1)
3
(14, 24)
-> Request 3
936
(2, 3, 1)
1
(15, 58)
-> Request 4
1008
(2, 1, 2)
2
(53, 32)
-> Request 5
1047
(2, 1, 1)
2
(0, 79)
-> Request 6
1363
(3, 3, 1)
2
(63, 77)
--> Day : 2
-> Request 0
211
(1, 3, 2)
3
(13, 62)
-> Request 1
241
(1, 1, 2)
3
(43, 46)
-> Request 2
314
(2, 2, 1)
2
(61, 35)
-> Request 3
999
(3, 1, 2)
1
(58, 28)
-> Request 4
1036
(2, 1, 1)
2
(8, 21)
--> Day : 3
-> Request 0
144
(3, 3, 2)
3
(65, 64)
-> Request 1
434
(1, 3, 1)
1
(47, 2)
-> Request 2
1039
(3, 2, 2)
1
(53, 47)
-> Request 3
1100
(3, 3, 2)
2
(9, 57)
-> Request 4
1128
(3, 1, 1)
2
(60, 68)
-> Request 5
1346
(1, 2, 2)
2
(6, 47)
-> Request 6
1364
(4, 3, 2)
1
(16, 16)
--> Day : 4
-> Request 0
33
(1, 1, 1)
1
(43, 24)
-> Request 1
52
(4, 3, 1)
3
(17, 78)
-> Request 2
336
(4, 3, 2)
1
(66, 25)
-> Request 3
751
(1, 1, 1)
1
(17, 15)
---> Week : 3
--> Day : 0
-> Request 0
196
(1, 1, 2)
3
(16, 48)
-> Request 1
251
(4, 3, 2)
2
(57, 30)
-> Request 2
323
(1, 3, 2)
2
(66, 70)
-> Request 3
353
(2, 1, 2)
1
(56, 42)
-> Request 4
697
(2, 1, 1)
2
(49, 45)
-> Request 5
813
(2, 3, 2)
2
(51, 40)
-> Request 6
864
(1, 2, 2)
2
(56, 30)
-> Request 7
966
(4, 1, 1)
1
(43, 27)
-> Request 8
1175
(1, 1, 1)
2
(49, 42)
-> Request 9
1275
(2, 1, 2)
1
(72, 62)
--> Day : 1
-> Request 0
136
(3, 2, 2)
2
(53, 39)
-> Request 1
161
(2, 3, 2)
1
(59, 38)
-> Request 2
318
(2, 1, 1)
3
(44, 41)
-> Request 3
617
(1, 1, 1)
3
(43, 11)
-> Request 4
1254
(1, 2, 2)
1
(9, 21)
--> Day : 2
-> Request 0
150
(1, 1, 1)
3
(48, 71)
-> Request 1
151
(4, 3, 1)
1
(45, 30)
-> Request 2
246
(3, 2, 2)
3
(76, 5)
-> Request 3
270
(1, 3, 1)
3
(52, 75)
-> Request 4
331
(4, 2, 1)
2
(49, 34)
-> Request 5
351
(2, 3, 1)
2
(43, 30)
-> Request 6
529
(2, 3, 1)
2
(6, 60)
-> Request 7
830
(4, 3, 2)
3
(64, 66)
-> Request 8
899
(1, 2, 2)
2
(59, 76)
--> Day : 3
-> Request 0
251
(3, 3, 1)
3
(15, 16)
-> Request 1
345
(1, 3, 2)
2
(44, 43)
-> Request 2
493
(1, 1, 1)
1
(53, 28)
-> Request 3
563
(1, 1, 1)
3
(59, 76)
-> Request 4
988
(4, 3, 2)
1
(58, 77)
-> Request 5
1158
(2, 3, 1)
1
(59, 42)
-> Request 6
1340
(2, 3, 2)
1
(1, 44)
-> Request 7
1398
(3, 1, 2)
1
(36, 16)
-> Request 8
1429
(2, 1, 1)
3
(57, 34)
--> Day : 4
-> Request 0
79
(4, 2, 1)
3
(52, 65)
-> Request 1
178
(1, 3, 2)
2
(19, 42)
-> Request 2
206
(3, 3, 1)
1
(53, 70)
-> Request 3
217
(4, 3, 1)
1
(47, 59)
-> Request 4
528
(4, 2, 1)
3
(32, 51)
-> Request 5
610
(4, 1, 2)
2
(70, 75)
-> Request 6
1100
(2, 2, 1)
3
(54, 45)
-> Request 7
1260
(4, 1, 1)
3
(60, 34)
-> Request 8
1299
(3, 3, 2)
1
(40, 22)
-> Request 9
1303
(1, 2, 2)
1
(9, 21)
-> Request 10
1346
(1, 1, 1)
2
(26, 15)
-> Request 11
1434
(1, 1, 1)
1
(8, 29)
---> Week : 4
--> Day : 0
-> Request 0
159
(2, 2, 2)
1
(4, 50)
-> Request 1
466
(1, 3, 2)
3
(47, 28)
-> Request 2
490
(1, 3, 1)
1
(4, 70)
-> Request 3
732
(4, 2, 1)
3
(61, 33)
-> Request 4
769
(4, 1, 1)
3
(55, 39)
-> Request 5
770
(2, 2, 2)
3
(69, 44)
-> Request 6
1118
(4, 1, 2)
2
(11, 30)
-> Request 7
1377
(2, 3, 1)
1
(57, 10)
-> Request 8
1412
(4, 2, 1)
2
(45, 41)
--> Day : 1
-> Request 0
14
(3, 2, 2)
1
(65, 64)
-> Request 1
197
(3, 2, 2)
2
(5, 66)
-> Request 2
494
(4, 3, 1)
3
(10, 74)
--> Day : 2
-> Request 0
128
(2, 3, 2)
2
(8, 23)
-> Request 1
194
(4, 3, 1)
1
(36, 0)
-> Request 2
491
(1, 3, 1)
3
(32, 73)
-> Request 3
1080
(3, 1, 1)
1
(64, 76)
-> Request 4
1335
(3, 3, 2)
2
(62, 64)
-> Request 5
1340
(4, 3, 2)
3
(63, 71)
--> Day : 3
-> Request 0
75
(4, 1, 1)
1
(11, 67)
-> Request 1
118
(2, 2, 1)
2
(77, 0)
-> Request 2
605
(4, 1, 1)
2
(38, 33)
-> Request 3
713
(1, 3, 2)
2
(19, 58)
-> Request 4
827
(2, 2, 2)
2
(65, 70)
-> Request 5
1061
(3, 3, 1)
1
(50, 27)
-> Request 6
1070
(2, 2, 2)
3
(48, 36)
-> Request 7
1177
(4, 2, 1)
3
(52, 44)
-> Request 8
1221
(3, 3, 1)
3
(4, 34)
-> Request 9
1331
(4, 3, 1)
3
(12, 23)
-> Request 10
1375
(4, 2, 1)
2
(15, 20)
--> Day : 4
-> Request 0
90
(1, 2, 2)
1
(60, 77)
-> Request 1
117
(1, 1, 1)
1
(54, 72)
-> Request 2
296
(1, 3, 2)
2
(46, 27)
-> Request 3
308
(4, 1, 1)
3
(50, 31)
-> Request 4
545
(2, 3, 2)
1
(47, 37)
-> Request 5
620
(4, 2, 1)
2
(52, 39)
-> Request 6
687
(1, 1, 2)
1
(55, 66)
-> Request 7
1385
(3, 3, 1)
3
(61, 29)
---> Week : 5
--> Day : 0
-> Request 0
7
(3, 3, 2)
3
(35, 16)
-> Request 1
222
(1, 2, 1)
1
(48, 46)
-> Request 2
714
(3, 3, 1)
1
(38, 30)
-> Request 3
1045
(1, 3, 2)
2
(62, 27)
-> Request 4
1052
(2, 2, 1)
3
(40, 40)
-> Request 5
1110
(4, 3, 2)
2
(59, 31)
-> Request 6
1419
(3, 2, 2)
2
(50, 35)
--> Day : 1
-> Request 0
965
(1, 2, 2)
1
(55, 68)
-> Request 1
1429
(3, 2, 1)
1
(60, 45)
--> Day : 2
-> Request 0
21
(3, 2, 1)
3
(58, 75)
-> Request 1
124
(1, 1, 2)
3
(22, 49)
-> Request 2
498
(1, 2, 2)
1
(2, 34)
-> Request 3
649
(1, 2, 1)
1
(5, 36)
-> Request 4
1337
(2, 1, 1)
2
(58, 41)
--> Day : 3
-> Request 0
39
(1, 2, 1)
1
(48, 36)
-> Request 1
301
(4, 3, 2)
2
(60, 33)
-> Request 2
425
(2, 1, 1)
2
(49, 42)
-> Request 3
639
(4, 3, 2)
2
(63, 73)
-> Request 4
818
(4, 3, 1)
3
(45, 43)
--> Day : 4
-> Request 0
363
(2, 2, 1)
1
(15, 26)
-> Request 1
479
(1, 2, 2)
1
(54, 65)
-> Request 2
824
(3, 3, 1)
1
(12, 44)
-> Request 3
916
(3, 1, 2)
2
(10, 23)
---> Week : 6
--> Day : 0
-> Request 0
299
(4, 1, 1)
1
(59, 74)
-> Request 1
604
(3, 3, 2)
1
(44, 2)
-> Request 2
945
(2, 3, 2)
2
(63, 63)
-> Request 3
1024
(2, 2, 1)
2
(56, 28)
-> Request 4
1068
(3, 1, 1)
2
(34, 67)
-> Request 5
1107
(2, 1, 2)
2
(61, 32)
-> Request 6
1421
(2, 2, 2)
2
(54, 65)
--> Day : 1
-> Request 0
60
(4, 3, 2)
3
(57, 14)
-> Request 1
137
(4, 3, 2)
2
(32, 53)
-> Request 2
319
(4, 2, 2)
2
(16, 22)
-> Request 3
399
(2, 1, 1)
3
(9, 39)
-> Request 4
614
(4, 3, 2)
2
(59, 30)
-> Request 5
633
(2, 3, 2)
2
(2, 44)
-> Request 6
1061
(2, 1, 2)
3
(38, 79)
-> Request 7
1233
(2, 1, 2)
2
(9, 76)
-> Request 8
1425
(1, 2, 2)
2
(71, 62)
--> Day : 2
-> Request 0
41
(1, 3, 2)
1
(6, 75)
-> Request 1
141
(2, 3, 1)
2
(53, 66)
-> Request 2
514
(4, 1, 1)
1
(56, 36)
-> Request 3
773
(2, 2, 1)
2
(21, 20)
-> Request 4
873
(3, 3, 1)
2
(2, 13)
-> Request 5
1108
(3, 3, 2)
2
(33, 43)
-> Request 6
1270
(3, 2, 2)
3
(53, 31)
-> Request 7
1336
(2, 3, 1)
1
(15, 20)
--> Day : 3
-> Request 0
148
(4, 1, 2)
2
(57, 63)
-> Request 1
493
(4, 1, 1)
2
(12, 27)
-> Request 2
598
(1, 1, 2)
2
(77, 13)
-> Request 3
668
(3, 1, 2)
1
(48, 38)
-> Request 4
718
(4, 2, 2)
1
(59, 43)
-> Request 5
1179
(2, 2, 2)
1
(23, 70)
--> Day : 4
-> Request 0
248
(4, 2, 2)
2
(52, 71)
-> Request 1
649
(3, 1, 2)
2
(55, 34)
-> Request 2
903
(1, 2, 1)
3
(54, 67)
---> Week : 7
--> Day : 0
-> Request 0
715
(4, 1, 2)
3
(44, 45)
-> Request 1
820
(1, 3, 1)
3
(52, 9)
-> Request 2
1212
(3, 1, 2)
2
(51, 43)
-> Request 3
1382
(2, 1, 2)
2
(49, 28)
--> Day : 1
-> Request 0
89
(4, 2, 2)
2
(8, 23)
-> Request 1
267
(1, 1, 2)
3
(20, 75)
-> Request 2
546
(1, 2, 1)
3
(43, 41)
-> Request 3
607
(1, 2, 1)
3
(54, 45)
-> Request 4
934
(1, 3, 1)
3
(9, 29)
-> Request 5
1263
(1, 1, 1)
1
(46, 30)
-> Request 6
1281
(3, 2, 2)
3
(32, 73)
--> Day : 2
-> Request 0
331
(2, 3, 1)
1
(50, 36)
-> Request 1
380
(3, 3, 2)
3
(69, 75)
-> Request 2
403
(1, 2, 1)
1
(54, 28)
-> Request 3
433
(4, 3, 1)
3
(14, 42)
-> Request 4
530
(2, 3, 1)
2
(53, 43)
-> Request 5
698
(1, 3, 1)
2
(78, 63)
-> Request 6
722
(3, 3, 2)
1
(16, 8)
-> Request 7
898
(2, 2, 1)
3
(54, 34)
-> Request 8
1136
(1, 2, 1)
3
(38, 4)
-> Request 9
1282
(4, 2, 2)
3
(8, 5)
-> Request 10
1372
(2, 3, 2)
1
(54, 34)
--> Day : 3
-> Request 0
186
(1, 1, 2)
2
(52, 45)
-> Request 1
289
(2, 3, 2)
2
(49, 37)
-> Request 2
382
(3, 2, 2)
3
(43, 33)
-> Request 3
611
(4, 3, 1)
1
(58, 65)
-> Request 4
643
(1, 3, 2)
2
(49, 62)
--> Day : 4
-> Request 0
153
(4, 3, 2)
1
(47, 45)
-> Request 1
211
(3, 3, 2)
2
(11, 22)
-> Request 2
971
(4, 3, 2)
1
(12, 21)
---> Week : 8
--> Day : 0
-> Request 0
201
(1, 3, 2)
1
(48, 37)
-> Request 1
434
(3, 1, 2)
3
(58, 37)
-> Request 2
442
(1, 1, 2)
2
(55, 34)
-> Request 3
564
(3, 2, 2)
3
(12, 22)
-> Request 4
852
(4, 2, 1)
3
(61, 45)
-> Request 5
1213
(1, 3, 2)
3
(52, 46)
--> Day : 1
-> Request 0
41
(3, 1, 1)
3
(61, 77)
-> Request 1
156
(2, 3, 2)
2
(58, 36)
-> Request 2
346
(3, 2, 1)
3
(66, 74)
-> Request 3
607
(1, 1, 2)
3
(23, 4)
-> Request 4
710
(3, 3, 1)
1
(48, 42)
-> Request 5
877
(4, 3, 2)
3
(1, 27)
-> Request 6
910
(3, 1, 2)
1
(47, 61)
-> Request 7
1214
(4, 2, 1)
1
(15, 20)
--> Day : 2
-> Request 0
1
(1, 1, 1)
1
(45, 43)
-> Request 1
566
(1, 1, 1)
2
(60, 56)
-> Request 2
620
(3, 2, 1)
3
(34, 38)
-> Request 3
706
(3, 1, 1)
2
(56, 76)
-> Request 4
965
(3, 2, 1)
3
(34, 22)
--> Day : 3
-> Request 0
310
(4, 3, 2)
2
(58, 46)
-> Request 1
626
(3, 3, 2)
3
(12, 21)
-> Request 2
638
(1, 2, 2)
2
(52, 27)
-> Request 3
724
(4, 2, 1)
1
(13, 30)
-> Request 4
937
(2, 3, 2)
3
(17, 11)
-> Request 5
1031
(2, 2, 2)
3
(47, 27)
--> Day : 4
-> Request 0
185
(2, 2, 2)
1
(53, 31)
-> Request 1
633
(2, 1, 2)
1
(1, 33)
-> Request 2
1121
(3, 3, 1)
2
(54, 72)
---> Week : 9
--> Day : 0
-> Request 0
313
(3, 2, 1)
1
(70, 49)
-> Request 1
486
(1, 3, 1)
1
(68, 25)
-> Request 2
587
(4, 2, 1)
1
(55, 37)
-> Request 3
737
(3, 1, 2)
1
(9, 21)
-> Request 4
804
(4, 3, 2)
3
(50, 55)
-> Request 5
1168
(4, 2, 2)
2
(14, 21)
-> Request 6
1397
(4, 3, 2)
1
(4, 25)
--> Day : 1
-> Request 0
5
(1, 2, 2)
1
(49, 33)
-> Request 1
57
(2, 3, 1)
1
(38, 73)
-> Request 2
227
(3, 3, 2)
3
(62, 45)
-> Request 3
333
(4, 3, 2)
1
(74, 45)
-> Request 4
336
(2, 3, 1)
2
(74, 31)
-> Request 5
484
(2, 1, 2)
1
(17, 67)
-> Request 6
757
(1, 3, 2)
3
(24, 44)
-> Request 7
1181
(2, 2, 1)
1
(25, 27)
-> Request 8
1236
(1, 1, 2)
3
(65, 64)
-> Request 9
1248
(3, 2, 2)
1
(44, 36)
--> Day : 2
-> Request 0
15
(2, 1, 1)
2
(39, 60)
-> Request 1
31
(4, 1, 1)
1
(53, 73)
-> Request 2
45
(3, 1, 1)
3
(53, 34)
-> Request 3
82
(3, 3, 1)
2
(65, 71)
-> Request 4
332
(3, 2, 2)
1
(23, 0)
-> Request 5
558
(2, 2, 1)
1
(45, 40)
-> Request 6
608
(1, 2, 2)
1
(11, 38)
-> Request 7
678
(4, 2, 2)
3
(14, 22)
-> Request 8
1107
(4, 2, 2)
3
(8, 24)
--> Day : 3
-> Request 0
40
(3, 2, 2)
2
(44, 32)
-> Request 1
385
(3, 2, 1)
1
(65, 67)
-> Request 2
392
(3, 1, 2)
1
(62, 32)
-> Request 3
940
(1, 2, 1)
2
(77, 19)
-> Request 4
1125
(1, 2, 1)
1
(57, 45)
-> Request 5
1366
(3, 3, 2)
1
(59, 46)
-> Request 6
1398
(1, 2, 2)
2
(13, 6)
--> Day : 4
-> Request 0
56
(2, 1, 1)
2
(49, 36)
-> Request 1
150
(2, 1, 1)
2
(54, 76)
-> Request 2
320
(3, 1, 1)
2
(47, 27)
-> Request 3
369
(4, 2, 2)
2
(1, 58)
-> Request 4
392
(1, 3, 2)
2
(24, 56)
-> Request 5
663
(3, 2, 1)
3
(46, 34)
-> Request 6
812
(3, 1, 1)
2
(15, 28)
-> Request 7
1246
(3, 3, 2)
3
(53, 14)
-> Request 8
1317
(4, 2, 1)
1
(45, 34)
-> Request 9
1359
(1, 2, 2)
2
(10, 71)
---> Week : 10
--> Day : 0
-> Request 0
9
(3, 2, 1)
2
(76, 54)
-> Request 1
125
(1, 2, 1)
2
(14, 47)
-> Request 2
183
(2, 2, 1)
2
(24, 35)
-> Request 3
255
(3, 2, 1)
1
(58, 71)
-> Request 4
368
(4, 3, 2)
1
(14, 7)
-> Request 5
455
(1, 3, 1)
3
(56, 76)
-> Request 6
465
(1, 2, 2)
3
(16, 29)
-> Request 7
465
(4, 2, 1)
2
(50, 43)
-> Request 8
473
(1, 3, 2)
3
(57, 16)
-> Request 9
574
(1, 2, 2)
3
(52, 42)
-> Request 10
789
(4, 3, 2)
2
(20, 34)
-> Request 11
1151
(2, 2, 2)
3
(78, 29)
-> Request 12
1351
(2, 3, 1)
3
(78, 59)
--> Day : 1
-> Request 0
253
(4, 1, 1)
2
(57, 37)
-> Request 1
1019
(4, 3, 2)
1
(44, 45)
--> Day : 2
-> Request 0
151
(1, 1, 1)
2
(74, 33)
-> Request 1
458
(4, 3, 1)
3
(9, 70)
-> Request 2
518
(4, 1, 1)
2
(46, 69)
-> Request 3
753
(4, 1, 1)
3
(57, 58)
-> Request 4
762
(4, 1, 1)
3
(62, 32)
-> Request 5
774
(1, 1, 2)
2
(0, 29)
-> Request 6
814
(1, 3, 1)
1
(13, 24)
-> Request 7
938
(3, 1, 1)
2
(43, 64)
--> Day : 3
-> Request 0
496
(2, 1, 2)
3
(59, 40)
-> Request 1
1001
(1, 3, 2)
1
(17, 29)
-> Request 2
1023
(4, 3, 1)
1
(18, 17)
-> Request 3
1082
(1, 1, 1)
3
(66, 62)
-> Request 4
1402
(3, 2, 1)
1
(62, 54)
--> Day : 4
-> Request 0
194
(4, 3, 1)
3
(47, 39)
-> Request 1
403
(1, 3, 2)
1
(59, 68)
-> Request 2
458
(1, 1, 2)
3
(43, 32)
-> Request 3
460
(3, 3, 1)
1
(52, 0)
---> Week : 11
--> Day : 0
-> Request 0
367
(1, 1, 2)
3
(17, 23)
-> Request 1
532
(3, 3, 2)
1
(57, 44)
-> Request 2
1021
(3, 2, 2)
1
(50, 34)
-> Request 3
1039
(3, 3, 1)
2
(55, 70)
-> Request 4
1229
(1, 1, 1)
2
(26, 56)
--> Day : 1
-> Request 0
145
(1, 2, 1)
2
(44, 70)
-> Request 1
496
(2, 3, 1)
2
(53, 74)
-> Request 2
668
(3, 1, 1)
3
(49, 35)
-> Request 3
766
(1, 3, 1)
2
(7, 53)
-> Request 4
862
(1, 1, 2)
2
(55, 30)
-> Request 5
884
(3, 2, 1)
1
(57, 54)
--> Day : 2
-> Request 0
561
(4, 2, 2)
2
(61, 73)
-> Request 1
818
(4, 1, 2)
1
(10, 22)
-> Request 2
1425
(3, 1, 2)
1
(34, 70)
--> Day : 3
-> Request 0
197
(4, 3, 1)
2
(43, 36)
-> Request 1
247
(3, 1, 2)
2
(74, 31)
-> Request 2
502
(4, 1, 2)
1
(15, 20)
-> Request 3
635
(2, 1, 1)
1
(57, 39)
-> Request 4
969
(4, 2, 2)
3
(71, 2)
-> Request 5
1312
(3, 3, 1)
2
(52, 64)
-> Request 6
1382
(3, 1, 2)
3
(43, 27)
-> Request 7
1397
(1, 2, 2)
2
(51, 40)
--> Day : 4
-> Request 0
304
(4, 1, 2)
3
(62, 28)
-> Request 1
940
(3, 2, 1)
1
(75, 76)
-> Request 2
1349
(1, 3, 2)
3
(64, 74)
---> Week : 12
--> Day : 0
-> Request 0
1
(4, 1, 2)
1
(2, 2)
-> Request 1
107
(3, 1, 2)
1
(48, 42)
-> Request 2
175
(1, 3, 1)
3
(55, 40)
-> Request 3
199
(2, 1, 2)
3
(43, 45)
-> Request 4
223
(3, 3, 2)
2
(44, 28)
-> Request 5
453
(1, 3, 2)
3
(55, 65)
-> Request 6
570
(2, 3, 2)
1
(17, 20)
-> Request 7
639
(4, 2, 2)
3
(79, 30)
-> Request 8
1047
(2, 3, 2)
2
(66, 74)
-> Request 9
1149
(1, 3, 1)
3
(35, 15)
--> Day : 1
-> Request 0
256
(3, 3, 1)
1
(16, 76)
-> Request 1
282
(2, 1, 1)
2
(46, 37)
-> Request 2
749
(4, 2, 1)
1
(11, 29)
--> Day : 2
-> Request 0
13
(3, 3, 1)
1
(70, 36)
-> Request 1
184
(4, 1, 1)
2
(4, 44)
-> Request 2
977
(3, 2, 2)
3
(32, 15)
-> Request 3
999
(3, 2, 2)
2
(71, 5)
-> Request 4
1234
(3, 1, 1)
2
(55, 37)
--> Day : 3
-> Request 0
82
(3, 3, 1)
2
(25, 46)
-> Request 1
291
(2, 3, 2)
3
(59, 67)
-> Request 2
1400
(1, 1, 1)
2
(10, 28)
--> Day : 4
-> Request 0
71
(3, 1, 1)
2
(53, 72)
-> Request 1
95
(4, 3, 2)
2
(57, 21)
-> Request 2
211
(1, 1, 2)
3
(51, 37)
-> Request 3
645
(1, 3, 2)
1
(36, 46)
-> Request 4
668
(2, 3, 1)
3
(63, 69)
-> Request 5
748
(1, 1, 1)
1
(32, 16)
-> Request 6
799
(3, 3, 1)
1
(11, 27)
-> Request 7
923
(4, 1, 2)
3
(43, 33)
-> Request 8
934
(4, 1, 2)
3
(61, 40)
-> Request 9
1063
(3, 1, 2)
2
(64, 60)
-> Request 10
1270
(3, 3, 2)
2
(47, 42)
-> Request 11
1349
(3, 1, 1)
3
(45, 34)
-> Request 12
1350
(1, 3, 1)
2
(76, 53)
-> Request 13
1424
(3, 1, 1)
2
(44, 42)
---> Week : 13
--> Day : 0
-> Request 0
29
(2, 3, 1)
2
(48, 39)
-> Request 1
557
(1, 1, 1)
3
(51, 59)
-> Request 2
681
(2, 3, 1)
3
(17, 20)
-> Request 3
993
(2, 3, 1)
2
(64, 71)
-> Request 4
1051
(3, 3, 1)
2
(47, 29)
--> Day : 1
-> Request 0
61
(3, 2, 2)
2
(0, 8)
-> Request 1
333
(3, 2, 1)
2
(12, 2)
-> Request 2
393
(3, 1, 1)
1
(52, 36)
-> Request 3
521
(2, 1, 1)
2
(45, 35)
-> Request 4
668
(2, 2, 2)
3
(66, 12)
-> Request 5
860
(3, 2, 1)
1
(21, 22)
-> Request 6
1018
(3, 1, 1)
2
(48, 43)
-> Request 7
1018
(4, 2, 2)
3
(48, 42)
-> Request 8
1336
(3, 3, 1)
1
(78, 37)
--> Day : 2
-> Request 0
1126
(2, 2, 2)
2
(15, 20)
--> Day : 3
-> Request 0
195
(2, 1, 2)
3
(52, 75)
-> Request 1
288
(1, 3, 1)
3
(70, 60)
-> Request 2
379
(2, 3, 2)
2
(66, 75)
-> Request 3
796
(3, 1, 2)
2
(20, 64)
-> Request 4
838
(2, 1, 1)
2
(51, 58)
--> Day : 4
-> Request 0
289
(3, 2, 2)
1
(48, 36)
-> Request 1
391
(3, 1, 1)
3
(8, 26)
-> Request 2
731
(1, 1, 1)
2
(52, 60)
-> Request 3
1140
(1, 2, 2)
1
(19, 12)
-> Request 4
1166
(2, 1, 2)
3
(55, 18)
---> Week : 14
--> Day : 0
-> Request 0
205
(3, 2, 2)
2
(15, 30)
-> Request 1
428
(3, 3, 1)
3
(1, 61)
-> Request 2
1369
(3, 2, 2)
2
(13, 21)
--> Day : 1
-> Request 0
17
(1, 3, 1)
3
(64, 64)
-> Request 1
122
(3, 3, 2)
1
(44, 77)
-> Request 2
134
(2, 2, 1)
2
(13, 27)
-> Request 3
586
(4, 3, 2)
1
(17, 25)
-> Request 4
1121
(3, 2, 1)
2
(64, 70)
--> Day : 2
-> Request 0
417
(4, 2, 1)
2
(44, 45)
-> Request 1
490
(3, 1, 2)
3
(55, 1)
-> Request 2
861
(3, 1, 2)
3
(41, 32)
-> Request 3
1232
(2, 1, 1)
3
(65, 8)
--> Day : 3
-> Request 0
48
(3, 2, 2)
3
(59, 40)
-> Request 1
386
(4, 2, 2)
2
(43, 45)
-> Request 2
665
(4, 3, 2)
2
(58, 42)
-> Request 3
717
(2, 1, 1)
2
(60, 28)
--> Day : 4
-> Request 0
58
(1, 1, 1)
2
(30, 74)
-> Request 1
299
(3, 1, 1)
1
(46, 32)
-> Request 2
319
(3, 3, 2)
3
(63, 66)
-> Request 3
385
(4, 1, 1)
1
(47, 13)
-> Request 4
1202
(4, 1, 2)
2
(43, 30)
---> Week : 15
--> Day : 0
-> Request 0
221
(1, 3, 1)
1
(44, 29)
-> Request 1
1118
(2, 3, 2)
3
(12, 75)
-> Request 2
1256
(4, 2, 1)
3
(49, 28)
-> Request 3
1411
(3, 2, 1)
3
(45, 34)
-> Request 4
1411
(2, 3, 2)
2
(49, 75)
--> Day : 1
-> Request 0
93
(4, 3, 2)
2
(14, 52)
-> Request 1
403
(2, 2, 1)
3
(54, 53)
-> Request 2
763
(4, 2, 2)
3
(71, 48)
-> Request 3
858
(4, 1, 2)
3
(44, 30)
-> Request 4
1089
(2, 2, 1)
3
(65, 68)
-> Request 5
1416
(4, 2, 1)
2
(79, 59)
--> Day : 2
-> Request 0
75
(3, 1, 2)
2
(49, 40)
-> Request 1
495
(2, 1, 2)
3
(13, 22)
-> Request 2
558
(4, 1, 1)
1
(9, 40)
-> Request 3
1353
(3, 2, 1)
2
(43, 33)
-> Request 4
1383
(3, 1, 1)
3
(61, 37)
--> Day : 3
-> Request 0
91
(1, 3, 2)
2
(57, 66)
-> Request 1
148
(3, 2, 2)
2
(63, 65)
-> Request 2
722
(3, 3, 1)
1
(55, 34)
-> Request 3
1080
(4, 2, 2)
2
(10, 27)
-> Request 4
1211
(4, 3, 1)
2
(18, 10)
--> Day : 4
-> Request 0
593
(4, 1, 1)
3
(19, 9)
-> Request 1
991
(4, 3, 2)
2
(58, 65)
-> Request 2
1049
(4, 1, 2)
2
(57, 68)
-> Request 3
1262
(3, 3, 2)
3
(47, 57)
-> Request 4
1396
(3, 3, 2)
3
(62, 75)
---> Week : 16
--> Day : 0
-> Request 0
558
(1, 2, 1)
2
(13, 23)
-> Request 1
816
(2, 1, 2)
3
(12, 34)
-> Request 2
859
(4, 2, 2)
3
(62, 35)
-> Request 3
1008
(2, 3, 2)
3
(19, 1)
-> Request 4
1117
(1, 3, 2)
2
(45, 28)
-> Request 5
1182
(2, 3, 1)
1
(63, 66)
--> Day : 1
-> Request 0
815
(3, 3, 2)
2
(10, 56)
-> Request 1
1308
(3, 2, 1)
1
(52, 64)
--> Day : 2
-> Request 0
245
(4, 3, 1)
3
(39, 26)
-> Request 1
344
(1, 2, 1)
1
(62, 78)
-> Request 2
668
(3, 3, 2)
3
(10, 24)
-> Request 3
1235
(1, 2, 1)
2
(56, 0)
--> Day : 3
-> Request 0
117
(2, 1, 2)
2
(63, 76)
-> Request 1
125
(2, 3, 1)
2
(36, 55)
-> Request 2
168
(2, 1, 1)
3
(40, 1)
-> Request 3
652
(3, 3, 2)
2
(8, 28)
-> Request 4
663
(2, 2, 1)
2
(15, 25)
-> Request 5
1269
(3, 3, 2)
2
(53, 37)
-> Request 6
1295
(1, 2, 2)
2
(57, 37)
--> Day : 4
-> Request 0
105
(1, 2, 1)
1
(33, 51)
-> Request 1
225
(1, 1, 2)
1
(51, 27)
-> Request 2
247
(4, 3, 1)
1
(43, 44)
-> Request 3
254
(3, 1, 1)
3
(62, 76)
-> Request 4
449
(2, 3, 1)
2
(9, 7)
-> Request 5
1007
(4, 2, 2)
3
(22, 52)
-> Request 6
1176
(3, 3, 2)
2
(43, 34)
-> Request 7
1223
(1, 2, 1)
3
(19, 76)
-> Request 8
1229
(1, 2, 1)
1
(47, 6)
-> Request 9
1429
(3, 3, 1)
3
(14, 24)
---> Week : 17
--> Day : 0
-> Request 0
174
(2, 1, 1)
3
(60, 34)
-> Request 1
380
(4, 2, 1)
2
(59, 41)
-> Request 2
588
(3, 2, 2)
3
(11, 29)
-> Request 3
641
(4, 1, 2)
3
(72, 57)
-> Request 4
893
(1, 2, 2)
1
(8, 5)
-> Request 5
1098
(4, 1, 1)
3
(51, 28)
-> Request 6
1183
(1, 1, 2)
3
(2, 23)
-> Request 7
1198
(4, 1, 1)
1
(52, 72)
-> Request 8
1353
(4, 3, 2)
1
(58, 66)
--> Day : 1
-> Request 0
361
(1, 3, 1)
3
(5, 75)
-> Request 1
783
(3, 2, 1)
2
(16, 78)
-> Request 2
797
(2, 2, 2)
1
(61, 75)
-> Request 3
823
(3, 3, 2)
1
(62, 35)
-> Request 4
852
(1, 1, 1)
2
(3, 75)
-> Request 5
1342
(2, 1, 2)
3
(25, 71)
--> Day : 2
-> Request 0
609
(1, 2, 2)
3
(7, 31)
-> Request 1
678
(2, 1, 2)
3
(63, 69)
-> Request 2
850
(2, 2, 1)
1
(18, 18)
-> Request 3
1046
(1, 3, 1)
1
(34, 70)
-> Request 4
1156
(2, 2, 2)
2
(26, 17)
--> Day : 3
-> Request 0
249
(3, 1, 1)
2
(52, 38)
-> Request 1
459
(3, 2, 2)
3
(9, 28)
-> Request 2
788
(1, 3, 2)
1
(57, 73)
-> Request 3
1342
(3, 3, 2)
2
(19, 22)
--> Day : 4
-> Request 0
306
(3, 1, 2)
1
(60, 42)
-> Request 1
741
(2, 2, 2)
3
(42, 29)
-> Request 2
1069
(2, 2, 2)
1
(59, 1)
-> Request 3
1085
(3, 2, 2)
3
(57, 38)
-> Request 4
1292
(4, 2, 2)
1
(8, 17)
---> Week : 18
--> Day : 0
-> Request 0
965
(4, 2, 2)
2
(46, 26)
--> Day : 1
-> Request 0
91
(3, 2, 1)
3
(59, 45)
-> Request 1
378
(1, 3, 1)
2
(48, 42)
-> Request 2
421
(4, 1, 2)
1
(62, 41)
-> Request 3
989
(4, 2, 2)
2
(59, 66)
-> Request 4
1016
(1, 3, 2)
2
(56, 12)
-> Request 5
1088
(2, 2, 1)
1
(24, 1)
-> Request 6
1124
(3, 1, 2)
2
(62, 32)
--> Day : 2
-> Request 0
521
(1, 2, 2)
1
(3, 0)
-> Request 1
662
(4, 2, 2)
3
(15, 20)
-> Request 2
957
(1, 2, 2)
2
(23, 61)
-> Request 3
969
(1, 3, 1)
1
(50, 36)
-> Request 4
1112
(1, 3, 2)
1
(65, 65)
--> Day : 3
-> Request 0
498
(3, 1, 2)
3
(58, 72)
-> Request 1
726
(2, 2, 2)
2
(0, 55)
-> Request 2
742
(4, 1, 1)
2
(62, 34)
-> Request 3
1020
(3, 3, 2)
3
(55, 67)
-> Request 4
1206
(3, 3, 2)
2
(37, 21)
-> Request 5
1290
(1, 1, 1)
2
(56, 32)
-> Request 6
1321
(4, 2, 2)
1
(72, 68)
--> Day : 4
-> Request 0
263
(4, 3, 1)
1
(55, 33)
-> Request 1
391
(3, 1, 1)
1
(26, 36)
-> Request 2
399
(2, 2, 1)
3
(50, 55)
-> Request 3
506
(4, 1, 2)
3
(42, 27)
-> Request 4
1022
(1, 3, 1)
2
(57, 31)
-> Request 5
1028
(3, 2, 1)
2
(57, 40)
-> Request 6
1180
(4, 3, 2)
3
(64, 74)
-> Request 7
1271
(1, 3, 2)
3
(51, 38)
-> Request 8
1351
(2, 1, 2)
2
(59, 69)
---> Week : 19
--> Day : 0
-> Request 0
24
(1, 1, 1)
3
(77, 39)
-> Request 1
402
(1, 2, 2)
1
(20, 44)
-> Request 2
618
(1, 2, 1)
3
(58, 67)
-> Request 3
836
(2, 2, 1)
3
(58, 34)
-> Request 4
1105
(3, 2, 1)
3
(52, 75)
-> Request 5
1361
(4, 2, 2)
3
(55, 67)
-> Request 6
1390
(4, 1, 1)
1
(50, 63)
--> Day : 1
-> Request 0
164
(1, 1, 1)
1
(61, 29)
-> Request 1
234
(1, 2, 1)
1
(41, 26)
-> Request 2
1008
(3, 3, 2)
2
(45, 36)
--> Day : 2
-> Request 0
271
(4, 2, 1)
3
(58, 74)
-> Request 1
600
(3, 3, 1)
3
(56, 29)
-> Request 2
653
(4, 1, 2)
1
(16, 27)
-> Request 3
1024
(2, 1, 2)
1
(62, 44)
-> Request 4
1061
(3, 2, 2)
3
(52, 44)
-> Request 5
1176
(3, 1, 1)
2
(58, 42)
-> Request 6
1241
(3, 3, 1)
3
(50, 26)
--> Day : 3
-> Request 0
250
(3, 1, 2)
2
(46, 45)
-> Request 1
741
(2, 1, 1)
1
(48, 33)
-> Request 2
795
(3, 1, 2)
3
(56, 74)
-> Request 3
951
(4, 2, 1)
1
(11, 28)
-> Request 4
1038
(1, 3, 2)
3
(56, 46)
-> Request 5
1127
(3, 3, 2)
1
(62, 38)
--> Day : 4
-> Request 0
686
(1, 1, 1)
1
(62, 32)
-> Request 1
911
(3, 1, 2)
3
(11, 54)
-> Request 2
1153
(3, 1, 1)
1
(62, 43)
-> Request 3
1403
(2, 3, 2)
2
(59, 73)
