---> Week : 0
--> Day : 0
-> Request 0
80
(1, 1, 1)
2
(56, 74)
-> Request 1
209
(3, 1, 2)
1
(7, 42)
-> Request 2
491
(2, 2, 1)
2
(12, 21)
-> Request 3
1010
(2, 2, 2)
1
(58, 35)
-> Request 4
1057
(3, 1, 1)
3
(54, 74)
-> Request 5
1068
(1, 3, 1)
2
(51, 78)
-> Request 6
1185
(1, 2, 1)
3
(55, 45)
-> Request 7
1366
(4, 2, 2)
1
(15, 20)
-> Request 8
1409
(3, 3, 1)
3
(46, 31)
-> Request 9
1420
(2, 2, 2)
1
(65, 68)
--> Day : 1
-> Request 0
113
(4, 2, 2)
2
(56, 74)
-> Request 1
230
(2, 2, 2)
1
(46, 44)
-> Request 2
835
(1, 1, 2)
3
(75, 61)
-> Request 3
1075
(1, 1, 2)
2
(60, 42)
-> Request 4
1237
(2, 3, 1)
1
(43, 45)
--> Day : 2
-> Request 0
513
(3, 2, 2)
1
(52, 43)
-> Request 1
813
(4, 1, 1)
3
(60, 78)
-> Request 2
1059
(4, 2, 1)
3
(64, 14)
--> Day : 3
-> Request 0
125
(1, 1, 1)
3
(46, 42)
-> Request 1
373
(1, 2, 1)
3
(59, 29)
-> Request 2
440
(2, 2, 1)
1
(9, 25)
-> Request 3
475
(3, 2, 1)
1
(8, 14)
-> Request 4
670
(1, 1, 1)
3
(67, 7)
-> Request 5
845
(1, 1, 1)
1
(12, 29)
-> Request 6
1093
(3, 3, 2)
3
(61, 6)
-> Request 7
1328
(1, 2, 1)
1
(55, 30)
-> Request 8
1368
(4, 3, 2)
2
(47, 52)
-> Request 9
1396
(2, 2, 2)
3
(49, 30)
--> Day : 4
-> Request 0
87
(1, 1, 1)
1
(11, 79)
-> Request 1
151
(2, 2, 2)
1
(78, 55)
-> Request 2
155
(4, 3, 1)
3
(48, 44)
-> Request 3
715
(2, 2, 1)
1
(59, 40)
-> Request 4
773
(1, 2, 1)
1
(15, 24)
-> Request 5
1166
(4, 3, 2)
2
(11, 24)
-> Request 6
1198
(4, 1, 2)
3
(60, 68)
-> Request 7
1204
(3, 3, 1)
3
(60, 77)
-> Request 8
1222
(3, 2, 2)
1
(16, 49)
-> Request 9
1401
(2, 1, 2)
2
(25, 33)
---> Week : 1
--> Day : 0
-> Request 0
291
(4, 1, 1)
2
(44, 33)
-> Request 1
427
(1, 2, 1)
2
(62, 36)
-> Request 2
533
(2, 2, 1)
3
(31, 65)
-> Request 3
576
(4, 1, 2)
1
(14, 72)
-> Request 4
644
(2, 1, 2)
2
(14, 26)
-> Request 5
1323
(1, 2, 2)
1
(54, 13)
-> Request 6
1436
(2, 3, 2)
2
(2, 66)
--> Day : 1
-> Request 0
183
(2, 2, 2)
3
(59, 34)
-> Request 1
244
(4, 3, 1)
2
(55, 75)
-> Request 2
663
(2, 1, 1)
3
(16, 78)
-> Request 3
820
(1, 1, 1)
1
(14, 60)
-> Request 4
1074
(4, 2, 1)
1
(49, 43)
-> Request 5
1432
(2, 3, 1)
2
(78, 74)
--> Day : 2
-> Request 0
148
(2, 2, 1)
1
(58, 42)
-> Request 1
228
(2, 2, 1)
3
(53, 37)
-> Request 2
284
(4, 2, 1)
1
(57, 44)
-> Request 3
474
(1, 2, 2)
3
(8, 23)
-> Request 4
614
(2, 2, 2)
2
(58, 44)
-> Request 5
887
(3, 2, 2)
1
(57, 61)
-> Request 6
889
(4, 2, 2)
2
(49, 38)
-> Request 7
924
(2, 3, 2)
3
(8, 20)
-> Request 8
1168
(3, 3, 2)
3
(60, 40)
-> Request 9
1296
(1, 1, 2)
1
(54, 30)
-> Request 10
1348
(4, 3, 2)
3
(53, 73)
--> Day : 3
-> Request 0
17
(2, 3, 1)
1
(41, 17)
-> Request 1
224
(3, 3, 1)
3
(25, 51)
-> Request 2
228
(1, 3, 2)
1
(52, 42)
-> Request 3
653
(3, 1, 2)
3
(73, 11)
-> Request 4
747
(3, 3, 2)
1
(6, 18)
-> Request 5
1105
(2, 1, 1)
1
(46, 40)
-> Request 6
1243
(2, 2, 1)
3
(46, 39)
-> Request 7
1318
(2, 1, 1)
1
(51, 44)
--> Day : 4
-> Request 0
439
(1, 2, 1)
3
(59, 37)
-> Request 1
712
(2, 2, 1)
1
(59, 69)
-> Request 2
893
(2, 2, 2)
1
(28, 12)
-> Request 3
1045
(4, 1, 2)
3
(60, 66)
---> Week : 2
--> Day : 0
-> Request 0
253
(3, 1, 2)
2
(23, 52)
-> Request 1
330
(2, 1, 1)
1
(56, 65)
-> Request 2
526
(2, 1, 2)
1
(46, 29)
-> Request 3
860
(1, 1, 1)
1
(61, 65)
-> Request 4
1359
(1, 3, 2)
1
(52, 78)
--> Day : 1
-> Request 0
227
(4, 1, 2)
2
(43, 46)
-> Request 1
403
(2, 1, 1)
2
(50, 41)
-> Request 2
580
(2, 2, 2)
1
(59, 29)
-> Request 3
1088
(1, 1, 2)
1
(42, 40)
--> Day : 2
-> Request 0
602
(1, 3, 1)
2
(50, 35)
-> Request 1
648
(4, 3, 1)
1
(65, 36)
-> Request 2
1339
(4, 2, 1)
3
(4, 45)
-> Request 3
1433
(2, 1, 1)
1
(46, 75)
--> Day : 3
-> Request 0
2
(4, 2, 2)
1
(59, 71)
-> Request 1
162
(1, 1, 1)
2
(56, 41)
-> Request 2
354
(1, 2, 1)
2
(70, 20)
-> Request 3
360
(2, 2, 1)
3
(61, 44)
-> Request 4
436
(4, 1, 1)
3
(36, 56)
-> Request 5
438
(4, 3, 1)
1
(55, 7)
-> Request 6
458
(3, 1, 1)
3
(25, 70)
--> Day : 4
-> Request 0
3
(3, 2, 1)
3
(65, 67)
-> Request 1
61
(1, 3, 1)
3
(43, 37)
-> Request 2
145
(4, 1, 2)
1
(59, 20)
-> Request 3
151
(1, 3, 2)
1
(57, 70)
-> Request 4
435
(1, 1, 2)
2
(54, 39)
-> Request 5
688
(3, 3, 2)
3
(63, 45)
-> Request 6
1078
(4, 3, 2)
1
(60, 68)
-> Request 7
1090
(1, 3, 1)
3
(19, 61)
-> Request 8
1193
(4, 3, 1)
3
(61, 34)
---> Week : 3
--> Day : 0
-> Request 0
532
(3, 3, 1)
3
(44, 25)
-> Request 1
579
(4, 2, 2)
2
(16, 25)
-> Request 2
642
(3, 2, 2)
1
(48, 43)
-> Request 3
848
(2, 1, 1)
3
(72, 60)
-> Request 4
1354
(1, 3, 1)
1
(66, 49)
--> Day : 1
-> Request 0
87
(4, 1, 2)
3
(54, 77)
-> Request 1
197
(4, 2, 2)
2
(47, 38)
-> Request 2
199
(1, 2, 1)
2
(64, 77)
-> Request 3
325
(4, 2, 2)
1
(17, 27)
-> Request 4
676
(3, 1, 2)
2
(55, 23)
-> Request 5
780
(2, 2, 1)
1
(64, 71)
-> Request 6
1358
(4, 3, 2)
1
(79, 19)
-> Request 7
1398
(1, 1, 2)
2
(57, 75)
--> Day : 2
-> Request 0
143
(4, 3, 1)
3
(26, 42)
-> Request 1
321
(4, 2, 2)
3
(21, 36)
-> Request 2
371
(4, 2, 2)
1
(57, 40)
-> Request 3
564
(4, 2, 2)
3
(0, 46)
-> Request 4
583
(1, 3, 2)
3
(44, 45)
-> Request 5
822
(2, 1, 1)
1
(61, 68)
-> Request 6
835
(2, 1, 1)
2
(51, 31)
-> Request 7
1271
(3, 1, 1)
2
(55, 32)
--> Day : 3
-> Request 0
169
(2, 1, 1)
2
(53, 78)
-> Request 1
250
(3, 3, 1)
3
(58, 35)
-> Request 2
259
(2, 1, 2)
1
(54, 43)
-> Request 3
1071
(1, 3, 1)
3
(55, 32)
-> Request 4
1250
(1, 3, 1)
2
(54, 75)
--> Day : 4
-> Request 0
107
(2, 3, 2)
2
(19, 28)
-> Request 1
393
(3, 3, 1)
3
(60, 53)
-> Request 2
489
(3, 2, 2)
3
(61, 35)
-> Request 3
524
(4, 2, 2)
2
(53, 65)
-> Request 4
781
(4, 1, 2)
1
(52, 75)
-> Request 5
1060
(4, 2, 1)
3
(25, 65)
-> Request 6
1192
(1, 1, 2)
2
(31, 53)
---> Week : 4
--> Day : 0
-> Request 0
919
(4, 2, 2)
1
(61, 74)
--> Day : 1
-> Request 0
466
(2, 2, 2)
3
(56, 30)
-> Request 1
641
(3, 3, 1)
1
(19, 10)
-> Request 2
1111
(3, 3, 1)
1
(58, 41)
-> Request 3
1371
(4, 2, 1)
2
(47, 63)
--> Day : 2
-> Request 0
365
(3, 3, 1)
3
(43, 32)
-> Request 1
479
(4, 2, 1)
1
(79, 60)
-> Request 2
819
(2, 1, 2)
2
(56, 72)
-> Request 3
979
(3, 1, 1)
2
(44, 34)
-> Request 4
1029
(2, 1, 2)
1
(4, 24)
-> Request 5
1280
(3, 3, 2)
3
(69, 26)
--> Day : 3
-> Request 0
294
(3, 1, 1)
3
(49, 56)
-> Request 1
610
(1, 3, 2)
1
(14, 25)
-> Request 2
732
(3, 2, 2)
3
(27, 40)
-> Request 3
1210
(3, 3, 2)
3
(49, 44)
-> Request 4
1242
(1, 3, 2)
3
(61, 40)
--> Day : 4
-> Request 0
299
(1, 1, 1)
1
(52, 33)
-> Request 1
836
(4, 2, 1)
3
(52, 29)
-> Request 2
1119
(1, 1, 2)
2
(43, 19)
---> Week : 5
--> Day : 0
-> Request 0
494
(3, 1, 2)
2
(47, 42)
-> Request 1
1371
(2, 3, 2)
1
(48, 38)
-> Request 2
1419
(2, 3, 2)
3
(9, 24)
--> Day : 1
-> Request 0
358
(2, 3, 2)
3
(66, 76)
-> Request 1
365
(1, 3, 1)
3
(52, 36)
-> Request 2
450
(3, 1, 1)
2
(61, 35)
-> Request 3
497
(1, 3, 2)
1
(22, 23)
-> Request 4
804
(3, 2, 1)
1
(22, 15)
--> Day : 2
-> Request 0
1
(1, 3, 1)
2
(58, 32)
-> Request 1
142
(1, 1, 1)
3
(12, 23)
-> Request 2
178
(1, 3, 2)
1
(47, 37)
-> Request 3
391
(4, 3, 2)
3
(29, 13)
-> Request 4
452
(1, 1, 1)
1
(77, 78)
-> Request 5
470
(1, 2, 2)
2
(9, 45)
-> Request 6
576
(2, 3, 1)
3
(35, 64)
-> Request 7
697
(2, 1, 1)
3
(14, 24)
-> Request 8
795
(2, 2, 1)
1
(58, 78)
-> Request 9
1072
(1, 1, 2)
1
(60, 68)
--> Day : 3
-> Request 0
8
(2, 3, 1)
3
(64, 76)
-> Request 1
186
(4, 3, 2)
2
(12, 28)
-> Request 2
600
(3, 1, 2)
1
(79, 23)
-> Request 3
876
(2, 2, 1)
3
(9, 18)
-> Request 4
878
(4, 3, 2)
2
(55, 27)
-> Request 5
926
(1, 1, 2)
2
(17, 55)
-> Request 6
1032
(3, 1, 2)
1
(61, 41)
-> Request 7
1266
(4, 1, 2)
3
(60, 43)
--> Day : 4
-> Request 0
414
(1, 1, 2)
2
(67, 33)
-> Request 1
500
(4, 1, 1)
3
(68, 12)
-> Request 2
811
(2, 3, 2)
1
(11, 29)
-> Request 3
883
(3, 2, 2)
1
(11, 47)
-> Request 4
916
(1, 3, 1)
2
(14, 24)
-> Request 5
1067
(3, 3, 2)
3
(67, 24)
-> Request 6
1384
(4, 2, 1)
3
(48, 39)
---> Week : 6
--> Day : 0
-> Request 0
167
(4, 1, 2)
2
(58, 51)
-> Request 1
247
(2, 2, 2)
2
(43, 36)
-> Request 2
343
(1, 1, 2)
1
(18, 48)
-> Request 3
354
(1, 3, 1)
3
(32, 6)
-> Request 4
1187
(4, 2, 2)
2
(12, 15)
-> Request 5
1304
(4, 2, 2)
3
(43, 36)
--> Day : 1
-> Request 0
980
(1, 1, 1)
3
(14, 56)
--> Day : 2
-> Request 0
850
(1, 1, 2)
3
(8, 27)
-> Request 1
1104
(1, 2, 2)
2
(59, 64)
--> Day : 3
-> Request 0
182
(3, 3, 1)
3
(65, 0)
-> Request 1
405
(4, 2, 1)
2
(16, 24)
-> Request 2
497
(4, 3, 1)
2
(24, 41)
-> Request 3
1413
(1, 3, 2)
3
(11, 27)
-> Request 4
1420
(2, 3, 1)
3
(39, 28)
--> Day : 4
-> Request 0
99
(2, 2, 2)
1
(44, 59)
-> Request 1
494
(1, 1, 1)
2
(64, 77)
-> Request 2
530
(2, 2, 1)
3
(50, 46)
-> Request 3
554
(3, 3, 1)
3
(54, 45)
-> Request 4
788
(3, 1, 2)
3
(61, 71)
-> Request 5
880
(2, 1, 2)
2
(59, 43)
-> Request 6
1065
(4, 2, 1)
2
(50, 43)
-> Request 7
1202
(3, 3, 1)
2
(15, 29)
-> Request 8
1205
(2, 3, 1)
3
(69, 44)
-> Request 9
1211
(3, 2, 2)
3
(3, 30)
-> Request 10
1238
(2, 2, 1)
3
(52, 50)
---> Week : 7
--> Day : 0
-> Request 0
280
(2, 3, 1)
2
(57, 78)
-> Request 1
314
(3, 3, 2)
2
(61, 39)
-> Request 2
885
(4, 3, 2)
1
(60, 31)
-> Request 3
896
(2, 1, 2)
3
(58, 42)
--> Day : 1
-> Request 0
42
(1, 2, 1)
3
(58, 24)
-> Request 1
168
(3, 1, 2)
1
(40, 16)
-> Request 2
664
(2, 1, 1)
3
(33, 19)
-> Request 3
887
(2, 1, 1)
1
(5, 9)
-> Request 4
1025
(4, 3, 2)
1
(13, 24)
-> Request 5
1166
(4, 2, 1)
1
(13, 23)
--> Day : 2
-> Request 0
179
(1, 2, 1)
2
(45, 33)
-> Request 1
398
(4, 2, 2)
2
(60, 28)
-> Request 2
771
(3, 3, 1)
3
(21, 32)
-> Request 3
921
(3, 3, 2)
3
(61, 45)
-> Request 4
1284
(1, 2, 1)
1
(54, 34)
--> Day : 3
-> Request 0
91
(1, 2, 1)
1
(21, 19)
-> Request 1
369
(3, 1, 1)
1
(55, 28)
-> Request 2
589
(2, 3, 1)
1
(58, 68)
-> Request 3
671
(4, 1, 2)
3
(64, 72)
-> Request 4
841
(1, 3, 1)
3
(2, 21)
-> Request 5
1090
(3, 1, 2)
3
(2, 34)
-> Request 6
1100
(4, 1, 1)
3
(43, 34)
-> Request 7
1222
(4, 1, 1)
3
(13, 28)
--> Day : 4
-> Request 0
221
(2, 2, 1)
3
(65, 54)
-> Request 1
378
(2, 1, 2)
2
(54, 29)
-> Request 2
661
(3, 1, 1)
2
(65, 65)
-> Request 3
692
(3, 3, 2)
3
(51, 54)
---> Week : 8
--> Day : 0
-> Request 0
156
(3, 2, 1)
2
(0, 57)
-> Request 1
527
(4, 2, 1)
2
(50, 19)
-> Request 2
619
(1, 1, 2)
3
(50, 28)
-> Request 3
641
(1, 3, 2)
1
(65, 65)
--> Day : 1
-> Request 0
960
(1, 1, 1)
3
(44, 38)
-> Request 1
962
(1, 3, 1)
3
(13, 24)
--> Day : 2
-> Request 0
742
(3, 3, 2)
3
(47, 79)
-> Request 1
1221
(2, 2, 1)
3
(53, 68)
-> Request 2
1318
(3, 3, 1)
2
(10, 27)
--> Day : 3
-> Request 0
739
(4, 1, 2)
2
(56, 38)
-> Request 1
1226
(4, 2, 2)
1
(8, 25)
-> Request 2
1316
(2, 2, 2)
2
(46, 34)
-> Request 3
1431
(1, 3, 2)
1
(52, 29)
--> Day : 4
-> Request 0
114
(1, 3, 2)
1
(8, 23)
-> Request 1
273
(2, 1, 1)
3
(10, 42)
-> Request 2
386
(3, 3, 1)
1
(15, 23)
-> Request 3
1015
(1, 1, 2)
1
(63, 68)
-> Request 4
1211
(4, 1, 2)
2
(43, 10)
-> Request 5
1260
(4, 1, 1)
1
(21, 68)
-> Request 6
1324
(2, 3, 2)
3
(57, 33)
-> Request 7
1325
(1, 3, 1)
2
(61, 73)
---> Week : 9
--> Day : 0
-> Request 0
63
(2, 2, 1)
1
(42, 29)
-> Request 1
479
(2, 1, 1)
1
(12, 13)
-> Request 2
1336
(1, 2, 1)
1
(76, 33)
--> Day : 1
-> Request 0
543
(1, 2, 2)
2
(5, 46)
-> Request 1
558
(3, 2, 1)
1
(65, 73)
-> Request 2
572
(1, 1, 1)
3
(13, 25)
-> Request 3
918
(2, 3, 1)
1
(31, 29)
-> Request 4
982
(4, 2, 2)
1
(55, 27)
-> Request 5
1201
(1, 3, 1)
1
(4, 1)
-> Request 6
1323
(1, 1, 2)
3
(65, 70)
--> Day : 2
-> Request 0
72
(1, 1, 2)
1
(78, 73)
-> Request 1
482
(2, 3, 1)
1
(55, 32)
-> Request 2
677
(3, 2, 2)
2
(14, 27)
-> Request 3
726
(3, 1, 1)
1
(71, 37)
-> Request 4
1160
(3, 3, 1)
1
(18, 16)
-> Request 5
1389
(2, 3, 2)
2
(70, 59)
--> Day : 3
-> Request 0
112
(1, 1, 2)
3
(40, 41)
-> Request 1
227
(2, 3, 1)
2
(44, 30)
-> Request 2
416
(3, 3, 2)
1
(48, 38)
-> Request 3
928
(3, 3, 1)
3
(55, 37)
-> Request 4
1105
(3, 2, 2)
1
(15, 22)
-> Request 5
1246
(4, 1, 2)
1
(11, 24)
--> Day : 4
-> Request 0
80
(4, 3, 1)
3
(38, 22)
-> Request 1
127
(4, 1, 2)
3
(29, 29)
-> Request 2
375
(4, 2, 1)
3
(47, 31)
-> Request 3
1189
(2, 3, 2)
3
(55, 73)
---> Week : 10
--> Day : 0
-> Request 0
75
(1, 3, 1)
3
(19, 40)
-> Request 1
349
(4, 2, 2)
2
(13, 25)
-> Request 2
511
(1, 3, 1)
1
(58, 69)
-> Request 3
544
(1, 3, 1)
1
(13, 67)
-> Request 4
941
(2, 1, 1)
2
(62, 34)
-> Request 5
1089
(4, 2, 2)
1
(53, 27)
-> Request 6
1260
(3, 1, 2)
2
(59, 65)
-> Request 7
1274
(1, 2, 1)
1
(55, 54)
--> Day : 1
-> Request 0
244
(2, 2, 2)
3
(57, 66)
-> Request 1
532
(4, 2, 1)
1
(50, 56)
-> Request 2
597
(2, 1, 2)
3
(48, 33)
-> Request 3
1246
(4, 3, 1)
1
(40, 43)
--> Day : 2
-> Request 0
39
(2, 1, 1)
1
(11, 24)
-> Request 1
614
(3, 1, 2)
3
(45, 63)
-> Request 2
750
(4, 2, 1)
3
(13, 52)
-> Request 3
900
(3, 3, 1)
1
(58, 32)
-> Request 4
1072
(2, 1, 2)
1
(57, 41)
-> Request 5
1157
(1, 2, 1)
1
(34, 76)
-> Request 6
1236
(2, 1, 2)
2
(43, 77)
-> Request 7
1271
(2, 3, 1)
3
(72, 19)
-> Request 8
1395
(1, 3, 2)
2
(71, 6)
--> Day : 3
-> Request 0
316
(1, 3, 1)
3
(52, 46)
-> Request 1
376
(1, 2, 2)
1
(49, 31)
-> Request 2
918
(4, 1, 2)
3
(19, 27)
-> Request 3
1164
(2, 1, 2)
2
(12, 22)
-> Request 4
1415
(2, 2, 2)
2
(21, 44)
--> Day : 4
-> Request 0
363
(4, 1, 1)
2
(60, 77)
-> Request 1
701
(1, 2, 1)
2
(43, 37)
-> Request 2
777
(3, 2, 2)
3
(62, 68)
-> Request 3
909
(3, 1, 1)
3
(52, 1)
-> Request 4
1369
(2, 2, 2)
3
(56, 46)
---> Week : 11
--> Day : 0
-> Request 0
78
(2, 1, 2)
2
(23, 51)
-> Request 1
183
(4, 3, 1)
1
(48, 42)
-> Request 2
346
(1, 2, 2)
3
(54, 66)
-> Request 3
356
(1, 2, 1)
1
(45, 27)
-> Request 4
550
(3, 2, 1)
1
(27, 68)
-> Request 5
855
(1, 1, 2)
2
(51, 34)
-> Request 6
955
(2, 3, 2)
3
(12, 20)
-> Request 7
1006
(1, 1, 1)
3
(43, 28)
-> Request 8
1113
(2, 3, 1)
2
(14, 28)
-> Request 9
1279
(1, 2, 2)
3
(43, 40)
-> Request 10
1294
(4, 1, 2)
3
(47, 31)
-> Request 11
1306
(4, 3, 1)
2
(1, 8)
--> Day : 1
-> Request 0
36
(3, 2, 1)
1
(52, 71)
-> Request 1
40
(1, 1, 1)
1
(18, 72)
-> Request 2
115
(1, 2, 1)
3
(42, 12)
-> Request 3
283
(1, 2, 2)
1
(56, 70)
-> Request 4
887
(3, 3, 1)
1
(0, 12)
-> Request 5
928
(1, 1, 1)
3
(53, 64)
-> Request 6
931
(2, 3, 1)
3
(3, 63)
--> Day : 2
-> Request 0
248
(2, 2, 2)
1
(55, 35)
-> Request 1
535
(4, 3, 1)
2
(2, 22)
-> Request 2
654
(1, 3, 1)
1
(54, 30)
-> Request 3
664
(3, 1, 2)
1
(76, 11)
-> Request 4
671
(3, 3, 2)
3
(68, 50)
-> Request 5
820
(1, 1, 1)
1
(11, 71)
-> Request 6
1067
(1, 3, 1)
3
(8, 23)
-> Request 7
1120
(3, 3, 1)
3
(50, 28)
-> Request 8
1143
(4, 1, 1)
1
(45, 46)
--> Day : 3
-> Request 0
36
(2, 3, 2)
1
(70, 37)
-> Request 1
453
(2, 1, 2)
3
(66, 72)
-> Request 2
839
(2, 3, 2)
3
(9, 29)
-> Request 3
1362
(4, 2, 1)
1
(57, 28)
--> Day : 4
-> Request 0
37
(2, 1, 2)
3
(53, 41)
-> Request 1
295
(3, 1, 1)
1
(59, 41)
-> Request 2
389
(3, 1, 1)
2
(36, 19)
-> Request 3
686
(1, 1, 1)
2
(46, 38)
-> Request 4
931
(3, 2, 2)
1
(48, 32)
-> Request 5
982
(3, 1, 2)
1
(46, 43)
-> Request 6
1033
(2, 3, 2)
1
(39, 21)
-> Request 7
1083
(4, 1, 2)
3
(40, 49)
-> Request 8
1268
(2, 2, 1)
3
(33, 32)
-> Request 9
1300
(2, 2, 1)
1
(52, 33)
-> Request 10
1390
(2, 1, 2)
1
(58, 35)
---> Week : 12
--> Day : 0
-> Request 0
106
(2, 1, 1)
3
(56, 40)
-> Request 1
368
(1, 3, 1)
1
(67, 51)
-> Request 2
500
(1, 2, 1)
3
(63, 59)
-> Request 3
570
(1, 3, 1)
2
(15, 21)
-> Request 4
645
(1, 3, 2)
3
(43, 38)
-> Request 5
719
(4, 1, 2)
2
(62, 74)
-> Request 6
1173
(3, 2, 2)
3
(58, 68)
-> Request 7
1273
(4, 1, 2)
3
(66, 75)
-> Request 8
1400
(3, 1, 1)
1
(45, 42)
-> Request 9
1422
(3, 2, 1)
2
(62, 10)
--> Day : 1
-> Request 0
484
(4, 2, 2)
2
(65, 74)
-> Request 1
559
(1, 1, 2)
1
(59, 72)
-> Request 2
667
(3, 3, 1)
2
(60, 42)
-> Request 3
1225
(1, 2, 2)
3
(58, 46)
--> Day : 2
-> Request 0
79
(4, 2, 2)
3
(66, 71)
-> Request 1
234
(2, 3, 1)
3
(54, 39)
-> Request 2
722
(4, 1, 2)
3
(9, 26)
-> Request 3
996
(4, 2, 1)
1
(60, 75)
-> Request 4
1046
(2, 1, 2)
1
(56, 70)
-> Request 5
1230
(4, 3, 2)
2
(69, 78)
-> Request 6
1432
(1, 1, 2)
3
(22, 36)
--> Day : 3
-> Request 0
124
(4, 2, 2)
1
(66, 68)
-> Request 1
192
(2, 3, 1)
2
(56, 27)
-> Request 2
242
(3, 1, 1)
3
(56, 35)
-> Request 3
946
(3, 2, 1)
1
(65, 22)
-> Request 4
1112
(2, 2, 2)
2
(40, 38)
--> Day : 4
-> Request 0
190
(4, 2, 2)
3
(65, 40)
-> Request 1
354
(3, 3, 1)
1
(64, 70)
-> Request 2
944
(4, 1, 1)
3
(5, 55)
-> Request 3
1030
(3, 2, 1)
3
(51, 35)
-> Request 4
1082
(1, 2, 1)
2
(47, 28)
-> Request 5
1176
(3, 2, 1)
1
(56, 32)
-> Request 6
1303
(3, 2, 2)
1
(60, 39)
---> Week : 13
--> Day : 0
-> Request 0
5
(1, 2, 1)
2
(16, 26)
-> Request 1
102
(4, 2, 1)
2
(47, 41)
-> Request 2
274
(2, 1, 1)
3
(65, 69)
-> Request 3
525
(2, 1, 2)
1
(53, 31)
-> Request 4
712
(4, 1, 2)
3
(14, 68)
-> Request 5
930
(3, 1, 2)
1
(46, 45)
-> Request 6
977
(2, 2, 1)
2
(8, 39)
-> Request 7
1325
(3, 3, 1)
2
(61, 31)
--> Day : 1
-> Request 0
56
(3, 1, 1)
1
(46, 28)
-> Request 1
61
(3, 1, 1)
1
(8, 27)
-> Request 2
281
(1, 1, 2)
1
(41, 49)
-> Request 3
379
(4, 2, 2)
3
(22, 51)
-> Request 4
466
(2, 3, 1)
1
(53, 78)
-> Request 5
551
(2, 3, 2)
1
(6, 68)
-> Request 6
703
(1, 1, 1)
2
(55, 65)
-> Request 7
847
(3, 2, 2)
1
(62, 15)
--> Day : 2
-> Request 0
90
(4, 3, 2)
2
(13, 2)
-> Request 1
262
(1, 1, 2)
2
(62, 46)
-> Request 2
494
(3, 1, 1)
2
(64, 67)
-> Request 3
770
(1, 2, 2)
3
(61, 35)
-> Request 4
1023
(1, 2, 1)
2
(48, 26)
-> Request 5
1339
(2, 3, 1)
1
(60, 68)
--> Day : 3
-> Request 0
485
(3, 1, 2)
3
(16, 70)
-> Request 1
1106
(2, 3, 2)
3
(34, 45)
--> Day : 4
-> Request 0
142
(2, 1, 1)
1
(16, 27)
-> Request 1
152
(2, 2, 2)
3
(63, 78)
-> Request 2
625
(1, 1, 2)
3
(72, 25)
-> Request 3
804
(3, 1, 2)
2
(62, 38)
-> Request 4
1248
(1, 1, 2)
3
(8, 62)
-> Request 5
1325
(4, 1, 1)
1
(55, 34)
---> Week : 14
--> Day : 0
-> Request 0
54
(3, 2, 1)
3
(44, 41)
-> Request 1
61
(2, 1, 2)
1
(18, 51)
-> Request 2
198
(3, 3, 1)
2
(60, 32)
-> Request 3
481
(1, 1, 2)
1
(38, 74)
-> Request 4
595
(1, 3, 2)
3
(56, 77)
-> Request 5
691
(4, 3, 2)
1
(55, 45)
-> Request 6
1388
(1, 2, 2)
2
(62, 36)
--> Day : 1
-> Request 0
140
(3, 1, 1)
2
(57, 37)
-> Request 1
247
(1, 1, 2)
3
(52, 42)
-> Request 2
295
(1, 1, 1)
2
(55, 4)
-> Request 3
1025
(2, 2, 1)
1
(53, 40)
--> Day : 2
-> Request 0
43
(1, 3, 1)
2
(64, 45)
-> Request 1
263
(2, 1, 2)
1
(45, 34)
-> Request 2
277
(1, 1, 1)
3
(77, 24)
-> Request 3
607
(3, 1, 1)
3
(49, 28)
-> Request 4
619
(2, 1, 1)
2
(54, 76)
-> Request 5
808
(3, 2, 1)
1
(12, 20)
-> Request 6
1020
(2, 3, 1)
1
(58, 46)
-> Request 7
1041
(3, 2, 2)
2
(79, 62)
--> Day : 3
-> Request 0
143
(2, 1, 2)
3
(27, 16)
-> Request 1
146
(2, 1, 2)
3
(31, 1)
-> Request 2
335
(1, 3, 2)
3
(77, 13)
-> Request 3
468
(2, 2, 2)
3
(27, 41)
-> Request 4
594
(1, 2, 1)
3
(56, 38)
-> Request 5
772
(3, 2, 2)
2
(56, 44)
-> Request 6
976
(3, 2, 2)
2
(56, 76)
-> Request 7
1112
(2, 1, 1)
3
(32, 47)
-> Request 8
1207
(2, 3, 1)
3
(44, 8)
--> Day : 4
-> Request 0
103
(2, 1, 1)
2
(55, 31)
-> Request 1
280
(3, 1, 2)
1
(9, 29)
-> Request 2
600
(1, 1, 1)
1
(57, 46)
-> Request 3
680
(3, 2, 1)
2
(56, 29)
-> Request 4
686
(2, 1, 1)
1
(47, 24)
-> Request 5
905
(4, 2, 2)
3
(55, 44)
-> Request 6
1323
(1, 3, 2)
3
(79, 39)
-> Request 7
1356
(3, 2, 1)
1
(56, 39)
-> Request 8
1376
(1, 2, 2)
1
(44, 45)
---> Week : 15
--> Day : 0
-> Request 0
139
(3, 1, 2)
3
(22, 50)
-> Request 1
336
(2, 2, 1)
1
(54, 51)
-> Request 2
423
(4, 2, 1)
2
(44, 3)
-> Request 3
590
(3, 3, 2)
1
(1, 59)
-> Request 4
683
(3, 3, 1)
3
(2, 69)
-> Request 5
1263
(1, 1, 1)
3
(61, 37)
-> Request 6
1436
(1, 3, 2)
1
(57, 39)
--> Day : 1
-> Request 0
242
(1, 2, 2)
3
(7, 23)
-> Request 1
449
(3, 2, 2)
3
(18, 13)
-> Request 2
1070
(1, 2, 1)
2
(53, 74)
-> Request 3
1421
(3, 2, 2)
2
(58, 78)
--> Day : 2
-> Request 0
353
(2, 1, 2)
2
(27, 58)
-> Request 1
559
(2, 3, 1)
1
(55, 41)
-> Request 2
649
(1, 2, 1)
1
(13, 72)
-> Request 3
802
(1, 2, 1)
2
(65, 77)
-> Request 4
1049
(1, 1, 1)
3
(52, 70)
-> Request 5
1157
(2, 3, 1)
1
(22, 12)
--> Day : 3
-> Request 0
517
(1, 1, 2)
1
(37, 47)
-> Request 1
612
(4, 3, 2)
3
(54, 32)
-> Request 2
785
(2, 3, 1)
1
(54, 46)
-> Request 3
895
(3, 3, 2)
1
(52, 46)
-> Request 4
1002
(2, 1, 2)
3
(30, 77)
-> Request 5
1162
(4, 1, 2)
1
(0, 63)
-> Request 6
1186
(3, 3, 2)
1
(59, 70)
-> Request 7
1426
(4, 1, 1)
1
(62, 35)
--> Day : 4
-> Request 0
75
(4, 1, 1)
1
(51, 51)
-> Request 1
394
(4, 3, 1)
3
(43, 39)
-> Request 2
573
(2, 2, 2)
2
(43, 6)
-> Request 3
663
(3, 3, 2)
2
(51, 32)
-> Request 4
692
(2, 2, 1)
3
(23, 62)
-> Request 5
711
(4, 2, 2)
1
(72, 32)
-> Request 6
1230
(2, 1, 1)
2
(25, 39)
---> Week : 16
--> Day : 0
-> Request 0
295
(1, 3, 2)
1
(62, 72)
-> Request 1
1096
(4, 3, 2)
3
(65, 13)
-> Request 2
1128
(2, 3, 2)
3
(50, 39)
--> Day : 1
-> Request 0
42
(4, 3, 2)
2
(43, 18)
-> Request 1
142
(2, 3, 2)
2
(11, 53)
-> Request 2
411
(1, 3, 2)
2
(51, 44)
-> Request 3
1015
(4, 1, 2)
1
(6, 36)
-> Request 4
1349
(2, 3, 1)
1
(61, 46)
-> Request 5
1417
(4, 3, 2)
2
(49, 36)
--> Day : 2
-> Request 0
499
(4, 3, 2)
1
(31, 9)
-> Request 1
641
(2, 3, 1)
2
(62, 44)
-> Request 2
924
(1, 2, 2)
1
(55, 68)
-> Request 3
1101
(4, 3, 2)
2
(15, 40)
-> Request 4
1124
(4, 1, 2)
1
(54, 77)
-> Request 5
1426
(1, 2, 1)
2
(1, 48)
--> Day : 3
-> Request 0
176
(3, 2, 2)
3
(21, 54)
-> Request 1
597
(1, 3, 2)
1
(15, 49)
-> Request 2
632
(1, 2, 1)
3
(2, 72)
-> Request 3
758
(1, 1, 1)
3
(3, 42)
-> Request 4
1060
(4, 2, 1)
1
(10, 29)
-> Request 5
1257
(1, 2, 1)
2
(44, 48)
--> Day : 4
-> Request 0
51
(3, 2, 1)
1
(44, 33)
-> Request 1
66
(1, 3, 1)
3
(64, 75)
-> Request 2
202
(2, 3, 1)
2
(50, 21)
-> Request 3
227
(2, 3, 1)
1
(65, 16)
-> Request 4
532
(3, 3, 2)
1
(53, 30)
-> Request 5
763
(1, 1, 2)
2
(54, 26)
-> Request 6
782
(2, 1, 2)
3
(50, 33)
-> Request 7
869
(2, 1, 1)
1
(55, 64)
-> Request 8
909
(1, 2, 1)
1
(58, 77)
-> Request 9
962
(3, 3, 2)
3
(17, 27)
-> Request 10
1053
(1, 2, 2)
1
(53, 68)
---> Week : 17
--> Day : 0
-> Request 0
73
(3, 3, 1)
2
(50, 66)
-> Request 1
269
(3, 2, 1)
3
(56, 72)
-> Request 2
285
(4, 2, 1)
3
(25, 62)
-> Request 3
458
(4, 2, 1)
1
(43, 56)
-> Request 4
537
(4, 1, 2)
1
(53, 75)
-> Request 5
715
(2, 1, 1)
1
(50, 39)
-> Request 6
1089
(4, 1, 1)
1
(15, 49)
-> Request 7
1288
(1, 2, 2)
1
(37, 19)
-> Request 8
1439
(2, 2, 2)
3
(53, 33)
--> Day : 1
-> Request 0
88
(1, 1, 1)
1
(73, 22)
-> Request 1
428
(4, 1, 2)
3
(56, 44)
-> Request 2
438
(4, 1, 2)
2
(23, 25)
-> Request 3
533
(1, 3, 2)
3
(56, 35)
-> Request 4
774
(1, 3, 1)
2
(54, 34)
-> Request 5
800
(1, 3, 1)
3
(37, 18)
-> Request 6
826
(1, 2, 2)
2
(61, 27)
-> Request 7
1117
(1, 1, 2)
3
(1, 14)
-> Request 8
1126
(3, 2, 1)
2
(46, 40)
-> Request 9
1436
(4, 1, 1)
3
(35, 45)
--> Day : 2
-> Request 0
147
(2, 2, 2)
2
(65, 77)
-> Request 1
406
(1, 1, 2)
2
(60, 38)
-> Request 2
527
(2, 3, 2)
2
(57, 44)
-> Request 3
1020
(1, 2, 2)
2
(54, 71)
-> Request 4
1024
(1, 3, 2)
3
(16, 22)
--> Day : 3
-> Request 0
81
(3, 1, 1)
1
(57, 75)
-> Request 1
88
(4, 2, 1)
2
(56, 29)
-> Request 2
314
(4, 2, 1)
1
(73, 79)
-> Request 3
653
(1, 3, 1)
2
(62, 39)
-> Request 4
1132
(4, 3, 2)
1
(55, 68)
-> Request 5
1139
(2, 1, 1)
1
(58, 12)
-> Request 6
1322
(1, 2, 2)
1
(24, 79)
--> Day : 4
-> Request 0
261
(3, 2, 2)
2
(59, 75)
-> Request 1
318
(2, 2, 2)
3
(56, 43)
-> Request 2
490
(4, 3, 1)
2
(61, 35)
-> Request 3
506
(3, 2, 1)
3
(65, 75)
-> Request 4
566
(3, 1, 2)
2
(52, 42)
-> Request 5
637
(1, 1, 2)
2
(17, 13)
-> Request 6
1033
(4, 1, 2)
1
(57, 78)
-> Request 7
1393
(1, 3, 1)
3
(55, 64)
---> Week : 18
--> Day : 0
-> Request 0
496
(3, 3, 2)
2
(43, 30)
-> Request 1
507
(4, 1, 2)
3
(52, 70)
-> Request 2
654
(4, 3, 2)
3
(4, 33)
-> Request 3
1033
(4, 3, 1)
3
(61, 29)
--> Day : 1
-> Request 0
505
(3, 2, 2)
1
(40, 46)
-> Request 1
577
(1, 2, 2)
1
(47, 35)
-> Request 2
698
(3, 2, 1)
1
(52, 34)
-> Request 3
739
(4, 1, 1)
2
(17, 21)
-> Request 4
802
(2, 3, 1)
1
(70, 26)
-> Request 5
1279
(2, 1, 1)
1
(5, 23)
--> Day : 2
-> Request 0
230
(3, 1, 2)
2
(8, 28)
-> Request 1
363
(1, 3, 2)
1
(55, 40)
-> Request 2
488
(4, 3, 2)
1
(76, 61)
-> Request 3
791
(3, 1, 1)
2
(62, 74)
-> Request 4
816
(4, 3, 1)
2
(59, 27)
-> Request 5
1083
(4, 3, 2)
2
(14, 8)
-> Request 6
1189
(2, 1, 1)
3
(4, 61)
--> Day : 3
-> Request 0
218
(2, 3, 2)
1
(58, 31)
-> Request 1
531
(3, 3, 2)
1
(58, 69)
-> Request 2
615
(4, 3, 2)
2
(26, 75)
-> Request 3
845
(4, 2, 1)
3
(70, 66)
-> Request 4
1307
(3, 2, 1)
1
(55, 33)
--> Day : 4
-> Request 0
19
(3, 1, 1)
2
(33, 72)
-> Request 1
181
(3, 3, 2)
3
(50, 16)
-> Request 2
317
(1, 2, 2)
1
(8, 26)
-> Request 3
545
(3, 1, 2)
2
(3, 61)
-> Request 4
851
(4, 2, 1)
3
(15, 38)
-> Request 5
861
(1, 2, 1)
3
(51, 34)
---> Week : 19
--> Day : 0
-> Request 0
213
(2, 3, 2)
1
(12, 59)
-> Request 1
382
(3, 2, 1)
3
(63, 60)
-> Request 2
389
(3, 2, 2)
3
(13, 58)
-> Request 3
429
(1, 3, 2)
1
(53, 69)
-> Request 4
477
(2, 2, 2)
1
(64, 73)
-> Request 5
598
(4, 3, 2)
1
(69, 21)
-> Request 6
768
(1, 1, 1)
2
(45, 43)
-> Request 7
791
(4, 1, 2)
1
(55, 31)
-> Request 8
897
(4, 2, 2)
1
(32, 33)
-> Request 9
942
(4, 1, 1)
2
(71, 66)
-> Request 10
1030
(3, 2, 1)
2
(52, 27)
-> Request 11
1164
(3, 3, 1)
1
(58, 13)
--> Day : 1
-> Request 0
559
(1, 2, 1)
3
(43, 28)
-> Request 1
773
(1, 1, 1)
2
(59, 67)
-> Request 2
1140
(4, 3, 1)
3
(18, 58)
--> Day : 2
-> Request 0
328
(3, 2, 1)
1
(65, 76)
-> Request 1
357
(4, 1, 2)
2
(52, 37)
-> Request 2
373
(2, 2, 1)
2
(47, 46)
-> Request 3
521
(1, 2, 2)
1
(20, 54)
-> Request 4
600
(2, 1, 1)
2
(20, 75)
-> Request 5
1152
(4, 3, 2)
3
(47, 37)
--> Day : 3
-> Request 0
245
(1, 3, 2)
3
(6, 8)
-> Request 1
1053
(1, 3, 1)
2
(73, 55)
-> Request 2
1122
(4, 1, 2)
1
(51, 36)
--> Day : 4
-> Request 0
162
(1, 3, 1)
1
(52, 77)
-> Request 1
195
(2, 2, 1)
3
(59, 28)
-> Request 2
525
(4, 3, 2)
1
(53, 44)
-> Request 3
951
(1, 2, 2)
1
(28, 34)
-> Request 4
1360
(4, 1, 1)
1
(40, 75)
