---> Week : 0
--> Day : 0
-> Request 0
246
(1, 2, 1)
1
(52, 35)
-> Request 1
720
(1, 1, 2)
2
(14, 1)
-> Request 2
817
(4, 2, 1)
2
(61, 72)
-> Request 3
1052
(1, 3, 2)
3
(43, 31)
--> Day : 1
-> Request 0
41
(4, 1, 1)
1
(52, 39)
-> Request 1
104
(4, 1, 2)
3
(28, 78)
-> Request 2
133
(4, 1, 2)
1
(54, 39)
-> Request 3
273
(2, 1, 1)
2
(65, 69)
-> Request 4
274
(3, 2, 2)
3
(49, 44)
-> Request 5
688
(3, 2, 2)
1
(48, 41)
--> Day : 2
-> Request 0
503
(2, 1, 2)
1
(60, 34)
-> Request 1
971
(4, 3, 1)
1
(75, 5)
-> Request 2
1001
(4, 1, 2)
3
(8, 25)
-> Request 3
1105
(3, 3, 2)
3
(11, 33)
--> Day : 3
-> Request 0
202
(1, 1, 1)
2
(56, 43)
-> Request 1
451
(2, 3, 2)
2
(61, 58)
-> Request 2
1087
(1, 3, 1)
2
(44, 15)
-> Request 3
1332
(4, 2, 2)
1
(55, 33)
--> Day : 4
-> Request 0
172
(1, 2, 2)
2
(60, 67)
-> Request 1
244
(1, 2, 1)
1
(62, 27)
-> Request 2
707
(4, 1, 1)
2
(56, 34)
---> Week : 1
--> Day : 0
-> Request 0
160
(1, 2, 1)
2
(76, 13)
-> Request 1
219
(2, 3, 1)
1
(37, 41)
-> Request 2
235
(1, 3, 1)
3
(50, 38)
-> Request 3
803
(3, 2, 2)
2
(55, 28)
--> Day : 1
-> Request 0
546
(1, 2, 1)
1
(66, 70)
-> Request 1
546
(4, 3, 2)
1
(58, 35)
-> Request 2
1269
(3, 3, 2)
2
(52, 27)
-> Request 3
1287
(1, 2, 1)
1
(35, 53)
--> Day : 2
-> Request 0
123
(1, 2, 2)
2
(21, 46)
-> Request 1
348
(3, 1, 2)
1
(55, 75)
-> Request 2
503
(4, 2, 1)
1
(57, 77)
-> Request 3
778
(4, 2, 1)
1
(59, 73)
-> Request 4
1069
(4, 3, 2)
2
(14, 23)
--> Day : 3
-> Request 0
277
(2, 1, 1)
3
(15, 25)
-> Request 1
387
(4, 3, 2)
2
(34, 72)
-> Request 2
1022
(4, 1, 1)
1
(62, 70)
-> Request 3
1156
(1, 3, 2)
3
(53, 41)
-> Request 4
1194
(2, 2, 2)
3
(62, 77)
--> Day : 4
-> Request 0
207
(4, 3, 2)
3
(20, 31)
-> Request 1
471
(3, 1, 1)
2
(56, 40)
-> Request 2
631
(1, 3, 1)
1
(75, 55)
-> Request 3
736
(2, 3, 1)
1
(43, 38)
-> Request 4
1047
(2, 3, 2)
2
(63, 71)
-> Request 5
1358
(3, 1, 2)
2
(64, 70)
---> Week : 2
--> Day : 0
-> Request 0
346
(2, 1, 1)
3
(59, 28)
-> Request 1
802
(1, 2, 2)
2
(62, 39)
-> Request 2
881
(4, 2, 2)
2
(53, 32)
-> Request 3
1291
(4, 2, 1)
3
(52, 30)
-> Request 4
1321
(1, 2, 1)
1
(49, 66)
--> Day : 1
-> Request 0
273
(2, 3, 2)
1
(11, 76)
-> Request 1
299
(3, 2, 2)
1
(3, 29)
-> Request 2
1026
(2, 1, 1)
3
(78, 6)
--> Day : 2
-> Request 0
145
(1, 1, 1)
3
(50, 30)
-> Request 1
258
(4, 1, 2)
2
(60, 33)
-> Request 2
324
(4, 1, 2)
2
(66, 49)
-> Request 3
486
(4, 2, 2)
1
(45, 30)
-> Request 4
835
(3, 1, 1)
3
(31, 55)
-> Request 5
860
(4, 1, 1)
3
(59, 32)
-> Request 6
940
(1, 2, 1)
3
(62, 74)
-> Request 7
998
(2, 1, 2)
1
(5, 2)
-> Request 8
1129
(1, 1, 1)
1
(48, 31)
--> Day : 3
-> Request 0
232
(1, 3, 1)
2
(54, 6)
-> Request 1
550
(2, 2, 1)
3
(60, 38)
-> Request 2
704
(2, 2, 2)
1
(57, 74)
-> Request 3
779
(4, 1, 2)
1
(57, 72)
-> Request 4
807
(2, 3, 1)
2
(60, 76)
-> Request 5
819
(1, 1, 1)
1
(49, 38)
-> Request 6
848
(1, 1, 2)
2
(3, 34)
-> Request 7
884
(4, 1, 1)
2
(43, 27)
--> Day : 4
-> Request 0
47
(4, 2, 2)
2
(53, 22)
---> Week : 3
--> Day : 0
-> Request 0
83
(4, 1, 1)
2
(41, 55)
-> Request 1
526
(4, 3, 1)
1
(54, 44)
-> Request 2
852
(4, 3, 1)
2
(71, 13)
-> Request 3
896
(2, 1, 2)
2
(57, 77)
-> Request 4
912
(1, 2, 1)
2
(57, 36)
-> Request 5
969
(3, 3, 1)
2
(51, 40)
-> Request 6
1233
(2, 3, 2)
1
(48, 33)
-> Request 7
1299
(1, 1, 1)
1
(58, 75)
--> Day : 1
-> Request 0
616
(2, 3, 2)
3
(16, 26)
-> Request 1
741
(1, 1, 1)
2
(55, 66)
-> Request 2
1074
(4, 2, 2)
3
(16, 52)
-> Request 3
1120
(4, 2, 1)
3
(57, 75)
-> Request 4
1290
(2, 1, 1)
2
(11, 23)
--> Day : 2
-> Request 0
19
(4, 3, 2)
1
(46, 48)
-> Request 1
363
(3, 3, 2)
3
(15, 27)
-> Request 2
552
(1, 2, 1)
2
(61, 68)
-> Request 3
554
(4, 3, 1)
1
(41, 69)
-> Request 4
966
(4, 3, 1)
2
(61, 69)
-> Request 5
1344
(2, 3, 2)
1
(4, 30)
-> Request 6
1372
(2, 1, 1)
3
(32, 55)
--> Day : 3
-> Request 0
460
(3, 3, 2)
2
(53, 39)
-> Request 1
636
(4, 1, 2)
2
(64, 56)
-> Request 2
705
(1, 3, 2)
2
(10, 20)
-> Request 3
950
(1, 3, 2)
3
(59, 68)
-> Request 4
1111
(1, 1, 1)
1
(32, 74)
-> Request 5
1241
(2, 1, 1)
3
(72, 56)
-> Request 6
1242
(1, 1, 1)
1
(59, 35)
-> Request 7
1411
(3, 1, 2)
3
(59, 77)
--> Day : 4
-> Request 0
640
(3, 3, 1)
2
(54, 37)
-> Request 1
752
(4, 1, 1)
2
(68, 33)
-> Request 2
1074
(1, 1, 2)
3
(62, 43)
-> Request 3
1428
(4, 3, 2)
3
(44, 38)
---> Week : 4
--> Day : 0
-> Request 0
58
(1, 3, 1)
1
(65, 48)
-> Request 1
1026
(2, 2, 1)
1
(3, 28)
-> Request 2
1199
(4, 1, 2)
2
(62, 68)
-> Request 3
1260
(3, 3, 1)
3
(36, 17)
-> Request 4
1331
(1, 2, 1)
2
(48, 34)
--> Day : 1
-> Request 0
59
(3, 1, 1)
2
(42, 76)
-> Request 1
358
(4, 2, 1)
3
(14, 21)
-> Request 2
599
(1, 2, 1)
2
(62, 37)
-> Request 3
643
(4, 3, 1)
3
(62, 31)
-> Request 4
1083
(4, 1, 2)
1
(14, 70)
--> Day : 2
-> Request 0
261
(3, 3, 1)
1
(61, 25)
-> Request 1
361
(3, 3, 1)
2
(55, 43)
-> Request 2
520
(1, 1, 2)
2
(14, 26)
-> Request 3
698
(2, 1, 2)
2
(12, 20)
-> Request 4
920
(4, 1, 2)
3
(54, 36)
-> Request 5
1325
(1, 2, 1)
2
(59, 33)
--> Day : 3
-> Request 0
596
(4, 2, 1)
3
(10, 26)
-> Request 1
791
(1, 3, 1)
2
(3, 43)
-> Request 2
1170
(1, 2, 2)
1
(66, 71)
--> Day : 4
-> Request 0
192
(4, 2, 2)
1
(27, 66)
-> Request 1
599
(2, 1, 1)
1
(38, 33)
-> Request 2
1214
(1, 3, 2)
2
(45, 32)
-> Request 3
1372
(3, 1, 1)
2
(47, 8)
-> Request 4
1410
(4, 1, 1)
1
(15, 20)
---> Week : 5
--> Day : 0
-> Request 0
127
(2, 2, 1)
3
(47, 54)
-> Request 1
478
(1, 1, 1)
3
(12, 10)
-> Request 2
1213
(1, 2, 2)
2
(60, 44)
--> Day : 1
-> Request 0
309
(3, 2, 1)
1
(47, 35)
-> Request 1
497
(1, 3, 1)
3
(31, 53)
-> Request 2
628
(4, 1, 1)
3
(32, 47)
-> Request 3
923
(4, 3, 2)
3
(62, 64)
-> Request 4
1088
(2, 2, 1)
3
(79, 7)
-> Request 5
1231
(1, 1, 2)
1
(77, 14)
-> Request 6
1382
(2, 2, 1)
1
(64, 67)
--> Day : 2
-> Request 0
99
(1, 1, 2)
1
(14, 28)
-> Request 1
184
(4, 1, 1)
1
(10, 56)
-> Request 2
227
(4, 1, 2)
1
(46, 35)
-> Request 3
457
(2, 1, 1)
2
(55, 42)
-> Request 4
658
(2, 2, 1)
2
(69, 46)
-> Request 5
920
(3, 2, 1)
3
(57, 71)
--> Day : 3
-> Request 0
443
(4, 1, 1)
1
(14, 24)
-> Request 1
527
(1, 2, 1)
2
(59, 38)
-> Request 2
782
(2, 2, 1)
1
(22, 56)
-> Request 3
787
(3, 2, 1)
3
(37, 16)
-> Request 4
948
(3, 2, 2)
1
(58, 40)
-> Request 5
988
(1, 3, 2)
3
(66, 10)
-> Request 6
1387
(4, 1, 2)
2
(9, 22)
-> Request 7
1389
(2, 1, 1)
1
(9, 24)
--> Day : 4
-> Request 0
144
(1, 2, 1)
2
(13, 29)
-> Request 1
432
(1, 3, 2)
2
(53, 65)
-> Request 2
479
(3, 1, 2)
2
(65, 16)
-> Request 3
512
(4, 3, 2)
2
(57, 76)
-> Request 4
962
(3, 1, 1)
1
(63, 75)
-> Request 5
1096
(1, 1, 1)
1
(5, 68)
---> Week : 6
--> Day : 0
-> Request 0
67
(4, 2, 1)
3
(19, 37)
-> Request 1
562
(1, 3, 1)
3
(39, 73)
-> Request 2
1098
(2, 2, 2)
1
(71, 0)
-> Request 3
1224
(3, 3, 1)
2
(9, 39)
--> Day : 1
-> Request 0
578
(3, 2, 2)
3
(73, 60)
-> Request 1
1207
(3, 1, 2)
1
(49, 34)
--> Day : 2
-> Request 0
180
(3, 3, 2)
2
(2, 19)
-> Request 1
854
(1, 1, 1)
3
(78, 12)
-> Request 2
1175
(1, 1, 2)
2
(55, 35)
-> Request 3
1228
(1, 1, 2)
1
(13, 23)
-> Request 4
1380
(2, 2, 2)
1
(57, 43)
--> Day : 3
-> Request 0
614
(4, 2, 1)
2
(62, 32)
-> Request 1
704
(3, 1, 1)
2
(52, 43)
-> Request 2
1063
(3, 1, 1)
3
(62, 43)
-> Request 3
1371
(2, 2, 2)
1
(47, 43)
-> Request 4
1373
(1, 1, 2)
3
(25, 10)
--> Day : 4
-> Request 0
157
(4, 3, 2)
1
(62, 35)
-> Request 1
229
(1, 2, 1)
2
(62, 71)
-> Request 2
284
(1, 1, 2)
1
(59, 20)
-> Request 3
337
(3, 3, 1)
1
(57, 39)
-> Request 4
451
(4, 3, 2)
1
(20, 39)
-> Request 5
740
(3, 3, 1)
2
(9, 47)
-> Request 6
1095
(4, 1, 1)
3
(62, 48)
-> Request 7
1113
(2, 2, 1)
2
(50, 17)
-> Request 8
1398
(2, 3, 1)
3
(52, 34)
---> Week : 7
--> Day : 0
-> Request 0
306
(4, 2, 1)
1
(64, 74)
-> Request 1
618
(2, 2, 2)
2
(52, 42)
-> Request 2
913
(4, 1, 2)
1
(60, 32)
--> Day : 1
-> Request 0
11
(2, 1, 2)
3
(61, 34)
-> Request 1
146
(2, 1, 1)
3
(59, 77)
-> Request 2
425
(2, 2, 2)
1
(51, 44)
-> Request 3
722
(3, 3, 1)
2
(62, 69)
-> Request 4
867
(4, 3, 2)
2
(32, 63)
-> Request 5
875
(1, 2, 2)
3
(17, 27)
--> Day : 2
-> Request 0
64
(3, 1, 2)
3
(53, 40)
-> Request 1
572
(2, 3, 2)
1
(43, 37)
-> Request 2
862
(3, 3, 1)
1
(62, 78)
-> Request 3
1303
(2, 1, 1)
2
(62, 60)
-> Request 4
1379
(1, 3, 2)
3
(56, 31)
--> Day : 3
-> Request 0
107
(4, 1, 1)
2
(17, 1)
-> Request 1
282
(3, 3, 1)
1
(47, 28)
-> Request 2
483
(1, 1, 1)
2
(51, 50)
-> Request 3
905
(4, 3, 2)
3
(61, 41)
-> Request 4
929
(4, 1, 2)
1
(32, 11)
-> Request 5
971
(3, 2, 1)
3
(2, 10)
-> Request 6
1187
(3, 1, 2)
3
(12, 20)
-> Request 7
1201
(2, 2, 1)
3
(54, 29)
--> Day : 4
-> Request 0
308
(2, 3, 2)
3
(74, 68)
-> Request 1
458
(2, 2, 2)
2
(44, 34)
-> Request 2
497
(3, 2, 2)
1
(58, 37)
-> Request 3
526
(4, 1, 1)
1
(57, 31)
-> Request 4
777
(1, 3, 1)
3
(48, 56)
-> Request 5
861
(1, 2, 1)
1
(33, 0)
-> Request 6
962
(1, 3, 1)
1
(50, 45)
---> Week : 8
--> Day : 0
-> Request 0
51
(2, 1, 1)
1
(59, 27)
-> Request 1
100
(1, 1, 1)
3
(61, 73)
-> Request 2
390
(2, 3, 2)
1
(62, 76)
-> Request 3
449
(1, 3, 1)
2
(11, 24)
-> Request 4
610
(3, 2, 2)
2
(57, 53)
-> Request 5
732
(1, 1, 1)
2
(53, 67)
-> Request 6
820
(3, 2, 2)
1
(14, 21)
--> Day : 1
-> Request 0
22
(1, 1, 1)
1
(45, 29)
-> Request 1
352
(1, 3, 1)
2
(58, 34)
-> Request 2
363
(4, 3, 2)
3
(43, 45)
-> Request 3
917
(2, 1, 2)
2
(53, 74)
-> Request 4
1100
(3, 1, 1)
2
(48, 71)
-> Request 5
1106
(2, 3, 1)
2
(46, 28)
-> Request 6
1239
(1, 3, 2)
2
(57, 41)
-> Request 7
1377
(1, 1, 2)
2
(58, 41)
--> Day : 2
-> Request 0
2
(2, 3, 2)
2
(55, 33)
-> Request 1
429
(3, 1, 2)
3
(60, 77)
-> Request 2
585
(4, 1, 1)
3
(58, 77)
-> Request 3
740
(3, 2, 1)
1
(18, 28)
-> Request 4
1082
(2, 2, 1)
2
(10, 28)
-> Request 5
1206
(3, 3, 1)
2
(44, 35)
-> Request 6
1433
(3, 1, 2)
3
(53, 37)
--> Day : 3
-> Request 0
77
(2, 3, 2)
3
(62, 74)
-> Request 1
615
(2, 1, 2)
2
(8, 16)
-> Request 2
876
(4, 3, 2)
3
(61, 70)
-> Request 3
1002
(3, 3, 1)
3
(58, 43)
-> Request 4
1343
(1, 1, 2)
3
(21, 65)
--> Day : 4
-> Request 0
272
(2, 2, 2)
2
(27, 73)
-> Request 1
1237
(2, 1, 1)
1
(54, 41)
---> Week : 9
--> Day : 0
-> Request 0
22
(4, 1, 1)
3
(62, 71)
-> Request 1
122
(1, 1, 1)
2
(60, 34)
-> Request 2
590
(4, 1, 1)
3
(20, 53)
-> Request 3
972
(3, 1, 2)
2
(7, 44)
-> Request 4
1055
(3, 3, 2)
2
(44, 57)
-> Request 5
1386
(1, 2, 2)
2
(60, 64)
--> Day : 1
-> Request 0
145
(3, 3, 2)
2
(59, 73)
-> Request 1
530
(3, 2, 2)
2
(24, 33)
-> Request 2
930
(2, 1, 1)
1
(12, 28)
-> Request 3
1115
(1, 3, 2)
2
(67, 51)
-> Request 4
1157
(4, 3, 1)
3
(44, 33)
--> Day : 2
-> Request 0
406
(3, 2, 1)
1
(58, 72)
-> Request 1
673
(3, 3, 1)
2
(60, 36)
-> Request 2
774
(1, 3, 1)
2
(57, 34)
-> Request 3
879
(4, 3, 1)
2
(77, 38)
-> Request 4
1238
(3, 1, 2)
3
(14, 24)
-> Request 5
1380
(4, 1, 1)
2
(60, 65)
--> Day : 3
-> Request 0
177
(3, 1, 2)
1
(10, 22)
-> Request 1
435
(4, 1, 2)
2
(62, 1)
-> Request 2
739
(3, 1, 2)
3
(59, 74)
-> Request 3
761
(3, 3, 1)
1
(56, 74)
-> Request 4
919
(3, 2, 1)
1
(62, 37)
-> Request 5
1039
(1, 2, 1)
3
(59, 74)
-> Request 6
1249
(4, 3, 2)
2
(18, 72)
-> Request 7
1334
(2, 1, 1)
2
(50, 38)
--> Day : 4
-> Request 0
210
(2, 3, 2)
3
(68, 10)
-> Request 1
435
(2, 3, 1)
3
(12, 12)
-> Request 2
682
(4, 2, 2)
3
(57, 46)
-> Request 3
1028
(4, 2, 2)
1
(62, 32)
-> Request 4
1037
(3, 3, 1)
2
(25, 24)
---> Week : 10
--> Day : 0
-> Request 0
15
(4, 2, 1)
3
(30, 71)
-> Request 1
105
(4, 3, 1)
1
(65, 78)
-> Request 2
471
(3, 3, 2)
3
(12, 54)
-> Request 3
547
(3, 2, 1)
2
(37, 37)
-> Request 4
691
(2, 3, 2)
2
(27, 56)
-> Request 5
1306
(2, 3, 1)
3
(52, 54)
--> Day : 1
-> Request 0
92
(1, 1, 2)
2
(40, 75)
-> Request 1
181
(4, 2, 1)
1
(63, 66)
-> Request 2
198
(1, 2, 2)
1
(11, 21)
-> Request 3
470
(2, 1, 1)
2
(66, 15)
-> Request 4
517
(4, 2, 2)
2
(11, 26)
--> Day : 2
-> Request 0
133
(4, 3, 2)
1
(39, 62)
-> Request 1
274
(2, 3, 2)
3
(46, 21)
-> Request 2
330
(1, 3, 2)
3
(48, 41)
-> Request 3
419
(3, 1, 2)
2
(66, 69)
-> Request 4
544
(1, 3, 2)
3
(54, 64)
-> Request 5
544
(4, 2, 2)
1
(40, 5)
-> Request 6
653
(2, 2, 2)
1
(53, 45)
-> Request 7
713
(2, 3, 2)
3
(61, 78)
-> Request 8
746
(2, 3, 2)
2
(46, 35)
-> Request 9
1313
(4, 3, 2)
2
(28, 13)
-> Request 10
1371
(1, 2, 1)
1
(16, 8)
-> Request 11
1373
(1, 1, 2)
1
(66, 60)
-> Request 12
1373
(2, 3, 1)
2
(46, 39)
-> Request 13
1433
(1, 1, 2)
2
(66, 52)
--> Day : 3
-> Request 0
144
(2, 2, 2)
1
(42, 38)
-> Request 1
237
(2, 2, 2)
3
(61, 34)
-> Request 2
746
(3, 1, 1)
1
(53, 73)
-> Request 3
1120
(1, 2, 2)
1
(54, 78)
--> Day : 4
-> Request 0
79
(1, 1, 1)
2
(66, 13)
-> Request 1
121
(1, 3, 1)
3
(55, 35)
-> Request 2
954
(4, 2, 1)
1
(9, 23)
-> Request 3
1241
(4, 3, 2)
1
(43, 27)
-> Request 4
1326
(2, 2, 1)
1
(47, 55)
---> Week : 11
--> Day : 0
-> Request 0
21
(2, 2, 2)
1
(39, 61)
-> Request 1
318
(1, 1, 1)
1
(60, 1)
-> Request 2
493
(4, 2, 2)
3
(69, 12)
-> Request 3
628
(3, 3, 2)
1
(61, 65)
-> Request 4
892
(1, 3, 2)
1
(9, 26)
-> Request 5
956
(2, 3, 2)
3
(43, 50)
-> Request 6
1117
(2, 2, 2)
3
(57, 40)
--> Day : 1
-> Request 0
86
(2, 3, 1)
3
(57, 35)
-> Request 1
193
(4, 1, 2)
3
(63, 68)
-> Request 2
423
(3, 3, 1)
3
(55, 66)
-> Request 3
496
(2, 2, 1)
1
(71, 53)
-> Request 4
701
(3, 1, 1)
2
(46, 34)
-> Request 5
1293
(1, 3, 1)
1
(0, 61)
--> Day : 2
-> Request 0
94
(4, 2, 1)
1
(37, 15)
-> Request 1
266
(4, 3, 1)
1
(55, 31)
-> Request 2
327
(3, 1, 1)
1
(52, 39)
-> Request 3
337
(4, 2, 2)
3
(48, 44)
--> Day : 3
-> Request 0
88
(3, 2, 1)
1
(65, 78)
-> Request 1
155
(4, 2, 1)
1
(76, 1)
-> Request 2
463
(1, 1, 2)
3
(39, 28)
-> Request 3
471
(3, 1, 2)
3
(25, 72)
-> Request 4
539
(2, 1, 1)
1
(28, 18)
-> Request 5
823
(4, 1, 1)
1
(19, 14)
--> Day : 4
-> Request 0
612
(3, 3, 1)
1
(54, 32)
-> Request 1
867
(1, 2, 2)
3
(44, 34)
-> Request 2
1159
(3, 1, 2)
1
(59, 35)
-> Request 3
1236
(1, 2, 2)
2
(60, 40)
-> Request 4
1257
(1, 3, 1)
3
(16, 28)
---> Week : 12
--> Day : 0
-> Request 0
142
(2, 1, 2)
1
(44, 33)
-> Request 1
525
(4, 1, 2)
1
(31, 30)
-> Request 2
1051
(1, 3, 1)
3
(29, 36)
-> Request 3
1410
(2, 3, 1)
1
(54, 22)
--> Day : 1
-> Request 0
166
(3, 2, 2)
2
(25, 79)
-> Request 1
306
(2, 1, 2)
3
(53, 43)
-> Request 2
574
(4, 2, 1)
2
(62, 28)
-> Request 3
655
(3, 2, 2)
3
(7, 55)
-> Request 4
1149
(3, 1, 1)
1
(14, 25)
--> Day : 2
-> Request 0
823
(3, 1, 2)
2
(35, 65)
-> Request 1
1428
(2, 2, 1)
2
(58, 11)
--> Day : 3
-> Request 0
77
(1, 1, 2)
1
(34, 44)
-> Request 1
1199
(3, 1, 1)
1
(13, 25)
-> Request 2
1224
(1, 1, 2)
1
(52, 69)
-> Request 3
1237
(2, 3, 2)
1
(13, 30)
-> Request 4
1425
(1, 1, 1)
2
(76, 11)
--> Day : 4
-> Request 0
104
(1, 3, 2)
3
(45, 34)
-> Request 1
910
(2, 3, 2)
3
(53, 64)
---> Week : 13
--> Day : 0
-> Request 0
129
(2, 1, 1)
1
(50, 46)
-> Request 1
505
(4, 1, 2)
3
(45, 37)
-> Request 2
639
(2, 1, 1)
1
(53, 56)
-> Request 3
944
(2, 1, 2)
2
(41, 15)
-> Request 4
949
(1, 2, 1)
3
(46, 71)
-> Request 5
1060
(3, 3, 1)
1
(49, 46)
-> Request 6
1215
(1, 1, 1)
2
(72, 26)
-> Request 7
1424
(4, 2, 2)
2
(67, 47)
--> Day : 1
-> Request 0
208
(4, 3, 2)
3
(46, 41)
-> Request 1
356
(4, 3, 2)
2
(67, 50)
-> Request 2
847
(2, 3, 1)
1
(54, 68)
-> Request 3
967
(3, 3, 1)
2
(37, 23)
-> Request 4
1023
(2, 3, 1)
2
(57, 72)
--> Day : 2
-> Request 0
503
(1, 3, 1)
2
(57, 27)
-> Request 1
697
(1, 3, 2)
3
(73, 41)
-> Request 2
865
(3, 1, 2)
2
(15, 20)
-> Request 3
1153
(3, 3, 1)
2
(6, 17)
--> Day : 3
-> Request 0
562
(3, 2, 1)
2
(14, 34)
-> Request 1
857
(2, 1, 1)
3
(69, 7)
-> Request 2
902
(3, 2, 2)
2
(65, 68)
-> Request 3
1038
(2, 1, 1)
2
(47, 27)
-> Request 4
1039
(3, 2, 2)
2
(9, 27)
-> Request 5
1272
(3, 3, 1)
3
(39, 1)
-> Request 6
1286
(1, 2, 2)
3
(64, 22)
-> Request 7
1367
(1, 2, 1)
1
(62, 67)
--> Day : 4
-> Request 0
53
(1, 1, 1)
2
(20, 72)
-> Request 1
536
(3, 2, 1)
2
(62, 44)
-> Request 2
704
(1, 2, 2)
2
(46, 65)
-> Request 3
931
(1, 1, 2)
1
(52, 39)
-> Request 4
972
(1, 1, 2)
1
(40, 38)
-> Request 5
1148
(4, 3, 2)
1
(11, 59)
-> Request 6
1414
(4, 2, 2)
1
(55, 31)
---> Week : 14
--> Day : 0
-> Request 0
65
(3, 1, 1)
1
(16, 23)
-> Request 1
219
(2, 1, 1)
3
(48, 49)
-> Request 2
369
(2, 1, 2)
1
(48, 32)
-> Request 3
399
(3, 3, 2)
3
(12, 25)
-> Request 4
1116
(1, 3, 2)
1
(14, 27)
-> Request 5
1420
(1, 3, 2)
3
(58, 69)
--> Day : 1
-> Request 0
880
(2, 3, 1)
3
(22, 42)
-> Request 1
1226
(4, 1, 1)
1
(62, 44)
--> Day : 2
-> Request 0
201
(1, 1, 1)
2
(60, 78)
-> Request 1
344
(4, 2, 2)
1
(65, 36)
-> Request 2
461
(3, 3, 2)
2
(10, 14)
-> Request 3
549
(4, 2, 2)
3
(50, 34)
-> Request 4
741
(2, 2, 2)
2
(53, 33)
-> Request 5
858
(3, 2, 1)
1
(48, 39)
-> Request 6
1091
(1, 2, 2)
1
(69, 48)
-> Request 7
1142
(2, 1, 1)
2
(36, 59)
--> Day : 3
-> Request 0
464
(1, 2, 2)
1
(59, 65)
-> Request 1
568
(4, 2, 1)
2
(16, 23)
-> Request 2
645
(4, 1, 1)
3
(60, 28)
-> Request 3
909
(4, 1, 1)
1
(71, 5)
-> Request 4
1140
(1, 3, 2)
1
(56, 29)
--> Day : 4
-> Request 0
21
(4, 1, 1)
1
(58, 66)
-> Request 1
163
(3, 2, 1)
2
(33, 2)
-> Request 2
386
(3, 1, 1)
1
(62, 43)
-> Request 3
635
(2, 1, 2)
1
(11, 68)
-> Request 4
669
(4, 3, 1)
2
(55, 73)
-> Request 5
1072
(2, 1, 2)
3
(56, 18)
-> Request 6
1389
(4, 1, 1)
2
(57, 69)
---> Week : 15
--> Day : 0
-> Request 0
31
(1, 1, 1)
2
(26, 78)
-> Request 1
325
(2, 2, 2)
2
(45, 37)
-> Request 2
432
(3, 2, 1)
1
(48, 26)
-> Request 3
516
(4, 1, 1)
1
(52, 38)
-> Request 4
997
(1, 3, 1)
1
(6, 40)
-> Request 5
1057
(2, 1, 2)
3
(18, 25)
-> Request 6
1119
(4, 2, 2)
3
(17, 24)
-> Request 7
1188
(2, 1, 2)
1
(31, 11)
-> Request 8
1190
(4, 3, 2)
1
(65, 64)
-> Request 9
1272
(3, 3, 2)
1
(37, 21)
--> Day : 1
-> Request 0
192
(3, 3, 2)
2
(63, 12)
-> Request 1
325
(2, 3, 2)
1
(43, 38)
-> Request 2
818
(3, 3, 1)
3
(11, 73)
-> Request 3
822
(2, 2, 2)
3
(71, 58)
-> Request 4
841
(4, 2, 2)
3
(47, 32)
-> Request 5
1179
(1, 1, 2)
3
(44, 1)
--> Day : 2
-> Request 0
70
(1, 1, 1)
3
(51, 34)
-> Request 1
218
(3, 1, 2)
1
(63, 38)
-> Request 2
496
(3, 1, 1)
2
(63, 69)
-> Request 3
779
(1, 2, 1)
2
(15, 41)
-> Request 4
1043
(2, 1, 2)
2
(79, 13)
--> Day : 3
-> Request 0
46
(2, 1, 2)
3
(51, 50)
-> Request 1
219
(1, 3, 2)
1
(59, 72)
-> Request 2
494
(2, 3, 2)
1
(12, 63)
-> Request 3
502
(3, 3, 1)
2
(57, 69)
-> Request 4
590
(4, 3, 1)
1
(9, 39)
-> Request 5
601
(3, 1, 1)
2
(6, 63)
-> Request 6
608
(1, 1, 2)
1
(57, 68)
-> Request 7
676
(3, 2, 2)
1
(13, 15)
-> Request 8
735
(2, 3, 1)
1
(56, 34)
-> Request 9
808
(4, 3, 1)
2
(44, 9)
-> Request 10
1104
(2, 1, 2)
3
(76, 72)
--> Day : 4
-> Request 0
72
(1, 2, 2)
1
(40, 16)
-> Request 1
84
(3, 2, 2)
1
(72, 14)
-> Request 2
92
(2, 2, 2)
3
(44, 38)
-> Request 3
423
(1, 3, 1)
1
(56, 72)
-> Request 4
489
(1, 3, 2)
2
(14, 29)
-> Request 5
1224
(3, 1, 1)
2
(63, 64)
-> Request 6
1364
(4, 2, 1)
1
(52, 70)
-> Request 7
1420
(4, 1, 1)
3
(64, 76)
---> Week : 16
--> Day : 0
-> Request 0
167
(2, 2, 2)
1
(44, 34)
-> Request 1
278
(3, 3, 1)
2
(22, 8)
-> Request 2
545
(2, 2, 2)
3
(36, 26)
-> Request 3
589
(3, 3, 1)
2
(16, 12)
-> Request 4
693
(4, 3, 2)
1
(14, 26)
-> Request 5
1293
(4, 2, 1)
2
(9, 24)
--> Day : 1
-> Request 0
393
(2, 3, 1)
3
(29, 10)
-> Request 1
738
(1, 2, 2)
2
(63, 72)
-> Request 2
1033
(3, 2, 2)
3
(56, 73)
-> Request 3
1074
(2, 2, 2)
1
(55, 44)
-> Request 4
1310
(3, 3, 2)
3
(12, 26)
-> Request 5
1393
(1, 2, 2)
3
(16, 29)
--> Day : 2
-> Request 0
88
(2, 1, 1)
1
(41, 56)
-> Request 1
135
(1, 1, 2)
2
(27, 47)
-> Request 2
449
(2, 1, 1)
1
(51, 43)
-> Request 3
719
(1, 1, 2)
1
(72, 52)
-> Request 4
800
(4, 2, 2)
2
(2, 24)
-> Request 5
1081
(2, 1, 2)
3
(68, 27)
-> Request 6
1242
(4, 1, 1)
3
(15, 71)
-> Request 7
1416
(2, 1, 2)
2
(66, 72)
--> Day : 3
-> Request 0
97
(3, 1, 1)
1
(43, 58)
-> Request 1
210
(4, 2, 1)
1
(22, 32)
-> Request 2
1223
(1, 2, 2)
1
(47, 34)
--> Day : 4
-> Request 0
614
(1, 2, 2)
2
(57, 70)
-> Request 1
831
(4, 3, 2)
2
(65, 75)
-> Request 2
831
(4, 2, 2)
1
(55, 68)
-> Request 3
1226
(2, 2, 2)
2
(46, 45)
---> Week : 17
--> Day : 0
-> Request 0
107
(1, 2, 2)
3
(44, 34)
-> Request 1
631
(1, 1, 2)
1
(59, 42)
-> Request 2
767
(4, 2, 1)
2
(53, 42)
-> Request 3
777
(4, 1, 2)
2
(58, 70)
-> Request 4
931
(2, 2, 2)
1
(44, 46)
-> Request 5
1086
(1, 1, 1)
3
(39, 75)
-> Request 6
1181
(2, 1, 1)
1
(74, 64)
-> Request 7
1391
(2, 3, 2)
1
(54, 76)
--> Day : 1
-> Request 0
78
(2, 1, 2)
2
(35, 29)
-> Request 1
148
(3, 3, 1)
2
(54, 64)
-> Request 2
153
(4, 1, 1)
2
(52, 39)
-> Request 3
804
(2, 2, 1)
3
(61, 68)
-> Request 4
888
(3, 2, 1)
3
(23, 70)
-> Request 5
1257
(1, 3, 1)
1
(76, 77)
-> Request 6
1364
(3, 2, 1)
3
(8, 25)
-> Request 7
1386
(1, 3, 1)
2
(58, 66)
--> Day : 2
-> Request 0
125
(2, 2, 1)
2
(47, 14)
-> Request 1
440
(3, 1, 2)
2
(21, 10)
-> Request 2
867
(1, 2, 2)
1
(43, 30)
-> Request 3
884
(3, 1, 1)
1
(16, 26)
-> Request 4
890
(3, 2, 2)
2
(47, 34)
-> Request 5
1119
(1, 3, 1)
3
(8, 22)
--> Day : 3
-> Request 0
537
(2, 2, 1)
3
(55, 34)
-> Request 1
580
(1, 3, 1)
1
(72, 37)
-> Request 2
658
(3, 1, 1)
1
(25, 77)
-> Request 3
933
(4, 2, 1)
2
(10, 16)
-> Request 4
1202
(1, 1, 2)
1
(4, 55)
-> Request 5
1284
(4, 1, 1)
3
(36, 11)
--> Day : 4
-> Request 0
80
(2, 3, 2)
2
(20, 10)
-> Request 1
388
(4, 2, 2)
3
(36, 5)
-> Request 2
939
(3, 3, 1)
2
(20, 34)
---> Week : 18
--> Day : 0
-> Request 0
5
(4, 1, 1)
3
(58, 32)
-> Request 1
344
(3, 2, 2)
2
(60, 36)
-> Request 2
375
(4, 3, 1)
2
(66, 71)
-> Request 3
517
(2, 3, 2)
2
(52, 43)
-> Request 4
649
(2, 3, 1)
1
(59, 66)
-> Request 5
1256
(2, 1, 2)
2
(49, 41)
--> Day : 1
-> Request 0
260
(2, 3, 2)
1
(61, 39)
-> Request 1
533
(1, 2, 2)
1
(77, 71)
-> Request 2
561
(1, 3, 2)
1
(60, 42)
-> Request 3
642
(3, 1, 2)
2
(40, 42)
-> Request 4
1180
(4, 2, 2)
1
(21, 38)
-> Request 5
1310
(3, 2, 2)
1
(49, 42)
--> Day : 2
-> Request 0
452
(3, 1, 2)
3
(57, 74)
-> Request 1
719
(1, 1, 2)
2
(57, 70)
-> Request 2
886
(3, 2, 2)
2
(79, 51)
-> Request 3
963
(3, 3, 2)
1
(59, 66)
-> Request 4
1026
(3, 1, 2)
1
(59, 65)
-> Request 5
1372
(1, 2, 2)
2
(62, 43)
--> Day : 3
-> Request 0
73
(3, 1, 2)
2
(37, 41)
-> Request 1
122
(2, 1, 1)
1
(44, 45)
-> Request 2
219
(2, 2, 2)
2
(44, 31)
-> Request 3
293
(4, 1, 2)
3
(20, 74)
-> Request 4
591
(4, 3, 1)
2
(37, 35)
-> Request 5
1066
(3, 2, 2)
2
(54, 37)
-> Request 6
1337
(4, 2, 2)
3
(49, 59)
--> Day : 4
-> Request 0
42
(4, 3, 1)
3
(42, 25)
-> Request 1
383
(2, 3, 2)
1
(63, 73)
-> Request 2
567
(1, 2, 1)
2
(11, 24)
-> Request 3
818
(2, 2, 1)
3
(1, 27)
-> Request 4
896
(4, 3, 2)
3
(56, 41)
-> Request 5
942
(2, 3, 2)
1
(43, 37)
-> Request 6
987
(4, 1, 1)
1
(43, 69)
-> Request 7
1229
(1, 3, 2)
3
(61, 66)
---> Week : 19
--> Day : 0
-> Request 0
128
(3, 2, 1)
3
(11, 21)
-> Request 1
321
(3, 2, 1)
3
(26, 16)
-> Request 2
712
(3, 3, 2)
1
(8, 76)
-> Request 3
1062
(2, 2, 1)
2
(31, 13)
-> Request 4
1236
(2, 3, 1)
3
(48, 61)
--> Day : 1
-> Request 0
70
(1, 3, 2)
3
(40, 38)
-> Request 1
159
(3, 3, 2)
2
(71, 44)
-> Request 2
289
(4, 2, 1)
1
(53, 43)
-> Request 3
321
(4, 1, 2)
1
(60, 27)
-> Request 4
573
(4, 1, 2)
1
(44, 31)
-> Request 5
852
(4, 3, 1)
3
(43, 31)
-> Request 6
1049
(2, 2, 2)
3
(40, 47)
--> Day : 2
-> Request 0
406
(4, 3, 1)
1
(56, 45)
-> Request 1
565
(1, 1, 2)
1
(48, 30)
-> Request 2
1176
(3, 2, 1)
1
(63, 43)
-> Request 3
1298
(1, 2, 2)
2
(22, 30)
--> Day : 3
-> Request 0
31
(1, 3, 1)
2
(17, 29)
-> Request 1
507
(3, 1, 1)
3
(65, 30)
-> Request 2
638
(4, 3, 1)
3
(14, 28)
-> Request 3
709
(3, 3, 1)
3
(43, 29)
-> Request 4
867
(2, 3, 1)
3
(47, 74)
-> Request 5
902
(2, 1, 1)
2
(76, 29)
--> Day : 4
-> Request 0
126
(1, 2, 2)
2
(51, 44)
-> Request 1
696
(4, 1, 1)
2
(54, 39)
-> Request 2
885
(3, 2, 1)
3
(45, 41)
