---> Week : 0
--> Day : 0
-> Request 0
330
(4, 1, 2)
3
(46, 31)
-> Request 1
503
(2, 2, 2)
2
(43, 28)
-> Request 2
1132
(1, 1, 2)
3
(14, 29)
-> Request 3
1281
(4, 1, 1)
2
(61, 64)
--> Day : 1
-> Request 0
82
(2, 2, 1)
2
(46, 36)
-> Request 1
352
(1, 3, 1)
3
(19, 53)
-> Request 2
1009
(2, 1, 2)
2
(56, 10)
-> Request 3
1067
(4, 2, 2)
3
(54, 71)
-> Request 4
1074
(2, 3, 2)
1
(55, 13)
-> Request 5
1430
(1, 3, 2)
2
(54, 35)
--> Day : 2
-> Request 0
21
(1, 3, 2)
1
(52, 46)
-> Request 1
1201
(4, 3, 2)
1
(73, 74)
--> Day : 3
-> Request 0
47
(4, 2, 1)
3
(53, 73)
-> Request 1
340
(1, 2, 2)
3
(49, 34)
-> Request 2
632
(3, 1, 2)
2
(11, 21)
-> Request 3
776
(1, 3, 2)
1
(44, 44)
-> Request 4
1143
(3, 1, 2)
3
(13, 16)
-> Request 5
1163
(1, 3, 1)
2
(58, 75)
-> Request 6
1308
(4, 2, 2)
1
(51, 17)
-> Request 7
1339
(4, 3, 1)
3
(48, 27)
-> Request 8
1362
(3, 1, 1)
2
(36, 65)
-> Request 9
1393
(3, 3, 1)
1
(70, 1)
--> Day : 4
-> Request 0
266
(3, 2, 1)
1
(6, 30)
-> Request 1
777
(4, 2, 2)
3
(74, 3)
-> Request 2
998
(3, 2, 2)
2
(54, 26)
-> Request 3
1221
(3, 3, 2)
1
(45, 37)
-> Request 4
1403
(4, 2, 1)
1
(35, 0)
---> Week : 1
--> Day : 0
-> Request 0
319
(1, 3, 1)
2
(54, 66)
-> Request 1
419
(4, 2, 2)
3
(9, 24)
-> Request 2
754
(1, 1, 1)
1
(59, 5)
-> Request 3
1138
(1, 1, 2)
3
(53, 71)
-> Request 4
1163
(4, 1, 1)
3
(77, 20)
-> Request 5
1352
(3, 1, 2)
1
(19, 75)
-> Request 6
1416
(3, 2, 1)
2
(54, 66)
--> Day : 1
-> Request 0
315
(1, 3, 2)
1
(54, 71)
-> Request 1
393
(2, 3, 1)
2
(46, 31)
-> Request 2
508
(1, 3, 1)
2
(69, 39)
-> Request 3
732
(2, 2, 2)
3
(69, 38)
-> Request 4
818
(4, 1, 1)
3
(19, 8)
-> Request 5
961
(3, 3, 2)
2
(45, 39)
--> Day : 2
-> Request 0
229
(3, 1, 1)
2
(60, 28)
-> Request 1
263
(1, 3, 1)
3
(54, 75)
-> Request 2
268
(4, 2, 2)
3
(35, 47)
-> Request 3
846
(1, 2, 2)
2
(58, 72)
-> Request 4
931
(2, 3, 2)
3
(58, 39)
-> Request 5
976
(4, 1, 2)
2
(57, 38)
--> Day : 3
-> Request 0
81
(3, 1, 1)
2
(53, 37)
-> Request 1
87
(1, 1, 2)
1
(6, 66)
-> Request 2
91
(3, 3, 1)
2
(43, 36)
-> Request 3
349
(1, 2, 2)
3
(44, 35)
-> Request 4
669
(3, 3, 1)
3
(54, 38)
-> Request 5
677
(1, 3, 1)
2
(41, 18)
-> Request 6
1063
(3, 1, 1)
3
(59, 41)
-> Request 7
1329
(4, 3, 2)
3
(76, 58)
--> Day : 4
-> Request 0
547
(2, 2, 2)
2
(60, 71)
-> Request 1
827
(4, 3, 2)
2
(10, 26)
-> Request 2
1048
(1, 1, 1)
1
(5, 16)
---> Week : 2
--> Day : 0
-> Request 0
587
(3, 3, 2)
3
(7, 46)
-> Request 1
710
(1, 1, 2)
2
(8, 36)
-> Request 2
786
(2, 2, 2)
3
(16, 36)
-> Request 3
1100
(3, 1, 1)
1
(10, 27)
-> Request 4
1109
(2, 3, 2)
2
(52, 30)
-> Request 5
1381
(3, 2, 1)
3
(54, 31)
--> Day : 1
-> Request 0
431
(3, 1, 2)
2
(61, 43)
-> Request 1
435
(3, 2, 1)
2
(27, 59)
-> Request 2
444
(4, 3, 2)
3
(16, 29)
-> Request 3
908
(1, 3, 2)
2
(53, 35)
-> Request 4
999
(4, 2, 2)
3
(25, 61)
-> Request 5
1212
(2, 2, 1)
1
(57, 64)
-> Request 6
1346
(2, 2, 1)
3
(51, 0)
--> Day : 2
-> Request 0
823
(3, 1, 1)
3
(48, 30)
-> Request 1
892
(3, 2, 1)
2
(59, 68)
-> Request 2
1084
(4, 2, 1)
3
(12, 21)
-> Request 3
1413
(1, 3, 1)
3
(63, 68)
--> Day : 3
-> Request 0
599
(3, 1, 2)
2
(64, 75)
-> Request 1
1375
(2, 3, 2)
3
(5, 73)
--> Day : 4
-> Request 0
47
(2, 1, 1)
1
(66, 73)
-> Request 1
518
(2, 2, 2)
2
(52, 69)
-> Request 2
643
(4, 3, 1)
2
(61, 35)
-> Request 3
661
(2, 1, 2)
1
(10, 15)
-> Request 4
765
(4, 2, 1)
3
(48, 43)
-> Request 5
799
(3, 2, 1)
2
(55, 68)
-> Request 6
874
(3, 2, 1)
1
(54, 46)
-> Request 7
919
(3, 2, 1)
2
(60, 78)
-> Request 8
1002
(3, 1, 1)
1
(50, 30)
-> Request 9
1155
(1, 2, 1)
2
(72, 20)
---> Week : 3
--> Day : 0
-> Request 0
983
(3, 3, 2)
2
(9, 47)
-> Request 1
1376
(1, 3, 2)
3
(46, 33)
--> Day : 1
-> Request 0
130
(3, 2, 2)
1
(52, 39)
-> Request 1
286
(4, 1, 1)
1
(59, 42)
-> Request 2
988
(2, 3, 2)
3
(11, 7)
-> Request 3
1219
(2, 1, 2)
3
(76, 10)
-> Request 4
1297
(4, 1, 1)
2
(36, 13)
--> Day : 2
-> Request 0
288
(4, 1, 1)
2
(59, 21)
-> Request 1
306
(1, 3, 1)
2
(55, 34)
-> Request 2
389
(4, 2, 1)
2
(61, 69)
-> Request 3
622
(1, 3, 1)
3
(16, 39)
-> Request 4
722
(1, 2, 2)
2
(53, 5)
-> Request 5
812
(1, 3, 1)
1
(43, 0)
-> Request 6
859
(4, 3, 1)
3
(21, 0)
-> Request 7
1081
(1, 2, 1)
2
(1, 37)
--> Day : 3
-> Request 0
973
(2, 1, 1)
2
(55, 44)
-> Request 1
1052
(2, 3, 1)
3
(68, 28)
--> Day : 4
-> Request 0
4
(1, 1, 2)
2
(1, 62)
-> Request 1
90
(2, 2, 1)
1
(48, 37)
-> Request 2
139
(3, 1, 2)
1
(48, 48)
-> Request 3
308
(2, 2, 2)
2
(10, 23)
-> Request 4
898
(2, 1, 1)
1
(50, 40)
-> Request 5
921
(1, 2, 1)
2
(45, 29)
-> Request 6
994
(4, 2, 2)
3
(44, 35)
-> Request 7
1136
(1, 2, 2)
3
(48, 32)
-> Request 8
1373
(2, 1, 1)
1
(22, 52)
---> Week : 4
--> Day : 0
-> Request 0
174
(1, 3, 1)
1
(65, 70)
-> Request 1
526
(1, 2, 1)
2
(76, 32)
-> Request 2
531
(3, 2, 2)
2
(62, 45)
-> Request 3
594
(2, 2, 1)
3
(55, 38)
-> Request 4
939
(3, 3, 2)
3
(54, 42)
-> Request 5
994
(4, 3, 1)
3
(52, 42)
-> Request 6
1103
(1, 1, 1)
3
(26, 5)
-> Request 7
1398
(4, 3, 2)
2
(66, 71)
--> Day : 1
-> Request 0
487
(2, 1, 1)
2
(65, 66)
-> Request 1
1094
(2, 3, 2)
3
(53, 68)
-> Request 2
1226
(3, 1, 2)
2
(0, 51)
-> Request 3
1298
(3, 3, 1)
3
(32, 3)
--> Day : 2
-> Request 0
98
(1, 1, 1)
3
(18, 31)
-> Request 1
876
(4, 1, 1)
2
(55, 45)
-> Request 2
985
(4, 3, 2)
1
(44, 41)
-> Request 3
1375
(3, 3, 1)
3
(54, 42)
--> Day : 3
-> Request 0
38
(4, 1, 2)
3
(44, 44)
-> Request 1
616
(2, 2, 1)
3
(45, 41)
-> Request 2
1314
(1, 3, 1)
3
(67, 21)
--> Day : 4
-> Request 0
156
(1, 3, 1)
2
(18, 9)
-> Request 1
443
(2, 1, 1)
2
(44, 33)
-> Request 2
905
(3, 2, 1)
1
(21, 62)
-> Request 3
1308
(4, 1, 1)
1
(59, 4)
-> Request 4
1385
(2, 1, 2)
3
(47, 67)
-> Request 5
1432
(1, 2, 2)
2
(50, 32)
---> Week : 5
--> Day : 0
-> Request 0
295
(3, 3, 2)
3
(73, 59)
-> Request 1
641
(4, 1, 2)
1
(49, 42)
-> Request 2
985
(4, 2, 1)
3
(50, 57)
-> Request 3
1191
(3, 1, 1)
2
(29, 47)
-> Request 4
1285
(3, 2, 2)
1
(52, 64)
--> Day : 1
-> Request 0
175
(3, 3, 1)
3
(15, 63)
-> Request 1
578
(4, 3, 2)
1
(3, 55)
-> Request 2
1085
(4, 1, 1)
3
(18, 10)
-> Request 3
1414
(4, 1, 2)
1
(24, 7)
-> Request 4
1432
(2, 3, 1)
3
(61, 67)
--> Day : 2
-> Request 0
409
(4, 2, 2)
3
(74, 46)
-> Request 1
414
(1, 1, 2)
3
(1, 77)
-> Request 2
450
(1, 1, 1)
2
(21, 74)
-> Request 3
570
(3, 1, 1)
2
(54, 42)
-> Request 4
611
(2, 1, 2)
2
(51, 32)
-> Request 5
617
(4, 1, 1)
3
(69, 63)
-> Request 6
1121
(2, 3, 2)
3
(59, 71)
-> Request 7
1276
(1, 2, 2)
3
(11, 76)
-> Request 8
1338
(3, 1, 2)
1
(44, 28)
--> Day : 3
-> Request 0
210
(1, 1, 2)
2
(65, 76)
-> Request 1
449
(1, 3, 1)
1
(21, 56)
-> Request 2
510
(3, 3, 2)
1
(57, 43)
-> Request 3
554
(4, 3, 2)
1
(59, 72)
-> Request 4
650
(1, 1, 1)
3
(43, 39)
-> Request 5
680
(4, 3, 2)
3
(29, 2)
--> Day : 4
-> Request 0
81
(4, 1, 1)
3
(55, 29)
-> Request 1
195
(1, 1, 1)
3
(14, 29)
-> Request 2
266
(1, 1, 2)
3
(25, 37)
-> Request 3
556
(3, 3, 1)
3
(72, 31)
-> Request 4
604
(4, 2, 1)
1
(63, 69)
-> Request 5
1137
(4, 1, 1)
2
(58, 74)
---> Week : 6
--> Day : 0
-> Request 0
256
(3, 1, 2)
2
(61, 43)
-> Request 1
446
(4, 3, 2)
2
(48, 28)
-> Request 2
712
(4, 2, 1)
3
(48, 36)
-> Request 3
858
(1, 1, 2)
1
(64, 27)
-> Request 4
1078
(2, 3, 2)
2
(45, 39)
-> Request 5
1268
(1, 3, 2)
2
(58, 79)
--> Day : 1
-> Request 0
130
(3, 2, 1)
1
(59, 66)
-> Request 1
291
(3, 1, 1)
2
(55, 53)
-> Request 2
756
(2, 1, 1)
2
(56, 69)
-> Request 3
1421
(3, 3, 1)
1
(8, 27)
--> Day : 2
-> Request 0
112
(4, 1, 2)
3
(12, 25)
-> Request 1
601
(4, 2, 2)
1
(49, 18)
-> Request 2
774
(1, 2, 1)
2
(3, 10)
-> Request 3
1065
(1, 3, 2)
1
(79, 22)
-> Request 4
1180
(1, 1, 2)
3
(14, 22)
--> Day : 3
-> Request 0
390
(1, 2, 1)
1
(54, 15)
-> Request 1
492
(4, 1, 2)
2
(56, 46)
-> Request 2
1047
(1, 3, 2)
3
(58, 28)
--> Day : 4
-> Request 0
12
(3, 1, 1)
2
(52, 75)
-> Request 1
134
(2, 2, 2)
1
(3, 33)
-> Request 2
394
(3, 3, 2)
1
(61, 29)
-> Request 3
457
(1, 2, 1)
3
(25, 31)
-> Request 4
998
(4, 1, 2)
3
(49, 40)
-> Request 5
1097
(3, 3, 1)
3
(21, 49)
---> Week : 7
--> Day : 0
-> Request 0
125
(1, 3, 2)
2
(26, 52)
-> Request 1
466
(2, 1, 2)
1
(37, 52)
-> Request 2
475
(1, 3, 2)
1
(12, 26)
-> Request 3
733
(2, 2, 1)
2
(14, 74)
-> Request 4
953
(2, 2, 1)
1
(53, 42)
-> Request 5
1215
(1, 2, 2)
1
(17, 29)
-> Request 6
1269
(4, 3, 1)
3
(63, 73)
--> Day : 1
-> Request 0
459
(4, 1, 2)
1
(3, 54)
-> Request 1
581
(1, 2, 1)
2
(58, 1)
-> Request 2
855
(3, 2, 2)
3
(41, 45)
-> Request 3
1218
(4, 3, 2)
1
(43, 44)
--> Day : 2
-> Request 0
130
(4, 3, 1)
1
(53, 40)
-> Request 1
159
(4, 1, 2)
3
(52, 43)
-> Request 2
173
(1, 3, 1)
3
(43, 44)
-> Request 3
416
(3, 1, 2)
3
(43, 36)
-> Request 4
489
(3, 3, 1)
1
(17, 21)
-> Request 5
885
(2, 3, 2)
1
(4, 38)
-> Request 6
1169
(3, 3, 1)
1
(52, 43)
-> Request 7
1282
(2, 3, 2)
1
(35, 32)
-> Request 8
1421
(2, 3, 1)
1
(12, 27)
-> Request 9
1432
(1, 2, 1)
1
(6, 75)
--> Day : 3
-> Request 0
173
(3, 2, 2)
1
(14, 28)
-> Request 1
487
(1, 3, 2)
2
(55, 34)
-> Request 2
527
(1, 2, 1)
2
(73, 46)
-> Request 3
564
(2, 2, 1)
3
(43, 41)
-> Request 4
729
(3, 3, 2)
2
(78, 68)
-> Request 5
1219
(2, 1, 1)
2
(76, 71)
-> Request 6
1310
(3, 1, 2)
2
(57, 46)
--> Day : 4
-> Request 0
203
(2, 1, 2)
3
(12, 33)
-> Request 1
431
(4, 2, 2)
3
(58, 20)
-> Request 2
689
(4, 3, 2)
2
(5, 55)
---> Week : 8
--> Day : 0
-> Request 0
495
(3, 1, 2)
1
(52, 39)
-> Request 1
826
(2, 2, 2)
2
(41, 73)
-> Request 2
1312
(1, 3, 1)
3
(78, 19)
--> Day : 1
-> Request 0
4
(4, 1, 2)
2
(16, 20)
-> Request 1
963
(4, 1, 2)
1
(53, 17)
--> Day : 2
-> Request 0
483
(2, 3, 1)
1
(48, 42)
-> Request 1
522
(1, 3, 1)
2
(23, 72)
-> Request 2
1067
(2, 1, 2)
1
(75, 17)
-> Request 3
1092
(1, 1, 2)
1
(14, 27)
-> Request 4
1172
(1, 2, 2)
3
(2, 51)
-> Request 5
1334
(3, 1, 2)
2
(5, 45)
--> Day : 3
-> Request 0
86
(1, 3, 2)
3
(77, 55)
-> Request 1
260
(2, 3, 2)
1
(30, 30)
-> Request 2
458
(2, 1, 2)
1
(23, 67)
-> Request 3
687
(1, 3, 1)
3
(50, 31)
-> Request 4
880
(3, 1, 2)
1
(14, 29)
-> Request 5
989
(1, 3, 2)
3
(68, 76)
-> Request 6
1085
(4, 2, 1)
1
(52, 75)
-> Request 7
1107
(4, 3, 2)
3
(54, 37)
-> Request 8
1233
(2, 1, 2)
2
(14, 23)
--> Day : 4
-> Request 0
103
(2, 3, 2)
3
(71, 28)
-> Request 1
276
(3, 3, 2)
1
(15, 20)
-> Request 2
471
(4, 2, 1)
2
(56, 75)
-> Request 3
610
(1, 3, 1)
2
(37, 4)
-> Request 4
649
(3, 1, 2)
2
(48, 29)
-> Request 5
730
(3, 3, 2)
3
(25, 51)
-> Request 6
735
(2, 1, 1)
1
(62, 67)
-> Request 7
891
(3, 3, 2)
3
(54, 43)
-> Request 8
1010
(1, 1, 1)
3
(59, 28)
---> Week : 9
--> Day : 0
-> Request 0
105
(3, 1, 1)
3
(51, 1)
-> Request 1
283
(1, 2, 2)
1
(74, 66)
-> Request 2
766
(1, 1, 2)
2
(18, 44)
-> Request 3
794
(2, 2, 1)
2
(42, 57)
-> Request 4
815
(1, 1, 2)
3
(44, 36)
-> Request 5
1054
(2, 2, 2)
1
(16, 20)
--> Day : 1
-> Request 0
46
(3, 1, 1)
3
(57, 77)
-> Request 1
173
(1, 3, 1)
1
(56, 73)
-> Request 2
561
(3, 1, 2)
1
(44, 43)
-> Request 3
1201
(3, 3, 1)
1
(59, 41)
-> Request 4
1246
(3, 1, 1)
3
(13, 75)
-> Request 5
1345
(3, 1, 1)
3
(14, 22)
--> Day : 2
-> Request 0
93
(4, 2, 2)
1
(52, 33)
-> Request 1
132
(2, 1, 2)
2
(31, 77)
--> Day : 3
-> Request 0
179
(1, 3, 2)
1
(40, 63)
-> Request 1
336
(1, 3, 2)
2
(44, 54)
-> Request 2
635
(1, 2, 2)
1
(52, 33)
-> Request 3
730
(1, 1, 1)
2
(64, 65)
-> Request 4
789
(4, 2, 1)
1
(65, 75)
-> Request 5
964
(3, 2, 2)
3
(59, 77)
-> Request 6
1066
(4, 3, 1)
1
(54, 44)
-> Request 7
1347
(2, 1, 2)
1
(12, 56)
-> Request 8
1367
(1, 2, 2)
1
(48, 69)
--> Day : 4
-> Request 0
61
(3, 1, 1)
3
(10, 53)
-> Request 1
64
(2, 2, 1)
3
(8, 28)
-> Request 2
225
(2, 2, 1)
2
(78, 34)
-> Request 3
433
(2, 1, 2)
1
(51, 33)
-> Request 4
776
(3, 2, 1)
1
(71, 42)
-> Request 5
896
(2, 1, 2)
2
(1, 0)
-> Request 6
1025
(2, 2, 2)
1
(15, 20)
-> Request 7
1105
(1, 1, 1)
3
(64, 77)
-> Request 8
1139
(4, 3, 2)
1
(8, 23)
---> Week : 10
--> Day : 0
-> Request 0
235
(3, 1, 1)
2
(44, 37)
-> Request 1
612
(4, 3, 1)
2
(39, 37)
-> Request 2
767
(3, 1, 1)
1
(43, 43)
-> Request 3
810
(3, 1, 2)
1
(51, 2)
-> Request 4
833
(2, 1, 2)
1
(4, 26)
-> Request 5
1045
(2, 2, 2)
2
(14, 28)
-> Request 6
1066
(4, 1, 2)
3
(39, 30)
--> Day : 1
-> Request 0
221
(3, 3, 1)
3
(8, 27)
-> Request 1
344
(4, 3, 1)
1
(78, 56)
-> Request 2
365
(4, 3, 2)
3
(55, 43)
-> Request 3
470
(4, 1, 1)
3
(59, 32)
-> Request 4
568
(1, 1, 2)
2
(61, 33)
-> Request 5
609
(4, 3, 2)
3
(30, 75)
-> Request 6
1313
(1, 2, 1)
3
(54, 43)
--> Day : 2
-> Request 0
572
(1, 2, 2)
3
(49, 39)
-> Request 1
603
(4, 3, 2)
2
(25, 33)
-> Request 2
811
(4, 3, 2)
3
(57, 46)
-> Request 3
928
(3, 1, 1)
2
(33, 23)
-> Request 4
1027
(3, 3, 2)
2
(79, 42)
--> Day : 3
-> Request 0
71
(1, 1, 2)
3
(57, 65)
-> Request 1
531
(4, 2, 1)
1
(40, 3)
-> Request 2
1132
(2, 2, 2)
2
(64, 54)
--> Day : 4
-> Request 0
703
(4, 2, 2)
2
(41, 37)
-> Request 1
881
(1, 1, 1)
1
(52, 33)
-> Request 2
1086
(4, 3, 2)
3
(9, 22)
-> Request 3
1125
(4, 1, 1)
2
(41, 36)
-> Request 4
1253
(4, 1, 1)
1
(52, 45)
-> Request 5
1344
(3, 3, 1)
1
(52, 78)
---> Week : 11
--> Day : 0
-> Request 0
29
(2, 1, 2)
2
(60, 77)
-> Request 1
130
(3, 3, 1)
2
(61, 31)
-> Request 2
182
(1, 3, 2)
1
(46, 46)
-> Request 3
287
(3, 3, 1)
1
(63, 69)
-> Request 4
313
(2, 3, 2)
1
(73, 19)
-> Request 5
500
(4, 2, 2)
3
(51, 27)
-> Request 6
772
(4, 3, 2)
1
(63, 65)
-> Request 7
871
(2, 2, 1)
2
(63, 74)
-> Request 8
1051
(3, 2, 2)
2
(5, 60)
-> Request 9
1061
(1, 3, 2)
1
(17, 8)
--> Day : 1
-> Request 0
137
(3, 3, 1)
1
(51, 27)
-> Request 1
651
(3, 2, 1)
1
(54, 37)
-> Request 2
840
(4, 2, 2)
1
(48, 69)
-> Request 3
1211
(2, 2, 2)
3
(65, 78)
--> Day : 2
-> Request 0
80
(4, 2, 1)
2
(62, 71)
-> Request 1
340
(2, 1, 2)
2
(14, 25)
-> Request 2
844
(2, 3, 1)
3
(68, 14)
-> Request 3
948
(2, 2, 2)
1
(18, 58)
-> Request 4
967
(2, 2, 1)
3
(10, 64)
-> Request 5
1028
(4, 3, 1)
2
(62, 71)
-> Request 6
1052
(2, 2, 2)
1
(37, 23)
-> Request 7
1269
(2, 1, 1)
2
(77, 52)
--> Day : 3
-> Request 0
260
(3, 3, 1)
2
(62, 36)
-> Request 1
311
(1, 1, 2)
2
(59, 42)
-> Request 2
563
(3, 3, 1)
3
(47, 79)
-> Request 3
683
(3, 1, 2)
3
(52, 58)
-> Request 4
942
(4, 1, 2)
1
(34, 21)
-> Request 5
983
(3, 2, 2)
3
(49, 20)
-> Request 6
1056
(1, 2, 2)
2
(66, 69)
-> Request 7
1099
(4, 3, 1)
3
(79, 18)
--> Day : 4
-> Request 0
101
(1, 3, 1)
2
(14, 23)
-> Request 1
241
(1, 2, 1)
2
(65, 74)
-> Request 2
553
(3, 2, 2)
1
(60, 47)
-> Request 3
611
(1, 2, 1)
2
(40, 11)
-> Request 4
643
(4, 2, 2)
1
(13, 21)
-> Request 5
651
(3, 1, 2)
1
(13, 71)
-> Request 6
824
(3, 1, 1)
3
(60, 37)
-> Request 7
1350
(3, 1, 1)
1
(57, 25)
---> Week : 12
--> Day : 0
-> Request 0
260
(4, 2, 1)
1
(32, 53)
-> Request 1
279
(1, 3, 1)
2
(56, 75)
-> Request 2
949
(1, 3, 2)
1
(58, 74)
-> Request 3
967
(4, 3, 2)
3
(21, 23)
-> Request 4
1109
(2, 1, 1)
1
(52, 68)
-> Request 5
1392
(2, 2, 2)
3
(5, 53)
--> Day : 1
-> Request 0
468
(1, 3, 2)
3
(17, 29)
-> Request 1
644
(4, 3, 1)
2
(58, 42)
-> Request 2
786
(1, 2, 2)
2
(62, 69)
--> Day : 2
-> Request 0
118
(2, 2, 2)
3
(52, 38)
-> Request 1
415
(3, 3, 2)
3
(30, 49)
-> Request 2
586
(1, 1, 2)
3
(58, 6)
-> Request 3
1314
(3, 1, 1)
1
(66, 65)
--> Day : 3
-> Request 0
196
(4, 1, 2)
2
(43, 46)
-> Request 1
321
(3, 3, 2)
2
(5, 10)
-> Request 2
735
(4, 3, 2)
1
(65, 74)
-> Request 3
748
(1, 3, 2)
3
(62, 33)
-> Request 4
925
(3, 3, 1)
2
(53, 40)
-> Request 5
1253
(2, 2, 2)
2
(57, 33)
-> Request 6
1331
(3, 2, 1)
1
(69, 72)
--> Day : 4
-> Request 0
726
(4, 3, 2)
3
(47, 44)
-> Request 1
1018
(2, 3, 2)
2
(64, 74)
-> Request 2
1131
(1, 3, 2)
1
(45, 25)
-> Request 3
1260
(4, 1, 2)
1
(17, 21)
-> Request 4
1422
(2, 1, 2)
3
(48, 38)
---> Week : 13
--> Day : 0
-> Request 0
66
(4, 1, 1)
1
(69, 53)
-> Request 1
158
(2, 2, 2)
2
(49, 35)
-> Request 2
184
(1, 3, 2)
2
(60, 77)
-> Request 3
226
(2, 1, 2)
3
(54, 6)
-> Request 4
340
(4, 3, 1)
2
(23, 27)
-> Request 5
504
(1, 3, 2)
1
(53, 36)
-> Request 6
979
(2, 3, 1)
3
(57, 31)
-> Request 7
990
(4, 2, 2)
3
(14, 27)
-> Request 8
1207
(3, 3, 1)
2
(57, 35)
-> Request 9
1344
(4, 2, 2)
2
(51, 76)
--> Day : 1
-> Request 0
46
(3, 3, 2)
1
(24, 27)
-> Request 1
168
(1, 1, 1)
3
(31, 68)
-> Request 2
203
(1, 2, 2)
1
(66, 77)
-> Request 3
356
(4, 1, 1)
2
(44, 50)
-> Request 4
478
(4, 2, 1)
2
(8, 22)
-> Request 5
678
(3, 3, 1)
2
(24, 28)
-> Request 6
940
(4, 3, 1)
2
(58, 33)
-> Request 7
1132
(4, 1, 1)
3
(57, 37)
-> Request 8
1327
(1, 2, 1)
3
(52, 69)
--> Day : 2
-> Request 0
232
(2, 3, 1)
1
(11, 61)
-> Request 1
241
(2, 3, 2)
1
(6, 8)
-> Request 2
246
(1, 1, 1)
1
(9, 9)
-> Request 3
537
(2, 3, 2)
1
(62, 69)
-> Request 4
587
(2, 2, 2)
1
(47, 38)
-> Request 5
820
(1, 2, 1)
1
(33, 68)
-> Request 6
822
(4, 1, 2)
1
(59, 38)
-> Request 7
1077
(3, 2, 2)
1
(49, 28)
-> Request 8
1297
(1, 2, 1)
2
(48, 42)
--> Day : 3
-> Request 0
531
(4, 2, 2)
3
(52, 35)
-> Request 1
548
(2, 2, 1)
1
(21, 43)
-> Request 2
603
(3, 2, 1)
1
(49, 38)
--> Day : 4
-> Request 0
83
(1, 3, 1)
2
(16, 20)
-> Request 1
225
(4, 3, 1)
2
(72, 17)
-> Request 2
454
(4, 2, 1)
1
(46, 33)
-> Request 3
479
(4, 1, 2)
1
(2, 30)
-> Request 4
695
(3, 1, 1)
2
(29, 23)
-> Request 5
1174
(3, 3, 1)
2
(54, 79)
-> Request 6
1322
(3, 2, 1)
1
(7, 30)
-> Request 7
1393
(4, 3, 1)
1
(43, 12)
---> Week : 14
--> Day : 0
-> Request 0
57
(4, 2, 1)
1
(53, 66)
-> Request 1
177
(2, 3, 2)
1
(53, 31)
-> Request 2
457
(3, 1, 2)
3
(59, 38)
-> Request 3
989
(1, 1, 2)
3
(17, 27)
-> Request 4
1406
(4, 2, 1)
2
(76, 22)
--> Day : 1
-> Request 0
269
(1, 1, 2)
1
(49, 22)
-> Request 1
306
(2, 1, 1)
2
(9, 17)
-> Request 2
470
(4, 2, 2)
1
(57, 36)
-> Request 3
525
(2, 2, 1)
1
(55, 32)
-> Request 4
556
(1, 3, 1)
2
(48, 79)
-> Request 5
951
(3, 1, 1)
1
(45, 46)
-> Request 6
964
(4, 3, 1)
1
(51, 22)
-> Request 7
976
(2, 2, 2)
1
(53, 12)
-> Request 8
1121
(4, 3, 1)
3
(77, 61)
-> Request 9
1129
(2, 1, 2)
1
(62, 46)
-> Request 10
1194
(4, 1, 2)
1
(5, 34)
-> Request 11
1243
(4, 2, 2)
2
(5, 70)
-> Request 12
1430
(1, 1, 1)
1
(50, 55)
--> Day : 2
-> Request 0
27
(1, 1, 2)
2
(61, 67)
-> Request 1
125
(3, 2, 2)
3
(13, 45)
-> Request 2
263
(4, 3, 1)
3
(66, 66)
-> Request 3
545
(1, 1, 1)
1
(58, 17)
-> Request 4
672
(1, 2, 1)
1
(57, 36)
--> Day : 3
-> Request 0
262
(1, 2, 2)
2
(60, 75)
-> Request 1
805
(4, 2, 1)
2
(15, 37)
-> Request 2
1025
(1, 3, 2)
3
(49, 38)
-> Request 3
1087
(2, 3, 1)
2
(63, 27)
-> Request 4
1398
(4, 1, 2)
2
(30, 8)
--> Day : 4
-> Request 0
139
(2, 2, 2)
3
(42, 74)
-> Request 1
547
(1, 2, 2)
1
(33, 5)
-> Request 2
548
(4, 2, 2)
2
(38, 67)
---> Week : 15
--> Day : 0
-> Request 0
1294
(2, 2, 1)
1
(57, 77)
-> Request 1
1295
(4, 1, 1)
2
(55, 36)
-> Request 2
1358
(4, 3, 1)
3
(48, 34)
-> Request 3
1400
(2, 3, 1)
2
(8, 22)
-> Request 4
1436
(3, 3, 1)
2
(15, 44)
--> Day : 1
-> Request 0
29
(3, 2, 2)
1
(53, 39)
-> Request 1
120
(4, 1, 2)
2
(21, 70)
-> Request 2
202
(1, 3, 1)
3
(18, 74)
-> Request 3
244
(1, 2, 1)
2
(57, 38)
-> Request 4
254
(2, 1, 1)
1
(58, 73)
-> Request 5
491
(4, 2, 2)
3
(51, 31)
-> Request 6
867
(3, 2, 1)
1
(59, 20)
-> Request 7
1046
(1, 2, 1)
1
(55, 38)
-> Request 8
1091
(2, 3, 2)
3
(67, 79)
-> Request 9
1365
(2, 1, 2)
3
(43, 44)
--> Day : 2
-> Request 0
408
(3, 3, 2)
2
(73, 52)
-> Request 1
1009
(1, 1, 2)
2
(66, 77)
-> Request 2
1174
(4, 1, 1)
2
(40, 24)
--> Day : 3
-> Request 0
695
(4, 3, 2)
2
(59, 30)
-> Request 1
873
(4, 1, 1)
1
(66, 78)
-> Request 2
902
(4, 3, 1)
2
(61, 42)
-> Request 3
936
(2, 3, 2)
2
(79, 23)
-> Request 4
1098
(1, 1, 2)
2
(52, 72)
--> Day : 4
-> Request 0
99
(3, 3, 2)
3
(55, 72)
-> Request 1
483
(1, 1, 1)
3
(55, 66)
-> Request 2
521
(3, 3, 1)
3
(44, 45)
-> Request 3
623
(2, 3, 2)
3
(52, 10)
-> Request 4
629
(2, 2, 1)
2
(23, 22)
-> Request 5
671
(1, 3, 2)
2
(49, 27)
-> Request 6
1374
(1, 3, 1)
3
(46, 7)
---> Week : 16
--> Day : 0
-> Request 0
146
(2, 1, 2)
2
(14, 27)
-> Request 1
284
(4, 3, 2)
2
(6, 13)
-> Request 2
535
(4, 2, 2)
1
(38, 41)
-> Request 3
1010
(3, 2, 1)
2
(57, 69)
--> Day : 1
-> Request 0
186
(1, 3, 1)
2
(59, 67)
-> Request 1
244
(3, 1, 1)
2
(50, 41)
-> Request 2
284
(2, 2, 1)
2
(50, 10)
-> Request 3
287
(2, 1, 2)
2
(5, 44)
-> Request 4
538
(1, 1, 1)
3
(50, 40)
-> Request 5
623
(4, 3, 2)
2
(73, 54)
-> Request 6
707
(3, 2, 2)
2
(19, 52)
-> Request 7
946
(2, 2, 1)
3
(51, 33)
-> Request 8
1067
(1, 2, 2)
2
(51, 29)
--> Day : 2
-> Request 0
401
(1, 1, 2)
2
(67, 60)
-> Request 1
704
(4, 1, 1)
3
(54, 27)
-> Request 2
1175
(2, 3, 2)
2
(16, 22)
-> Request 3
1261
(2, 1, 1)
3
(11, 29)
-> Request 4
1297
(2, 3, 1)
1
(58, 72)
--> Day : 3
-> Request 0
160
(1, 2, 2)
1
(8, 21)
-> Request 1
244
(3, 3, 2)
1
(38, 59)
-> Request 2
267
(4, 1, 1)
2
(28, 65)
-> Request 3
304
(4, 3, 1)
2
(54, 43)
-> Request 4
642
(2, 1, 1)
1
(56, 69)
-> Request 5
650
(3, 2, 2)
2
(55, 39)
-> Request 6
1231
(2, 2, 1)
2
(13, 25)
-> Request 7
1261
(4, 1, 2)
1
(13, 17)
-> Request 8
1339
(2, 2, 1)
1
(31, 34)
-> Request 9
1348
(2, 2, 2)
1
(53, 32)
--> Day : 4
-> Request 0
240
(2, 1, 1)
3
(48, 37)
-> Request 1
543
(4, 1, 1)
2
(65, 67)
-> Request 2
757
(2, 2, 1)
3
(51, 44)
-> Request 3
1171
(1, 1, 1)
2
(70, 53)
---> Week : 17
--> Day : 0
-> Request 0
170
(3, 3, 1)
3
(34, 13)
-> Request 1
197
(3, 3, 1)
2
(65, 75)
-> Request 2
274
(2, 3, 1)
2
(9, 29)
-> Request 3
544
(4, 3, 1)
1
(69, 20)
-> Request 4
838
(4, 2, 2)
1
(46, 34)
-> Request 5
1001
(2, 1, 1)
1
(50, 65)
-> Request 6
1263
(1, 1, 1)
3
(65, 64)
-> Request 7
1364
(1, 1, 1)
3
(11, 21)
--> Day : 1
-> Request 0
20
(3, 1, 1)
2
(59, 36)
-> Request 1
263
(2, 1, 2)
3
(16, 75)
-> Request 2
593
(1, 2, 1)
2
(10, 22)
-> Request 3
790
(1, 3, 2)
1
(59, 39)
-> Request 4
920
(1, 1, 1)
2
(54, 46)
-> Request 5
1274
(2, 1, 2)
1
(66, 10)
-> Request 6
1349
(1, 3, 1)
2
(55, 79)
--> Day : 2
-> Request 0
72
(2, 2, 2)
2
(10, 74)
-> Request 1
125
(1, 3, 2)
3
(43, 42)
-> Request 2
538
(2, 3, 2)
3
(39, 43)
-> Request 3
729
(4, 2, 1)
3
(61, 28)
-> Request 4
752
(1, 3, 1)
1
(9, 27)
-> Request 5
885
(3, 3, 2)
3
(57, 77)
-> Request 6
959
(1, 3, 2)
2
(13, 26)
-> Request 7
1054
(1, 1, 2)
3
(57, 66)
-> Request 8
1180
(2, 3, 1)
1
(73, 12)
-> Request 9
1222
(3, 1, 2)
2
(28, 4)
-> Request 10
1328
(4, 3, 2)
1
(46, 33)
--> Day : 3
-> Request 0
16
(4, 2, 1)
2
(52, 37)
-> Request 1
77
(4, 2, 2)
1
(12, 49)
-> Request 2
166
(2, 2, 1)
1
(52, 73)
-> Request 3
513
(3, 2, 2)
1
(1, 35)
-> Request 4
670
(1, 3, 1)
3
(12, 30)
-> Request 5
823
(3, 3, 2)
3
(2, 15)
-> Request 6
959
(1, 1, 1)
3
(59, 45)
-> Request 7
998
(3, 1, 2)
3
(9, 28)
-> Request 8
1196
(2, 3, 1)
1
(65, 64)
-> Request 9
1210
(3, 2, 2)
1
(22, 17)
-> Request 10
1221
(3, 1, 2)
2
(18, 38)
-> Request 11
1252
(3, 1, 1)
3
(32, 22)
--> Day : 4
-> Request 0
23
(1, 3, 1)
1
(37, 70)
-> Request 1
278
(4, 2, 2)
2
(53, 66)
-> Request 2
896
(4, 2, 2)
2
(5, 78)
-> Request 3
937
(3, 1, 2)
3
(60, 75)
-> Request 4
999
(3, 3, 1)
3
(60, 44)
-> Request 5
1062
(1, 2, 2)
1
(58, 36)
-> Request 6
1317
(1, 2, 2)
2
(56, 42)
---> Week : 18
--> Day : 0
-> Request 0
165
(3, 1, 2)
1
(56, 69)
-> Request 1
521
(1, 2, 1)
1
(23, 28)
-> Request 2
977
(4, 2, 2)
1
(57, 68)
-> Request 3
1044
(4, 2, 2)
2
(65, 69)
-> Request 4
1211
(1, 2, 2)
1
(54, 34)
-> Request 5
1287
(3, 3, 1)
1
(44, 40)
--> Day : 1
-> Request 0
237
(3, 3, 1)
2
(3, 43)
-> Request 1
274
(1, 1, 1)
1
(22, 42)
-> Request 2
541
(2, 1, 1)
1
(45, 35)
-> Request 3
800
(4, 1, 2)
3
(17, 64)
-> Request 4
881
(2, 1, 1)
3
(18, 5)
-> Request 5
1234
(4, 3, 2)
3
(0, 66)
-> Request 6
1281
(4, 1, 2)
1
(72, 9)
-> Request 7
1321
(4, 2, 1)
1
(12, 28)
-> Request 8
1374
(2, 1, 2)
3
(47, 42)
--> Day : 2
-> Request 0
712
(4, 2, 1)
3
(66, 77)
-> Request 1
725
(4, 3, 2)
3
(29, 46)
-> Request 2
1176
(3, 1, 1)
2
(53, 29)
-> Request 3
1250
(4, 3, 1)
3
(59, 33)
--> Day : 3
-> Request 0
624
(3, 2, 1)
1
(11, 61)
-> Request 1
828
(3, 1, 2)
3
(11, 52)
-> Request 2
862
(4, 2, 1)
2
(46, 31)
-> Request 3
1008
(1, 2, 1)
2
(53, 73)
-> Request 4
1284
(3, 2, 1)
3
(64, 71)
-> Request 5
1326
(2, 2, 1)
1
(67, 43)
-> Request 6
1372
(4, 1, 1)
1
(54, 33)
--> Day : 4
-> Request 0
108
(4, 3, 1)
1
(75, 33)
-> Request 1
404
(4, 2, 1)
2
(9, 20)
-> Request 2
438
(4, 2, 2)
3
(46, 57)
-> Request 3
688
(4, 3, 1)
2
(26, 15)
-> Request 4
983
(4, 2, 2)
3
(20, 43)
---> Week : 19
--> Day : 0
-> Request 0
212
(3, 2, 2)
2
(57, 64)
-> Request 1
313
(1, 1, 1)
2
(58, 37)
-> Request 2
566
(2, 2, 2)
2
(48, 27)
-> Request 3
931
(2, 1, 1)
1
(54, 33)
-> Request 4
1048
(2, 3, 1)
3
(22, 63)
-> Request 5
1264
(4, 1, 2)
1
(58, 70)
--> Day : 1
-> Request 0
255
(2, 2, 1)
1
(52, 38)
-> Request 1
259
(3, 2, 1)
1
(54, 38)
-> Request 2
670
(1, 2, 1)
3
(51, 45)
-> Request 3
856
(2, 1, 1)
3
(4, 78)
-> Request 4
972
(2, 2, 2)
3
(40, 49)
-> Request 5
1092
(2, 3, 2)
1
(54, 35)
-> Request 6
1093
(1, 3, 2)
3
(62, 52)
-> Request 7
1102
(2, 2, 2)
3
(54, 13)
--> Day : 2
-> Request 0
105
(1, 2, 1)
1
(70, 66)
-> Request 1
444
(2, 1, 1)
3
(58, 28)
-> Request 2
589
(1, 3, 1)
1
(59, 68)
-> Request 3
843
(1, 3, 2)
3
(9, 22)
-> Request 4
875
(4, 1, 2)
2
(61, 49)
--> Day : 3
-> Request 0
134
(1, 2, 1)
1
(76, 0)
-> Request 1
142
(3, 1, 2)
2
(43, 35)
-> Request 2
367
(4, 2, 2)
2
(55, 74)
-> Request 3
374
(1, 2, 2)
1
(68, 70)
-> Request 4
404
(2, 1, 1)
1
(62, 75)
-> Request 5
440
(1, 3, 1)
3
(9, 22)
-> Request 6
543
(3, 1, 2)
2
(46, 20)
-> Request 7
932
(3, 3, 1)
1
(60, 78)
-> Request 8
1192
(1, 1, 1)
2
(55, 73)
-> Request 9
1277
(3, 1, 2)
2
(1, 75)
-> Request 10
1387
(4, 2, 1)
3
(49, 31)
--> Day : 4
-> Request 0
60
(2, 1, 2)
1
(36, 28)
-> Request 1
311
(1, 3, 1)
1
(76, 0)
-> Request 2
407
(4, 3, 1)
1
(13, 27)
-> Request 3
409
(3, 1, 1)
3
(48, 28)
-> Request 4
714
(3, 1, 2)
1
(65, 73)
-> Request 5
964
(2, 1, 2)
1
(55, 65)
-> Request 6
1112
(4, 2, 1)
2
(57, 40)
-> Request 7
1140
(2, 3, 2)
1
(78, 43)
-> Request 8
1353
(1, 3, 1)
3
(17, 22)
