---> Week : 0
--> Day : 0
-> Request 0
112
(4, 2, 1)
1
(45, 32)
-> Request 1
118
(2, 3, 2)
1
(53, 78)
-> Request 2
123
(1, 1, 1)
2
(16, 3)
-> Request 3
861
(1, 2, 1)
3
(53, 73)
-> Request 4
1053
(4, 3, 2)
3
(52, 44)
-> Request 5
1215
(4, 2, 2)
3
(17, 0)
--> Day : 1
-> Request 0
249
(2, 1, 1)
1
(77, 58)
-> Request 1
257
(4, 2, 2)
2
(48, 29)
-> Request 2
425
(2, 2, 2)
1
(47, 35)
-> Request 3
518
(4, 2, 1)
1
(67, 55)
-> Request 4
789
(1, 3, 2)
2
(19, 31)
-> Request 5
1159
(4, 1, 2)
1
(15, 46)
--> Day : 2
-> Request 0
606
(2, 2, 1)
1
(45, 40)
-> Request 1
654
(2, 1, 1)
2
(56, 70)
-> Request 2
917
(1, 1, 1)
1
(67, 56)
-> Request 3
1204
(1, 2, 1)
2
(50, 37)
-> Request 4
1223
(2, 3, 2)
3
(43, 38)
--> Day : 3
-> Request 0
424
(1, 3, 1)
2
(49, 28)
-> Request 1
732
(1, 2, 2)
1
(29, 9)
-> Request 2
1095
(2, 2, 1)
3
(61, 66)
--> Day : 4
-> Request 0
16
(4, 2, 1)
1
(13, 25)
-> Request 1
601
(3, 3, 2)
1
(58, 38)
-> Request 2
921
(1, 3, 1)
2
(35, 55)
-> Request 3
1006
(2, 2, 1)
3
(25, 64)
-> Request 4
1056
(4, 2, 2)
1
(56, 41)
---> Week : 1
--> Day : 0
-> Request 0
613
(3, 1, 2)
3
(49, 31)
-> Request 1
736
(4, 1, 1)
2
(58, 46)
-> Request 2
1115
(3, 1, 1)
2
(13, 25)
-> Request 3
1233
(4, 1, 1)
1
(21, 51)
-> Request 4
1288
(1, 3, 1)
2
(59, 75)
--> Day : 1
-> Request 0
55
(4, 1, 1)
2
(56, 75)
-> Request 1
324
(2, 3, 2)
3
(49, 27)
-> Request 2
1008
(2, 3, 2)
2
(46, 44)
-> Request 3
1303
(1, 2, 2)
3
(71, 72)
--> Day : 2
-> Request 0
4
(2, 3, 2)
3
(54, 75)
-> Request 1
17
(2, 3, 2)
3
(59, 77)
-> Request 2
772
(2, 2, 1)
2
(38, 62)
-> Request 3
836
(3, 3, 1)
3
(37, 70)
-> Request 4
1339
(3, 2, 1)
2
(59, 67)
-> Request 5
1344
(4, 3, 2)
2
(59, 47)
-> Request 6
1359
(4, 1, 2)
1
(16, 23)
--> Day : 3
-> Request 0
156
(1, 1, 1)
1
(20, 28)
-> Request 1
302
(2, 3, 1)
3
(16, 27)
-> Request 2
567
(3, 1, 2)
2
(16, 50)
-> Request 3
743
(2, 2, 2)
3
(49, 33)
-> Request 4
1367
(2, 1, 1)
2
(7, 39)
--> Day : 4
-> Request 0
267
(1, 2, 2)
3
(52, 46)
-> Request 1
415
(2, 1, 1)
3
(15, 22)
-> Request 2
634
(1, 2, 2)
3
(17, 65)
-> Request 3
1036
(2, 1, 2)
3
(19, 77)
---> Week : 2
--> Day : 0
-> Request 0
203
(3, 3, 1)
3
(68, 26)
-> Request 1
611
(3, 3, 2)
3
(36, 11)
-> Request 2
778
(1, 3, 2)
3
(66, 45)
-> Request 3
814
(4, 3, 1)
1
(57, 64)
-> Request 4
1323
(2, 3, 2)
3
(49, 32)
--> Day : 1
-> Request 0
270
(1, 2, 1)
1
(56, 69)
-> Request 1
1015
(1, 1, 2)
3
(59, 45)
-> Request 2
1079
(3, 1, 1)
3
(37, 72)
-> Request 3
1278
(4, 2, 2)
3
(31, 55)
-> Request 4
1316
(4, 3, 2)
2
(45, 46)
--> Day : 2
-> Request 0
118
(1, 1, 2)
2
(54, 6)
-> Request 1
397
(1, 3, 1)
2
(2, 9)
-> Request 2
883
(3, 2, 1)
2
(14, 2)
-> Request 3
1078
(4, 3, 1)
1
(65, 62)
-> Request 4
1115
(4, 3, 2)
3
(53, 41)
-> Request 5
1202
(3, 1, 2)
2
(0, 27)
--> Day : 3
-> Request 0
34
(2, 3, 2)
1
(61, 39)
-> Request 1
271
(2, 3, 1)
3
(2, 44)
-> Request 2
280
(1, 2, 2)
1
(58, 46)
-> Request 3
784
(3, 2, 2)
3
(8, 47)
-> Request 4
875
(2, 1, 1)
1
(62, 67)
-> Request 5
958
(1, 1, 2)
1
(73, 75)
-> Request 6
1351
(4, 3, 2)
2
(34, 38)
--> Day : 4
-> Request 0
469
(2, 1, 1)
3
(8, 74)
-> Request 1
585
(3, 3, 2)
2
(16, 26)
-> Request 2
819
(3, 2, 1)
1
(70, 16)
-> Request 3
1009
(1, 2, 2)
3
(57, 42)
-> Request 4
1335
(4, 1, 2)
2
(76, 57)
-> Request 5
1398
(4, 1, 1)
2
(59, 33)
---> Week : 3
--> Day : 0
-> Request 0
132
(3, 2, 2)
1
(9, 67)
-> Request 1
495
(3, 3, 2)
1
(4, 78)
-> Request 2
612
(4, 3, 2)
2
(31, 16)
-> Request 3
763
(4, 3, 1)
1
(8, 26)
-> Request 4
896
(1, 1, 2)
3
(50, 34)
-> Request 5
937
(4, 3, 2)
1
(15, 43)
-> Request 6
964
(1, 1, 1)
3
(70, 33)
--> Day : 1
-> Request 0
3
(2, 3, 2)
1
(52, 46)
-> Request 1
107
(4, 2, 2)
3
(30, 66)
-> Request 2
232
(1, 2, 1)
1
(19, 59)
-> Request 3
250
(3, 1, 2)
1
(31, 56)
-> Request 4
556
(2, 2, 2)
2
(60, 68)
-> Request 5
893
(2, 1, 2)
2
(53, 65)
-> Request 6
1077
(2, 2, 2)
3
(62, 65)
-> Request 7
1157
(2, 1, 2)
1
(55, 43)
-> Request 8
1303
(4, 2, 2)
3
(39, 27)
-> Request 9
1378
(2, 2, 2)
3
(56, 76)
--> Day : 2
-> Request 0
261
(2, 2, 2)
2
(36, 75)
-> Request 1
600
(3, 1, 2)
1
(6, 24)
-> Request 2
1206
(2, 2, 2)
2
(46, 30)
--> Day : 3
-> Request 0
90
(1, 1, 2)
3
(45, 34)
-> Request 1
345
(1, 3, 2)
3
(53, 75)
-> Request 2
440
(2, 1, 1)
2
(7, 69)
-> Request 3
563
(2, 3, 2)
3
(60, 75)
-> Request 4
616
(4, 1, 2)
3
(35, 56)
-> Request 5
640
(4, 3, 1)
3
(50, 15)
-> Request 6
741
(4, 3, 2)
2
(58, 48)
-> Request 7
836
(2, 2, 2)
3
(13, 13)
-> Request 8
884
(1, 2, 1)
1
(31, 65)
-> Request 9
1125
(1, 1, 1)
2
(55, 35)
-> Request 10
1151
(3, 1, 2)
2
(43, 39)
-> Request 11
1404
(3, 2, 2)
2
(69, 23)
--> Day : 4
-> Request 0
53
(3, 3, 1)
3
(52, 31)
-> Request 1
367
(1, 2, 2)
3
(14, 21)
-> Request 2
495
(4, 3, 1)
2
(50, 39)
-> Request 3
602
(4, 3, 1)
2
(37, 8)
-> Request 4
972
(1, 3, 1)
3
(55, 77)
-> Request 5
1391
(1, 1, 1)
2
(15, 20)
---> Week : 4
--> Day : 0
-> Request 0
1311
(2, 3, 2)
2
(50, 45)
-> Request 1
1336
(1, 3, 1)
2
(51, 37)
-> Request 2
1388
(3, 3, 2)
3
(4, 54)
--> Day : 1
-> Request 0
829
(3, 1, 2)
2
(50, 34)
-> Request 1
1149
(3, 3, 2)
1
(57, 74)
-> Request 2
1217
(1, 2, 1)
2
(56, 77)
--> Day : 2
-> Request 0
1088
(2, 1, 2)
1
(43, 44)
-> Request 1
1389
(2, 1, 1)
3
(53, 39)
--> Day : 3
-> Request 0
373
(2, 2, 2)
3
(57, 31)
-> Request 1
519
(1, 1, 2)
3
(65, 68)
-> Request 2
522
(1, 3, 1)
3
(37, 37)
-> Request 3
1022
(2, 2, 1)
2
(55, 20)
-> Request 4
1388
(2, 3, 2)
2
(25, 2)
-> Request 5
1390
(4, 1, 1)
2
(60, 76)
-> Request 6
1415
(4, 1, 2)
1
(71, 29)
--> Day : 4
-> Request 0
316
(1, 3, 2)
3
(53, 33)
-> Request 1
464
(2, 3, 2)
1
(49, 27)
-> Request 2
664
(1, 3, 1)
3
(57, 23)
-> Request 3
837
(2, 1, 1)
1
(8, 27)
-> Request 4
1066
(1, 1, 1)
1
(36, 65)
---> Week : 5
--> Day : 0
-> Request 0
92
(1, 2, 2)
1
(56, 44)
-> Request 1
1403
(2, 2, 1)
3
(48, 43)
--> Day : 1
-> Request 0
116
(2, 3, 1)
3
(49, 70)
-> Request 1
438
(3, 2, 1)
3
(48, 61)
-> Request 2
635
(1, 1, 1)
3
(60, 37)
-> Request 3
698
(1, 2, 2)
2
(62, 14)
-> Request 4
945
(1, 2, 1)
3
(10, 21)
--> Day : 2
-> Request 0
193
(2, 1, 1)
1
(70, 11)
-> Request 1
763
(1, 1, 1)
1
(55, 73)
-> Request 2
1021
(3, 2, 1)
3
(62, 37)
-> Request 3
1264
(4, 1, 2)
1
(29, 4)
-> Request 4
1324
(4, 3, 2)
1
(26, 44)
--> Day : 3
-> Request 0
5
(4, 1, 1)
1
(4, 14)
-> Request 1
12
(2, 2, 1)
1
(18, 32)
-> Request 2
125
(4, 3, 1)
3
(54, 31)
-> Request 3
251
(2, 2, 2)
3
(75, 52)
-> Request 4
274
(4, 1, 2)
3
(42, 78)
-> Request 5
303
(1, 2, 1)
2
(43, 36)
-> Request 6
391
(4, 2, 1)
2
(60, 72)
-> Request 7
609
(4, 3, 1)
1
(58, 62)
-> Request 8
879
(1, 2, 2)
2
(64, 77)
-> Request 9
1070
(4, 3, 1)
1
(28, 68)
-> Request 10
1217
(1, 1, 2)
1
(22, 57)
--> Day : 4
-> Request 0
169
(1, 1, 2)
3
(52, 78)
-> Request 1
448
(3, 2, 2)
2
(49, 44)
-> Request 2
971
(4, 3, 1)
2
(42, 19)
-> Request 3
975
(3, 3, 1)
2
(47, 45)
-> Request 4
1108
(2, 1, 1)
3
(78, 18)
-> Request 5
1430
(4, 2, 1)
3
(10, 72)
---> Week : 6
--> Day : 0
-> Request 0
903
(4, 2, 1)
2
(54, 32)
--> Day : 1
-> Request 0
81
(1, 1, 1)
1
(30, 69)
-> Request 1
239
(4, 1, 2)
1
(17, 13)
-> Request 2
579
(4, 2, 1)
1
(16, 29)
-> Request 3
1041
(3, 2, 2)
3
(47, 46)
-> Request 4
1242
(1, 1, 1)
1
(60, 17)
--> Day : 2
-> Request 0
90
(1, 2, 1)
2
(5, 46)
-> Request 1
208
(4, 2, 1)
3
(46, 41)
-> Request 2
211
(3, 1, 2)
1
(57, 2)
-> Request 3
282
(3, 2, 1)
3
(4, 31)
-> Request 4
290
(1, 2, 2)
1
(78, 46)
-> Request 5
527
(3, 2, 1)
2
(3, 36)
-> Request 6
580
(4, 3, 2)
2
(58, 45)
-> Request 7
596
(2, 3, 2)
2
(65, 68)
-> Request 8
617
(1, 3, 2)
2
(53, 71)
-> Request 9
673
(3, 2, 2)
2
(14, 29)
--> Day : 3
-> Request 0
979
(3, 1, 2)
3
(57, 27)
-> Request 1
1129
(3, 3, 1)
3
(61, 36)
-> Request 2
1391
(2, 3, 1)
2
(18, 19)
--> Day : 4
-> Request 0
371
(4, 2, 1)
2
(62, 41)
-> Request 1
385
(3, 1, 2)
1
(68, 20)
-> Request 2
1057
(3, 1, 1)
3
(54, 74)
-> Request 3
1169
(1, 2, 2)
2
(78, 19)
---> Week : 7
--> Day : 0
-> Request 0
417
(4, 2, 2)
2
(17, 34)
-> Request 1
610
(3, 2, 2)
2
(54, 76)
-> Request 2
743
(3, 3, 1)
1
(57, 32)
-> Request 3
757
(3, 3, 1)
1
(11, 28)
-> Request 4
1186
(4, 2, 2)
2
(51, 11)
-> Request 5
1219
(1, 1, 2)
1
(64, 71)
-> Request 6
1352
(1, 3, 2)
3
(63, 78)
-> Request 7
1434
(1, 3, 2)
1
(44, 34)
--> Day : 1
-> Request 0
311
(4, 3, 1)
1
(48, 45)
-> Request 1
312
(3, 3, 1)
3
(40, 60)
-> Request 2
731
(3, 2, 2)
1
(23, 50)
-> Request 3
1054
(4, 3, 1)
3
(61, 54)
-> Request 4
1054
(3, 1, 1)
2
(45, 30)
--> Day : 2
-> Request 0
4
(4, 1, 2)
1
(52, 70)
-> Request 1
70
(1, 2, 1)
2
(53, 58)
-> Request 2
927
(4, 2, 1)
3
(63, 70)
-> Request 3
1048
(3, 1, 2)
2
(76, 50)
-> Request 4
1113
(1, 2, 2)
2
(54, 76)
--> Day : 3
-> Request 0
429
(4, 3, 1)
2
(14, 26)
-> Request 1
701
(3, 3, 1)
3
(46, 42)
-> Request 2
726
(3, 1, 1)
2
(57, 29)
-> Request 3
857
(4, 3, 2)
3
(13, 26)
-> Request 4
872
(2, 1, 1)
2
(51, 28)
-> Request 5
884
(2, 3, 1)
1
(70, 14)
-> Request 6
894
(3, 2, 2)
1
(71, 57)
-> Request 7
1224
(4, 1, 2)
3
(58, 33)
--> Day : 4
-> Request 0
94
(3, 3, 1)
2
(25, 53)
-> Request 1
240
(3, 3, 2)
3
(62, 30)
-> Request 2
444
(4, 3, 2)
3
(26, 3)
-> Request 3
498
(4, 1, 2)
3
(61, 35)
-> Request 4
663
(4, 1, 2)
2
(35, 5)
-> Request 5
683
(1, 3, 2)
2
(32, 70)
-> Request 6
940
(1, 2, 2)
3
(49, 29)
-> Request 7
1426
(2, 2, 2)
2
(12, 36)
---> Week : 8
--> Day : 0
-> Request 0
56
(1, 3, 1)
3
(62, 75)
-> Request 1
1065
(1, 3, 1)
3
(15, 21)
-> Request 2
1296
(2, 2, 2)
3
(61, 38)
-> Request 3
1331
(1, 3, 1)
2
(13, 59)
-> Request 4
1398
(3, 3, 2)
2
(3, 19)
-> Request 5
1434
(1, 3, 1)
3
(9, 20)
--> Day : 1
-> Request 0
138
(2, 3, 1)
3
(56, 40)
-> Request 1
299
(3, 1, 2)
3
(61, 37)
-> Request 2
510
(4, 1, 1)
3
(64, 64)
-> Request 3
693
(1, 3, 1)
3
(66, 78)
-> Request 4
938
(3, 2, 2)
2
(34, 26)
-> Request 5
1229
(1, 3, 2)
1
(52, 72)
--> Day : 2
-> Request 0
230
(1, 3, 2)
1
(15, 60)
-> Request 1
308
(4, 2, 1)
3
(52, 76)
-> Request 2
412
(4, 1, 2)
1
(22, 38)
-> Request 3
557
(4, 1, 2)
2
(59, 38)
-> Request 4
563
(4, 3, 2)
1
(21, 5)
-> Request 5
859
(2, 2, 2)
1
(40, 67)
-> Request 6
1141
(1, 2, 1)
1
(75, 2)
-> Request 7
1162
(3, 3, 1)
3
(29, 31)
--> Day : 3
-> Request 0
88
(3, 1, 2)
2
(26, 33)
-> Request 1
89
(3, 3, 2)
2
(54, 41)
-> Request 2
94
(1, 3, 2)
1
(9, 17)
-> Request 3
98
(2, 1, 1)
2
(42, 76)
-> Request 4
397
(1, 1, 2)
2
(39, 41)
-> Request 5
806
(4, 2, 1)
1
(15, 4)
-> Request 6
881
(4, 1, 1)
3
(53, 42)
-> Request 7
967
(1, 2, 1)
1
(58, 45)
-> Request 8
1114
(2, 2, 1)
3
(66, 68)
-> Request 9
1245
(4, 3, 2)
2
(47, 1)
-> Request 10
1344
(2, 1, 2)
2
(47, 50)
-> Request 11
1346
(4, 1, 2)
2
(54, 27)
--> Day : 4
-> Request 0
9
(1, 2, 2)
3
(44, 37)
-> Request 1
893
(2, 1, 2)
2
(59, 75)
-> Request 2
1094
(2, 2, 1)
2
(34, 52)
---> Week : 9
--> Day : 0
-> Request 0
621
(4, 1, 2)
3
(58, 67)
-> Request 1
783
(3, 3, 1)
3
(49, 41)
-> Request 2
893
(3, 3, 2)
1
(50, 42)
-> Request 3
1044
(4, 2, 1)
3
(25, 32)
-> Request 4
1077
(1, 1, 2)
3
(74, 39)
-> Request 5
1322
(2, 1, 1)
1
(37, 15)
--> Day : 1
-> Request 0
99
(4, 2, 2)
3
(55, 36)
-> Request 1
949
(2, 1, 2)
1
(61, 76)
-> Request 2
970
(4, 3, 1)
1
(69, 20)
-> Request 3
1326
(3, 3, 2)
1
(58, 28)
--> Day : 2
-> Request 0
36
(2, 3, 2)
2
(47, 27)
-> Request 1
106
(2, 2, 1)
2
(60, 43)
-> Request 2
535
(1, 2, 1)
2
(45, 46)
-> Request 3
1016
(1, 1, 1)
2
(54, 71)
-> Request 4
1226
(1, 1, 2)
1
(56, 73)
-> Request 5
1267
(3, 1, 1)
1
(52, 77)
--> Day : 3
-> Request 0
32
(1, 1, 1)
3
(24, 79)
-> Request 1
176
(2, 3, 2)
2
(70, 29)
-> Request 2
550
(1, 1, 1)
3
(54, 3)
-> Request 3
605
(1, 1, 1)
2
(8, 44)
-> Request 4
1024
(1, 3, 2)
3
(28, 39)
-> Request 5
1158
(3, 1, 2)
3
(45, 43)
-> Request 6
1230
(3, 3, 1)
3
(8, 23)
--> Day : 4
-> Request 0
76
(3, 1, 2)
3
(29, 53)
-> Request 1
211
(4, 1, 1)
2
(9, 31)
-> Request 2
316
(1, 1, 2)
1
(69, 66)
-> Request 3
462
(2, 2, 1)
1
(21, 55)
-> Request 4
575
(3, 2, 1)
2
(64, 75)
---> Week : 10
--> Day : 0
-> Request 0
90
(2, 2, 1)
2
(62, 43)
-> Request 1
92
(1, 1, 1)
1
(58, 28)
-> Request 2
137
(2, 2, 2)
3
(11, 24)
-> Request 3
1112
(3, 3, 2)
3
(20, 16)
-> Request 4
1228
(1, 3, 1)
2
(52, 64)
--> Day : 1
-> Request 0
278
(2, 1, 1)
3
(45, 27)
-> Request 1
692
(3, 1, 1)
1
(49, 35)
-> Request 2
1042
(4, 3, 2)
2
(66, 70)
--> Day : 2
-> Request 0
446
(3, 2, 2)
3
(64, 2)
-> Request 1
560
(4, 3, 1)
2
(48, 29)
-> Request 2
881
(4, 1, 1)
2
(69, 62)
-> Request 3
927
(4, 1, 2)
3
(60, 45)
-> Request 4
1066
(3, 2, 2)
2
(11, 29)
-> Request 5
1152
(1, 1, 2)
1
(59, 36)
-> Request 6
1298
(4, 2, 1)
1
(14, 36)
--> Day : 3
-> Request 0
113
(2, 1, 2)
3
(38, 44)
-> Request 1
337
(1, 1, 2)
3
(76, 0)
-> Request 2
717
(4, 2, 2)
2
(64, 77)
-> Request 3
1018
(3, 2, 2)
1
(12, 22)
--> Day : 4
-> Request 0
314
(2, 2, 1)
1
(62, 64)
-> Request 1
701
(4, 3, 1)
2
(54, 65)
-> Request 2
744
(3, 1, 1)
3
(59, 32)
-> Request 3
882
(2, 2, 1)
1
(76, 58)
-> Request 4
1068
(3, 1, 1)
2
(48, 36)
-> Request 5
1127
(3, 3, 1)
1
(64, 70)
-> Request 6
1133
(3, 2, 2)
2
(25, 51)
-> Request 7
1281
(1, 2, 2)
2
(65, 66)
---> Week : 11
--> Day : 0
-> Request 0
78
(1, 1, 2)
1
(58, 17)
-> Request 1
240
(2, 3, 1)
2
(15, 62)
-> Request 2
242
(4, 1, 1)
2
(58, 45)
-> Request 3
811
(2, 1, 2)
1
(10, 20)
-> Request 4
841
(4, 2, 2)
3
(58, 69)
-> Request 5
881
(2, 2, 2)
1
(78, 58)
-> Request 6
1023
(3, 1, 1)
1
(46, 38)
-> Request 7
1070
(2, 1, 2)
2
(33, 55)
--> Day : 1
-> Request 0
243
(2, 3, 1)
1
(47, 40)
-> Request 1
347
(2, 3, 1)
1
(52, 27)
-> Request 2
560
(3, 2, 1)
1
(5, 44)
-> Request 3
747
(3, 1, 1)
3
(45, 32)
-> Request 4
782
(3, 1, 2)
3
(20, 51)
-> Request 5
1095
(4, 3, 1)
3
(13, 15)
-> Request 6
1258
(4, 2, 1)
2
(49, 37)
-> Request 7
1380
(3, 2, 2)
2
(11, 3)
--> Day : 2
-> Request 0
868
(4, 2, 1)
2
(56, 70)
-> Request 1
893
(3, 1, 2)
3
(58, 46)
-> Request 2
1066
(1, 3, 2)
1
(7, 64)
-> Request 3
1157
(4, 2, 2)
2
(76, 19)
-> Request 4
1200
(2, 1, 1)
1
(20, 75)
-> Request 5
1284
(4, 3, 1)
1
(61, 66)
--> Day : 3
-> Request 0
640
(1, 2, 1)
2
(58, 67)
-> Request 1
747
(3, 3, 1)
3
(54, 42)
-> Request 2
806
(4, 2, 1)
3
(79, 49)
-> Request 3
831
(3, 1, 1)
1
(57, 12)
--> Day : 4
-> Request 0
191
(2, 1, 1)
3
(58, 42)
-> Request 1
1237
(3, 2, 1)
1
(38, 51)
---> Week : 12
--> Day : 0
-> Request 0
241
(2, 3, 1)
3
(34, 14)
-> Request 1
245
(3, 3, 2)
2
(53, 39)
-> Request 2
267
(4, 1, 1)
3
(51, 45)
-> Request 3
890
(2, 3, 2)
3
(48, 30)
-> Request 4
1318
(1, 3, 2)
2
(50, 8)
--> Day : 1
-> Request 0
263
(4, 2, 1)
1
(75, 72)
-> Request 1
834
(1, 1, 2)
1
(44, 33)
-> Request 2
854
(2, 2, 2)
3
(60, 31)
-> Request 3
890
(2, 1, 2)
3
(55, 78)
-> Request 4
917
(4, 3, 2)
2
(43, 43)
-> Request 5
1135
(4, 2, 1)
1
(45, 46)
-> Request 6
1241
(4, 2, 2)
3
(49, 76)
--> Day : 2
-> Request 0
224
(3, 2, 1)
3
(30, 57)
-> Request 1
242
(2, 2, 1)
3
(3, 16)
-> Request 2
359
(3, 1, 2)
1
(66, 77)
-> Request 3
549
(4, 3, 1)
1
(43, 11)
-> Request 4
1024
(4, 3, 1)
3
(60, 37)
--> Day : 3
-> Request 0
35
(2, 2, 2)
1
(47, 28)
-> Request 1
137
(3, 2, 1)
1
(56, 73)
-> Request 2
178
(3, 3, 1)
1
(40, 35)
-> Request 3
310
(4, 3, 1)
2
(57, 36)
-> Request 4
1412
(2, 1, 2)
2
(61, 32)
--> Day : 4
-> Request 0
585
(3, 1, 1)
3
(53, 35)
-> Request 1
634
(1, 1, 1)
2
(62, 39)
-> Request 2
857
(2, 3, 1)
1
(62, 34)
-> Request 3
1134
(3, 1, 2)
1
(49, 3)
-> Request 4
1220
(4, 3, 2)
3
(14, 20)
---> Week : 13
--> Day : 0
-> Request 0
22
(1, 3, 2)
3
(32, 0)
-> Request 1
116
(2, 3, 1)
2
(25, 3)
-> Request 2
513
(1, 3, 1)
1
(59, 72)
-> Request 3
537
(3, 2, 1)
1
(59, 8)
-> Request 4
637
(2, 3, 1)
3
(59, 73)
-> Request 5
660
(1, 1, 1)
2
(55, 29)
-> Request 6
966
(4, 3, 1)
3
(56, 7)
-> Request 7
1013
(2, 3, 1)
2
(64, 78)
-> Request 8
1042
(4, 1, 1)
3
(66, 75)
-> Request 9
1264
(3, 2, 1)
2
(13, 25)
-> Request 10
1420
(4, 2, 1)
3
(43, 42)
--> Day : 1
-> Request 0
306
(3, 2, 2)
1
(43, 43)
-> Request 1
737
(4, 1, 1)
1
(74, 14)
-> Request 2
760
(3, 2, 2)
3
(54, 33)
-> Request 3
1116
(3, 2, 1)
1
(64, 34)
-> Request 4
1324
(3, 2, 1)
2
(40, 0)
--> Day : 2
-> Request 0
188
(4, 2, 1)
1
(59, 18)
-> Request 1
265
(2, 3, 1)
1
(72, 4)
-> Request 2
740
(3, 3, 2)
2
(8, 29)
-> Request 3
767
(2, 1, 1)
2
(2, 9)
-> Request 4
925
(4, 2, 2)
3
(50, 47)
-> Request 5
934
(1, 2, 2)
2
(23, 47)
-> Request 6
1060
(3, 3, 2)
1
(60, 33)
-> Request 7
1102
(3, 3, 2)
3
(47, 39)
--> Day : 3
-> Request 0
25
(1, 2, 2)
1
(61, 66)
-> Request 1
161
(1, 3, 2)
3
(55, 66)
-> Request 2
238
(3, 2, 2)
3
(50, 34)
-> Request 3
368
(2, 3, 1)
1
(45, 43)
-> Request 4
397
(2, 2, 2)
2
(66, 6)
-> Request 5
596
(1, 1, 2)
1
(20, 63)
-> Request 6
861
(3, 2, 1)
1
(77, 64)
--> Day : 4
-> Request 0
148
(2, 1, 1)
1
(31, 55)
-> Request 1
246
(1, 1, 2)
1
(44, 30)
-> Request 2
250
(4, 2, 2)
3
(16, 60)
-> Request 3
296
(3, 3, 2)
3
(60, 30)
-> Request 4
388
(1, 2, 1)
1
(47, 34)
-> Request 5
582
(2, 1, 1)
1
(43, 41)
-> Request 6
589
(1, 1, 1)
3
(13, 75)
-> Request 7
796
(2, 1, 2)
2
(13, 20)
-> Request 8
957
(4, 2, 1)
1
(59, 75)
-> Request 9
1101
(2, 2, 2)
1
(51, 40)
-> Request 10
1147
(2, 2, 1)
3
(53, 71)
-> Request 11
1225
(3, 2, 1)
2
(26, 23)
-> Request 12
1230
(2, 3, 1)
2
(63, 52)
---> Week : 14
--> Day : 0
-> Request 0
255
(4, 1, 2)
1
(65, 67)
-> Request 1
399
(3, 3, 2)
3
(15, 58)
-> Request 2
868
(1, 2, 2)
1
(48, 45)
-> Request 3
1105
(1, 2, 1)
1
(64, 74)
--> Day : 1
-> Request 0
355
(4, 1, 1)
1
(65, 74)
-> Request 1
745
(3, 3, 2)
3
(65, 73)
-> Request 2
1380
(1, 1, 2)
2
(17, 21)
--> Day : 2
-> Request 0
46
(1, 1, 1)
3
(44, 11)
-> Request 1
421
(4, 3, 1)
2
(6, 16)
-> Request 2
645
(4, 3, 1)
2
(67, 34)
--> Day : 3
-> Request 0
342
(4, 3, 2)
3
(56, 77)
-> Request 1
427
(4, 3, 1)
1
(60, 29)
-> Request 2
507
(1, 2, 2)
3
(73, 78)
-> Request 3
1139
(2, 1, 1)
1
(10, 35)
-> Request 4
1296
(4, 3, 2)
2
(53, 52)
-> Request 5
1324
(1, 3, 2)
3
(60, 66)
--> Day : 4
-> Request 0
166
(2, 2, 2)
2
(47, 40)
-> Request 1
642
(4, 3, 1)
1
(55, 77)
-> Request 2
707
(2, 3, 1)
2
(51, 71)
-> Request 3
743
(3, 1, 1)
1
(11, 20)
-> Request 4
803
(3, 2, 1)
2
(7, 55)
-> Request 5
993
(2, 1, 1)
2
(51, 39)
-> Request 6
1035
(3, 2, 1)
1
(75, 38)
-> Request 7
1054
(1, 1, 1)
3
(35, 12)
-> Request 8
1271
(1, 2, 2)
2
(45, 29)
---> Week : 15
--> Day : 0
-> Request 0
135
(3, 2, 2)
2
(72, 75)
-> Request 1
395
(2, 2, 2)
1
(47, 38)
-> Request 2
682
(1, 1, 1)
3
(51, 31)
-> Request 3
926
(1, 3, 1)
3
(21, 12)
-> Request 4
929
(3, 2, 1)
3
(27, 17)
-> Request 5
1161
(2, 1, 2)
3
(43, 30)
-> Request 6
1176
(4, 1, 2)
3
(34, 72)
-> Request 7
1352
(1, 3, 1)
2
(9, 51)
--> Day : 1
-> Request 0
195
(3, 2, 2)
2
(62, 66)
-> Request 1
425
(4, 3, 2)
2
(65, 72)
-> Request 2
516
(4, 3, 1)
1
(47, 35)
-> Request 3
869
(2, 1, 2)
3
(15, 24)
-> Request 4
1040
(4, 1, 2)
2
(57, 0)
-> Request 5
1136
(4, 3, 1)
3
(61, 12)
-> Request 6
1211
(1, 3, 2)
2
(43, 38)
-> Request 7
1349
(1, 1, 2)
2
(64, 72)
-> Request 8
1370
(4, 1, 1)
3
(60, 69)
--> Day : 2
-> Request 0
166
(1, 2, 2)
2
(66, 79)
-> Request 1
437
(1, 3, 2)
3
(16, 22)
-> Request 2
541
(1, 2, 1)
1
(45, 34)
-> Request 3
737
(1, 3, 1)
3
(11, 1)
--> Day : 3
-> Request 0
237
(3, 2, 2)
1
(39, 29)
-> Request 1
430
(1, 1, 2)
3
(68, 23)
-> Request 2
1348
(2, 2, 2)
1
(4, 65)
--> Day : 4
-> Request 0
364
(4, 3, 2)
2
(17, 8)
-> Request 1
547
(2, 3, 2)
2
(49, 27)
-> Request 2
718
(1, 3, 2)
3
(62, 43)
-> Request 3
865
(1, 2, 1)
1
(20, 71)
---> Week : 16
--> Day : 0
-> Request 0
64
(3, 3, 2)
2
(61, 44)
-> Request 1
168
(2, 3, 2)
1
(59, 78)
-> Request 2
380
(3, 1, 1)
3
(62, 62)
-> Request 3
545
(1, 2, 1)
2
(63, 68)
-> Request 4
712
(3, 3, 2)
2
(45, 31)
-> Request 5
1199
(4, 1, 1)
1
(32, 4)
-> Request 6
1299
(4, 1, 1)
1
(23, 29)
-> Request 7
1307
(4, 3, 2)
1
(58, 38)
--> Day : 1
-> Request 0
460
(2, 2, 1)
2
(18, 15)
-> Request 1
496
(1, 3, 2)
2
(44, 30)
-> Request 2
801
(3, 2, 2)
3
(4, 34)
-> Request 3
959
(2, 1, 1)
2
(51, 42)
-> Request 4
1421
(4, 2, 2)
2
(24, 12)
--> Day : 2
-> Request 0
84
(2, 1, 1)
2
(26, 23)
-> Request 1
389
(3, 1, 1)
2
(19, 47)
-> Request 2
637
(4, 2, 2)
1
(52, 7)
-> Request 3
661
(2, 2, 2)
1
(54, 75)
-> Request 4
1150
(1, 2, 2)
1
(36, 50)
--> Day : 3
-> Request 0
193
(1, 2, 1)
2
(57, 64)
-> Request 1
455
(4, 2, 2)
2
(21, 7)
-> Request 2
473
(4, 3, 2)
1
(52, 64)
-> Request 3
752
(3, 3, 1)
1
(53, 78)
-> Request 4
1024
(3, 1, 2)
2
(45, 41)
--> Day : 4
-> Request 0
347
(2, 3, 2)
3
(53, 32)
-> Request 1
1000
(4, 3, 2)
1
(73, 32)
-> Request 2
1338
(4, 1, 2)
3
(16, 43)
-> Request 3
1402
(1, 2, 1)
1
(53, 66)
---> Week : 17
--> Day : 0
-> Request 0
1288
(1, 2, 1)
3
(12, 71)
--> Day : 1
-> Request 0
8
(1, 1, 1)
2
(28, 14)
-> Request 1
276
(1, 2, 2)
2
(61, 36)
-> Request 2
620
(4, 3, 1)
3
(49, 14)
-> Request 3
1084
(1, 3, 2)
3
(52, 0)
-> Request 4
1188
(2, 2, 1)
1
(79, 24)
-> Request 5
1217
(3, 2, 2)
2
(53, 75)
--> Day : 2
-> Request 0
194
(2, 1, 1)
1
(54, 29)
-> Request 1
425
(3, 1, 2)
3
(21, 51)
-> Request 2
425
(4, 1, 2)
2
(43, 39)
-> Request 3
640
(1, 1, 2)
1
(11, 71)
-> Request 4
723
(3, 2, 1)
2
(44, 35)
-> Request 5
771
(4, 1, 1)
2
(13, 50)
-> Request 6
1023
(3, 1, 2)
2
(11, 57)
-> Request 7
1247
(3, 1, 2)
3
(15, 23)
--> Day : 3
-> Request 0
42
(4, 2, 1)
2
(58, 34)
-> Request 1
137
(1, 3, 1)
3
(26, 39)
-> Request 2
211
(2, 3, 2)
3
(47, 37)
--> Day : 4
-> Request 0
223
(4, 2, 2)
3
(32, 71)
-> Request 1
301
(1, 3, 1)
3
(67, 40)
-> Request 2
386
(4, 3, 1)
3
(7, 39)
-> Request 3
499
(1, 2, 1)
3
(70, 13)
-> Request 4
740
(1, 1, 2)
3
(50, 40)
-> Request 5
786
(1, 2, 2)
1
(14, 1)
-> Request 6
788
(4, 2, 2)
1
(26, 70)
-> Request 7
960
(2, 3, 2)
1
(60, 64)
---> Week : 18
--> Day : 0
-> Request 0
2
(4, 1, 2)
3
(4, 16)
-> Request 1
226
(3, 2, 1)
1
(13, 13)
-> Request 2
496
(3, 1, 1)
1
(49, 46)
-> Request 3
608
(4, 3, 2)
1
(47, 40)
-> Request 4
1030
(1, 3, 2)
1
(61, 69)
-> Request 5
1041
(2, 1, 1)
3
(61, 70)
-> Request 6
1215
(1, 1, 2)
1
(62, 72)
--> Day : 1
-> Request 0
1166
(3, 3, 1)
1
(43, 61)
-> Request 1
1359
(3, 2, 2)
1
(44, 72)
--> Day : 2
-> Request 0
23
(3, 3, 2)
3
(45, 33)
-> Request 1
33
(4, 3, 2)
2
(58, 66)
-> Request 2
195
(3, 1, 1)
1
(79, 57)
-> Request 3
279
(3, 1, 1)
1
(9, 2)
-> Request 4
432
(1, 2, 2)
1
(59, 71)
-> Request 5
460
(3, 3, 2)
3
(15, 10)
-> Request 6
630
(4, 1, 1)
2
(60, 30)
-> Request 7
672
(2, 3, 1)
3
(51, 27)
-> Request 8
761
(3, 3, 2)
3
(10, 32)
-> Request 9
1336
(1, 3, 2)
2
(1, 9)
--> Day : 3
-> Request 0
44
(4, 1, 2)
3
(54, 6)
-> Request 1
205
(2, 1, 1)
3
(65, 33)
-> Request 2
353
(1, 2, 1)
2
(44, 56)
-> Request 3
435
(3, 2, 1)
1
(38, 19)
-> Request 4
606
(4, 2, 1)
3
(58, 72)
-> Request 5
607
(1, 3, 1)
3
(54, 44)
-> Request 6
804
(1, 3, 1)
3
(59, 38)
-> Request 7
823
(2, 3, 1)
3
(52, 30)
--> Day : 4
-> Request 0
536
(4, 1, 1)
2
(63, 71)
-> Request 1
557
(4, 1, 2)
2
(46, 14)
-> Request 2
1408
(4, 1, 1)
2
(58, 35)
---> Week : 19
--> Day : 0
-> Request 0
117
(4, 1, 1)
2
(63, 62)
-> Request 1
163
(1, 3, 1)
2
(54, 24)
-> Request 2
312
(4, 1, 2)
3
(54, 64)
-> Request 3
523
(3, 1, 1)
3
(47, 44)
-> Request 4
1408
(2, 2, 1)
3
(31, 66)
--> Day : 1
-> Request 0
14
(2, 2, 2)
2
(2, 32)
-> Request 1
245
(4, 2, 2)
2
(22, 31)
-> Request 2
474
(2, 2, 1)
2
(78, 35)
-> Request 3
626
(2, 3, 1)
1
(27, 41)
-> Request 4
883
(1, 1, 2)
3
(43, 43)
-> Request 5
1339
(1, 3, 1)
2
(48, 32)
--> Day : 2
-> Request 0
31
(4, 1, 1)
1
(36, 28)
-> Request 1
126
(3, 3, 2)
3
(9, 22)
-> Request 2
266
(1, 3, 1)
1
(47, 37)
-> Request 3
507
(2, 3, 1)
2
(50, 37)
-> Request 4
1001
(1, 1, 1)
3
(49, 33)
-> Request 5
1024
(3, 2, 2)
3
(56, 47)
--> Day : 3
-> Request 0
124
(3, 1, 2)
3
(40, 78)
-> Request 1
356
(2, 3, 1)
1
(40, 69)
-> Request 2
746
(4, 2, 2)
2
(60, 70)
-> Request 3
878
(2, 1, 2)
2
(60, 78)
-> Request 4
930
(1, 3, 2)
1
(54, 29)
-> Request 5
1009
(3, 3, 1)
1
(17, 27)
-> Request 6
1024
(2, 3, 2)
1
(56, 71)
-> Request 7
1072
(3, 3, 2)
3
(61, 43)
-> Request 8
1112
(1, 1, 2)
2
(12, 45)
-> Request 9
1137
(1, 3, 2)
3
(15, 7)
-> Request 10
1433
(1, 3, 1)
2
(14, 40)
--> Day : 4
-> Request 0
313
(4, 2, 2)
3
(43, 39)
-> Request 1
322
(3, 1, 2)
2
(67, 65)
-> Request 2
741
(4, 3, 2)
1
(54, 64)
-> Request 3
829
(2, 3, 1)
2
(56, 76)
-> Request 4
1331
(1, 1, 2)
1
(64, 78)
