---> Week : 0
--> Day : 0
-> Request 0
496
(2, 2, 2)
1
(53, 66)
-> Request 1
705
(2, 1, 2)
2
(60, 40)
-> Request 2
740
(2, 1, 1)
1
(51, 45)
-> Request 3
811
(3, 1, 1)
3
(32, 57)
-> Request 4
1030
(4, 3, 2)
3
(43, 43)
-> Request 5
1148
(4, 3, 2)
2
(74, 62)
--> Day : 1
-> Request 0
61
(3, 2, 1)
3
(43, 31)
-> Request 1
95
(4, 2, 1)
2
(66, 69)
-> Request 2
176
(4, 3, 1)
1
(78, 74)
-> Request 3
429
(3, 2, 2)
2
(66, 72)
-> Request 4
1120
(2, 3, 1)
2
(75, 4)
--> Day : 2
-> Request 0
74
(2, 1, 2)
3
(77, 30)
-> Request 1
139
(2, 1, 1)
2
(60, 71)
-> Request 2
242
(3, 1, 1)
2
(12, 10)
-> Request 3
356
(1, 1, 2)
2
(57, 55)
-> Request 4
466
(2, 2, 2)
1
(53, 66)
-> Request 5
812
(4, 2, 2)
1
(44, 32)
-> Request 6
845
(4, 3, 1)
3
(63, 48)
-> Request 7
953
(2, 1, 1)
2
(56, 44)
-> Request 8
962
(3, 2, 1)
2
(3, 33)
-> Request 9
1044
(1, 3, 2)
1
(54, 35)
-> Request 10
1082
(1, 1, 1)
3
(14, 20)
-> Request 11
1389
(3, 1, 1)
1
(55, 66)
--> Day : 3
-> Request 0
261
(4, 1, 1)
2
(45, 36)
-> Request 1
772
(1, 3, 2)
1
(50, 39)
-> Request 2
1380
(4, 1, 1)
2
(59, 64)
--> Day : 4
-> Request 0
46
(1, 1, 2)
1
(56, 40)
-> Request 1
254
(4, 3, 2)
2
(48, 44)
-> Request 2
998
(4, 2, 1)
3
(59, 74)
-> Request 3
1060
(3, 3, 2)
1
(64, 24)
-> Request 4
1412
(1, 3, 2)
2
(52, 34)
---> Week : 1
--> Day : 0
-> Request 0
110
(1, 2, 2)
1
(62, 30)
-> Request 1
253
(2, 3, 1)
3
(67, 35)
-> Request 2
465
(3, 2, 2)
2
(48, 43)
-> Request 3
604
(4, 2, 2)
3
(79, 14)
-> Request 4
641
(3, 1, 1)
2
(69, 60)
-> Request 5
787
(3, 1, 2)
2
(61, 40)
-> Request 6
849
(4, 3, 2)
1
(60, 33)
--> Day : 1
-> Request 0
182
(2, 1, 2)
3
(52, 24)
-> Request 1
276
(3, 3, 1)
1
(25, 75)
-> Request 2
424
(2, 3, 1)
1
(60, 40)
-> Request 3
873
(4, 2, 2)
2
(31, 74)
-> Request 4
913
(3, 1, 2)
2
(8, 25)
-> Request 5
1152
(2, 1, 2)
3
(77, 55)
--> Day : 2
-> Request 0
100
(1, 1, 2)
2
(58, 42)
-> Request 1
554
(1, 1, 2)
1
(2, 5)
-> Request 2
554
(3, 3, 2)
1
(56, 66)
-> Request 3
659
(2, 3, 2)
3
(61, 42)
-> Request 4
712
(4, 1, 1)
3
(62, 64)
-> Request 5
742
(2, 3, 2)
1
(55, 34)
-> Request 6
744
(4, 1, 2)
1
(54, 72)
-> Request 7
1002
(2, 1, 2)
1
(56, 75)
-> Request 8
1198
(2, 1, 2)
1
(75, 29)
--> Day : 3
-> Request 0
469
(2, 2, 2)
2
(55, 40)
-> Request 1
538
(4, 1, 2)
3
(54, 37)
-> Request 2
550
(1, 2, 1)
2
(49, 79)
-> Request 3
1322
(4, 3, 1)
3
(60, 69)
--> Day : 4
-> Request 0
111
(4, 2, 1)
2
(57, 41)
-> Request 1
258
(1, 2, 2)
3
(55, 30)
-> Request 2
811
(3, 2, 2)
2
(27, 52)
-> Request 3
1342
(1, 1, 2)
2
(77, 31)
---> Week : 2
--> Day : 0
-> Request 0
64
(1, 3, 2)
1
(17, 54)
-> Request 1
751
(2, 2, 2)
3
(49, 53)
-> Request 2
1021
(2, 2, 2)
3
(49, 29)
-> Request 3
1409
(3, 1, 1)
1
(10, 44)
-> Request 4
1418
(3, 2, 1)
3
(72, 28)
--> Day : 1
-> Request 0
143
(3, 2, 2)
2
(38, 77)
-> Request 1
352
(3, 2, 1)
2
(0, 30)
-> Request 2
514
(4, 1, 1)
3
(74, 73)
-> Request 3
1409
(4, 2, 2)
2
(10, 49)
--> Day : 2
-> Request 0
61
(2, 3, 1)
2
(56, 68)
-> Request 1
568
(3, 2, 1)
1
(30, 58)
-> Request 2
844
(4, 1, 2)
2
(11, 20)
-> Request 3
966
(3, 2, 1)
1
(14, 29)
--> Day : 3
-> Request 0
25
(2, 3, 1)
3
(49, 34)
-> Request 1
109
(2, 2, 2)
2
(18, 57)
-> Request 2
127
(2, 1, 2)
3
(48, 38)
-> Request 3
713
(2, 2, 2)
2
(71, 14)
-> Request 4
904
(4, 2, 2)
2
(61, 44)
-> Request 5
999
(3, 2, 2)
1
(51, 48)
-> Request 6
1141
(2, 1, 2)
2
(42, 43)
-> Request 7
1246
(3, 2, 2)
1
(77, 74)
-> Request 8
1312
(1, 3, 1)
2
(60, 72)
--> Day : 4
-> Request 0
24
(2, 1, 2)
1
(61, 34)
-> Request 1
71
(1, 3, 1)
2
(45, 38)
-> Request 2
159
(2, 3, 2)
3
(53, 28)
-> Request 3
452
(2, 1, 1)
1
(62, 73)
-> Request 4
877
(2, 1, 1)
3
(14, 35)
-> Request 5
1104
(3, 3, 1)
1
(57, 32)
-> Request 6
1210
(1, 2, 2)
3
(14, 23)
-> Request 7
1349
(3, 1, 1)
2
(52, 29)
---> Week : 3
--> Day : 0
-> Request 0
46
(3, 1, 1)
2
(34, 7)
-> Request 1
655
(4, 2, 2)
3
(49, 32)
-> Request 2
747
(2, 2, 2)
3
(30, 73)
-> Request 3
812
(4, 2, 1)
2
(15, 29)
-> Request 4
829
(3, 1, 1)
1
(53, 70)
-> Request 5
1355
(3, 3, 2)
1
(45, 30)
-> Request 6
1363
(3, 3, 2)
2
(17, 26)
-> Request 7
1381
(3, 3, 1)
3
(47, 41)
--> Day : 1
-> Request 0
352
(2, 3, 2)
3
(58, 31)
-> Request 1
564
(2, 1, 1)
3
(5, 25)
-> Request 2
884
(4, 2, 2)
2
(70, 59)
-> Request 3
924
(4, 2, 2)
2
(48, 40)
-> Request 4
946
(1, 3, 1)
1
(53, 39)
-> Request 5
1401
(4, 3, 1)
3
(12, 20)
--> Day : 2
-> Request 0
180
(3, 3, 2)
1
(27, 55)
-> Request 1
824
(1, 2, 1)
1
(60, 44)
-> Request 2
839
(2, 2, 2)
3
(1, 47)
-> Request 3
1165
(2, 2, 2)
2
(62, 60)
--> Day : 3
-> Request 0
0
(3, 2, 1)
3
(46, 31)
-> Request 1
329
(1, 3, 2)
3
(25, 3)
-> Request 2
677
(4, 3, 1)
2
(22, 11)
-> Request 3
689
(1, 1, 1)
1
(21, 37)
-> Request 4
757
(4, 2, 1)
3
(60, 43)
-> Request 5
930
(4, 3, 2)
2
(19, 62)
-> Request 6
942
(1, 2, 1)
1
(48, 39)
-> Request 7
1221
(3, 2, 2)
2
(47, 30)
-> Request 8
1277
(4, 1, 1)
2
(9, 27)
--> Day : 4
-> Request 0
15
(4, 1, 1)
2
(31, 57)
-> Request 1
224
(2, 3, 2)
1
(45, 76)
-> Request 2
270
(1, 1, 1)
2
(76, 51)
-> Request 3
365
(3, 3, 1)
3
(59, 32)
-> Request 4
912
(2, 2, 1)
1
(29, 65)
-> Request 5
1277
(4, 3, 2)
2
(60, 72)
---> Week : 4
--> Day : 0
-> Request 0
13
(1, 2, 1)
3
(34, 73)
-> Request 1
562
(4, 2, 2)
2
(60, 33)
-> Request 2
785
(2, 1, 1)
1
(53, 41)
-> Request 3
983
(1, 3, 1)
2
(58, 41)
--> Day : 1
-> Request 0
28
(1, 1, 1)
2
(2, 19)
-> Request 1
105
(1, 1, 2)
3
(58, 27)
-> Request 2
462
(4, 3, 1)
1
(64, 73)
-> Request 3
491
(3, 2, 2)
2
(49, 32)
-> Request 4
509
(1, 3, 2)
3
(53, 46)
-> Request 5
655
(2, 2, 1)
1
(61, 28)
-> Request 6
817
(1, 2, 1)
1
(2, 19)
-> Request 7
1078
(3, 3, 1)
1
(16, 20)
-> Request 8
1382
(1, 3, 1)
3
(33, 32)
--> Day : 2
-> Request 0
73
(2, 3, 1)
1
(75, 27)
-> Request 1
221
(3, 2, 1)
1
(74, 2)
-> Request 2
345
(2, 2, 2)
3
(12, 21)
-> Request 3
985
(4, 2, 1)
1
(12, 51)
-> Request 4
1382
(2, 2, 1)
2
(45, 50)
--> Day : 3
-> Request 0
378
(2, 2, 1)
3
(71, 21)
-> Request 1
616
(2, 3, 2)
3
(66, 69)
-> Request 2
645
(3, 1, 1)
1
(8, 22)
-> Request 3
1363
(1, 1, 2)
1
(65, 66)
--> Day : 4
-> Request 0
148
(1, 2, 1)
2
(61, 76)
-> Request 1
223
(2, 2, 2)
3
(16, 26)
-> Request 2
508
(2, 3, 2)
2
(9, 25)
-> Request 3
1022
(2, 2, 1)
1
(55, 43)
---> Week : 5
--> Day : 0
-> Request 0
1136
(3, 2, 1)
1
(44, 42)
-> Request 1
1176
(2, 2, 1)
3
(21, 8)
-> Request 2
1293
(2, 1, 2)
2
(31, 2)
-> Request 3
1423
(2, 1, 2)
2
(52, 43)
--> Day : 1
-> Request 0
43
(1, 2, 2)
2
(34, 71)
-> Request 1
581
(3, 1, 2)
1
(8, 24)
-> Request 2
955
(1, 1, 1)
3
(57, 39)
-> Request 3
1118
(4, 2, 2)
3
(52, 32)
-> Request 4
1196
(1, 1, 1)
3
(31, 53)
-> Request 5
1381
(1, 1, 1)
1
(56, 76)
--> Day : 2
-> Request 0
117
(4, 1, 2)
3
(13, 21)
-> Request 1
159
(2, 1, 1)
2
(45, 43)
-> Request 2
263
(2, 3, 2)
2
(0, 21)
-> Request 3
288
(3, 1, 1)
3
(62, 77)
-> Request 4
720
(4, 1, 2)
2
(4, 36)
-> Request 5
765
(1, 2, 1)
1
(51, 36)
-> Request 6
1208
(1, 3, 2)
1
(71, 45)
-> Request 7
1231
(1, 3, 1)
2
(51, 40)
-> Request 8
1433
(2, 1, 1)
2
(10, 3)
--> Day : 3
-> Request 0
154
(4, 3, 2)
2
(75, 54)
-> Request 1
254
(4, 2, 1)
2
(56, 33)
-> Request 2
348
(4, 1, 1)
1
(71, 13)
-> Request 3
1079
(1, 3, 1)
1
(43, 28)
-> Request 4
1333
(3, 1, 1)
1
(43, 34)
--> Day : 4
-> Request 0
90
(2, 3, 2)
3
(62, 61)
-> Request 1
251
(1, 2, 2)
1
(43, 45)
-> Request 2
467
(4, 2, 2)
2
(52, 39)
-> Request 3
660
(4, 3, 2)
2
(46, 38)
-> Request 4
739
(3, 3, 1)
3
(43, 40)
---> Week : 6
--> Day : 0
-> Request 0
518
(2, 3, 2)
1
(59, 69)
-> Request 1
560
(2, 3, 1)
1
(52, 29)
-> Request 2
733
(1, 1, 1)
3
(30, 72)
-> Request 3
913
(2, 3, 2)
2
(15, 28)
-> Request 4
1133
(3, 1, 2)
1
(49, 64)
-> Request 5
1208
(1, 1, 2)
1
(27, 22)
--> Day : 1
-> Request 0
48
(2, 1, 2)
1
(79, 73)
-> Request 1
308
(3, 3, 1)
2
(43, 29)
-> Request 2
524
(3, 1, 2)
1
(0, 31)
-> Request 3
1302
(2, 3, 1)
2
(55, 41)
--> Day : 2
-> Request 0
431
(4, 1, 2)
1
(34, 24)
-> Request 1
1022
(2, 1, 2)
3
(58, 66)
-> Request 2
1410
(1, 2, 2)
3
(51, 34)
--> Day : 3
-> Request 0
207
(1, 3, 2)
3
(60, 64)
-> Request 1
315
(3, 3, 2)
2
(62, 67)
-> Request 2
368
(3, 3, 2)
2
(61, 42)
-> Request 3
402
(2, 3, 1)
3
(5, 31)
-> Request 4
404
(3, 1, 1)
1
(0, 14)
-> Request 5
666
(2, 2, 2)
1
(61, 68)
-> Request 6
731
(4, 2, 1)
3
(62, 78)
-> Request 7
1382
(1, 1, 1)
3
(27, 28)
-> Request 8
1391
(2, 3, 1)
1
(55, 70)
--> Day : 4
-> Request 0
147
(2, 1, 1)
3
(62, 73)
-> Request 1
157
(1, 1, 1)
3
(38, 42)
-> Request 2
716
(4, 1, 1)
3
(46, 46)
-> Request 3
781
(1, 3, 1)
2
(13, 20)
---> Week : 7
--> Day : 0
-> Request 0
167
(1, 1, 1)
3
(23, 76)
-> Request 1
533
(4, 3, 2)
1
(58, 31)
-> Request 2
558
(2, 2, 2)
3
(47, 42)
-> Request 3
1018
(1, 2, 2)
3
(9, 28)
-> Request 4
1140
(2, 2, 1)
3
(22, 53)
--> Day : 1
-> Request 0
49
(1, 1, 1)
2
(44, 39)
-> Request 1
169
(2, 3, 1)
2
(10, 23)
-> Request 2
235
(2, 3, 2)
2
(16, 25)
-> Request 3
280
(3, 2, 1)
1
(59, 75)
-> Request 4
683
(2, 3, 2)
3
(15, 70)
-> Request 5
683
(3, 3, 2)
1
(47, 46)
-> Request 6
763
(2, 3, 2)
2
(61, 75)
-> Request 7
879
(3, 2, 2)
1
(64, 25)
-> Request 8
879
(4, 2, 2)
3
(36, 46)
-> Request 9
996
(3, 1, 2)
3
(53, 46)
-> Request 10
1207
(1, 1, 2)
3
(52, 29)
--> Day : 2
-> Request 0
58
(1, 3, 2)
1
(43, 31)
-> Request 1
729
(2, 1, 1)
3
(52, 69)
-> Request 2
861
(1, 1, 1)
3
(56, 42)
-> Request 3
880
(1, 2, 1)
2
(22, 62)
-> Request 4
1001
(1, 3, 2)
1
(46, 46)
-> Request 5
1005
(2, 1, 2)
1
(10, 26)
-> Request 6
1164
(2, 2, 2)
2
(22, 9)
-> Request 7
1262
(2, 2, 1)
1
(60, 49)
-> Request 8
1369
(1, 2, 1)
2
(44, 26)
-> Request 9
1389
(2, 3, 2)
1
(52, 78)
--> Day : 3
-> Request 0
251
(4, 3, 1)
2
(35, 72)
-> Request 1
1228
(2, 1, 2)
2
(6, 53)
-> Request 2
1265
(1, 3, 1)
3
(24, 2)
-> Request 3
1392
(4, 3, 1)
1
(62, 65)
-> Request 4
1407
(2, 1, 2)
1
(3, 56)
--> Day : 4
-> Request 0
669
(4, 1, 1)
3
(43, 45)
-> Request 1
1242
(4, 3, 1)
2
(38, 29)
-> Request 2
1285
(2, 2, 2)
2
(9, 67)
-> Request 3
1422
(4, 3, 2)
2
(71, 58)
---> Week : 8
--> Day : 0
-> Request 0
98
(1, 1, 2)
2
(13, 9)
-> Request 1
746
(2, 1, 1)
3
(8, 13)
-> Request 2
948
(3, 2, 1)
3
(63, 71)
-> Request 3
1060
(1, 1, 1)
3
(57, 55)
-> Request 4
1213
(2, 3, 1)
2
(70, 9)
--> Day : 1
-> Request 0
480
(2, 3, 2)
3
(47, 36)
-> Request 1
651
(1, 1, 2)
3
(10, 28)
-> Request 2
874
(4, 1, 1)
1
(25, 42)
-> Request 3
1248
(3, 1, 1)
1
(54, 66)
--> Day : 2
-> Request 0
31
(3, 2, 2)
3
(73, 11)
-> Request 1
243
(3, 1, 2)
2
(7, 70)
-> Request 2
450
(4, 2, 1)
3
(54, 44)
-> Request 3
470
(4, 2, 1)
2
(15, 27)
-> Request 4
1214
(2, 2, 2)
2
(13, 21)
-> Request 5
1240
(4, 3, 1)
2
(64, 71)
-> Request 6
1429
(3, 2, 1)
2
(54, 72)
--> Day : 3
-> Request 0
921
(2, 1, 1)
2
(63, 76)
-> Request 1
1311
(3, 2, 2)
3
(63, 66)
--> Day : 4
-> Request 0
76
(1, 2, 1)
1
(60, 4)
-> Request 1
300
(2, 1, 1)
1
(51, 39)
-> Request 2
510
(4, 2, 2)
3
(31, 34)
-> Request 3
582
(3, 3, 1)
3
(29, 49)
-> Request 4
654
(2, 2, 2)
1
(7, 63)
-> Request 5
843
(2, 2, 2)
3
(33, 45)
-> Request 6
1195
(4, 1, 1)
2
(72, 5)
-> Request 7
1270
(1, 2, 2)
1
(14, 12)
---> Week : 9
--> Day : 0
-> Request 0
226
(2, 2, 2)
3
(12, 26)
-> Request 1
327
(3, 3, 1)
3
(0, 0)
-> Request 2
456
(2, 2, 1)
1
(66, 64)
-> Request 3
852
(2, 1, 2)
2
(45, 32)
-> Request 4
909
(1, 1, 2)
1
(77, 70)
-> Request 5
917
(2, 1, 1)
1
(30, 20)
-> Request 6
938
(2, 1, 2)
2
(48, 40)
-> Request 7
1329
(3, 1, 1)
2
(65, 62)
-> Request 8
1390
(4, 3, 2)
3
(16, 29)
-> Request 9
1404
(4, 3, 2)
2
(0, 9)
--> Day : 1
-> Request 0
211
(1, 3, 1)
2
(62, 43)
-> Request 1
574
(1, 2, 2)
1
(43, 42)
-> Request 2
732
(1, 1, 1)
1
(29, 3)
-> Request 3
897
(4, 3, 2)
3
(63, 67)
-> Request 4
1219
(3, 2, 1)
1
(48, 27)
--> Day : 2
-> Request 0
140
(3, 3, 1)
1
(47, 45)
-> Request 1
145
(2, 2, 2)
2
(75, 22)
-> Request 2
157
(3, 3, 1)
3
(12, 29)
-> Request 3
182
(2, 3, 2)
1
(42, 29)
-> Request 4
426
(4, 3, 2)
3
(2, 55)
-> Request 5
969
(2, 1, 1)
1
(55, 32)
-> Request 6
1220
(1, 1, 1)
3
(55, 25)
-> Request 7
1228
(3, 1, 1)
3
(75, 62)
-> Request 8
1284
(3, 2, 1)
1
(77, 11)
-> Request 9
1378
(1, 3, 2)
3
(60, 64)
--> Day : 3
-> Request 0
3
(4, 1, 1)
3
(55, 44)
-> Request 1
161
(2, 3, 1)
1
(4, 57)
-> Request 2
272
(1, 1, 1)
2
(61, 76)
-> Request 3
380
(1, 1, 1)
1
(46, 46)
-> Request 4
962
(1, 1, 1)
1
(52, 67)
-> Request 5
1249
(2, 3, 2)
1
(14, 21)
-> Request 6
1408
(4, 3, 1)
2
(66, 73)
--> Day : 4
-> Request 0
57
(2, 2, 2)
2
(18, 73)
-> Request 1
101
(2, 3, 2)
3
(50, 32)
-> Request 2
158
(3, 3, 2)
2
(59, 71)
-> Request 3
430
(1, 1, 2)
1
(62, 69)
-> Request 4
498
(4, 2, 2)
3
(70, 56)
-> Request 5
518
(4, 3, 1)
2
(67, 21)
-> Request 6
1081
(2, 3, 1)
1
(73, 15)
-> Request 7
1136
(4, 2, 1)
1
(54, 29)
-> Request 8
1305
(2, 3, 1)
2
(45, 43)
---> Week : 10
--> Day : 0
-> Request 0
15
(1, 3, 2)
2
(68, 69)
-> Request 1
132
(1, 2, 1)
3
(53, 40)
-> Request 2
318
(1, 3, 1)
2
(43, 33)
-> Request 3
435
(3, 3, 1)
2
(66, 2)
-> Request 4
648
(3, 1, 1)
1
(12, 25)
-> Request 5
876
(3, 1, 2)
1
(69, 44)
-> Request 6
939
(2, 2, 1)
1
(50, 35)
-> Request 7
1115
(3, 1, 1)
2
(36, 69)
-> Request 8
1330
(1, 2, 2)
3
(2, 30)
--> Day : 1
-> Request 0
104
(1, 3, 2)
3
(11, 29)
-> Request 1
116
(3, 2, 1)
2
(6, 14)
-> Request 2
862
(1, 1, 1)
2
(22, 57)
-> Request 3
1010
(2, 2, 1)
3
(10, 31)
-> Request 4
1314
(3, 3, 2)
2
(42, 43)
-> Request 5
1373
(4, 3, 1)
1
(49, 30)
--> Day : 2
-> Request 0
88
(4, 2, 2)
1
(62, 73)
-> Request 1
438
(4, 1, 2)
2
(61, 42)
-> Request 2
851
(2, 3, 1)
3
(58, 39)
-> Request 3
921
(4, 3, 1)
1
(56, 38)
-> Request 4
1062
(2, 3, 1)
2
(57, 52)
-> Request 5
1267
(2, 3, 2)
1
(13, 20)
-> Request 6
1349
(2, 3, 1)
2
(44, 43)
-> Request 7
1367
(2, 3, 2)
2
(46, 67)
--> Day : 3
-> Request 0
47
(3, 3, 2)
1
(19, 78)
-> Request 1
127
(4, 2, 1)
1
(61, 46)
-> Request 2
588
(4, 1, 2)
2
(31, 22)
-> Request 3
609
(2, 1, 2)
3
(11, 29)
-> Request 4
1114
(3, 3, 1)
3
(22, 54)
-> Request 5
1160
(3, 2, 2)
1
(71, 79)
-> Request 6
1170
(3, 2, 1)
2
(63, 72)
-> Request 7
1262
(1, 1, 2)
1
(28, 33)
-> Request 8
1381
(3, 1, 2)
1
(51, 54)
--> Day : 4
-> Request 0
84
(1, 2, 1)
3
(8, 26)
-> Request 1
533
(4, 3, 1)
3
(57, 27)
-> Request 2
599
(1, 1, 2)
2
(11, 19)
-> Request 3
618
(1, 2, 1)
2
(48, 10)
-> Request 4
683
(2, 1, 2)
2
(56, 46)
-> Request 5
1259
(4, 1, 2)
2
(64, 69)
-> Request 6
1314
(4, 3, 2)
2
(43, 14)
---> Week : 11
--> Day : 0
-> Request 0
1002
(3, 3, 2)
1
(63, 69)
-> Request 1
1070
(3, 1, 1)
1
(12, 18)
--> Day : 1
-> Request 0
401
(1, 1, 1)
2
(14, 28)
-> Request 1
484
(2, 2, 1)
3
(61, 68)
-> Request 2
1291
(3, 1, 2)
2
(49, 29)
-> Request 3
1345
(3, 2, 1)
1
(3, 68)
--> Day : 2
-> Request 0
595
(1, 1, 1)
1
(50, 30)
-> Request 1
607
(4, 2, 1)
2
(68, 33)
-> Request 2
936
(4, 1, 1)
3
(68, 6)
-> Request 3
952
(2, 2, 1)
3
(58, 38)
--> Day : 3
-> Request 0
4
(1, 3, 2)
1
(19, 52)
-> Request 1
10
(1, 3, 1)
3
(49, 40)
-> Request 2
319
(2, 2, 2)
3
(56, 42)
-> Request 3
496
(2, 1, 1)
3
(46, 36)
-> Request 4
795
(3, 2, 1)
1
(76, 58)
-> Request 5
941
(2, 3, 2)
2
(55, 25)
-> Request 6
1288
(2, 1, 2)
1
(13, 2)
-> Request 7
1426
(2, 2, 1)
3
(16, 20)
--> Day : 4
-> Request 0
385
(1, 3, 1)
2
(62, 66)
-> Request 1
516
(2, 2, 2)
2
(46, 41)
-> Request 2
532
(3, 3, 2)
3
(58, 20)
-> Request 3
588
(1, 2, 1)
1
(5, 46)
-> Request 4
927
(2, 3, 2)
1
(56, 43)
---> Week : 12
--> Day : 0
-> Request 0
271
(3, 3, 1)
1
(53, 25)
-> Request 1
482
(2, 2, 1)
3
(51, 34)
-> Request 2
896
(2, 2, 1)
2
(74, 25)
-> Request 3
979
(3, 3, 2)
2
(57, 31)
-> Request 4
1166
(2, 1, 2)
3
(51, 24)
-> Request 5
1330
(4, 1, 2)
2
(15, 76)
--> Day : 1
-> Request 0
30
(4, 2, 2)
2
(71, 32)
-> Request 1
62
(3, 2, 1)
1
(15, 55)
-> Request 2
191
(1, 2, 1)
3
(55, 12)
-> Request 3
270
(3, 3, 2)
2
(8, 67)
-> Request 4
319
(4, 1, 1)
1
(44, 45)
-> Request 5
403
(4, 1, 1)
3
(51, 37)
-> Request 6
697
(4, 3, 2)
2
(64, 53)
-> Request 7
975
(1, 2, 1)
3
(44, 41)
--> Day : 2
-> Request 0
58
(4, 2, 2)
1
(13, 13)
-> Request 1
279
(3, 3, 1)
1
(44, 35)
-> Request 2
501
(1, 3, 1)
3
(78, 76)
-> Request 3
589
(4, 2, 2)
3
(16, 24)
-> Request 4
711
(2, 2, 1)
3
(70, 16)
-> Request 5
834
(3, 1, 2)
3
(77, 27)
-> Request 6
1225
(2, 1, 2)
2
(42, 27)
-> Request 7
1410
(4, 3, 2)
2
(1, 70)
--> Day : 3
-> Request 0
35
(1, 3, 1)
2
(54, 46)
-> Request 1
301
(3, 2, 1)
3
(53, 75)
-> Request 2
688
(4, 3, 1)
3
(74, 35)
-> Request 3
697
(2, 2, 2)
3
(54, 76)
-> Request 4
941
(1, 2, 2)
1
(21, 67)
-> Request 5
1175
(4, 2, 2)
3
(15, 34)
--> Day : 4
-> Request 0
482
(1, 1, 1)
3
(47, 34)
-> Request 1
908
(3, 1, 1)
1
(4, 30)
-> Request 2
953
(1, 2, 1)
3
(13, 30)
-> Request 3
1165
(2, 3, 1)
2
(44, 33)
-> Request 4
1225
(1, 1, 2)
1
(66, 67)
---> Week : 13
--> Day : 0
-> Request 0
89
(4, 1, 2)
1
(79, 54)
-> Request 1
185
(3, 1, 1)
3
(58, 69)
-> Request 2
370
(4, 3, 1)
1
(57, 35)
-> Request 3
466
(4, 1, 2)
2
(14, 27)
-> Request 4
769
(4, 3, 2)
2
(66, 35)
-> Request 5
860
(4, 3, 2)
1
(62, 43)
-> Request 6
1322
(2, 1, 1)
1
(72, 3)
--> Day : 1
-> Request 0
15
(2, 1, 2)
1
(64, 65)
-> Request 1
165
(2, 3, 1)
2
(71, 44)
-> Request 2
513
(2, 1, 2)
3
(17, 27)
-> Request 3
915
(2, 2, 1)
3
(62, 19)
-> Request 4
1098
(4, 1, 2)
3
(12, 33)
--> Day : 2
-> Request 0
488
(4, 2, 2)
2
(64, 44)
-> Request 1
491
(3, 3, 1)
2
(17, 37)
-> Request 2
899
(2, 2, 1)
2
(59, 42)
-> Request 3
1295
(1, 3, 1)
1
(60, 76)
-> Request 4
1344
(3, 1, 2)
1
(59, 39)
--> Day : 3
-> Request 0
168
(2, 2, 2)
2
(66, 64)
-> Request 1
765
(4, 1, 2)
1
(17, 23)
-> Request 2
960
(3, 2, 1)
3
(61, 77)
-> Request 3
1129
(2, 3, 1)
2
(49, 41)
-> Request 4
1327
(3, 1, 2)
3
(10, 28)
--> Day : 4
-> Request 0
18
(3, 3, 2)
3
(47, 28)
-> Request 1
1086
(3, 2, 2)
1
(47, 38)
-> Request 2
1370
(3, 1, 2)
2
(57, 65)
---> Week : 14
--> Day : 0
-> Request 0
395
(1, 2, 1)
2
(55, 31)
-> Request 1
569
(2, 2, 2)
1
(62, 41)
-> Request 2
620
(1, 3, 1)
3
(45, 33)
-> Request 3
785
(4, 1, 2)
1
(48, 19)
-> Request 4
1073
(3, 1, 1)
3
(16, 60)
-> Request 5
1189
(3, 3, 2)
3
(56, 71)
-> Request 6
1210
(4, 2, 1)
1
(63, 78)
-> Request 7
1373
(1, 1, 2)
3
(49, 42)
-> Request 8
1413
(1, 3, 2)
1
(17, 18)
--> Day : 1
-> Request 0
79
(1, 2, 1)
3
(53, 41)
-> Request 1
418
(1, 2, 2)
2
(43, 45)
-> Request 2
508
(2, 2, 2)
2
(45, 5)
-> Request 3
884
(3, 1, 2)
2
(16, 25)
-> Request 4
1295
(3, 3, 2)
2
(39, 64)
--> Day : 2
-> Request 0
234
(4, 3, 1)
1
(60, 72)
-> Request 1
807
(4, 2, 1)
1
(61, 6)
-> Request 2
1217
(2, 1, 2)
2
(48, 39)
-> Request 3
1298
(3, 3, 2)
1
(54, 34)
-> Request 4
1298
(3, 2, 1)
3
(71, 37)
--> Day : 3
-> Request 0
1424
(1, 1, 1)
2
(61, 45)
--> Day : 4
-> Request 0
273
(3, 2, 2)
1
(11, 59)
-> Request 1
646
(1, 1, 2)
1
(43, 6)
-> Request 2
977
(2, 1, 1)
3
(58, 32)
-> Request 3
1136
(3, 2, 2)
3
(52, 78)
---> Week : 15
--> Day : 0
-> Request 0
7
(1, 2, 1)
1
(52, 36)
-> Request 1
219
(4, 2, 1)
2
(58, 77)
-> Request 2
469
(1, 1, 1)
1
(49, 34)
-> Request 3
843
(4, 2, 1)
1
(52, 73)
-> Request 4
876
(1, 2, 2)
1
(60, 35)
-> Request 5
1036
(1, 1, 2)
2
(54, 31)
-> Request 6
1172
(4, 1, 2)
1
(50, 44)
--> Day : 1
-> Request 0
92
(3, 3, 1)
2
(60, 34)
-> Request 1
196
(3, 3, 2)
2
(1, 3)
-> Request 2
474
(3, 2, 2)
1
(49, 37)
-> Request 3
524
(4, 3, 1)
3
(55, 45)
-> Request 4
539
(4, 2, 2)
1
(46, 44)
-> Request 5
647
(1, 1, 1)
3
(54, 39)
--> Day : 2
-> Request 0
36
(3, 1, 2)
3
(73, 1)
-> Request 1
484
(4, 2, 1)
1
(53, 64)
-> Request 2
659
(3, 3, 2)
3
(62, 77)
-> Request 3
944
(1, 1, 2)
2
(61, 36)
-> Request 4
962
(1, 2, 2)
2
(45, 40)
-> Request 5
1022
(4, 3, 1)
2
(77, 3)
-> Request 6
1032
(1, 3, 1)
3
(40, 7)
-> Request 7
1119
(2, 1, 1)
2
(3, 52)
-> Request 8
1283
(3, 2, 2)
3
(52, 41)
--> Day : 3
-> Request 0
37
(4, 1, 2)
2
(58, 70)
-> Request 1
284
(1, 1, 1)
3
(50, 38)
-> Request 2
494
(3, 1, 2)
2
(53, 35)
-> Request 3
554
(1, 3, 1)
3
(77, 28)
-> Request 4
846
(1, 2, 2)
2
(61, 68)
-> Request 5
1246
(1, 2, 1)
1
(18, 44)
-> Request 6
1415
(3, 1, 1)
1
(54, 70)
--> Day : 4
-> Request 0
240
(2, 2, 1)
2
(62, 64)
-> Request 1
263
(2, 1, 2)
3
(47, 43)
-> Request 2
327
(3, 3, 1)
2
(12, 18)
-> Request 3
770
(2, 1, 2)
1
(73, 14)
---> Week : 16
--> Day : 0
-> Request 0
67
(3, 2, 2)
3
(56, 30)
-> Request 1
366
(1, 1, 2)
1
(51, 65)
-> Request 2
727
(1, 3, 1)
2
(53, 44)
-> Request 3
760
(1, 2, 1)
1
(56, 72)
--> Day : 1
-> Request 0
300
(2, 3, 1)
1
(51, 33)
-> Request 1
322
(3, 3, 1)
3
(22, 57)
-> Request 2
344
(4, 3, 1)
3
(6, 63)
-> Request 3
1066
(1, 2, 1)
3
(60, 42)
-> Request 4
1127
(1, 2, 1)
2
(13, 22)
-> Request 5
1127
(3, 1, 2)
3
(2, 35)
-> Request 6
1167
(2, 1, 2)
1
(40, 6)
--> Day : 2
-> Request 0
55
(1, 2, 1)
3
(40, 71)
-> Request 1
453
(2, 1, 1)
3
(61, 73)
-> Request 2
567
(4, 3, 2)
1
(53, 77)
-> Request 3
652
(3, 1, 1)
2
(19, 42)
-> Request 4
858
(4, 1, 2)
1
(8, 33)
-> Request 5
1401
(2, 3, 2)
2
(55, 78)
--> Day : 3
-> Request 0
62
(2, 3, 2)
1
(10, 29)
-> Request 1
83
(1, 3, 1)
1
(40, 53)
-> Request 2
136
(1, 2, 2)
3
(75, 26)
-> Request 3
314
(2, 2, 1)
3
(56, 75)
-> Request 4
567
(4, 3, 1)
2
(66, 65)
-> Request 5
722
(4, 1, 2)
1
(65, 75)
-> Request 6
974
(1, 3, 2)
3
(45, 35)
-> Request 7
1135
(2, 2, 2)
3
(21, 75)
--> Day : 4
-> Request 0
90
(3, 3, 1)
1
(15, 29)
-> Request 1
410
(4, 2, 1)
2
(32, 35)
-> Request 2
493
(4, 1, 1)
2
(53, 77)
-> Request 3
733
(3, 1, 1)
1
(54, 79)
-> Request 4
1184
(4, 3, 1)
2
(29, 48)
-> Request 5
1242
(1, 1, 2)
3
(42, 59)
-> Request 6
1434
(3, 3, 2)
2
(74, 4)
---> Week : 17
--> Day : 0
-> Request 0
79
(2, 1, 1)
1
(53, 78)
-> Request 1
302
(3, 1, 1)
2
(45, 41)
-> Request 2
1222
(3, 3, 1)
1
(64, 66)
-> Request 3
1238
(3, 3, 1)
2
(50, 27)
--> Day : 1
-> Request 0
98
(2, 2, 1)
3
(9, 21)
-> Request 1
180
(4, 3, 2)
3
(71, 21)
-> Request 2
239
(1, 3, 1)
2
(57, 35)
-> Request 3
319
(4, 2, 1)
3
(79, 70)
-> Request 4
636
(3, 2, 1)
2
(45, 63)
-> Request 5
683
(2, 2, 1)
1
(67, 53)
-> Request 6
723
(3, 3, 2)
1
(53, 27)
-> Request 7
927
(2, 1, 2)
3
(43, 45)
-> Request 8
1023
(2, 2, 2)
2
(14, 3)
-> Request 9
1159
(2, 2, 1)
1
(26, 77)
--> Day : 2
-> Request 0
1188
(4, 1, 1)
2
(47, 29)
-> Request 1
1316
(4, 3, 1)
2
(50, 28)
--> Day : 3
-> Request 0
1164
(1, 1, 2)
2
(50, 43)
-> Request 1
1360
(4, 2, 2)
2
(49, 31)
--> Day : 4
-> Request 0
143
(1, 3, 2)
1
(52, 31)
-> Request 1
376
(2, 2, 1)
3
(45, 34)
-> Request 2
462
(4, 2, 1)
2
(5, 39)
-> Request 3
486
(4, 1, 1)
1
(52, 41)
-> Request 4
735
(1, 3, 2)
2
(17, 35)
-> Request 5
1311
(1, 2, 1)
3
(55, 46)
-> Request 6
1367
(2, 1, 1)
1
(50, 39)
---> Week : 18
--> Day : 0
-> Request 0
3
(1, 3, 2)
1
(12, 27)
-> Request 1
294
(4, 3, 2)
1
(48, 37)
-> Request 2
336
(3, 2, 2)
3
(46, 30)
-> Request 3
578
(3, 2, 1)
3
(57, 70)
-> Request 4
800
(4, 2, 1)
2
(46, 70)
--> Day : 1
-> Request 0
199
(4, 1, 1)
2
(22, 19)
-> Request 1
552
(3, 3, 2)
1
(67, 20)
-> Request 2
602
(2, 3, 2)
1
(63, 66)
-> Request 3
790
(1, 3, 1)
3
(43, 32)
-> Request 4
834
(3, 3, 2)
2
(43, 42)
-> Request 5
1005
(3, 3, 2)
1
(58, 5)
-> Request 6
1347
(4, 1, 2)
1
(9, 24)
-> Request 7
1376
(4, 3, 2)
2
(56, 34)
--> Day : 2
-> Request 0
185
(1, 2, 2)
3
(66, 74)
-> Request 1
205
(4, 3, 2)
3
(10, 21)
-> Request 2
210
(2, 1, 1)
3
(25, 16)
-> Request 3
483
(1, 3, 1)
2
(59, 72)
-> Request 4
583
(2, 3, 1)
1
(42, 65)
--> Day : 3
-> Request 0
750
(2, 1, 1)
2
(59, 68)
-> Request 1
773
(3, 1, 2)
3
(66, 77)
-> Request 2
1414
(1, 2, 2)
2
(56, 77)
--> Day : 4
-> Request 0
119
(3, 2, 2)
1
(77, 49)
-> Request 1
335
(3, 1, 2)
3
(48, 55)
-> Request 2
429
(3, 1, 1)
1
(46, 27)
-> Request 3
755
(1, 1, 2)
1
(46, 0)
-> Request 4
788
(1, 2, 1)
1
(8, 28)
-> Request 5
875
(2, 3, 2)
1
(12, 13)
-> Request 6
904
(3, 2, 2)
2
(55, 29)
-> Request 7
997
(1, 3, 1)
2
(49, 61)
-> Request 8
1166
(4, 2, 2)
3
(58, 4)
---> Week : 19
--> Day : 0
-> Request 0
135
(2, 1, 2)
1
(37, 50)
-> Request 1
860
(3, 2, 2)
3
(11, 40)
-> Request 2
938
(4, 2, 2)
2
(52, 21)
-> Request 3
1229
(2, 3, 2)
3
(42, 9)
-> Request 4
1347
(3, 2, 1)
2
(56, 41)
--> Day : 1
-> Request 0
336
(2, 3, 1)
3
(54, 12)
-> Request 1
393
(2, 1, 1)
3
(75, 13)
-> Request 2
510
(3, 2, 2)
3
(57, 53)
-> Request 3
531
(3, 3, 1)
2
(72, 40)
-> Request 4
1220
(2, 3, 1)
3
(45, 73)
--> Day : 2
-> Request 0
142
(3, 2, 2)
3
(10, 20)
-> Request 1
806
(3, 3, 2)
2
(75, 32)
-> Request 2
825
(1, 3, 1)
1
(56, 37)
-> Request 3
892
(3, 2, 2)
1
(46, 29)
-> Request 4
919
(4, 3, 1)
1
(46, 32)
--> Day : 3
-> Request 0
4
(3, 1, 2)
1
(15, 29)
-> Request 1
33
(2, 3, 1)
3
(71, 42)
-> Request 2
400
(1, 2, 1)
3
(50, 30)
-> Request 3
491
(4, 2, 1)
2
(10, 5)
-> Request 4
500
(4, 1, 1)
2
(11, 16)
-> Request 5
505
(2, 1, 2)
3
(49, 27)
-> Request 6
828
(4, 1, 2)
1
(62, 31)
-> Request 7
834
(2, 1, 1)
3
(56, 66)
-> Request 8
1109
(3, 2, 2)
3
(56, 27)
-> Request 9
1138
(3, 2, 2)
2
(20, 78)
-> Request 10
1175
(2, 1, 1)
2
(57, 34)
--> Day : 4
-> Request 0
682
(2, 3, 1)
3
(12, 24)
-> Request 1
772
(1, 1, 1)
2
(10, 29)
-> Request 2
1249
(3, 1, 1)
1
(47, 44)
