---> Week : 0
--> Day : 0
-> Request 0
166
(2, 2, 2)
2
(43, 41)
-> Request 1
556
(1, 3, 2)
1
(15, 23)
-> Request 2
837
(1, 3, 1)
2
(62, 77)
-> Request 3
897
(4, 1, 1)
3
(58, 65)
-> Request 4
1087
(1, 3, 2)
2
(51, 45)
-> Request 5
1305
(2, 2, 2)
3
(60, 64)
--> Day : 1
-> Request 0
431
(4, 2, 1)
1
(57, 39)
-> Request 1
446
(4, 3, 2)
2
(7, 72)
-> Request 2
487
(1, 1, 1)
1
(38, 24)
-> Request 3
540
(3, 1, 1)
3
(16, 60)
-> Request 4
616
(2, 2, 1)
3
(43, 41)
-> Request 5
672
(2, 2, 2)
2
(31, 67)
-> Request 6
683
(1, 1, 1)
2
(13, 29)
--> Day : 2
-> Request 0
81
(3, 1, 1)
2
(55, 73)
-> Request 1
228
(4, 2, 2)
2
(54, 68)
-> Request 2
796
(2, 1, 1)
2
(47, 35)
-> Request 3
975
(3, 2, 2)
1
(72, 34)
-> Request 4
1014
(4, 1, 2)
1
(54, 75)
--> Day : 3
-> Request 0
211
(3, 2, 2)
3
(36, 77)
-> Request 1
751
(4, 2, 1)
2
(57, 31)
-> Request 2
765
(4, 3, 1)
3
(16, 27)
-> Request 3
933
(4, 1, 2)
2
(23, 9)
-> Request 4
1210
(1, 1, 2)
3
(11, 22)
--> Day : 4
-> Request 0
111
(3, 3, 1)
2
(76, 31)
-> Request 1
145
(4, 1, 1)
1
(20, 38)
-> Request 2
249
(4, 3, 2)
3
(13, 26)
-> Request 3
291
(3, 1, 1)
3
(18, 67)
-> Request 4
636
(2, 3, 2)
2
(50, 38)
-> Request 5
872
(2, 2, 1)
2
(12, 24)
-> Request 6
1091
(3, 1, 2)
1
(75, 39)
-> Request 7
1249
(2, 3, 2)
1
(58, 70)
---> Week : 1
--> Day : 0
-> Request 0
15
(4, 1, 1)
1
(35, 46)
-> Request 1
170
(3, 3, 1)
3
(58, 72)
-> Request 2
318
(4, 3, 2)
2
(51, 35)
-> Request 3
411
(3, 1, 1)
3
(9, 63)
-> Request 4
929
(1, 2, 2)
2
(78, 66)
-> Request 5
1312
(3, 1, 2)
1
(55, 36)
-> Request 6
1382
(1, 2, 1)
3
(64, 64)
--> Day : 1
-> Request 0
582
(4, 2, 2)
3
(7, 57)
-> Request 1
764
(2, 3, 2)
3
(25, 12)
-> Request 2
871
(4, 3, 2)
1
(61, 64)
-> Request 3
1026
(2, 2, 2)
2
(56, 42)
-> Request 4
1032
(1, 2, 1)
3
(16, 34)
-> Request 5
1188
(4, 2, 2)
1
(15, 53)
--> Day : 2
-> Request 0
55
(1, 2, 1)
1
(61, 68)
-> Request 1
204
(1, 1, 2)
2
(58, 33)
-> Request 2
418
(2, 3, 2)
2
(59, 75)
-> Request 3
480
(2, 3, 1)
3
(62, 31)
-> Request 4
637
(2, 2, 2)
1
(44, 43)
-> Request 5
688
(3, 1, 1)
2
(65, 64)
-> Request 6
985
(2, 1, 1)
2
(33, 23)
-> Request 7
1018
(3, 1, 2)
2
(20, 11)
--> Day : 3
-> Request 0
478
(2, 3, 1)
1
(56, 31)
-> Request 1
596
(1, 3, 2)
2
(60, 74)
-> Request 2
849
(2, 1, 2)
2
(79, 9)
-> Request 3
1031
(4, 2, 2)
1
(12, 55)
-> Request 4
1412
(2, 1, 1)
1
(63, 72)
--> Day : 4
-> Request 0
384
(1, 1, 2)
1
(52, 33)
-> Request 1
422
(3, 3, 2)
3
(8, 25)
-> Request 2
1006
(1, 3, 2)
2
(38, 46)
-> Request 3
1015
(1, 2, 2)
3
(14, 20)
-> Request 4
1285
(3, 2, 2)
3
(62, 64)
-> Request 5
1336
(2, 1, 2)
1
(75, 26)
---> Week : 2
--> Day : 0
-> Request 0
237
(4, 2, 2)
1
(25, 7)
-> Request 1
674
(1, 1, 1)
3
(63, 38)
-> Request 2
985
(4, 3, 2)
1
(65, 72)
-> Request 3
1266
(1, 1, 1)
3
(0, 67)
-> Request 4
1344
(1, 3, 1)
1
(75, 35)
-> Request 5
1436
(4, 3, 2)
2
(59, 76)
--> Day : 1
-> Request 0
65
(4, 1, 1)
2
(63, 75)
-> Request 1
80
(1, 2, 2)
3
(54, 44)
-> Request 2
196
(3, 3, 1)
3
(49, 35)
-> Request 3
487
(3, 2, 1)
3
(60, 44)
-> Request 4
678
(2, 1, 1)
2
(14, 25)
-> Request 5
908
(1, 1, 2)
2
(67, 22)
-> Request 6
957
(1, 1, 2)
1
(24, 56)
--> Day : 2
-> Request 0
956
(4, 1, 1)
2
(57, 38)
--> Day : 3
-> Request 0
79
(3, 2, 1)
3
(25, 20)
-> Request 1
230
(2, 3, 2)
2
(45, 39)
-> Request 2
659
(2, 1, 2)
1
(58, 37)
-> Request 3
1016
(3, 1, 1)
1
(57, 34)
-> Request 4
1275
(1, 3, 2)
1
(59, 29)
--> Day : 4
-> Request 0
361
(1, 1, 2)
3
(60, 29)
-> Request 1
973
(1, 3, 1)
3
(43, 44)
-> Request 2
1092
(1, 3, 2)
3
(43, 38)
-> Request 3
1368
(3, 2, 1)
3
(58, 27)
---> Week : 3
--> Day : 0
-> Request 0
384
(3, 3, 2)
3
(15, 21)
-> Request 1
829
(1, 2, 1)
1
(63, 65)
-> Request 2
969
(3, 3, 2)
1
(40, 49)
-> Request 3
997
(1, 3, 1)
1
(51, 10)
-> Request 4
1237
(3, 1, 2)
1
(5, 49)
-> Request 5
1283
(2, 2, 2)
2
(72, 45)
--> Day : 1
-> Request 0
220
(1, 2, 2)
1
(43, 35)
-> Request 1
464
(1, 1, 1)
1
(73, 8)
-> Request 2
499
(1, 1, 1)
3
(59, 27)
-> Request 3
538
(4, 2, 1)
3
(61, 39)
-> Request 4
603
(1, 2, 1)
3
(13, 21)
-> Request 5
1174
(4, 1, 1)
1
(9, 25)
--> Day : 2
-> Request 0
117
(1, 1, 1)
2
(47, 11)
-> Request 1
196
(3, 2, 1)
1
(46, 63)
-> Request 2
895
(1, 2, 1)
1
(60, 74)
-> Request 3
1259
(3, 1, 1)
3
(66, 50)
-> Request 4
1407
(3, 2, 1)
1
(52, 25)
--> Day : 3
-> Request 0
84
(4, 3, 2)
1
(49, 46)
-> Request 1
179
(2, 1, 2)
1
(57, 33)
-> Request 2
1028
(1, 1, 2)
2
(61, 71)
-> Request 3
1078
(1, 2, 1)
3
(55, 71)
-> Request 4
1239
(2, 2, 1)
3
(63, 66)
-> Request 5
1322
(2, 2, 2)
3
(70, 50)
--> Day : 4
-> Request 0
25
(4, 3, 2)
1
(49, 33)
-> Request 1
357
(1, 1, 2)
2
(60, 17)
-> Request 2
930
(1, 3, 2)
2
(61, 46)
-> Request 3
939
(3, 2, 2)
1
(52, 42)
-> Request 4
1184
(4, 2, 1)
2
(9, 24)
-> Request 5
1218
(1, 2, 2)
3
(54, 46)
-> Request 6
1375
(1, 3, 1)
2
(46, 30)
---> Week : 4
--> Day : 0
-> Request 0
3
(2, 1, 1)
3
(59, 65)
-> Request 1
35
(2, 1, 1)
3
(62, 77)
-> Request 2
723
(3, 2, 1)
2
(12, 23)
-> Request 3
874
(1, 1, 1)
1
(59, 38)
-> Request 4
1416
(2, 3, 2)
1
(45, 46)
--> Day : 1
-> Request 0
482
(3, 1, 2)
2
(24, 24)
-> Request 1
637
(2, 1, 2)
1
(55, 34)
-> Request 2
924
(1, 1, 2)
2
(26, 46)
-> Request 3
981
(2, 3, 1)
1
(64, 65)
-> Request 4
1089
(1, 3, 1)
3
(29, 39)
-> Request 5
1164
(2, 2, 2)
1
(72, 48)
-> Request 6
1370
(2, 2, 1)
3
(47, 39)
-> Request 7
1395
(1, 2, 2)
1
(69, 21)
-> Request 8
1420
(2, 3, 1)
1
(65, 73)
--> Day : 2
-> Request 0
31
(2, 1, 2)
2
(66, 1)
-> Request 1
297
(1, 2, 2)
3
(40, 21)
-> Request 2
334
(4, 3, 1)
2
(54, 74)
-> Request 3
501
(3, 1, 1)
2
(74, 73)
-> Request 4
632
(1, 1, 2)
1
(64, 75)
-> Request 5
1324
(1, 2, 2)
3
(61, 69)
-> Request 6
1435
(4, 2, 2)
3
(17, 42)
--> Day : 3
-> Request 0
120
(4, 2, 1)
1
(27, 74)
-> Request 1
309
(1, 3, 1)
2
(55, 77)
-> Request 2
380
(3, 3, 1)
2
(56, 70)
-> Request 3
729
(2, 3, 2)
1
(57, 32)
-> Request 4
1039
(4, 1, 2)
3
(45, 34)
--> Day : 4
-> Request 0
23
(4, 1, 2)
2
(46, 34)
-> Request 1
100
(3, 1, 2)
3
(56, 31)
-> Request 2
426
(2, 3, 2)
1
(53, 74)
-> Request 3
559
(3, 2, 2)
1
(34, 35)
-> Request 4
646
(3, 1, 2)
3
(58, 15)
-> Request 5
1119
(3, 2, 2)
1
(61, 10)
-> Request 6
1265
(4, 3, 2)
2
(60, 28)
---> Week : 5
--> Day : 0
-> Request 0
398
(4, 3, 2)
1
(53, 43)
-> Request 1
582
(2, 3, 1)
1
(56, 37)
-> Request 2
916
(4, 2, 2)
3
(54, 27)
-> Request 3
1056
(1, 1, 2)
1
(58, 15)
-> Request 4
1155
(1, 2, 1)
2
(43, 43)
-> Request 5
1173
(1, 1, 1)
1
(35, 22)
-> Request 6
1290
(3, 1, 1)
3
(71, 49)
-> Request 7
1381
(2, 3, 1)
3
(42, 13)
--> Day : 1
-> Request 0
33
(2, 1, 2)
2
(20, 65)
-> Request 1
319
(4, 1, 2)
3
(29, 24)
-> Request 2
340
(4, 1, 1)
3
(46, 38)
-> Request 3
634
(2, 2, 1)
2
(17, 73)
-> Request 4
659
(3, 3, 2)
1
(26, 62)
-> Request 5
719
(3, 1, 1)
2
(53, 32)
-> Request 6
741
(4, 1, 1)
1
(67, 21)
--> Day : 2
-> Request 0
30
(3, 3, 2)
1
(46, 44)
-> Request 1
336
(2, 2, 1)
3
(45, 46)
-> Request 2
343
(4, 2, 1)
3
(65, 27)
-> Request 3
450
(1, 2, 2)
3
(39, 10)
-> Request 4
468
(1, 3, 1)
3
(50, 26)
-> Request 5
476
(3, 3, 2)
1
(28, 61)
-> Request 6
496
(3, 2, 1)
3
(76, 47)
-> Request 7
575
(2, 1, 2)
3
(57, 70)
-> Request 8
791
(1, 2, 1)
1
(58, 72)
-> Request 9
1056
(4, 1, 2)
3
(14, 47)
-> Request 10
1213
(2, 1, 1)
2
(68, 42)
--> Day : 3
-> Request 0
182
(3, 1, 2)
1
(62, 66)
-> Request 1
460
(1, 1, 1)
3
(13, 51)
-> Request 2
464
(4, 2, 1)
3
(54, 45)
-> Request 3
797
(1, 1, 1)
2
(15, 27)
-> Request 4
1173
(2, 1, 2)
3
(65, 54)
--> Day : 4
-> Request 0
207
(1, 2, 2)
3
(56, 46)
-> Request 1
370
(1, 1, 2)
3
(17, 20)
-> Request 2
430
(4, 3, 1)
1
(47, 1)
-> Request 3
507
(3, 1, 2)
1
(57, 41)
-> Request 4
669
(1, 3, 1)
3
(52, 29)
-> Request 5
715
(4, 1, 1)
1
(64, 73)
-> Request 6
1220
(3, 2, 2)
2
(65, 21)
-> Request 7
1265
(3, 1, 1)
2
(51, 27)
---> Week : 6
--> Day : 0
-> Request 0
95
(1, 1, 1)
3
(49, 36)
-> Request 1
572
(4, 3, 2)
1
(59, 72)
-> Request 2
690
(4, 3, 2)
2
(8, 12)
--> Day : 1
-> Request 0
10
(1, 2, 1)
2
(74, 0)
-> Request 1
150
(4, 1, 1)
2
(67, 53)
-> Request 2
208
(4, 3, 2)
1
(54, 42)
-> Request 3
812
(3, 1, 1)
3
(11, 78)
-> Request 4
827
(2, 3, 1)
1
(57, 75)
--> Day : 2
-> Request 0
13
(3, 1, 1)
1
(53, 29)
-> Request 1
274
(1, 1, 2)
1
(6, 13)
-> Request 2
372
(2, 1, 1)
3
(29, 23)
-> Request 3
384
(4, 3, 2)
1
(52, 35)
-> Request 4
871
(3, 1, 2)
1
(53, 70)
-> Request 5
969
(3, 1, 1)
3
(15, 36)
--> Day : 3
-> Request 0
462
(2, 1, 2)
2
(3, 11)
-> Request 1
702
(4, 1, 2)
3
(0, 37)
-> Request 2
971
(3, 2, 1)
2
(45, 31)
-> Request 3
1212
(4, 2, 2)
3
(15, 25)
-> Request 4
1308
(1, 1, 1)
2
(71, 44)
-> Request 5
1379
(4, 3, 2)
1
(49, 40)
-> Request 6
1424
(2, 3, 1)
1
(51, 44)
--> Day : 4
-> Request 0
236
(1, 1, 1)
3
(51, 39)
-> Request 1
574
(4, 1, 2)
1
(18, 34)
-> Request 2
894
(1, 1, 1)
3
(28, 49)
-> Request 3
1194
(2, 2, 1)
2
(48, 37)
-> Request 4
1263
(4, 2, 1)
1
(34, 70)
-> Request 5
1284
(1, 1, 2)
1
(51, 42)
-> Request 6
1350
(4, 1, 2)
1
(58, 37)
-> Request 7
1394
(1, 2, 2)
2
(28, 4)
---> Week : 7
--> Day : 0
-> Request 0
203
(2, 3, 1)
2
(61, 71)
-> Request 1
432
(1, 1, 1)
3
(43, 42)
-> Request 2
756
(4, 2, 1)
3
(60, 35)
-> Request 3
1384
(2, 2, 2)
1
(30, 12)
--> Day : 1
-> Request 0
291
(2, 1, 2)
1
(45, 28)
-> Request 1
296
(4, 1, 1)
2
(49, 43)
-> Request 2
301
(3, 1, 1)
2
(62, 65)
-> Request 3
329
(4, 2, 1)
3
(49, 22)
-> Request 4
530
(3, 1, 1)
3
(52, 78)
-> Request 5
867
(3, 2, 2)
3
(37, 19)
-> Request 6
872
(3, 2, 2)
3
(56, 36)
-> Request 7
925
(1, 2, 1)
1
(48, 39)
-> Request 8
982
(4, 3, 1)
3
(2, 77)
-> Request 9
1027
(4, 3, 1)
1
(70, 76)
-> Request 10
1230
(2, 3, 1)
2
(22, 51)
-> Request 11
1342
(3, 2, 2)
3
(49, 54)
--> Day : 2
-> Request 0
95
(2, 1, 1)
2
(15, 29)
-> Request 1
549
(2, 2, 1)
2
(18, 73)
-> Request 2
555
(1, 3, 1)
3
(61, 41)
-> Request 3
671
(1, 3, 1)
2
(60, 72)
-> Request 4
838
(3, 3, 2)
1
(39, 14)
-> Request 5
1205
(2, 1, 1)
3
(61, 69)
-> Request 6
1391
(1, 2, 1)
1
(5, 7)
--> Day : 3
-> Request 0
106
(3, 2, 1)
2
(63, 40)
-> Request 1
194
(4, 3, 1)
1
(24, 42)
-> Request 2
557
(4, 1, 1)
2
(22, 58)
-> Request 3
1027
(1, 2, 2)
3
(50, 37)
-> Request 4
1388
(3, 2, 1)
2
(27, 3)
--> Day : 4
-> Request 0
16
(4, 2, 1)
2
(44, 45)
-> Request 1
401
(3, 3, 1)
3
(59, 34)
-> Request 2
992
(3, 2, 1)
2
(46, 40)
-> Request 3
1077
(1, 1, 1)
2
(28, 22)
-> Request 4
1310
(3, 1, 1)
2
(51, 39)
-> Request 5
1335
(3, 2, 2)
2
(69, 54)
-> Request 6
1375
(4, 1, 2)
3
(59, 44)
---> Week : 8
--> Day : 0
-> Request 0
45
(2, 2, 2)
1
(30, 10)
-> Request 1
316
(2, 3, 2)
3
(44, 34)
-> Request 2
759
(3, 1, 1)
2
(47, 35)
-> Request 3
863
(3, 2, 2)
3
(46, 46)
-> Request 4
1016
(3, 3, 1)
2
(25, 7)
-> Request 5
1249
(3, 1, 2)
1
(54, 72)
--> Day : 1
-> Request 0
62
(4, 3, 1)
3
(61, 8)
-> Request 1
773
(2, 2, 2)
3
(9, 29)
-> Request 2
1095
(3, 1, 1)
1
(28, 25)
--> Day : 2
-> Request 0
6
(3, 1, 2)
3
(28, 19)
-> Request 1
554
(2, 3, 1)
1
(49, 41)
-> Request 2
1132
(4, 1, 1)
3
(44, 36)
--> Day : 3
-> Request 0
17
(2, 1, 2)
3
(53, 77)
-> Request 1
1167
(2, 1, 2)
1
(65, 38)
--> Day : 4
-> Request 0
352
(1, 1, 2)
3
(63, 64)
-> Request 1
449
(1, 1, 1)
2
(79, 49)
-> Request 2
536
(3, 2, 2)
3
(19, 64)
-> Request 3
1323
(2, 3, 1)
3
(59, 28)
---> Week : 9
--> Day : 0
-> Request 0
87
(3, 2, 1)
2
(51, 43)
-> Request 1
271
(4, 1, 2)
1
(39, 58)
-> Request 2
509
(4, 2, 2)
3
(50, 46)
-> Request 3
633
(2, 1, 2)
3
(51, 37)
-> Request 4
636
(4, 1, 2)
3
(36, 67)
-> Request 5
669
(2, 3, 2)
3
(19, 55)
-> Request 6
681
(2, 1, 2)
2
(70, 57)
-> Request 7
1083
(1, 1, 2)
1
(39, 5)
-> Request 8
1216
(3, 2, 1)
1
(11, 52)
-> Request 9
1275
(4, 2, 1)
2
(54, 5)
-> Request 10
1287
(3, 1, 2)
2
(28, 6)
--> Day : 1
-> Request 0
111
(2, 2, 2)
2
(47, 72)
-> Request 1
217
(4, 1, 2)
3
(13, 24)
-> Request 2
627
(2, 2, 1)
3
(61, 65)
-> Request 3
826
(3, 1, 1)
2
(36, 46)
-> Request 4
1165
(2, 1, 1)
1
(5, 60)
-> Request 5
1202
(4, 3, 2)
2
(46, 29)
--> Day : 2
-> Request 0
300
(4, 2, 1)
3
(45, 41)
-> Request 1
358
(4, 3, 1)
3
(60, 28)
-> Request 2
804
(4, 3, 2)
2
(20, 47)
-> Request 3
819
(4, 3, 2)
3
(55, 30)
-> Request 4
833
(4, 2, 2)
3
(66, 20)
-> Request 5
1252
(4, 3, 1)
2
(46, 34)
--> Day : 3
-> Request 0
467
(1, 2, 1)
1
(14, 47)
-> Request 1
1236
(4, 3, 2)
3
(55, 71)
--> Day : 4
-> Request 0
247
(3, 1, 2)
2
(66, 71)
-> Request 1
317
(3, 1, 2)
2
(59, 73)
-> Request 2
650
(3, 3, 1)
2
(11, 13)
-> Request 3
654
(3, 3, 2)
3
(76, 43)
-> Request 4
745
(1, 2, 1)
1
(79, 29)
-> Request 5
885
(1, 1, 1)
3
(52, 33)
-> Request 6
894
(4, 2, 1)
1
(57, 40)
-> Request 7
965
(1, 3, 1)
3
(61, 16)
---> Week : 10
--> Day : 0
-> Request 0
187
(2, 1, 1)
2
(61, 68)
-> Request 1
723
(4, 3, 1)
3
(62, 46)
-> Request 2
887
(4, 1, 2)
2
(52, 41)
--> Day : 1
-> Request 0
535
(4, 1, 2)
1
(71, 58)
-> Request 1
1177
(4, 1, 1)
1
(60, 43)
-> Request 2
1416
(3, 3, 1)
1
(49, 0)
-> Request 3
1434
(1, 2, 1)
1
(65, 16)
--> Day : 2
-> Request 0
187
(2, 1, 2)
3
(27, 26)
-> Request 1
756
(2, 2, 1)
3
(65, 74)
-> Request 2
816
(4, 2, 1)
2
(32, 24)
-> Request 3
872
(3, 1, 2)
3
(49, 38)
-> Request 4
873
(2, 1, 1)
2
(46, 26)
--> Day : 3
-> Request 0
46
(2, 2, 2)
2
(57, 71)
-> Request 1
731
(1, 2, 2)
2
(17, 27)
-> Request 2
1067
(4, 3, 2)
2
(66, 65)
-> Request 3
1184
(1, 2, 1)
3
(60, 32)
-> Request 4
1196
(2, 1, 2)
1
(62, 37)
-> Request 5
1206
(4, 2, 2)
1
(76, 60)
-> Request 6
1385
(4, 2, 1)
1
(63, 73)
--> Day : 4
-> Request 0
177
(2, 1, 1)
3
(25, 38)
-> Request 1
428
(1, 1, 1)
3
(59, 72)
-> Request 2
560
(3, 3, 2)
1
(54, 29)
-> Request 3
685
(4, 2, 2)
3
(65, 70)
-> Request 4
974
(4, 2, 1)
1
(17, 24)
-> Request 5
1089
(3, 2, 1)
2
(24, 49)
-> Request 6
1104
(1, 3, 2)
1
(8, 63)
---> Week : 11
--> Day : 0
-> Request 0
472
(2, 1, 1)
1
(51, 27)
-> Request 1
503
(4, 2, 2)
3
(50, 38)
-> Request 2
741
(3, 1, 2)
3
(52, 28)
-> Request 3
773
(3, 2, 2)
1
(56, 66)
-> Request 4
1218
(1, 3, 1)
2
(77, 9)
-> Request 5
1287
(3, 2, 2)
2
(25, 9)
--> Day : 1
-> Request 0
39
(2, 1, 1)
2
(59, 39)
-> Request 1
208
(3, 2, 2)
1
(62, 32)
-> Request 2
616
(1, 1, 2)
3
(75, 59)
-> Request 3
768
(4, 2, 1)
1
(48, 60)
-> Request 4
868
(4, 1, 1)
1
(62, 41)
--> Day : 2
-> Request 0
176
(2, 2, 1)
1
(68, 2)
-> Request 1
343
(3, 1, 2)
2
(46, 43)
-> Request 2
569
(1, 3, 1)
2
(16, 26)
-> Request 3
679
(1, 2, 2)
1
(22, 68)
-> Request 4
913
(4, 3, 1)
1
(0, 46)
-> Request 5
1263
(4, 3, 1)
1
(58, 36)
--> Day : 3
-> Request 0
224
(2, 1, 2)
3
(9, 21)
-> Request 1
331
(1, 3, 2)
2
(15, 58)
-> Request 2
482
(4, 3, 2)
3
(46, 74)
-> Request 3
797
(2, 1, 1)
1
(8, 24)
-> Request 4
841
(4, 2, 1)
2
(50, 40)
-> Request 5
1197
(4, 1, 2)
3
(67, 18)
-> Request 6
1344
(4, 2, 1)
2
(61, 36)
--> Day : 4
-> Request 0
303
(1, 1, 1)
2
(56, 40)
-> Request 1
367
(3, 2, 1)
3
(53, 71)
-> Request 2
665
(4, 2, 1)
2
(57, 73)
-> Request 3
1126
(3, 3, 1)
3
(45, 49)
-> Request 4
1153
(1, 1, 2)
3
(67, 2)
-> Request 5
1214
(1, 1, 2)
2
(45, 44)
---> Week : 12
--> Day : 0
-> Request 0
992
(4, 3, 2)
2
(16, 22)
-> Request 1
1091
(3, 3, 2)
2
(17, 11)
-> Request 2
1400
(3, 2, 2)
3
(13, 5)
--> Day : 1
-> Request 0
32
(4, 1, 2)
1
(5, 49)
-> Request 1
372
(2, 3, 1)
3
(15, 22)
-> Request 2
759
(2, 2, 1)
1
(6, 17)
-> Request 3
791
(3, 1, 2)
1
(3, 8)
--> Day : 2
-> Request 0
287
(3, 2, 2)
1
(31, 8)
-> Request 1
546
(3, 3, 1)
2
(33, 35)
-> Request 2
851
(4, 1, 1)
2
(43, 34)
-> Request 3
872
(2, 1, 1)
3
(47, 36)
--> Day : 3
-> Request 0
180
(3, 1, 2)
1
(47, 35)
-> Request 1
323
(1, 1, 2)
3
(63, 24)
-> Request 2
1209
(2, 1, 2)
3
(55, 46)
-> Request 3
1352
(2, 3, 2)
3
(28, 25)
-> Request 4
1427
(3, 1, 2)
3
(65, 72)
--> Day : 4
-> Request 0
274
(4, 2, 1)
3
(51, 32)
-> Request 1
355
(4, 2, 2)
2
(57, 34)
-> Request 2
392
(1, 1, 2)
2
(27, 31)
-> Request 3
438
(1, 3, 2)
2
(48, 38)
-> Request 4
723
(2, 3, 1)
3
(20, 11)
-> Request 5
759
(2, 1, 2)
3
(58, 78)
-> Request 6
1353
(3, 2, 1)
1
(60, 78)
---> Week : 13
--> Day : 0
-> Request 0
12
(3, 1, 2)
2
(26, 21)
-> Request 1
634
(4, 1, 2)
3
(59, 38)
-> Request 2
888
(4, 2, 1)
3
(53, 68)
-> Request 3
975
(3, 1, 2)
1
(67, 64)
-> Request 4
996
(4, 2, 2)
3
(61, 39)
--> Day : 1
-> Request 0
249
(4, 1, 2)
1
(52, 36)
-> Request 1
365
(3, 1, 2)
2
(57, 35)
-> Request 2
595
(1, 1, 2)
1
(43, 32)
--> Day : 2
-> Request 0
237
(1, 1, 2)
3
(11, 2)
-> Request 1
509
(2, 2, 2)
2
(0, 17)
-> Request 2
643
(3, 3, 1)
2
(74, 45)
-> Request 3
696
(1, 2, 1)
3
(32, 1)
-> Request 4
781
(2, 1, 2)
1
(54, 39)
-> Request 5
976
(1, 3, 1)
1
(13, 27)
-> Request 6
1033
(4, 2, 1)
3
(12, 28)
-> Request 7
1330
(2, 2, 2)
2
(11, 3)
--> Day : 3
-> Request 0
224
(4, 2, 1)
2
(77, 13)
-> Request 1
294
(3, 3, 2)
2
(74, 4)
-> Request 2
393
(3, 3, 1)
2
(1, 18)
-> Request 3
525
(3, 3, 1)
3
(44, 35)
-> Request 4
616
(3, 3, 2)
3
(14, 24)
-> Request 5
778
(1, 3, 1)
2
(59, 22)
-> Request 6
912
(1, 2, 2)
1
(59, 77)
-> Request 7
1149
(3, 3, 2)
1
(39, 35)
-> Request 8
1354
(3, 3, 1)
2
(59, 33)
--> Day : 4
-> Request 0
160
(1, 2, 1)
1
(54, 72)
-> Request 1
322
(2, 1, 1)
2
(56, 36)
-> Request 2
1015
(4, 3, 1)
3
(21, 19)
-> Request 3
1204
(1, 3, 1)
3
(43, 40)
---> Week : 14
--> Day : 0
-> Request 0
98
(1, 1, 1)
3
(61, 20)
-> Request 1
430
(4, 1, 2)
1
(11, 22)
-> Request 2
786
(1, 2, 1)
3
(47, 41)
-> Request 3
839
(3, 3, 1)
2
(59, 70)
-> Request 4
979
(1, 1, 2)
1
(17, 51)
-> Request 5
1427
(4, 1, 1)
1
(14, 19)
--> Day : 1
-> Request 0
112
(3, 2, 1)
2
(61, 64)
-> Request 1
193
(2, 3, 1)
2
(47, 32)
-> Request 2
227
(4, 3, 2)
2
(39, 37)
-> Request 3
265
(4, 3, 1)
3
(21, 2)
-> Request 4
743
(2, 1, 1)
1
(57, 19)
-> Request 5
880
(1, 2, 1)
3
(47, 49)
-> Request 6
899
(3, 2, 2)
1
(39, 49)
-> Request 7
1206
(3, 3, 1)
2
(62, 38)
-> Request 8
1223
(1, 2, 2)
3
(11, 24)
-> Request 9
1404
(2, 2, 1)
2
(54, 40)
--> Day : 2
-> Request 0
68
(2, 2, 2)
1
(44, 39)
-> Request 1
79
(1, 2, 1)
2
(32, 29)
-> Request 2
520
(4, 1, 2)
1
(69, 40)
-> Request 3
807
(4, 1, 1)
2
(61, 71)
-> Request 4
870
(2, 2, 2)
3
(51, 32)
-> Request 5
1002
(2, 1, 1)
1
(38, 28)
-> Request 6
1134
(1, 3, 1)
1
(55, 44)
-> Request 7
1139
(4, 2, 2)
2
(52, 70)
-> Request 8
1318
(3, 1, 1)
2
(11, 41)
-> Request 9
1426
(4, 2, 1)
2
(51, 41)
--> Day : 3
-> Request 0
439
(2, 1, 2)
1
(46, 40)
-> Request 1
774
(1, 3, 2)
1
(9, 29)
-> Request 2
876
(2, 1, 1)
1
(58, 78)
-> Request 3
1089
(3, 2, 1)
1
(46, 45)
-> Request 4
1154
(2, 3, 2)
3
(54, 72)
-> Request 5
1219
(1, 2, 1)
3
(13, 68)
--> Day : 4
-> Request 0
231
(4, 3, 1)
2
(55, 71)
-> Request 1
844
(4, 1, 2)
3
(64, 64)
---> Week : 15
--> Day : 0
-> Request 0
110
(4, 2, 2)
2
(67, 18)
-> Request 1
298
(4, 3, 1)
1
(54, 27)
-> Request 2
491
(3, 3, 1)
1
(3, 43)
-> Request 3
907
(3, 2, 1)
1
(56, 31)
-> Request 4
1073
(1, 1, 2)
2
(59, 33)
-> Request 5
1148
(1, 3, 1)
3
(12, 22)
-> Request 6
1241
(4, 2, 1)
1
(64, 35)
--> Day : 1
-> Request 0
21
(1, 2, 1)
1
(62, 40)
-> Request 1
216
(1, 2, 2)
2
(73, 51)
-> Request 2
628
(3, 1, 1)
3
(11, 26)
-> Request 3
1329
(3, 2, 2)
3
(59, 34)
--> Day : 2
-> Request 0
228
(2, 3, 1)
1
(76, 63)
-> Request 1
376
(3, 2, 2)
1
(30, 52)
-> Request 2
380
(4, 3, 2)
1
(59, 77)
-> Request 3
823
(3, 3, 2)
1
(10, 28)
-> Request 4
952
(2, 3, 1)
2
(13, 24)
-> Request 5
1154
(2, 2, 1)
2
(59, 45)
--> Day : 3
-> Request 0
269
(1, 2, 2)
2
(49, 41)
-> Request 1
308
(4, 3, 2)
1
(51, 79)
-> Request 2
312
(4, 2, 1)
3
(50, 38)
-> Request 3
501
(3, 2, 1)
3
(3, 39)
-> Request 4
696
(3, 2, 1)
2
(49, 66)
-> Request 5
865
(4, 3, 2)
2
(68, 38)
-> Request 6
968
(2, 3, 2)
3
(17, 74)
-> Request 7
1211
(4, 3, 2)
3
(36, 43)
-> Request 8
1315
(3, 2, 1)
1
(49, 7)
-> Request 9
1324
(2, 2, 1)
1
(56, 32)
--> Day : 4
-> Request 0
173
(2, 3, 1)
1
(58, 43)
-> Request 1
651
(3, 2, 1)
3
(44, 42)
-> Request 2
854
(3, 2, 2)
2
(54, 73)
-> Request 3
857
(2, 1, 1)
2
(57, 46)
-> Request 4
890
(4, 1, 2)
2
(60, 38)
-> Request 5
991
(1, 1, 2)
1
(13, 29)
-> Request 6
992
(3, 1, 1)
1
(10, 23)
---> Week : 16
--> Day : 0
-> Request 0
77
(4, 2, 2)
1
(29, 36)
-> Request 1
187
(3, 1, 1)
2
(66, 77)
-> Request 2
453
(1, 2, 1)
3
(18, 68)
-> Request 3
854
(2, 2, 1)
2
(48, 46)
-> Request 4
1120
(3, 3, 1)
3
(26, 4)
-> Request 5
1147
(3, 2, 1)
3
(40, 54)
-> Request 6
1316
(4, 1, 1)
3
(29, 60)
--> Day : 1
-> Request 0
237
(3, 2, 1)
3
(36, 73)
-> Request 1
398
(1, 3, 2)
3
(53, 34)
-> Request 2
1096
(4, 2, 1)
2
(56, 72)
--> Day : 2
-> Request 0
104
(3, 3, 2)
3
(57, 46)
-> Request 1
113
(4, 1, 2)
2
(51, 43)
-> Request 2
471
(2, 2, 2)
2
(63, 71)
-> Request 3
831
(4, 1, 1)
1
(76, 8)
-> Request 4
906
(1, 3, 1)
1
(22, 23)
-> Request 5
1422
(1, 2, 2)
3
(47, 54)
--> Day : 3
-> Request 0
162
(3, 1, 2)
2
(17, 1)
-> Request 1
272
(3, 3, 2)
1
(60, 67)
-> Request 2
272
(3, 2, 1)
1
(43, 73)
-> Request 3
510
(3, 1, 2)
3
(57, 27)
-> Request 4
741
(3, 1, 2)
2
(11, 30)
-> Request 5
1271
(3, 3, 1)
2
(43, 57)
--> Day : 4
-> Request 0
3
(4, 2, 1)
3
(10, 22)
-> Request 1
812
(4, 3, 1)
1
(53, 76)
-> Request 2
1091
(2, 3, 2)
1
(39, 14)
-> Request 3
1149
(3, 1, 1)
3
(75, 3)
-> Request 4
1208
(4, 2, 2)
3
(68, 52)
---> Week : 17
--> Day : 0
-> Request 0
105
(2, 3, 2)
2
(13, 36)
-> Request 1
400
(2, 3, 2)
3
(66, 78)
-> Request 2
659
(4, 2, 2)
2
(33, 79)
-> Request 3
794
(3, 2, 1)
3
(59, 36)
--> Day : 1
-> Request 0
204
(2, 1, 1)
2
(63, 76)
-> Request 1
543
(2, 2, 2)
1
(14, 67)
-> Request 2
555
(3, 3, 1)
2
(62, 38)
-> Request 3
584
(4, 1, 2)
1
(48, 44)
-> Request 4
789
(2, 2, 2)
2
(43, 43)
-> Request 5
904
(4, 2, 2)
2
(53, 74)
-> Request 6
1087
(1, 1, 2)
2
(39, 7)
-> Request 7
1221
(2, 1, 1)
1
(61, 72)
--> Day : 2
-> Request 0
19
(1, 1, 1)
3
(65, 27)
-> Request 1
421
(1, 3, 1)
3
(64, 67)
-> Request 2
498
(2, 2, 1)
2
(16, 26)
-> Request 3
1311
(1, 1, 2)
2
(13, 37)
--> Day : 3
-> Request 0
728
(3, 2, 1)
1
(65, 73)
-> Request 1
733
(3, 3, 1)
1
(35, 25)
-> Request 2
917
(3, 1, 1)
1
(56, 75)
-> Request 3
1085
(4, 1, 1)
2
(57, 37)
-> Request 4
1229
(4, 2, 2)
3
(67, 1)
-> Request 5
1292
(4, 2, 1)
2
(77, 44)
-> Request 6
1326
(4, 3, 2)
1
(10, 29)
--> Day : 4
-> Request 0
183
(2, 2, 2)
3
(5, 57)
-> Request 1
659
(2, 2, 2)
1
(25, 19)
-> Request 2
878
(4, 2, 2)
2
(9, 60)
-> Request 3
1165
(1, 2, 1)
1
(66, 66)
-> Request 4
1180
(3, 1, 2)
1
(23, 30)
-> Request 5
1196
(1, 3, 1)
3
(41, 11)
---> Week : 18
--> Day : 0
-> Request 0
103
(3, 1, 1)
3
(53, 42)
-> Request 1
455
(3, 1, 1)
1
(26, 14)
-> Request 2
480
(2, 3, 2)
1
(62, 31)
-> Request 3
576
(2, 1, 1)
3
(6, 30)
-> Request 4
584
(4, 1, 1)
3
(57, 44)
-> Request 5
632
(2, 1, 1)
2
(56, 28)
-> Request 6
850
(2, 2, 2)
3
(62, 67)
-> Request 7
906
(4, 2, 2)
2
(55, 30)
-> Request 8
1313
(3, 1, 2)
3
(60, 70)
--> Day : 1
-> Request 0
63
(1, 2, 2)
3
(53, 46)
-> Request 1
621
(4, 3, 2)
2
(0, 24)
-> Request 2
866
(3, 1, 1)
1
(67, 2)
--> Day : 2
-> Request 0
42
(1, 2, 1)
3
(64, 13)
-> Request 1
414
(1, 1, 2)
3
(49, 43)
-> Request 2
582
(3, 3, 1)
1
(54, 42)
-> Request 3
644
(2, 1, 2)
3
(11, 12)
-> Request 4
654
(4, 2, 1)
1
(56, 42)
--> Day : 3
-> Request 0
101
(1, 2, 1)
2
(32, 15)
-> Request 1
533
(3, 1, 1)
1
(51, 31)
-> Request 2
559
(2, 1, 2)
2
(66, 75)
-> Request 3
585
(2, 1, 1)
2
(3, 47)
-> Request 4
681
(1, 3, 2)
2
(17, 17)
-> Request 5
801
(2, 3, 2)
3
(78, 45)
-> Request 6
1004
(3, 1, 2)
3
(47, 36)
-> Request 7
1235
(3, 2, 1)
3
(58, 46)
--> Day : 4
-> Request 0
4
(4, 2, 1)
2
(56, 32)
-> Request 1
141
(1, 1, 1)
1
(28, 48)
-> Request 2
341
(1, 1, 1)
3
(39, 31)
-> Request 3
437
(1, 2, 2)
1
(55, 70)
-> Request 4
849
(3, 3, 1)
3
(52, 33)
-> Request 5
882
(2, 1, 1)
3
(16, 27)
-> Request 6
1322
(4, 3, 2)
2
(16, 27)
---> Week : 19
--> Day : 0
-> Request 0
90
(3, 2, 1)
1
(28, 5)
-> Request 1
111
(1, 3, 1)
1
(42, 41)
-> Request 2
443
(4, 2, 2)
1
(62, 71)
-> Request 3
481
(3, 1, 1)
3
(15, 27)
-> Request 4
503
(3, 1, 1)
2
(62, 77)
-> Request 5
658
(2, 2, 2)
2
(20, 32)
-> Request 6
764
(4, 1, 2)
2
(59, 76)
-> Request 7
946
(3, 1, 1)
3
(54, 68)
-> Request 8
960
(4, 3, 1)
2
(55, 40)
--> Day : 1
-> Request 0
119
(3, 3, 2)
2
(31, 75)
-> Request 1
379
(4, 3, 2)
3
(71, 22)
-> Request 2
432
(3, 1, 1)
1
(34, 35)
-> Request 3
452
(1, 1, 2)
2
(57, 40)
-> Request 4
1076
(3, 3, 2)
3
(48, 42)
-> Request 5
1118
(2, 1, 2)
3
(69, 51)
-> Request 6
1297
(2, 1, 1)
3
(55, 60)
--> Day : 2
-> Request 0
169
(2, 3, 1)
2
(54, 73)
-> Request 1
513
(2, 2, 2)
3
(56, 65)
-> Request 2
789
(1, 2, 2)
2
(54, 33)
-> Request 3
921
(1, 1, 1)
1
(47, 42)
-> Request 4
1238
(4, 1, 1)
1
(52, 33)
--> Day : 3
-> Request 0
190
(1, 3, 1)
3
(53, 70)
-> Request 1
473
(2, 1, 2)
2
(63, 5)
-> Request 2
617
(3, 2, 2)
1
(9, 22)
-> Request 3
685
(2, 2, 1)
1
(62, 31)
-> Request 4
922
(1, 1, 1)
1
(44, 29)
-> Request 5
1054
(3, 1, 1)
1
(44, 40)
-> Request 6
1275
(3, 2, 2)
1
(47, 35)
--> Day : 4
-> Request 0
112
(1, 2, 2)
3
(47, 31)
-> Request 1
125
(3, 1, 2)
1
(53, 77)
-> Request 2
304
(4, 3, 1)
2
(45, 41)
-> Request 3
310
(2, 1, 2)
3
(13, 20)
-> Request 4
451
(4, 2, 2)
2
(6, 78)
-> Request 5
638
(3, 2, 2)
1
(65, 69)
-> Request 6
950
(4, 3, 1)
3
(32, 67)
-> Request 7
998
(1, 2, 2)
3
(59, 39)
-> Request 8
1387
(3, 2, 2)
1
(51, 63)
