---> Week : 0
--> Day : 0
-> Request 0
42
(4, 1, 2)
2
(46, 34)
-> Request 1
265
(1, 3, 2)
2
(37, 43)
-> Request 2
399
(4, 1, 1)
3
(71, 38)
-> Request 3
551
(2, 3, 1)
2
(20, 64)
-> Request 4
572
(3, 1, 2)
3
(3, 12)
-> Request 5
651
(4, 1, 1)
2
(1, 27)
-> Request 6
666
(2, 3, 1)
3
(38, 59)
--> Day : 1
-> Request 0
21
(3, 1, 1)
1
(77, 12)
-> Request 1
123
(4, 2, 2)
3
(55, 59)
-> Request 2
145
(2, 2, 1)
1
(74, 42)
-> Request 3
574
(3, 1, 1)
3
(78, 58)
-> Request 4
667
(2, 2, 1)
2
(78, 65)
-> Request 5
877
(4, 1, 1)
1
(76, 77)
--> Day : 2
-> Request 0
639
(1, 1, 2)
2
(64, 38)
-> Request 1
1007
(2, 1, 2)
1
(60, 7)
--> Day : 3
-> Request 0
106
(2, 1, 2)
3
(74, 2)
-> Request 1
272
(3, 1, 2)
3
(21, 66)
-> Request 2
589
(4, 2, 2)
2
(12, 19)
-> Request 3
1265
(3, 1, 1)
1
(37, 59)
--> Day : 4
---> Week : 1
--> Day : 0
-> Request 0
272
(4, 3, 1)
3
(39, 7)
-> Request 1
841
(1, 3, 1)
1
(50, 45)
--> Day : 1
-> Request 0
553
(3, 1, 1)
3
(2, 24)
-> Request 1
577
(3, 2, 2)
1
(74, 27)
-> Request 2
689
(1, 1, 2)
1
(27, 3)
-> Request 3
908
(1, 1, 2)
2
(33, 54)
-> Request 4
951
(2, 1, 2)
1
(6, 63)
-> Request 5
1017
(1, 3, 1)
3
(64, 23)
-> Request 6
1081
(3, 3, 2)
3
(6, 57)
-> Request 7
1362
(4, 2, 1)
2
(33, 14)
--> Day : 2
-> Request 0
18
(4, 1, 1)
2
(4, 74)
-> Request 1
1036
(1, 3, 1)
1
(4, 15)
-> Request 2
1212
(2, 3, 1)
3
(50, 35)
--> Day : 3
-> Request 0
162
(1, 2, 2)
3
(70, 18)
-> Request 1
609
(2, 3, 1)
1
(28, 13)
-> Request 2
642
(4, 2, 1)
2
(70, 0)
-> Request 3
939
(3, 1, 1)
1
(21, 37)
--> Day : 4
-> Request 0
434
(3, 2, 1)
2
(79, 31)
-> Request 1
457
(3, 2, 2)
1
(71, 13)
-> Request 2
1392
(3, 2, 1)
3
(53, 3)
---> Week : 2
--> Day : 0
-> Request 0
31
(4, 2, 1)
2
(65, 18)
-> Request 1
36
(2, 2, 1)
1
(18, 30)
-> Request 2
77
(2, 1, 1)
2
(72, 41)
-> Request 3
131
(2, 2, 1)
2
(59, 74)
-> Request 4
421
(3, 3, 1)
1
(29, 24)
-> Request 5
455
(4, 2, 1)
3
(35, 78)
-> Request 6
620
(4, 2, 2)
2
(9, 1)
--> Day : 1
-> Request 0
24
(4, 3, 1)
3
(72, 4)
-> Request 1
225
(1, 2, 1)
1
(38, 49)
-> Request 2
1049
(3, 2, 1)
3
(79, 22)
-> Request 3
1349
(4, 1, 2)
1
(6, 53)
--> Day : 2
-> Request 0
246
(4, 2, 1)
3
(48, 51)
-> Request 1
255
(3, 3, 1)
3
(11, 56)
-> Request 2
549
(3, 1, 2)
3
(33, 15)
-> Request 3
855
(1, 2, 2)
3
(30, 68)
--> Day : 3
-> Request 0
220
(4, 1, 1)
3
(23, 79)
-> Request 1
617
(4, 1, 2)
3
(60, 12)
-> Request 2
740
(1, 2, 1)
2
(24, 79)
--> Day : 4
-> Request 0
607
(2, 2, 1)
2
(75, 34)
-> Request 1
1161
(2, 1, 2)
1
(16, 35)
---> Week : 3
--> Day : 0
-> Request 0
208
(1, 2, 1)
2
(22, 31)
--> Day : 1
-> Request 0
517
(2, 1, 2)
1
(48, 36)
-> Request 1
820
(1, 2, 2)
2
(77, 77)
-> Request 2
893
(4, 3, 1)
3
(65, 9)
--> Day : 2
-> Request 0
2
(2, 1, 2)
1
(26, 59)
-> Request 1
34
(1, 3, 1)
2
(11, 23)
-> Request 2
423
(1, 2, 1)
1
(75, 35)
-> Request 3
957
(4, 3, 1)
2
(71, 44)
-> Request 4
1026
(3, 3, 1)
2
(49, 0)
--> Day : 3
-> Request 0
547
(3, 3, 1)
3
(48, 26)
-> Request 1
651
(3, 3, 1)
1
(74, 18)
-> Request 2
771
(2, 3, 1)
1
(19, 60)
-> Request 3
1381
(2, 3, 1)
3
(5, 7)
--> Day : 4
-> Request 0
672
(2, 2, 1)
1
(64, 20)
-> Request 1
1019
(1, 2, 2)
1
(1, 25)
-> Request 2
1025
(4, 3, 2)
1
(40, 13)
---> Week : 4
--> Day : 0
-> Request 0
519
(4, 3, 2)
2
(39, 27)
-> Request 1
585
(3, 1, 2)
2
(1, 32)
-> Request 2
705
(4, 1, 1)
3
(4, 41)
-> Request 3
751
(2, 1, 1)
1
(51, 6)
-> Request 4
967
(3, 1, 1)
3
(40, 78)
--> Day : 1
-> Request 0
415
(4, 2, 1)
2
(5, 45)
-> Request 1
650
(2, 1, 1)
1
(78, 43)
--> Day : 2
-> Request 0
162
(2, 1, 2)
2
(37, 65)
-> Request 1
344
(4, 2, 1)
1
(76, 41)
-> Request 2
751
(2, 1, 2)
2
(74, 70)
--> Day : 3
-> Request 0
133
(2, 1, 1)
2
(31, 53)
-> Request 1
242
(4, 1, 2)
1
(76, 50)
-> Request 2
378
(3, 3, 2)
1
(41, 25)
-> Request 3
432
(2, 1, 2)
3
(57, 17)
-> Request 4
911
(4, 2, 2)
1
(8, 16)
-> Request 5
1414
(3, 1, 2)
2
(18, 71)
--> Day : 4
-> Request 0
433
(3, 1, 2)
3
(49, 58)
---> Week : 5
--> Day : 0
-> Request 0
151
(4, 3, 2)
1
(7, 73)
-> Request 1
640
(4, 2, 1)
3
(45, 13)
-> Request 2
1435
(1, 3, 1)
3
(78, 59)
--> Day : 1
-> Request 0
340
(4, 2, 2)
3
(32, 25)
-> Request 1
695
(3, 2, 2)
2
(41, 71)
-> Request 2
1049
(4, 2, 2)
3
(73, 44)
-> Request 3
1210
(3, 1, 2)
3
(35, 3)
--> Day : 2
-> Request 0
93
(4, 1, 1)
2
(15, 23)
-> Request 1
459
(3, 1, 2)
3
(8, 31)
-> Request 2
514
(1, 3, 1)
2
(67, 19)
-> Request 3
1034
(1, 2, 1)
2
(14, 66)
-> Request 4
1114
(2, 3, 2)
2
(58, 11)
-> Request 5
1347
(3, 3, 1)
1
(51, 7)
--> Day : 3
-> Request 0
286
(3, 2, 2)
1
(35, 38)
-> Request 1
671
(2, 1, 2)
2
(25, 58)
-> Request 2
1427
(4, 3, 2)
2
(56, 38)
--> Day : 4
-> Request 0
730
(4, 2, 2)
1
(75, 42)
-> Request 1
1002
(4, 1, 1)
3
(68, 9)
-> Request 2
1019
(3, 1, 1)
2
(24, 22)
-> Request 3
1144
(4, 2, 1)
3
(52, 15)
-> Request 4
1354
(1, 1, 1)
2
(74, 16)
---> Week : 6
--> Day : 0
-> Request 0
432
(1, 3, 2)
3
(45, 26)
-> Request 1
936
(3, 2, 2)
2
(67, 30)
-> Request 2
1183
(4, 1, 2)
3
(7, 60)
--> Day : 1
-> Request 0
1297
(3, 2, 2)
3
(19, 61)
--> Day : 2
-> Request 0
426
(3, 2, 2)
3
(51, 33)
-> Request 1
655
(3, 1, 1)
1
(33, 76)
-> Request 2
746
(4, 2, 1)
3
(65, 38)
-> Request 3
1192
(4, 2, 1)
1
(60, 45)
--> Day : 3
-> Request 0
131
(4, 1, 2)
2
(5, 43)
-> Request 1
334
(3, 1, 1)
1
(44, 67)
-> Request 2
713
(3, 2, 1)
3
(43, 70)
-> Request 3
1119
(1, 2, 2)
2
(73, 71)
--> Day : 4
-> Request 0
129
(3, 1, 1)
3
(8, 9)
-> Request 1
369
(2, 1, 1)
3
(23, 9)
-> Request 2
476
(1, 2, 2)
2
(66, 9)
-> Request 3
1160
(2, 1, 1)
1
(49, 46)
---> Week : 7
--> Day : 0
-> Request 0
958
(4, 2, 1)
3
(14, 4)
-> Request 1
1198
(3, 1, 1)
1
(67, 11)
-> Request 2
1224
(2, 3, 2)
3
(28, 70)
--> Day : 1
-> Request 0
3
(2, 2, 2)
3
(50, 9)
-> Request 1
140
(3, 3, 1)
1
(12, 3)
-> Request 2
144
(2, 2, 1)
1
(10, 6)
-> Request 3
776
(3, 2, 1)
3
(75, 65)
-> Request 4
1087
(4, 3, 1)
2
(74, 63)
-> Request 5
1372
(2, 1, 2)
2
(48, 12)
--> Day : 2
-> Request 0
386
(1, 3, 1)
3
(38, 61)
-> Request 1
609
(3, 2, 2)
3
(41, 57)
-> Request 2
1206
(4, 2, 1)
2
(25, 29)
-> Request 3
1324
(3, 1, 2)
2
(62, 15)
--> Day : 3
-> Request 0
104
(4, 3, 2)
3
(29, 47)
-> Request 1
183
(3, 1, 2)
3
(29, 36)
-> Request 2
325
(1, 3, 2)
2
(26, 42)
-> Request 3
778
(1, 3, 2)
1
(34, 59)
--> Day : 4
-> Request 0
643
(3, 2, 1)
3
(5, 15)
---> Week : 8
--> Day : 0
-> Request 0
853
(1, 2, 2)
3
(32, 16)
-> Request 1
1292
(1, 2, 1)
2
(5, 41)
--> Day : 1
-> Request 0
746
(3, 2, 2)
3
(60, 22)
-> Request 1
937
(3, 1, 2)
2
(71, 59)
-> Request 2
964
(4, 2, 2)
3
(8, 48)
-> Request 3
1301
(1, 3, 1)
3
(55, 11)
--> Day : 2
-> Request 0
717
(1, 1, 1)
3
(4, 2)
-> Request 1
760
(2, 3, 2)
1
(64, 56)
-> Request 2
986
(4, 3, 2)
1
(42, 11)
-> Request 3
1099
(1, 3, 1)
2
(53, 58)
-> Request 4
1147
(3, 2, 1)
2
(59, 29)
-> Request 5
1254
(3, 3, 2)
1
(16, 18)
-> Request 6
1282
(4, 2, 2)
2
(50, 45)
--> Day : 3
-> Request 0
323
(4, 3, 1)
1
(28, 57)
-> Request 1
711
(1, 1, 2)
1
(44, 37)
-> Request 2
1212
(1, 2, 1)
2
(44, 38)
--> Day : 4
-> Request 0
383
(2, 1, 1)
2
(68, 18)
-> Request 1
705
(3, 3, 1)
2
(13, 10)
-> Request 2
730
(3, 1, 2)
1
(41, 26)
-> Request 3
1139
(2, 2, 2)
3
(18, 72)
-> Request 4
1206
(3, 3, 2)
1
(27, 23)
-> Request 5
1236
(4, 2, 1)
3
(62, 54)
---> Week : 9
--> Day : 0
-> Request 0
423
(3, 1, 2)
2
(70, 42)
-> Request 1
590
(4, 3, 2)
2
(32, 78)
-> Request 2
900
(1, 2, 1)
1
(39, 12)
-> Request 3
961
(2, 2, 1)
3
(52, 36)
--> Day : 1
-> Request 0
177
(3, 3, 2)
2
(78, 47)
-> Request 1
588
(4, 2, 2)
1
(53, 38)
-> Request 2
676
(4, 1, 2)
1
(47, 39)
-> Request 3
791
(4, 3, 2)
1
(63, 3)
-> Request 4
935
(2, 1, 2)
3
(5, 77)
-> Request 5
946
(4, 2, 2)
1
(56, 47)
-> Request 6
1243
(2, 3, 1)
1
(22, 27)
--> Day : 2
-> Request 0
318
(4, 1, 2)
3
(24, 60)
-> Request 1
603
(3, 3, 2)
3
(26, 31)
-> Request 2
1165
(1, 3, 2)
2
(27, 45)
--> Day : 3
-> Request 0
117
(4, 2, 2)
2
(40, 1)
-> Request 1
382
(3, 1, 2)
2
(15, 65)
-> Request 2
1185
(2, 2, 1)
2
(64, 18)
--> Day : 4
-> Request 0
512
(4, 2, 1)
1
(72, 78)
-> Request 1
671
(1, 3, 1)
1
(2, 38)
-> Request 2
808
(4, 2, 1)
2
(49, 28)
-> Request 3
890
(2, 3, 2)
2
(58, 11)
-> Request 4
1103
(2, 2, 2)
3
(39, 41)
-> Request 5
1387
(3, 3, 2)
2
(49, 56)
-> Request 6
1405
(4, 1, 1)
2
(39, 9)
---> Week : 10
--> Day : 0
-> Request 0
28
(2, 3, 1)
2
(72, 19)
-> Request 1
869
(4, 2, 2)
2
(21, 31)
-> Request 2
960
(2, 3, 2)
2
(44, 53)
-> Request 3
1177
(4, 3, 2)
3
(68, 17)
-> Request 4
1194
(4, 3, 1)
1
(46, 21)
--> Day : 1
-> Request 0
193
(3, 2, 1)
1
(71, 34)
-> Request 1
378
(3, 1, 2)
2
(54, 77)
-> Request 2
674
(2, 1, 1)
1
(5, 7)
-> Request 3
949
(1, 1, 2)
2
(12, 41)
-> Request 4
1093
(1, 1, 2)
1
(38, 60)
--> Day : 2
-> Request 0
632
(4, 2, 2)
1
(75, 2)
--> Day : 3
-> Request 0
57
(1, 3, 1)
2
(66, 11)
-> Request 1
690
(2, 2, 1)
3
(39, 24)
-> Request 2
1240
(2, 3, 1)
3
(58, 2)
-> Request 3
1275
(2, 2, 2)
3
(43, 30)
--> Day : 4
-> Request 0
409
(4, 1, 2)
1
(68, 52)
-> Request 1
949
(2, 1, 2)
2
(2, 18)
-> Request 2
1100
(2, 2, 1)
2
(57, 70)
---> Week : 11
--> Day : 0
-> Request 0
212
(1, 1, 1)
1
(62, 0)
-> Request 1
786
(4, 2, 1)
2
(2, 50)
-> Request 2
854
(3, 2, 1)
1
(33, 26)
-> Request 3
1415
(3, 2, 2)
1
(77, 6)
--> Day : 1
-> Request 0
205
(2, 2, 2)
2
(42, 31)
-> Request 1
636
(4, 1, 1)
3
(49, 19)
-> Request 2
995
(1, 2, 1)
2
(60, 5)
--> Day : 2
-> Request 0
104
(2, 2, 2)
1
(5, 63)
-> Request 1
571
(3, 3, 2)
2
(22, 3)
-> Request 2
827
(2, 3, 2)
1
(27, 63)
-> Request 3
1172
(3, 1, 1)
1
(47, 66)
--> Day : 3
-> Request 0
407
(1, 1, 1)
2
(1, 51)
-> Request 1
1259
(4, 1, 2)
2
(61, 75)
--> Day : 4
-> Request 0
173
(3, 3, 2)
2
(12, 19)
-> Request 1
890
(3, 1, 1)
3
(43, 21)
-> Request 2
927
(2, 2, 1)
3
(22, 58)
-> Request 3
1186
(1, 2, 2)
3
(61, 32)
---> Week : 12
--> Day : 0
-> Request 0
491
(4, 3, 2)
1
(56, 65)
-> Request 1
505
(4, 2, 2)
1
(67, 53)
-> Request 2
518
(2, 2, 2)
3
(3, 35)
-> Request 3
688
(4, 2, 2)
1
(0, 75)
-> Request 4
1260
(2, 2, 2)
3
(37, 71)
--> Day : 1
-> Request 0
17
(4, 1, 2)
3
(59, 31)
-> Request 1
777
(3, 3, 2)
2
(79, 21)
--> Day : 2
-> Request 0
155
(4, 1, 2)
3
(79, 58)
-> Request 1
516
(1, 2, 2)
3
(9, 15)
-> Request 2
680
(3, 3, 1)
2
(51, 61)
-> Request 3
973
(4, 2, 2)
3
(72, 40)
--> Day : 3
-> Request 0
123
(1, 3, 1)
1
(32, 12)
-> Request 1
354
(2, 2, 2)
3
(3, 67)
-> Request 2
386
(3, 2, 2)
3
(34, 56)
-> Request 3
1094
(1, 3, 1)
1
(56, 27)
--> Day : 4
-> Request 0
95
(3, 1, 1)
2
(0, 20)
-> Request 1
682
(4, 3, 1)
2
(32, 40)
-> Request 2
1362
(1, 3, 2)
2
(68, 34)
-> Request 3
1364
(2, 2, 1)
1
(55, 14)
---> Week : 13
--> Day : 0
-> Request 0
61
(2, 1, 1)
1
(43, 49)
-> Request 1
1071
(4, 3, 1)
3
(1, 29)
-> Request 2
1332
(4, 2, 2)
3
(11, 51)
--> Day : 1
-> Request 0
381
(4, 3, 1)
1
(66, 46)
-> Request 1
627
(4, 2, 2)
1
(43, 41)
-> Request 2
881
(3, 3, 1)
1
(6, 30)
-> Request 3
1370
(4, 1, 1)
2
(17, 36)
--> Day : 2
-> Request 0
1010
(3, 3, 2)
1
(17, 15)
--> Day : 3
-> Request 0
247
(1, 3, 2)
3
(11, 27)
-> Request 1
664
(3, 3, 1)
3
(22, 45)
-> Request 2
978
(3, 1, 1)
1
(21, 51)
--> Day : 4
-> Request 0
1115
(2, 1, 2)
1
(59, 63)
---> Week : 14
--> Day : 0
-> Request 0
114
(1, 2, 2)
2
(34, 72)
-> Request 1
193
(2, 1, 1)
3
(61, 7)
-> Request 2
503
(1, 1, 2)
1
(64, 2)
-> Request 3
604
(3, 1, 2)
2
(22, 62)
-> Request 4
916
(1, 1, 1)
3
(76, 1)
-> Request 5
1181
(1, 2, 1)
2
(49, 72)
--> Day : 1
-> Request 0
830
(4, 1, 1)
3
(44, 76)
--> Day : 2
-> Request 0
194
(2, 1, 1)
2
(59, 29)
-> Request 1
646
(4, 3, 2)
1
(39, 40)
-> Request 2
1011
(2, 3, 1)
3
(12, 33)
-> Request 3
1071
(3, 2, 2)
2
(29, 19)
-> Request 4
1361
(3, 2, 2)
2
(38, 47)
--> Day : 3
-> Request 0
181
(4, 3, 1)
2
(48, 69)
--> Day : 4
-> Request 0
538
(3, 3, 2)
2
(58, 54)
-> Request 1
1313
(3, 3, 2)
3
(71, 43)
-> Request 2
1341
(4, 1, 1)
2
(0, 71)
---> Week : 15
--> Day : 0
-> Request 0
809
(2, 1, 2)
3
(11, 4)
-> Request 1
1135
(2, 2, 1)
3
(23, 55)
-> Request 2
1210
(3, 3, 2)
1
(34, 47)
-> Request 3
1335
(4, 2, 1)
3
(37, 22)
--> Day : 1
-> Request 0
0
(1, 1, 2)
3
(70, 10)
-> Request 1
242
(2, 2, 1)
2
(51, 9)
-> Request 2
1353
(2, 1, 2)
2
(63, 62)
--> Day : 2
-> Request 0
210
(4, 1, 1)
1
(12, 15)
-> Request 1
533
(4, 1, 1)
3
(74, 18)
--> Day : 3
-> Request 0
48
(1, 3, 1)
2
(16, 73)
-> Request 1
209
(1, 3, 1)
2
(30, 57)
-> Request 2
442
(3, 1, 1)
3
(74, 12)
-> Request 3
474
(4, 1, 1)
2
(14, 68)
-> Request 4
1025
(2, 2, 2)
2
(17, 27)
-> Request 5
1169
(4, 1, 1)
3
(26, 71)
-> Request 6
1179
(2, 3, 2)
1
(63, 31)
--> Day : 4
-> Request 0
607
(2, 1, 1)
2
(45, 79)
-> Request 1
1081
(3, 1, 2)
2
(52, 54)
-> Request 2
1287
(3, 3, 2)
3
(40, 64)
-> Request 3
1292
(4, 2, 2)
1
(43, 50)
---> Week : 16
--> Day : 0
-> Request 0
314
(1, 2, 1)
1
(41, 36)
-> Request 1
545
(4, 3, 2)
3
(47, 51)
-> Request 2
1253
(3, 1, 1)
3
(37, 74)
--> Day : 1
-> Request 0
123
(4, 1, 2)
3
(25, 48)
-> Request 1
429
(4, 1, 1)
2
(48, 34)
-> Request 2
1133
(3, 3, 1)
3
(13, 0)
-> Request 3
1137
(1, 1, 1)
1
(22, 25)
--> Day : 2
-> Request 0
36
(3, 3, 1)
1
(59, 0)
-> Request 1
700
(2, 3, 2)
1
(32, 2)
--> Day : 3
-> Request 0
754
(1, 2, 1)
2
(20, 33)
-> Request 1
949
(4, 2, 1)
1
(1, 21)
--> Day : 4
-> Request 0
3
(1, 2, 1)
3
(29, 61)
-> Request 1
9
(3, 2, 2)
2
(36, 63)
-> Request 2
20
(4, 1, 1)
1
(77, 9)
-> Request 3
137
(3, 1, 1)
3
(58, 24)
-> Request 4
432
(1, 1, 1)
1
(51, 43)
-> Request 5
612
(3, 2, 2)
3
(79, 14)
-> Request 6
1374
(1, 2, 2)
1
(64, 42)
---> Week : 17
--> Day : 0
-> Request 0
477
(2, 1, 1)
3
(2, 77)
-> Request 1
631
(3, 3, 1)
3
(65, 49)
-> Request 2
648
(3, 3, 2)
1
(43, 67)
-> Request 3
808
(4, 2, 1)
1
(76, 12)
-> Request 4
1256
(4, 2, 2)
1
(27, 0)
--> Day : 1
-> Request 0
293
(2, 3, 2)
3
(37, 75)
-> Request 1
584
(1, 2, 1)
2
(32, 8)
-> Request 2
738
(1, 3, 2)
3
(66, 42)
-> Request 3
1370
(4, 2, 2)
1
(21, 4)
-> Request 4
1429
(1, 3, 2)
1
(55, 14)
--> Day : 2
-> Request 0
828
(1, 1, 1)
1
(57, 56)
--> Day : 3
-> Request 0
212
(2, 1, 1)
1
(55, 22)
-> Request 1
423
(2, 3, 2)
3
(10, 59)
-> Request 2
517
(3, 1, 2)
2
(30, 2)
-> Request 3
530
(3, 3, 2)
1
(57, 56)
-> Request 4
656
(4, 3, 2)
3
(66, 41)
-> Request 5
679
(3, 1, 1)
3
(9, 75)
-> Request 6
812
(2, 1, 1)
1
(29, 30)
-> Request 7
926
(4, 1, 2)
2
(55, 59)
-> Request 8
927
(2, 1, 2)
2
(40, 14)
-> Request 9
1115
(4, 1, 2)
3
(55, 48)
-> Request 10
1190
(1, 3, 1)
1
(12, 59)
--> Day : 4
-> Request 0
435
(1, 2, 1)
1
(1, 56)
-> Request 1
652
(4, 1, 2)
2
(8, 55)
-> Request 2
976
(1, 3, 2)
3
(35, 34)
---> Week : 18
--> Day : 0
-> Request 0
144
(4, 2, 1)
2
(27, 18)
-> Request 1
225
(2, 3, 1)
1
(72, 62)
-> Request 2
535
(1, 1, 1)
3
(4, 72)
-> Request 3
680
(4, 3, 2)
2
(56, 12)
--> Day : 1
-> Request 0
284
(1, 3, 1)
1
(76, 24)
-> Request 1
776
(3, 1, 2)
1
(19, 42)
-> Request 2
818
(4, 2, 2)
3
(72, 1)
-> Request 3
1120
(3, 3, 2)
1
(64, 39)
-> Request 4
1431
(4, 3, 1)
2
(68, 49)
--> Day : 2
-> Request 0
131
(4, 1, 1)
3
(9, 21)
-> Request 1
132
(4, 2, 2)
2
(73, 32)
-> Request 2
540
(4, 1, 2)
1
(14, 62)
-> Request 3
926
(3, 2, 1)
2
(49, 24)
-> Request 4
975
(1, 3, 1)
3
(27, 34)
-> Request 5
1248
(1, 1, 2)
2
(60, 47)
--> Day : 3
-> Request 0
173
(2, 1, 1)
2
(2, 56)
-> Request 1
426
(1, 2, 2)
3
(51, 52)
-> Request 2
898
(4, 1, 1)
3
(31, 72)
-> Request 3
1063
(2, 3, 1)
3
(25, 28)
--> Day : 4
-> Request 0
308
(4, 2, 1)
2
(32, 30)
-> Request 1
970
(3, 3, 2)
3
(13, 4)
-> Request 2
1067
(2, 1, 2)
2
(55, 3)
---> Week : 19
--> Day : 0
-> Request 0
162
(4, 2, 2)
3
(20, 75)
-> Request 1
1225
(3, 3, 1)
1
(40, 31)
--> Day : 1
-> Request 0
1115
(4, 2, 2)
1
(38, 38)
--> Day : 2
-> Request 0
176
(1, 2, 2)
1
(65, 69)
-> Request 1
344
(1, 3, 2)
3
(1, 20)
-> Request 2
572
(2, 1, 1)
1
(61, 55)
-> Request 3
809
(4, 3, 1)
2
(3, 53)
-> Request 4
1195
(2, 1, 1)
2
(75, 44)
--> Day : 3
-> Request 0
36
(4, 3, 1)
2
(61, 79)
-> Request 1
143
(3, 2, 2)
3
(0, 58)
-> Request 2
244
(2, 3, 2)
3
(43, 78)
-> Request 3
265
(1, 1, 1)
2
(9, 35)
-> Request 4
268
(2, 1, 1)
1
(70, 7)
-> Request 5
502
(3, 1, 2)
3
(14, 5)
-> Request 6
787
(1, 1, 1)
1
(65, 65)
--> Day : 4
-> Request 0
355
(4, 1, 1)
1
(62, 10)
-> Request 1
489
(4, 1, 2)
1
(68, 51)
-> Request 2
760
(1, 3, 2)
1
(15, 55)
-> Request 3
1367
(2, 2, 1)
2
(32, 26)
