---> Week : 0
--> Day : 0
-> Request 0
141
(4, 3, 2)
1
(34, 43)
-> Request 1
394
(3, 1, 1)
3
(14, 42)
-> Request 2
647
(4, 1, 1)
3
(6, 59)
-> Request 3
1201
(3, 1, 1)
1
(33, 37)
-> Request 4
1341
(2, 3, 1)
1
(45, 11)
--> Day : 1
-> Request 0
116
(3, 2, 1)
2
(63, 51)
-> Request 1
529
(2, 1, 1)
3
(17, 69)
-> Request 2
915
(3, 2, 2)
3
(78, 18)
-> Request 3
1399
(2, 2, 1)
1
(29, 47)
--> Day : 2
-> Request 0
42
(4, 2, 2)
2
(40, 62)
-> Request 1
287
(4, 2, 1)
2
(55, 68)
-> Request 2
406
(3, 1, 1)
2
(31, 74)
-> Request 3
553
(1, 3, 1)
3
(79, 16)
-> Request 4
1150
(1, 3, 2)
1
(35, 20)
--> Day : 3
-> Request 0
139
(3, 1, 1)
3
(40, 65)
-> Request 1
546
(3, 1, 2)
2
(78, 16)
-> Request 2
1201
(3, 3, 1)
3
(25, 3)
--> Day : 4
-> Request 0
231
(3, 1, 1)
3
(4, 71)
-> Request 1
608
(2, 2, 2)
2
(65, 35)
-> Request 2
684
(3, 3, 2)
1
(52, 2)
-> Request 3
688
(1, 3, 1)
3
(28, 8)
-> Request 4
1076
(4, 2, 2)
1
(58, 65)
-> Request 5
1314
(1, 1, 1)
3
(72, 69)
-> Request 6
1321
(1, 3, 2)
1
(32, 77)
---> Week : 1
--> Day : 0
-> Request 0
845
(4, 2, 1)
2
(76, 49)
--> Day : 1
-> Request 0
307
(1, 2, 1)
1
(18, 59)
-> Request 1
493
(1, 3, 2)
3
(25, 75)
-> Request 2
698
(2, 3, 2)
2
(20, 16)
--> Day : 2
-> Request 0
595
(4, 2, 1)
2
(39, 18)
-> Request 1
873
(1, 1, 1)
3
(67, 33)
-> Request 2
1326
(2, 2, 2)
3
(10, 49)
--> Day : 3
-> Request 0
35
(4, 1, 1)
2
(39, 35)
-> Request 1
68
(4, 3, 2)
1
(45, 70)
-> Request 2
220
(4, 1, 1)
2
(12, 64)
-> Request 3
246
(2, 2, 2)
2
(56, 74)
-> Request 4
397
(4, 1, 1)
3
(9, 55)
-> Request 5
509
(3, 1, 1)
3
(32, 75)
--> Day : 4
-> Request 0
372
(3, 3, 1)
2
(46, 64)
-> Request 1
1086
(1, 2, 1)
1
(14, 55)
-> Request 2
1355
(2, 3, 2)
3
(21, 0)
---> Week : 2
--> Day : 0
-> Request 0
215
(3, 2, 2)
1
(47, 29)
-> Request 1
854
(2, 3, 2)
3
(51, 70)
-> Request 2
1034
(4, 1, 1)
1
(33, 51)
--> Day : 1
-> Request 0
552
(4, 3, 2)
3
(10, 72)
-> Request 1
679
(4, 1, 2)
1
(50, 41)
-> Request 2
812
(2, 2, 1)
1
(54, 51)
-> Request 3
1036
(3, 3, 1)
2
(47, 10)
-> Request 4
1170
(2, 3, 1)
3
(44, 32)
-> Request 5
1276
(4, 2, 2)
2
(9, 63)
-> Request 6
1397
(1, 1, 1)
3
(3, 56)
-> Request 7
1439
(1, 2, 2)
2
(12, 29)
--> Day : 2
-> Request 0
47
(2, 3, 2)
2
(48, 42)
-> Request 1
96
(2, 2, 1)
3
(77, 56)
-> Request 2
162
(3, 3, 2)
3
(10, 46)
-> Request 3
840
(2, 2, 2)
2
(28, 48)
-> Request 4
916
(4, 1, 2)
3
(56, 25)
-> Request 5
1357
(1, 2, 2)
2
(50, 54)
--> Day : 3
-> Request 0
378
(4, 3, 2)
1
(56, 28)
--> Day : 4
-> Request 0
101
(1, 2, 2)
3
(5, 36)
-> Request 1
661
(2, 3, 1)
1
(8, 68)
-> Request 2
680
(3, 3, 2)
1
(65, 23)
-> Request 3
698
(2, 1, 1)
1
(49, 19)
-> Request 4
866
(1, 3, 2)
3
(2, 56)
-> Request 5
1342
(1, 2, 2)
1
(75, 31)
---> Week : 3
--> Day : 0
-> Request 0
31
(2, 1, 2)
3
(48, 38)
-> Request 1
536
(2, 1, 1)
2
(72, 1)
-> Request 2
569
(2, 2, 1)
2
(45, 73)
-> Request 3
719
(4, 1, 1)
2
(15, 22)
--> Day : 1
-> Request 0
55
(1, 2, 1)
2
(35, 18)
-> Request 1
184
(4, 2, 1)
2
(11, 63)
-> Request 2
1109
(4, 2, 2)
2
(56, 47)
--> Day : 2
-> Request 0
98
(1, 3, 2)
3
(12, 74)
--> Day : 3
-> Request 0
60
(4, 3, 2)
1
(58, 52)
-> Request 1
160
(4, 2, 1)
2
(48, 18)
-> Request 2
239
(1, 1, 2)
1
(78, 47)
-> Request 3
259
(3, 2, 2)
1
(41, 13)
-> Request 4
541
(3, 1, 2)
1
(64, 49)
--> Day : 4
-> Request 0
921
(4, 1, 2)
2
(47, 76)
-> Request 1
947
(3, 1, 2)
2
(29, 78)
-> Request 2
1208
(3, 3, 2)
2
(57, 37)
---> Week : 4
--> Day : 0
-> Request 0
45
(1, 1, 2)
1
(23, 65)
-> Request 1
963
(4, 1, 1)
2
(54, 40)
--> Day : 1
-> Request 0
10
(1, 3, 1)
2
(23, 28)
-> Request 1
35
(3, 3, 2)
2
(0, 1)
-> Request 2
64
(3, 3, 2)
3
(57, 11)
-> Request 3
422
(4, 1, 1)
3
(47, 59)
-> Request 4
463
(2, 2, 2)
1
(7, 77)
-> Request 5
625
(2, 1, 2)
2
(56, 50)
-> Request 6
796
(1, 1, 1)
3
(76, 54)
--> Day : 2
-> Request 0
254
(2, 3, 2)
2
(33, 48)
-> Request 1
320
(2, 2, 1)
3
(23, 30)
-> Request 2
1225
(4, 2, 1)
3
(65, 77)
-> Request 3
1294
(3, 3, 2)
2
(40, 46)
--> Day : 3
-> Request 0
417
(1, 1, 2)
1
(60, 45)
-> Request 1
499
(4, 2, 1)
3
(25, 3)
--> Day : 4
-> Request 0
776
(3, 1, 1)
3
(36, 12)
-> Request 1
877
(3, 1, 1)
3
(74, 6)
---> Week : 5
--> Day : 0
-> Request 0
378
(2, 1, 1)
1
(66, 11)
-> Request 1
1084
(3, 1, 2)
3
(15, 59)
-> Request 2
1382
(3, 3, 2)
1
(43, 30)
--> Day : 1
-> Request 0
1397
(3, 1, 1)
3
(37, 18)
--> Day : 2
-> Request 0
322
(2, 2, 2)
3
(4, 7)
-> Request 1
1224
(2, 3, 1)
3
(10, 51)
--> Day : 3
-> Request 0
352
(1, 1, 2)
3
(19, 32)
-> Request 1
493
(4, 2, 2)
1
(34, 46)
-> Request 2
840
(3, 3, 2)
3
(66, 3)
-> Request 3
1125
(3, 3, 2)
1
(57, 19)
--> Day : 4
-> Request 0
50
(1, 1, 1)
3
(11, 69)
-> Request 1
354
(1, 2, 1)
2
(30, 2)
---> Week : 6
--> Day : 0
-> Request 0
166
(2, 2, 2)
3
(55, 20)
-> Request 1
704
(1, 3, 2)
1
(57, 66)
-> Request 2
866
(1, 1, 2)
2
(9, 29)
-> Request 3
1023
(2, 2, 2)
2
(32, 33)
-> Request 4
1181
(4, 1, 1)
3
(42, 46)
--> Day : 1
-> Request 0
50
(4, 2, 1)
3
(45, 48)
-> Request 1
75
(4, 3, 2)
3
(24, 12)
-> Request 2
156
(3, 2, 2)
2
(24, 62)
-> Request 3
449
(2, 1, 1)
1
(0, 12)
-> Request 4
669
(3, 3, 1)
3
(75, 78)
-> Request 5
708
(3, 3, 1)
2
(73, 3)
-> Request 6
922
(2, 2, 2)
3
(38, 17)
-> Request 7
1008
(1, 2, 2)
2
(66, 73)
-> Request 8
1302
(2, 2, 1)
1
(64, 68)
--> Day : 2
-> Request 0
483
(4, 2, 2)
2
(42, 78)
-> Request 1
990
(3, 2, 1)
2
(63, 22)
-> Request 2
1150
(4, 1, 2)
1
(76, 60)
--> Day : 3
-> Request 0
158
(3, 2, 1)
3
(53, 39)
-> Request 1
171
(1, 1, 1)
1
(70, 22)
-> Request 2
325
(1, 2, 1)
2
(18, 31)
-> Request 3
783
(1, 1, 1)
3
(66, 18)
-> Request 4
1134
(4, 1, 1)
2
(24, 41)
--> Day : 4
-> Request 0
97
(1, 1, 1)
1
(54, 73)
-> Request 1
143
(2, 3, 1)
2
(61, 32)
-> Request 2
476
(1, 3, 2)
2
(59, 57)
-> Request 3
665
(3, 2, 2)
1
(29, 44)
-> Request 4
844
(3, 3, 2)
1
(52, 79)
-> Request 5
1072
(2, 3, 2)
3
(38, 64)
-> Request 6
1213
(3, 1, 2)
1
(18, 48)
---> Week : 7
--> Day : 0
-> Request 0
1092
(2, 2, 2)
1
(8, 75)
--> Day : 1
-> Request 0
128
(1, 2, 1)
1
(41, 76)
-> Request 1
128
(4, 3, 1)
2
(13, 25)
-> Request 2
726
(2, 3, 1)
3
(70, 57)
-> Request 3
761
(1, 1, 1)
3
(5, 43)
-> Request 4
895
(3, 3, 2)
2
(67, 20)
-> Request 5
984
(4, 1, 1)
1
(40, 2)
-> Request 6
1231
(2, 1, 2)
2
(18, 24)
--> Day : 2
-> Request 0
367
(1, 1, 1)
1
(12, 69)
-> Request 1
641
(1, 2, 2)
3
(26, 76)
-> Request 2
943
(2, 1, 2)
2
(33, 41)
-> Request 3
1067
(1, 3, 1)
3
(37, 17)
-> Request 4
1274
(2, 2, 2)
1
(8, 60)
--> Day : 3
-> Request 0
78
(4, 1, 1)
2
(33, 60)
-> Request 1
370
(4, 3, 1)
1
(13, 44)
-> Request 2
424
(2, 2, 2)
1
(15, 33)
-> Request 3
1276
(1, 2, 2)
3
(52, 10)
-> Request 4
1409
(1, 3, 1)
1
(59, 21)
--> Day : 4
-> Request 0
5
(1, 1, 1)
3
(73, 10)
-> Request 1
93
(2, 1, 2)
2
(61, 53)
-> Request 2
548
(2, 3, 1)
3
(22, 11)
-> Request 3
671
(4, 2, 1)
2
(26, 72)
-> Request 4
1024
(1, 2, 1)
1
(15, 12)
-> Request 5
1138
(1, 1, 1)
3
(46, 23)
---> Week : 8
--> Day : 0
-> Request 0
39
(2, 1, 2)
1
(70, 46)
-> Request 1
48
(1, 1, 2)
1
(52, 74)
-> Request 2
173
(3, 3, 1)
2
(44, 65)
-> Request 3
325
(4, 1, 2)
1
(70, 78)
-> Request 4
409
(2, 2, 2)
3
(58, 15)
-> Request 5
607
(3, 2, 2)
3
(64, 46)
-> Request 6
621
(4, 3, 2)
1
(76, 22)
-> Request 7
1206
(4, 2, 2)
3
(20, 57)
--> Day : 1
-> Request 0
253
(1, 1, 1)
3
(16, 47)
-> Request 1
292
(4, 3, 1)
1
(1, 0)
-> Request 2
503
(4, 3, 2)
3
(74, 77)
-> Request 3
619
(4, 3, 2)
3
(36, 16)
-> Request 4
829
(1, 2, 2)
2
(4, 44)
-> Request 5
888
(1, 2, 1)
2
(74, 70)
-> Request 6
1107
(3, 3, 2)
1
(63, 64)
-> Request 7
1161
(2, 3, 1)
1
(46, 15)
-> Request 8
1260
(4, 1, 1)
3
(62, 28)
--> Day : 2
-> Request 0
432
(2, 1, 1)
3
(14, 29)
-> Request 1
1122
(4, 2, 1)
1
(19, 64)
-> Request 2
1318
(4, 3, 2)
3
(0, 14)
--> Day : 3
-> Request 0
142
(1, 2, 1)
3
(44, 31)
-> Request 1
172
(3, 1, 2)
2
(13, 68)
-> Request 2
961
(4, 3, 1)
3
(74, 14)
--> Day : 4
-> Request 0
1206
(1, 1, 2)
3
(63, 46)
---> Week : 9
--> Day : 0
-> Request 0
120
(4, 2, 2)
2
(15, 15)
-> Request 1
340
(3, 3, 1)
2
(44, 43)
-> Request 2
345
(4, 1, 2)
3
(19, 69)
-> Request 3
352
(3, 2, 1)
1
(31, 7)
-> Request 4
996
(3, 2, 2)
3
(14, 61)
-> Request 5
1094
(4, 1, 1)
2
(26, 6)
-> Request 6
1326
(2, 1, 1)
1
(14, 58)
--> Day : 1
-> Request 0
170
(3, 1, 1)
1
(64, 66)
-> Request 1
613
(1, 3, 2)
2
(45, 24)
-> Request 2
900
(4, 2, 2)
3
(23, 55)
--> Day : 2
-> Request 0
48
(3, 1, 1)
1
(27, 59)
-> Request 1
222
(4, 2, 1)
3
(33, 5)
-> Request 2
1243
(3, 3, 1)
2
(45, 58)
--> Day : 3
-> Request 0
264
(1, 2, 2)
2
(30, 2)
-> Request 1
1395
(2, 1, 2)
3
(15, 37)
--> Day : 4
-> Request 0
226
(1, 2, 1)
3
(48, 30)
-> Request 1
410
(3, 1, 2)
3
(46, 58)
-> Request 2
533
(1, 3, 1)
2
(54, 41)
-> Request 3
965
(3, 2, 1)
3
(51, 8)
---> Week : 10
--> Day : 0
-> Request 0
170
(1, 1, 1)
2
(13, 58)
-> Request 1
735
(2, 1, 1)
2
(38, 6)
-> Request 2
1192
(1, 3, 1)
2
(68, 78)
-> Request 3
1426
(2, 2, 1)
2
(39, 76)
--> Day : 1
-> Request 0
245
(3, 1, 2)
2
(65, 55)
-> Request 1
870
(2, 3, 2)
3
(50, 62)
-> Request 2
983
(2, 1, 2)
1
(78, 60)
-> Request 3
1301
(2, 2, 2)
1
(73, 75)
--> Day : 2
-> Request 0
365
(1, 3, 2)
1
(60, 58)
-> Request 1
801
(2, 1, 2)
1
(1, 13)
-> Request 2
864
(1, 2, 2)
1
(57, 11)
--> Day : 3
-> Request 0
138
(3, 3, 2)
3
(56, 42)
-> Request 1
159
(4, 1, 1)
1
(77, 38)
-> Request 2
384
(1, 1, 1)
1
(52, 44)
-> Request 3
402
(3, 2, 1)
3
(13, 40)
-> Request 4
487
(2, 1, 2)
3
(78, 36)
-> Request 5
1012
(3, 1, 2)
2
(23, 32)
--> Day : 4
-> Request 0
30
(4, 1, 1)
1
(3, 28)
-> Request 1
91
(4, 2, 1)
2
(40, 71)
-> Request 2
167
(2, 3, 1)
1
(58, 48)
-> Request 3
812
(2, 3, 2)
1
(13, 42)
---> Week : 11
--> Day : 0
-> Request 0
50
(2, 1, 1)
2
(34, 46)
-> Request 1
51
(2, 3, 1)
1
(76, 35)
-> Request 2
89
(1, 2, 1)
2
(39, 22)
-> Request 3
243
(2, 3, 2)
3
(30, 70)
-> Request 4
365
(2, 3, 2)
3
(2, 51)
-> Request 5
1269
(1, 2, 2)
2
(66, 78)
--> Day : 1
-> Request 0
164
(1, 1, 1)
3
(72, 36)
-> Request 1
305
(3, 3, 2)
1
(28, 5)
-> Request 2
548
(2, 1, 1)
1
(46, 23)
-> Request 3
1014
(1, 3, 1)
2
(47, 59)
-> Request 4
1311
(3, 1, 1)
2
(55, 74)
--> Day : 2
-> Request 0
165
(1, 3, 2)
2
(51, 75)
-> Request 1
306
(1, 1, 2)
1
(50, 28)
-> Request 2
753
(4, 1, 2)
1
(29, 0)
--> Day : 3
-> Request 0
22
(3, 3, 2)
3
(65, 16)
-> Request 1
175
(3, 1, 2)
2
(17, 70)
-> Request 2
755
(1, 1, 2)
3
(16, 11)
-> Request 3
837
(1, 3, 1)
3
(16, 4)
-> Request 4
1184
(2, 3, 2)
1
(40, 47)
--> Day : 4
-> Request 0
862
(3, 1, 2)
3
(24, 28)
-> Request 1
1083
(4, 3, 1)
2
(66, 11)
---> Week : 12
--> Day : 0
-> Request 0
96
(3, 1, 1)
2
(24, 12)
-> Request 1
1333
(4, 3, 1)
2
(31, 42)
--> Day : 1
-> Request 0
217
(1, 1, 1)
2
(75, 14)
-> Request 1
1369
(4, 3, 2)
1
(0, 5)
--> Day : 2
-> Request 0
28
(1, 3, 2)
1
(25, 0)
-> Request 1
160
(2, 3, 1)
2
(24, 40)
-> Request 2
551
(3, 3, 1)
2
(18, 22)
-> Request 3
701
(4, 2, 2)
1
(8, 58)
-> Request 4
1184
(3, 2, 2)
2
(12, 29)
--> Day : 3
-> Request 0
473
(1, 1, 1)
3
(5, 48)
-> Request 1
680
(3, 1, 1)
2
(10, 67)
-> Request 2
809
(3, 2, 1)
1
(23, 24)
-> Request 3
1438
(2, 3, 2)
2
(10, 25)
--> Day : 4
-> Request 0
644
(2, 2, 2)
3
(33, 64)
-> Request 1
756
(2, 3, 1)
3
(16, 25)
-> Request 2
806
(3, 3, 2)
2
(41, 27)
-> Request 3
904
(1, 2, 2)
3
(65, 34)
-> Request 4
1321
(1, 2, 2)
2
(57, 24)
---> Week : 13
--> Day : 0
-> Request 0
193
(3, 1, 2)
3
(19, 5)
-> Request 1
293
(2, 2, 2)
3
(0, 63)
-> Request 2
617
(3, 2, 2)
1
(27, 67)
-> Request 3
677
(3, 1, 2)
3
(3, 62)
-> Request 4
1151
(4, 3, 1)
2
(47, 54)
--> Day : 1
-> Request 0
284
(4, 1, 2)
1
(7, 10)
-> Request 1
383
(4, 3, 2)
1
(75, 42)
-> Request 2
848
(3, 1, 1)
2
(13, 20)
-> Request 3
869
(1, 1, 2)
3
(74, 50)
--> Day : 2
-> Request 0
752
(2, 3, 1)
2
(32, 35)
-> Request 1
1270
(3, 2, 1)
2
(7, 43)
--> Day : 3
-> Request 0
118
(1, 1, 2)
2
(39, 7)
-> Request 1
159
(4, 3, 1)
2
(66, 66)
-> Request 2
811
(3, 3, 1)
1
(13, 64)
--> Day : 4
-> Request 0
262
(1, 1, 1)
2
(22, 56)
-> Request 1
506
(1, 1, 2)
1
(69, 55)
-> Request 2
719
(1, 3, 2)
3
(69, 2)
-> Request 3
1044
(1, 1, 2)
1
(7, 22)
-> Request 4
1116
(4, 2, 1)
2
(73, 64)
---> Week : 14
--> Day : 0
-> Request 0
134
(3, 2, 1)
1
(25, 45)
-> Request 1
1396
(1, 2, 1)
2
(12, 14)
--> Day : 1
-> Request 0
193
(1, 3, 2)
2
(51, 35)
-> Request 1
408
(1, 2, 2)
3
(49, 36)
-> Request 2
699
(4, 1, 1)
2
(77, 6)
-> Request 3
785
(1, 3, 2)
1
(25, 10)
-> Request 4
803
(1, 2, 1)
2
(67, 34)
-> Request 5
886
(4, 2, 1)
2
(67, 37)
-> Request 6
1096
(3, 1, 2)
3
(34, 61)
-> Request 7
1213
(2, 2, 2)
1
(19, 72)
--> Day : 2
-> Request 0
422
(1, 3, 2)
3
(49, 0)
-> Request 1
823
(1, 2, 1)
3
(7, 52)
-> Request 2
982
(2, 2, 2)
1
(51, 12)
--> Day : 3
-> Request 0
608
(1, 2, 2)
2
(56, 35)
--> Day : 4
-> Request 0
34
(4, 3, 1)
1
(46, 27)
-> Request 1
264
(4, 1, 1)
2
(7, 17)
---> Week : 15
--> Day : 0
-> Request 0
712
(3, 2, 1)
1
(1, 67)
--> Day : 1
-> Request 0
142
(2, 1, 1)
2
(63, 62)
-> Request 1
497
(4, 2, 1)
2
(69, 52)
-> Request 2
979
(3, 2, 2)
1
(10, 16)
-> Request 3
1070
(1, 3, 2)
3
(47, 53)
--> Day : 2
-> Request 0
198
(4, 1, 1)
3
(36, 5)
-> Request 1
326
(1, 2, 2)
1
(54, 20)
-> Request 2
845
(2, 2, 2)
3
(20, 62)
-> Request 3
1152
(2, 3, 1)
3
(39, 17)
-> Request 4
1213
(2, 3, 1)
3
(22, 78)
--> Day : 3
-> Request 0
1188
(4, 3, 1)
2
(26, 10)
--> Day : 4
-> Request 0
1348
(2, 3, 2)
2
(45, 66)
---> Week : 16
--> Day : 0
-> Request 0
820
(4, 3, 2)
2
(15, 27)
-> Request 1
1015
(3, 2, 1)
2
(41, 14)
-> Request 2
1137
(3, 3, 2)
2
(18, 42)
-> Request 3
1152
(3, 3, 1)
3
(3, 40)
-> Request 4
1215
(3, 2, 2)
3
(45, 44)
--> Day : 1
-> Request 0
515
(2, 3, 2)
2
(8, 35)
-> Request 1
600
(3, 3, 2)
2
(30, 4)
-> Request 2
645
(1, 2, 1)
2
(77, 43)
--> Day : 2
-> Request 0
1254
(3, 3, 1)
1
(77, 4)
--> Day : 3
-> Request 0
148
(1, 2, 2)
1
(13, 50)
-> Request 1
158
(1, 1, 1)
3
(31, 24)
-> Request 2
278
(1, 1, 1)
2
(44, 47)
-> Request 3
1074
(4, 1, 1)
2
(36, 58)
-> Request 4
1082
(4, 3, 2)
2
(35, 50)
--> Day : 4
-> Request 0
125
(1, 2, 2)
2
(43, 66)
-> Request 1
258
(2, 2, 1)
1
(71, 27)
---> Week : 17
--> Day : 0
-> Request 0
1053
(4, 1, 2)
2
(72, 15)
--> Day : 1
-> Request 0
658
(1, 3, 1)
1
(16, 29)
-> Request 1
733
(4, 3, 1)
1
(44, 55)
-> Request 2
804
(3, 2, 2)
3
(63, 25)
-> Request 3
985
(4, 2, 2)
2
(50, 10)
-> Request 4
1207
(4, 1, 1)
3
(15, 8)
-> Request 5
1232
(3, 1, 2)
1
(63, 73)
--> Day : 2
-> Request 0
620
(1, 1, 2)
3
(40, 55)
--> Day : 3
-> Request 0
73
(1, 1, 2)
1
(59, 6)
-> Request 1
311
(4, 3, 1)
1
(74, 7)
-> Request 2
903
(4, 2, 1)
3
(5, 71)
-> Request 3
953
(2, 2, 1)
2
(65, 18)
-> Request 4
1085
(2, 1, 1)
3
(52, 21)
-> Request 5
1243
(2, 1, 2)
2
(60, 33)
-> Request 6
1344
(4, 1, 1)
1
(31, 28)
--> Day : 4
-> Request 0
138
(1, 1, 2)
2
(77, 78)
-> Request 1
340
(1, 2, 2)
2
(67, 59)
-> Request 2
634
(1, 2, 2)
3
(42, 70)
-> Request 3
1180
(1, 1, 1)
1
(8, 65)
---> Week : 18
--> Day : 0
-> Request 0
19
(2, 2, 1)
1
(68, 41)
-> Request 1
260
(2, 3, 1)
1
(40, 41)
-> Request 2
706
(1, 3, 1)
1
(17, 30)
-> Request 3
792
(1, 3, 1)
2
(56, 7)
-> Request 4
1272
(4, 1, 2)
3
(14, 21)
--> Day : 1
-> Request 0
366
(3, 2, 1)
1
(67, 46)
-> Request 1
461
(4, 1, 2)
2
(25, 47)
-> Request 2
732
(1, 3, 2)
2
(50, 15)
-> Request 3
937
(1, 3, 1)
2
(43, 29)
-> Request 4
1030
(4, 3, 2)
3
(51, 51)
-> Request 5
1334
(4, 3, 1)
1
(21, 75)
-> Request 6
1337
(2, 3, 2)
1
(18, 4)
-> Request 7
1408
(1, 3, 2)
2
(12, 10)
--> Day : 2
-> Request 0
411
(2, 1, 1)
2
(22, 32)
-> Request 1
529
(3, 1, 1)
2
(7, 25)
-> Request 2
829
(4, 2, 1)
2
(64, 0)
-> Request 3
1048
(4, 2, 2)
1
(72, 61)
-> Request 4
1058
(3, 2, 2)
3
(77, 66)
-> Request 5
1211
(3, 3, 2)
1
(63, 39)
--> Day : 3
-> Request 0
310
(4, 3, 2)
3
(40, 62)
-> Request 1
565
(2, 2, 2)
3
(41, 40)
-> Request 2
1350
(4, 1, 2)
1
(18, 63)
--> Day : 4
-> Request 0
370
(3, 1, 1)
1
(27, 65)
-> Request 1
981
(2, 3, 2)
3
(41, 36)
-> Request 2
1009
(2, 1, 1)
2
(56, 17)
-> Request 3
1130
(1, 1, 2)
2
(49, 5)
---> Week : 19
--> Day : 0
-> Request 0
48
(2, 3, 1)
2
(32, 35)
-> Request 1
142
(4, 1, 2)
2
(22, 22)
-> Request 2
621
(4, 2, 1)
3
(74, 10)
--> Day : 1
-> Request 0
32
(1, 3, 2)
2
(25, 5)
-> Request 1
902
(2, 3, 2)
3
(39, 67)
-> Request 2
1082
(2, 2, 1)
2
(10, 27)
-> Request 3
1338
(1, 1, 1)
2
(66, 33)
--> Day : 2
-> Request 0
48
(1, 3, 2)
2
(35, 14)
-> Request 1
1220
(3, 3, 2)
3
(39, 62)
-> Request 2
1329
(4, 1, 1)
1
(35, 64)
--> Day : 3
-> Request 0
27
(1, 1, 1)
2
(75, 66)
-> Request 1
48
(4, 3, 1)
2
(69, 27)
-> Request 2
163
(2, 3, 2)
3
(50, 31)
-> Request 3
505
(2, 2, 2)
1
(25, 62)
-> Request 4
696
(3, 2, 1)
1
(54, 33)
-> Request 5
1326
(1, 1, 1)
1
(45, 2)
--> Day : 4
-> Request 0
212
(3, 1, 2)
2
(10, 36)
-> Request 1
392
(1, 3, 1)
2
(49, 21)
-> Request 2
464
(1, 3, 1)
2
(74, 66)
