---> Week : 0
--> Day : 0
-> Request 0
64
(3, 1, 2)
3
(72, 50)
-> Request 1
341
(2, 2, 2)
3
(29, 52)
-> Request 2
634
(4, 2, 2)
2
(28, 52)
-> Request 3
759
(2, 3, 1)
1
(48, 69)
-> Request 4
1334
(4, 3, 2)
3
(41, 74)
--> Day : 1
-> Request 0
308
(1, 2, 2)
3
(59, 72)
-> Request 1
465
(3, 2, 1)
3
(33, 78)
--> Day : 2
-> Request 0
226
(1, 2, 1)
3
(19, 36)
-> Request 1
229
(1, 2, 2)
3
(7, 74)
-> Request 2
365
(3, 2, 1)
2
(76, 42)
-> Request 3
819
(4, 2, 1)
2
(63, 74)
-> Request 4
838
(1, 1, 2)
3
(1, 33)
-> Request 5
1052
(2, 1, 1)
3
(27, 58)
-> Request 6
1384
(4, 3, 1)
2
(21, 79)
--> Day : 3
-> Request 0
33
(3, 3, 1)
1
(74, 12)
-> Request 1
268
(3, 1, 2)
3
(67, 22)
-> Request 2
318
(1, 1, 2)
3
(47, 6)
-> Request 3
750
(3, 1, 1)
2
(74, 15)
-> Request 4
878
(2, 3, 2)
2
(47, 60)
-> Request 5
1161
(4, 3, 2)
1
(29, 5)
-> Request 6
1261
(3, 3, 2)
2
(29, 23)
-> Request 7
1433
(2, 3, 2)
1
(49, 52)
--> Day : 4
-> Request 0
127
(3, 3, 2)
1
(53, 42)
-> Request 1
186
(1, 2, 2)
1
(29, 1)
-> Request 2
752
(2, 2, 2)
2
(45, 15)
-> Request 3
1072
(3, 3, 1)
2
(21, 37)
-> Request 4
1347
(1, 2, 1)
2
(6, 38)
-> Request 5
1406
(2, 2, 1)
2
(16, 0)
---> Week : 1
--> Day : 0
-> Request 0
440
(3, 1, 2)
3
(37, 8)
-> Request 1
904
(3, 2, 2)
2
(25, 48)
-> Request 2
1032
(1, 2, 1)
3
(7, 13)
-> Request 3
1200
(3, 2, 2)
3
(1, 0)
--> Day : 1
-> Request 0
16
(1, 2, 1)
1
(39, 4)
-> Request 1
238
(1, 1, 1)
2
(37, 46)
-> Request 2
510
(4, 3, 2)
2
(30, 71)
-> Request 3
1212
(4, 3, 2)
2
(6, 21)
-> Request 4
1290
(1, 1, 2)
2
(35, 64)
--> Day : 2
-> Request 0
66
(2, 1, 2)
3
(62, 13)
-> Request 1
341
(4, 1, 2)
3
(35, 55)
-> Request 2
868
(2, 3, 1)
1
(34, 18)
--> Day : 3
-> Request 0
567
(4, 2, 1)
3
(13, 31)
-> Request 1
1229
(2, 3, 2)
1
(47, 36)
-> Request 2
1435
(1, 1, 2)
2
(73, 44)
--> Day : 4
-> Request 0
579
(1, 2, 1)
3
(40, 41)
-> Request 1
869
(4, 2, 2)
2
(39, 32)
-> Request 2
911
(1, 2, 1)
2
(10, 9)
-> Request 3
1235
(4, 1, 1)
3
(28, 36)
---> Week : 2
--> Day : 0
-> Request 0
395
(4, 3, 1)
2
(12, 54)
-> Request 1
416
(4, 2, 2)
1
(76, 11)
-> Request 2
697
(2, 1, 2)
1
(15, 56)
--> Day : 1
-> Request 0
83
(2, 1, 2)
1
(78, 25)
-> Request 1
238
(4, 1, 1)
2
(61, 8)
-> Request 2
620
(4, 2, 2)
2
(43, 65)
-> Request 3
665
(4, 1, 1)
1
(56, 23)
-> Request 4
943
(1, 2, 2)
1
(27, 33)
-> Request 5
1158
(1, 1, 1)
2
(78, 62)
-> Request 6
1402
(1, 3, 2)
3
(57, 77)
--> Day : 2
-> Request 0
122
(1, 3, 1)
1
(9, 15)
-> Request 1
950
(1, 1, 2)
3
(1, 77)
-> Request 2
1334
(3, 2, 1)
3
(67, 33)
--> Day : 3
-> Request 0
1166
(3, 3, 2)
2
(33, 56)
-> Request 1
1430
(3, 3, 2)
3
(4, 35)
--> Day : 4
-> Request 0
592
(2, 3, 1)
3
(34, 55)
-> Request 1
784
(4, 1, 1)
3
(44, 38)
-> Request 2
1026
(2, 2, 2)
3
(62, 15)
---> Week : 3
--> Day : 0
-> Request 0
74
(3, 2, 2)
1
(63, 32)
-> Request 1
1209
(1, 1, 2)
3
(13, 21)
-> Request 2
1281
(4, 1, 2)
1
(23, 35)
--> Day : 1
-> Request 0
98
(2, 3, 2)
2
(75, 45)
-> Request 1
484
(4, 3, 1)
1
(68, 16)
-> Request 2
526
(1, 2, 1)
2
(16, 51)
-> Request 3
1384
(2, 3, 1)
1
(4, 41)
--> Day : 2
-> Request 0
180
(1, 2, 2)
2
(19, 35)
-> Request 1
298
(2, 1, 1)
3
(52, 36)
-> Request 2
360
(3, 1, 1)
1
(16, 13)
-> Request 3
431
(4, 2, 1)
1
(58, 67)
-> Request 4
517
(1, 3, 2)
1
(34, 4)
-> Request 5
1318
(2, 2, 1)
1
(0, 53)
-> Request 6
1418
(4, 1, 1)
1
(37, 28)
--> Day : 3
-> Request 0
324
(1, 3, 2)
1
(68, 62)
-> Request 1
408
(4, 3, 2)
1
(0, 48)
-> Request 2
869
(1, 3, 1)
1
(38, 10)
-> Request 3
1402
(4, 1, 2)
1
(57, 38)
--> Day : 4
---> Week : 4
--> Day : 0
-> Request 0
178
(3, 1, 1)
3
(51, 56)
-> Request 1
188
(4, 3, 1)
1
(52, 75)
-> Request 2
1160
(4, 2, 1)
2
(9, 65)
--> Day : 1
-> Request 0
119
(3, 1, 1)
3
(55, 20)
-> Request 1
393
(4, 3, 2)
3
(29, 32)
-> Request 2
588
(4, 2, 1)
2
(13, 7)
-> Request 3
602
(3, 2, 1)
2
(39, 46)
-> Request 4
644
(2, 1, 1)
1
(4, 58)
-> Request 5
812
(1, 1, 1)
1
(27, 1)
-> Request 6
853
(2, 3, 2)
3
(15, 28)
-> Request 7
1000
(1, 3, 2)
3
(54, 55)
-> Request 8
1133
(4, 1, 2)
3
(20, 22)
-> Request 9
1175
(3, 2, 1)
1
(28, 53)
-> Request 10
1334
(4, 3, 1)
3
(48, 45)
--> Day : 2
-> Request 0
555
(1, 2, 2)
3
(22, 8)
-> Request 1
1099
(1, 3, 1)
2
(42, 73)
-> Request 2
1237
(2, 2, 1)
1
(67, 4)
--> Day : 3
-> Request 0
193
(4, 1, 1)
2
(45, 10)
-> Request 1
304
(4, 2, 2)
1
(26, 76)
--> Day : 4
-> Request 0
87
(1, 2, 2)
1
(71, 23)
-> Request 1
158
(3, 2, 1)
3
(39, 42)
-> Request 2
349
(4, 2, 2)
2
(45, 50)
-> Request 3
583
(3, 2, 1)
1
(38, 40)
---> Week : 5
--> Day : 0
-> Request 0
120
(2, 3, 1)
1
(3, 9)
-> Request 1
340
(1, 3, 2)
1
(33, 55)
-> Request 2
476
(1, 3, 1)
1
(38, 40)
-> Request 3
576
(1, 3, 1)
3
(44, 18)
--> Day : 1
-> Request 0
263
(3, 3, 1)
2
(20, 36)
-> Request 1
470
(4, 1, 1)
3
(54, 46)
-> Request 2
772
(1, 1, 2)
3
(26, 51)
-> Request 3
932
(2, 3, 2)
1
(62, 13)
--> Day : 2
-> Request 0
451
(4, 2, 1)
1
(47, 20)
-> Request 1
571
(1, 2, 2)
3
(73, 63)
-> Request 2
1199
(2, 1, 1)
1
(36, 45)
-> Request 3
1368
(2, 1, 2)
2
(58, 32)
--> Day : 3
-> Request 0
564
(1, 3, 2)
2
(33, 58)
-> Request 1
797
(1, 1, 2)
3
(39, 65)
-> Request 2
1170
(4, 3, 1)
3
(6, 63)
--> Day : 4
-> Request 0
220
(4, 2, 1)
3
(58, 24)
-> Request 1
278
(2, 2, 2)
2
(79, 41)
---> Week : 6
--> Day : 0
-> Request 0
117
(3, 3, 1)
3
(57, 47)
-> Request 1
723
(2, 3, 2)
3
(70, 10)
-> Request 2
931
(1, 1, 1)
2
(47, 4)
-> Request 3
1140
(4, 1, 2)
2
(45, 51)
--> Day : 1
-> Request 0
236
(1, 1, 1)
3
(17, 78)
-> Request 1
414
(2, 3, 1)
2
(27, 15)
-> Request 2
441
(2, 3, 1)
1
(50, 52)
-> Request 3
659
(2, 3, 2)
2
(28, 12)
--> Day : 2
-> Request 0
291
(3, 2, 2)
2
(36, 8)
-> Request 1
381
(3, 1, 2)
1
(11, 3)
-> Request 2
693
(3, 1, 2)
2
(12, 57)
-> Request 3
719
(1, 1, 1)
2
(11, 40)
-> Request 4
1070
(4, 2, 2)
1
(48, 20)
-> Request 5
1435
(4, 3, 2)
1
(14, 66)
--> Day : 3
-> Request 0
216
(4, 1, 1)
2
(48, 31)
-> Request 1
555
(4, 2, 1)
3
(75, 55)
-> Request 2
598
(4, 1, 2)
1
(65, 30)
-> Request 3
1121
(4, 3, 1)
1
(35, 75)
--> Day : 4
-> Request 0
59
(2, 1, 2)
2
(43, 28)
-> Request 1
534
(2, 1, 2)
2
(8, 7)
-> Request 2
583
(2, 2, 2)
2
(1, 14)
-> Request 3
1102
(4, 3, 1)
1
(51, 61)
---> Week : 7
--> Day : 0
-> Request 0
692
(2, 3, 1)
3
(46, 40)
-> Request 1
853
(3, 1, 1)
3
(50, 60)
-> Request 2
956
(1, 3, 2)
1
(49, 11)
-> Request 3
992
(1, 3, 2)
2
(77, 68)
--> Day : 1
-> Request 0
24
(2, 1, 2)
2
(37, 45)
-> Request 1
65
(2, 1, 1)
1
(5, 66)
-> Request 2
101
(2, 3, 1)
2
(11, 48)
-> Request 3
323
(2, 1, 1)
2
(74, 69)
-> Request 4
568
(1, 1, 1)
2
(60, 79)
-> Request 5
650
(3, 1, 1)
2
(18, 28)
-> Request 6
1142
(3, 3, 1)
1
(42, 73)
--> Day : 2
-> Request 0
100
(3, 3, 2)
1
(8, 11)
-> Request 1
184
(2, 3, 1)
3
(50, 4)
-> Request 2
768
(3, 2, 1)
1
(51, 26)
-> Request 3
887
(1, 2, 1)
1
(25, 27)
-> Request 4
1321
(3, 3, 2)
3
(47, 60)
--> Day : 3
-> Request 0
184
(1, 3, 2)
3
(42, 30)
-> Request 1
1241
(1, 2, 1)
2
(45, 5)
-> Request 2
1402
(2, 2, 2)
3
(31, 4)
--> Day : 4
-> Request 0
399
(2, 2, 1)
1
(61, 7)
-> Request 1
557
(2, 2, 1)
2
(70, 67)
-> Request 2
786
(4, 1, 1)
3
(54, 11)
-> Request 3
979
(1, 2, 1)
1
(37, 73)
-> Request 4
1381
(2, 2, 1)
2
(28, 35)
---> Week : 8
--> Day : 0
-> Request 0
387
(3, 1, 1)
2
(21, 28)
-> Request 1
393
(4, 3, 2)
3
(56, 26)
-> Request 2
467
(1, 1, 2)
3
(66, 68)
--> Day : 1
-> Request 0
253
(1, 1, 1)
3
(62, 41)
-> Request 1
704
(3, 3, 2)
1
(0, 17)
-> Request 2
875
(2, 3, 1)
3
(65, 66)
-> Request 3
1024
(1, 3, 1)
1
(66, 50)
-> Request 4
1060
(3, 2, 1)
3
(44, 26)
-> Request 5
1060
(4, 3, 1)
1
(20, 54)
--> Day : 2
-> Request 0
837
(4, 3, 1)
3
(30, 44)
-> Request 1
912
(2, 3, 1)
2
(5, 2)
-> Request 2
926
(1, 3, 2)
1
(17, 60)
-> Request 3
1399
(2, 2, 1)
1
(55, 67)
--> Day : 3
-> Request 0
1185
(1, 2, 2)
3
(26, 34)
--> Day : 4
-> Request 0
0
(3, 1, 1)
2
(47, 63)
-> Request 1
665
(1, 1, 2)
3
(23, 17)
-> Request 2
1033
(1, 3, 1)
1
(38, 75)
---> Week : 9
--> Day : 0
-> Request 0
116
(3, 2, 2)
2
(15, 67)
-> Request 1
837
(3, 2, 1)
2
(4, 63)
-> Request 2
932
(2, 3, 2)
3
(10, 76)
-> Request 3
1037
(1, 1, 1)
2
(62, 67)
-> Request 4
1279
(4, 2, 1)
3
(22, 14)
--> Day : 1
-> Request 0
13
(2, 1, 2)
2
(37, 53)
-> Request 1
388
(2, 1, 2)
3
(62, 13)
-> Request 2
1123
(4, 1, 1)
1
(16, 75)
--> Day : 2
-> Request 0
10
(1, 2, 1)
3
(23, 67)
-> Request 1
519
(4, 2, 1)
1
(44, 39)
-> Request 2
556
(2, 2, 1)
3
(74, 28)
-> Request 3
856
(4, 1, 2)
1
(66, 31)
-> Request 4
913
(4, 2, 1)
3
(25, 69)
-> Request 5
984
(1, 1, 2)
3
(5, 67)
-> Request 6
992
(4, 3, 2)
2
(48, 51)
-> Request 7
1098
(3, 2, 1)
2
(30, 25)
-> Request 8
1223
(1, 3, 2)
1
(30, 11)
-> Request 9
1322
(2, 2, 1)
1
(62, 38)
--> Day : 3
-> Request 0
275
(2, 1, 2)
1
(6, 61)
-> Request 1
284
(1, 1, 2)
1
(56, 66)
-> Request 2
364
(4, 1, 1)
3
(14, 59)
-> Request 3
864
(1, 1, 1)
1
(17, 41)
-> Request 4
983
(2, 3, 1)
3
(23, 53)
-> Request 5
1066
(4, 1, 2)
1
(65, 60)
-> Request 6
1275
(4, 2, 1)
3
(55, 51)
--> Day : 4
-> Request 0
100
(2, 2, 2)
2
(41, 3)
-> Request 1
159
(2, 2, 2)
1
(18, 44)
-> Request 2
387
(2, 1, 1)
3
(2, 50)
-> Request 3
522
(3, 3, 1)
2
(17, 11)
-> Request 4
836
(4, 3, 1)
3
(25, 6)
-> Request 5
1009
(1, 2, 2)
1
(23, 27)
-> Request 6
1241
(3, 1, 1)
2
(36, 7)
---> Week : 10
--> Day : 0
-> Request 0
567
(4, 3, 1)
1
(57, 34)
-> Request 1
918
(1, 2, 2)
1
(18, 57)
-> Request 2
920
(4, 2, 2)
1
(2, 3)
--> Day : 1
-> Request 0
79
(4, 3, 1)
3
(67, 52)
-> Request 1
597
(3, 1, 1)
1
(69, 10)
-> Request 2
1129
(3, 1, 1)
2
(62, 71)
--> Day : 2
-> Request 0
321
(2, 1, 2)
1
(76, 45)
-> Request 1
393
(1, 3, 1)
2
(31, 42)
-> Request 2
1093
(3, 2, 1)
1
(75, 73)
--> Day : 3
-> Request 0
210
(2, 3, 1)
3
(19, 76)
-> Request 1
430
(2, 2, 1)
3
(20, 25)
-> Request 2
475
(1, 3, 1)
1
(22, 55)
-> Request 3
1233
(3, 1, 1)
2
(46, 0)
--> Day : 4
-> Request 0
1304
(4, 1, 2)
1
(67, 16)
---> Week : 11
--> Day : 0
-> Request 0
260
(3, 3, 2)
2
(64, 33)
-> Request 1
466
(3, 3, 1)
2
(8, 57)
-> Request 2
689
(3, 3, 2)
1
(64, 12)
-> Request 3
1242
(1, 3, 1)
1
(48, 22)
--> Day : 1
-> Request 0
195
(4, 1, 1)
2
(23, 63)
-> Request 1
610
(1, 1, 1)
1
(25, 0)
--> Day : 2
-> Request 0
94
(1, 3, 2)
2
(68, 75)
-> Request 1
562
(2, 1, 1)
3
(56, 8)
-> Request 2
670
(1, 1, 2)
2
(23, 17)
-> Request 3
773
(4, 1, 1)
2
(5, 26)
-> Request 4
1024
(3, 1, 1)
2
(19, 44)
-> Request 5
1137
(4, 2, 2)
2
(57, 10)
-> Request 6
1325
(1, 1, 1)
1
(28, 57)
--> Day : 3
-> Request 0
44
(1, 2, 1)
2
(34, 27)
-> Request 1
533
(2, 3, 1)
1
(70, 33)
--> Day : 4
-> Request 0
168
(4, 1, 2)
3
(68, 48)
-> Request 1
317
(2, 2, 2)
1
(70, 16)
-> Request 2
1343
(3, 1, 1)
1
(76, 23)
---> Week : 12
--> Day : 0
-> Request 0
494
(3, 1, 1)
3
(60, 15)
--> Day : 1
-> Request 0
470
(3, 2, 2)
1
(2, 45)
-> Request 1
893
(3, 1, 2)
2
(17, 36)
--> Day : 2
-> Request 0
608
(4, 3, 2)
1
(40, 17)
-> Request 1
971
(2, 2, 2)
1
(65, 54)
-> Request 2
1125
(1, 2, 2)
3
(64, 65)
-> Request 3
1186
(4, 3, 1)
2
(7, 0)
-> Request 4
1346
(3, 2, 2)
1
(63, 35)
-> Request 5
1349
(3, 1, 1)
3
(33, 59)
--> Day : 3
-> Request 0
398
(4, 2, 2)
1
(50, 19)
-> Request 1
1025
(4, 3, 2)
3
(64, 9)
-> Request 2
1219
(2, 3, 1)
1
(9, 67)
-> Request 3
1232
(4, 1, 1)
3
(51, 44)
-> Request 4
1255
(1, 3, 2)
1
(13, 34)
--> Day : 4
-> Request 0
115
(4, 1, 2)
2
(37, 33)
-> Request 1
117
(1, 2, 2)
3
(26, 74)
-> Request 2
716
(2, 1, 2)
3
(58, 12)
---> Week : 13
--> Day : 0
-> Request 0
184
(4, 2, 1)
3
(1, 76)
-> Request 1
802
(3, 2, 1)
1
(52, 63)
--> Day : 1
-> Request 0
528
(4, 2, 1)
2
(61, 33)
-> Request 1
564
(3, 2, 2)
2
(55, 73)
-> Request 2
627
(1, 2, 1)
1
(42, 67)
-> Request 3
726
(4, 2, 1)
2
(1, 68)
-> Request 4
1014
(1, 3, 1)
1
(8, 58)
--> Day : 2
-> Request 0
63
(4, 3, 2)
3
(6, 2)
-> Request 1
79
(4, 1, 2)
1
(65, 32)
-> Request 2
252
(4, 2, 1)
2
(45, 29)
-> Request 3
633
(2, 3, 1)
3
(69, 44)
-> Request 4
802
(4, 2, 1)
3
(46, 6)
-> Request 5
975
(1, 1, 2)
3
(61, 63)
-> Request 6
1050
(1, 3, 2)
3
(48, 5)
-> Request 7
1360
(2, 1, 2)
1
(47, 18)
--> Day : 3
-> Request 0
494
(2, 2, 2)
2
(42, 51)
-> Request 1
525
(3, 1, 2)
2
(12, 49)
-> Request 2
537
(1, 3, 1)
2
(48, 37)
-> Request 3
840
(3, 1, 1)
3
(39, 77)
-> Request 4
1103
(3, 2, 1)
3
(5, 57)
--> Day : 4
-> Request 0
214
(2, 2, 2)
1
(2, 44)
-> Request 1
215
(3, 1, 2)
3
(10, 12)
-> Request 2
751
(2, 1, 1)
3
(32, 54)
-> Request 3
832
(1, 2, 2)
2
(13, 15)
---> Week : 14
--> Day : 0
-> Request 0
118
(1, 1, 2)
2
(41, 37)
-> Request 1
247
(3, 2, 2)
1
(65, 2)
-> Request 2
638
(2, 2, 2)
1
(77, 36)
-> Request 3
672
(2, 3, 1)
2
(59, 45)
-> Request 4
993
(2, 2, 1)
2
(66, 21)
-> Request 5
1089
(3, 3, 2)
1
(64, 50)
-> Request 6
1183
(3, 1, 1)
1
(17, 51)
--> Day : 1
-> Request 0
324
(3, 1, 1)
2
(71, 67)
-> Request 1
1054
(3, 3, 1)
1
(49, 76)
-> Request 2
1309
(2, 2, 1)
2
(54, 57)
--> Day : 2
-> Request 0
754
(3, 2, 1)
1
(46, 46)
-> Request 1
884
(1, 3, 2)
2
(32, 40)
-> Request 2
888
(2, 3, 2)
1
(55, 44)
-> Request 3
1114
(4, 3, 1)
2
(16, 2)
-> Request 4
1159
(3, 1, 2)
3
(61, 79)
--> Day : 3
-> Request 0
114
(2, 2, 1)
1
(2, 76)
-> Request 1
303
(1, 3, 1)
1
(50, 48)
-> Request 2
540
(2, 2, 2)
3
(55, 54)
-> Request 3
1044
(2, 2, 1)
1
(18, 64)
-> Request 4
1398
(2, 3, 2)
2
(10, 54)
-> Request 5
1420
(1, 1, 1)
1
(33, 27)
--> Day : 4
-> Request 0
133
(1, 1, 2)
2
(34, 53)
-> Request 1
509
(4, 3, 1)
1
(49, 28)
---> Week : 15
--> Day : 0
-> Request 0
281
(3, 1, 2)
3
(65, 10)
-> Request 1
824
(4, 1, 1)
2
(53, 7)
-> Request 2
867
(2, 2, 2)
3
(24, 27)
-> Request 3
1147
(4, 2, 2)
2
(70, 44)
--> Day : 1
-> Request 0
536
(4, 2, 2)
1
(78, 55)
-> Request 1
649
(4, 3, 1)
1
(8, 48)
-> Request 2
755
(3, 1, 1)
2
(37, 29)
-> Request 3
831
(4, 1, 2)
1
(61, 14)
-> Request 4
1188
(4, 3, 2)
3
(30, 31)
--> Day : 2
-> Request 0
376
(4, 3, 1)
1
(0, 20)
--> Day : 3
-> Request 0
277
(2, 3, 2)
3
(2, 67)
-> Request 1
450
(1, 3, 2)
3
(8, 26)
-> Request 2
521
(4, 1, 2)
2
(21, 26)
-> Request 3
729
(2, 2, 2)
1
(15, 36)
--> Day : 4
-> Request 0
33
(3, 2, 2)
1
(19, 38)
-> Request 1
1052
(2, 3, 1)
3
(8, 4)
---> Week : 16
--> Day : 0
-> Request 0
363
(2, 2, 1)
1
(54, 57)
-> Request 1
438
(4, 3, 1)
1
(56, 14)
-> Request 2
441
(1, 3, 1)
2
(8, 19)
-> Request 3
679
(3, 2, 2)
1
(75, 58)
-> Request 4
1307
(4, 3, 1)
1
(12, 79)
-> Request 5
1336
(2, 2, 2)
1
(32, 21)
--> Day : 1
-> Request 0
620
(2, 3, 2)
2
(30, 6)
-> Request 1
636
(2, 2, 1)
1
(65, 61)
-> Request 2
849
(3, 3, 1)
2
(43, 51)
-> Request 3
1377
(3, 1, 2)
1
(55, 46)
--> Day : 2
-> Request 0
329
(1, 1, 2)
3
(14, 34)
-> Request 1
415
(3, 3, 2)
3
(63, 22)
-> Request 2
1114
(4, 2, 2)
3
(69, 41)
-> Request 3
1292
(1, 1, 1)
1
(60, 16)
--> Day : 3
-> Request 0
292
(1, 2, 2)
3
(10, 63)
-> Request 1
1179
(1, 3, 1)
3
(3, 13)
-> Request 2
1390
(2, 2, 1)
1
(7, 19)
-> Request 3
1390
(1, 2, 2)
3
(5, 75)
--> Day : 4
-> Request 0
1023
(3, 3, 2)
1
(26, 79)
---> Week : 17
--> Day : 0
-> Request 0
171
(3, 1, 1)
2
(58, 52)
-> Request 1
274
(3, 1, 2)
1
(63, 40)
-> Request 2
943
(1, 3, 2)
1
(19, 37)
-> Request 3
1183
(4, 3, 2)
2
(57, 18)
--> Day : 1
-> Request 0
39
(2, 3, 1)
1
(54, 15)
-> Request 1
163
(2, 1, 1)
3
(58, 45)
-> Request 2
406
(2, 2, 2)
2
(23, 14)
-> Request 3
780
(3, 2, 2)
3
(61, 60)
-> Request 4
916
(3, 2, 2)
3
(21, 40)
--> Day : 2
-> Request 0
309
(2, 3, 1)
2
(74, 45)
-> Request 1
413
(2, 3, 2)
3
(56, 30)
-> Request 2
1291
(3, 1, 2)
1
(61, 17)
--> Day : 3
-> Request 0
1039
(4, 1, 1)
1
(78, 28)
-> Request 1
1367
(1, 1, 2)
3
(72, 58)
--> Day : 4
-> Request 0
51
(3, 2, 2)
2
(46, 42)
-> Request 1
317
(4, 3, 1)
1
(67, 9)
-> Request 2
684
(3, 2, 1)
1
(76, 70)
---> Week : 18
--> Day : 0
-> Request 0
215
(4, 1, 2)
2
(63, 12)
-> Request 1
506
(2, 3, 2)
2
(68, 5)
-> Request 2
1054
(2, 2, 1)
2
(44, 19)
-> Request 3
1234
(3, 3, 2)
3
(6, 39)
--> Day : 1
--> Day : 2
-> Request 0
733
(2, 2, 1)
2
(64, 54)
--> Day : 3
-> Request 0
114
(3, 3, 2)
1
(49, 18)
-> Request 1
748
(1, 2, 2)
1
(32, 3)
-> Request 2
842
(1, 1, 2)
2
(19, 66)
--> Day : 4
-> Request 0
465
(4, 1, 1)
2
(44, 3)
-> Request 1
911
(4, 3, 1)
2
(53, 68)
---> Week : 19
--> Day : 0
-> Request 0
848
(4, 3, 2)
2
(44, 47)
-> Request 1
953
(1, 2, 1)
2
(10, 73)
--> Day : 1
-> Request 0
107
(4, 3, 1)
2
(54, 59)
-> Request 1
206
(4, 1, 1)
3
(44, 17)
-> Request 2
784
(1, 2, 2)
1
(0, 15)
-> Request 3
1096
(2, 1, 1)
3
(11, 68)
-> Request 4
1106
(4, 2, 2)
2
(40, 11)
-> Request 5
1180
(2, 3, 1)
2
(55, 51)
-> Request 6
1382
(2, 2, 2)
1
(19, 37)
--> Day : 2
-> Request 0
294
(2, 2, 2)
2
(38, 71)
-> Request 1
1108
(2, 1, 2)
1
(37, 6)
-> Request 2
1204
(1, 3, 1)
1
(21, 19)
--> Day : 3
-> Request 0
810
(4, 3, 1)
2
(5, 37)
-> Request 1
1333
(3, 2, 2)
1
(1, 58)
-> Request 2
1424
(4, 2, 1)
1
(27, 64)
--> Day : 4
-> Request 0
45
(1, 2, 1)
3
(1, 79)
-> Request 1
311
(1, 2, 1)
1
(10, 79)
-> Request 2
1045
(1, 2, 1)
3
(70, 42)
-> Request 3
1205
(4, 1, 2)
1
(18, 52)
