---> Week : 0
--> Day : 0
-> Request 0
269
(4, 3, 2)
3
(30, 58)
-> Request 1
812
(1, 3, 2)
2
(20, 24)
-> Request 2
831
(4, 3, 2)
3
(40, 34)
-> Request 3
1316
(2, 3, 2)
2
(55, 57)
--> Day : 1
-> Request 0
61
(2, 3, 2)
3
(59, 67)
-> Request 1
723
(3, 1, 1)
3
(64, 19)
--> Day : 2
-> Request 0
151
(1, 3, 2)
2
(21, 65)
-> Request 1
432
(3, 1, 2)
2
(32, 37)
-> Request 2
629
(3, 2, 1)
1
(67, 65)
-> Request 3
771
(3, 2, 2)
3
(53, 44)
-> Request 4
933
(3, 2, 1)
3
(9, 32)
-> Request 5
1100
(3, 1, 2)
3
(33, 58)
-> Request 6
1215
(3, 2, 1)
2
(58, 25)
-> Request 7
1400
(3, 1, 2)
2
(22, 19)
--> Day : 3
-> Request 0
538
(1, 1, 1)
2
(14, 78)
-> Request 1
1080
(4, 1, 1)
1
(58, 59)
-> Request 2
1244
(3, 3, 1)
2
(56, 32)
--> Day : 4
-> Request 0
77
(1, 3, 2)
1
(16, 69)
-> Request 1
403
(4, 2, 2)
3
(21, 55)
---> Week : 1
--> Day : 0
-> Request 0
321
(4, 2, 1)
2
(49, 43)
-> Request 1
1090
(3, 1, 1)
3
(64, 19)
-> Request 2
1130
(4, 3, 2)
3
(51, 71)
-> Request 3
1285
(3, 3, 1)
1
(17, 51)
--> Day : 1
-> Request 0
220
(1, 2, 2)
3
(79, 48)
-> Request 1
244
(2, 3, 2)
2
(36, 31)
-> Request 2
412
(2, 2, 1)
1
(49, 18)
-> Request 3
747
(3, 3, 2)
1
(9, 21)
-> Request 4
1266
(1, 3, 1)
3
(76, 46)
-> Request 5
1294
(1, 3, 2)
2
(9, 13)
--> Day : 2
-> Request 0
1089
(1, 1, 2)
2
(34, 1)
-> Request 1
1234
(4, 2, 1)
1
(3, 15)
--> Day : 3
-> Request 0
123
(2, 2, 1)
2
(56, 75)
-> Request 1
211
(4, 3, 1)
3
(73, 57)
-> Request 2
292
(3, 3, 1)
1
(41, 18)
-> Request 3
790
(3, 1, 2)
2
(34, 46)
--> Day : 4
-> Request 0
32
(1, 2, 1)
3
(4, 50)
-> Request 1
375
(2, 2, 2)
2
(30, 14)
-> Request 2
788
(2, 2, 1)
2
(73, 36)
-> Request 3
1063
(1, 1, 2)
1
(56, 69)
-> Request 4
1308
(2, 2, 1)
2
(31, 0)
---> Week : 2
--> Day : 0
-> Request 0
59
(4, 1, 2)
1
(62, 27)
-> Request 1
63
(2, 2, 2)
1
(72, 14)
-> Request 2
268
(1, 3, 2)
3
(29, 0)
-> Request 3
484
(2, 1, 2)
2
(54, 46)
-> Request 4
516
(4, 1, 1)
2
(47, 42)
-> Request 5
579
(1, 1, 1)
3
(50, 35)
-> Request 6
948
(1, 3, 1)
2
(19, 19)
-> Request 7
1359
(2, 2, 2)
1
(0, 51)
--> Day : 1
-> Request 0
143
(1, 1, 2)
2
(75, 3)
--> Day : 2
-> Request 0
504
(2, 2, 2)
2
(68, 60)
-> Request 1
586
(3, 2, 2)
3
(51, 63)
-> Request 2
935
(2, 2, 2)
2
(58, 45)
-> Request 3
1171
(4, 3, 1)
2
(14, 43)
--> Day : 3
-> Request 0
124
(3, 3, 1)
2
(65, 39)
-> Request 1
276
(4, 3, 1)
1
(54, 15)
-> Request 2
560
(2, 3, 1)
1
(46, 17)
-> Request 3
687
(3, 1, 1)
1
(30, 23)
-> Request 4
695
(4, 1, 2)
3
(52, 58)
-> Request 5
1143
(4, 3, 1)
3
(56, 60)
-> Request 6
1273
(4, 1, 2)
2
(32, 44)
--> Day : 4
-> Request 0
54
(1, 1, 1)
2
(61, 36)
-> Request 1
112
(2, 1, 2)
1
(75, 65)
-> Request 2
734
(3, 3, 1)
3
(48, 0)
-> Request 3
834
(4, 1, 2)
3
(62, 78)
-> Request 4
1060
(2, 2, 2)
3
(64, 0)
-> Request 5
1413
(4, 1, 1)
1
(52, 12)
---> Week : 3
--> Day : 0
--> Day : 1
-> Request 0
145
(1, 3, 2)
1
(72, 15)
-> Request 1
227
(3, 2, 2)
1
(42, 61)
-> Request 2
484
(4, 3, 2)
2
(33, 10)
-> Request 3
530
(2, 3, 1)
2
(55, 70)
-> Request 4
890
(4, 3, 1)
1
(41, 76)
-> Request 5
893
(3, 3, 2)
2
(60, 25)
-> Request 6
927
(3, 1, 1)
1
(15, 26)
--> Day : 2
--> Day : 3
-> Request 0
191
(1, 1, 2)
2
(62, 52)
-> Request 1
217
(3, 1, 2)
3
(32, 50)
-> Request 2
992
(2, 3, 2)
2
(66, 61)
-> Request 3
1026
(3, 2, 2)
2
(39, 53)
-> Request 4
1027
(2, 1, 1)
2
(22, 53)
-> Request 5
1263
(3, 1, 2)
3
(50, 75)
-> Request 6
1280
(3, 3, 2)
3
(56, 78)
--> Day : 4
-> Request 0
8
(2, 3, 1)
2
(32, 61)
-> Request 1
968
(3, 3, 1)
3
(40, 48)
-> Request 2
1381
(2, 1, 1)
1
(16, 53)
---> Week : 4
--> Day : 0
-> Request 0
814
(2, 1, 2)
3
(13, 0)
--> Day : 1
-> Request 0
243
(1, 1, 1)
2
(79, 68)
-> Request 1
1186
(3, 3, 1)
3
(34, 41)
-> Request 2
1423
(2, 1, 2)
2
(33, 55)
--> Day : 2
-> Request 0
201
(4, 3, 1)
3
(50, 0)
--> Day : 3
-> Request 0
357
(2, 3, 2)
3
(40, 17)
-> Request 1
815
(3, 1, 2)
1
(42, 49)
-> Request 2
1070
(2, 1, 2)
2
(49, 70)
-> Request 3
1114
(2, 1, 2)
2
(41, 19)
-> Request 4
1242
(1, 2, 2)
3
(49, 61)
--> Day : 4
-> Request 0
573
(3, 3, 1)
2
(18, 78)
-> Request 1
773
(4, 1, 1)
2
(2, 79)
---> Week : 5
--> Day : 0
-> Request 0
121
(4, 3, 1)
2
(39, 31)
-> Request 1
364
(1, 2, 2)
3
(61, 5)
-> Request 2
737
(2, 2, 2)
3
(22, 48)
-> Request 3
1385
(2, 3, 2)
2
(70, 67)
--> Day : 1
-> Request 0
418
(1, 1, 1)
2
(56, 26)
-> Request 1
960
(3, 1, 1)
3
(43, 32)
--> Day : 2
-> Request 0
126
(4, 2, 1)
3
(18, 20)
-> Request 1
1122
(4, 2, 2)
2
(47, 1)
-> Request 2
1201
(4, 1, 2)
3
(27, 47)
-> Request 3
1389
(3, 3, 2)
3
(13, 10)
--> Day : 3
-> Request 0
148
(1, 3, 2)
2
(9, 14)
-> Request 1
723
(1, 2, 2)
1
(17, 6)
-> Request 2
776
(4, 3, 1)
1
(71, 66)
-> Request 3
814
(3, 3, 2)
3
(58, 10)
--> Day : 4
-> Request 0
188
(3, 2, 1)
1
(13, 2)
-> Request 1
494
(1, 2, 2)
2
(73, 19)
-> Request 2
620
(4, 2, 2)
3
(45, 73)
-> Request 3
1241
(4, 3, 2)
3
(30, 35)
-> Request 4
1375
(4, 3, 2)
1
(3, 49)
---> Week : 6
--> Day : 0
-> Request 0
334
(4, 1, 2)
2
(50, 21)
-> Request 1
856
(4, 1, 1)
3
(28, 30)
--> Day : 1
-> Request 0
12
(1, 1, 1)
1
(73, 56)
-> Request 1
80
(1, 1, 2)
1
(78, 33)
-> Request 2
388
(1, 2, 2)
3
(26, 13)
--> Day : 2
-> Request 0
102
(4, 1, 2)
3
(70, 71)
-> Request 1
120
(4, 1, 1)
3
(68, 7)
-> Request 2
135
(1, 1, 2)
3
(7, 72)
-> Request 3
230
(4, 1, 2)
1
(46, 10)
-> Request 4
541
(3, 1, 1)
1
(5, 58)
-> Request 5
668
(3, 3, 2)
2
(71, 53)
-> Request 6
847
(3, 2, 1)
3
(57, 40)
-> Request 7
1377
(3, 1, 2)
3
(66, 17)
--> Day : 3
-> Request 0
41
(2, 1, 1)
3
(65, 52)
-> Request 1
763
(1, 1, 2)
3
(4, 79)
-> Request 2
950
(1, 3, 1)
2
(0, 52)
--> Day : 4
---> Week : 7
--> Day : 0
-> Request 0
214
(4, 3, 2)
1
(44, 20)
-> Request 1
270
(1, 3, 1)
2
(17, 5)
-> Request 2
1017
(3, 2, 2)
3
(57, 79)
--> Day : 1
-> Request 0
714
(3, 1, 1)
3
(41, 65)
-> Request 1
1132
(1, 2, 2)
3
(24, 16)
-> Request 2
1183
(4, 1, 1)
3
(2, 17)
-> Request 3
1229
(3, 1, 2)
1
(62, 25)
-> Request 4
1297
(4, 1, 2)
3
(58, 67)
--> Day : 2
-> Request 0
350
(4, 3, 2)
1
(37, 5)
-> Request 1
799
(4, 3, 2)
1
(74, 58)
--> Day : 3
-> Request 0
251
(3, 2, 1)
2
(67, 64)
-> Request 1
988
(1, 2, 2)
1
(74, 47)
-> Request 2
991
(2, 3, 1)
3
(77, 5)
--> Day : 4
-> Request 0
726
(2, 1, 2)
2
(72, 57)
-> Request 1
835
(3, 1, 2)
2
(23, 74)
-> Request 2
1202
(2, 1, 1)
1
(56, 25)
---> Week : 8
--> Day : 0
-> Request 0
314
(2, 2, 2)
2
(43, 30)
-> Request 1
446
(2, 1, 2)
2
(16, 60)
-> Request 2
457
(2, 3, 2)
1
(42, 55)
-> Request 3
625
(4, 3, 1)
3
(57, 56)
--> Day : 1
-> Request 0
48
(2, 3, 2)
3
(11, 50)
-> Request 1
170
(3, 1, 1)
2
(32, 79)
-> Request 2
170
(4, 2, 2)
1
(51, 16)
-> Request 3
407
(2, 3, 1)
1
(23, 24)
-> Request 4
621
(4, 3, 1)
3
(70, 20)
-> Request 5
646
(2, 1, 1)
3
(64, 18)
-> Request 6
894
(4, 1, 2)
1
(47, 35)
-> Request 7
1137
(4, 2, 1)
1
(2, 5)
-> Request 8
1234
(4, 2, 1)
2
(74, 42)
-> Request 9
1410
(2, 2, 2)
1
(9, 10)
--> Day : 2
-> Request 0
1
(4, 1, 2)
3
(1, 54)
-> Request 1
212
(3, 3, 1)
1
(74, 47)
-> Request 2
299
(4, 2, 1)
3
(47, 31)
-> Request 3
912
(1, 3, 2)
2
(22, 62)
-> Request 4
1097
(1, 3, 2)
2
(16, 14)
-> Request 5
1242
(4, 3, 1)
2
(8, 28)
--> Day : 3
-> Request 0
313
(4, 1, 2)
1
(54, 69)
-> Request 1
476
(3, 3, 2)
3
(55, 63)
-> Request 2
540
(1, 1, 2)
1
(33, 29)
-> Request 3
1036
(4, 1, 1)
1
(7, 48)
--> Day : 4
-> Request 0
801
(2, 3, 1)
2
(59, 26)
-> Request 1
901
(2, 3, 2)
3
(51, 71)
-> Request 2
917
(1, 2, 1)
3
(66, 60)
---> Week : 9
--> Day : 0
-> Request 0
500
(4, 2, 1)
1
(23, 62)
-> Request 1
527
(4, 3, 2)
3
(63, 27)
-> Request 2
668
(2, 2, 1)
2
(46, 3)
-> Request 3
896
(3, 2, 2)
1
(18, 8)
--> Day : 1
-> Request 0
203
(1, 1, 2)
1
(8, 3)
-> Request 1
415
(4, 3, 1)
1
(48, 62)
-> Request 2
782
(2, 2, 1)
2
(11, 34)
-> Request 3
969
(2, 2, 2)
3
(14, 14)
-> Request 4
1253
(2, 1, 1)
1
(45, 68)
--> Day : 2
-> Request 0
103
(4, 2, 1)
2
(43, 15)
-> Request 1
711
(1, 3, 2)
3
(72, 77)
-> Request 2
1049
(4, 3, 2)
3
(35, 65)
--> Day : 3
-> Request 0
1047
(1, 2, 1)
1
(73, 10)
-> Request 1
1320
(3, 2, 2)
2
(8, 45)
--> Day : 4
-> Request 0
962
(4, 1, 1)
2
(34, 75)
-> Request 1
998
(3, 3, 2)
2
(45, 50)
-> Request 2
1049
(2, 2, 2)
2
(64, 70)
-> Request 3
1199
(1, 2, 2)
1
(19, 72)
-> Request 4
1398
(3, 3, 1)
2
(9, 5)
---> Week : 10
--> Day : 0
-> Request 0
399
(3, 3, 1)
1
(47, 75)
-> Request 1
977
(1, 2, 1)
2
(59, 11)
-> Request 2
986
(1, 3, 2)
2
(14, 41)
-> Request 3
1438
(2, 2, 1)
1
(77, 57)
--> Day : 1
-> Request 0
318
(3, 2, 2)
1
(56, 6)
-> Request 1
370
(2, 1, 1)
1
(51, 77)
-> Request 2
374
(2, 3, 2)
3
(24, 8)
-> Request 3
498
(2, 3, 1)
1
(18, 4)
-> Request 4
1358
(3, 1, 2)
1
(28, 4)
--> Day : 2
-> Request 0
357
(4, 2, 1)
3
(39, 23)
-> Request 1
608
(1, 3, 1)
3
(57, 17)
--> Day : 3
-> Request 0
271
(2, 3, 1)
1
(65, 22)
-> Request 1
481
(1, 2, 1)
2
(8, 71)
-> Request 2
843
(3, 1, 2)
3
(16, 7)
-> Request 3
1029
(3, 3, 2)
2
(1, 12)
--> Day : 4
-> Request 0
11
(1, 3, 1)
2
(13, 18)
-> Request 1
124
(2, 2, 2)
2
(57, 1)
-> Request 2
177
(3, 1, 2)
2
(13, 43)
-> Request 3
298
(2, 2, 2)
1
(73, 73)
-> Request 4
318
(4, 1, 1)
3
(57, 33)
-> Request 5
1155
(2, 3, 2)
3
(16, 26)
---> Week : 11
--> Day : 0
-> Request 0
6
(2, 2, 1)
3
(76, 29)
-> Request 1
56
(1, 3, 2)
3
(49, 6)
-> Request 2
62
(1, 3, 1)
1
(33, 41)
-> Request 3
289
(3, 2, 1)
1
(74, 29)
-> Request 4
401
(2, 1, 1)
3
(67, 9)
-> Request 5
499
(2, 3, 1)
1
(4, 60)
-> Request 6
790
(4, 3, 2)
3
(25, 43)
-> Request 7
871
(4, 3, 1)
1
(26, 49)
-> Request 8
1240
(1, 2, 1)
3
(11, 69)
-> Request 9
1400
(1, 2, 1)
3
(7, 14)
--> Day : 1
-> Request 0
611
(1, 1, 2)
1
(52, 6)
-> Request 1
677
(1, 1, 2)
3
(43, 75)
-> Request 2
1240
(3, 1, 1)
1
(28, 72)
--> Day : 2
-> Request 0
1258
(1, 2, 1)
3
(71, 54)
-> Request 1
1385
(3, 1, 2)
2
(53, 48)
--> Day : 3
-> Request 0
262
(1, 3, 2)
3
(10, 11)
-> Request 1
279
(1, 1, 2)
2
(17, 55)
-> Request 2
717
(3, 2, 1)
3
(6, 39)
-> Request 3
760
(2, 1, 2)
1
(36, 56)
-> Request 4
920
(4, 1, 1)
1
(57, 38)
-> Request 5
969
(3, 1, 1)
2
(30, 28)
-> Request 6
1154
(1, 1, 2)
1
(67, 61)
-> Request 7
1274
(1, 1, 1)
3
(31, 17)
--> Day : 4
-> Request 0
100
(3, 3, 1)
2
(30, 63)
-> Request 1
129
(1, 1, 1)
1
(42, 53)
-> Request 2
369
(2, 2, 1)
1
(44, 10)
-> Request 3
1014
(2, 1, 1)
3
(15, 58)
-> Request 4
1076
(2, 1, 1)
1
(67, 28)
---> Week : 12
--> Day : 0
-> Request 0
130
(1, 2, 1)
3
(2, 49)
-> Request 1
168
(1, 3, 1)
1
(23, 30)
-> Request 2
727
(3, 2, 2)
1
(24, 13)
--> Day : 1
-> Request 0
261
(1, 1, 1)
1
(29, 75)
-> Request 1
400
(1, 1, 1)
1
(72, 38)
-> Request 2
818
(3, 2, 2)
1
(6, 70)
-> Request 3
859
(2, 1, 2)
1
(68, 11)
--> Day : 2
-> Request 0
524
(3, 2, 2)
2
(63, 12)
-> Request 1
699
(2, 1, 1)
2
(22, 61)
-> Request 2
892
(4, 2, 2)
3
(58, 24)
-> Request 3
1276
(3, 1, 1)
1
(74, 75)
--> Day : 3
-> Request 0
561
(1, 2, 2)
2
(78, 79)
-> Request 1
759
(2, 3, 2)
2
(11, 74)
-> Request 2
764
(3, 2, 2)
2
(18, 49)
-> Request 3
774
(1, 3, 1)
3
(24, 65)
-> Request 4
793
(1, 2, 2)
1
(6, 2)
-> Request 5
1149
(3, 2, 2)
1
(42, 54)
-> Request 6
1179
(1, 1, 2)
2
(30, 44)
-> Request 7
1300
(4, 3, 2)
3
(31, 14)
--> Day : 4
-> Request 0
555
(2, 3, 1)
2
(25, 76)
-> Request 1
592
(2, 2, 1)
1
(52, 79)
-> Request 2
748
(2, 1, 2)
1
(58, 69)
-> Request 3
814
(3, 1, 1)
1
(24, 70)
-> Request 4
858
(4, 3, 1)
1
(30, 46)
---> Week : 13
--> Day : 0
--> Day : 1
-> Request 0
748
(3, 3, 1)
2
(72, 61)
--> Day : 2
-> Request 0
605
(1, 2, 1)
3
(26, 11)
-> Request 1
742
(3, 3, 1)
1
(79, 58)
-> Request 2
932
(3, 3, 2)
1
(57, 72)
-> Request 3
1192
(2, 3, 1)
3
(44, 4)
--> Day : 3
-> Request 0
131
(3, 1, 2)
3
(61, 40)
--> Day : 4
-> Request 0
18
(2, 3, 1)
2
(11, 64)
-> Request 1
118
(4, 3, 2)
3
(42, 56)
-> Request 2
1064
(1, 3, 2)
2
(24, 17)
-> Request 3
1251
(4, 2, 1)
2
(47, 58)
---> Week : 14
--> Day : 0
-> Request 0
719
(4, 1, 1)
2
(58, 42)
-> Request 1
889
(4, 1, 2)
1
(59, 55)
-> Request 2
1033
(1, 2, 1)
2
(20, 22)
-> Request 3
1420
(1, 1, 2)
1
(49, 62)
--> Day : 1
-> Request 0
216
(1, 3, 2)
3
(40, 4)
-> Request 1
381
(1, 3, 2)
2
(19, 72)
-> Request 2
387
(3, 3, 2)
1
(37, 49)
-> Request 3
588
(3, 1, 2)
2
(62, 20)
-> Request 4
659
(2, 3, 1)
1
(32, 10)
-> Request 5
732
(1, 2, 1)
3
(65, 66)
-> Request 6
799
(4, 3, 1)
2
(45, 39)
--> Day : 2
-> Request 0
116
(4, 1, 1)
1
(39, 6)
-> Request 1
233
(3, 3, 2)
3
(65, 64)
-> Request 2
286
(1, 2, 2)
2
(56, 76)
-> Request 3
325
(1, 2, 2)
2
(26, 35)
-> Request 4
705
(2, 3, 1)
1
(61, 38)
--> Day : 3
-> Request 0
700
(2, 3, 2)
1
(12, 34)
-> Request 1
1345
(4, 1, 1)
2
(34, 47)
--> Day : 4
-> Request 0
144
(1, 1, 2)
1
(8, 74)
-> Request 1
1371
(4, 1, 1)
1
(0, 34)
---> Week : 15
--> Day : 0
-> Request 0
319
(1, 2, 2)
3
(64, 59)
-> Request 1
850
(3, 1, 1)
1
(3, 21)
-> Request 2
1014
(1, 3, 2)
2
(49, 11)
-> Request 3
1081
(3, 2, 2)
3
(55, 58)
-> Request 4
1113
(4, 2, 2)
3
(42, 38)
-> Request 5
1350
(2, 3, 1)
1
(9, 45)
--> Day : 1
-> Request 0
559
(2, 3, 2)
3
(24, 70)
-> Request 1
630
(4, 3, 2)
1
(27, 74)
-> Request 2
734
(1, 2, 2)
2
(78, 78)
-> Request 3
1064
(1, 2, 1)
2
(77, 55)
--> Day : 2
-> Request 0
128
(3, 3, 1)
1
(6, 2)
-> Request 1
196
(4, 2, 2)
1
(18, 31)
-> Request 2
768
(2, 1, 2)
1
(13, 10)
-> Request 3
972
(2, 3, 2)
2
(26, 4)
--> Day : 3
-> Request 0
917
(3, 3, 1)
3
(70, 10)
--> Day : 4
-> Request 0
784
(4, 2, 1)
1
(72, 20)
-> Request 1
871
(3, 2, 1)
2
(60, 60)
-> Request 2
1246
(2, 2, 2)
3
(66, 40)
-> Request 3
1246
(1, 2, 2)
3
(60, 5)
---> Week : 16
--> Day : 0
-> Request 0
1
(3, 3, 1)
3
(35, 44)
-> Request 1
325
(4, 1, 1)
2
(58, 30)
-> Request 2
1135
(3, 3, 2)
1
(17, 0)
--> Day : 1
-> Request 0
38
(2, 2, 2)
3
(47, 47)
-> Request 1
1041
(3, 1, 2)
3
(57, 61)
-> Request 2
1091
(4, 1, 2)
2
(10, 79)
--> Day : 2
-> Request 0
163
(1, 3, 1)
2
(65, 51)
-> Request 1
218
(1, 3, 1)
3
(18, 60)
-> Request 2
748
(2, 1, 2)
1
(36, 42)
-> Request 3
1016
(2, 1, 2)
1
(6, 33)
-> Request 4
1330
(2, 2, 2)
2
(4, 51)
--> Day : 3
-> Request 0
26
(3, 2, 1)
2
(25, 39)
-> Request 1
806
(3, 3, 2)
1
(28, 4)
-> Request 2
896
(2, 1, 2)
2
(5, 49)
-> Request 3
1396
(3, 3, 1)
2
(2, 15)
--> Day : 4
-> Request 0
33
(3, 2, 1)
2
(2, 20)
-> Request 1
522
(2, 2, 2)
3
(24, 55)
-> Request 2
1375
(4, 1, 2)
1
(1, 11)
---> Week : 17
--> Day : 0
-> Request 0
55
(1, 3, 1)
2
(5, 21)
-> Request 1
822
(3, 3, 1)
2
(30, 19)
-> Request 2
1043
(4, 2, 1)
3
(38, 64)
-> Request 3
1174
(3, 3, 1)
1
(9, 4)
--> Day : 1
--> Day : 2
-> Request 0
289
(2, 1, 2)
2
(62, 11)
-> Request 1
490
(4, 1, 1)
3
(21, 19)
-> Request 2
763
(4, 1, 2)
1
(39, 5)
--> Day : 3
-> Request 0
351
(2, 1, 2)
3
(11, 38)
-> Request 1
1205
(4, 1, 1)
3
(57, 2)
-> Request 2
1310
(3, 1, 1)
2
(56, 65)
-> Request 3
1358
(1, 2, 2)
3
(18, 43)
-> Request 4
1363
(4, 3, 1)
3
(79, 6)
--> Day : 4
-> Request 0
101
(1, 3, 1)
1
(26, 43)
-> Request 1
588
(4, 2, 2)
1
(3, 22)
-> Request 2
648
(2, 3, 1)
2
(66, 20)
-> Request 3
837
(2, 2, 2)
3
(67, 44)
-> Request 4
910
(2, 3, 2)
2
(22, 55)
-> Request 5
1100
(4, 1, 1)
1
(22, 3)
-> Request 6
1375
(2, 1, 2)
3
(57, 39)
---> Week : 18
--> Day : 0
-> Request 0
87
(1, 1, 2)
2
(25, 22)
-> Request 1
144
(2, 1, 1)
1
(76, 70)
-> Request 2
457
(4, 3, 2)
3
(63, 69)
-> Request 3
646
(4, 2, 2)
1
(57, 7)
-> Request 4
670
(1, 3, 1)
1
(51, 6)
-> Request 5
958
(4, 3, 2)
2
(68, 8)
-> Request 6
1045
(4, 3, 2)
2
(13, 37)
-> Request 7
1207
(2, 3, 2)
1
(13, 12)
--> Day : 1
-> Request 0
221
(2, 3, 2)
1
(37, 67)
-> Request 1
848
(2, 3, 1)
3
(52, 50)
-> Request 2
1138
(2, 2, 2)
1
(63, 30)
--> Day : 2
-> Request 0
176
(2, 1, 2)
1
(45, 22)
-> Request 1
407
(3, 1, 1)
3
(39, 72)
-> Request 2
688
(2, 2, 1)
1
(25, 43)
-> Request 3
791
(1, 1, 1)
1
(73, 59)
-> Request 4
954
(1, 1, 2)
3
(42, 49)
-> Request 5
960
(4, 2, 1)
1
(12, 43)
-> Request 6
1322
(2, 2, 1)
2
(47, 38)
--> Day : 3
-> Request 0
156
(2, 1, 2)
2
(44, 49)
-> Request 1
409
(4, 1, 1)
3
(29, 75)
-> Request 2
798
(1, 3, 2)
1
(74, 27)
--> Day : 4
-> Request 0
1034
(4, 1, 2)
1
(70, 46)
-> Request 1
1236
(3, 2, 2)
1
(8, 6)
-> Request 2
1386
(3, 3, 1)
2
(48, 64)
---> Week : 19
--> Day : 0
-> Request 0
1016
(2, 2, 1)
3
(60, 36)
-> Request 1
1071
(2, 1, 2)
2
(37, 47)
--> Day : 1
-> Request 0
118
(2, 2, 1)
2
(55, 18)
-> Request 1
716
(2, 2, 1)
3
(12, 55)
-> Request 2
1056
(1, 2, 2)
3
(36, 0)
-> Request 3
1303
(3, 1, 2)
1
(54, 49)
--> Day : 2
-> Request 0
115
(1, 2, 2)
3
(48, 44)
-> Request 1
142
(3, 1, 1)
3
(28, 6)
-> Request 2
144
(2, 2, 2)
3
(38, 50)
-> Request 3
1274
(4, 2, 2)
3
(3, 60)
--> Day : 3
-> Request 0
951
(4, 3, 2)
2
(58, 38)
-> Request 1
1085
(1, 1, 1)
1
(16, 68)
-> Request 2
1231
(2, 1, 1)
3
(44, 43)
-> Request 3
1292
(2, 3, 2)
1
(54, 74)
--> Day : 4
-> Request 0
187
(2, 3, 1)
2
(76, 11)
-> Request 1
228
(2, 3, 1)
3
(33, 4)
-> Request 2
561
(3, 2, 1)
1
(58, 26)
-> Request 3
673
(3, 2, 1)
2
(6, 30)
-> Request 4
1077
(4, 2, 1)
2
(14, 41)
-> Request 5
1235
(4, 1, 1)
1
(43, 35)
-> Request 6
1264
(2, 1, 1)
3
(51, 57)
