---> Week : 0
--> Day : 0
-> Request 0
277
(4, 3, 1)
2
(71, 64)
-> Request 1
526
(1, 1, 2)
3
(37, 16)
-> Request 2
707
(4, 3, 1)
3
(3, 5)
--> Day : 1
-> Request 0
150
(2, 3, 2)
3
(40, 31)
-> Request 1
1373
(4, 3, 1)
1
(69, 65)
--> Day : 2
-> Request 0
203
(1, 1, 1)
2
(31, 39)
-> Request 1
280
(3, 1, 1)
1
(16, 16)
-> Request 2
954
(4, 2, 1)
1
(8, 39)
-> Request 3
1289
(1, 2, 2)
1
(69, 11)
-> Request 4
1338
(3, 1, 2)
2
(46, 67)
--> Day : 3
-> Request 0
49
(4, 2, 2)
1
(56, 11)
-> Request 1
531
(3, 1, 1)
3
(67, 2)
--> Day : 4
-> Request 0
297
(2, 2, 1)
2
(46, 4)
-> Request 1
765
(4, 1, 2)
3
(19, 46)
-> Request 2
969
(4, 3, 1)
2
(76, 4)
-> Request 3
1242
(3, 1, 1)
3
(37, 2)
-> Request 4
1410
(4, 1, 1)
2
(44, 70)
---> Week : 1
--> Day : 0
-> Request 0
65
(3, 1, 1)
2
(6, 48)
-> Request 1
217
(4, 3, 1)
1
(63, 10)
-> Request 2
762
(4, 2, 2)
3
(36, 63)
-> Request 3
839
(2, 2, 1)
1
(28, 65)
-> Request 4
897
(2, 3, 2)
1
(66, 24)
-> Request 5
1093
(2, 3, 2)
1
(4, 22)
-> Request 6
1291
(1, 3, 1)
3
(44, 78)
--> Day : 1
-> Request 0
291
(2, 3, 2)
2
(24, 78)
-> Request 1
489
(1, 3, 2)
1
(29, 53)
-> Request 2
962
(3, 2, 1)
1
(11, 25)
-> Request 3
1200
(4, 3, 2)
2
(62, 46)
-> Request 4
1220
(4, 2, 1)
2
(51, 40)
--> Day : 2
-> Request 0
216
(1, 2, 2)
1
(69, 75)
-> Request 1
1185
(2, 2, 2)
2
(29, 26)
--> Day : 3
-> Request 0
262
(4, 1, 1)
3
(33, 58)
-> Request 1
272
(1, 2, 1)
2
(71, 25)
-> Request 2
311
(3, 1, 1)
3
(25, 38)
--> Day : 4
-> Request 0
284
(4, 1, 1)
1
(6, 54)
-> Request 1
290
(2, 3, 1)
2
(7, 51)
-> Request 2
312
(3, 1, 1)
1
(51, 32)
-> Request 3
495
(3, 3, 2)
1
(20, 40)
-> Request 4
1398
(2, 3, 1)
1
(15, 28)
---> Week : 2
--> Day : 0
-> Request 0
329
(2, 2, 1)
2
(45, 8)
--> Day : 1
-> Request 0
164
(3, 3, 1)
2
(67, 24)
-> Request 1
555
(3, 3, 1)
3
(45, 74)
-> Request 2
578
(1, 1, 2)
1
(9, 42)
-> Request 3
738
(4, 3, 2)
2
(34, 46)
-> Request 4
814
(3, 2, 2)
3
(1, 32)
-> Request 5
1182
(3, 1, 1)
2
(25, 75)
--> Day : 2
-> Request 0
600
(4, 3, 1)
3
(44, 34)
-> Request 1
1170
(2, 2, 2)
1
(6, 33)
--> Day : 3
-> Request 0
153
(3, 3, 1)
1
(51, 31)
-> Request 1
183
(4, 3, 2)
3
(29, 40)
-> Request 2
187
(2, 3, 1)
2
(26, 14)
-> Request 3
513
(4, 3, 2)
3
(71, 69)
-> Request 4
594
(1, 3, 2)
2
(38, 14)
-> Request 5
1198
(1, 1, 2)
2
(70, 49)
--> Day : 4
-> Request 0
306
(4, 2, 1)
3
(10, 76)
-> Request 1
1416
(4, 1, 1)
2
(71, 29)
---> Week : 3
--> Day : 0
-> Request 0
355
(4, 3, 2)
1
(44, 34)
-> Request 1
560
(1, 1, 1)
1
(5, 51)
-> Request 2
699
(1, 3, 2)
1
(63, 22)
-> Request 3
1124
(1, 1, 1)
2
(65, 78)
--> Day : 1
-> Request 0
634
(3, 3, 1)
1
(22, 41)
-> Request 1
988
(3, 2, 2)
2
(63, 0)
-> Request 2
999
(3, 3, 1)
3
(79, 57)
-> Request 3
1122
(3, 1, 1)
1
(67, 15)
--> Day : 2
-> Request 0
1312
(1, 1, 2)
1
(23, 46)
--> Day : 3
-> Request 0
736
(2, 3, 2)
1
(43, 71)
-> Request 1
863
(1, 2, 1)
3
(5, 8)
--> Day : 4
-> Request 0
60
(1, 3, 2)
3
(22, 33)
-> Request 1
222
(2, 2, 1)
1
(71, 32)
-> Request 2
239
(1, 1, 1)
2
(77, 39)
-> Request 3
702
(4, 3, 2)
3
(6, 12)
-> Request 4
1230
(2, 2, 1)
3
(67, 76)
---> Week : 4
--> Day : 0
-> Request 0
814
(3, 3, 2)
3
(34, 47)
-> Request 1
939
(3, 1, 1)
3
(15, 45)
--> Day : 1
-> Request 0
624
(2, 2, 1)
2
(56, 79)
-> Request 1
665
(2, 1, 2)
3
(65, 35)
-> Request 2
900
(4, 1, 1)
3
(28, 11)
-> Request 3
1226
(2, 1, 2)
3
(24, 56)
--> Day : 2
-> Request 0
118
(1, 1, 1)
2
(70, 58)
-> Request 1
357
(2, 3, 1)
2
(18, 5)
-> Request 2
691
(2, 2, 2)
2
(15, 15)
-> Request 3
744
(4, 1, 1)
3
(45, 76)
-> Request 4
1343
(3, 1, 2)
3
(63, 11)
--> Day : 3
-> Request 0
357
(4, 1, 1)
2
(21, 69)
-> Request 1
698
(4, 3, 1)
3
(23, 56)
-> Request 2
746
(1, 3, 1)
3
(42, 69)
-> Request 3
1430
(1, 3, 1)
3
(26, 36)
--> Day : 4
-> Request 0
14
(2, 1, 1)
3
(42, 52)
-> Request 1
93
(3, 1, 2)
2
(55, 28)
-> Request 2
899
(3, 3, 2)
1
(45, 7)
-> Request 3
921
(4, 1, 2)
3
(71, 58)
-> Request 4
929
(1, 1, 2)
2
(50, 40)
---> Week : 5
--> Day : 0
-> Request 0
767
(1, 1, 1)
3
(56, 12)
-> Request 1
1256
(1, 2, 1)
1
(17, 68)
-> Request 2
1326
(3, 1, 2)
1
(28, 58)
--> Day : 1
-> Request 0
254
(3, 1, 2)
2
(20, 64)
-> Request 1
735
(2, 1, 1)
2
(8, 58)
-> Request 2
957
(1, 1, 1)
1
(50, 45)
-> Request 3
1159
(2, 1, 1)
3
(31, 25)
--> Day : 2
-> Request 0
467
(1, 2, 2)
3
(19, 2)
-> Request 1
621
(4, 2, 2)
3
(68, 52)
-> Request 2
738
(1, 2, 1)
2
(69, 67)
-> Request 3
1049
(2, 1, 2)
2
(26, 7)
--> Day : 3
-> Request 0
780
(3, 3, 2)
1
(10, 64)
--> Day : 4
-> Request 0
782
(2, 2, 2)
2
(33, 74)
-> Request 1
1386
(4, 3, 2)
3
(12, 29)
---> Week : 6
--> Day : 0
-> Request 0
154
(3, 2, 2)
1
(63, 71)
-> Request 1
692
(2, 1, 1)
1
(70, 68)
-> Request 2
1243
(4, 3, 2)
3
(24, 0)
--> Day : 1
-> Request 0
117
(1, 3, 1)
3
(58, 67)
-> Request 1
1338
(3, 1, 1)
1
(7, 72)
--> Day : 2
-> Request 0
100
(3, 2, 1)
1
(18, 41)
-> Request 1
172
(4, 2, 2)
3
(7, 52)
-> Request 2
1097
(1, 3, 2)
2
(64, 17)
-> Request 3
1319
(3, 2, 1)
1
(58, 21)
-> Request 4
1369
(2, 2, 2)
1
(24, 56)
-> Request 5
1414
(2, 3, 2)
1
(2, 66)
--> Day : 3
-> Request 0
629
(2, 2, 2)
3
(8, 74)
-> Request 1
1217
(1, 1, 1)
2
(56, 40)
-> Request 2
1396
(2, 1, 1)
3
(62, 43)
--> Day : 4
-> Request 0
631
(2, 1, 1)
3
(33, 34)
-> Request 1
941
(4, 1, 1)
2
(45, 45)
-> Request 2
1098
(3, 2, 2)
1
(32, 32)
-> Request 3
1361
(2, 1, 2)
2
(69, 67)
---> Week : 7
--> Day : 0
-> Request 0
905
(2, 3, 1)
3
(19, 0)
-> Request 1
1153
(4, 1, 2)
1
(70, 18)
-> Request 2
1435
(2, 3, 1)
2
(26, 19)
--> Day : 1
-> Request 0
477
(1, 2, 1)
2
(32, 10)
-> Request 1
777
(1, 2, 1)
1
(35, 24)
-> Request 2
883
(3, 3, 2)
3
(0, 72)
-> Request 3
930
(4, 3, 2)
2
(35, 0)
-> Request 4
970
(1, 1, 1)
2
(17, 54)
-> Request 5
1267
(1, 3, 2)
1
(54, 50)
--> Day : 2
-> Request 0
274
(3, 3, 2)
1
(38, 58)
-> Request 1
572
(4, 3, 2)
1
(17, 39)
-> Request 2
714
(3, 3, 1)
2
(73, 39)
--> Day : 3
-> Request 0
70
(2, 1, 1)
2
(27, 55)
-> Request 1
97
(2, 1, 2)
1
(68, 15)
-> Request 2
216
(2, 1, 2)
1
(55, 48)
-> Request 3
310
(2, 2, 1)
2
(7, 0)
-> Request 4
576
(2, 2, 1)
2
(2, 26)
-> Request 5
643
(3, 2, 2)
2
(76, 45)
-> Request 6
1181
(3, 1, 1)
2
(34, 23)
--> Day : 4
-> Request 0
85
(3, 2, 1)
1
(11, 59)
-> Request 1
793
(4, 2, 2)
2
(67, 14)
-> Request 2
1384
(4, 2, 2)
2
(58, 13)
---> Week : 8
--> Day : 0
-> Request 0
321
(2, 3, 1)
2
(6, 24)
-> Request 1
517
(2, 2, 1)
3
(69, 42)
-> Request 2
1094
(3, 2, 2)
2
(3, 48)
-> Request 3
1106
(1, 2, 1)
2
(33, 56)
-> Request 4
1262
(3, 3, 2)
2
(17, 8)
-> Request 5
1320
(2, 3, 2)
3
(45, 50)
-> Request 6
1340
(3, 1, 1)
2
(27, 71)
-> Request 7
1360
(1, 1, 2)
2
(55, 31)
--> Day : 1
-> Request 0
52
(2, 1, 1)
3
(11, 35)
-> Request 1
629
(3, 3, 2)
2
(64, 75)
-> Request 2
760
(4, 2, 1)
3
(4, 78)
-> Request 3
1148
(3, 3, 2)
2
(44, 25)
-> Request 4
1308
(4, 1, 1)
2
(3, 5)
--> Day : 2
-> Request 0
1195
(4, 1, 1)
1
(6, 73)
--> Day : 3
-> Request 0
144
(1, 1, 1)
2
(23, 78)
-> Request 1
294
(3, 3, 2)
3
(75, 64)
-> Request 2
627
(2, 2, 2)
1
(66, 76)
-> Request 3
944
(1, 2, 1)
1
(40, 74)
-> Request 4
1432
(3, 2, 1)
1
(67, 32)
--> Day : 4
-> Request 0
851
(1, 2, 2)
2
(8, 2)
-> Request 1
1018
(2, 2, 1)
3
(44, 58)
-> Request 2
1174
(2, 2, 1)
2
(11, 29)
-> Request 3
1204
(4, 2, 1)
1
(60, 9)
-> Request 4
1313
(1, 3, 1)
3
(70, 49)
---> Week : 9
--> Day : 0
-> Request 0
194
(4, 1, 2)
1
(23, 38)
-> Request 1
752
(3, 1, 2)
3
(64, 24)
--> Day : 1
-> Request 0
695
(1, 1, 1)
3
(12, 51)
-> Request 1
1238
(1, 1, 2)
3
(5, 62)
-> Request 2
1286
(2, 3, 1)
3
(29, 47)
--> Day : 2
-> Request 0
610
(4, 3, 1)
1
(56, 33)
-> Request 1
652
(4, 2, 2)
1
(42, 36)
--> Day : 3
-> Request 0
497
(2, 1, 2)
3
(9, 60)
-> Request 1
599
(2, 1, 2)
1
(19, 15)
-> Request 2
836
(4, 1, 1)
1
(79, 12)
--> Day : 4
-> Request 0
64
(1, 1, 1)
3
(65, 40)
-> Request 1
503
(3, 3, 2)
1
(67, 69)
-> Request 2
625
(4, 3, 2)
3
(50, 69)
---> Week : 10
--> Day : 0
-> Request 0
148
(4, 1, 1)
3
(5, 77)
-> Request 1
444
(2, 1, 2)
2
(65, 57)
-> Request 2
502
(1, 3, 1)
1
(50, 12)
-> Request 3
644
(1, 1, 2)
3
(0, 49)
-> Request 4
823
(2, 2, 1)
2
(27, 55)
-> Request 5
924
(2, 3, 1)
3
(64, 67)
--> Day : 1
-> Request 0
597
(1, 1, 1)
1
(48, 73)
--> Day : 2
-> Request 0
9
(3, 2, 1)
1
(2, 68)
-> Request 1
163
(4, 3, 2)
1
(22, 17)
-> Request 2
500
(4, 2, 2)
1
(73, 6)
-> Request 3
637
(2, 1, 2)
1
(24, 62)
-> Request 4
933
(4, 1, 1)
1
(19, 50)
-> Request 5
1041
(3, 2, 1)
2
(72, 30)
-> Request 6
1183
(4, 3, 1)
1
(31, 38)
--> Day : 3
-> Request 0
377
(2, 2, 1)
2
(43, 50)
-> Request 1
901
(1, 3, 2)
2
(61, 67)
--> Day : 4
-> Request 0
136
(1, 3, 1)
1
(68, 49)
-> Request 1
224
(4, 3, 1)
2
(4, 48)
-> Request 2
272
(4, 3, 2)
1
(26, 64)
-> Request 3
296
(2, 3, 1)
2
(3, 74)
-> Request 4
440
(3, 2, 2)
1
(79, 56)
-> Request 5
605
(3, 2, 1)
1
(49, 25)
-> Request 6
1323
(1, 1, 2)
3
(25, 26)
---> Week : 11
--> Day : 0
-> Request 0
309
(3, 2, 1)
1
(56, 27)
-> Request 1
582
(4, 1, 2)
1
(73, 0)
-> Request 2
690
(1, 2, 1)
3
(40, 8)
-> Request 3
1062
(2, 3, 1)
2
(28, 73)
-> Request 4
1289
(4, 1, 1)
3
(13, 22)
-> Request 5
1428
(4, 1, 2)
1
(51, 60)
--> Day : 1
-> Request 0
1058
(3, 2, 1)
1
(51, 37)
-> Request 1
1079
(2, 2, 2)
2
(6, 30)
--> Day : 2
-> Request 0
379
(3, 3, 2)
1
(39, 13)
-> Request 1
415
(4, 1, 1)
3
(64, 57)
-> Request 2
815
(3, 1, 2)
1
(79, 46)
-> Request 3
1420
(4, 3, 1)
1
(42, 53)
--> Day : 3
-> Request 0
142
(2, 3, 1)
3
(72, 37)
-> Request 1
273
(4, 2, 1)
3
(75, 25)
-> Request 2
294
(2, 3, 2)
1
(38, 35)
-> Request 3
463
(4, 1, 2)
3
(20, 42)
-> Request 4
1044
(2, 2, 2)
2
(11, 78)
-> Request 5
1144
(3, 3, 2)
1
(74, 42)
-> Request 6
1240
(1, 3, 1)
3
(8, 20)
-> Request 7
1412
(2, 2, 1)
2
(20, 70)
--> Day : 4
-> Request 0
268
(1, 1, 1)
3
(36, 46)
-> Request 1
322
(4, 1, 1)
1
(52, 16)
-> Request 2
610
(3, 3, 1)
1
(79, 38)
-> Request 3
1286
(1, 2, 2)
2
(59, 67)
---> Week : 12
--> Day : 0
-> Request 0
375
(4, 1, 2)
1
(12, 55)
-> Request 1
629
(2, 1, 2)
2
(73, 70)
-> Request 2
689
(2, 2, 2)
2
(72, 59)
-> Request 3
1109
(2, 2, 1)
1
(70, 73)
--> Day : 1
-> Request 0
269
(1, 2, 1)
3
(70, 7)
-> Request 1
882
(1, 2, 2)
1
(60, 59)
--> Day : 2
-> Request 0
797
(4, 1, 2)
1
(59, 13)
-> Request 1
932
(2, 2, 1)
3
(73, 28)
-> Request 2
1097
(2, 1, 2)
3
(77, 40)
--> Day : 3
-> Request 0
383
(3, 2, 2)
2
(4, 68)
-> Request 1
1023
(4, 1, 1)
2
(69, 51)
-> Request 2
1035
(1, 2, 1)
1
(75, 2)
-> Request 3
1277
(2, 1, 1)
1
(5, 41)
--> Day : 4
-> Request 0
3
(3, 2, 2)
3
(3, 44)
-> Request 1
654
(3, 1, 2)
2
(24, 23)
---> Week : 13
--> Day : 0
-> Request 0
933
(1, 2, 2)
2
(0, 77)
-> Request 1
1242
(3, 3, 2)
3
(8, 5)
--> Day : 1
-> Request 0
199
(2, 3, 1)
1
(63, 5)
-> Request 1
222
(3, 2, 1)
3
(52, 74)
-> Request 2
1419
(2, 1, 1)
3
(14, 33)
--> Day : 2
-> Request 0
211
(4, 2, 1)
1
(0, 25)
-> Request 1
221
(4, 2, 1)
1
(61, 71)
-> Request 2
272
(3, 2, 2)
3
(4, 50)
-> Request 3
583
(4, 1, 1)
1
(21, 39)
-> Request 4
644
(3, 3, 1)
3
(48, 78)
-> Request 5
1324
(4, 2, 2)
2
(71, 78)
--> Day : 3
-> Request 0
32
(1, 1, 2)
1
(59, 61)
-> Request 1
559
(2, 2, 2)
1
(51, 50)
-> Request 2
897
(4, 2, 2)
1
(48, 46)
--> Day : 4
-> Request 0
328
(1, 1, 1)
3
(40, 73)
-> Request 1
604
(1, 1, 2)
3
(53, 45)
-> Request 2
616
(4, 3, 2)
1
(30, 19)
-> Request 3
1237
(4, 2, 2)
2
(49, 69)
---> Week : 14
--> Day : 0
-> Request 0
521
(3, 3, 2)
2
(61, 7)
-> Request 1
857
(1, 3, 1)
2
(78, 40)
--> Day : 1
-> Request 0
129
(1, 3, 1)
1
(0, 43)
-> Request 1
637
(2, 2, 2)
2
(23, 0)
-> Request 2
680
(1, 1, 2)
1
(40, 10)
-> Request 3
920
(3, 1, 1)
3
(66, 46)
-> Request 4
1110
(4, 1, 2)
2
(71, 35)
-> Request 5
1355
(3, 2, 1)
1
(38, 10)
--> Day : 2
-> Request 0
912
(4, 3, 1)
1
(6, 66)
-> Request 1
1018
(2, 1, 2)
1
(33, 73)
-> Request 2
1284
(4, 3, 2)
2
(62, 38)
--> Day : 3
-> Request 0
50
(2, 2, 2)
3
(27, 60)
-> Request 1
214
(1, 3, 2)
3
(66, 37)
-> Request 2
418
(2, 3, 2)
1
(23, 73)
-> Request 3
528
(2, 2, 1)
1
(4, 79)
-> Request 4
866
(1, 1, 1)
3
(24, 21)
-> Request 5
925
(2, 1, 2)
1
(74, 34)
-> Request 6
950
(2, 2, 1)
1
(25, 20)
--> Day : 4
-> Request 0
426
(2, 1, 2)
3
(5, 52)
-> Request 1
565
(1, 2, 2)
3
(22, 55)
-> Request 2
684
(2, 1, 2)
3
(41, 42)
-> Request 3
927
(2, 1, 2)
1
(1, 39)
-> Request 4
1261
(2, 2, 2)
1
(68, 65)
---> Week : 15
--> Day : 0
-> Request 0
69
(3, 1, 1)
3
(44, 18)
-> Request 1
440
(4, 1, 2)
3
(3, 69)
-> Request 2
498
(3, 2, 1)
3
(68, 6)
-> Request 3
513
(1, 2, 1)
2
(27, 69)
-> Request 4
725
(1, 1, 1)
2
(9, 13)
-> Request 5
1200
(4, 2, 2)
3
(47, 50)
--> Day : 1
-> Request 0
81
(1, 3, 2)
1
(15, 6)
-> Request 1
365
(1, 2, 1)
1
(11, 71)
-> Request 2
515
(4, 3, 2)
2
(27, 64)
-> Request 3
551
(1, 3, 2)
3
(35, 57)
-> Request 4
798
(2, 3, 1)
1
(59, 5)
-> Request 5
1140
(2, 2, 1)
1
(64, 75)
--> Day : 2
-> Request 0
981
(1, 1, 1)
1
(63, 54)
-> Request 1
1050
(1, 3, 2)
3
(31, 76)
-> Request 2
1221
(4, 2, 1)
1
(57, 78)
-> Request 3
1438
(2, 3, 2)
1
(50, 40)
--> Day : 3
-> Request 0
610
(2, 3, 2)
2
(29, 64)
-> Request 1
747
(2, 1, 1)
2
(39, 19)
-> Request 2
977
(4, 2, 1)
1
(43, 22)
-> Request 3
1008
(2, 2, 2)
2
(48, 4)
-> Request 4
1300
(4, 2, 2)
2
(6, 50)
--> Day : 4
-> Request 0
123
(2, 2, 2)
3
(57, 47)
-> Request 1
199
(1, 1, 1)
2
(76, 65)
-> Request 2
479
(2, 2, 1)
3
(39, 61)
-> Request 3
676
(3, 1, 1)
1
(22, 25)
-> Request 4
1101
(4, 3, 1)
3
(58, 44)
---> Week : 16
--> Day : 0
-> Request 0
688
(1, 2, 2)
3
(6, 8)
-> Request 1
1265
(4, 2, 1)
3
(1, 71)
-> Request 2
1309
(4, 3, 1)
2
(33, 0)
--> Day : 1
-> Request 0
1148
(4, 3, 2)
3
(58, 77)
-> Request 1
1435
(2, 3, 2)
3
(79, 48)
--> Day : 2
-> Request 0
227
(4, 3, 2)
1
(2, 22)
-> Request 1
724
(3, 1, 2)
1
(48, 58)
--> Day : 3
-> Request 0
537
(4, 2, 2)
1
(31, 33)
-> Request 1
590
(3, 3, 2)
1
(16, 7)
-> Request 2
857
(2, 2, 2)
3
(35, 46)
--> Day : 4
-> Request 0
876
(3, 2, 1)
1
(14, 36)
---> Week : 17
--> Day : 0
-> Request 0
303
(1, 1, 2)
3
(34, 76)
-> Request 1
398
(2, 1, 2)
2
(15, 1)
-> Request 2
546
(4, 1, 1)
1
(12, 25)
-> Request 3
690
(1, 1, 2)
3
(9, 40)
-> Request 4
858
(4, 2, 1)
1
(40, 78)
-> Request 5
883
(2, 3, 1)
1
(22, 63)
--> Day : 1
-> Request 0
124
(1, 2, 1)
2
(12, 1)
-> Request 1
788
(2, 1, 1)
2
(44, 31)
-> Request 2
1063
(1, 3, 2)
1
(19, 37)
-> Request 3
1195
(2, 1, 2)
1
(60, 31)
-> Request 4
1205
(2, 3, 1)
1
(19, 17)
-> Request 5
1423
(1, 1, 1)
1
(4, 73)
--> Day : 2
-> Request 0
1249
(2, 3, 1)
2
(68, 1)
--> Day : 3
-> Request 0
417
(3, 3, 2)
1
(54, 15)
-> Request 1
761
(3, 1, 1)
3
(22, 79)
-> Request 2
1427
(4, 3, 1)
3
(25, 0)
--> Day : 4
-> Request 0
213
(2, 1, 1)
3
(4, 13)
-> Request 1
357
(2, 3, 2)
1
(72, 7)
-> Request 2
871
(4, 2, 1)
3
(44, 40)
---> Week : 18
--> Day : 0
-> Request 0
213
(1, 1, 2)
3
(59, 25)
-> Request 1
1089
(4, 1, 1)
2
(20, 73)
-> Request 2
1127
(4, 3, 1)
2
(52, 7)
--> Day : 1
-> Request 0
1272
(4, 2, 1)
2
(38, 3)
-> Request 1
1363
(1, 2, 2)
2
(32, 23)
--> Day : 2
-> Request 0
308
(1, 2, 2)
2
(10, 12)
-> Request 1
701
(1, 2, 2)
1
(38, 67)
-> Request 2
1179
(3, 2, 1)
2
(22, 21)
--> Day : 3
-> Request 0
552
(4, 2, 2)
1
(76, 42)
-> Request 1
885
(2, 2, 2)
3
(47, 62)
-> Request 2
1093
(3, 1, 1)
2
(8, 74)
-> Request 3
1105
(2, 2, 1)
2
(34, 42)
-> Request 4
1366
(1, 3, 1)
1
(38, 63)
--> Day : 4
-> Request 0
738
(2, 3, 2)
3
(26, 6)
-> Request 1
872
(2, 1, 1)
3
(26, 21)
-> Request 2
1120
(2, 1, 1)
1
(34, 21)
---> Week : 19
--> Day : 0
-> Request 0
267
(2, 1, 2)
3
(67, 72)
-> Request 1
533
(4, 1, 1)
3
(34, 16)
-> Request 2
560
(3, 2, 1)
2
(43, 65)
-> Request 3
836
(3, 2, 1)
2
(79, 68)
-> Request 4
885
(3, 1, 2)
2
(75, 47)
--> Day : 1
-> Request 0
118
(3, 1, 1)
2
(69, 37)
-> Request 1
204
(2, 1, 1)
3
(64, 22)
--> Day : 2
-> Request 0
451
(3, 2, 1)
3
(54, 3)
-> Request 1
1056
(1, 2, 2)
3
(16, 34)
-> Request 2
1206
(1, 2, 2)
1
(31, 31)
-> Request 3
1289
(3, 2, 1)
2
(58, 42)
--> Day : 3
-> Request 0
36
(2, 1, 2)
3
(4, 62)
-> Request 1
256
(1, 2, 1)
3
(30, 3)
-> Request 2
266
(1, 3, 2)
2
(4, 46)
-> Request 3
358
(2, 2, 1)
1
(23, 57)
-> Request 4
948
(4, 2, 2)
3
(42, 18)
-> Request 5
1434
(1, 1, 2)
2
(61, 16)
--> Day : 4
-> Request 0
428
(3, 2, 1)
3
(57, 75)
-> Request 1
586
(3, 3, 2)
1
(78, 30)
