---> Week : 0
--> Day : 0
-> Request 0
282
(3, 2, 1)
3
(27, 25)
-> Request 1
321
(3, 2, 2)
1
(37, 35)
-> Request 2
415
(2, 1, 1)
3
(71, 57)
-> Request 3
581
(1, 1, 2)
1
(23, 0)
-> Request 4
1089
(1, 1, 1)
1
(24, 39)
-> Request 5
1229
(2, 2, 2)
1
(64, 30)
-> Request 6
1366
(2, 3, 1)
1
(28, 7)
--> Day : 1
-> Request 0
774
(1, 3, 2)
2
(70, 63)
-> Request 1
997
(3, 1, 1)
3
(69, 58)
-> Request 2
1130
(3, 2, 2)
2
(37, 69)
-> Request 3
1391
(2, 2, 2)
1
(62, 22)
--> Day : 2
-> Request 0
739
(2, 3, 1)
1
(47, 6)
-> Request 1
1059
(2, 3, 2)
1
(79, 67)
-> Request 2
1358
(2, 3, 1)
3
(10, 28)
--> Day : 3
-> Request 0
170
(3, 2, 2)
3
(28, 9)
-> Request 1
1146
(2, 2, 2)
1
(38, 33)
-> Request 2
1343
(1, 3, 2)
3
(62, 38)
--> Day : 4
-> Request 0
673
(3, 1, 1)
1
(72, 3)
-> Request 1
735
(3, 3, 1)
3
(16, 58)
-> Request 2
817
(1, 2, 2)
1
(56, 0)
-> Request 3
835
(4, 2, 1)
3
(15, 10)
-> Request 4
966
(2, 3, 1)
2
(51, 79)
-> Request 5
1271
(4, 1, 1)
3
(5, 71)
-> Request 6
1320
(2, 1, 2)
1
(43, 31)
---> Week : 1
--> Day : 0
-> Request 0
465
(3, 1, 1)
1
(45, 58)
-> Request 1
1296
(2, 3, 1)
2
(49, 57)
--> Day : 1
-> Request 0
289
(1, 3, 1)
3
(67, 18)
-> Request 1
438
(4, 3, 1)
2
(29, 47)
-> Request 2
875
(1, 3, 2)
2
(7, 68)
-> Request 3
1105
(3, 3, 1)
1
(11, 66)
--> Day : 2
-> Request 0
282
(2, 2, 2)
1
(74, 4)
-> Request 1
437
(3, 2, 2)
3
(78, 43)
-> Request 2
906
(1, 3, 2)
2
(74, 54)
--> Day : 3
-> Request 0
187
(4, 1, 2)
3
(40, 13)
-> Request 1
214
(2, 2, 2)
1
(59, 79)
-> Request 2
416
(1, 1, 2)
3
(33, 9)
-> Request 3
1047
(4, 1, 1)
3
(26, 44)
-> Request 4
1410
(1, 2, 2)
1
(5, 47)
--> Day : 4
-> Request 0
904
(2, 1, 2)
3
(9, 61)
-> Request 1
951
(2, 1, 1)
2
(3, 25)
-> Request 2
1090
(2, 3, 1)
3
(76, 36)
-> Request 3
1306
(4, 2, 1)
3
(40, 26)
-> Request 4
1382
(4, 3, 2)
3
(77, 59)
---> Week : 2
--> Day : 0
-> Request 0
672
(3, 3, 1)
2
(62, 39)
-> Request 1
693
(1, 3, 1)
3
(47, 1)
-> Request 2
1148
(1, 2, 1)
1
(50, 42)
--> Day : 1
-> Request 0
69
(1, 1, 2)
1
(32, 42)
-> Request 1
665
(1, 1, 2)
1
(46, 72)
-> Request 2
862
(2, 1, 1)
2
(50, 59)
-> Request 3
1075
(1, 2, 1)
2
(52, 66)
-> Request 4
1367
(2, 2, 1)
3
(70, 65)
--> Day : 2
-> Request 0
71
(4, 2, 1)
3
(0, 39)
-> Request 1
746
(3, 1, 2)
2
(37, 30)
-> Request 2
1278
(4, 2, 1)
2
(58, 10)
-> Request 3
1363
(2, 1, 1)
2
(60, 11)
--> Day : 3
-> Request 0
248
(3, 3, 1)
1
(14, 74)
-> Request 1
887
(1, 2, 2)
1
(62, 16)
--> Day : 4
-> Request 0
525
(4, 2, 2)
1
(42, 3)
-> Request 1
579
(2, 3, 2)
3
(30, 2)
-> Request 2
610
(2, 1, 1)
1
(5, 23)
-> Request 3
702
(3, 2, 2)
3
(21, 41)
-> Request 4
898
(4, 1, 1)
3
(12, 77)
-> Request 5
925
(1, 3, 2)
3
(78, 65)
-> Request 6
1387
(3, 2, 2)
3
(9, 44)
---> Week : 3
--> Day : 0
-> Request 0
202
(3, 2, 1)
1
(18, 5)
-> Request 1
579
(1, 2, 1)
2
(59, 12)
-> Request 2
763
(3, 1, 2)
1
(79, 71)
-> Request 3
1221
(1, 3, 1)
1
(44, 14)
--> Day : 1
-> Request 0
940
(4, 1, 1)
1
(15, 55)
-> Request 1
1336
(1, 1, 1)
3
(24, 70)
--> Day : 2
-> Request 0
452
(3, 1, 1)
3
(28, 58)
-> Request 1
558
(2, 2, 1)
2
(7, 58)
-> Request 2
748
(4, 1, 1)
3
(53, 51)
-> Request 3
1106
(3, 1, 1)
1
(65, 70)
--> Day : 3
-> Request 0
95
(2, 3, 2)
3
(29, 12)
-> Request 1
849
(3, 1, 1)
2
(3, 9)
-> Request 2
990
(3, 1, 1)
1
(64, 19)
--> Day : 4
-> Request 0
887
(4, 3, 2)
1
(17, 69)
-> Request 1
975
(2, 3, 2)
3
(3, 25)
-> Request 2
1067
(3, 3, 2)
2
(73, 0)
-> Request 3
1250
(4, 2, 2)
2
(9, 59)
---> Week : 4
--> Day : 0
-> Request 0
652
(2, 2, 2)
2
(13, 31)
-> Request 1
760
(2, 1, 2)
2
(18, 15)
-> Request 2
809
(3, 2, 1)
1
(35, 1)
-> Request 3
1022
(4, 3, 2)
2
(3, 66)
--> Day : 1
-> Request 0
274
(1, 2, 2)
3
(13, 59)
-> Request 1
1078
(4, 1, 1)
2
(27, 3)
--> Day : 2
-> Request 0
226
(4, 3, 1)
3
(53, 79)
-> Request 1
618
(2, 2, 2)
2
(35, 71)
-> Request 2
628
(3, 3, 1)
2
(15, 69)
--> Day : 3
-> Request 0
1231
(3, 1, 2)
3
(48, 43)
--> Day : 4
-> Request 0
94
(4, 3, 1)
2
(45, 77)
-> Request 1
428
(2, 3, 2)
3
(77, 20)
-> Request 2
673
(1, 2, 1)
2
(13, 32)
---> Week : 5
--> Day : 0
-> Request 0
713
(2, 2, 1)
3
(51, 25)
-> Request 1
759
(2, 3, 2)
3
(1, 29)
-> Request 2
1048
(2, 2, 1)
3
(78, 62)
-> Request 3
1204
(1, 2, 1)
2
(3, 21)
-> Request 4
1291
(3, 3, 1)
3
(60, 41)
-> Request 5
1364
(3, 1, 1)
1
(43, 8)
--> Day : 1
-> Request 0
519
(1, 2, 2)
1
(79, 47)
-> Request 1
662
(1, 1, 1)
3
(16, 73)
-> Request 2
747
(1, 3, 2)
1
(48, 7)
--> Day : 2
-> Request 0
301
(2, 3, 1)
1
(13, 24)
-> Request 1
600
(2, 1, 1)
3
(38, 36)
-> Request 2
604
(1, 1, 1)
1
(25, 71)
-> Request 3
789
(4, 3, 1)
3
(46, 21)
-> Request 4
953
(1, 1, 2)
3
(52, 5)
--> Day : 3
-> Request 0
742
(3, 2, 1)
2
(79, 49)
-> Request 1
1070
(1, 3, 2)
3
(47, 72)
-> Request 2
1305
(3, 2, 2)
2
(50, 13)
--> Day : 4
-> Request 0
238
(4, 1, 2)
2
(69, 49)
-> Request 1
679
(1, 3, 1)
1
(2, 16)
---> Week : 6
--> Day : 0
-> Request 0
217
(3, 1, 2)
1
(16, 33)
-> Request 1
946
(3, 1, 1)
1
(79, 15)
-> Request 2
951
(2, 2, 1)
1
(39, 21)
-> Request 3
1408
(1, 1, 2)
1
(42, 2)
--> Day : 1
-> Request 0
12
(3, 2, 2)
3
(6, 79)
-> Request 1
548
(3, 2, 1)
2
(13, 26)
-> Request 2
786
(3, 2, 1)
1
(19, 47)
-> Request 3
1016
(2, 1, 2)
2
(72, 13)
-> Request 4
1292
(4, 2, 2)
1
(4, 33)
--> Day : 2
-> Request 0
179
(1, 2, 2)
2
(72, 26)
--> Day : 3
-> Request 0
547
(1, 1, 2)
1
(42, 67)
--> Day : 4
-> Request 0
210
(3, 1, 2)
2
(53, 25)
-> Request 1
463
(2, 3, 1)
3
(27, 57)
-> Request 2
506
(1, 3, 2)
3
(40, 60)
-> Request 3
820
(3, 2, 2)
3
(63, 9)
---> Week : 7
--> Day : 0
-> Request 0
62
(2, 2, 1)
3
(35, 45)
-> Request 1
184
(3, 1, 1)
2
(59, 34)
-> Request 2
205
(2, 2, 2)
2
(18, 67)
-> Request 3
1142
(2, 3, 2)
3
(38, 40)
--> Day : 1
-> Request 0
61
(4, 3, 2)
2
(11, 73)
-> Request 1
593
(1, 1, 1)
1
(70, 0)
-> Request 2
904
(4, 2, 2)
2
(70, 16)
-> Request 3
1173
(2, 2, 2)
1
(17, 36)
-> Request 4
1409
(3, 1, 1)
1
(48, 76)
--> Day : 2
-> Request 0
92
(2, 3, 2)
1
(21, 44)
--> Day : 3
-> Request 0
815
(1, 2, 2)
1
(57, 60)
--> Day : 4
-> Request 0
802
(2, 3, 2)
1
(22, 55)
-> Request 1
886
(3, 1, 2)
2
(11, 65)
-> Request 2
948
(1, 3, 2)
1
(40, 36)
-> Request 3
1186
(4, 3, 2)
3
(0, 2)
---> Week : 8
--> Day : 0
-> Request 0
219
(4, 3, 2)
1
(34, 69)
-> Request 1
488
(1, 3, 1)
3
(18, 52)
-> Request 2
796
(2, 1, 2)
1
(69, 74)
-> Request 3
1014
(3, 2, 2)
3
(1, 76)
-> Request 4
1388
(3, 3, 2)
1
(16, 59)
--> Day : 1
-> Request 0
220
(4, 3, 2)
1
(25, 50)
-> Request 1
415
(2, 2, 1)
3
(11, 32)
-> Request 2
705
(2, 2, 1)
1
(23, 55)
-> Request 3
780
(4, 1, 2)
3
(51, 22)
-> Request 4
1216
(4, 3, 1)
3
(47, 37)
--> Day : 2
-> Request 0
280
(1, 2, 2)
2
(20, 64)
-> Request 1
471
(1, 3, 1)
2
(0, 19)
--> Day : 3
-> Request 0
155
(3, 3, 2)
2
(45, 69)
-> Request 1
190
(2, 1, 1)
2
(71, 34)
-> Request 2
253
(4, 3, 2)
1
(2, 25)
-> Request 3
652
(1, 3, 1)
3
(39, 72)
-> Request 4
836
(4, 3, 2)
2
(66, 53)
-> Request 5
840
(2, 3, 1)
2
(33, 13)
-> Request 6
1332
(4, 3, 2)
3
(44, 38)
--> Day : 4
-> Request 0
101
(4, 3, 1)
3
(18, 48)
-> Request 1
542
(3, 1, 1)
1
(38, 8)
-> Request 2
1278
(2, 2, 2)
3
(18, 45)
---> Week : 9
--> Day : 0
-> Request 0
799
(3, 1, 2)
1
(28, 2)
--> Day : 1
-> Request 0
23
(3, 1, 2)
2
(7, 74)
-> Request 1
35
(2, 1, 2)
3
(24, 28)
-> Request 2
89
(1, 3, 1)
2
(55, 23)
-> Request 3
163
(1, 1, 1)
1
(9, 19)
-> Request 4
312
(4, 2, 2)
1
(51, 13)
-> Request 5
569
(1, 2, 2)
3
(10, 69)
-> Request 6
948
(3, 3, 2)
2
(11, 58)
-> Request 7
1070
(2, 1, 2)
1
(50, 10)
-> Request 8
1402
(1, 1, 2)
3
(68, 41)
--> Day : 2
-> Request 0
335
(4, 3, 2)
2
(74, 45)
-> Request 1
560
(4, 3, 1)
1
(22, 59)
-> Request 2
1236
(3, 2, 1)
2
(54, 10)
-> Request 3
1371
(3, 2, 1)
1
(44, 7)
--> Day : 3
-> Request 0
105
(1, 3, 1)
1
(11, 24)
-> Request 1
306
(1, 3, 1)
3
(74, 70)
-> Request 2
918
(2, 3, 2)
2
(57, 76)
-> Request 3
1081
(4, 1, 2)
3
(65, 47)
--> Day : 4
-> Request 0
249
(3, 1, 1)
1
(60, 72)
-> Request 1
447
(1, 3, 2)
2
(4, 78)
-> Request 2
709
(1, 2, 2)
3
(23, 36)
-> Request 3
1325
(3, 3, 1)
1
(8, 28)
---> Week : 10
--> Day : 0
-> Request 0
727
(4, 3, 2)
3
(7, 40)
-> Request 1
857
(4, 3, 2)
3
(55, 40)
-> Request 2
1002
(1, 3, 2)
3
(65, 62)
-> Request 3
1237
(1, 3, 1)
1
(66, 39)
-> Request 4
1356
(2, 1, 1)
3
(77, 40)
--> Day : 1
-> Request 0
285
(2, 2, 2)
2
(10, 34)
-> Request 1
1137
(4, 1, 1)
3
(43, 15)
--> Day : 2
-> Request 0
237
(3, 1, 1)
2
(47, 24)
-> Request 1
334
(2, 1, 2)
2
(24, 14)
-> Request 2
356
(4, 2, 2)
2
(1, 19)
-> Request 3
436
(1, 1, 2)
3
(21, 1)
-> Request 4
773
(4, 3, 1)
2
(69, 7)
-> Request 5
1351
(2, 1, 1)
3
(78, 58)
--> Day : 3
-> Request 0
6
(2, 3, 1)
2
(8, 75)
-> Request 1
93
(4, 2, 1)
1
(57, 68)
-> Request 2
306
(4, 1, 1)
2
(40, 9)
-> Request 3
625
(1, 1, 1)
1
(79, 43)
--> Day : 4
-> Request 0
26
(3, 1, 1)
2
(1, 26)
-> Request 1
248
(4, 3, 1)
3
(54, 40)
-> Request 2
323
(3, 3, 1)
1
(0, 44)
-> Request 3
590
(4, 1, 2)
2
(45, 49)
---> Week : 11
--> Day : 0
-> Request 0
530
(2, 1, 2)
3
(67, 16)
--> Day : 1
-> Request 0
327
(4, 1, 2)
3
(51, 47)
-> Request 1
686
(1, 2, 1)
2
(61, 33)
-> Request 2
924
(3, 3, 1)
1
(9, 68)
-> Request 3
1421
(2, 1, 1)
3
(13, 43)
--> Day : 2
-> Request 0
237
(2, 1, 1)
2
(6, 28)
-> Request 1
649
(3, 1, 2)
2
(19, 37)
-> Request 2
1053
(1, 2, 2)
3
(44, 70)
--> Day : 3
-> Request 0
1004
(3, 3, 2)
1
(16, 47)
-> Request 1
1438
(4, 1, 1)
1
(50, 45)
--> Day : 4
-> Request 0
2
(4, 2, 1)
3
(69, 58)
-> Request 1
75
(4, 2, 1)
1
(76, 56)
-> Request 2
309
(4, 3, 2)
2
(11, 3)
-> Request 3
543
(4, 3, 2)
2
(3, 24)
-> Request 4
864
(4, 3, 2)
2
(67, 71)
-> Request 5
882
(3, 2, 1)
3
(20, 41)
-> Request 6
1287
(2, 2, 1)
3
(32, 9)
-> Request 7
1296
(2, 2, 2)
3
(30, 28)
---> Week : 12
--> Day : 0
-> Request 0
429
(2, 1, 1)
2
(22, 61)
-> Request 1
778
(2, 2, 1)
1
(65, 64)
-> Request 2
1111
(3, 1, 2)
2
(74, 40)
--> Day : 1
-> Request 0
362
(3, 1, 2)
1
(16, 79)
-> Request 1
1004
(4, 1, 2)
1
(56, 69)
-> Request 2
1416
(4, 1, 2)
1
(22, 40)
--> Day : 2
-> Request 0
250
(3, 3, 1)
3
(57, 15)
-> Request 1
336
(1, 3, 2)
2
(59, 65)
-> Request 2
532
(2, 2, 2)
2
(30, 76)
-> Request 3
1018
(1, 1, 2)
3
(54, 29)
-> Request 4
1403
(2, 1, 2)
2
(42, 2)
--> Day : 3
-> Request 0
96
(1, 1, 2)
1
(6, 43)
-> Request 1
174
(4, 2, 2)
2
(69, 25)
-> Request 2
711
(3, 2, 2)
1
(45, 26)
-> Request 3
740
(1, 1, 1)
3
(19, 49)
-> Request 4
1096
(4, 1, 2)
3
(53, 13)
-> Request 5
1257
(1, 3, 2)
1
(62, 70)
-> Request 6
1439
(4, 1, 1)
2
(64, 74)
--> Day : 4
-> Request 0
296
(4, 1, 2)
2
(1, 74)
-> Request 1
548
(4, 2, 1)
2
(36, 77)
-> Request 2
991
(1, 1, 1)
2
(6, 41)
-> Request 3
1207
(1, 3, 2)
2
(12, 27)
---> Week : 13
--> Day : 0
-> Request 0
1121
(4, 3, 1)
2
(73, 4)
--> Day : 1
-> Request 0
233
(3, 3, 2)
1
(4, 14)
-> Request 1
1189
(2, 2, 1)
1
(19, 61)
-> Request 2
1311
(3, 3, 2)
2
(8, 6)
--> Day : 2
-> Request 0
374
(3, 1, 2)
2
(63, 38)
-> Request 1
600
(1, 3, 2)
3
(19, 20)
-> Request 2
752
(4, 1, 2)
2
(10, 14)
--> Day : 3
-> Request 0
1105
(2, 2, 2)
2
(76, 31)
-> Request 1
1207
(1, 1, 1)
2
(42, 45)
-> Request 2
1256
(3, 3, 2)
3
(51, 74)
--> Day : 4
-> Request 0
35
(3, 1, 2)
2
(47, 41)
-> Request 1
506
(1, 2, 1)
1
(28, 9)
-> Request 2
674
(1, 3, 1)
1
(12, 5)
-> Request 3
903
(2, 2, 2)
2
(49, 59)
-> Request 4
1384
(4, 1, 1)
3
(55, 27)
---> Week : 14
--> Day : 0
-> Request 0
451
(3, 3, 1)
2
(22, 8)
-> Request 1
486
(4, 3, 2)
2
(33, 56)
-> Request 2
685
(3, 3, 1)
1
(4, 71)
--> Day : 1
-> Request 0
1075
(1, 2, 2)
1
(57, 79)
--> Day : 2
-> Request 0
86
(1, 2, 1)
2
(47, 34)
-> Request 1
152
(4, 3, 1)
1
(64, 16)
-> Request 2
333
(2, 1, 1)
1
(75, 51)
-> Request 3
387
(4, 2, 1)
3
(27, 20)
-> Request 4
627
(3, 1, 1)
3
(67, 75)
-> Request 5
664
(1, 3, 1)
2
(77, 20)
-> Request 6
665
(2, 2, 2)
2
(36, 63)
-> Request 7
781
(3, 2, 1)
2
(69, 24)
--> Day : 3
-> Request 0
100
(4, 3, 2)
2
(55, 32)
-> Request 1
312
(2, 1, 2)
2
(38, 44)
-> Request 2
571
(4, 1, 2)
1
(59, 79)
-> Request 3
595
(3, 3, 2)
1
(74, 9)
-> Request 4
648
(1, 3, 1)
3
(75, 56)
-> Request 5
856
(4, 2, 2)
3
(41, 53)
-> Request 6
1420
(1, 2, 1)
1
(77, 13)
--> Day : 4
-> Request 0
15
(1, 3, 2)
1
(9, 10)
-> Request 1
421
(3, 1, 1)
2
(65, 68)
-> Request 2
711
(1, 3, 1)
1
(30, 79)
-> Request 3
1167
(2, 1, 1)
2
(12, 0)
---> Week : 15
--> Day : 0
-> Request 0
245
(4, 1, 2)
2
(9, 77)
-> Request 1
272
(1, 3, 2)
3
(3, 1)
-> Request 2
289
(4, 1, 1)
3
(18, 23)
-> Request 3
485
(3, 2, 2)
1
(63, 52)
-> Request 4
1364
(2, 3, 2)
2
(74, 70)
-> Request 5
1380
(2, 2, 1)
1
(69, 79)
--> Day : 1
-> Request 0
532
(3, 3, 2)
3
(24, 50)
-> Request 1
954
(4, 2, 2)
2
(6, 41)
-> Request 2
1217
(3, 3, 2)
2
(67, 16)
--> Day : 2
-> Request 0
368
(1, 1, 1)
1
(29, 71)
-> Request 1
369
(4, 2, 2)
2
(28, 71)
-> Request 2
712
(1, 2, 1)
1
(9, 3)
--> Day : 3
-> Request 0
255
(2, 3, 1)
3
(14, 7)
-> Request 1
325
(1, 3, 2)
2
(69, 24)
-> Request 2
334
(1, 2, 1)
1
(10, 14)
-> Request 3
363
(2, 1, 2)
3
(59, 79)
-> Request 4
443
(1, 3, 1)
3
(68, 35)
--> Day : 4
-> Request 0
80
(4, 3, 2)
2
(25, 33)
-> Request 1
470
(3, 3, 2)
1
(58, 40)
-> Request 2
588
(2, 3, 2)
3
(71, 62)
---> Week : 16
--> Day : 0
-> Request 0
118
(1, 2, 1)
2
(43, 31)
-> Request 1
582
(3, 1, 2)
1
(32, 74)
-> Request 2
799
(4, 2, 1)
3
(29, 25)
--> Day : 1
-> Request 0
275
(3, 2, 1)
2
(79, 36)
-> Request 1
412
(4, 3, 1)
1
(45, 78)
-> Request 2
917
(4, 2, 2)
3
(44, 24)
-> Request 3
1425
(1, 2, 2)
2
(51, 24)
--> Day : 2
-> Request 0
735
(1, 1, 1)
3
(43, 4)
-> Request 1
838
(4, 2, 1)
3
(74, 71)
-> Request 2
1242
(4, 2, 2)
2
(79, 9)
--> Day : 3
-> Request 0
801
(1, 2, 1)
1
(3, 11)
-> Request 1
1233
(3, 1, 2)
2
(23, 56)
--> Day : 4
-> Request 0
179
(4, 2, 1)
2
(12, 45)
-> Request 1
241
(3, 3, 1)
2
(40, 70)
-> Request 2
1077
(2, 3, 2)
1
(12, 0)
-> Request 3
1131
(1, 1, 2)
3
(75, 66)
---> Week : 17
--> Day : 0
-> Request 0
205
(2, 2, 1)
2
(72, 54)
-> Request 1
736
(4, 2, 1)
3
(74, 74)
-> Request 2
1350
(4, 2, 1)
2
(70, 62)
-> Request 3
1372
(3, 2, 1)
3
(47, 58)
--> Day : 1
-> Request 0
628
(4, 3, 2)
1
(39, 77)
--> Day : 2
-> Request 0
711
(3, 3, 1)
1
(46, 72)
-> Request 1
768
(3, 2, 1)
2
(69, 70)
--> Day : 3
-> Request 0
469
(4, 1, 1)
3
(46, 18)
-> Request 1
918
(4, 1, 2)
3
(5, 72)
-> Request 2
923
(4, 3, 1)
2
(41, 70)
-> Request 3
1007
(4, 2, 1)
1
(25, 54)
-> Request 4
1207
(4, 3, 1)
1
(63, 36)
--> Day : 4
-> Request 0
292
(3, 2, 2)
3
(12, 24)
-> Request 1
988
(3, 3, 1)
3
(19, 78)
-> Request 2
1128
(2, 1, 1)
2
(4, 24)
---> Week : 18
--> Day : 0
-> Request 0
74
(4, 2, 1)
2
(16, 15)
-> Request 1
419
(3, 1, 1)
1
(65, 69)
-> Request 2
1157
(2, 1, 2)
1
(63, 22)
-> Request 3
1435
(3, 2, 2)
1
(66, 72)
--> Day : 1
-> Request 0
282
(4, 1, 2)
1
(10, 73)
-> Request 1
707
(2, 2, 1)
3
(59, 50)
-> Request 2
785
(1, 1, 1)
1
(57, 1)
-> Request 3
1163
(4, 1, 2)
2
(60, 48)
--> Day : 2
--> Day : 3
-> Request 0
168
(3, 2, 2)
1
(9, 49)
-> Request 1
978
(3, 3, 1)
1
(26, 4)
--> Day : 4
-> Request 0
316
(1, 2, 2)
2
(27, 22)
-> Request 1
992
(3, 1, 2)
3
(8, 62)
-> Request 2
1136
(3, 2, 1)
2
(19, 24)
-> Request 3
1249
(2, 3, 2)
3
(3, 8)
-> Request 4
1383
(2, 2, 1)
1
(50, 78)
---> Week : 19
--> Day : 0
-> Request 0
92
(4, 3, 2)
2
(69, 42)
-> Request 1
274
(2, 2, 2)
2
(79, 22)
-> Request 2
500
(3, 3, 2)
3
(13, 79)
-> Request 3
616
(3, 2, 2)
1
(0, 10)
-> Request 4
624
(2, 3, 2)
1
(12, 64)
-> Request 5
1364
(2, 2, 2)
1
(55, 66)
--> Day : 1
-> Request 0
725
(2, 2, 1)
1
(72, 7)
-> Request 1
941
(2, 1, 2)
2
(3, 25)
-> Request 2
1079
(1, 3, 2)
2
(52, 33)
-> Request 3
1254
(3, 3, 1)
2
(48, 19)
--> Day : 2
-> Request 0
178
(4, 3, 1)
3
(28, 71)
-> Request 1
923
(2, 2, 2)
1
(16, 6)
-> Request 2
1165
(2, 1, 1)
2
(48, 49)
--> Day : 3
-> Request 0
436
(2, 3, 1)
1
(62, 58)
-> Request 1
871
(1, 1, 2)
2
(73, 12)
-> Request 2
1155
(4, 3, 2)
2
(21, 77)
-> Request 3
1257
(4, 1, 1)
2
(76, 67)
-> Request 4
1359
(3, 1, 1)
2
(64, 20)
--> Day : 4
-> Request 0
647
(2, 2, 1)
2
(57, 72)
