---> Week : 0
--> Day : 0
-> Request 0
119
(2, 2, 1)
1
(23, 60)
-> Request 1
497
(4, 1, 2)
1
(37, 34)
-> Request 2
994
(2, 1, 2)
2
(74, 56)
-> Request 3
1059
(3, 1, 1)
3
(31, 48)
-> Request 4
1131
(3, 3, 2)
2
(13, 38)
-> Request 5
1202
(3, 1, 1)
1
(51, 62)
--> Day : 1
-> Request 0
922
(2, 2, 2)
3
(15, 61)
-> Request 1
1024
(1, 1, 1)
2
(14, 22)
--> Day : 2
-> Request 0
304
(4, 2, 1)
2
(6, 61)
-> Request 1
458
(3, 1, 2)
1
(1, 56)
-> Request 2
673
(1, 2, 1)
3
(32, 65)
--> Day : 3
-> Request 0
181
(4, 2, 2)
3
(45, 32)
-> Request 1
354
(1, 2, 2)
2
(23, 65)
-> Request 2
495
(3, 3, 2)
1
(27, 50)
-> Request 3
519
(3, 2, 1)
2
(57, 44)
-> Request 4
550
(4, 3, 2)
3
(47, 72)
-> Request 5
742
(4, 2, 2)
2
(48, 25)
-> Request 6
807
(2, 2, 1)
1
(56, 48)
-> Request 7
1304
(1, 1, 1)
3
(47, 14)
--> Day : 4
-> Request 0
292
(1, 2, 1)
2
(31, 19)
---> Week : 1
--> Day : 0
-> Request 0
404
(1, 2, 1)
2
(79, 29)
-> Request 1
990
(3, 2, 2)
2
(22, 31)
-> Request 2
1123
(2, 2, 1)
1
(2, 12)
-> Request 3
1171
(4, 1, 1)
2
(32, 60)
-> Request 4
1336
(3, 1, 2)
1
(67, 43)
-> Request 5
1361
(2, 1, 2)
3
(51, 66)
--> Day : 1
-> Request 0
43
(3, 2, 1)
1
(63, 45)
-> Request 1
80
(4, 3, 2)
3
(26, 38)
-> Request 2
155
(3, 3, 2)
2
(58, 24)
-> Request 3
205
(3, 1, 1)
3
(22, 67)
-> Request 4
510
(1, 3, 1)
2
(25, 50)
-> Request 5
868
(1, 1, 2)
3
(45, 66)
-> Request 6
1137
(2, 1, 2)
3
(78, 14)
--> Day : 2
-> Request 0
199
(1, 3, 2)
2
(7, 43)
-> Request 1
297
(2, 2, 2)
1
(24, 10)
-> Request 2
437
(1, 1, 1)
3
(21, 76)
-> Request 3
444
(4, 2, 2)
1
(74, 7)
-> Request 4
1021
(1, 1, 2)
2
(56, 34)
-> Request 5
1139
(2, 2, 1)
1
(14, 68)
-> Request 6
1412
(2, 3, 1)
2
(66, 57)
--> Day : 3
-> Request 0
6
(1, 3, 1)
1
(35, 38)
-> Request 1
49
(2, 1, 1)
1
(13, 76)
-> Request 2
503
(1, 1, 1)
3
(71, 73)
--> Day : 4
-> Request 0
598
(1, 3, 2)
1
(68, 55)
-> Request 1
898
(4, 3, 1)
2
(68, 12)
-> Request 2
921
(3, 2, 1)
3
(9, 35)
-> Request 3
958
(3, 3, 2)
2
(29, 21)
-> Request 4
1027
(1, 2, 2)
2
(34, 45)
-> Request 5
1091
(3, 2, 2)
2
(58, 18)
-> Request 6
1177
(4, 1, 1)
3
(63, 38)
---> Week : 2
--> Day : 0
-> Request 0
179
(1, 2, 2)
1
(53, 2)
-> Request 1
393
(3, 2, 2)
1
(71, 73)
-> Request 2
1135
(2, 1, 1)
2
(62, 46)
-> Request 3
1253
(1, 1, 2)
1
(48, 72)
--> Day : 1
-> Request 0
213
(2, 1, 2)
1
(59, 63)
-> Request 1
788
(4, 1, 1)
2
(24, 53)
-> Request 2
940
(4, 3, 2)
3
(52, 0)
--> Day : 2
-> Request 0
466
(1, 1, 1)
1
(54, 15)
-> Request 1
676
(4, 1, 1)
1
(46, 36)
-> Request 2
779
(2, 2, 2)
2
(4, 12)
--> Day : 3
-> Request 0
335
(4, 3, 2)
1
(16, 50)
-> Request 1
1289
(4, 3, 1)
2
(3, 25)
--> Day : 4
-> Request 0
65
(3, 2, 2)
3
(56, 61)
-> Request 1
472
(1, 3, 1)
3
(20, 20)
-> Request 2
1030
(1, 1, 1)
2
(14, 20)
---> Week : 3
--> Day : 0
-> Request 0
57
(1, 1, 1)
1
(13, 25)
-> Request 1
722
(2, 1, 1)
2
(57, 28)
-> Request 2
1155
(3, 2, 2)
3
(43, 53)
-> Request 3
1238
(3, 1, 2)
2
(62, 70)
--> Day : 1
-> Request 0
626
(4, 3, 1)
2
(47, 13)
--> Day : 2
-> Request 0
106
(1, 3, 1)
3
(42, 32)
-> Request 1
483
(3, 1, 2)
3
(66, 76)
-> Request 2
548
(4, 3, 2)
2
(55, 28)
-> Request 3
1092
(1, 2, 2)
2
(8, 14)
-> Request 4
1211
(4, 1, 1)
1
(28, 51)
-> Request 5
1314
(3, 1, 2)
3
(2, 43)
--> Day : 3
-> Request 0
152
(2, 1, 2)
2
(3, 52)
-> Request 1
1370
(3, 3, 2)
1
(4, 29)
--> Day : 4
-> Request 0
10
(1, 1, 1)
3
(64, 75)
-> Request 1
111
(3, 1, 1)
1
(47, 20)
-> Request 2
373
(3, 2, 2)
1
(18, 60)
-> Request 3
590
(2, 3, 1)
3
(48, 3)
-> Request 4
668
(1, 1, 1)
3
(18, 36)
-> Request 5
825
(2, 3, 1)
2
(46, 18)
-> Request 6
907
(1, 3, 2)
2
(10, 0)
-> Request 7
908
(2, 3, 2)
3
(30, 67)
-> Request 8
1020
(3, 1, 1)
2
(41, 26)
-> Request 9
1073
(3, 3, 2)
2
(3, 13)
---> Week : 4
--> Day : 0
-> Request 0
600
(2, 1, 2)
1
(13, 57)
-> Request 1
645
(3, 2, 2)
2
(24, 10)
-> Request 2
728
(4, 1, 1)
2
(69, 0)
-> Request 3
1016
(4, 3, 1)
3
(23, 15)
-> Request 4
1253
(2, 2, 2)
2
(43, 1)
-> Request 5
1356
(2, 3, 1)
3
(71, 76)
--> Day : 1
-> Request 0
104
(1, 2, 1)
3
(33, 71)
-> Request 1
123
(1, 1, 1)
3
(39, 21)
-> Request 2
276
(2, 1, 1)
1
(74, 11)
-> Request 3
519
(2, 3, 1)
3
(77, 22)
-> Request 4
709
(3, 2, 2)
2
(19, 25)
-> Request 5
1041
(1, 1, 1)
1
(31, 39)
-> Request 6
1184
(4, 3, 2)
2
(17, 30)
-> Request 7
1411
(4, 2, 1)
1
(22, 19)
--> Day : 2
-> Request 0
247
(1, 2, 2)
1
(61, 17)
-> Request 1
1092
(2, 1, 2)
2
(42, 48)
-> Request 2
1316
(3, 2, 2)
3
(36, 43)
-> Request 3
1418
(2, 1, 1)
2
(33, 7)
--> Day : 3
-> Request 0
365
(2, 1, 2)
1
(33, 70)
-> Request 1
519
(1, 2, 1)
1
(23, 46)
-> Request 2
1136
(3, 2, 1)
2
(59, 18)
-> Request 3
1241
(3, 1, 2)
2
(19, 26)
-> Request 4
1388
(3, 3, 1)
1
(40, 23)
--> Day : 4
-> Request 0
878
(2, 1, 2)
1
(68, 49)
-> Request 1
1156
(3, 3, 1)
3
(54, 46)
---> Week : 5
--> Day : 0
-> Request 0
67
(1, 2, 1)
1
(56, 32)
-> Request 1
286
(3, 2, 2)
2
(77, 1)
-> Request 2
881
(2, 2, 2)
2
(53, 68)
-> Request 3
1379
(1, 2, 2)
3
(24, 4)
--> Day : 1
-> Request 0
101
(4, 2, 2)
1
(62, 75)
-> Request 1
309
(4, 3, 2)
3
(62, 52)
-> Request 2
412
(3, 2, 1)
1
(32, 43)
-> Request 3
805
(3, 3, 2)
1
(53, 33)
-> Request 4
1337
(4, 2, 1)
2
(26, 67)
--> Day : 2
-> Request 0
202
(3, 2, 2)
3
(45, 33)
-> Request 1
454
(4, 3, 2)
2
(15, 8)
-> Request 2
769
(3, 1, 1)
3
(78, 33)
-> Request 3
1311
(1, 3, 1)
3
(62, 52)
--> Day : 3
-> Request 0
269
(2, 2, 2)
2
(40, 34)
-> Request 1
282
(3, 3, 1)
2
(18, 48)
-> Request 2
541
(1, 1, 2)
2
(49, 6)
-> Request 3
798
(4, 2, 2)
3
(60, 28)
-> Request 4
1213
(2, 2, 2)
1
(8, 70)
--> Day : 4
-> Request 0
535
(3, 1, 1)
2
(72, 74)
-> Request 1
568
(2, 1, 2)
2
(77, 44)
-> Request 2
778
(2, 1, 2)
3
(3, 33)
-> Request 3
963
(4, 2, 2)
1
(12, 74)
---> Week : 6
--> Day : 0
-> Request 0
9
(4, 3, 1)
2
(24, 70)
-> Request 1
1122
(3, 1, 1)
1
(28, 44)
--> Day : 1
-> Request 0
145
(1, 3, 2)
3
(50, 54)
-> Request 1
313
(3, 1, 2)
2
(19, 19)
-> Request 2
921
(2, 3, 1)
2
(26, 25)
-> Request 3
1193
(4, 2, 1)
2
(77, 16)
--> Day : 2
-> Request 0
1006
(1, 1, 1)
1
(46, 10)
-> Request 1
1088
(4, 3, 1)
2
(3, 13)
--> Day : 3
-> Request 0
38
(4, 2, 2)
1
(9, 67)
-> Request 1
81
(1, 1, 1)
2
(19, 60)
-> Request 2
125
(3, 2, 1)
1
(23, 41)
-> Request 3
669
(2, 3, 2)
1
(72, 36)
-> Request 4
1259
(1, 1, 1)
3
(58, 34)
--> Day : 4
-> Request 0
1161
(4, 2, 2)
1
(42, 30)
---> Week : 7
--> Day : 0
-> Request 0
311
(2, 2, 1)
3
(5, 22)
--> Day : 1
-> Request 0
38
(2, 3, 2)
1
(30, 11)
-> Request 1
418
(3, 1, 1)
2
(13, 53)
-> Request 2
1108
(2, 2, 2)
1
(50, 28)
-> Request 3
1183
(4, 3, 1)
2
(20, 69)
-> Request 4
1411
(4, 1, 1)
2
(3, 7)
--> Day : 2
-> Request 0
37
(2, 2, 2)
2
(28, 17)
-> Request 1
102
(3, 1, 2)
1
(67, 21)
-> Request 2
1055
(2, 1, 2)
1
(45, 66)
-> Request 3
1146
(3, 1, 2)
2
(72, 42)
-> Request 4
1213
(1, 1, 2)
1
(23, 64)
-> Request 5
1316
(4, 1, 2)
1
(55, 34)
--> Day : 3
-> Request 0
992
(2, 1, 2)
2
(40, 0)
--> Day : 4
-> Request 0
225
(2, 1, 2)
3
(46, 13)
-> Request 1
343
(3, 2, 2)
3
(66, 69)
-> Request 2
508
(1, 1, 1)
3
(4, 4)
-> Request 3
1209
(4, 3, 1)
2
(72, 59)
---> Week : 8
--> Day : 0
--> Day : 1
-> Request 0
942
(2, 3, 1)
2
(52, 38)
-> Request 1
1079
(1, 2, 1)
1
(30, 55)
--> Day : 2
-> Request 0
20
(1, 1, 2)
3
(45, 20)
-> Request 1
655
(1, 2, 1)
1
(64, 51)
-> Request 2
892
(1, 2, 2)
3
(47, 22)
-> Request 3
1409
(1, 3, 2)
3
(16, 21)
-> Request 4
1421
(1, 1, 1)
3
(51, 21)
--> Day : 3
-> Request 0
104
(2, 1, 2)
3
(41, 14)
-> Request 1
538
(3, 3, 2)
1
(17, 23)
-> Request 2
1392
(1, 3, 1)
2
(36, 2)
-> Request 3
1406
(2, 1, 2)
3
(41, 45)
-> Request 4
1409
(3, 2, 1)
2
(31, 7)
--> Day : 4
-> Request 0
42
(3, 1, 2)
2
(40, 65)
-> Request 1
393
(1, 3, 1)
1
(12, 43)
-> Request 2
419
(1, 3, 1)
1
(32, 62)
-> Request 3
445
(4, 3, 2)
1
(71, 68)
-> Request 4
457
(1, 3, 1)
2
(59, 74)
-> Request 5
571
(2, 2, 2)
1
(42, 75)
-> Request 6
966
(4, 3, 1)
2
(45, 34)
---> Week : 9
--> Day : 0
-> Request 0
183
(1, 2, 1)
1
(50, 11)
--> Day : 1
-> Request 0
226
(2, 1, 2)
1
(18, 58)
-> Request 1
251
(3, 1, 1)
1
(52, 21)
-> Request 2
923
(4, 2, 2)
3
(22, 32)
-> Request 3
1028
(3, 3, 2)
1
(20, 24)
-> Request 4
1093
(4, 1, 2)
3
(0, 29)
-> Request 5
1108
(2, 3, 2)
1
(47, 67)
-> Request 6
1249
(2, 2, 1)
3
(49, 16)
-> Request 7
1323
(1, 1, 1)
2
(31, 4)
--> Day : 2
-> Request 0
41
(2, 2, 2)
1
(49, 3)
-> Request 1
268
(2, 2, 1)
2
(31, 16)
-> Request 2
375
(3, 2, 2)
1
(51, 21)
-> Request 3
753
(4, 3, 1)
3
(55, 29)
-> Request 4
828
(1, 2, 1)
3
(44, 11)
-> Request 5
1340
(1, 2, 2)
1
(60, 42)
--> Day : 3
-> Request 0
550
(2, 3, 2)
2
(77, 33)
-> Request 1
817
(2, 3, 2)
1
(4, 11)
-> Request 2
1419
(1, 1, 1)
3
(12, 6)
--> Day : 4
-> Request 0
13
(3, 1, 2)
1
(39, 56)
-> Request 1
177
(2, 3, 1)
1
(34, 41)
-> Request 2
450
(3, 1, 2)
3
(65, 76)
-> Request 3
689
(1, 1, 2)
3
(23, 49)
-> Request 4
714
(2, 1, 2)
1
(50, 33)
-> Request 5
1199
(2, 2, 1)
2
(9, 45)
---> Week : 10
--> Day : 0
-> Request 0
874
(4, 1, 2)
1
(49, 7)
-> Request 1
962
(4, 1, 1)
3
(41, 22)
-> Request 2
1016
(2, 2, 2)
2
(41, 16)
-> Request 3
1156
(3, 3, 2)
1
(24, 24)
--> Day : 1
-> Request 0
33
(1, 3, 2)
1
(0, 50)
-> Request 1
393
(4, 2, 2)
2
(41, 64)
-> Request 2
772
(3, 2, 2)
2
(57, 72)
-> Request 3
805
(1, 1, 1)
1
(65, 19)
-> Request 4
1255
(2, 3, 2)
3
(65, 29)
--> Day : 2
-> Request 0
9
(2, 3, 2)
1
(13, 9)
-> Request 1
168
(3, 3, 1)
3
(66, 8)
-> Request 2
520
(1, 3, 1)
1
(23, 47)
-> Request 3
1420
(1, 2, 2)
3
(44, 51)
--> Day : 3
-> Request 0
1193
(1, 3, 2)
3
(34, 38)
--> Day : 4
-> Request 0
179
(4, 1, 1)
2
(71, 46)
-> Request 1
220
(1, 2, 2)
3
(10, 1)
-> Request 2
866
(1, 1, 1)
3
(45, 37)
-> Request 3
899
(3, 1, 2)
3
(46, 47)
-> Request 4
1285
(4, 3, 1)
1
(3, 52)
-> Request 5
1289
(4, 1, 1)
2
(58, 39)
-> Request 6
1423
(3, 1, 2)
1
(74, 6)
---> Week : 11
--> Day : 0
-> Request 0
1
(3, 3, 1)
1
(12, 76)
-> Request 1
112
(4, 1, 2)
2
(37, 47)
-> Request 2
291
(4, 2, 2)
3
(77, 39)
-> Request 3
407
(3, 1, 1)
1
(25, 1)
-> Request 4
1407
(4, 2, 2)
3
(36, 63)
--> Day : 1
-> Request 0
216
(1, 3, 1)
2
(15, 64)
-> Request 1
242
(1, 3, 2)
2
(51, 77)
-> Request 2
647
(2, 3, 2)
2
(50, 59)
-> Request 3
960
(2, 3, 1)
2
(52, 37)
-> Request 4
1237
(3, 3, 1)
1
(50, 62)
-> Request 5
1308
(2, 2, 2)
2
(79, 29)
--> Day : 2
-> Request 0
1158
(1, 3, 1)
3
(43, 3)
-> Request 1
1218
(3, 3, 1)
1
(71, 72)
-> Request 2
1412
(3, 1, 1)
3
(4, 56)
--> Day : 3
-> Request 0
204
(3, 1, 1)
3
(70, 13)
-> Request 1
1352
(1, 2, 2)
1
(73, 21)
--> Day : 4
-> Request 0
332
(1, 2, 2)
3
(25, 60)
-> Request 1
346
(3, 2, 2)
2
(15, 24)
-> Request 2
395
(4, 2, 1)
1
(45, 62)
-> Request 3
660
(3, 3, 2)
1
(50, 46)
-> Request 4
1358
(1, 3, 1)
2
(40, 32)
---> Week : 12
--> Day : 0
-> Request 0
437
(4, 1, 2)
3
(3, 3)
-> Request 1
741
(4, 1, 2)
1
(55, 75)
--> Day : 1
-> Request 0
1226
(1, 3, 2)
1
(3, 32)
-> Request 1
1317
(2, 1, 1)
1
(76, 75)
-> Request 2
1364
(4, 2, 2)
1
(79, 65)
--> Day : 2
-> Request 0
262
(4, 3, 2)
2
(9, 50)
-> Request 1
316
(2, 2, 2)
3
(0, 20)
-> Request 2
504
(2, 2, 1)
3
(26, 38)
--> Day : 3
-> Request 0
206
(2, 1, 2)
2
(0, 53)
-> Request 1
694
(3, 2, 1)
2
(61, 3)
-> Request 2
761
(4, 3, 1)
1
(47, 47)
-> Request 3
870
(3, 3, 1)
1
(46, 9)
-> Request 4
1186
(4, 2, 2)
2
(52, 28)
-> Request 5
1436
(2, 3, 2)
1
(36, 49)
--> Day : 4
---> Week : 13
--> Day : 0
--> Day : 1
-> Request 0
34
(2, 3, 2)
2
(78, 49)
-> Request 1
67
(2, 3, 2)
2
(30, 63)
-> Request 2
509
(4, 3, 1)
1
(65, 28)
-> Request 3
552
(2, 3, 1)
1
(71, 53)
-> Request 4
702
(2, 1, 1)
2
(36, 16)
-> Request 5
1173
(1, 3, 1)
3
(67, 48)
--> Day : 2
-> Request 0
151
(3, 1, 1)
2
(73, 18)
-> Request 1
166
(2, 2, 1)
1
(48, 72)
-> Request 2
443
(2, 1, 1)
3
(72, 71)
-> Request 3
795
(1, 2, 2)
3
(19, 17)
-> Request 4
806
(2, 2, 1)
2
(30, 9)
-> Request 5
912
(3, 3, 1)
2
(31, 20)
-> Request 6
1242
(2, 3, 2)
2
(75, 32)
--> Day : 3
-> Request 0
252
(2, 1, 2)
3
(36, 9)
-> Request 1
823
(1, 2, 2)
1
(50, 34)
-> Request 2
1262
(2, 2, 2)
1
(34, 7)
-> Request 3
1417
(3, 1, 1)
2
(11, 17)
--> Day : 4
-> Request 0
181
(1, 1, 2)
3
(11, 69)
-> Request 1
738
(1, 3, 1)
1
(73, 6)
-> Request 2
896
(4, 1, 1)
1
(56, 0)
---> Week : 14
--> Day : 0
-> Request 0
164
(2, 2, 1)
3
(63, 12)
-> Request 1
446
(4, 1, 1)
3
(68, 79)
-> Request 2
984
(4, 3, 1)
1
(28, 32)
-> Request 3
1409
(4, 3, 2)
1
(31, 17)
--> Day : 1
-> Request 0
586
(4, 1, 2)
3
(57, 42)
-> Request 1
660
(4, 3, 2)
1
(69, 30)
-> Request 2
1064
(1, 3, 1)
3
(10, 5)
-> Request 3
1284
(4, 2, 1)
2
(15, 38)
--> Day : 2
-> Request 0
872
(1, 3, 2)
3
(55, 21)
-> Request 1
1085
(4, 2, 2)
2
(39, 56)
--> Day : 3
-> Request 0
130
(4, 3, 2)
2
(77, 64)
-> Request 1
341
(3, 3, 1)
3
(19, 33)
-> Request 2
486
(2, 3, 1)
1
(73, 49)
--> Day : 4
-> Request 0
681
(1, 3, 1)
3
(75, 78)
-> Request 1
1040
(4, 3, 1)
3
(21, 16)
-> Request 2
1353
(3, 1, 2)
2
(14, 34)
---> Week : 15
--> Day : 0
-> Request 0
173
(1, 3, 2)
3
(64, 55)
-> Request 1
436
(4, 2, 2)
1
(68, 59)
-> Request 2
697
(4, 3, 1)
1
(58, 20)
-> Request 3
796
(2, 2, 1)
1
(38, 34)
-> Request 4
839
(3, 3, 1)
1
(6, 57)
--> Day : 1
-> Request 0
412
(3, 2, 2)
2
(67, 61)
-> Request 1
449
(2, 3, 2)
2
(28, 38)
-> Request 2
565
(2, 3, 2)
2
(43, 23)
-> Request 3
729
(4, 2, 1)
2
(13, 38)
-> Request 4
1008
(2, 1, 2)
3
(3, 73)
-> Request 5
1185
(3, 3, 2)
2
(38, 2)
--> Day : 2
-> Request 0
683
(4, 1, 2)
1
(12, 15)
-> Request 1
1328
(3, 1, 1)
1
(70, 75)
-> Request 2
1436
(2, 3, 2)
2
(30, 46)
--> Day : 3
-> Request 0
920
(1, 1, 1)
1
(42, 38)
-> Request 1
1311
(4, 3, 1)
1
(46, 72)
-> Request 2
1423
(2, 1, 1)
2
(23, 7)
--> Day : 4
-> Request 0
273
(4, 3, 2)
2
(57, 10)
-> Request 1
484
(2, 1, 1)
3
(47, 12)
-> Request 2
1265
(2, 1, 2)
2
(18, 36)
---> Week : 16
--> Day : 0
-> Request 0
438
(3, 3, 1)
1
(19, 65)
-> Request 1
521
(4, 2, 2)
2
(37, 65)
-> Request 2
544
(4, 1, 2)
2
(73, 14)
-> Request 3
1347
(3, 1, 2)
2
(71, 26)
--> Day : 1
-> Request 0
391
(4, 1, 1)
3
(52, 40)
-> Request 1
684
(2, 3, 2)
2
(50, 25)
-> Request 2
878
(3, 3, 2)
1
(53, 24)
-> Request 3
886
(1, 3, 1)
2
(1, 56)
-> Request 4
1057
(1, 1, 2)
1
(20, 26)
-> Request 5
1415
(4, 2, 2)
2
(20, 35)
--> Day : 2
-> Request 0
458
(3, 2, 2)
2
(78, 22)
-> Request 1
672
(3, 3, 2)
1
(32, 31)
-> Request 2
742
(2, 1, 1)
3
(66, 50)
-> Request 3
1100
(3, 3, 2)
1
(53, 3)
-> Request 4
1428
(1, 2, 1)
3
(6, 44)
--> Day : 3
-> Request 0
18
(4, 2, 2)
2
(22, 51)
-> Request 1
103
(4, 3, 2)
3
(74, 27)
-> Request 2
419
(1, 3, 1)
1
(42, 26)
-> Request 3
823
(4, 2, 2)
1
(2, 3)
-> Request 4
893
(4, 1, 2)
3
(14, 32)
-> Request 5
1102
(3, 3, 1)
2
(11, 38)
--> Day : 4
-> Request 0
451
(1, 2, 1)
3
(56, 34)
-> Request 1
569
(1, 1, 2)
3
(44, 79)
-> Request 2
588
(2, 1, 2)
2
(39, 70)
-> Request 3
625
(3, 3, 2)
3
(27, 15)
---> Week : 17
--> Day : 0
--> Day : 1
-> Request 0
133
(1, 1, 2)
1
(44, 10)
-> Request 1
339
(1, 3, 2)
2
(52, 45)
-> Request 2
731
(1, 2, 2)
3
(45, 30)
-> Request 3
1087
(3, 2, 2)
2
(52, 52)
-> Request 4
1135
(3, 2, 2)
1
(18, 67)
-> Request 5
1401
(1, 1, 2)
3
(60, 9)
--> Day : 2
-> Request 0
982
(1, 1, 1)
2
(6, 76)
-> Request 1
1223
(1, 3, 1)
3
(69, 31)
-> Request 2
1239
(1, 3, 1)
3
(26, 57)
--> Day : 3
-> Request 0
644
(2, 2, 1)
2
(64, 20)
--> Day : 4
-> Request 0
738
(4, 2, 1)
2
(56, 40)
-> Request 1
1022
(3, 2, 1)
3
(64, 64)
---> Week : 18
--> Day : 0
-> Request 0
162
(2, 3, 1)
3
(65, 6)
-> Request 1
311
(4, 1, 2)
2
(35, 28)
-> Request 2
405
(4, 2, 1)
1
(29, 6)
-> Request 3
877
(2, 3, 1)
2
(9, 11)
-> Request 4
905
(2, 2, 2)
1
(64, 6)
-> Request 5
1324
(3, 2, 1)
3
(10, 56)
-> Request 6
1380
(3, 2, 2)
1
(71, 13)
--> Day : 1
-> Request 0
1119
(1, 1, 2)
3
(47, 58)
-> Request 1
1420
(3, 2, 2)
3
(8, 39)
--> Day : 2
-> Request 0
348
(3, 2, 2)
1
(34, 75)
-> Request 1
626
(1, 2, 1)
2
(32, 15)
-> Request 2
714
(3, 2, 1)
2
(17, 6)
--> Day : 3
-> Request 0
177
(3, 3, 2)
3
(56, 63)
-> Request 1
349
(1, 2, 2)
1
(71, 9)
--> Day : 4
-> Request 0
936
(1, 1, 2)
3
(30, 47)
---> Week : 19
--> Day : 0
-> Request 0
39
(4, 3, 1)
3
(34, 2)
-> Request 1
501
(3, 2, 2)
1
(63, 57)
-> Request 2
1070
(1, 3, 2)
1
(62, 0)
-> Request 3
1402
(3, 2, 2)
3
(73, 0)
--> Day : 1
-> Request 0
284
(4, 3, 1)
1
(38, 6)
-> Request 1
398
(4, 3, 1)
1
(74, 19)
-> Request 2
710
(2, 3, 2)
3
(43, 12)
-> Request 3
1058
(2, 3, 1)
2
(65, 49)
-> Request 4
1078
(1, 2, 1)
2
(9, 39)
-> Request 5
1087
(2, 3, 1)
3
(55, 10)
-> Request 6
1144
(2, 2, 2)
3
(19, 30)
-> Request 7
1252
(4, 1, 1)
3
(37, 38)
--> Day : 2
-> Request 0
432
(1, 2, 1)
2
(63, 43)
-> Request 1
500
(3, 1, 1)
1
(39, 57)
--> Day : 3
-> Request 0
41
(2, 2, 2)
1
(66, 35)
-> Request 1
476
(3, 3, 2)
1
(9, 56)
-> Request 2
1070
(3, 2, 2)
3
(68, 69)
-> Request 3
1117
(2, 1, 2)
1
(57, 23)
--> Day : 4
-> Request 0
40
(3, 2, 1)
1
(7, 48)
-> Request 1
375
(4, 3, 1)
3
(54, 22)
-> Request 2
590
(4, 2, 2)
2
(17, 63)
-> Request 3
723
(1, 1, 1)
2
(59, 27)
-> Request 4
1389
(1, 1, 2)
2
(5, 1)
