---> Week : 0
--> Day : 0
-> Request 0
247
(4, 2, 2)
1
(59, 54)
-> Request 1
1176
(3, 1, 2)
1
(29, 56)
-> Request 2
1379
(4, 2, 2)
2
(28, 74)
--> Day : 1
-> Request 0
25
(1, 2, 1)
1
(20, 38)
-> Request 1
33
(4, 1, 1)
2
(28, 67)
-> Request 2
169
(3, 1, 2)
1
(8, 18)
-> Request 3
640
(1, 1, 2)
2
(56, 20)
-> Request 4
761
(2, 2, 1)
1
(71, 9)
--> Day : 2
-> Request 0
139
(2, 2, 2)
2
(67, 58)
-> Request 1
1315
(1, 3, 1)
1
(26, 77)
-> Request 2
1325
(2, 2, 1)
1
(11, 71)
--> Day : 3
-> Request 0
14
(1, 2, 1)
3
(53, 11)
-> Request 1
644
(3, 1, 1)
1
(73, 19)
-> Request 2
929
(1, 2, 2)
1
(11, 51)
-> Request 3
1374
(3, 2, 1)
2
(45, 42)
--> Day : 4
-> Request 0
721
(4, 2, 1)
1
(71, 20)
-> Request 1
1235
(4, 2, 2)
2
(37, 4)
---> Week : 1
--> Day : 0
-> Request 0
193
(1, 1, 2)
1
(35, 74)
-> Request 1
201
(4, 3, 2)
2
(14, 38)
-> Request 2
1006
(3, 2, 2)
1
(76, 51)
-> Request 3
1135
(3, 2, 2)
3
(59, 51)
-> Request 4
1415
(3, 3, 2)
3
(24, 39)
--> Day : 1
-> Request 0
77
(3, 2, 1)
2
(61, 32)
-> Request 1
1369
(3, 2, 1)
2
(20, 41)
--> Day : 2
--> Day : 3
-> Request 0
579
(2, 3, 1)
1
(50, 60)
-> Request 1
1026
(4, 2, 2)
1
(56, 62)
--> Day : 4
-> Request 0
483
(2, 1, 2)
2
(14, 59)
-> Request 1
851
(2, 3, 1)
3
(61, 11)
-> Request 2
974
(4, 2, 1)
2
(17, 31)
-> Request 3
994
(4, 3, 2)
1
(45, 46)
-> Request 4
1274
(1, 3, 2)
2
(20, 29)
---> Week : 2
--> Day : 0
-> Request 0
876
(1, 3, 2)
3
(31, 21)
-> Request 1
923
(1, 1, 1)
2
(69, 24)
-> Request 2
1116
(4, 1, 1)
2
(71, 48)
-> Request 3
1358
(3, 1, 1)
2
(2, 28)
-> Request 4
1421
(2, 2, 1)
1
(66, 77)
--> Day : 1
-> Request 0
319
(4, 1, 2)
1
(13, 38)
-> Request 1
819
(1, 2, 1)
2
(42, 44)
-> Request 2
958
(4, 2, 2)
2
(61, 59)
--> Day : 2
-> Request 0
471
(1, 2, 2)
2
(38, 38)
-> Request 1
636
(2, 1, 2)
3
(18, 30)
-> Request 2
866
(3, 2, 1)
2
(48, 67)
-> Request 3
1280
(1, 2, 2)
2
(79, 62)
--> Day : 3
-> Request 0
474
(3, 2, 2)
2
(47, 36)
-> Request 1
834
(3, 3, 2)
2
(42, 27)
-> Request 2
1396
(3, 1, 1)
1
(16, 64)
--> Day : 4
-> Request 0
163
(3, 2, 1)
2
(32, 39)
-> Request 1
238
(4, 2, 1)
3
(13, 79)
-> Request 2
656
(1, 2, 1)
1
(26, 54)
-> Request 3
898
(2, 3, 1)
2
(78, 11)
-> Request 4
927
(2, 3, 1)
3
(65, 56)
-> Request 5
976
(1, 3, 2)
2
(0, 0)
-> Request 6
1136
(3, 2, 1)
1
(15, 42)
-> Request 7
1249
(4, 1, 1)
1
(17, 33)
-> Request 8
1330
(2, 1, 1)
3
(12, 20)
---> Week : 3
--> Day : 0
-> Request 0
1047
(4, 1, 1)
3
(49, 71)
-> Request 1
1343
(4, 1, 1)
3
(36, 24)
-> Request 2
1399
(1, 3, 1)
3
(45, 74)
-> Request 3
1437
(4, 2, 2)
3
(26, 62)
--> Day : 1
-> Request 0
850
(4, 2, 2)
3
(24, 67)
--> Day : 2
-> Request 0
125
(1, 2, 2)
2
(75, 54)
-> Request 1
360
(3, 3, 2)
3
(38, 27)
-> Request 2
952
(4, 1, 2)
3
(49, 12)
--> Day : 3
-> Request 0
534
(3, 2, 1)
1
(48, 17)
-> Request 1
722
(2, 1, 2)
1
(46, 39)
--> Day : 4
-> Request 0
128
(4, 3, 1)
1
(15, 20)
-> Request 1
724
(1, 1, 1)
1
(7, 6)
-> Request 2
1300
(3, 2, 2)
3
(28, 15)
-> Request 3
1377
(3, 1, 2)
2
(18, 16)
---> Week : 4
--> Day : 0
-> Request 0
1083
(3, 1, 2)
1
(58, 7)
-> Request 1
1096
(3, 1, 1)
2
(4, 43)
-> Request 2
1374
(3, 1, 1)
1
(78, 59)
--> Day : 1
-> Request 0
1090
(1, 1, 1)
2
(45, 61)
-> Request 1
1221
(4, 1, 2)
3
(64, 32)
-> Request 2
1276
(3, 3, 1)
2
(68, 45)
--> Day : 2
-> Request 0
247
(2, 1, 1)
3
(32, 13)
-> Request 1
320
(2, 2, 1)
2
(63, 33)
-> Request 2
753
(3, 1, 2)
1
(10, 24)
-> Request 3
757
(2, 3, 1)
2
(0, 49)
-> Request 4
976
(1, 2, 2)
2
(71, 42)
--> Day : 3
-> Request 0
73
(3, 3, 2)
1
(30, 62)
-> Request 1
147
(2, 3, 2)
2
(71, 52)
-> Request 2
758
(4, 2, 1)
3
(7, 14)
-> Request 3
903
(4, 2, 2)
2
(12, 38)
-> Request 4
1177
(1, 3, 1)
1
(73, 55)
--> Day : 4
-> Request 0
127
(1, 2, 2)
1
(34, 74)
-> Request 1
257
(1, 2, 1)
1
(72, 25)
-> Request 2
407
(3, 2, 2)
2
(16, 27)
-> Request 3
825
(4, 1, 1)
1
(78, 48)
-> Request 4
863
(2, 3, 2)
1
(76, 11)
-> Request 5
1174
(2, 3, 1)
1
(24, 52)
---> Week : 5
--> Day : 0
-> Request 0
507
(4, 3, 2)
3
(75, 13)
-> Request 1
828
(3, 2, 2)
1
(0, 16)
-> Request 2
881
(2, 1, 2)
2
(66, 30)
-> Request 3
924
(1, 2, 2)
1
(74, 74)
--> Day : 1
-> Request 0
1218
(3, 3, 2)
2
(73, 61)
--> Day : 2
-> Request 0
1294
(2, 2, 2)
1
(36, 50)
--> Day : 3
-> Request 0
140
(4, 1, 2)
3
(66, 2)
-> Request 1
283
(4, 3, 2)
2
(69, 51)
-> Request 2
307
(2, 2, 2)
2
(79, 42)
-> Request 3
319
(3, 1, 2)
3
(76, 57)
--> Day : 4
-> Request 0
289
(1, 1, 2)
2
(45, 2)
-> Request 1
929
(3, 2, 2)
3
(26, 52)
-> Request 2
1317
(4, 2, 2)
2
(33, 12)
---> Week : 6
--> Day : 0
-> Request 0
151
(4, 2, 2)
3
(35, 5)
-> Request 1
229
(4, 2, 1)
3
(29, 68)
-> Request 2
708
(1, 2, 2)
3
(3, 28)
-> Request 3
1022
(4, 1, 1)
3
(9, 75)
-> Request 4
1201
(1, 1, 2)
3
(75, 33)
-> Request 5
1206
(4, 3, 1)
3
(10, 54)
--> Day : 1
-> Request 0
1395
(2, 2, 1)
1
(32, 9)
--> Day : 2
-> Request 0
56
(4, 3, 1)
1
(16, 12)
-> Request 1
459
(4, 1, 1)
1
(69, 47)
-> Request 2
522
(2, 2, 2)
2
(19, 78)
-> Request 3
1010
(4, 2, 2)
3
(20, 56)
--> Day : 3
-> Request 0
262
(2, 1, 1)
3
(48, 50)
-> Request 1
300
(1, 3, 2)
1
(79, 47)
-> Request 2
305
(3, 1, 2)
3
(6, 39)
--> Day : 4
-> Request 0
853
(4, 1, 2)
1
(38, 38)
---> Week : 7
--> Day : 0
-> Request 0
752
(4, 1, 1)
1
(37, 48)
-> Request 1
778
(3, 1, 2)
1
(39, 10)
-> Request 2
780
(1, 1, 2)
3
(23, 41)
-> Request 3
1148
(1, 3, 1)
1
(27, 21)
-> Request 4
1346
(2, 3, 2)
2
(4, 16)
--> Day : 1
-> Request 0
123
(1, 2, 1)
2
(19, 26)
-> Request 1
175
(3, 3, 2)
1
(32, 22)
-> Request 2
214
(4, 1, 2)
3
(29, 27)
-> Request 3
373
(3, 3, 2)
3
(40, 36)
-> Request 4
766
(3, 1, 1)
1
(3, 42)
-> Request 5
882
(2, 3, 2)
2
(50, 21)
-> Request 6
1297
(2, 1, 1)
2
(27, 73)
--> Day : 2
-> Request 0
267
(3, 2, 2)
2
(61, 43)
-> Request 1
688
(3, 1, 1)
2
(75, 14)
-> Request 2
805
(2, 3, 2)
3
(1, 63)
-> Request 3
1116
(1, 2, 2)
3
(31, 0)
--> Day : 3
-> Request 0
340
(4, 1, 2)
3
(34, 60)
-> Request 1
512
(4, 3, 1)
1
(4, 44)
-> Request 2
765
(3, 2, 1)
2
(31, 53)
--> Day : 4
-> Request 0
21
(2, 1, 2)
3
(31, 36)
-> Request 1
44
(1, 1, 1)
3
(58, 70)
-> Request 2
1091
(2, 2, 1)
3
(19, 26)
-> Request 3
1202
(3, 2, 1)
2
(69, 23)
-> Request 4
1245
(1, 2, 1)
3
(48, 13)
---> Week : 8
--> Day : 0
-> Request 0
1253
(4, 3, 1)
1
(74, 19)
-> Request 1
1431
(1, 2, 1)
1
(58, 4)
--> Day : 1
-> Request 0
160
(2, 3, 1)
2
(3, 17)
-> Request 1
172
(2, 3, 1)
2
(18, 21)
-> Request 2
748
(2, 3, 1)
2
(78, 0)
-> Request 3
1051
(1, 1, 1)
1
(34, 28)
-> Request 4
1186
(3, 1, 1)
2
(54, 0)
--> Day : 2
-> Request 0
18
(3, 3, 2)
1
(42, 79)
-> Request 1
115
(4, 2, 1)
1
(16, 47)
--> Day : 3
-> Request 0
778
(1, 3, 1)
3
(52, 16)
-> Request 1
1015
(4, 1, 1)
1
(17, 59)
-> Request 2
1039
(4, 3, 2)
3
(21, 70)
--> Day : 4
-> Request 0
1
(1, 2, 1)
1
(9, 78)
-> Request 1
588
(2, 3, 1)
3
(39, 21)
-> Request 2
602
(3, 1, 1)
3
(36, 76)
-> Request 3
610
(1, 1, 2)
1
(65, 79)
-> Request 4
619
(3, 3, 2)
2
(26, 2)
-> Request 5
939
(1, 3, 2)
1
(73, 57)
-> Request 6
1274
(1, 2, 2)
3
(72, 64)
---> Week : 9
--> Day : 0
-> Request 0
373
(1, 2, 2)
2
(71, 67)
-> Request 1
396
(1, 3, 1)
3
(35, 54)
-> Request 2
460
(3, 3, 1)
2
(19, 37)
-> Request 3
945
(4, 3, 1)
3
(71, 36)
--> Day : 1
-> Request 0
1334
(4, 2, 2)
3
(40, 23)
--> Day : 2
-> Request 0
459
(3, 1, 1)
3
(46, 27)
-> Request 1
935
(1, 1, 2)
2
(3, 33)
-> Request 2
952
(3, 3, 2)
3
(39, 9)
--> Day : 3
-> Request 0
444
(4, 3, 2)
1
(4, 75)
-> Request 1
551
(2, 1, 1)
2
(77, 12)
-> Request 2
993
(2, 3, 2)
2
(33, 14)
-> Request 3
1217
(4, 1, 1)
3
(63, 64)
--> Day : 4
-> Request 0
1051
(3, 1, 1)
1
(35, 61)
-> Request 1
1120
(1, 2, 1)
3
(2, 35)
-> Request 2
1414
(1, 2, 1)
3
(71, 51)
---> Week : 10
--> Day : 0
-> Request 0
116
(2, 1, 2)
1
(63, 40)
-> Request 1
831
(1, 2, 1)
1
(30, 52)
--> Day : 1
-> Request 0
31
(2, 2, 2)
3
(26, 9)
-> Request 1
468
(1, 1, 1)
3
(62, 72)
-> Request 2
889
(2, 3, 1)
2
(69, 63)
--> Day : 2
-> Request 0
259
(2, 3, 2)
3
(33, 3)
-> Request 1
1176
(4, 1, 1)
1
(26, 69)
--> Day : 3
-> Request 0
863
(4, 3, 2)
3
(22, 54)
-> Request 1
967
(2, 1, 2)
2
(66, 37)
-> Request 2
1113
(4, 2, 1)
1
(14, 47)
--> Day : 4
-> Request 0
750
(2, 3, 2)
2
(76, 13)
---> Week : 11
--> Day : 0
-> Request 0
26
(3, 1, 1)
2
(54, 48)
-> Request 1
235
(4, 3, 2)
1
(19, 47)
-> Request 2
764
(4, 1, 1)
2
(15, 39)
--> Day : 1
-> Request 0
1246
(1, 2, 1)
1
(57, 12)
--> Day : 2
-> Request 0
214
(1, 3, 1)
1
(59, 4)
-> Request 1
963
(1, 2, 1)
3
(12, 70)
-> Request 2
1084
(1, 2, 2)
1
(74, 30)
-> Request 3
1353
(2, 3, 2)
1
(3, 58)
--> Day : 3
-> Request 0
112
(3, 1, 2)
3
(72, 45)
-> Request 1
449
(4, 3, 2)
2
(51, 29)
-> Request 2
746
(1, 2, 1)
1
(19, 24)
-> Request 3
761
(3, 3, 1)
1
(17, 28)
-> Request 4
988
(2, 2, 2)
3
(16, 25)
-> Request 5
1145
(3, 2, 2)
3
(41, 77)
-> Request 6
1231
(4, 3, 2)
2
(22, 39)
--> Day : 4
-> Request 0
234
(1, 2, 1)
3
(36, 78)
-> Request 1
404
(2, 3, 2)
2
(0, 16)
-> Request 2
453
(3, 2, 1)
2
(28, 19)
-> Request 3
692
(1, 1, 1)
3
(23, 37)
-> Request 4
1015
(2, 3, 2)
1
(15, 51)
-> Request 5
1219
(2, 1, 1)
1
(31, 66)
---> Week : 12
--> Day : 0
-> Request 0
364
(3, 1, 2)
2
(29, 20)
--> Day : 1
-> Request 0
1216
(2, 2, 2)
2
(30, 12)
--> Day : 2
-> Request 0
1
(1, 2, 2)
1
(8, 39)
-> Request 1
224
(1, 2, 2)
1
(45, 40)
-> Request 2
429
(3, 3, 2)
1
(47, 59)
-> Request 3
625
(1, 3, 1)
1
(64, 41)
-> Request 4
755
(3, 3, 2)
1
(19, 54)
-> Request 5
992
(3, 1, 2)
2
(29, 1)
--> Day : 3
-> Request 0
562
(3, 1, 2)
3
(34, 22)
-> Request 1
1048
(2, 1, 1)
3
(5, 74)
-> Request 2
1256
(1, 3, 1)
1
(56, 7)
-> Request 3
1434
(1, 1, 1)
3
(54, 27)
--> Day : 4
-> Request 0
98
(2, 1, 2)
3
(57, 67)
---> Week : 13
--> Day : 0
-> Request 0
18
(1, 2, 2)
1
(48, 14)
-> Request 1
259
(3, 1, 2)
1
(14, 40)
-> Request 2
851
(2, 2, 2)
3
(14, 69)
-> Request 3
1042
(2, 1, 1)
1
(15, 33)
--> Day : 1
-> Request 0
243
(2, 3, 1)
1
(61, 19)
-> Request 1
264
(4, 1, 2)
2
(35, 74)
-> Request 2
943
(2, 3, 2)
3
(52, 31)
-> Request 3
1273
(1, 3, 1)
2
(71, 74)
--> Day : 2
-> Request 0
332
(1, 3, 2)
1
(33, 20)
-> Request 1
1034
(4, 1, 2)
3
(19, 35)
-> Request 2
1124
(2, 1, 2)
1
(49, 22)
--> Day : 3
-> Request 0
1189
(4, 3, 1)
1
(77, 33)
--> Day : 4
-> Request 0
217
(1, 3, 1)
3
(51, 26)
---> Week : 14
--> Day : 0
-> Request 0
226
(1, 1, 2)
2
(35, 13)
-> Request 1
456
(1, 2, 1)
1
(17, 11)
-> Request 2
701
(3, 3, 1)
2
(28, 67)
--> Day : 1
-> Request 0
19
(4, 2, 1)
3
(36, 72)
-> Request 1
843
(2, 1, 1)
3
(20, 38)
--> Day : 2
-> Request 0
228
(3, 3, 2)
2
(24, 9)
-> Request 1
335
(2, 2, 2)
1
(38, 75)
-> Request 2
348
(2, 1, 1)
2
(28, 26)
-> Request 3
1318
(4, 3, 2)
2
(24, 10)
--> Day : 3
-> Request 0
472
(3, 3, 2)
2
(9, 2)
-> Request 1
588
(3, 1, 2)
1
(76, 60)
-> Request 2
745
(2, 1, 1)
3
(25, 31)
-> Request 3
806
(2, 1, 2)
2
(69, 35)
-> Request 4
828
(1, 2, 2)
1
(42, 19)
-> Request 5
869
(3, 2, 1)
3
(48, 49)
-> Request 6
1002
(3, 3, 2)
2
(76, 42)
--> Day : 4
-> Request 0
6
(4, 1, 2)
2
(29, 15)
-> Request 1
127
(3, 3, 1)
3
(52, 53)
-> Request 2
650
(2, 3, 1)
1
(0, 30)
-> Request 3
1293
(2, 2, 1)
2
(37, 46)
-> Request 4
1342
(2, 3, 2)
2
(62, 56)
---> Week : 15
--> Day : 0
-> Request 0
431
(2, 2, 2)
3
(50, 44)
-> Request 1
1006
(1, 1, 1)
1
(64, 59)
-> Request 2
1321
(3, 3, 2)
3
(70, 39)
--> Day : 1
-> Request 0
97
(2, 2, 1)
2
(38, 74)
-> Request 1
619
(2, 1, 2)
2
(0, 16)
-> Request 2
1185
(2, 1, 2)
1
(12, 10)
--> Day : 2
-> Request 0
130
(2, 1, 1)
3
(64, 16)
-> Request 1
214
(1, 1, 1)
2
(66, 6)
-> Request 2
791
(4, 2, 2)
3
(71, 41)
-> Request 3
1016
(1, 1, 2)
1
(66, 59)
--> Day : 3
-> Request 0
110
(2, 2, 1)
3
(35, 56)
-> Request 1
244
(4, 2, 1)
3
(45, 20)
-> Request 2
743
(3, 2, 2)
2
(61, 71)
-> Request 3
1064
(1, 1, 2)
2
(24, 22)
--> Day : 4
-> Request 0
174
(1, 3, 2)
3
(18, 2)
-> Request 1
909
(1, 1, 2)
2
(44, 14)
-> Request 2
1375
(4, 1, 2)
2
(52, 31)
---> Week : 16
--> Day : 0
-> Request 0
74
(2, 1, 2)
3
(19, 27)
-> Request 1
241
(4, 2, 2)
1
(59, 58)
-> Request 2
1031
(4, 1, 2)
2
(16, 52)
-> Request 3
1134
(3, 2, 1)
3
(26, 27)
-> Request 4
1148
(1, 2, 1)
2
(52, 42)
-> Request 5
1275
(2, 1, 1)
1
(61, 20)
-> Request 6
1402
(4, 3, 1)
1
(63, 49)
--> Day : 1
-> Request 0
26
(1, 1, 2)
1
(78, 23)
-> Request 1
389
(2, 1, 2)
3
(28, 4)
-> Request 2
823
(4, 3, 1)
1
(28, 79)
-> Request 3
1371
(2, 1, 2)
2
(12, 26)
--> Day : 2
-> Request 0
373
(2, 2, 2)
3
(0, 28)
-> Request 1
1089
(4, 2, 1)
1
(23, 22)
--> Day : 3
-> Request 0
402
(4, 3, 1)
1
(74, 69)
-> Request 1
890
(1, 3, 2)
1
(63, 48)
-> Request 2
1056
(3, 2, 2)
1
(21, 38)
-> Request 3
1104
(1, 3, 2)
1
(19, 40)
--> Day : 4
-> Request 0
300
(1, 2, 1)
1
(28, 56)
-> Request 1
414
(1, 3, 1)
2
(49, 13)
-> Request 2
944
(1, 2, 1)
3
(3, 59)
-> Request 3
1369
(3, 3, 2)
3
(67, 38)
---> Week : 17
--> Day : 0
-> Request 0
444
(2, 3, 2)
2
(12, 57)
-> Request 1
462
(3, 2, 1)
3
(74, 69)
-> Request 2
588
(3, 2, 1)
3
(35, 13)
-> Request 3
692
(4, 1, 1)
2
(18, 9)
--> Day : 1
-> Request 0
173
(2, 3, 1)
1
(6, 27)
-> Request 1
1212
(4, 3, 1)
3
(49, 3)
--> Day : 2
-> Request 0
195
(4, 2, 1)
3
(22, 63)
-> Request 1
420
(4, 2, 2)
3
(14, 15)
-> Request 2
830
(2, 3, 2)
3
(16, 68)
-> Request 3
958
(2, 2, 2)
3
(50, 38)
--> Day : 3
-> Request 0
1101
(3, 2, 1)
1
(77, 68)
--> Day : 4
-> Request 0
1090
(4, 1, 2)
1
(36, 28)
-> Request 1
1100
(2, 2, 1)
1
(0, 4)
-> Request 2
1392
(3, 3, 1)
1
(36, 13)
---> Week : 18
--> Day : 0
-> Request 0
1
(1, 3, 2)
2
(36, 72)
-> Request 1
171
(4, 1, 1)
2
(0, 67)
-> Request 2
316
(3, 1, 2)
1
(8, 76)
-> Request 3
497
(2, 2, 2)
2
(37, 28)
-> Request 4
1218
(4, 3, 2)
1
(75, 37)
--> Day : 1
-> Request 0
134
(2, 3, 2)
2
(18, 11)
-> Request 1
545
(3, 2, 1)
1
(34, 60)
-> Request 2
981
(2, 3, 1)
3
(61, 68)
-> Request 3
1276
(2, 2, 2)
2
(61, 52)
-> Request 4
1438
(3, 1, 2)
1
(4, 48)
--> Day : 2
-> Request 0
121
(2, 2, 1)
3
(1, 30)
-> Request 1
358
(2, 1, 2)
3
(29, 49)
-> Request 2
678
(4, 1, 1)
1
(64, 28)
-> Request 3
715
(3, 1, 2)
2
(30, 56)
-> Request 4
940
(3, 1, 2)
3
(26, 21)
--> Day : 3
-> Request 0
377
(3, 3, 1)
1
(42, 43)
-> Request 1
660
(3, 2, 2)
2
(55, 71)
-> Request 2
1250
(4, 3, 2)
3
(18, 16)
-> Request 3
1329
(3, 3, 1)
3
(55, 79)
--> Day : 4
-> Request 0
386
(2, 2, 1)
3
(70, 8)
-> Request 1
742
(4, 2, 2)
1
(5, 0)
---> Week : 19
--> Day : 0
-> Request 0
69
(3, 1, 2)
3
(46, 27)
-> Request 1
429
(1, 2, 2)
3
(34, 62)
-> Request 2
638
(3, 3, 1)
1
(41, 34)
-> Request 3
786
(3, 3, 2)
1
(31, 50)
-> Request 4
1156
(1, 1, 1)
2
(25, 26)
-> Request 5
1244
(3, 2, 2)
2
(65, 71)
-> Request 6
1259
(3, 3, 2)
1
(22, 2)
--> Day : 1
-> Request 0
347
(1, 2, 2)
2
(76, 38)
-> Request 1
843
(2, 3, 2)
3
(69, 30)
-> Request 2
1435
(2, 1, 2)
3
(8, 48)
--> Day : 2
-> Request 0
104
(2, 1, 2)
3
(39, 73)
-> Request 1
1003
(4, 2, 2)
1
(59, 61)
-> Request 2
1301
(4, 1, 2)
1
(46, 72)
-> Request 3
1397
(4, 1, 1)
3
(2, 41)
--> Day : 3
-> Request 0
106
(3, 1, 1)
3
(76, 5)
-> Request 1
200
(4, 2, 1)
1
(37, 20)
--> Day : 4
-> Request 0
74
(3, 1, 2)
3
(58, 24)
