---> Week : 0
--> Day : 0
-> Request 0
254
(4, 3, 1)
3
(70, 76)
-> Request 1
487
(2, 1, 2)
3
(27, 18)
-> Request 2
721
(4, 3, 1)
2
(21, 13)
-> Request 3
812
(1, 1, 2)
1
(14, 33)
-> Request 4
1016
(2, 3, 1)
2
(21, 6)
-> Request 5
1195
(3, 1, 2)
2
(54, 43)
-> Request 6
1335
(4, 3, 1)
2
(43, 57)
--> Day : 1
-> Request 0
338
(3, 2, 2)
1
(1, 20)
-> Request 1
425
(4, 2, 1)
2
(79, 79)
-> Request 2
645
(4, 1, 1)
3
(14, 16)
-> Request 3
1205
(3, 2, 1)
1
(15, 20)
--> Day : 2
-> Request 0
58
(2, 1, 2)
3
(47, 42)
-> Request 1
178
(2, 1, 2)
1
(11, 78)
-> Request 2
495
(2, 2, 2)
3
(70, 78)
-> Request 3
709
(1, 3, 2)
1
(48, 39)
--> Day : 3
-> Request 0
172
(1, 1, 1)
3
(73, 25)
-> Request 1
1236
(1, 1, 2)
1
(69, 70)
-> Request 2
1338
(4, 3, 1)
1
(71, 70)
-> Request 3
1385
(1, 3, 2)
3
(35, 16)
--> Day : 4
-> Request 0
9
(4, 2, 2)
2
(55, 76)
-> Request 1
334
(2, 3, 2)
3
(6, 33)
-> Request 2
424
(1, 2, 2)
3
(15, 45)
-> Request 3
948
(2, 1, 1)
1
(33, 44)
---> Week : 1
--> Day : 0
-> Request 0
175
(4, 3, 2)
2
(77, 19)
-> Request 1
402
(2, 3, 1)
2
(25, 52)
-> Request 2
1090
(4, 2, 2)
1
(14, 26)
-> Request 3
1197
(4, 1, 1)
1
(9, 63)
--> Day : 1
-> Request 0
487
(4, 1, 1)
3
(25, 28)
-> Request 1
1268
(1, 3, 1)
1
(53, 6)
--> Day : 2
-> Request 0
121
(2, 2, 2)
3
(13, 11)
-> Request 1
398
(1, 2, 2)
3
(5, 74)
-> Request 2
981
(1, 2, 2)
3
(21, 32)
-> Request 3
997
(3, 3, 2)
1
(22, 38)
-> Request 4
1415
(3, 3, 1)
3
(5, 34)
--> Day : 3
-> Request 0
1213
(3, 1, 2)
1
(18, 0)
--> Day : 4
-> Request 0
269
(2, 1, 1)
1
(3, 21)
-> Request 1
1189
(2, 3, 1)
3
(8, 51)
-> Request 2
1386
(3, 3, 1)
1
(29, 78)
---> Week : 2
--> Day : 0
-> Request 0
102
(2, 1, 2)
1
(18, 55)
-> Request 1
109
(3, 2, 1)
1
(75, 9)
-> Request 2
870
(4, 1, 2)
2
(16, 32)
-> Request 3
964
(3, 1, 1)
3
(3, 56)
-> Request 4
1067
(2, 3, 1)
2
(40, 2)
-> Request 5
1077
(1, 3, 1)
3
(13, 31)
-> Request 6
1088
(2, 2, 1)
2
(26, 19)
-> Request 7
1304
(1, 2, 1)
2
(57, 13)
--> Day : 1
-> Request 0
162
(2, 1, 1)
1
(36, 73)
-> Request 1
593
(1, 2, 2)
3
(66, 11)
-> Request 2
798
(3, 2, 1)
1
(48, 69)
-> Request 3
985
(3, 2, 2)
1
(28, 43)
-> Request 4
1145
(3, 1, 2)
2
(25, 28)
-> Request 5
1222
(2, 2, 1)
3
(54, 28)
--> Day : 2
-> Request 0
400
(1, 3, 1)
1
(10, 17)
-> Request 1
447
(1, 3, 1)
2
(3, 15)
-> Request 2
1049
(4, 3, 2)
1
(1, 22)
-> Request 3
1129
(4, 2, 2)
2
(43, 14)
-> Request 4
1163
(2, 1, 1)
2
(31, 65)
-> Request 5
1293
(4, 1, 1)
3
(9, 54)
-> Request 6
1400
(4, 2, 1)
2
(50, 29)
--> Day : 3
-> Request 0
111
(1, 2, 1)
1
(74, 6)
-> Request 1
284
(4, 3, 2)
2
(54, 27)
-> Request 2
292
(1, 3, 1)
2
(42, 72)
-> Request 3
823
(2, 2, 1)
2
(5, 20)
-> Request 4
1120
(4, 1, 1)
2
(2, 15)
-> Request 5
1299
(3, 3, 1)
1
(55, 51)
--> Day : 4
-> Request 0
513
(2, 3, 2)
1
(41, 39)
-> Request 1
549
(3, 2, 1)
3
(0, 57)
-> Request 2
580
(2, 2, 2)
1
(33, 56)
-> Request 3
589
(2, 2, 2)
3
(11, 21)
---> Week : 3
--> Day : 0
-> Request 0
247
(3, 1, 1)
1
(29, 37)
-> Request 1
500
(1, 2, 2)
1
(9, 45)
-> Request 2
566
(1, 2, 1)
2
(72, 58)
-> Request 3
646
(4, 2, 1)
2
(60, 25)
-> Request 4
1034
(4, 1, 1)
3
(73, 52)
-> Request 5
1171
(2, 2, 1)
2
(38, 68)
-> Request 6
1307
(3, 2, 2)
1
(75, 16)
--> Day : 1
-> Request 0
151
(4, 1, 1)
1
(36, 75)
-> Request 1
491
(3, 1, 2)
3
(77, 0)
-> Request 2
626
(4, 1, 2)
3
(27, 53)
--> Day : 2
-> Request 0
138
(3, 2, 2)
1
(74, 65)
-> Request 1
1311
(4, 2, 1)
2
(69, 70)
-> Request 2
1425
(2, 1, 1)
1
(2, 49)
--> Day : 3
-> Request 0
760
(3, 1, 2)
2
(2, 58)
-> Request 1
796
(2, 3, 1)
2
(37, 51)
-> Request 2
1183
(2, 1, 2)
2
(55, 28)
-> Request 3
1325
(3, 2, 1)
3
(76, 3)
--> Day : 4
-> Request 0
100
(1, 3, 2)
1
(4, 30)
-> Request 1
222
(2, 1, 1)
2
(50, 11)
-> Request 2
429
(2, 3, 2)
3
(69, 45)
-> Request 3
1224
(4, 3, 1)
2
(54, 19)
-> Request 4
1373
(2, 1, 2)
2
(59, 48)
---> Week : 4
--> Day : 0
-> Request 0
845
(3, 2, 2)
1
(79, 12)
-> Request 1
978
(4, 2, 1)
1
(66, 55)
-> Request 2
1310
(3, 1, 1)
3
(12, 28)
--> Day : 1
-> Request 0
174
(1, 3, 2)
3
(70, 13)
-> Request 1
290
(1, 2, 1)
1
(15, 74)
-> Request 2
818
(3, 1, 2)
3
(33, 27)
-> Request 3
1388
(4, 1, 2)
2
(7, 2)
--> Day : 2
-> Request 0
23
(2, 3, 2)
2
(63, 21)
-> Request 1
137
(1, 2, 1)
2
(38, 55)
-> Request 2
458
(4, 2, 1)
1
(70, 78)
-> Request 3
513
(1, 1, 1)
3
(19, 45)
-> Request 4
924
(3, 1, 2)
1
(64, 65)
-> Request 5
1373
(3, 1, 2)
3
(67, 60)
--> Day : 3
-> Request 0
262
(4, 3, 1)
2
(0, 10)
-> Request 1
369
(3, 2, 2)
1
(22, 52)
-> Request 2
1372
(3, 1, 2)
2
(55, 58)
-> Request 3
1374
(2, 3, 1)
3
(19, 5)
--> Day : 4
-> Request 0
227
(1, 3, 1)
1
(22, 64)
-> Request 1
269
(1, 2, 2)
3
(31, 20)
-> Request 2
277
(1, 1, 1)
1
(59, 35)
---> Week : 5
--> Day : 0
-> Request 0
397
(2, 2, 2)
3
(69, 66)
-> Request 1
701
(2, 3, 1)
2
(22, 70)
-> Request 2
750
(1, 1, 2)
3
(78, 40)
--> Day : 1
-> Request 0
476
(1, 2, 1)
3
(18, 2)
-> Request 1
772
(3, 1, 2)
1
(38, 35)
-> Request 2
1106
(4, 1, 1)
3
(34, 44)
-> Request 3
1208
(2, 3, 2)
1
(31, 30)
--> Day : 2
-> Request 0
157
(2, 1, 1)
3
(79, 78)
-> Request 1
922
(2, 3, 1)
1
(38, 11)
--> Day : 3
-> Request 0
23
(4, 1, 1)
1
(0, 38)
-> Request 1
172
(2, 2, 1)
1
(73, 67)
-> Request 2
668
(4, 1, 1)
3
(33, 22)
-> Request 3
1044
(2, 2, 1)
1
(36, 72)
-> Request 4
1359
(4, 3, 1)
3
(77, 16)
-> Request 5
1377
(1, 1, 1)
1
(19, 12)
--> Day : 4
-> Request 0
234
(2, 1, 1)
3
(19, 66)
-> Request 1
591
(1, 1, 2)
3
(64, 30)
-> Request 2
665
(1, 3, 2)
3
(5, 31)
-> Request 3
963
(4, 1, 1)
3
(0, 18)
-> Request 4
1020
(3, 3, 2)
3
(34, 32)
-> Request 5
1022
(2, 3, 2)
1
(31, 25)
---> Week : 6
--> Day : 0
-> Request 0
630
(2, 3, 1)
2
(58, 77)
-> Request 1
1416
(2, 1, 1)
1
(78, 13)
--> Day : 1
-> Request 0
378
(2, 3, 1)
1
(2, 0)
-> Request 1
465
(4, 3, 2)
1
(62, 42)
-> Request 2
509
(4, 3, 1)
2
(58, 12)
-> Request 3
646
(3, 1, 1)
2
(19, 66)
-> Request 4
734
(1, 2, 1)
2
(65, 9)
-> Request 5
821
(4, 3, 1)
3
(15, 23)
-> Request 6
870
(3, 2, 1)
3
(17, 45)
-> Request 7
943
(2, 1, 2)
3
(40, 22)
--> Day : 2
-> Request 0
257
(3, 3, 2)
1
(13, 7)
-> Request 1
390
(2, 3, 2)
1
(59, 64)
-> Request 2
562
(1, 3, 2)
2
(79, 69)
-> Request 3
593
(3, 2, 2)
2
(77, 70)
-> Request 4
693
(3, 2, 2)
3
(58, 20)
-> Request 5
954
(4, 3, 2)
2
(70, 70)
--> Day : 3
-> Request 0
305
(3, 3, 2)
1
(42, 37)
-> Request 1
788
(3, 1, 2)
3
(67, 21)
-> Request 2
906
(1, 2, 2)
1
(10, 9)
--> Day : 4
-> Request 0
402
(1, 1, 2)
1
(45, 66)
---> Week : 7
--> Day : 0
-> Request 0
63
(4, 1, 1)
1
(67, 48)
-> Request 1
194
(1, 3, 2)
3
(0, 33)
-> Request 2
597
(3, 1, 1)
1
(27, 43)
-> Request 3
622
(4, 3, 1)
2
(9, 10)
--> Day : 1
-> Request 0
249
(1, 3, 2)
1
(18, 61)
-> Request 1
523
(1, 1, 1)
3
(73, 68)
-> Request 2
563
(3, 3, 2)
2
(11, 23)
--> Day : 2
-> Request 0
741
(3, 3, 2)
2
(35, 4)
-> Request 1
931
(1, 1, 1)
3
(54, 14)
-> Request 2
1117
(2, 2, 2)
1
(60, 55)
--> Day : 3
-> Request 0
73
(3, 3, 2)
3
(69, 59)
-> Request 1
457
(3, 3, 2)
2
(16, 18)
-> Request 2
1225
(1, 2, 2)
1
(0, 63)
--> Day : 4
-> Request 0
749
(3, 1, 1)
2
(52, 72)
-> Request 1
753
(4, 2, 2)
3
(32, 25)
---> Week : 8
--> Day : 0
-> Request 0
180
(3, 2, 2)
3
(76, 5)
-> Request 1
302
(1, 3, 1)
2
(10, 78)
-> Request 2
567
(4, 2, 2)
3
(8, 64)
-> Request 3
644
(3, 2, 2)
1
(54, 57)
-> Request 4
1289
(2, 3, 1)
1
(63, 56)
-> Request 5
1410
(2, 1, 1)
1
(51, 16)
--> Day : 1
-> Request 0
459
(2, 2, 2)
3
(39, 0)
--> Day : 2
-> Request 0
500
(1, 2, 2)
3
(79, 16)
-> Request 1
949
(1, 3, 2)
1
(8, 62)
-> Request 2
1135
(4, 3, 2)
2
(47, 79)
-> Request 3
1182
(1, 2, 2)
1
(25, 77)
--> Day : 3
-> Request 0
323
(2, 2, 1)
3
(34, 69)
-> Request 1
376
(2, 2, 2)
1
(17, 74)
-> Request 2
653
(2, 1, 1)
3
(31, 25)
--> Day : 4
-> Request 0
1410
(4, 2, 2)
1
(58, 10)
---> Week : 9
--> Day : 0
-> Request 0
172
(4, 1, 2)
3
(10, 62)
-> Request 1
788
(2, 2, 2)
2
(56, 65)
--> Day : 1
-> Request 0
481
(1, 3, 2)
3
(1, 78)
--> Day : 2
-> Request 0
118
(1, 2, 2)
3
(45, 56)
-> Request 1
283
(1, 1, 1)
2
(20, 76)
-> Request 2
1184
(3, 1, 2)
1
(13, 12)
--> Day : 3
-> Request 0
169
(4, 1, 1)
1
(17, 71)
-> Request 1
197
(2, 1, 2)
1
(17, 18)
-> Request 2
273
(3, 3, 1)
3
(63, 75)
-> Request 3
643
(2, 1, 2)
3
(10, 54)
-> Request 4
793
(3, 2, 2)
3
(78, 70)
-> Request 5
937
(1, 2, 1)
1
(16, 59)
--> Day : 4
-> Request 0
252
(2, 3, 2)
1
(0, 11)
-> Request 1
463
(1, 1, 1)
2
(42, 43)
-> Request 2
613
(1, 2, 1)
1
(23, 66)
-> Request 3
961
(2, 3, 1)
3
(18, 50)
-> Request 4
1106
(2, 1, 1)
3
(38, 31)
-> Request 5
1268
(1, 1, 2)
1
(64, 20)
-> Request 6
1330
(2, 1, 2)
2
(67, 66)
---> Week : 10
--> Day : 0
-> Request 0
968
(2, 1, 2)
1
(69, 66)
--> Day : 1
-> Request 0
566
(3, 2, 1)
2
(18, 68)
-> Request 1
939
(3, 3, 1)
2
(49, 34)
-> Request 2
1171
(1, 2, 1)
1
(8, 18)
--> Day : 2
-> Request 0
303
(3, 2, 2)
2
(74, 62)
-> Request 1
1052
(3, 1, 2)
1
(77, 50)
-> Request 2
1079
(2, 2, 1)
1
(38, 63)
-> Request 3
1410
(4, 1, 2)
3
(73, 27)
--> Day : 3
-> Request 0
144
(4, 3, 1)
3
(17, 45)
-> Request 1
244
(1, 1, 1)
3
(36, 24)
-> Request 2
340
(1, 3, 2)
2
(67, 59)
-> Request 3
1107
(3, 2, 1)
2
(2, 73)
--> Day : 4
-> Request 0
274
(2, 1, 2)
3
(19, 39)
-> Request 1
542
(3, 3, 2)
2
(56, 42)
-> Request 2
763
(2, 1, 2)
2
(63, 79)
---> Week : 11
--> Day : 0
-> Request 0
27
(2, 1, 1)
1
(25, 73)
-> Request 1
1060
(4, 1, 1)
3
(0, 33)
-> Request 2
1087
(4, 3, 2)
1
(58, 78)
-> Request 3
1121
(3, 1, 2)
1
(15, 1)
-> Request 4
1222
(3, 2, 2)
2
(31, 0)
-> Request 5
1229
(2, 2, 2)
3
(37, 36)
-> Request 6
1322
(4, 2, 2)
1
(44, 72)
-> Request 7
1410
(3, 3, 1)
3
(30, 4)
--> Day : 1
-> Request 0
279
(4, 1, 2)
2
(28, 42)
-> Request 1
549
(1, 2, 1)
3
(30, 41)
-> Request 2
714
(3, 1, 2)
3
(22, 45)
-> Request 3
1226
(2, 3, 2)
2
(73, 79)
-> Request 4
1240
(2, 1, 1)
3
(77, 50)
-> Request 5
1331
(2, 1, 1)
2
(40, 2)
-> Request 6
1429
(3, 2, 2)
3
(47, 4)
--> Day : 2
-> Request 0
629
(2, 3, 2)
3
(17, 78)
-> Request 1
650
(1, 3, 2)
2
(72, 29)
-> Request 2
683
(4, 2, 1)
3
(78, 12)
-> Request 3
983
(2, 2, 1)
3
(5, 8)
-> Request 4
1069
(2, 3, 1)
1
(7, 33)
-> Request 5
1235
(2, 3, 1)
3
(67, 5)
--> Day : 3
-> Request 0
472
(4, 3, 2)
1
(4, 43)
-> Request 1
746
(1, 3, 2)
3
(22, 13)
-> Request 2
786
(3, 3, 2)
1
(36, 39)
-> Request 3
837
(1, 1, 1)
3
(15, 48)
-> Request 4
1097
(3, 2, 1)
1
(1, 66)
--> Day : 4
-> Request 0
286
(1, 3, 2)
1
(31, 37)
-> Request 1
530
(2, 1, 2)
3
(64, 20)
-> Request 2
656
(2, 3, 2)
2
(18, 43)
-> Request 3
678
(4, 2, 1)
2
(67, 27)
-> Request 4
1211
(4, 3, 2)
2
(41, 5)
-> Request 5
1419
(4, 3, 2)
2
(62, 12)
---> Week : 12
--> Day : 0
-> Request 0
391
(4, 1, 2)
3
(15, 6)
-> Request 1
720
(2, 3, 2)
3
(50, 52)
-> Request 2
1060
(1, 1, 1)
3
(62, 62)
--> Day : 1
-> Request 0
294
(4, 1, 1)
1
(53, 71)
-> Request 1
1042
(3, 3, 2)
1
(67, 45)
--> Day : 2
--> Day : 3
-> Request 0
85
(3, 3, 1)
1
(16, 42)
-> Request 1
382
(1, 1, 2)
2
(47, 71)
-> Request 2
552
(4, 2, 2)
2
(43, 75)
-> Request 3
795
(4, 2, 1)
1
(52, 62)
-> Request 4
859
(3, 1, 1)
1
(64, 45)
-> Request 5
956
(4, 3, 1)
1
(74, 65)
-> Request 6
1116
(1, 2, 2)
2
(55, 43)
-> Request 7
1335
(3, 3, 1)
2
(44, 73)
--> Day : 4
-> Request 0
810
(3, 3, 2)
3
(68, 78)
---> Week : 13
--> Day : 0
-> Request 0
73
(4, 2, 1)
2
(72, 31)
-> Request 1
418
(1, 3, 1)
1
(14, 36)
-> Request 2
672
(2, 2, 1)
3
(40, 14)
-> Request 3
1101
(4, 3, 1)
1
(67, 8)
-> Request 4
1262
(4, 2, 2)
1
(32, 15)
--> Day : 1
-> Request 0
285
(2, 2, 1)
3
(19, 40)
-> Request 1
990
(4, 2, 1)
1
(24, 58)
-> Request 2
1341
(3, 1, 1)
2
(32, 67)
--> Day : 2
-> Request 0
648
(2, 1, 1)
2
(78, 57)
-> Request 1
1351
(3, 1, 1)
2
(43, 66)
--> Day : 3
-> Request 0
178
(3, 2, 2)
1
(10, 9)
-> Request 1
363
(2, 3, 1)
3
(17, 19)
-> Request 2
843
(4, 1, 2)
1
(36, 70)
-> Request 3
1003
(4, 1, 2)
2
(8, 2)
-> Request 4
1167
(3, 1, 1)
1
(51, 32)
-> Request 5
1237
(2, 3, 1)
3
(24, 54)
--> Day : 4
-> Request 0
27
(4, 3, 2)
3
(18, 21)
-> Request 1
295
(1, 2, 2)
1
(58, 75)
-> Request 2
617
(1, 3, 2)
2
(78, 67)
-> Request 3
870
(2, 3, 1)
3
(40, 27)
-> Request 4
1333
(4, 2, 2)
2
(60, 53)
---> Week : 14
--> Day : 0
-> Request 0
759
(4, 3, 2)
2
(53, 12)
-> Request 1
944
(2, 1, 1)
1
(35, 38)
-> Request 2
1310
(4, 3, 2)
3
(30, 75)
--> Day : 1
-> Request 0
1009
(4, 1, 2)
2
(79, 11)
-> Request 1
1408
(1, 2, 2)
3
(10, 5)
--> Day : 2
-> Request 0
358
(2, 2, 2)
2
(47, 75)
-> Request 1
444
(3, 3, 2)
1
(61, 48)
-> Request 2
809
(2, 3, 1)
2
(7, 73)
-> Request 3
864
(1, 2, 1)
1
(11, 55)
-> Request 4
1063
(2, 1, 2)
2
(68, 49)
--> Day : 3
-> Request 0
130
(2, 2, 1)
3
(57, 6)
-> Request 1
484
(3, 2, 1)
1
(46, 43)
-> Request 2
634
(1, 3, 2)
1
(1, 0)
-> Request 3
858
(4, 1, 2)
3
(70, 56)
-> Request 4
1428
(3, 3, 2)
3
(52, 46)
--> Day : 4
-> Request 0
161
(3, 3, 1)
3
(3, 60)
-> Request 1
206
(1, 2, 1)
1
(60, 0)
-> Request 2
275
(4, 3, 1)
1
(71, 28)
-> Request 3
566
(3, 1, 1)
1
(29, 54)
-> Request 4
1286
(4, 1, 1)
2
(58, 32)
---> Week : 15
--> Day : 0
-> Request 0
232
(1, 3, 2)
1
(3, 14)
-> Request 1
243
(2, 1, 2)
2
(64, 58)
-> Request 2
353
(1, 3, 2)
1
(5, 27)
-> Request 3
496
(2, 1, 1)
2
(8, 52)
-> Request 4
551
(4, 2, 2)
1
(11, 14)
-> Request 5
600
(4, 2, 1)
2
(74, 36)
-> Request 6
630
(1, 2, 2)
1
(43, 53)
-> Request 7
1231
(2, 2, 1)
1
(70, 77)
-> Request 8
1403
(3, 2, 2)
2
(67, 64)
--> Day : 1
-> Request 0
680
(2, 1, 1)
1
(60, 26)
-> Request 1
1258
(4, 3, 2)
1
(47, 31)
--> Day : 2
-> Request 0
35
(4, 3, 1)
2
(51, 26)
-> Request 1
265
(4, 1, 2)
2
(61, 19)
-> Request 2
271
(3, 1, 1)
3
(10, 21)
-> Request 3
491
(1, 3, 1)
3
(73, 32)
-> Request 4
1283
(1, 2, 2)
3
(42, 9)
-> Request 5
1365
(4, 2, 1)
2
(11, 5)
--> Day : 3
-> Request 0
645
(4, 2, 1)
3
(70, 54)
-> Request 1
973
(4, 3, 2)
3
(29, 21)
-> Request 2
1071
(1, 1, 1)
2
(43, 19)
--> Day : 4
-> Request 0
447
(3, 2, 1)
1
(65, 3)
-> Request 1
495
(1, 2, 1)
2
(54, 23)
-> Request 2
1363
(2, 2, 2)
3
(51, 50)
---> Week : 16
--> Day : 0
-> Request 0
224
(3, 1, 1)
3
(69, 21)
-> Request 1
418
(1, 1, 1)
3
(29, 17)
-> Request 2
752
(1, 3, 1)
2
(4, 57)
-> Request 3
966
(3, 3, 1)
1
(19, 26)
-> Request 4
1099
(2, 2, 1)
3
(12, 13)
--> Day : 1
-> Request 0
7
(4, 2, 2)
1
(60, 14)
-> Request 1
917
(1, 3, 2)
2
(36, 33)
-> Request 2
1176
(2, 1, 1)
2
(21, 20)
-> Request 3
1236
(4, 1, 1)
2
(37, 38)
-> Request 4
1366
(4, 2, 1)
2
(22, 59)
--> Day : 2
-> Request 0
660
(4, 2, 1)
1
(66, 6)
-> Request 1
1165
(2, 3, 2)
2
(15, 39)
-> Request 2
1366
(3, 3, 2)
2
(77, 46)
--> Day : 3
-> Request 0
158
(2, 1, 1)
3
(43, 9)
-> Request 1
408
(3, 2, 1)
2
(12, 64)
-> Request 2
1005
(3, 2, 2)
3
(49, 54)
-> Request 3
1060
(3, 1, 2)
2
(20, 55)
--> Day : 4
-> Request 0
20
(4, 3, 2)
3
(59, 31)
-> Request 1
550
(2, 2, 2)
1
(3, 52)
---> Week : 17
--> Day : 0
-> Request 0
200
(1, 3, 2)
3
(36, 47)
-> Request 1
1174
(4, 1, 1)
2
(78, 28)
-> Request 2
1356
(4, 2, 2)
1
(7, 7)
--> Day : 1
-> Request 0
126
(1, 3, 1)
1
(16, 43)
-> Request 1
146
(3, 3, 1)
3
(63, 77)
-> Request 2
269
(1, 1, 1)
3
(28, 47)
--> Day : 2
-> Request 0
95
(3, 1, 1)
3
(60, 13)
-> Request 1
180
(3, 1, 2)
1
(65, 73)
--> Day : 3
-> Request 0
65
(3, 3, 2)
3
(71, 70)
-> Request 1
325
(2, 1, 1)
3
(77, 67)
-> Request 2
351
(1, 1, 2)
2
(47, 25)
-> Request 3
1298
(4, 3, 1)
3
(66, 59)
--> Day : 4
-> Request 0
686
(4, 2, 1)
3
(39, 27)
-> Request 1
983
(2, 2, 2)
3
(48, 57)
-> Request 2
1122
(2, 3, 2)
1
(13, 17)
-> Request 3
1244
(4, 3, 2)
1
(76, 76)
-> Request 4
1329
(3, 1, 2)
3
(14, 45)
-> Request 5
1434
(1, 2, 1)
1
(42, 50)
---> Week : 18
--> Day : 0
-> Request 0
593
(4, 1, 2)
1
(46, 51)
-> Request 1
933
(4, 2, 2)
2
(53, 16)
-> Request 2
980
(2, 3, 1)
2
(11, 8)
--> Day : 1
-> Request 0
514
(3, 2, 1)
1
(3, 11)
-> Request 1
629
(4, 2, 1)
1
(36, 60)
-> Request 2
840
(4, 1, 1)
2
(5, 56)
-> Request 3
932
(4, 1, 2)
1
(18, 56)
-> Request 4
969
(3, 2, 1)
3
(64, 4)
-> Request 5
1414
(1, 2, 1)
1
(4, 9)
--> Day : 2
-> Request 0
45
(1, 3, 1)
1
(75, 54)
-> Request 1
305
(4, 3, 1)
2
(31, 62)
-> Request 2
450
(4, 2, 1)
3
(64, 20)
-> Request 3
610
(1, 2, 1)
1
(60, 18)
-> Request 4
765
(3, 2, 1)
3
(3, 13)
-> Request 5
791
(3, 2, 2)
1
(74, 70)
-> Request 6
796
(4, 3, 1)
3
(24, 45)
--> Day : 3
-> Request 0
62
(2, 3, 2)
3
(24, 1)
-> Request 1
790
(1, 2, 2)
3
(60, 12)
-> Request 2
945
(1, 3, 2)
2
(37, 11)
-> Request 3
976
(3, 2, 1)
3
(74, 10)
--> Day : 4
-> Request 0
43
(1, 3, 2)
1
(17, 44)
-> Request 1
588
(4, 2, 2)
2
(57, 11)
-> Request 2
655
(1, 2, 2)
1
(16, 72)
-> Request 3
823
(4, 1, 2)
1
(21, 53)
-> Request 4
832
(2, 1, 1)
1
(31, 78)
-> Request 5
875
(4, 3, 2)
3
(2, 27)
-> Request 6
935
(1, 2, 2)
2
(15, 71)
-> Request 7
1087
(1, 3, 2)
1
(41, 68)
-> Request 8
1119
(1, 1, 1)
2
(57, 48)
-> Request 9
1396
(3, 3, 2)
3
(9, 15)
---> Week : 19
--> Day : 0
-> Request 0
5
(4, 3, 2)
3
(0, 68)
-> Request 1
374
(3, 3, 1)
2
(79, 40)
-> Request 2
444
(4, 3, 2)
1
(70, 24)
-> Request 3
527
(4, 2, 1)
1
(25, 4)
-> Request 4
930
(2, 1, 1)
2
(32, 74)
--> Day : 1
-> Request 0
349
(1, 1, 2)
2
(30, 48)
-> Request 1
906
(2, 2, 1)
2
(78, 42)
-> Request 2
979
(4, 1, 1)
2
(54, 24)
-> Request 3
1368
(1, 3, 1)
1
(37, 77)
-> Request 4
1384
(1, 3, 2)
3
(74, 10)
--> Day : 2
-> Request 0
47
(1, 1, 1)
1
(28, 78)
-> Request 1
1009
(3, 3, 2)
2
(10, 12)
--> Day : 3
-> Request 0
633
(2, 2, 2)
2
(33, 4)
-> Request 1
700
(2, 1, 2)
3
(54, 78)
-> Request 2
906
(2, 3, 1)
3
(14, 33)
-> Request 3
1105
(2, 1, 2)
1
(67, 67)
-> Request 4
1148
(4, 2, 1)
1
(72, 50)
-> Request 5
1248
(3, 3, 2)
1
(52, 61)
-> Request 6
1351
(2, 2, 2)
3
(56, 54)
--> Day : 4
-> Request 0
814
(4, 1, 1)
2
(16, 11)
