---> Week : 0
--> Day : 0
-> Request 0
157
(1, 2, 1)
1
(70, 63)
-> Request 1
796
(3, 1, 2)
1
(52, 52)
-> Request 2
1140
(2, 2, 1)
3
(77, 25)
-> Request 3
1158
(4, 3, 1)
3
(43, 19)
-> Request 4
1287
(4, 2, 1)
3
(35, 74)
--> Day : 1
-> Request 0
39
(2, 1, 2)
2
(29, 55)
-> Request 1
327
(1, 2, 2)
1
(1, 26)
-> Request 2
356
(3, 3, 2)
2
(71, 25)
-> Request 3
730
(2, 2, 2)
2
(56, 71)
-> Request 4
768
(1, 2, 1)
3
(79, 71)
--> Day : 2
-> Request 0
702
(4, 3, 2)
1
(2, 75)
-> Request 1
1154
(4, 2, 2)
1
(35, 70)
--> Day : 3
-> Request 0
922
(4, 1, 1)
1
(1, 53)
--> Day : 4
-> Request 0
661
(1, 3, 1)
3
(76, 8)
-> Request 1
710
(2, 2, 1)
1
(44, 24)
-> Request 2
944
(3, 2, 2)
3
(74, 28)
---> Week : 1
--> Day : 0
-> Request 0
815
(4, 3, 2)
2
(15, 25)
--> Day : 1
-> Request 0
283
(1, 1, 1)
2
(78, 63)
-> Request 1
296
(2, 1, 1)
2
(13, 66)
-> Request 2
550
(2, 1, 2)
2
(47, 39)
-> Request 3
998
(4, 1, 2)
2
(14, 41)
-> Request 4
1086
(2, 2, 1)
2
(77, 49)
--> Day : 2
-> Request 0
1017
(1, 3, 1)
2
(15, 35)
-> Request 1
1370
(1, 2, 1)
2
(49, 53)
--> Day : 3
-> Request 0
182
(1, 3, 2)
3
(29, 4)
-> Request 1
359
(3, 3, 1)
2
(37, 23)
-> Request 2
508
(3, 2, 1)
2
(32, 15)
-> Request 3
520
(1, 2, 2)
1
(76, 14)
-> Request 4
669
(3, 2, 2)
2
(42, 70)
-> Request 5
1091
(4, 3, 1)
2
(60, 55)
-> Request 6
1139
(2, 2, 1)
1
(4, 28)
--> Day : 4
-> Request 0
276
(1, 1, 2)
1
(18, 31)
-> Request 1
718
(1, 1, 2)
2
(38, 78)
-> Request 2
1202
(1, 1, 1)
3
(4, 42)
-> Request 3
1388
(2, 1, 2)
1
(12, 57)
---> Week : 2
--> Day : 0
-> Request 0
14
(1, 3, 2)
3
(72, 0)
-> Request 1
31
(3, 1, 2)
2
(21, 52)
-> Request 2
432
(1, 2, 1)
3
(40, 53)
-> Request 3
480
(3, 1, 2)
2
(67, 37)
-> Request 4
757
(4, 3, 2)
1
(61, 52)
-> Request 5
991
(2, 1, 2)
1
(62, 50)
-> Request 6
1319
(1, 3, 1)
3
(32, 53)
--> Day : 1
-> Request 0
912
(4, 2, 1)
2
(68, 60)
--> Day : 2
-> Request 0
191
(3, 2, 2)
1
(56, 64)
-> Request 1
463
(4, 1, 1)
2
(38, 76)
-> Request 2
518
(3, 3, 2)
1
(38, 46)
-> Request 3
542
(3, 3, 2)
3
(12, 15)
-> Request 4
729
(3, 1, 2)
3
(45, 37)
--> Day : 3
--> Day : 4
-> Request 0
648
(2, 2, 1)
3
(79, 49)
-> Request 1
849
(4, 2, 2)
1
(66, 47)
---> Week : 3
--> Day : 0
--> Day : 1
-> Request 0
540
(4, 1, 1)
2
(45, 54)
-> Request 1
931
(2, 1, 2)
2
(11, 36)
-> Request 2
1116
(1, 1, 2)
3
(77, 37)
-> Request 3
1337
(2, 2, 2)
1
(0, 77)
-> Request 4
1379
(1, 3, 1)
3
(34, 55)
--> Day : 2
-> Request 0
55
(3, 1, 2)
1
(49, 0)
-> Request 1
113
(2, 3, 2)
1
(44, 75)
-> Request 2
569
(3, 1, 2)
2
(65, 69)
-> Request 3
610
(1, 1, 1)
1
(49, 77)
-> Request 4
807
(4, 3, 2)
3
(52, 5)
--> Day : 3
-> Request 0
78
(3, 2, 2)
1
(13, 20)
-> Request 1
223
(2, 2, 2)
1
(36, 5)
-> Request 2
320
(3, 3, 2)
3
(46, 36)
-> Request 3
348
(1, 1, 2)
1
(78, 26)
-> Request 4
351
(4, 2, 2)
2
(75, 64)
-> Request 5
718
(3, 2, 1)
3
(3, 63)
-> Request 6
930
(2, 3, 2)
3
(13, 33)
--> Day : 4
-> Request 0
14
(4, 2, 1)
3
(52, 57)
-> Request 1
315
(1, 1, 1)
2
(22, 74)
-> Request 2
392
(4, 1, 2)
1
(72, 71)
-> Request 3
392
(1, 1, 2)
1
(13, 43)
-> Request 4
838
(1, 2, 2)
3
(60, 53)
-> Request 5
1009
(1, 3, 2)
2
(53, 6)
-> Request 6
1373
(3, 3, 1)
3
(52, 45)
---> Week : 4
--> Day : 0
-> Request 0
100
(4, 3, 1)
2
(13, 16)
-> Request 1
103
(4, 3, 2)
1
(47, 74)
-> Request 2
145
(1, 1, 1)
1
(65, 8)
-> Request 3
571
(4, 1, 2)
2
(58, 79)
-> Request 4
1020
(3, 1, 2)
2
(5, 63)
-> Request 5
1223
(3, 2, 1)
3
(8, 65)
--> Day : 1
-> Request 0
218
(4, 2, 2)
1
(61, 69)
-> Request 1
785
(1, 3, 2)
3
(27, 69)
-> Request 2
1271
(2, 2, 1)
2
(37, 29)
--> Day : 2
-> Request 0
854
(4, 1, 1)
1
(78, 4)
-> Request 1
1439
(3, 2, 2)
2
(72, 27)
--> Day : 3
-> Request 0
728
(3, 3, 2)
1
(29, 41)
-> Request 1
840
(4, 3, 2)
1
(60, 68)
-> Request 2
1279
(2, 1, 1)
2
(20, 67)
--> Day : 4
-> Request 0
67
(2, 2, 2)
2
(55, 15)
-> Request 1
322
(1, 1, 2)
2
(63, 12)
-> Request 2
838
(4, 1, 2)
3
(52, 15)
-> Request 3
1438
(3, 3, 2)
1
(10, 32)
---> Week : 5
--> Day : 0
-> Request 0
186
(2, 2, 1)
1
(51, 77)
-> Request 1
814
(1, 3, 1)
3
(18, 76)
-> Request 2
1030
(4, 1, 2)
3
(49, 49)
--> Day : 1
-> Request 0
262
(1, 1, 1)
3
(39, 40)
-> Request 1
280
(3, 2, 1)
1
(3, 61)
--> Day : 2
-> Request 0
538
(3, 1, 2)
1
(7, 10)
-> Request 1
753
(2, 3, 1)
3
(32, 64)
-> Request 2
873
(4, 1, 2)
3
(29, 60)
-> Request 3
1006
(1, 2, 1)
3
(3, 67)
-> Request 4
1036
(4, 2, 1)
1
(78, 47)
-> Request 5
1253
(2, 1, 1)
2
(21, 47)
-> Request 6
1393
(2, 1, 2)
3
(43, 44)
-> Request 7
1396
(1, 2, 1)
2
(67, 23)
--> Day : 3
-> Request 0
450
(1, 1, 1)
1
(8, 22)
-> Request 1
486
(3, 1, 2)
1
(76, 76)
-> Request 2
652
(4, 3, 2)
2
(17, 57)
-> Request 3
1157
(4, 2, 1)
2
(50, 53)
--> Day : 4
-> Request 0
582
(2, 2, 2)
3
(54, 3)
-> Request 1
734
(3, 2, 1)
3
(32, 77)
-> Request 2
1208
(2, 3, 1)
2
(67, 72)
-> Request 3
1369
(4, 2, 1)
2
(17, 24)
---> Week : 6
--> Day : 0
-> Request 0
52
(1, 1, 1)
3
(1, 78)
-> Request 1
137
(4, 2, 2)
3
(43, 76)
-> Request 2
335
(4, 2, 1)
3
(19, 58)
-> Request 3
532
(2, 1, 1)
2
(51, 52)
-> Request 4
579
(3, 3, 1)
2
(46, 28)
--> Day : 1
-> Request 0
473
(4, 3, 1)
2
(30, 59)
-> Request 1
582
(3, 3, 1)
2
(34, 13)
-> Request 2
1011
(1, 3, 2)
1
(24, 10)
--> Day : 2
-> Request 0
860
(4, 3, 1)
2
(37, 77)
-> Request 1
976
(1, 1, 1)
1
(77, 69)
-> Request 2
981
(2, 1, 1)
2
(50, 67)
-> Request 3
987
(1, 1, 2)
1
(48, 53)
-> Request 4
1126
(4, 1, 2)
2
(14, 0)
-> Request 5
1186
(2, 2, 2)
1
(42, 62)
--> Day : 3
-> Request 0
175
(1, 2, 1)
1
(56, 19)
-> Request 1
662
(1, 1, 2)
3
(8, 30)
-> Request 2
1285
(4, 1, 2)
1
(16, 52)
-> Request 3
1407
(2, 1, 2)
2
(29, 49)
--> Day : 4
-> Request 0
169
(4, 2, 1)
3
(57, 0)
-> Request 1
187
(1, 3, 1)
1
(77, 12)
-> Request 2
405
(4, 1, 2)
3
(49, 21)
-> Request 3
770
(2, 1, 2)
2
(63, 20)
-> Request 4
847
(4, 3, 1)
3
(35, 22)
---> Week : 7
--> Day : 0
-> Request 0
326
(3, 1, 1)
1
(36, 76)
-> Request 1
1312
(1, 1, 1)
2
(67, 19)
-> Request 2
1383
(2, 1, 2)
1
(44, 66)
--> Day : 1
-> Request 0
122
(1, 1, 1)
1
(3, 13)
-> Request 1
361
(4, 3, 1)
2
(57, 13)
-> Request 2
365
(1, 2, 1)
1
(14, 16)
-> Request 3
378
(3, 1, 1)
3
(17, 56)
-> Request 4
438
(2, 2, 2)
1
(27, 18)
-> Request 5
918
(2, 3, 1)
2
(62, 20)
-> Request 6
1187
(2, 2, 2)
3
(23, 54)
--> Day : 2
-> Request 0
57
(1, 3, 2)
3
(35, 18)
-> Request 1
672
(1, 3, 2)
1
(20, 17)
-> Request 2
1329
(4, 1, 2)
3
(9, 29)
-> Request 3
1338
(2, 3, 1)
3
(11, 37)
--> Day : 3
-> Request 0
1044
(3, 2, 1)
1
(66, 70)
-> Request 1
1265
(1, 1, 2)
1
(18, 22)
-> Request 2
1350
(3, 2, 2)
2
(47, 54)
--> Day : 4
-> Request 0
29
(3, 3, 1)
1
(22, 72)
-> Request 1
170
(2, 2, 2)
3
(13, 54)
-> Request 2
943
(2, 1, 2)
1
(72, 63)
-> Request 3
1433
(4, 1, 2)
3
(0, 54)
---> Week : 8
--> Day : 0
-> Request 0
391
(4, 2, 1)
2
(19, 46)
-> Request 1
808
(4, 3, 2)
1
(59, 42)
-> Request 2
1082
(1, 2, 1)
1
(2, 56)
-> Request 3
1261
(1, 3, 2)
2
(52, 50)
-> Request 4
1344
(4, 1, 1)
1
(35, 48)
-> Request 5
1438
(2, 1, 2)
2
(34, 51)
--> Day : 1
-> Request 0
561
(2, 3, 2)
1
(37, 2)
--> Day : 2
-> Request 0
105
(4, 3, 1)
1
(42, 30)
-> Request 1
149
(2, 3, 1)
3
(20, 58)
-> Request 2
430
(3, 3, 1)
3
(75, 56)
-> Request 3
1345
(3, 3, 1)
3
(31, 34)
-> Request 4
1380
(4, 1, 2)
2
(25, 56)
--> Day : 3
-> Request 0
291
(1, 2, 1)
1
(22, 20)
-> Request 1
298
(2, 1, 2)
3
(0, 27)
-> Request 2
566
(3, 3, 1)
2
(70, 77)
-> Request 3
999
(3, 1, 1)
2
(31, 41)
-> Request 4
1053
(4, 1, 1)
2
(41, 37)
--> Day : 4
-> Request 0
41
(2, 2, 2)
3
(43, 26)
-> Request 1
559
(4, 2, 1)
1
(79, 52)
-> Request 2
896
(3, 3, 1)
2
(44, 27)
-> Request 3
927
(4, 1, 2)
2
(58, 56)
-> Request 4
1014
(1, 2, 2)
3
(33, 24)
-> Request 5
1117
(2, 3, 2)
1
(59, 44)
-> Request 6
1265
(3, 1, 1)
2
(17, 29)
---> Week : 9
--> Day : 0
-> Request 0
292
(1, 1, 1)
1
(53, 55)
--> Day : 1
-> Request 0
28
(4, 2, 2)
1
(35, 5)
-> Request 1
84
(1, 1, 1)
2
(50, 13)
-> Request 2
365
(1, 3, 2)
3
(13, 26)
-> Request 3
637
(2, 2, 1)
1
(54, 68)
-> Request 4
740
(3, 2, 2)
1
(32, 21)
-> Request 5
803
(3, 2, 2)
2
(37, 37)
-> Request 6
1329
(1, 3, 2)
1
(68, 54)
--> Day : 2
-> Request 0
231
(4, 2, 1)
1
(33, 14)
-> Request 1
1390
(1, 2, 1)
3
(71, 55)
--> Day : 3
-> Request 0
78
(2, 2, 2)
3
(73, 45)
-> Request 1
488
(4, 1, 1)
2
(6, 29)
-> Request 2
513
(2, 3, 1)
1
(56, 26)
-> Request 3
1014
(1, 3, 2)
3
(30, 34)
--> Day : 4
-> Request 0
833
(2, 2, 2)
3
(66, 22)
-> Request 1
1206
(3, 1, 2)
3
(29, 25)
---> Week : 10
--> Day : 0
-> Request 0
331
(3, 2, 2)
2
(19, 70)
-> Request 1
1069
(1, 2, 1)
3
(30, 16)
--> Day : 1
-> Request 0
897
(1, 2, 1)
3
(50, 54)
-> Request 1
1234
(4, 3, 2)
2
(2, 50)
--> Day : 2
-> Request 0
232
(4, 1, 1)
3
(78, 74)
-> Request 1
633
(1, 1, 1)
2
(56, 54)
-> Request 2
862
(1, 1, 1)
2
(16, 39)
-> Request 3
921
(3, 2, 2)
3
(66, 10)
-> Request 4
1411
(1, 2, 1)
2
(1, 74)
--> Day : 3
-> Request 0
149
(2, 2, 2)
1
(39, 28)
-> Request 1
570
(2, 3, 1)
3
(17, 67)
-> Request 2
630
(3, 3, 2)
1
(58, 48)
-> Request 3
765
(4, 1, 1)
2
(12, 49)
-> Request 4
1018
(1, 2, 1)
2
(69, 20)
--> Day : 4
-> Request 0
135
(3, 1, 2)
1
(21, 19)
-> Request 1
320
(3, 3, 2)
3
(59, 72)
-> Request 2
557
(3, 1, 2)
1
(53, 31)
-> Request 3
599
(4, 2, 2)
3
(32, 35)
-> Request 4
1083
(4, 3, 1)
3
(11, 57)
-> Request 5
1384
(2, 1, 2)
3
(26, 14)
-> Request 6
1400
(3, 3, 1)
2
(38, 77)
-> Request 7
1409
(3, 2, 2)
3
(16, 74)
---> Week : 11
--> Day : 0
-> Request 0
6
(2, 1, 1)
2
(62, 76)
-> Request 1
161
(4, 1, 2)
2
(30, 33)
-> Request 2
266
(1, 1, 2)
3
(4, 23)
-> Request 3
863
(1, 3, 2)
1
(36, 25)
-> Request 4
1136
(1, 2, 1)
1
(37, 50)
-> Request 5
1333
(4, 3, 2)
2
(42, 28)
--> Day : 1
-> Request 0
226
(4, 3, 2)
2
(71, 58)
-> Request 1
349
(2, 2, 1)
3
(52, 68)
-> Request 2
792
(4, 3, 2)
3
(4, 13)
-> Request 3
1118
(4, 3, 1)
1
(12, 31)
-> Request 4
1385
(2, 1, 2)
1
(62, 5)
-> Request 5
1421
(1, 2, 1)
3
(55, 7)
--> Day : 2
-> Request 0
56
(3, 1, 2)
2
(62, 71)
-> Request 1
920
(2, 2, 2)
1
(30, 74)
-> Request 2
1392
(2, 1, 1)
3
(21, 47)
--> Day : 3
-> Request 0
23
(2, 1, 2)
1
(56, 22)
-> Request 1
802
(1, 1, 2)
1
(25, 66)
-> Request 2
878
(4, 2, 1)
1
(71, 78)
-> Request 3
1294
(4, 2, 1)
2
(7, 52)
-> Request 4
1345
(3, 2, 1)
1
(47, 8)
--> Day : 4
-> Request 0
257
(3, 2, 1)
3
(19, 58)
-> Request 1
922
(3, 1, 1)
2
(72, 21)
---> Week : 12
--> Day : 0
-> Request 0
372
(2, 2, 1)
3
(26, 14)
-> Request 1
609
(4, 1, 1)
2
(26, 39)
-> Request 2
701
(1, 3, 1)
3
(71, 2)
--> Day : 1
-> Request 0
675
(2, 1, 1)
3
(62, 58)
-> Request 1
860
(2, 2, 1)
1
(33, 60)
-> Request 2
947
(1, 3, 1)
2
(72, 2)
--> Day : 2
-> Request 0
29
(2, 1, 2)
1
(12, 46)
-> Request 1
274
(2, 2, 2)
3
(61, 53)
-> Request 2
587
(1, 2, 1)
3
(29, 29)
-> Request 3
736
(3, 3, 1)
2
(15, 60)
--> Day : 3
-> Request 0
131
(3, 3, 1)
1
(0, 60)
-> Request 1
1164
(2, 3, 2)
2
(4, 17)
--> Day : 4
-> Request 0
48
(3, 2, 1)
1
(65, 79)
-> Request 1
319
(2, 3, 2)
2
(14, 39)
-> Request 2
446
(2, 1, 2)
3
(65, 66)
-> Request 3
1088
(1, 1, 1)
1
(52, 47)
---> Week : 13
--> Day : 0
-> Request 0
7
(1, 3, 2)
1
(79, 77)
-> Request 1
591
(4, 3, 1)
1
(45, 39)
-> Request 2
1084
(3, 3, 2)
1
(35, 43)
--> Day : 1
-> Request 0
124
(2, 3, 2)
1
(36, 21)
-> Request 1
186
(2, 2, 2)
2
(76, 79)
-> Request 2
293
(3, 1, 2)
2
(28, 19)
-> Request 3
641
(3, 3, 2)
2
(8, 60)
--> Day : 2
-> Request 0
62
(2, 1, 1)
2
(79, 54)
-> Request 1
386
(1, 2, 2)
2
(34, 71)
-> Request 2
555
(2, 2, 1)
2
(1, 0)
-> Request 3
624
(4, 2, 2)
1
(31, 1)
-> Request 4
926
(4, 1, 2)
2
(8, 26)
-> Request 5
1135
(4, 1, 1)
3
(33, 55)
--> Day : 3
--> Day : 4
-> Request 0
58
(4, 2, 2)
1
(10, 63)
-> Request 1
761
(4, 1, 1)
3
(7, 36)
-> Request 2
873
(1, 1, 2)
2
(6, 27)
-> Request 3
935
(3, 3, 2)
2
(23, 54)
-> Request 4
1156
(3, 1, 2)
1
(37, 29)
---> Week : 14
--> Day : 0
-> Request 0
1399
(2, 2, 2)
2
(4, 16)
--> Day : 1
-> Request 0
228
(2, 2, 1)
1
(72, 51)
-> Request 1
231
(3, 3, 2)
3
(65, 28)
-> Request 2
842
(2, 2, 1)
3
(78, 53)
-> Request 3
982
(1, 1, 1)
1
(20, 39)
-> Request 4
1056
(4, 2, 2)
1
(47, 24)
-> Request 5
1084
(2, 2, 2)
3
(75, 52)
--> Day : 2
-> Request 0
349
(3, 2, 2)
3
(68, 15)
-> Request 1
507
(4, 3, 2)
1
(31, 20)
-> Request 2
563
(1, 2, 1)
3
(68, 9)
-> Request 3
701
(3, 1, 2)
3
(18, 44)
-> Request 4
1330
(1, 3, 2)
1
(11, 37)
-> Request 5
1391
(2, 3, 1)
2
(37, 18)
--> Day : 3
-> Request 0
3
(3, 3, 2)
2
(45, 34)
-> Request 1
38
(1, 3, 1)
2
(30, 12)
-> Request 2
350
(3, 2, 1)
3
(62, 40)
-> Request 3
835
(1, 3, 1)
1
(38, 74)
-> Request 4
963
(2, 3, 1)
1
(20, 24)
-> Request 5
1019
(4, 3, 1)
3
(21, 30)
-> Request 6
1051
(4, 2, 1)
2
(41, 22)
-> Request 7
1125
(2, 2, 1)
1
(44, 51)
-> Request 8
1260
(1, 2, 1)
3
(77, 26)
--> Day : 4
-> Request 0
177
(4, 2, 1)
3
(4, 52)
-> Request 1
979
(3, 2, 1)
2
(29, 79)
---> Week : 15
--> Day : 0
-> Request 0
293
(4, 2, 1)
1
(76, 53)
-> Request 1
571
(3, 1, 2)
1
(16, 46)
-> Request 2
602
(3, 1, 2)
3
(69, 31)
-> Request 3
1032
(2, 1, 2)
3
(61, 16)
-> Request 4
1381
(1, 1, 2)
3
(44, 35)
--> Day : 1
-> Request 0
34
(2, 1, 2)
1
(18, 68)
-> Request 1
488
(1, 2, 1)
2
(2, 14)
-> Request 2
729
(1, 2, 2)
3
(21, 53)
-> Request 3
907
(2, 3, 2)
1
(53, 31)
--> Day : 2
-> Request 0
157
(2, 2, 2)
2
(61, 50)
-> Request 1
979
(3, 2, 1)
1
(15, 8)
-> Request 2
1196
(2, 2, 2)
3
(60, 56)
--> Day : 3
-> Request 0
0
(3, 1, 2)
1
(9, 63)
-> Request 1
992
(4, 1, 2)
2
(76, 38)
-> Request 2
1178
(2, 3, 1)
2
(60, 22)
-> Request 3
1245
(3, 2, 1)
1
(21, 27)
-> Request 4
1266
(2, 2, 1)
1
(23, 43)
-> Request 5
1438
(1, 1, 1)
1
(31, 22)
--> Day : 4
-> Request 0
196
(4, 2, 1)
2
(13, 63)
-> Request 1
253
(3, 3, 2)
1
(5, 47)
-> Request 2
522
(2, 1, 2)
3
(54, 77)
---> Week : 16
--> Day : 0
-> Request 0
823
(4, 1, 1)
3
(27, 1)
-> Request 1
1060
(3, 1, 2)
1
(15, 16)
-> Request 2
1068
(2, 2, 2)
1
(3, 2)
--> Day : 1
-> Request 0
526
(4, 3, 2)
1
(16, 23)
-> Request 1
536
(2, 3, 2)
2
(23, 71)
-> Request 2
657
(3, 1, 2)
2
(78, 31)
--> Day : 2
-> Request 0
626
(4, 1, 2)
2
(61, 12)
-> Request 1
1124
(2, 2, 1)
1
(75, 54)
-> Request 2
1425
(2, 1, 1)
3
(31, 60)
--> Day : 3
-> Request 0
145
(2, 3, 1)
2
(21, 71)
-> Request 1
354
(3, 3, 1)
1
(74, 31)
-> Request 2
456
(1, 1, 1)
1
(75, 53)
-> Request 3
684
(3, 2, 1)
1
(74, 70)
--> Day : 4
-> Request 0
323
(4, 2, 1)
1
(77, 76)
-> Request 1
470
(1, 3, 1)
3
(23, 63)
-> Request 2
693
(1, 1, 2)
1
(67, 43)
-> Request 3
1249
(3, 3, 2)
3
(59, 26)
-> Request 4
1344
(4, 3, 1)
3
(1, 53)
---> Week : 17
--> Day : 0
-> Request 0
778
(4, 2, 2)
3
(20, 17)
-> Request 1
968
(1, 3, 1)
2
(43, 64)
-> Request 2
1195
(1, 1, 1)
1
(78, 8)
-> Request 3
1364
(2, 3, 1)
3
(37, 63)
--> Day : 1
-> Request 0
46
(3, 3, 2)
3
(34, 29)
-> Request 1
309
(3, 1, 1)
1
(52, 41)
-> Request 2
338
(4, 3, 2)
2
(34, 23)
-> Request 3
949
(1, 2, 1)
2
(21, 79)
-> Request 4
1045
(3, 2, 2)
3
(51, 74)
-> Request 5
1195
(2, 2, 1)
1
(48, 35)
--> Day : 2
-> Request 0
196
(3, 1, 1)
3
(2, 78)
-> Request 1
814
(3, 2, 2)
1
(64, 15)
-> Request 2
885
(4, 2, 1)
2
(77, 69)
--> Day : 3
-> Request 0
231
(4, 2, 1)
1
(70, 5)
-> Request 1
627
(3, 1, 1)
3
(48, 18)
-> Request 2
971
(3, 1, 1)
3
(62, 4)
-> Request 3
1031
(2, 2, 2)
1
(48, 41)
-> Request 4
1207
(3, 3, 2)
2
(10, 38)
--> Day : 4
-> Request 0
411
(3, 1, 2)
3
(78, 53)
---> Week : 18
--> Day : 0
-> Request 0
249
(2, 1, 2)
3
(16, 16)
-> Request 1
1087
(4, 2, 1)
3
(15, 65)
--> Day : 1
-> Request 0
162
(1, 3, 1)
2
(27, 10)
-> Request 1
442
(4, 1, 2)
3
(59, 16)
-> Request 2
592
(1, 2, 2)
3
(65, 16)
-> Request 3
616
(2, 2, 1)
3
(59, 66)
-> Request 4
1036
(3, 2, 1)
2
(65, 47)
-> Request 5
1354
(4, 1, 2)
2
(33, 51)
-> Request 6
1404
(4, 3, 1)
3
(31, 70)
--> Day : 2
-> Request 0
29
(4, 1, 2)
2
(79, 75)
-> Request 1
709
(2, 1, 2)
1
(45, 43)
-> Request 2
1061
(2, 2, 2)
2
(4, 43)
-> Request 3
1249
(4, 2, 1)
3
(26, 71)
-> Request 4
1253
(1, 3, 2)
1
(29, 28)
-> Request 5
1375
(4, 1, 2)
2
(40, 27)
--> Day : 3
-> Request 0
467
(2, 2, 2)
1
(40, 61)
-> Request 1
603
(2, 3, 2)
3
(76, 74)
-> Request 2
720
(2, 2, 2)
3
(29, 68)
-> Request 3
914
(1, 1, 2)
2
(60, 23)
--> Day : 4
-> Request 0
323
(4, 3, 1)
2
(9, 55)
-> Request 1
611
(4, 2, 2)
1
(61, 7)
-> Request 2
793
(1, 3, 1)
1
(26, 13)
-> Request 3
800
(4, 1, 1)
1
(63, 7)
-> Request 4
985
(1, 1, 2)
3
(56, 11)
-> Request 5
1051
(4, 2, 1)
3
(30, 34)
---> Week : 19
--> Day : 0
-> Request 0
131
(4, 3, 2)
2
(32, 55)
-> Request 1
653
(4, 3, 1)
2
(71, 62)
-> Request 2
794
(2, 3, 2)
1
(31, 27)
-> Request 3
957
(3, 2, 2)
3
(77, 3)
-> Request 4
1036
(1, 3, 1)
3
(75, 74)
-> Request 5
1077
(2, 1, 2)
3
(18, 13)
-> Request 6
1414
(1, 3, 2)
2
(65, 66)
--> Day : 1
-> Request 0
201
(2, 2, 1)
3
(60, 65)
-> Request 1
464
(4, 1, 1)
1
(14, 33)
-> Request 2
472
(1, 2, 1)
2
(55, 76)
-> Request 3
597
(1, 3, 1)
1
(39, 72)
-> Request 4
807
(2, 2, 2)
1
(69, 78)
-> Request 5
842
(4, 2, 1)
3
(44, 0)
-> Request 6
936
(4, 1, 2)
1
(68, 30)
-> Request 7
1082
(2, 1, 1)
2
(10, 22)
-> Request 8
1155
(1, 1, 1)
1
(30, 78)
-> Request 9
1181
(4, 2, 1)
2
(33, 41)
--> Day : 2
-> Request 0
88
(2, 2, 1)
2
(1, 13)
-> Request 1
155
(3, 3, 2)
2
(33, 45)
-> Request 2
485
(1, 3, 2)
2
(7, 70)
-> Request 3
1203
(4, 3, 1)
2
(73, 77)
-> Request 4
1430
(3, 2, 2)
3
(27, 32)
--> Day : 3
-> Request 0
295
(1, 1, 1)
2
(39, 29)
-> Request 1
306
(4, 1, 2)
2
(60, 74)
-> Request 2
1051
(4, 2, 1)
1
(49, 54)
-> Request 3
1228
(1, 2, 1)
1
(27, 42)
--> Day : 4
-> Request 0
537
(1, 1, 2)
2
(25, 32)
-> Request 1
543
(3, 1, 1)
2
(38, 48)
-> Request 2
815
(3, 2, 2)
1
(17, 2)
-> Request 3
892
(4, 3, 1)
1
(25, 25)
-> Request 4
1343
(3, 2, 2)
2
(51, 30)
