---> Week : 0
--> Day : 0
-> Request 0
481
(2, 2, 2)
3
(0, 79)
-> Request 1
591
(4, 3, 2)
3
(44, 7)
-> Request 2
670
(1, 1, 1)
3
(47, 35)
-> Request 3
955
(1, 2, 2)
2
(11, 5)
-> Request 4
1108
(3, 2, 1)
3
(41, 9)
-> Request 5
1136
(3, 3, 2)
2
(41, 69)
-> Request 6
1260
(1, 2, 1)
1
(5, 11)
-> Request 7
1400
(1, 2, 2)
3
(55, 7)
--> Day : 1
-> Request 0
136
(3, 2, 1)
1
(33, 0)
-> Request 1
586
(1, 2, 2)
1
(12, 30)
-> Request 2
959
(2, 2, 2)
1
(18, 68)
-> Request 3
1269
(4, 2, 2)
3
(2, 4)
--> Day : 2
-> Request 0
488
(3, 2, 1)
3
(16, 44)
-> Request 1
503
(4, 2, 1)
1
(79, 24)
-> Request 2
574
(3, 1, 1)
3
(33, 11)
-> Request 3
718
(1, 3, 2)
2
(70, 46)
-> Request 4
748
(1, 1, 1)
2
(74, 40)
--> Day : 3
-> Request 0
279
(4, 3, 1)
1
(68, 52)
-> Request 1
784
(2, 1, 2)
3
(25, 19)
-> Request 2
970
(3, 2, 1)
1
(17, 20)
--> Day : 4
-> Request 0
416
(3, 2, 1)
1
(62, 29)
-> Request 1
593
(4, 1, 1)
3
(60, 11)
-> Request 2
1254
(2, 1, 2)
2
(67, 1)
-> Request 3
1305
(3, 2, 1)
1
(66, 69)
-> Request 4
1306
(2, 1, 2)
1
(61, 45)
---> Week : 1
--> Day : 0
-> Request 0
243
(2, 3, 2)
1
(53, 63)
-> Request 1
525
(3, 3, 1)
3
(64, 59)
-> Request 2
1067
(2, 1, 2)
2
(40, 17)
--> Day : 1
-> Request 0
54
(2, 2, 2)
3
(2, 57)
-> Request 1
1121
(2, 1, 2)
2
(29, 38)
--> Day : 2
-> Request 0
0
(1, 3, 1)
3
(64, 77)
-> Request 1
180
(2, 2, 1)
3
(27, 34)
-> Request 2
230
(1, 2, 2)
3
(60, 34)
-> Request 3
446
(1, 3, 1)
1
(8, 65)
-> Request 4
647
(1, 3, 2)
1
(0, 47)
-> Request 5
678
(1, 1, 2)
3
(12, 55)
--> Day : 3
-> Request 0
770
(1, 3, 2)
3
(30, 15)
-> Request 1
855
(2, 3, 2)
3
(39, 45)
--> Day : 4
-> Request 0
20
(2, 3, 1)
2
(50, 1)
-> Request 1
619
(3, 1, 1)
3
(55, 66)
-> Request 2
1029
(4, 3, 2)
1
(61, 40)
---> Week : 2
--> Day : 0
-> Request 0
151
(1, 2, 2)
3
(35, 62)
-> Request 1
876
(2, 3, 1)
2
(26, 73)
--> Day : 1
-> Request 0
56
(4, 2, 1)
3
(41, 72)
-> Request 1
375
(1, 2, 1)
2
(2, 18)
-> Request 2
502
(3, 1, 2)
2
(15, 12)
-> Request 3
647
(2, 2, 1)
2
(61, 28)
-> Request 4
1057
(4, 3, 2)
3
(41, 48)
-> Request 5
1361
(3, 2, 2)
2
(51, 39)
--> Day : 2
-> Request 0
521
(3, 2, 2)
1
(60, 30)
-> Request 1
1065
(3, 3, 1)
1
(64, 32)
--> Day : 3
-> Request 0
272
(1, 1, 1)
2
(17, 33)
-> Request 1
364
(3, 3, 1)
1
(33, 48)
--> Day : 4
-> Request 0
1299
(1, 2, 1)
1
(65, 38)
---> Week : 3
--> Day : 0
-> Request 0
610
(2, 1, 1)
3
(17, 64)
-> Request 1
916
(2, 2, 2)
1
(72, 75)
-> Request 2
940
(1, 2, 2)
3
(52, 21)
--> Day : 1
-> Request 0
504
(2, 1, 2)
2
(32, 12)
-> Request 1
621
(1, 2, 2)
3
(33, 78)
-> Request 2
704
(1, 1, 1)
3
(33, 14)
-> Request 3
1375
(1, 1, 1)
2
(71, 35)
--> Day : 2
-> Request 0
222
(4, 1, 1)
2
(29, 48)
-> Request 1
527
(1, 2, 2)
3
(34, 6)
-> Request 2
1057
(3, 1, 1)
1
(21, 73)
-> Request 3
1254
(1, 1, 1)
1
(73, 17)
--> Day : 3
-> Request 0
66
(1, 3, 1)
3
(29, 57)
-> Request 1
780
(3, 3, 1)
3
(47, 32)
-> Request 2
1338
(1, 2, 2)
3
(61, 1)
--> Day : 4
-> Request 0
703
(3, 2, 1)
3
(39, 54)
-> Request 1
781
(1, 2, 1)
2
(13, 6)
-> Request 2
811
(3, 2, 2)
3
(26, 52)
---> Week : 4
--> Day : 0
-> Request 0
468
(4, 1, 1)
1
(2, 16)
-> Request 1
1278
(3, 1, 1)
2
(55, 74)
-> Request 2
1432
(3, 1, 1)
3
(2, 33)
--> Day : 1
-> Request 0
226
(4, 3, 2)
1
(23, 4)
-> Request 1
1327
(1, 3, 2)
2
(63, 50)
--> Day : 2
-> Request 0
94
(4, 2, 2)
2
(60, 65)
-> Request 1
407
(4, 3, 2)
1
(75, 51)
-> Request 2
536
(3, 3, 2)
1
(2, 46)
-> Request 3
704
(3, 1, 1)
2
(12, 55)
-> Request 4
875
(3, 1, 2)
2
(52, 76)
-> Request 5
1155
(4, 2, 2)
2
(59, 76)
-> Request 6
1332
(4, 2, 2)
1
(72, 54)
-> Request 7
1418
(3, 2, 1)
1
(46, 26)
--> Day : 3
-> Request 0
76
(1, 2, 2)
3
(75, 65)
-> Request 1
256
(2, 2, 2)
1
(70, 12)
-> Request 2
421
(3, 3, 2)
3
(10, 77)
-> Request 3
476
(1, 3, 1)
1
(23, 53)
-> Request 4
634
(1, 2, 2)
3
(14, 76)
-> Request 5
1261
(2, 1, 1)
1
(25, 50)
-> Request 6
1338
(4, 2, 1)
3
(34, 54)
--> Day : 4
-> Request 0
682
(1, 1, 1)
2
(61, 58)
-> Request 1
1001
(2, 3, 1)
1
(58, 60)
-> Request 2
1329
(4, 3, 1)
2
(6, 30)
---> Week : 5
--> Day : 0
-> Request 0
18
(3, 1, 2)
3
(36, 72)
-> Request 1
325
(4, 3, 2)
1
(70, 70)
-> Request 2
960
(2, 3, 1)
2
(32, 72)
-> Request 3
1283
(4, 1, 1)
3
(71, 9)
--> Day : 1
-> Request 0
730
(3, 2, 1)
2
(47, 58)
-> Request 1
880
(2, 1, 2)
1
(36, 49)
-> Request 2
1060
(4, 2, 2)
1
(68, 41)
-> Request 3
1125
(3, 1, 1)
1
(0, 0)
--> Day : 2
-> Request 0
974
(2, 3, 1)
2
(77, 59)
-> Request 1
1011
(4, 3, 2)
2
(54, 29)
-> Request 2
1021
(4, 3, 2)
2
(47, 72)
-> Request 3
1031
(2, 2, 1)
3
(74, 52)
-> Request 4
1148
(4, 1, 2)
2
(79, 4)
-> Request 5
1334
(3, 2, 2)
1
(42, 48)
-> Request 6
1336
(1, 2, 2)
3
(6, 55)
--> Day : 3
-> Request 0
50
(4, 3, 1)
2
(18, 55)
-> Request 1
525
(3, 1, 2)
1
(36, 4)
-> Request 2
589
(3, 3, 1)
1
(36, 42)
-> Request 3
939
(1, 3, 2)
3
(10, 32)
-> Request 4
1121
(2, 2, 2)
1
(30, 21)
-> Request 5
1357
(2, 3, 1)
3
(48, 11)
--> Day : 4
-> Request 0
376
(4, 1, 2)
3
(52, 25)
-> Request 1
412
(1, 1, 1)
2
(74, 21)
-> Request 2
970
(1, 3, 1)
1
(20, 26)
-> Request 3
997
(3, 3, 1)
1
(39, 70)
-> Request 4
1222
(4, 1, 2)
3
(3, 60)
---> Week : 6
--> Day : 0
-> Request 0
867
(2, 3, 1)
3
(36, 77)
-> Request 1
1152
(3, 3, 1)
1
(48, 25)
--> Day : 1
-> Request 0
153
(4, 2, 1)
2
(63, 25)
-> Request 1
160
(2, 3, 1)
2
(25, 30)
-> Request 2
226
(2, 2, 2)
1
(60, 54)
-> Request 3
1156
(2, 2, 1)
2
(53, 45)
--> Day : 2
-> Request 0
238
(3, 2, 2)
3
(14, 7)
-> Request 1
366
(3, 2, 2)
3
(67, 20)
-> Request 2
419
(4, 3, 2)
2
(55, 46)
-> Request 3
922
(1, 1, 1)
3
(21, 42)
-> Request 4
1200
(3, 1, 2)
1
(15, 26)
-> Request 5
1324
(3, 2, 2)
1
(7, 63)
-> Request 6
1430
(4, 2, 2)
1
(44, 31)
--> Day : 3
-> Request 0
320
(2, 1, 1)
2
(8, 6)
-> Request 1
1065
(1, 2, 1)
3
(17, 57)
-> Request 2
1107
(1, 1, 1)
2
(43, 24)
--> Day : 4
-> Request 0
143
(1, 2, 1)
3
(8, 17)
-> Request 1
834
(4, 3, 1)
3
(50, 24)
-> Request 2
853
(1, 3, 1)
2
(54, 22)
-> Request 3
1412
(3, 1, 1)
3
(76, 29)
---> Week : 7
--> Day : 0
-> Request 0
516
(3, 1, 1)
3
(63, 14)
-> Request 1
773
(4, 2, 2)
2
(27, 15)
-> Request 2
830
(4, 1, 1)
3
(40, 26)
--> Day : 1
-> Request 0
417
(3, 2, 2)
2
(17, 77)
-> Request 1
455
(2, 2, 2)
1
(79, 31)
-> Request 2
455
(4, 1, 1)
1
(24, 50)
-> Request 3
670
(1, 1, 2)
2
(71, 16)
-> Request 4
899
(4, 1, 1)
2
(14, 6)
-> Request 5
1090
(3, 2, 2)
2
(67, 25)
-> Request 6
1380
(1, 3, 1)
2
(28, 66)
--> Day : 2
-> Request 0
161
(4, 2, 2)
2
(59, 4)
-> Request 1
225
(4, 1, 1)
3
(50, 57)
-> Request 2
464
(3, 2, 2)
3
(32, 13)
-> Request 3
511
(4, 2, 1)
3
(62, 35)
-> Request 4
648
(3, 3, 1)
3
(62, 2)
-> Request 5
770
(4, 3, 2)
2
(75, 4)
--> Day : 3
-> Request 0
247
(1, 1, 1)
3
(68, 25)
-> Request 1
334
(3, 2, 2)
3
(10, 67)
-> Request 2
519
(3, 2, 2)
1
(63, 57)
-> Request 3
670
(1, 2, 2)
2
(49, 10)
-> Request 4
769
(1, 1, 2)
2
(58, 65)
-> Request 5
781
(1, 2, 2)
1
(6, 55)
-> Request 6
988
(4, 3, 1)
2
(42, 78)
--> Day : 4
-> Request 0
425
(4, 2, 2)
3
(64, 33)
-> Request 1
954
(2, 3, 1)
3
(61, 7)
-> Request 2
1325
(1, 1, 1)
3
(7, 58)
---> Week : 8
--> Day : 0
-> Request 0
187
(2, 1, 2)
3
(6, 41)
-> Request 1
1414
(4, 1, 1)
3
(39, 6)
--> Day : 1
-> Request 0
1337
(4, 1, 1)
3
(77, 16)
-> Request 1
1431
(2, 2, 1)
2
(28, 64)
--> Day : 2
-> Request 0
48
(1, 3, 2)
3
(72, 9)
-> Request 1
225
(3, 2, 1)
2
(8, 47)
-> Request 2
392
(1, 2, 1)
2
(27, 5)
-> Request 3
671
(1, 3, 1)
2
(48, 44)
-> Request 4
680
(3, 2, 2)
3
(7, 79)
-> Request 5
1038
(4, 3, 1)
1
(4, 28)
--> Day : 3
-> Request 0
95
(3, 3, 2)
2
(16, 29)
-> Request 1
522
(1, 2, 1)
1
(49, 66)
-> Request 2
699
(2, 2, 2)
1
(64, 14)
-> Request 3
1157
(1, 1, 1)
1
(34, 57)
--> Day : 4
-> Request 0
407
(4, 2, 1)
3
(30, 27)
-> Request 1
905
(2, 2, 2)
2
(40, 24)
-> Request 2
1230
(4, 2, 1)
3
(42, 65)
-> Request 3
1276
(4, 3, 1)
2
(40, 1)
-> Request 4
1401
(1, 1, 2)
3
(28, 42)
---> Week : 9
--> Day : 0
-> Request 0
153
(2, 1, 2)
1
(39, 1)
-> Request 1
259
(1, 2, 1)
1
(62, 26)
-> Request 2
756
(2, 1, 2)
2
(73, 69)
-> Request 3
781
(3, 3, 2)
2
(76, 79)
-> Request 4
871
(3, 2, 2)
1
(28, 43)
-> Request 5
1044
(4, 3, 2)
1
(52, 77)
-> Request 6
1074
(1, 2, 1)
2
(16, 35)
-> Request 7
1153
(4, 2, 1)
3
(67, 8)
-> Request 8
1320
(2, 3, 2)
3
(7, 9)
--> Day : 1
-> Request 0
1
(4, 3, 2)
1
(75, 60)
-> Request 1
305
(1, 1, 2)
1
(78, 28)
-> Request 2
307
(2, 3, 2)
2
(26, 57)
-> Request 3
907
(2, 3, 2)
3
(19, 49)
-> Request 4
1223
(2, 2, 2)
2
(29, 58)
--> Day : 2
-> Request 0
493
(4, 1, 1)
3
(36, 40)
-> Request 1
667
(2, 3, 2)
3
(50, 27)
-> Request 2
760
(4, 3, 1)
3
(45, 50)
-> Request 3
1026
(1, 1, 1)
3
(49, 14)
--> Day : 3
-> Request 0
87
(1, 3, 1)
2
(46, 76)
-> Request 1
219
(2, 1, 2)
1
(5, 46)
-> Request 2
536
(3, 2, 1)
3
(1, 73)
-> Request 3
1038
(1, 1, 2)
1
(25, 77)
--> Day : 4
-> Request 0
440
(2, 1, 1)
3
(17, 58)
-> Request 1
663
(1, 2, 1)
2
(69, 26)
-> Request 2
973
(3, 1, 1)
1
(61, 13)
-> Request 3
1071
(2, 3, 2)
3
(50, 17)
-> Request 4
1166
(2, 3, 2)
2
(57, 65)
---> Week : 10
--> Day : 0
-> Request 0
236
(2, 1, 2)
2
(35, 47)
-> Request 1
295
(4, 2, 1)
1
(59, 59)
-> Request 2
621
(1, 1, 1)
1
(59, 41)
--> Day : 1
-> Request 0
50
(2, 2, 1)
2
(46, 19)
-> Request 1
540
(2, 2, 1)
3
(26, 77)
-> Request 2
796
(4, 2, 1)
3
(50, 48)
-> Request 3
831
(4, 3, 2)
2
(32, 62)
-> Request 4
862
(3, 3, 2)
3
(35, 45)
-> Request 5
1059
(4, 2, 1)
3
(47, 58)
-> Request 6
1201
(3, 1, 2)
1
(32, 37)
--> Day : 2
-> Request 0
320
(1, 3, 1)
1
(78, 26)
--> Day : 3
-> Request 0
224
(2, 1, 2)
2
(34, 65)
-> Request 1
527
(4, 3, 2)
2
(55, 59)
-> Request 2
1079
(3, 1, 1)
2
(24, 72)
-> Request 3
1101
(1, 3, 2)
1
(28, 40)
--> Day : 4
-> Request 0
90
(3, 2, 2)
1
(31, 64)
-> Request 1
276
(3, 1, 1)
3
(75, 39)
-> Request 2
393
(2, 2, 2)
3
(75, 43)
-> Request 3
510
(4, 3, 1)
1
(79, 34)
-> Request 4
1135
(2, 2, 1)
1
(74, 38)
---> Week : 11
--> Day : 0
-> Request 0
513
(3, 3, 2)
3
(73, 34)
-> Request 1
578
(2, 2, 2)
2
(8, 4)
-> Request 2
772
(4, 3, 2)
3
(65, 36)
-> Request 3
1131
(2, 1, 2)
2
(61, 45)
--> Day : 1
-> Request 0
326
(1, 3, 1)
3
(13, 13)
-> Request 1
439
(3, 1, 1)
3
(52, 4)
-> Request 2
552
(1, 3, 1)
1
(14, 31)
-> Request 3
685
(3, 1, 1)
2
(26, 28)
-> Request 4
747
(3, 2, 1)
2
(20, 49)
-> Request 5
849
(1, 3, 2)
3
(58, 11)
-> Request 6
877
(1, 2, 1)
2
(18, 5)
-> Request 7
1094
(1, 3, 1)
2
(9, 66)
--> Day : 2
-> Request 0
262
(3, 1, 2)
3
(26, 18)
-> Request 1
791
(4, 3, 2)
2
(18, 45)
-> Request 2
843
(2, 1, 2)
2
(77, 4)
--> Day : 3
-> Request 0
195
(3, 1, 1)
1
(55, 33)
-> Request 1
602
(4, 2, 1)
3
(0, 34)
-> Request 2
725
(2, 1, 1)
3
(68, 3)
-> Request 3
1082
(2, 1, 2)
2
(76, 71)
-> Request 4
1102
(1, 1, 2)
1
(51, 8)
--> Day : 4
-> Request 0
117
(1, 1, 2)
3
(12, 78)
-> Request 1
318
(4, 1, 2)
2
(43, 53)
-> Request 2
1097
(2, 3, 2)
3
(41, 45)
-> Request 3
1161
(2, 3, 2)
3
(68, 75)
-> Request 4
1406
(1, 1, 1)
1
(53, 78)
---> Week : 12
--> Day : 0
-> Request 0
347
(4, 1, 1)
3
(44, 3)
-> Request 1
817
(2, 3, 2)
3
(14, 78)
-> Request 2
881
(1, 3, 2)
1
(36, 48)
-> Request 3
1033
(4, 2, 1)
1
(45, 65)
-> Request 4
1067
(1, 3, 1)
1
(11, 77)
--> Day : 1
-> Request 0
458
(4, 2, 1)
3
(14, 34)
-> Request 1
585
(2, 3, 1)
3
(53, 48)
-> Request 2
839
(3, 3, 1)
3
(37, 47)
-> Request 3
921
(1, 2, 2)
3
(53, 45)
--> Day : 2
-> Request 0
95
(2, 1, 1)
3
(66, 35)
-> Request 1
1174
(3, 2, 2)
1
(53, 4)
-> Request 2
1287
(2, 2, 1)
1
(49, 11)
--> Day : 3
-> Request 0
870
(1, 3, 1)
1
(24, 60)
--> Day : 4
-> Request 0
35
(3, 3, 1)
1
(3, 18)
-> Request 1
201
(4, 3, 2)
1
(32, 48)
-> Request 2
298
(1, 3, 2)
3
(7, 63)
-> Request 3
311
(3, 3, 2)
2
(31, 17)
-> Request 4
1188
(4, 3, 1)
3
(16, 78)
-> Request 5
1374
(2, 3, 1)
1
(11, 71)
---> Week : 13
--> Day : 0
-> Request 0
42
(1, 2, 1)
2
(1, 63)
-> Request 1
352
(3, 1, 1)
1
(20, 56)
-> Request 2
529
(2, 2, 2)
3
(60, 57)
-> Request 3
579
(2, 1, 1)
2
(9, 60)
-> Request 4
783
(1, 3, 2)
1
(57, 57)
-> Request 5
1325
(4, 2, 2)
3
(26, 59)
--> Day : 1
-> Request 0
70
(1, 3, 2)
3
(76, 12)
-> Request 1
146
(2, 1, 1)
2
(39, 74)
-> Request 2
855
(2, 2, 1)
2
(56, 63)
-> Request 3
1046
(2, 3, 2)
3
(42, 39)
--> Day : 2
-> Request 0
208
(1, 2, 2)
2
(58, 30)
--> Day : 3
-> Request 0
66
(3, 1, 2)
3
(78, 54)
-> Request 1
88
(2, 1, 1)
3
(56, 40)
-> Request 2
498
(3, 2, 2)
3
(27, 73)
-> Request 3
574
(1, 3, 1)
3
(56, 50)
--> Day : 4
-> Request 0
208
(1, 1, 2)
2
(57, 26)
-> Request 1
697
(1, 3, 1)
3
(30, 20)
-> Request 2
1338
(2, 2, 2)
2
(57, 49)
---> Week : 14
--> Day : 0
-> Request 0
386
(2, 1, 1)
2
(36, 13)
-> Request 1
685
(4, 3, 2)
2
(61, 0)
-> Request 2
869
(2, 1, 2)
3
(68, 1)
-> Request 3
943
(4, 1, 1)
1
(4, 32)
--> Day : 1
-> Request 0
1186
(4, 1, 2)
1
(67, 28)
--> Day : 2
-> Request 0
221
(4, 2, 2)
1
(77, 0)
-> Request 1
406
(2, 3, 1)
1
(0, 34)
-> Request 2
452
(2, 1, 1)
1
(7, 39)
-> Request 3
1266
(4, 3, 1)
1
(58, 46)
-> Request 4
1423
(3, 3, 1)
1
(23, 61)
--> Day : 3
-> Request 0
334
(1, 3, 1)
3
(79, 53)
-> Request 1
509
(4, 3, 2)
2
(23, 11)
-> Request 2
623
(2, 1, 1)
1
(31, 61)
--> Day : 4
-> Request 0
151
(2, 1, 2)
3
(68, 53)
-> Request 1
352
(3, 2, 1)
2
(21, 76)
-> Request 2
389
(4, 3, 2)
3
(16, 79)
-> Request 3
633
(4, 2, 2)
3
(19, 1)
-> Request 4
1290
(1, 2, 2)
2
(26, 68)
-> Request 5
1375
(1, 1, 1)
2
(52, 38)
---> Week : 15
--> Day : 0
-> Request 0
108
(3, 2, 2)
1
(75, 52)
-> Request 1
541
(3, 3, 2)
1
(22, 74)
-> Request 2
769
(2, 1, 1)
2
(19, 12)
--> Day : 1
--> Day : 2
-> Request 0
108
(1, 2, 2)
2
(63, 57)
-> Request 1
255
(1, 2, 2)
1
(18, 75)
-> Request 2
644
(4, 2, 2)
1
(27, 43)
-> Request 3
780
(2, 3, 1)
2
(7, 72)
-> Request 4
852
(4, 2, 2)
1
(63, 62)
--> Day : 3
-> Request 0
211
(4, 1, 2)
3
(4, 39)
-> Request 1
667
(2, 2, 2)
3
(35, 69)
--> Day : 4
-> Request 0
13
(2, 1, 1)
2
(76, 34)
-> Request 1
360
(3, 2, 2)
2
(40, 39)
-> Request 2
520
(2, 2, 1)
3
(22, 67)
-> Request 3
1367
(3, 1, 2)
1
(37, 59)
-> Request 4
1434
(4, 2, 2)
1
(4, 60)
---> Week : 16
--> Day : 0
-> Request 0
413
(1, 1, 2)
1
(32, 13)
-> Request 1
591
(2, 2, 1)
2
(23, 44)
-> Request 2
1265
(1, 3, 1)
3
(73, 43)
--> Day : 1
-> Request 0
258
(4, 1, 1)
2
(26, 4)
-> Request 1
715
(4, 3, 1)
3
(28, 23)
-> Request 2
792
(2, 2, 2)
3
(0, 78)
-> Request 3
1275
(2, 2, 2)
3
(53, 78)
--> Day : 2
-> Request 0
305
(4, 2, 1)
3
(14, 66)
-> Request 1
821
(1, 3, 1)
1
(4, 1)
--> Day : 3
-> Request 0
473
(2, 2, 1)
3
(77, 75)
-> Request 1
530
(4, 3, 2)
1
(78, 48)
-> Request 2
758
(4, 2, 2)
1
(44, 8)
-> Request 3
796
(1, 2, 1)
3
(3, 9)
-> Request 4
1030
(1, 3, 2)
2
(19, 40)
-> Request 5
1041
(3, 1, 1)
2
(33, 68)
--> Day : 4
-> Request 0
117
(1, 1, 1)
1
(73, 37)
-> Request 1
1299
(2, 2, 1)
1
(36, 73)
-> Request 2
1438
(4, 3, 2)
3
(43, 29)
---> Week : 17
--> Day : 0
-> Request 0
370
(1, 2, 1)
2
(9, 71)
-> Request 1
790
(2, 2, 2)
2
(8, 20)
-> Request 2
897
(3, 3, 1)
3
(38, 13)
--> Day : 1
-> Request 0
766
(1, 3, 1)
3
(62, 65)
-> Request 1
769
(3, 2, 1)
1
(74, 26)
-> Request 2
789
(1, 1, 2)
2
(5, 42)
-> Request 3
1092
(3, 1, 2)
2
(70, 75)
-> Request 4
1107
(3, 3, 1)
3
(58, 59)
-> Request 5
1191
(3, 3, 2)
1
(67, 18)
--> Day : 2
-> Request 0
363
(3, 3, 1)
3
(18, 8)
-> Request 1
466
(2, 3, 2)
1
(31, 39)
-> Request 2
815
(2, 1, 2)
3
(36, 30)
-> Request 3
1008
(3, 3, 1)
3
(54, 62)
-> Request 4
1361
(2, 3, 1)
1
(3, 22)
--> Day : 3
-> Request 0
161
(1, 1, 2)
3
(10, 58)
-> Request 1
435
(1, 1, 2)
1
(49, 0)
-> Request 2
608
(4, 2, 2)
3
(41, 48)
-> Request 3
1077
(3, 3, 2)
1
(1, 28)
--> Day : 4
-> Request 0
91
(1, 1, 1)
1
(71, 29)
-> Request 1
106
(4, 2, 2)
2
(39, 7)
-> Request 2
151
(3, 3, 1)
3
(41, 8)
-> Request 3
179
(3, 1, 1)
1
(77, 44)
-> Request 4
394
(3, 2, 1)
1
(35, 58)
-> Request 5
562
(1, 2, 2)
3
(61, 58)
-> Request 6
903
(4, 3, 2)
2
(46, 33)
-> Request 7
1096
(4, 2, 2)
2
(10, 25)
---> Week : 18
--> Day : 0
-> Request 0
114
(4, 2, 2)
1
(25, 5)
-> Request 1
640
(3, 2, 2)
1
(0, 41)
-> Request 2
689
(2, 1, 1)
3
(6, 44)
-> Request 3
841
(4, 1, 1)
3
(54, 75)
-> Request 4
950
(1, 3, 2)
3
(50, 53)
--> Day : 1
-> Request 0
1401
(2, 1, 2)
2
(37, 36)
--> Day : 2
-> Request 0
452
(4, 3, 2)
1
(0, 10)
-> Request 1
844
(1, 3, 2)
1
(17, 30)
--> Day : 3
-> Request 0
52
(2, 1, 2)
1
(45, 0)
-> Request 1
225
(2, 2, 2)
2
(8, 64)
-> Request 2
345
(1, 3, 1)
3
(45, 14)
-> Request 3
744
(3, 2, 2)
1
(79, 3)
-> Request 4
1190
(4, 1, 1)
3
(73, 79)
--> Day : 4
-> Request 0
409
(2, 2, 2)
2
(59, 44)
-> Request 1
720
(1, 1, 1)
1
(49, 14)
-> Request 2
1170
(4, 1, 2)
3
(71, 0)
---> Week : 19
--> Day : 0
-> Request 0
90
(3, 2, 2)
2
(72, 7)
-> Request 1
100
(4, 2, 1)
3
(26, 73)
-> Request 2
125
(3, 2, 2)
1
(10, 59)
-> Request 3
154
(3, 3, 2)
1
(2, 34)
-> Request 4
580
(3, 2, 1)
2
(3, 23)
-> Request 5
1188
(2, 1, 1)
2
(34, 79)
--> Day : 1
-> Request 0
566
(3, 3, 2)
1
(76, 12)
-> Request 1
988
(3, 1, 1)
1
(6, 4)
-> Request 2
1220
(2, 1, 2)
3
(52, 52)
--> Day : 2
-> Request 0
89
(4, 1, 1)
2
(32, 25)
-> Request 1
120
(3, 1, 1)
2
(29, 33)
-> Request 2
634
(2, 3, 1)
2
(30, 71)
-> Request 3
1042
(1, 1, 1)
2
(5, 63)
-> Request 4
1265
(2, 3, 2)
3
(30, 77)
--> Day : 3
-> Request 0
215
(4, 3, 2)
1
(38, 62)
--> Day : 4
-> Request 0
549
(4, 3, 2)
1
(45, 28)
-> Request 1
556
(3, 2, 1)
1
(44, 60)
-> Request 2
1122
(4, 3, 2)
2
(51, 29)
